/*--------------------------------*- C++ -*----------------------------------*\
| =========                 |                                                 |
| \\      /  F ield         | OpenFOAM: The Open Source CFD Toolbox           |
|  \\    /   O peration     | Version:  5.x                                   |
|   \\  /    A nd           | Web:      www.OpenFOAM.org                      |
|    \\/     M anipulation  |                                                 |
\*---------------------------------------------------------------------------*/
FoamFile
{
    version     2.0;
    format      ascii;
    class       surfaceScalarField;
    location    "8";
    object      phi;
}
// * * * * * * * * * * * * * * * * * * * * * * * * * * * * * * * * * * * * * //

dimensions      [0 3 -1 0 0 0 0];

internalField   nonuniform List<scalar> 
3592
(
-7.9526542e-10
7.9526541e-10
-1.8571508e-09
1.0618909e-09
-1.632816e-09
-2.2432928e-10
1.0343775e-12
-1.6338454e-09
1.6338516e-09
-1.6328124e-09
1.8581921e-09
-2.2433542e-10
7.9526973e-10
1.0629276e-09
7.9527506e-10
-1.3330671e-09
2.1283386e-09
-3.7710331e-09
3.4998686e-09
-3.4732279e-09
-5.2212312e-10
1.6954039e-12
-5.1087578e-09
3.4775456e-09
-5.1086515e-09
3.7725902e-09
-5.1936859e-10
1.3339352e-09
3.5015941e-09
2.1292166e-09
-2.1456534e-09
4.2739991e-09
-5.3179543e-09
6.6721811e-09
-4.7646703e-09
-1.075396e-09
3.26022e-12
-9.8766774e-09
4.7690667e-09
-9.8744469e-09
5.3214726e-09
-1.0717631e-09
2.1464684e-09
6.6766096e-09
4.2756905e-09
-2.7772978e-09
7.0513034e-09
-6.3780468e-09
1.0272941e-08
-5.6131097e-09
-1.8403221e-09
2.970877e-12
-1.5492747e-08
5.6192831e-09
-1.5490748e-08
6.381191e-09
-1.8336599e-09
2.7785658e-09
1.0279246e-08
7.0542618e-09
-3.0948647e-09
1.0146174e-08
-6.9786807e-09
1.4156768e-08
-6.0539881e-09
-2.7650045e-09
3.3630507e-12
-2.1550089e-08
6.0590402e-09
-2.1546416e-08
6.9823774e-09
-2.7569867e-09
3.0960015e-09
1.4165632e-08
1.0150269e-08
-3.2212214e-09
1.3367402e-08
-7.1103038e-09
1.8045861e-08
-6.1589048e-09
-3.7163928e-09
2.4477028e-12
-2.7711431e-08
6.1636807e-09
-2.7707638e-08
7.1130446e-09
-3.7063397e-09
3.2222349e-09
1.8056452e-08
1.3372509e-08
-3.1046202e-09
1.6472028e-08
-6.9044461e-09
2.1845698e-08
-5.9502932e-09
-4.6705356e-09
1.8230326e-12
-3.3663537e-08
5.9532835e-09
-3.3659089e-08
6.9064675e-09
-4.6595135e-09
3.1053686e-09
2.1857561e-08
1.6477883e-08
-2.8963366e-09
1.9368371e-08
-6.3872206e-09
2.5336593e-08
-5.5262841e-09
-5.5314612e-09
8.0354229e-13
-3.9190615e-08
5.5276148e-09
-3.9185889e-08
6.3881991e-09
-5.5200868e-09
2.8966207e-09
2.534915e-08
1.9374509e-08
-2.5494727e-09
2.1917849e-08
-5.7084665e-09
2.8495597e-08
-4.9330434e-09
-6.3068745e-09
-3.1776803e-13
-4.4123331e-08
4.9328428e-09
-4.411904e-08
5.7081158e-09
-6.2953498e-09
2.5495058e-09
2.850777e-08
2.192402e-08
-2.192492e-09
2.4110348e-08
-4.9002422e-09
3.1203359e-08
-4.264839e-09
-6.9422667e-09
-1.0201478e-12
-4.8387139e-08
4.2625634e-09
-4.8382613e-08
4.8992402e-09
-6.9320155e-09
2.1920287e-09
3.1214993e-08
2.4116054e-08
-1.7902161e-09
2.590057e-08
-4.0787299e-09
3.3491883e-08
-3.5564365e-09
-7.4645504e-09
-2.1300571e-12
-5.1941436e-08
3.5533916e-09
-5.1938125e-08
4.0764049e-09
-7.455019e-09
1.7896215e-09
3.3501786e-08
2.5905681e-08
-1.4275437e-09
2.732812e-08
-3.2665787e-09
3.5330929e-08
-2.8744297e-09
-7.8566882e-09
-2.3792022e-12
-5.4813476e-08
2.8696141e-09
-5.4810108e-08
3.2641232e-09
-7.849517e-09
1.4265846e-09
3.5339335e-08
2.7332271e-08
-1.0808802e-09
2.8409006e-08
-2.5321333e-09
3.6782192e-08
-2.2401886e-09
-8.1486234e-09
-3.2217815e-12
-5.7050433e-08
2.2353248e-09
-5.7048645e-08
2.5286654e-09
-8.1428479e-09
1.0799142e-09
3.6788096e-08
2.841219e-08
-7.9208898e-10
2.9201101e-08
-1.8838663e-09
3.7873981e-08
-1.6870958e-09
-8.3453827e-09
-3.1594544e-12
-5.8734359e-08
1.6809705e-09
-5.8732765e-08
1.8806051e-09
-8.3424714e-09
7.9090214e-10
3.7877809e-08
2.9203098e-08
-5.4812783e-10
2.9749235e-08
-1.3464225e-09
3.8672286e-08
-1.2199752e-09
-8.4718207e-09
-3.737512e-12
-5.9950588e-08
1.2141357e-09
-5.9950629e-08
1.3424573e-09
-8.4707836e-09
5.4699097e-10
3.8673285e-08
2.9750093e-08
-3.5820021e-10
3.0107441e-08
-9.1524592e-10
3.9229343e-08
-8.4505556e-10
-8.5419998e-09
-3.5902015e-12
-6.0792042e-08
8.3834489e-10
-6.0792553e-08
9.1154906e-10
-8.5439766e-09
3.569218e-10
3.9227923e-08
3.0107021e-08
-2.1607433e-10
3.0323521e-08
-5.8565282e-10
3.9598931e-08
-5.5529579e-10
-8.5723477e-09
-3.9838114e-12
-6.1343345e-08
5.4886067e-10
-6.1345389e-08
5.8145476e-10
-8.5765616e-09
2.1483996e-10
3.9594547e-08
3.0321865e-08
-1.1280685e-10
3.0436335e-08
-3.4612898e-10
3.9832265e-08
-3.4133759e-10
-8.5771278e-09
-3.874673e-12
-6.1680798e-08
3.3430804e-10
-6.1683561e-08
3.4211959e-10
-8.5843619e-09
1.1146234e-10
3.9825215e-08
3.0433333e-08
-4.6793987e-11
3.0483134e-08
-1.7896969e-10
3.996445e-08
-1.9146477e-10
-8.5646238e-09
-4.1248247e-12
-6.1868129e-08
1.8461974e-10
-6.1872297e-08
1.7462628e-10
-8.5743595e-09
4.5479667e-11
3.995437e-08
3.0478817e-08
-2.6147834e-12
3.0485755e-08
-7.2331489e-11
4.0034178e-08
-9.1425306e-11
-8.5455187e-09
-4.0270004e-12
-6.1955517e-08
8.4274661e-11
-6.1960588e-08
6.8131882e-11
-8.5582056e-09
1.2227561e-12
4.002129e-08
3.0480046e-08
1.7818722e-11
3.0467942e-08
-7.0890796e-12
4.0059096e-08
-3.0550452e-11
-8.5220487e-09
-4.0790945e-12
-6.198198e-08
2.3641771e-11
-6.19883e-08
2.7721103e-12
-8.5373272e-09
-1.9157004e-11
4.0043228e-08
3.0460893e-08
2.9825118e-11
3.0438123e-08
2.4823976e-11
4.0064108e-08
3.8325547e-12
-8.5010459e-09
-3.8867709e-12
-6.1974249e-08
-1.0644412e-11
-6.1981532e-08
-2.8907746e-11
-8.5190527e-09
-3.1177535e-11
4.0045508e-08
3.0429721e-08
2.8748993e-11
3.0409379e-08
3.8582116e-11
4.0054284e-08
1.8658486e-11
-8.4811138e-09
-3.695532e-12
-6.1951887e-08
-2.4989042e-11
-6.196023e-08
-4.2502517e-11
-8.5015307e-09
-2.9980671e-11
4.0032995e-08
3.0399745e-08
2.7498701e-11
3.0381887e-08
3.74359e-11
4.0044358e-08
2.2810092e-11
-8.4664767e-09
-3.32425e-12
-6.1925742e-08
-2.8590077e-11
-6.1934953e-08
-4.0940047e-11
-8.4891695e-09
-2.8660769e-11
4.0020726e-08
3.037109e-08
1.9474166e-11
3.0362418e-08
3.1792131e-11
4.0032049e-08
1.9351759e-11
-8.454028e-09
-2.8799642e-12
-6.1903502e-08
-2.4327213e-11
-6.1913498e-08
-3.485149e-11
-8.4786369e-09
-2.0433175e-11
4.0006316e-08
3.0350661e-08
1.5244154e-11
3.034718e-08
2.1003006e-11
4.0026302e-08
1.3710287e-11
-8.446724e-09
-2.3427378e-12
-6.1887439e-08
-1.7748039e-11
-6.1898082e-08
-2.3458659e-11
-8.4729151e-09
-1.6059122e-11
3.9998928e-08
3.0334607e-08
7.0517097e-12
3.0340133e-08
1.1968726e-11
4.0021394e-08
6.1633e-12
-8.4409105e-09
-1.7232696e-12
-6.1879544e-08
-9.1596931e-12
-6.1890638e-08
-1.3785337e-11
-8.4682814e-09
-7.602296e-12
3.9992753e-08
3.0327009e-08
3.9761332e-12
3.0336164e-08
1.6595e-12
4.0023722e-08
-7.1678414e-14
-8.4391679e-09
-1.0968896e-12
-6.1878508e-08
-1.7792073e-12
-6.1889944e-08
-2.7740466e-12
-8.4672753e-09
-4.3457548e-12
3.9994335e-08
3.0322669e-08
-2.2811039e-12
3.033845e-08
-4.9475783e-12
4.0026397e-08
-6.2724403e-12
-8.4378352e-09
-4.1956363e-13
-6.1884354e-08
5.522291e-12
-6.1895879e-08
4.5330149e-12
-8.4662781e-09
2.1949489e-12
3.9996681e-08
3.0324868e-08
-3.3425084e-12
3.0341799e-08
-1.200776e-11
4.0035074e-08
-1.0299824e-11
-8.4395318e-09
1.8529271e-13
-6.1894828e-08
1.0687999e-11
-6.1906371e-08
1.2270844e-11
-8.4678497e-09
3.4281693e-12
4.0005534e-08
3.0328302e-08
-7.6751694e-12
3.0349479e-08
-1.5327215e-11
4.0042734e-08
-1.4098879e-11
-8.4407525e-09
8.0309869e-13
-6.1909722e-08
1.5458563e-11
-6.1921019e-08
1.6221327e-11
-8.4686048e-09
8.0203726e-12
4.0013743e-08
3.0336326e-08
-7.1275946e-12
3.0356613e-08
-1.9432672e-11
4.0055051e-08
-1.5901642e-11
-8.4442721e-09
1.2900926e-12
-6.1926903e-08
1.8212999e-11
-6.1937931e-08
2.0874573e-11
-8.4712551e-09
7.5980042e-12
4.002703e-08
3.0343929e-08
-1.0161441e-11
3.0366779e-08
-2.0313819e-11
4.0065211e-08
-1.7838446e-11
-8.44674e-09
1.7657715e-12
-6.19465e-08
2.085694e-11
-6.1957015e-08
2.2227874e-11
-8.4726185e-09
1.0837834e-11
4.0038428e-08
3.0354771e-08
-8.6420681e-12
3.0375427e-08
-2.2524893e-11
4.0079106e-08
-1.8182313e-11
-8.4510712e-09
2.0793505e-12
-6.1966751e-08
2.186276e-11
-6.1976787e-08
2.4797243e-11
-8.4755418e-09
9.3770336e-12
4.0053859e-08
3.0364154e-08
-1.0969962e-11
3.0386402e-08
-2.2010756e-11
4.0090154e-08
-1.9051327e-11
-8.4540234e-09
2.3773349e-12
-6.1988173e-08
2.3118228e-11
-6.1997521e-08
2.4559418e-11
-8.4769757e-09
1.1845923e-11
4.006658e-08
3.0376003e-08
-8.9717935e-12
3.039538e-08
-2.3244597e-11
4.0104439e-08
-1.8653931e-11
-8.4586026e-09
2.5062924e-12
-6.2009322e-08
2.3070368e-11
-6.2018074e-08
2.5951897e-11
-8.479846e-09
9.8373748e-12
4.0082705e-08
3.0385846e-08
-1.0982226e-11
3.0406367e-08
-2.2083743e-11
4.0115548e-08
-1.9045348e-11
-8.461634e-09
2.6322118e-12
-6.2030993e-08
2.3541489e-11
-6.2038977e-08
2.4880204e-11
-8.4811776e-09
1.1927897e-11
4.0095665e-08
3.0397778e-08
-8.7976671e-12
3.0415171e-08
-2.2912892e-11
4.0129675e-08
-1.8364283e-11
-8.4661712e-09
2.5991183e-12
-6.2051945e-08
2.2935092e-11
-6.2059302e-08
2.5695047e-11
-8.4839263e-09
9.6743452e-12
4.0111696e-08
3.0407458e-08
-1.069621e-11
3.0425871e-08
-2.1525727e-11
4.0140512e-08
-1.8608865e-11
-8.4690813e-09
2.5853878e-12
-6.2073133e-08
2.3012035e-11
-6.2079722e-08
2.4247416e-11
-8.4851548e-09
1.1605605e-11
4.0124345e-08
3.0419067e-08
-8.4683606e-12
3.0434346e-08
-2.2239414e-11
4.0154294e-08
-1.7872469e-11
-8.4734368e-09
2.4312305e-12
-6.2093426e-08
2.2145607e-11
-6.2099425e-08
2.4819906e-11
-8.4878179e-09
9.2667116e-12
4.0139908e-08
3.0428339e-08
-1.0344025e-11
3.0444694e-08
-2.0818228e-11
4.0164776e-08
-1.8114338e-11
-8.4761341e-09
2.3217404e-12
-6.2113856e-08
2.2050874e-11
-6.2119148e-08
2.3237707e-11
-8.488998e-09
1.1144645e-11
4.0152008e-08
3.0439487e-08
-8.1293152e-12
3.045283e-08
-2.1532488e-11
4.017819e-08
-1.7407202e-11
-8.480248e-09
2.0921631e-12
-6.2133344e-08
2.1087459e-11
-6.2138132e-08
2.3734027e-11
-8.4916334e-09
8.7942843e-12
4.0166959e-08
3.0448287e-08
-1.0010325e-11
3.0462844e-08
-2.0143165e-11
4.018833e-08
-1.7686432e-11
-8.4826983e-09
1.9304629e-12
-6.2152955e-08
2.093809e-11
-6.2157134e-08
2.2130848e-11
-8.4928196e-09
1.0663062e-11
4.0178433e-08
3.0458953e-08
-7.8232476e-12
3.0470674e-08
-2.0887025e-11
4.0201405e-08
-1.7021027e-11
-8.4865529e-09
1.6664922e-12
-6.2171631e-08
1.9960609e-11
-6.2175417e-08
2.2624258e-11
-8.4954721e-09
8.3307076e-12
4.0192737e-08
3.046729e-08
-9.7115537e-12
3.0480389e-08
-1.9537556e-11
4.0211238e-08
-1.7331451e-11
-8.4887528e-09
1.4888552e-12
-6.2190446e-08
1.9814124e-11
-6.2193736e-08
2.1047089e-11
-8.4966988e-09
1.0204903e-11
4.0203586e-08
3.0477498e-08
-7.5500772e-12
3.0487946e-08
-2.0304707e-11
4.0224004e-08
-1.6692521e-11
-8.4923536e-09
1.2222716e-12
-6.220835e-08
1.8861697e-11
-6.2211365e-08
2.1564863e-11
-8.4993907e-09
7.8995962e-12
4.0217262e-08
3.0485403e-08
-9.4391255e-12
3.0497389e-08
-1.8982793e-11
4.0233555e-08
-1.7014008e-11
-8.4943164e-09
1.0549477e-12
-6.2226413e-08
1.8743822e-11
-6.2229048e-08
2.0029044e-11
-8.5006699e-09
9.7812448e-12
4.0227516e-08
3.0495187e-08
-7.2969094e-12
3.0504692e-08
-1.9757551e-11
4.0246027e-08
-1.6381179e-11
-8.4976814e-09
8.0719044e-13
-6.224359e-08
1.7832504e-11
-6.2246062e-08
2.0577574e-11
-8.5034038e-09
7.5036832e-12
4.02406e-08
3.0502696e-08
-9.17936e-12
3.0513875e-08
-1.8448e-11
4.0255302e-08
-1.6694472e-11
-8.4994292e-09
6.6650439e-13
-6.2260946e-08
1.7752374e-11
-6.2263143e-08
1.9084611e-11
-8.5047302e-09
9.390305e-12
4.0250301e-08
3.051209e-08
-7.0506294e-12
3.0520932e-08
-1.9216147e-11
4.0267479e-08
-1.60515e-11
-8.5025825e-09
4.4971562e-13
-6.2277436e-08
1.6886269e-11
-6.2279568e-08
1.9661653e-11
-8.5074944e-09
7.1383288e-12
4.0262834e-08
3.0519234e-08
-8.9209768e-12
3.0529857e-08
-1.7907302e-11
4.0276471e-08
-1.6343316e-11
-8.504141e-09
3.4369244e-13
-6.2294118e-08
1.684449e-11
-6.2296064e-08
1.8207638e-11
-8.5088519e-09
9.0263362e-12
4.0272022e-08
3.0528263e-08
-6.8018893e-12
3.0536665e-08
-1.8659335e-11
4.028834e-08
-1.5680439e-11
-8.5071085e-09
1.6273597e-13
-6.230995e-08
1.6021639e-11
-6.2311912e-08
1.8807928e-11
-8.5116271e-09
6.7971772e-12
4.0284043e-08
3.0535065e-08
-8.6568597e-12
3.0545325e-08
-1.7344372e-11
4.0297034e-08
-1.5943938e-11
-8.5085036e-09
9.3268714e-14
-6.2325982e-08
1.6014608e-11
-6.2327828e-08
1.7387318e-11
-8.5129944e-09
8.6831693e-12
4.0292753e-08
3.0543751e-08
-6.5454543e-12
3.0551877e-08
-1.8075503e-11
4.0308575e-08
-1.525724e-11
-8.5113106e-09
-5.2064855e-14
-6.2341177e-08
1.5230205e-11
-6.23431e-08
1.8005046e-11
-8.5157582e-09
6.4742749e-12
4.0304294e-08
3.0550231e-08
-8.3836176e-12
3.0560264e-08
-1.6751735e-11
4.0316949e-08
-1.5490732e-11
-8.5125665e-09
-8.7107746e-14
-6.2356575e-08
1.5252525e-11
-6.2358434e-08
1.6612304e-11
-8.5171127e-09
8.3554553e-12
4.0312556e-08
3.0558589e-08
-6.2793344e-12
3.056655e-08
-1.746081e-11
4.0328142e-08
-1.4780573e-11
-8.5152355e-09
-2.0014314e-13
-6.2371145e-08
1.4500739e-11
-6.2373124e-08
1.7242171e-11
-8.5198431e-09
6.1647346e-12
4.0323644e-08
3.0564759e-08
-8.1005586e-12
3.0574653e-08
-1.612848e-11
4.0336175e-08
-1.4985862e-11
-8.5163732e-09
-2.0516875e-13
-6.2385921e-08
1.4546611e-11
-6.2387871e-08
1.5872453e-11
-8.5211639e-09
8.0389925e-12
4.0331483e-08
3.0572801e-08
-6.0037315e-12
3.0580664e-08
-1.6816765e-11
4.0346999e-08
-1.4255283e-11
-8.5189234e-09
-2.9081613e-13
-6.2399875e-08
1.3821645e-11
-6.2401973e-08
1.651009e-11
-8.5238414e-09
5.8648468e-12
4.0342138e-08
3.0578671e-08
-7.8087056e-12
3.0588475e-08
-1.5477926e-11
4.0354674e-08
-1.4436206e-11
-8.5199605e-09
-2.7120857e-13
-6.2414035e-08
1.3885656e-11
-6.2416125e-08
1.515949e-11
-8.5251104e-09
7.7307176e-12
4.0349572e-08
3.0586404e-08
-5.7201603e-12
3.0594202e-08
-1.6148098e-11
4.0365113e-08
-1.3689653e-11
-8.5224077e-09
-3.3488317e-13
-6.2427379e-08
1.3182327e-11
-6.2429632e-08
1.5801575e-11
-8.5277187e-09
5.5719921e-12
4.0359812e-08
3.0591982e-08
-7.5100414e-12
3.0601715e-08
-1.4805748e-11
4.0372414e-08
-1.3850997e-11
-8.523358e-09
-2.9613077e-13
-6.244093e-08
1.325987e-11
-6.2443184e-08
1.4467164e-11
-8.5289214e-09
7.4285775e-12
4.0366855e-08
3.0599413e-08
-5.4308138e-12
3.0607152e-08
-1.5461172e-11
4.0382455e-08
-1.3093421e-11
-8.5257147e-09
-3.4306542e-13
-6.2453669e-08
1.2573887e-11
-6.245609e-08
1.5111393e-11
-8.531448e-09
5.28449e-12
4.0376692e-08
3.0604703e-08
-7.2069861e-12
3.0614361e-08
-1.4118661e-11
4.0389372e-08
-1.3240189e-11
-8.5265889e-09
-2.9023805e-13
-6.2466615e-08
1.2661317e-11
-6.2469037e-08
1.3791142e-11
-8.5325735e-09
7.1313642e-12
4.0383357e-08
3.0611836e-08
-5.1381427e-12
3.0619506e-08
-1.4762901e-11
4.0399008e-08
-1.2476472e-11
-8.5288642e-09
-3.2510056e-13
-6.2478756e-08
1.1989352e-11
-6.2481341e-08
1.4436108e-11
-8.5350094e-09
5.0014262e-12
4.0392801e-08
3.0616843e-08
-6.9020651e-12
3.0626411e-08
-1.3423554e-11
4.0405534e-08
-1.2613438e-11
-8.5296703e-09
-2.6258504e-13
-6.2491103e-08
1.2083989e-11
-6.2493684e-08
1.3128758e-11
-8.53605e-09
6.8385419e-12
4.0399096e-08
3.0623684e-08
-4.8445938e-12
3.0631262e-08
-1.4060079e-11
4.0414761e-08
-1.184806e-11
-8.5318713e-09
-2.8930953e-13
-6.2502651e-08
1.1423626e-11
-6.2505386e-08
1.3773797e-11
-8.5383894e-09
4.7224813e-12
4.0408157e-08
3.0628411e-08
-6.5977061e-12
3.0637862e-08
-1.2726975e-11
4.0420895e-08
-1.1979532e-11
-8.5326149e-09
-2.2071994e-13
-6.2514406e-08
1.1523657e-11
-6.2517127e-08
1.2478703e-11
-8.5393405e-09
6.5500807e-12
4.0414091e-08
3.0634964e-08
-4.5524597e-12
3.0642421e-08
-1.3358988e-11
4.0429712e-08
-1.1216411e-11
-8.5347465e-09
-2.4247771e-13
-6.252537e-08
1.0873269e-11
-6.2528232e-08
1.3123735e-11
-8.5415802e-09
4.447772e-12
4.0422776e-08
3.0639417e-08
-6.2961294e-12
3.0648719e-08
-1.2034845e-11
4.0435455e-08
-1.1346121e-11
-8.5354317e-09
-1.7067282e-13
-6.2536542e-08
1.0977607e-11
-6.2539377e-08
1.1840709e-11
-8.5424396e-09
6.2663068e-12
4.0428355e-08
3.0645685e-08
-4.2637972e-12
3.0652989e-08
-1.2665199e-11
4.0443867e-08
-1.0588561e-11
-8.5374974e-09
-1.8992283e-13
-6.254693e-08
1.0336203e-11
-6.2549893e-08
1.2486073e-11
-8.5445788e-09
4.1777104e-12
4.0436673e-08
3.0649868e-08
-5.9992909e-12
3.065899e-08
-1.1352328e-11
4.0449224e-08
-1.0719648e-11
-8.5381267e-09
-1.1708224e-13
-6.2557529e-08
1.044433e-11
-6.2560451e-08
1.121524e-11
-8.5453462e-09
5.9877731e-12
4.0441905e-08
3.0655857e-08
-3.9803921e-12
3.0662977e-08
-1.1983495e-11
4.0457238e-08
-9.9703431e-12
-8.540129e-09
-1.356612e-13
-6.2567354e-08
9.8114037e-12
-6.2570387e-08
1.1861557e-11
-8.5473858e-09
3.9128867e-12
4.0449863e-08
3.0659775e-08
-5.7088628e-12
3.0668688e-08
-1.0683789e-11
4.0462217e-08
-1.0105374e-11
-8.5407043e-09
-6.3384051e-14
-6.2577392e-08
9.9232181e-12
-6.2580371e-08
1.0603234e-11
-8.5480625e-09
5.7151537e-12
4.0454755e-08
3.0665492e-08
-3.7037495e-12
3.0672398e-08
-1.1317861e-11
4.0469842e-08
-9.3664567e-12
-8.5426449e-09
-8.2608999e-14
-6.2586666e-08
9.2986095e-12
-6.2589742e-08
1.1251287e-11
-8.5500046e-09
3.6539743e-12
4.0462362e-08
3.0669151e-08
-5.426232e-12
3.0677826e-08
-1.0032816e-11
4.0474452e-08
-9.5074793e-12
-8.5431673e-09
-1.2017997e-14
-6.2596159e-08
9.414297e-12
-6.2599165e-08
1.0005881e-11
-8.5505931e-09
5.4491616e-12
4.0466922e-08
3.0674602e-08
-3.4350999e-12
3.0681267e-08
-1.0671521e-11
4.0481699e-08
-8.7805746e-12
-8.5450475e-09
-3.2786036e-14
-6.2604896e-08
8.7980716e-12
-6.2607986e-08
1.0656527e-11
-8.5524411e-09
3.4016583e-12
4.0474186e-08
3.0678009e-08
-5.152513e-12
3.0686421e-08
-9.4022627e-12
4.0485952e-08
-8.9291736e-12
-8.5455179e-09
3.5375827e-14
-6.2613858e-08
8.9179958e-12
-6.2616866e-08
9.4244598e-12
-8.5529447e-09
5.1904868e-12
4.0478424e-08
3.0683201e-08
-3.175415e-12
3.0689603e-08
-1.0046991e-11
4.0492834e-08
-8.215463e-12
-8.5473387e-09
1.2497056e-14
-6.2622076e-08
8.3103509e-12
-6.2625153e-08
1.0078552e-11
-8.5547025e-09
3.1565829e-12
4.0485355e-08
3.0686363e-08
-4.8885662e-12
3.0694493e-08
-8.794309e-12
4.0496743e-08
-8.3728195e-12
-8.5477577e-09
7.7782344e-14
-6.2630524e-08
8.4349685e-12
-6.2633508e-08
8.8602078e-12
-8.5551251e-09
4.9397543e-12
4.0489279e-08
3.0691304e-08
-2.9254278e-12
3.0697425e-08
-9.4461458e-12
4.0503274e-08
-7.6731021e-12
-8.5495202e-09
5.247802e-14
-6.2638239e-08
7.8361607e-12
-6.2641282e-08
9.5185512e-12
-8.5567972e-09
2.9193167e-12
4.0495888e-08
3.0694228e-08
-4.6350195e-12
3.0702061e-08
-8.2105323e-12
4.0506853e-08
-7.8400511e-12
-8.5498883e-09
1.1466451e-13
-6.2646192e-08
7.9659569e-12
-6.2649131e-08
8.3142372e-12
-8.557143e-09
4.697496e-12
4.0499508e-08
3.0698927e-08
-2.6856543e-12
3.0704753e-08
-8.8702898e-12
4.0513048e-08
-7.1548014e-12
-8.5515933e-09
8.6809731e-14
-6.2653423e-08
7.3762486e-12
-6.265641e-08
8.9775525e-12
-8.5587341e-09
2.690331e-12
4.0505804e-08
3.0701622e-08
-4.3922923e-12
3.0709147e-08
-7.6519749e-12
4.0516311e-08
-7.3318833e-12
-8.5519113e-09
1.4584225e-13
-6.2660899e-08
7.5116912e-12
-6.2663774e-08
7.7874771e-12
-8.5590076e-09
4.4641358e-12
4.050913e-08
3.0706088e-08
-2.4564178e-12
3.0711609e-08
-8.3202235e-12
4.0522184e-08
-6.6613028e-12
-8.5535598e-09
1.1545019e-13
-6.2667666e-08
6.9313138e-12
-6.267058e-08
8.4563807e-12
-8.5605225e-09
2.4699889e-12
4.0515126e-08
3.0708563e-08
-4.160619e-12
3.0715771e-08
-7.1192122e-12
4.0525146e-08
-6.8488114e-12
-8.5538283e-09
1.7139456e-13
-6.2674684e-08
7.0728223e-12
-6.2677479e-08
7.2806431e-12
-8.5607282e-09
4.2399827e-12
4.0518169e-08
3.0712804e-08
-2.2378719e-12
3.0718015e-08
-7.7963129e-12
4.0530714e-08
-6.192875e-12
-8.5554214e-09
1.385761e-13
-6.2681006e-08
6.5019523e-12
-6.2683833e-08
7.9556364e-12
-8.5621718e-09
2.2585413e-12
4.0523875e-08
3.0715067e-08
-3.9400733e-12
3.0721956e-08
-6.6124187e-12
4.0533389e-08
-6.3908988e-12
-8.5556412e-09
1.9158241e-13
-6.2687586e-08
6.6498774e-12
-6.2690289e-08
6.7942227e-12
-8.5623143e-09
4.0252313e-12
4.0526647e-08
3.0719093e-08
-2.0300229e-12
3.0723992e-08
-7.2985517e-12
4.0538668e-08
-5.749397e-12
-8.55718e-09
1.5651388e-13
-6.2693483e-08
6.0886224e-12
-6.2696212e-08
7.4756896e-12
-8.5636914e-09
2.0561304e-12
4.0532075e-08
3.0721154e-08
-3.73059e-12
3.0727723e-08
-6.1314281e-12
4.0541071e-08
-5.957857e-12
-8.5573521e-09
2.0678732e-13
-6.2699646e-08
6.2432354e-12
-6.2702247e-08
6.3284764e-12
-8.5637749e-09
3.8199669e-12
4.0534586e-08
3.0724975e-08
-1.8327525e-12
3.0729562e-08
-6.8266208e-12
4.0546075e-08
-5.3304317e-12
-8.5588381e-09
1.6968613e-13
-6.2705136e-08
5.6916267e-12
-6.2707759e-08
7.0166862e-12
-8.5650901e-09
1.8627944e-12
4.0539749e-08
3.0726843e-08
-3.5319876e-12
3.0733095e-08
-5.6757899e-12
4.0548221e-08
-5.549114e-12
-8.5589634e-09
2.1746537e-13
-6.2710901e-08
5.8531147e-12
-6.2713393e-08
5.8834474e-12
-8.5651189e-09
3.6241731e-12
4.0542011e-08
3.0730468e-08
-1.6458372e-12
3.0734747e-08
-6.3799427e-12
4.0552964e-08
-4.9352901e-12
-8.5603979e-09
1.7856986e-13
-6.2716005e-08
5.3111067e-12
-6.2718516e-08
6.5785607e-12
-8.5663765e-09
1.6784778e-12
4.0546919e-08
3.0732151e-08
-3.3439875e-12
3.0738091e-08
-5.2448213e-12
4.0554868e-08
-5.1638748e-12
-8.5604778e-09
2.2410956e-13
-6.2721392e-08
5.4795732e-12
-6.272377e-08
5.4589771e-12
-8.5663546e-09
3.4377422e-12
4.0548943e-08
3.073559e-08
-1.4689677e-12
3.0739566e-08
-5.9577299e-12
4.0559366e-08
-4.5630887e-12
-8.5618623e-09
1.8366543e-13
-6.2726129e-08
4.9470457e-12
-6.2728524e-08
6.1610549e-12
-8.5675588e-09
1.5030407e-12
4.0553609e-08
3.0737097e-08
-3.1662325e-12
3.0742733e-08
-4.8376533e-12
4.0561039e-08
-4.8011739e-12
-8.5618979e-09
2.2722345e-13
-6.2731157e-08
5.1225137e-12
-6.2733418e-08
5.0547254e-12
-8.5674899e-09
3.2604864e-12
4.0555406e-08
3.0740358e-08
-1.3017655e-12
3.0744041e-08
-5.5590294e-12
4.0565306e-08
-4.2127962e-12
-8.5632341e-09
1.8547316e-13
-6.2735546e-08
4.5992768e-12
-6.2737823e-08
5.7637391e-12
-8.5686447e-09
1.3362697e-12
4.0559842e-08
3.07417e-08
-2.9983038e-12
3.074704e-08
-4.4532716e-12
4.0566763e-08
-4.4599196e-12
-8.5632267e-09
2.2730155e-13
-6.2740232e-08
4.7816954e-12
-6.2742376e-08
4.6701918e-12
-8.5685322e-09
3.0921483e-12
4.0561421e-08
3.0744792e-08
-1.1437985e-12
3.0748189e-08
-5.1827617e-12
4.0570811e-08
-3.8832754e-12
-8.5645163e-09
1.8447632e-13
-6.274429e-08
4.267496e-12
-6.274645e-08
5.3860346e-12
-8.5696412e-09
1.1778886e-12
4.0565638e-08
3.0745975e-08
-2.8397345e-12
3.0751029e-08
-4.090553e-12
4.0572063e-08
-4.1389318e-12
-8.5644673e-09
2.2481435e-13
-6.2748653e-08
4.4567468e-12
-6.2750681e-08
4.3047398e-12
-8.5694883e-09
2.9324124e-12
4.0567012e-08
3.0748908e-08
-9.9459429e-13
3.075203e-08
-4.8277536e-12
4.0575906e-08
-3.5733178e-12
-8.5657119e-09
1.8112935e-13
-6.2752398e-08
3.9512769e-12
-6.2754442e-08
5.0272373e-12
-8.5705548e-09
1.0275695e-12
4.057102e-08
3.074994e-08
-2.6900237e-12
3.075472e-08
-3.7482963e-12
4.0576966e-08
-3.8369745e-12
-8.5656228e-09
2.2019929e-13
-6.2756455e-08
4.1471826e-12
-6.2758368e-08
3.9576178e-12
-8.5703646e-09
2.7809161e-12
4.0572198e-08
3.0752721e-08
-8.5365168e-13
3.0755579e-08
-4.4927685e-12
4.0580614e-08
-3.2816725e-12
-8.5668241e-09
1.7585057e-13
-6.2759903e-08
3.6500872e-12
-6.2761833e-08
4.6865389e-12
-8.5713916e-09
8.8494224e-13
4.0576008e-08
3.0753611e-08
-2.5486466e-12
3.0758128e-08
-3.4252499e-12
4.0581492e-08
-3.5527814e-12
-8.5666964e-09
2.138552e-13
-6.276367e-08
3.8524199e-12
-6.2765471e-08
3.627981e-12
-8.5711667e-09
2.6372587e-12
4.0577e-08
3.0756248e-08
-7.2045121e-13
3.0758854e-08
-4.1765301e-12
4.0584957e-08
-3.00707e-12
-8.5678561e-09
1.6901739e-13
-6.2766837e-08
3.3633049e-12
-6.2768657e-08
4.3630481e-12
-8.5721571e-09
7.4960418e-13
4.0580622e-08
3.0757002e-08
-2.4150649e-12
3.0761269e-08
-3.1201333e-12
4.0585663e-08
-3.2850771e-12
-8.5676911e-09
2.0613821e-13
-6.2770328e-08
3.5717942e-12
-6.2772022e-08
3.3149118e-12
-8.5718999e-09
2.5010113e-12
4.0581437e-08
3.0759504e-08
-5.9446337e-13
3.076187e-08
-3.8777445e-12
4.0588955e-08
-2.7482403e-12
-8.568811e-09
1.6096469e-13
-6.2773228e-08
3.0902346e-12
-6.2774942e-08
4.0558111e-12
-8.5728562e-09
6.2112819e-13
4.058488e-08
3.0760129e-08
-2.2887337e-12
3.0764158e-08
-2.831657e-12
4.0589499e-08
-3.0325948e-12
-8.5686101e-09
1.9736208e-13
-6.2776458e-08
3.3045755e-12
-6.2778049e-08
3.0174388e-12
-8.5725689e-09
2.3717247e-12
4.0585526e-08
3.0762501e-08
-4.7515575e-13
3.0764639e-08
-3.5951158e-12
4.0592628e-08
-2.5039298e-12
-8.5696918e-09
1.5198486e-13
-6.2779104e-08
2.830123e-12
-6.2780718e-08
3.763828e-12
-8.5734934e-09
4.9907058e-13
4.0588799e-08
3.0763005e-08
-2.1691092e-12
3.0766808e-08
-2.5585373e-12
4.0593018e-08
-2.7940901e-12
-8.5694565e-09
1.8779851e-13
-6.2782086e-08
3.0499841e-12
-6.2783581e-08
2.7345523e-12
-8.573178e-09
2.2489368e-12
4.0589286e-08
3.0765254e-08
-3.619993e-13
3.0767175e-08
-3.3273617e-12
4.0595993e-08
-2.2729124e-12
-8.5705015e-09
1.4232946e-13
-6.2784493e-08
2.5821736e-12
-6.2786012e-08
3.4860691e-12
-8.5740728e-09
3.829777e-13
4.0592397e-08
3.0765641e-08
-2.055654e-12
3.0769231e-08
-2.2995097e-12
4.0596237e-08
-2.5683506e-12
-8.570233e-09
1.7767934e-13
-6.2787239e-08
2.8072038e-12
-6.2788641e-08
2.4652204e-12
-8.5737309e-09
2.1321785e-12
4.0592731e-08
3.0767773e-08
-2.5447325e-13
3.0769491e-08
-3.0732248e-12
4.0599065e-08
-2.0539986e-12
-8.5712428e-09
1.3221132e-13
-6.2789416e-08
2.3455607e-12
-6.2790846e-08
3.2214899e-12
-8.5745978e-09
2.7239166e-13
4.0595688e-08
3.076805e-08
-1.9478413e-12
3.0771438e-08
-2.0533388e-12
4.0599171e-08
-2.3542053e-12
-8.5709425e-09
1.6719874e-13
-6.2791938e-08
2.5753959e-12
-6.2793254e-08
2.2084025e-12
-8.5742311e-09
2.0209801e-12
4.0595876e-08
3.0770071e-08
-1.5206904e-13
3.0771596e-08
-2.8314808e-12
4.0601859e-08
-1.8460431e-12
-8.5719186e-09
1.2180752e-13
-6.2793897e-08
2.1194409e-12
-6.2795243e-08
2.9690435e-12
-8.5750717e-09
1.6685564e-13
4.0598686e-08
3.0770242e-08
-1.8451589e-12
3.0773441e-08
-1.8188268e-12
4.0601833e-08
-2.1505298e-12
-8.5715876e-09
1.5651744e-13
-6.2796205e-08
2.3537098e-12
-6.2797441e-08
1.9630608e-12
-8.5746815e-09
1.9148759e-12
4.0598734e-08
3.0772157e-08
-5.4293459e-14
3.07735e-08
-2.6009477e-12
4.0604388e-08
-1.6479498e-12
-8.5725313e-09
1.1126339e-13
-6.2797955e-08
1.9029654e-12
-6.2799224e-08
2.7276914e-12
-8.5754973e-09
6.5918809e-14
4.0601404e-08
3.0772227e-08
-1.7471126e-12
3.0775247e-08
-1.5948201e-12
4.0604236e-08
-1.9562511e-12
-8.5721707e-09
1.4576583e-13
-6.2800058e-08
2.1412949e-12
-6.280122e-08
1.728171e-12
-8.5750848e-09
1.8134086e-12
4.0601319e-08
3.077404e-08
3.9327991e-14
3.0775213e-08
-2.3804904e-12
4.0606664e-08
-1.4586757e-12
-8.5730833e-09
1.0069583e-13
-6.2801608e-08
1.6952892e-12
-6.2802806e-08
2.4964144e-12
-8.575877e-09
-3.0860096e-14
4.0603854e-08
3.0774014e-08
-1.6532283e-12
3.0776866e-08
-1.3802154e-12
4.0606391e-08
-1.770351e-12
-8.5726942e-09
1.350478e-13
-6.2803514e-08
1.9373102e-12
-6.2804609e-08
1.5027317e-12
-8.5754432e-09
1.7161329e-12
4.0603641e-08
3.0775729e-08
1.2924915e-13
3.0776742e-08
-2.169027e-12
4.0608698e-08
-1.2772334e-12
-8.5735768e-09
9.0197059e-14
-6.2804873e-08
1.4955822e-12
-6.2806006e-08
2.2742202e-12
-8.576213e-09
-1.2390944e-13
4.0606046e-08
3.077561e-08
-1.5630544e-12
3.0778304e-08
-1.1739632e-12
4.0608309e-08
-1.5918687e-12
-8.57316e-09
1.2444443e-13
-6.280659e-08
1.7409333e-12
-6.2807623e-08
1.285773e-12
-8.5757587e-09
1.6226189e-12
4.060571e-08
3.0777232e-08
2.159014e-13
3.0778094e-08
-1.9655321e-12
4.0610499e-08
-1.102694e-12
-8.5740138e-09
7.9838919e-14
-6.2807764e-08
1.3030361e-12
-6.2808838e-08
2.0601528e-12
-8.5765071e-09
-2.1364095e-13
4.0607991e-08
3.0777023e-08
-1.4761632e-12
3.0779569e-08
-9.7507278e-13
4.0609998e-08
-1.4199024e-12
-8.5735702e-09
1.1401855e-13
-6.2809299e-08
1.5513685e-12
-6.2810276e-08
1.0763642e-12
-8.5760331e-09
1.5324553e-12
4.0607535e-08
3.0778555e-08
2.9969163e-13
3.0779275e-08
-1.7690408e-12
4.0612075e-08
-9.3418818e-13
-8.574396e-09
6.9676158e-14
-6.2810295e-08
1.1168741e-12
-6.2811315e-08
1.8532993e-12
-8.5767609e-09
-3.0044704e-13
4.0609696e-08
3.0778259e-08
-1.3921536e-12
3.0780666e-08
-7.8261459e-13
4.0611465e-08
-1.2536112e-12
-8.5739264e-09
1.0381756e-13
-6.2811653e-08
1.3678553e-12
-6.281258e-08
8.7362093e-13
-8.5762677e-09
1.4452527e-12
4.0609124e-08
3.0779703e-08
3.8100015e-13
3.078029e-08
-1.5786515e-12
4.0613433e-08
-7.7090841e-13
-8.5747252e-09
5.9750543e-14
-6.2812475e-08
9.3635753e-13
-6.2813448e-08
1.6527975e-12
-8.5769756e-09
-3.8469784e-13
4.0611169e-08
3.0779323e-08
-1.3106518e-12
3.07816e-08
-5.9572456e-13
4.0612717e-08
-1.0922168e-12
-8.5742301e-09
9.3877306e-14
-6.2813663e-08
1.1896761e-12
-6.2814545e-08
6.7671302e-13
-8.5764638e-09
1.3606455e-12
4.0610485e-08
3.0780683e-08
4.6018003e-13
3.0781145e-08
-1.3935306e-12
4.0614579e-08
-6.1210968e-13
-8.5750027e-09
5.0093543e-14
-6.2814317e-08
7.6079509e-13
-6.2815247e-08
1.4578427e-12
-8.5771523e-09
-4.66739e-13
4.0612417e-08
3.078022e-08
-1.2313135e-12
3.0782376e-08
-4.1360728e-13
4.0613761e-08
-9.3500464e-13
-8.5744829e-09
8.4226038e-14
-6.2815337e-08
1.0161639e-12
-6.2816181e-08
4.8487045e-13
-8.5766224e-09
1.2782952e-12
4.0611623e-08
3.0781498e-08
5.3755442e-13
3.0781843e-08
-1.2129147e-12
4.061552e-08
-4.5711193e-13
-8.5752298e-09
4.0731033e-14
-6.2815827e-08
5.8954877e-13
-6.2816721e-08
1.2676944e-12
-8.577292e-09
-5.4688777e-13
4.0613445e-08
3.0780955e-08
-1.1538254e-12
3.0782996e-08
-2.3553936e-13
4.0614601e-08
-7.8132576e-13
-8.5746858e-09
7.4887324e-14
-6.2816684e-08
8.467092e-13
-6.2817494e-08
2.9739092e-13
-8.5767442e-09
1.1978933e-12
4.0612544e-08
3.0782152e-08
6.1341488e-13
3.0782388e-08
-1.0361155e-12
4.0616258e-08
-3.0530131e-13
-8.5754078e-09
3.1685718e-14
-6.2817013e-08
4.2204283e-13
-6.2817876e-08
1.0816839e-12
-8.5773954e-09
-6.2543133e-13
4.0614258e-08
3.0781531e-08
-1.0779075e-12
3.0783465e-08
-6.0873911e-14
4.061524e-08
-6.3059934e-13
-8.5748399e-09
6.5883872e-14
-6.2817711e-08
6.8076894e-13
-6.2818493e-08
1.1364755e-13
-8.5768298e-09
1.1191637e-12
4.0613252e-08
3.0782649e-08
6.8801975e-13
3.0782782e-08
-8.6252278e-13
4.0616799e-08
-1.5613322e-13
-8.5755375e-09
2.2981332e-14
-6.2817882e-08
2.5777107e-13
-6.2818719e-08
8.9922228e-13
-8.5774629e-09
-7.0262313e-13
4.0614861e-08
3.0781951e-08
-1.0033144e-12
3.0783784e-08
1.109557e-13
4.0615684e-08
-4.8231465e-13
-8.5749462e-09
5.7240622e-14
-6.2818423e-08
5.1787403e-13
-6.2819182e-08
-6.6903772e-14
-8.5768798e-09
1.0418664e-12
4.0613752e-08
3.0782992e-08
7.6159138e-13
3.0783027e-08
-6.9160963e-13
4.0617145e-08
-9.1338973e-15
-8.57562e-09
1.4645182e-14
-6.2818439e-08
9.6306137e-14
-6.2819255e-08
7.1980712e-13
-8.5774949e-09
-7.7867926e-13
4.0615258e-08
3.0782217e-08
-9.2983845e-13
3.0783956e-08
2.8043097e-13
4.0615934e-08
-3.3603363e-13
-8.5750056e-09
4.8988564e-14
-6.2818826e-08
3.5763836e-13
-6.2819566e-08
-2.4471634e-13
-8.5768944e-09
9.6580046e-13
4.0614046e-08
3.0783182e-08
8.3431432e-13
3.0783127e-08
-5.2293698e-13
4.0617299e-08
1.3609631e-13
-8.575656e-09
6.7127777e-15
-6.2818688e-08
-6.2692682e-14
-6.2819488e-08
5.4303169e-13
-8.5774918e-09
-8.5377615e-13
4.061545e-08
3.0782333e-08
-8.5731132e-13
3.0783983e-08
4.4794322e-13
4.0615992e-08
-1.9139387e-13
-8.5750188e-09
4.1168431e-14
-6.2818923e-08
1.9976725e-13
-6.2819649e-08
-4.2014369e-13
-8.5768738e-09
8.90807e-13
4.0614138e-08
3.0783222e-08
9.0633239e-13
3.0783082e-08
-3.5615866e-13
4.0617263e-08
2.7988026e-13
-8.5756462e-09
-7.6938032e-16
-6.2818634e-08
-2.194694e-13
-6.2819422e-08
3.6859364e-13
-8.5774536e-09
-9.2804602e-13
4.0615442e-08
3.0782299e-08
-7.8560715e-13
3.0783866e-08
6.137883e-13
4.0615862e-08
-4.8111108e-14
-8.5749865e-09
3.3833902e-14
-6.2818718e-08
4.4067451e-14
-6.2819434e-08
-5.9343078e-13
-8.576818e-09
8.1677341e-13
4.0614031e-08
3.0783114e-08
9.7774594e-13
3.0782893e-08
-1.9102645e-13
4.0617039e-08
4.2246116e-13
-8.5755915e-09
-7.739403e-15
-6.2818279e-08
-3.7416226e-13
-6.281906e-08
1.9630373e-13
-8.5773803e-09
-1.0015738e-12
4.0615236e-08
3.0782117e-08
-7.1464434e-13
3.0783606e-08
7.7816245e-13
4.0615545e-08
9.4017047e-14
-8.5749096e-09
2.7056701e-14
-6.2818214e-08
-1.0954378e-13
-6.2818925e-08
-7.6470471e-13
-8.5767272e-09
7.4363669e-13
4.0613727e-08
3.0782859e-08
1.04861e-12
3.0782563e-08
-2.7394722e-14
4.0616628e-08
5.6399954e-13
-8.5754925e-09
-1.4115747e-14
-6.2817628e-08
-5.2679358e-13
-6.2818404e-08
2.6094981e-14
-8.5772719e-09
-1.0743925e-12
4.0614834e-08
3.0781789e-08
-6.4438806e-13
3.0783206e-08
9.4115596e-13
4.0615042e-08
2.3511014e-13
-8.5747889e-09
2.0929783e-14
-6.2817416e-08
-2.6102802e-13
-6.2818124e-08
-9.3396601e-13
-8.5766011e-09
6.7138751e-13
4.0613227e-08
3.0782459e-08
1.1189313e-12
3.0782092e-08
1.3477452e-13
4.0616033e-08
7.0457225e-13
-8.5753502e-09
-1.9792979e-14
-6.2816684e-08
-6.7726022e-13
-6.2817459e-08
-1.4196779e-13
-8.5771283e-09
-1.1464802e-12
4.0614239e-08
3.0781317e-08
-5.7485238e-13
3.0782665e-08
1.1027508e-12
4.0614354e-08
3.7520288e-13
-8.5746252e-09
1.5573083e-14
-6.2816327e-08
-4.1021706e-13
-6.2817035e-08
-1.1010789e-12
-8.5764397e-09
6.0007317e-13
4.0612537e-08
3.0781916e-08
1.1886666e-12
3.0781481e-08
2.954096e-13
4.0615255e-08
8.4417132e-13
-8.5751655e-09
-2.4636459e-14
-6.281545e-08
-8.2532418e-13
-6.2816227e-08
-3.0767981e-13
-8.5769492e-09
-1.2177562e-12
4.0613453e-08
3.0780702e-08
-5.0610177e-13
3.0781986e-08
1.2628175e-12
4.0613485e-08
5.1424531e-13
-8.5744195e-09
1.1138657e-14
-6.2814949e-08
-5.5680319e-13
-6.2815661e-08
-1.2657639e-12
-8.5762426e-09
5.2980122e-13
4.0611657e-08
3.0781231e-08
1.2577214e-12
3.0780733e-08
4.5432632e-13
4.0614296e-08
9.82705e-13
-8.5749395e-09
-2.8476345e-14
-6.281393e-08
-9.7060367e-13
-6.2814711e-08
-4.7068933e-13
-8.5767345e-09
-1.2880778e-12
4.0612481e-08
3.0779947e-08
-4.3825162e-13
3.078117e-08
1.421114e-12
4.0612435e-08
6.5210497e-13
-8.5741731e-09
7.8167707e-15
-6.2813288e-08
-7.0033135e-13
-6.2814005e-08
-1.4275907e-12
-8.5760096e-09
4.6074177e-13
4.0610591e-08
3.0780406e-08
1.3259494e-12
3.0779849e-08
6.112297e-13
4.0613157e-08
1.1200007e-12
-8.5746735e-09
-3.1102107e-14
-6.2812129e-08
-1.1125659e-12
-6.2812916e-08
-6.3049129e-13
-8.5764836e-09
-1.3572382e-12
4.0611325e-08
3.0779053e-08
-3.714676e-13
3.0780219e-08
1.577289e-12
4.0611207e-08
7.8857231e-13
-8.5738876e-09
5.8414933e-15
-6.2811349e-08
-8.4019272e-13
-6.2812072e-08
-1.585974e-12
-8.5757403e-09
3.9312907e-13
4.0609344e-08
3.0779445e-08
1.3931546e-12
3.077883e-08
7.6571857e-13
4.0611842e-08
1.255813e-12
-8.5743693e-09
-3.2255165e-14
-6.2810053e-08
-1.2505223e-12
-6.2810846e-08
-7.8642578e-13
-8.5761964e-09
-1.424965e-12
4.0609989e-08
3.0778024e-08
-3.0596297e-13
3.0779135e-08
1.7308883e-12
4.0609803e-08
9.2336905e-13
-8.5735646e-09
5.4990863e-15
-6.2809137e-08
-9.75622e-13
-6.2809868e-08
-1.7401732e-12
-8.5754344e-09
3.2726164e-13
4.0607921e-08
3.077835e-08
1.4590932e-12
3.0777681e-08
9.1729489e-13
4.0610352e-08
1.3898335e-12
-8.5740289e-09
-3.1622135e-14
-6.2807708e-08
-1.3836272e-12
-6.2808508e-08
-9.3767848e-13
-8.5758724e-09
-1.4909215e-12
4.0608481e-08
3.0776863e-08
-2.4199399e-13
3.0777921e-08
1.8813673e-12
4.0608227e-08
1.0561623e-12
-8.5732065e-09
7.133857e-15
-6.2806662e-08
-1.1056982e-12
-6.2807398e-08
-1.889295e-12
-8.5750914e-09
2.6350042e-13
4.0606326e-08
3.0777125e-08
1.5234805e-12
3.0776402e-08
1.0653791e-12
4.0608693e-08
1.5217084e-12
-8.5736546e-09
-2.8827441e-14
-6.2805103e-08
-1.5108819e-12
-6.2805908e-08
-1.0832881e-12
-8.5755111e-09
-1.5547088e-12
4.0606804e-08
3.0775574e-08
-1.7985234e-13
3.077658e-08
2.0281096e-12
4.0606483e-08
1.1865846e-12
-8.572816e-09
1.1156252e-14
-6.2803931e-08
-1.2293518e-12
-6.280467e-08
-2.0323052e-12
-8.5747108e-09
2.0226431e-13
4.0604568e-08
3.0775775e-08
1.5859997e-12
3.0774999e-08
1.2093334e-12
4.0606867e-08
1.6510609e-12
-8.5732495e-09
-2.3426228e-14
-6.2802248e-08
-1.6311446e-12
-6.2803054e-08
-1.2221614e-12
-8.5751119e-09
-1.6158719e-12
4.0604969e-08
3.0774163e-08
-1.1985309e-13
3.0775117e-08
2.1704537e-12
4.0604575e-08
1.3142603e-12
-8.5723963e-09
1.8048681e-14
-6.2800955e-08
-1.3453794e-12
-6.2801694e-08
-2.1680471e-12
-8.574292e-09
1.4402126e-13
4.0602655e-08
3.0774306e-08
1.6463158e-12
3.0773476e-08
1.3484942e-12
4.060488e-08
1.7775224e-12
-8.5728171e-09
-1.4899295e-14
-6.2799155e-08
-1.7431516e-12
-6.2799958e-08
-1.3530978e-12
-8.5746741e-09
-1.6739104e-12
4.0602982e-08
3.0772636e-08
-6.2319151e-14
3.0773536e-08
2.3077323e-12
4.0602508e-08
1.4388408e-12
-8.5719513e-09
2.8369519e-14
-6.2797747e-08
-1.4524714e-12
-6.279848e-08
-2.2952736e-12
-8.5738341e-09
8.9275728e-14
4.0600596e-08
3.0772724e-08
1.7040935e-12
3.0771837e-08
1.4822155e-12
4.0602737e-08
1.9007709e-12
-8.5723616e-09
-2.6508347e-15
-6.2795836e-08
-1.8455519e-12
-6.2796629e-08
-1.4748286e-12
-8.574197e-09
-1.7282933e-12
4.0600856e-08
3.0770999e-08
-7.5591017e-15
3.0771843e-08
2.4393202e-12
4.0600288e-08
1.5600471e-12
-8.5714855e-09
4.2752578e-14
-6.2794321e-08
-1.5492559e-12
-6.279504e-08
-2.4126938e-12
-8.5733364e-09
3.8549073e-14
4.0598403e-08
3.0771036e-08
1.7590219e-12
3.0770088e-08
1.6099251e-12
4.0600445e-08
2.0205775e-12
-8.571888e-09
1.3986558e-14
-6.2792307e-08
-1.9369605e-12
-6.2793081e-08
-1.5860746e-12
-8.5736795e-09
-1.7784828e-12
4.0598602e-08
3.0769262e-08
4.4160644e-14
3.0770042e-08
2.5646968e-12
4.0597922e-08
1.67772e-12
-8.5710042e-09
6.1896234e-14
-6.2790694e-08
-1.6343631e-12
-6.2791388e-08
-2.5190419e-12
-8.5727977e-09
-7.6478388e-15
4.0596089e-08
3.0769253e-08
1.8108456e-12
3.0768236e-08
1.7311931e-12
4.0598009e-08
2.1368592e-12
-8.5714017e-09
3.573528e-14
-6.2788585e-08
-2.0160385e-12
-6.2789328e-08
-1.6856266e-12
-8.5731203e-09
-1.8239667e-12
4.0596234e-08
3.0767432e-08
9.2650423e-14
3.0768142e-08
2.6835215e-12
4.0595416e-08
1.791875e-12
-8.5705133e-09
8.6539155e-14
-6.2786883e-08
-1.7065225e-12
-6.2787538e-08
-2.613173e-12
-8.5722167e-09
-4.8854187e-14
4.0593668e-08
3.0767382e-08
1.8594024e-12
3.0766287e-08
1.8458134e-12
4.0595437e-08
2.2497352e-12
-8.5709091e-09
6.3337193e-14
-6.2784689e-08
-2.0816083e-12
-6.2785386e-08
-1.7724587e-12
-8.572518e-09
-1.8643027e-12
4.0593766e-08
3.0765522e-08
1.3783863e-13
3.0766147e-08
2.7957197e-12
4.0592777e-08
1.9027584e-12
-8.5700194e-09
1.1741051e-13
-6.2782906e-08
-1.7647004e-12
-6.2783507e-08
-2.6941942e-12
-8.5715916e-09
-8.4710295e-14
4.0591155e-08
3.0765435e-08
1.9046678e-12
3.0764247e-08
1.9538948e-12
4.0592735e-08
2.3595798e-12
-8.570417e-09
9.7487624e-14
-6.2780637e-08
-2.1328166e-12
-6.2781269e-08
-1.8458814e-12
-8.5718707e-09
-1.8991792e-12
4.0591214e-08
3.076354e-08
1.7981943e-13
3.0764065e-08
2.9015786e-12
4.0590011e-08
2.0108954e-12
-8.5695297e-09
1.5514517e-13
-6.2778784e-08
-1.8082915e-12
-6.2779308e-08
-2.7616427e-12
-8.5709205e-09
-1.1502839e-13
4.0588566e-08
3.0763424e-08
1.9468052e-12
3.0762123e-08
2.0559592e-12
4.0589909e-08
2.4670628e-12
-8.5699327e-09
1.3872773e-13
-6.2776448e-08
-2.1693599e-12
-6.2776993e-08
-1.9057468e-12
-8.5711763e-09
-1.928495e-12
4.0588595e-08
3.0761499e-08
2.1890489e-13
3.0761902e-08
3.0018453e-12
4.0587123e-08
2.117119e-12
-8.5690514e-09
2.0014762e-13
-6.2774534e-08
-1.8373824e-12
-6.2774958e-08
-2.8157198e-12
-8.5702011e-09
-1.3988431e-13
4.0585917e-08
3.0761357e-08
1.9862198e-12
3.0759921e-08
2.1530381e-12
4.0586964e-08
2.5731644e-12
-8.5694634e-09
1.8727543e-13
-6.2772141e-08
-2.1917877e-12
-6.2772571e-08
-1.9527143e-12
-8.5704325e-09
-1.9524649e-12
4.0585923e-08
3.0759409e-08
2.556787e-13
3.0759663e-08
3.0978198e-12
4.0584119e-08
2.2225671e-12
-8.5685917e-09
2.5238697e-13
-6.2770174e-08
-1.8530992e-12
-6.2770469e-08
-2.8575928e-12
-8.5694311e-09
-1.5973475e-13
4.0583224e-08
3.0759247e-08
2.0236119e-12
3.0757644e-08
2.2467575e-12
4.0583903e-08
2.6791499e-12
-8.569016e-09
2.4278049e-13
-6.276773e-08
-2.2018991e-12
-6.2768017e-08
-1.9885902e-12
-8.5696367e-09
-1.9717505e-12
4.0583213e-08
3.075728e-08
2.9104756e-13
3.0757351e-08
3.1914286e-12
4.0581e-08
2.3286306e-12
-8.5681567e-09
3.1110867e-13
-6.2765715e-08
-1.8580532e-12
-6.2765851e-08
-2.8897721e-12
-8.5686083e-09
-1.7556477e-13
4.0580497e-08
3.0757102e-08
2.060025e-12
3.0755296e-08
2.3393978e-12
4.0580728e-08
2.7864875e-12
-8.5685957e-09
3.039902e-13
-6.2763225e-08
-2.203238e-12
-6.2763336e-08
-2.0167428e-12
-8.5687871e-09
-1.9876238e-12
4.0580474e-08
3.0755119e-08
3.2628288e-13
3.0754968e-08
3.2852691e-12
4.0577767e-08
2.4368365e-12
-8.5677509e-09
3.7445398e-13
-6.2761166e-08
-1.8568864e-12
-6.2761108e-08
-2.9165627e-12
-8.5677307e-09
-1.8906429e-13
4.0577745e-08
3.0754928e-08
2.0968827e-12
3.0752875e-08
2.4339162e-12
4.0577437e-08
2.8966968e-12
-8.5682056e-09
3.6832393e-13
-6.275863e-08
-2.2016832e-12
-6.275853e-08
-2.0425849e-12
-8.5678821e-09
-2.0021576e-12
4.057771e-08
3.0752929e-08
3.6304851e-13
3.075251e-08
3.382609e-12
4.0574415e-08
2.5486609e-12
-8.5673753e-09
4.3899539e-13
-6.2756524e-08
-1.8568956e-12
-6.2756238e-08
-2.944573e-12
-8.5667977e-09
-2.0282813e-13
4.0574967e-08
3.0752725e-08
2.1360066e-12
3.0750379e-08
2.5339204e-12
4.0574024e-08
3.0111306e-12
-8.5678445e-09
4.3137807e-13
-6.2753937e-08
-2.2060922e-12
-6.2753593e-08
-2.0740977e-12
-8.566922e-09
-2.0184339e-12
4.0574917e-08
3.075071e-08
4.0340644e-13
3.0749973e-08
3.4873351e-12
4.0570938e-08
2.6652821e-12
-8.5670261e-09
4.9922917e-13
-6.2751774e-08
-1.8686785e-12
-6.2751228e-08
-2.9832354e-12
-8.5658109e-09
-2.2056521e-13
4.0572152e-08
3.0750488e-08
2.1796114e-12
3.0747798e-08
2.6435903e-12
4.0570481e-08
3.130711e-12
-8.5675052e-09
4.8642587e-13
-6.2749122e-08
-2.2289209e-12
-6.2748505e-08
-2.1223274e-12
-8.5659098e-09
-2.0407472e-12
4.0572077e-08
3.0748451e-08
4.4979667e-13
3.0747346e-08
3.6038552e-12
4.0567324e-08
2.7873138e-12
-8.5666924e-09
5.4711423e-13
-6.2746885e-08
-1.9066889e-12
-6.2746055e-08
-3.0452542e-12
-8.5647746e-09
-2.4728419e-13
4.0569277e-08
3.0748202e-08
2.230273e-12
3.0745121e-08
2.7675638e-12
4.0566794e-08
3.2556849e-12
-8.5671725e-09
5.240327e-13
-6.2744146e-08
-2.2866672e-12
-6.2743237e-08
-2.2017475e-12
-8.5648519e-09
-2.0747627e-12
4.0569156e-08
3.0746131e-08
5.0499366e-13
3.0744614e-08
3.7369794e-12
4.0563559e-08
2.9146069e-12
-8.5663538e-09
5.7181545e-13
-6.2741807e-08
-1.9895155e-12
-6.2740679e-08
-3.1468378e-12
-8.563698e-09
-2.8940407e-13
4.0566297e-08
3.074584e-08
2.290878e-12
3.0742327e-08
2.9108237e-12
4.0562946e-08
3.3855101e-12
-8.5668205e-09
5.3198403e-13
-6.2738946e-08
-2.3999132e-12
-6.2737739e-08
-2.3303094e-12
-8.56376e-09
-2.1275651e-12
4.05661e-08
3.0743716e-08
5.72048e-13
3.0741753e-08
3.8918358e-12
4.0559624e-08
3.0462583e-12
-8.5659787e-09
5.5989048e-13
-6.2736463e-08
-2.1396089e-12
-6.2735043e-08
-3.3075112e-12
-8.5625956e-09
-3.5471339e-13
4.0563145e-08
3.074336e-08
2.3645679e-12
3.0739393e-08
3.0786569e-12
4.0558917e-08
3.5190445e-12
-8.5664111e-09
4.9580405e-13
-6.2733432e-08
-2.5926488e-12
-6.2731947e-08
-2.5289491e-12
-8.5626516e-09
-2.2075057e-12
4.056283e-08
3.0741156e-08
6.5423282e-13
3.0738737e-08
4.0739031e-12
4.0555494e-08
3.1810278e-12
-8.565522e-09
4.9622968e-13
-6.2730751e-08
-2.3821076e-12
-6.2729072e-08
-3.5492439e-12
-8.561488e-09
-4.5207121e-13
4.0559731e-08
3.0740702e-08
2.4547027e-12
3.0736287e-08
3.2767783e-12
4.0554679e-08
3.6552516e-12
-8.5658925e-09
4.0020118e-13
-6.2727488e-08
-2.8905012e-12
-6.2725774e-08
-2.820257e-12
-8.5615506e-09
-2.3237402e-12
4.055924e-08
3.0738382e-08
7.5501943e-13
3.0735529e-08
4.2892608e-12
4.0551143e-08
3.3183765e-12
-8.5649255e-09
3.6609422e-13
-6.2724539e-08
-2.7423774e-12
-6.2722669e-08
-3.8945973e-12
-8.5604019e-09
-5.9073198e-13
4.0555934e-08
3.073779e-08
2.5648753e-12
3.0732969e-08
3.5117126e-12
4.0550203e-08
3.794627e-12
-8.5652004e-09
2.3176086e-13
-6.2720969e-08
-3.3175025e-12
-6.2719112e-08
-3.2260223e-12
-8.5604857e-09
-2.4853345e-12
4.05552e-08
3.0735308e-08
8.780987e-13
3.0732089e-08
4.5451322e-12
4.0546533e-08
3.4602886e-12
-8.5641194e-09
1.5851356e-13
-6.2717671e-08
-3.2419386e-12
-6.2715716e-08
-4.3636281e-12
-8.5593676e-09
-7.7917138e-13
4.0551613e-08
3.0734527e-08
2.6989841e-12
3.0729395e-08
3.7914507e-12
4.0545448e-08
3.9414244e-12
-8.5642613e-09
-1.6950243e-14
-6.2713705e-08
-3.8911692e-12
-6.2711834e-08
-3.763433e-12
-8.5594876e-09
-2.6998437e-12
4.0550556e-08
3.0731831e-08
1.0274148e-12
3.0728365e-08
4.8506545e-12
4.0541622e-08
3.6138131e-12
-8.5630284e-09
-1.2895405e-13
-6.2709965e-08
-3.8927012e-12
-6.2708074e-08
-4.9694254e-12
-8.5584145e-09
-1.0233253e-12
4.0546607e-08
3.0730806e-08
2.8613017e-12
3.0725508e-08
4.1261771e-12
4.0540364e-08
4.1064167e-12
-8.5630005e-09
-3.4210297e-13
-6.2705509e-08
-4.6160121e-12
-6.2703792e-08
-4.4399133e-12
-8.5585829e-09
-2.9713252e-12
4.0545145e-08
3.0727839e-08
1.2070466e-12
3.0724299e-08
5.2174966e-12
4.0536351e-08
3.7937633e-12
-8.5615807e-09
-4.8465064e-13
-6.2701234e-08
-4.6898667e-12
-6.269959e-08
-5.7124232e-12
-8.5575639e-09
-1.3242179e-12
4.0540755e-08
3.0726513e-08
3.0562885e-12
3.0721247e-08
4.5283879e-12
4.0534886e-08
4.3092508e-12
-8.5613534e-09
-7.2309851e-13
-6.2696194e-08
-5.4761685e-12
-6.269483e-08
-5.2468896e-12
-8.5577854e-09
-3.2978285e-12
4.0538812e-08
3.0723219e-08
1.4204862e-12
3.0719825e-08
5.659276e-12
4.0530644e-08
4.0241245e-12
-8.5597222e-09
-8.7787876e-13
-6.2691296e-08
-5.6045468e-12
-6.2690107e-08
-6.5739639e-12
-8.5568196e-09
-1.6750142e-12
4.0533911e-08
3.0721542e-08
3.2875059e-12
3.0716542e-08
5.0108268e-12
4.0528928e-08
4.5783326e-12
-8.5592815e-09
-1.1188442e-12
-6.2685591e-08
-6.4285898e-12
-6.2684789e-08
-6.1530798e-12
-8.5570873e-09
-3.6684379e-12
4.0531432e-08
3.0717878e-08
1.6683069e-12
3.0714871e-08
6.1875826e-12
4.0524406e-08
4.3353544e-12
-8.5574331e-09
-1.2572141e-12
-6.2680002e-08
-6.57786e-12
-6.2679472e-08
-7.5098109e-12
-8.5561589e-09
-2.0574818e-12
4.0525978e-08
3.0715818e-08
3.5542384e-12
3.0711322e-08
5.5792431e-12
4.0522388e-08
4.9446111e-12
-8.5567903e-09
-1.4690386e-12
-6.2673581e-08
-7.3988119e-12
-6.2673535e-08
-7.097931e-12
-8.5564519e-09
-4.0597528e-12
4.0522946e-08
3.0711762e-08
1.9422933e-12
3.0709377e-08
6.8007224e-12
4.0517527e-08
4.7531193e-12
-8.5547465e-09
-1.5558213e-12
-6.2667275e-08
-7.5186529e-12
-6.2667575e-08
-8.443994e-12
-8.55553e-09
-2.4374791e-12
4.0516937e-08
3.0709323e-08
3.8432686e-12
3.0705539e-08
6.2151996e-12
4.0515163e-08
5.4240921e-12
-8.5539471e-09
-1.7045418e-12
-6.2660139e-08
-8.2813542e-12
-6.2660991e-08
-7.9851768e-12
-8.5558183e-09
-4.4310058e-12
4.051339e-08
3.0704896e-08
2.2129305e-12
3.0703324e-08
7.459642e-12
4.0509913e-08
5.27304e-12
-8.5517643e-09
-1.7078188e-12
-6.2653161e-08
-8.3066441e-12
-6.2654395e-08
-9.2622962e-12
-8.554866e-09
-2.758224e-12
4.0506884e-08
3.0702136e-08
4.1120487e-12
3.0699217e-08
6.8434546e-12
4.0507189e-08
5.9841667e-12
-8.5508966e-09
-1.7703204e-12
-6.2645399e-08
-8.9460997e-12
-6.2647211e-08
-8.6753963e-12
-8.5551287e-09
-4.715815e-12
4.0502931e-08
3.0697425e-08
2.4068042e-12
3.0696807e-08
8.0467167e-12
4.0501547e-08
5.8188611e-12
-8.5486724e-09
-1.6778648e-12
-6.2637906e-08
-8.8024418e-12
-6.264009e-08
-9.8040639e-12
-8.5541304e-09
-2.9292639e-12
4.0496054e-08
3.0694494e-08
4.2604179e-12
3.0692552e-08
7.2839746e-12
4.0498531e-08
6.4960512e-12
-8.547876e-09
-1.6608749e-12
-6.2629741e-08
-9.2530274e-12
-6.263249e-08
-8.9782521e-12
-8.554397e-09
-4.8083014e-12
4.0491891e-08
3.0689689e-08
2.374908e-12
3.0690175e-08
8.31588e-12
4.0492588e-08
6.1961993e-12
-8.5457599e-09
-1.5004474e-12
-6.2622047e-08
-8.8708022e-12
-6.2625123e-08
-9.8577295e-12
-8.5534133e-09
-2.8114697e-12
4.0484843e-08
3.0686876e-08
4.0976774e-12
3.0686082e-08
7.2142894e-12
4.0489479e-08
6.7019236e-12
-8.5452388e-09
-1.4601996e-12
-6.2613877e-08
-9.0901729e-12
-6.2617485e-08
-8.6619901e-12
-8.5538332e-09
-4.5478927e-12
4.0480735e-08
3.0682333e-08
1.8722058e-12
3.0684208e-08
7.8878298e-12
4.0483461e-08
6.0978984e-12
-8.5434524e-09
-1.3153199e-12
-6.2606467e-08
-8.4495958e-12
-6.2610354e-08
-9.1990679e-12
-8.5530868e-09
-2.2135585e-12
4.0473748e-08
3.0680118e-08
3.3451e-12
3.0680868e-08
6.2422638e-12
4.0480571e-08
6.2939893e-12
-8.5434952e-09
-1.365986e-12
-6.2598799e-08
-8.4964982e-12
-6.2603215e-08
-7.5578809e-12
-8.5540169e-09
-3.7351873e-12
4.0469932e-08
3.0676387e-08
6.2160561e-13
3.0680244e-08
6.4576014e-12
4.0474733e-08
5.3176812e-12
-8.5423586e-09
-1.3718332e-12
-6.2592112e-08
-7.7735008e-12
-6.2596816e-08
-7.8089986e-12
-8.5539844e-09
-9.6252213e-13
4.0463084e-08
3.0675423e-08
1.7925234e-12
3.0678457e-08
4.3500853e-12
4.0472184e-08
5.3408455e-12
-8.5433403e-09
-1.6653335e-12
-6.2585097e-08
-8.0473087e-12
-6.2590425e-08
-5.9828533e-12
-8.5560401e-09
-2.2838728e-12
4.0459393e-08
3.0673143e-08
-1.3599813e-12
3.0679815e-08
4.5939161e-12
4.0466228e-08
4.5036927e-12
-8.5432533e-09
-1.966126e-12
-6.257863e-08
-8.0200013e-12
-6.2584374e-08
-6.6080384e-12
-8.5574548e-09
7.9021051e-13
4.0451993e-08
3.0673932e-08
-1.4082024e-13
3.0679961e-08
3.2208174e-12
4.0462875e-08
5.4983198e-12
-8.5455215e-09
-2.6262166e-12
-6.2570497e-08
-9.8756451e-12
-6.2577116e-08
-5.9485666e-12
-8.561373e-09
-7.423049e-13
4.0446794e-08
3.0673194e-08
-2.8577366e-12
3.0682817e-08
5.7693702e-12
4.0454246e-08
6.9798255e-12
-8.546735e-09
-3.2819653e-12
-6.2560238e-08
-1.2852167e-11
-6.2567549e-08
-9.3097357e-12
-8.5649181e-09
1.7260601e-12
4.0435757e-08
3.0674919e-08
-6.953061e-14
3.0682892e-08
9.1574277e-12
4.0445027e-08
1.2577198e-11
-8.5501453e-09
-4.289356e-12
-6.2543362e-08
-1.9874669e-11
-6.2551954e-08
-1.3845445e-11
-8.5709381e-09
-1.5466454e-12
4.0423466e-08
3.0673377e-08
3.8643105e-13
3.0682504e-08
2.0296822e-11
4.0425115e-08
2.2145494e-11
-8.5519969e-09
-5.1446879e-12
-6.2516075e-08
-3.1383822e-11
-6.2525718e-08
-2.6074995e-11
-8.5762495e-09
-2.3830393e-12
4.0399773e-08
3.0670993e-08
8.7489588e-12
3.0673761e-08
3.8030883e-11
4.0395842e-08
4.0752496e-11
-8.554709e-09
-6.2050976e-12
-6.2469108e-08
-5.1443067e-11
-6.2480471e-08
-4.5082632e-11
-8.5826007e-09
-1.1297052e-11
4.0365995e-08
3.06597e-08
1.8504959e-11
3.0655254e-08
7.1092939e-11
4.0343252e-08
7.0269342e-11
-8.5538884e-09
-6.7774713e-12
-6.2392064e-08
-8.253405e-11
-6.2404717e-08
-7.898197e-11
-8.5861553e-09
-2.1391969e-11
4.0308404e-08
3.0638307e-08
4.0496186e-11
3.0614763e-08
1.2129525e-10
4.0262461e-08
1.1746562e-10
-8.5500492e-09
-7.2500337e-12
-6.2267339e-08
-1.3006004e-10
-6.2281898e-08
-1.2987037e-10
-8.5863358e-09
-4.3745317e-11
4.0222286e-08
3.0594566e-08
7.0357876e-11
3.0544403e-08
1.9902947e-10
4.0133788e-08
1.866475e-10
-8.5376704e-09
-6.7383832e-12
-6.2073956e-08
-1.9905678e-10
-6.2089582e-08
-2.0727531e-10
-8.57812e-09
-7.3583634e-11
4.0088593e-08
3.0520981e-08
1.1880549e-10
3.0425603e-08
3.0922231e-10
3.9943379e-08
2.8564567e-10
-8.5140844e-09
-5.7349772e-12
-6.1782566e-08
-2.9568975e-10
-6.1799618e-08
-3.1654106e-10
-8.5572597e-09
-1.2182218e-10
3.9893882e-08
3.0399163e-08
1.837796e-10
3.0241822e-08
4.6223707e-10
3.966492e-08
4.2031252e-10
-8.4721634e-09
-3.2543158e-12
-6.1359003e-08
-4.2681684e-10
-6.1376059e-08
-4.6700976e-10
-8.5170699e-09
-1.8601753e-10
3.9612887e-08
3.0213144e-08
2.7422099e-10
2.9967606e-08
6.640961e-10
3.9275052e-08
5.9715006e-10
-8.4052085e-09
1.5200572e-14
-6.0761859e-08
-5.9723007e-10
-6.0778805e-08
-6.653615e-10
-8.44893e-09
-2.7529858e-10
3.9222831e-08
2.9937849e-08
3.8915703e-10
2.9578447e-08
9.2103599e-10
3.874317e-08
8.2044373e-10
-8.3046205e-09
4.9598792e-12
-5.9946379e-08
-8.1262777e-10
-5.9961221e-08
-9.1687028e-10
-8.3446913e-09
-3.8840652e-10
3.8694365e-08
2.9549441e-08
5.3294096e-10
2.9045511e-08
1.2350755e-09
3.8041043e-08
1.0907566e-09
-8.1602937e-09
1.0658713e-11
-5.8866274e-08
-1.0722459e-09
-5.8878309e-08
-1.2244939e-09
-8.1924356e-09
-5.299008e-10
3.7999778e-08
2.9019543e-08
7.0279384e-10
2.8342714e-08
1.6017072e-09
3.7142125e-08
1.4052493e-09
-7.9638411e-09
1.7635779e-11
-5.7478665e-08
-1.3750068e-09
-5.7485671e-08
-1.5831142e-09
-7.9843332e-09
-6.9687605e-10
3.7113536e-08
2.8322665e-08
8.9486104e-10
2.7447857e-08
2.0112642e-09
3.6025728e-08
1.7523907e-09
-7.7049609e-09
2.4854273e-11
-5.5751122e-08
-1.7088909e-09
-5.575192e-08
-1.9841493e-09
-7.7090684e-09
-8.8571363e-10
3.6015105e-08
2.7436954e-08
1.1007425e-09
2.6347111e-08
2.4410144e-09
3.4685451e-08
2.1154856e-09
-7.3794387e-09
3.22638e-11
-5.3667907e-08
-2.0589531e-09
-5.3660709e-08
-2.4048768e-09
-7.363151e-09
-1.0880503e-09
3.4698274e-08
2.63489e-08
1.3048455e-09
2.5042269e-08
2.8617325e-09
3.3128568e-08
2.4655926e-09
-6.9832932e-09
3.9003453e-11
-5.1241312e-08
-2.3968785e-09
-5.1224822e-08
-2.8169534e-09
-6.943071e-09
-1.288543e-09
3.3169867e-08
2.5060359e-08
1.487934e-09
2.3554331e-08
3.2267357e-09
3.138976e-08
2.7673862e-09
-6.5239512e-09
4.4408878e-11
-4.8518342e-08
-2.6884425e-09
-4.8491977e-08
-3.1744201e-09
-6.4571004e-09
-1.4680758e-09
3.1463517e-08
2.359228e-08
1.6190449e-09
2.1935289e-08
3.4780024e-09
2.9530807e-08
2.9669074e-09
-6.0128527e-09
4.8274535e-11
-4.5599706e-08
-2.8813262e-09
-4.5562373e-08
-3.4194491e-09
-5.9189742e-09
-1.5959081e-09
2.9639978e-08
2.1996373e-08
1.6815688e-09
2.0253715e-08
3.5376791e-09
2.7674692e-08
2.9933936e-09
-5.4685716e-09
4.977314e-11
-4.265609e-08
-2.9042061e-09
-4.2608398e-08
-3.4754586e-09
-5.3477262e-09
-1.6553496e-09
2.7819866e-08
2.0341022e-08
1.7004461e-09
3.3276028e-09
2.7613097e-09
5.0109144e-11
-2.6732208e-09
-3.263571e-09
-1.6724416e-09
)
;

boundaryField
{
    left
    {
        type            calculated;
        value           nonuniform List<scalar> 8(8.1160705e-18 8.1160705e-18 8.1160705e-18 8.1160705e-18 8.1160705e-18 8.1160705e-18 8.1160705e-18 8.1160705e-18);
    }
    right
    {
        type            calculated;
        value           nonuniform List<scalar> 8(1.8553271e-08 2.6047536e-08 -4.9022772e-09 -3.9944888e-08 -3.9885067e-08 -4.7573747e-09 2.6228737e-08 1.8668581e-08);
    }
    walls
    {
        type            calculated;
        value           uniform 0;
    }
    frontAndBack
    {
        type            empty;
        value           nonuniform 0();
    }
}


// ************************************************************************* //
