/*--------------------------------*- C++ -*----------------------------------*\
| =========                 |                                                 |
| \\      /  F ield         | OpenFOAM: The Open Source CFD Toolbox           |
|  \\    /   O peration     | Version:  5.x                                   |
|   \\  /    A nd           | Web:      www.OpenFOAM.org                      |
|    \\/     M anipulation  |                                                 |
\*---------------------------------------------------------------------------*/
FoamFile
{
    version     2.0;
    format      ascii;
    class       surfaceScalarField;
    location    "8";
    object      phi_0;
}
// * * * * * * * * * * * * * * * * * * * * * * * * * * * * * * * * * * * * * //

dimensions      [0 3 -1 0 0 0 0];

internalField   nonuniform List<scalar> 
3592
(
-1.8379207e-06
-1.7475641e-05
-1.1785158e-06
-1.9972965e-05
-5.8260838e-07
-1.9909466e-05
3.8202983e-13
-1.9896169e-05
5.8260913e-07
-1.9896168e-05
1.1785157e-06
-1.9909466e-05
1.8379203e-06
-1.9972964e-05
-1.7475639e-05
-2.4550185e-06
-1.502062e-05
-2.2248534e-06
-2.0203126e-05
-1.1931038e-06
-2.0941209e-05
7.3180473e-13
-2.1089267e-05
1.1931051e-06
-2.1089266e-05
2.2248534e-06
-2.0941209e-05
2.4550184e-06
-2.0203125e-05
-1.5020618e-05
-2.1447211e-06
-1.2875895e-05
-2.3662535e-06
-1.9981589e-05
-1.3756825e-06
-2.1931774e-05
9.6685303e-13
-2.2464945e-05
1.3756841e-06
-2.2464944e-05
2.3662538e-06
-2.1931773e-05
2.1447213e-06
-1.9981588e-05
-1.2875894e-05
-1.6988405e-06
-1.117705e-05
-2.1029434e-06
-1.957748e-05
-1.3040866e-06
-2.2730624e-05
1.0808246e-12
-2.3769027e-05
1.3040883e-06
-2.3769027e-05
2.1029439e-06
-2.2730624e-05
1.6988409e-06
-1.957748e-05
-1.117705e-05
-1.2794013e-06
-9.897645e-06
-1.7146224e-06
-1.9142254e-05
-1.1175872e-06
-2.3327653e-05
1.0377495e-12
-2.4886611e-05
1.1175889e-06
-2.4886611e-05
1.7146231e-06
-2.3327654e-05
1.2794018e-06
-1.9142253e-05
-9.8976449e-06
-9.2886725e-07
-8.9687736e-06
-1.3247298e-06
-1.8746386e-05
-8.9889757e-07
-2.375348e-05
8.8938595e-13
-2.5785505e-05
8.9889903e-07
-2.5785505e-05
1.3247307e-06
-2.375348e-05
9.2886785e-07
-1.8746385e-05
-8.9687734e-06
-6.5540565e-07
-8.3133643e-06
-9.8474411e-07
-1.8417042e-05
-6.9112659e-07
-2.4047093e-05
6.7984387e-13
-2.6476628e-05
6.9112776e-07
-2.6476628e-05
9.8474512e-07
-2.4047092e-05
6.5540633e-07
-1.8417041e-05
-8.3133639e-06
-4.521888e-07
-7.8611714e-06
-7.1054135e-07
-1.8158684e-05
-5.1336468e-07
-2.4244264e-05
4.8576505e-13
-2.6989989e-05
5.1336555e-07
-2.6989988e-05
7.1054239e-07
-2.4244263e-05
4.5218952e-07
-1.8158682e-05
-7.861171e-06
-3.0612701e-07
-7.5550413e-06
-5.0045017e-07
-1.7964356e-05
-3.708397e-07
-2.4373871e-05
2.7078176e-13
-2.7360825e-05
3.7084028e-07
-2.7360825e-05
5.0045117e-07
-2.437387e-05
3.0612775e-07
-1.7964354e-05
-7.5550407e-06
-2.0379163e-07
-7.3512462e-06
-3.4521113e-07
-1.7822931e-05
-2.6166369e-07
-2.4457414e-05
1.0751206e-13
-2.7622485e-05
2.6166399e-07
-2.7622484e-05
3.4521206e-07
-2.4457412e-05
2.0379234e-07
-1.7822929e-05
-7.3512456e-06
-1.3347505e-07
-7.2177687e-06
-2.3371671e-07
-1.7722685e-05
-1.8083311e-07
-2.4510295e-05
-5.3707259e-14
-2.7803315e-05
1.8083318e-07
-2.7803315e-05
2.337175e-07
-2.4510293e-05
1.3347572e-07
-1.7722684e-05
-7.217768e-06
-8.6044614e-08
-7.1317213e-06
-1.5544832e-07
-1.7653277e-05
-1.2262208e-07
-2.4543117e-05
-1.6783189e-13
-2.7925934e-05
1.2262194e-07
-2.7925933e-05
1.5544896e-07
-2.4543115e-05
8.6045209e-08
-1.7653276e-05
-7.1317207e-06
-5.4537252e-08
-7.0771825e-06
-1.0161678e-07
-1.7606195e-05
-8.164954e-08
-2.4563083e-05
-2.6070623e-13
-2.8007581e-05
8.1649238e-08
-2.800758e-05
1.0161725e-07
-2.4563081e-05
5.4537761e-08
-1.7606193e-05
-7.0771818e-06
-3.395605e-08
-7.0432243e-06
-6.5248669e-08
-1.7574899e-05
-5.3399477e-08
-2.4574929e-05
-3.3341792e-13
-2.8060977e-05
5.339905e-08
-2.8060976e-05
6.5248986e-08
-2.4574927e-05
3.3956468e-08
-1.7574897e-05
-7.0432238e-06
-2.0706605e-08
-7.0225168e-06
-4.1109989e-08
-1.7554494e-05
-3.4277609e-08
-2.458176e-05
-3.7399509e-13
-2.8095253e-05
3.4277072e-08
-2.8095252e-05
4.1110149e-08
-2.4581758e-05
2.0706927e-08
-1.7554492e-05
-7.0225162e-06
-1.2327585e-08
-7.0101876e-06
-2.5354154e-08
-1.7541464e-05
-2.1567385e-08
-2.4585544e-05
-4.1748402e-13
-2.8116817e-05
2.1566786e-08
-2.8116816e-05
2.5354178e-08
-2.4585542e-05
1.2327824e-08
-1.7541463e-05
-7.0101872e-06
-7.1172155e-09
-7.0030698e-06
-1.5254023e-08
-1.7533326e-05
-1.3266399e-08
-2.458753e-05
-4.1854726e-13
-2.8130081e-05
1.3265732e-08
-2.8130081e-05
1.5253931e-08
-2.4587529e-05
7.1173703e-09
-1.7533325e-05
-7.0030694e-06
-3.9474383e-09
-6.9991211e-06
-8.8992631e-09
-1.7528372e-05
-7.945973e-09
-2.4588481e-05
-4.3747727e-13
-2.8138025e-05
7.945299e-09
-2.8138024e-05
8.8990813e-09
-2.4588481e-05
3.9475352e-09
-1.7528371e-05
-6.999121e-06
-2.0642404e-09
-6.9970565e-06
-4.987063e-09
-1.7525448e-05
-4.6032191e-09
-2.4588864e-05
-4.2210798e-13
-2.8142626e-05
4.6025186e-09
-2.8142626e-05
4.9868208e-09
-2.4588864e-05
2.064279e-09
-1.7525448e-05
-6.9970564e-06
-9.809571e-10
-6.9960744e-06
-2.6381211e-09
-1.7523789e-05
-2.5508782e-09
-2.4588949e-05
-4.1692093e-13
-2.8145175e-05
2.5502082e-09
-2.8145175e-05
2.6378423e-09
-2.458895e-05
9.8096776e-10
-1.7523789e-05
-6.9960746e-06
-3.8303243e-10
-6.995691e-06
-1.271937e-09
-1.7522899e-05
-1.3244177e-09
-2.4588896e-05
-3.8016331e-13
-2.8146498e-05
1.3237714e-09
-2.8146498e-05
1.2716495e-09
-2.4588897e-05
3.8301342e-10
-1.75229e-05
-6.9956914e-06
-7.3183632e-11
-6.9956168e-06
-5.0965286e-10
-1.7522461e-05
-6.1643303e-10
-2.4588787e-05
-3.4805648e-13
-2.8147112e-05
6.1585981e-10
-2.8147112e-05
5.0938464e-10
-2.4588788e-05
7.3164976e-11
-1.7522462e-05
-6.9956174e-06
7.1804979e-11
-6.9956883e-06
-1.0962259e-10
-1.7522278e-05
-2.2605988e-10
-2.458867e-05
-3.0162854e-13
-2.8147337e-05
2.2555757e-10
-2.8147337e-05
1.0938898e-10
-2.4588672e-05
-7.1828334e-11
-1.752228e-05
-6.9956891e-06
1.2578134e-10
-6.995813e-06
8.066974e-11
-1.7522231e-05
-2.5368011e-11
-2.4588562e-05
-2.3816411e-13
-2.814736e-05
2.4969695e-11
-2.8147361e-05
-8.0842891e-11
-2.4588564e-05
-1.2578371e-10
-1.7522233e-05
-6.995814e-06
1.3357824e-10
-6.9959463e-06
1.5395396e-10
-1.7522251e-05
6.6496581e-11
-2.4588474e-05
-1.743012e-13
-2.8147292e-05
-6.6774555e-11
-2.8147293e-05
-1.5406129e-10
-2.4588476e-05
-1.3356748e-10
-1.7522253e-05
-6.9959474e-06
1.1943255e-10
-6.9960646e-06
1.6682113e-10
-1.7522296e-05
9.8286076e-11
-2.4588403e-05
-9.4946813e-14
-2.8147192e-05
-9.8438138e-11
-2.8147193e-05
-1.6683845e-10
-2.4588406e-05
-1.1938835e-10
-1.7522299e-05
-6.9960659e-06
9.8243347e-11
-6.9961626e-06
1.5076433e-10
-1.7522348e-05
9.9849461e-11
-2.4588352e-05
-2.4290134e-14
-2.8147091e-05
-9.9856889e-11
-2.8147093e-05
-1.5070335e-10
-2.4588355e-05
-9.8177137e-11
-1.7522351e-05
-6.9961639e-06
7.5771912e-11
-6.9962373e-06
1.2456642e-10
-1.7522395e-05
8.7418894e-11
-2.4588313e-05
6.2550744e-14
-2.8147002e-05
-8.7295837e-11
-2.8147003e-05
-1.2440592e-10
-2.4588316e-05
-7.5668974e-11
-1.7522398e-05
-6.9962387e-06
5.6540496e-11
-6.9962935e-06
9.6520252e-11
-1.7522434e-05
7.0779319e-11
-2.4588286e-05
1.3139014e-13
-2.8146931e-05
-7.0510699e-11
-2.8146932e-05
-9.6284443e-11
-2.4588289e-05
-5.6414598e-11
-1.7522437e-05
-6.9962949e-06
4.0201078e-11
-6.9963327e-06
7.188384e-11
-1.7522464e-05
5.3939943e-11
-2.4588267e-05
2.127903e-13
-2.8146875e-05
-5.3553603e-11
-2.8146877e-05
-7.1556072e-11
-2.458827e-05
-4.0042158e-11
-1.7522467e-05
-6.9963342e-06
2.8225752e-11
-6.9963606e-06
5.1172393e-11
-1.7522487e-05
3.9578216e-11
-2.4588254e-05
2.7019516e-13
-2.8146836e-05
-3.9067157e-11
-2.8146837e-05
-5.0784058e-11
-2.4588257e-05
-2.804853e-11
-1.752249e-05
-6.996362e-06
1.8680443e-11
-6.9963783e-06
3.5519084e-11
-1.7522502e-05
2.768803e-11
-2.4588245e-05
3.3500862e-13
-2.8146806e-05
-2.7086782e-11
-2.8146808e-05
-3.5058696e-11
-2.4588248e-05
-1.8478256e-11
-1.7522505e-05
-6.9963797e-06
1.2445271e-11
-6.9963905e-06
2.3384491e-11
-1.7522512e-05
1.8835148e-11
-2.458824e-05
3.7409295e-13
-2.8146787e-05
-1.8145489e-11
-2.8146789e-05
-2.2885654e-11
-2.4588243e-05
-1.2232613e-11
-1.7522515e-05
-6.9963917e-06
7.4463549e-12
-6.9963969e-06
1.504031e-11
-1.7522518e-05
1.2010574e-11
-2.4588235e-05
4.1596094e-13
-2.8146774e-05
-1.126666e-11
-2.8146775e-05
-1.4495774e-11
-2.4588238e-05
-7.2185961e-12
-1.7522521e-05
-6.9963981e-06
4.641434e-12
-6.9964013e-06
8.7394041e-12
-1.7522521e-05
7.3790956e-12
-2.4588233e-05
4.3402936e-13
-2.8146767e-05
-6.5892876e-12
-2.8146768e-05
-8.180771e-12
-2.4588236e-05
-4.4118501e-12
-1.7522524e-05
-6.9964024e-06
2.160482e-12
-6.9964025e-06
4.8254507e-12
-1.7522522e-05
3.8765815e-12
-2.4588231e-05
4.5176134e-13
-2.8146762e-05
-3.0692588e-12
-2.8146763e-05
-4.2479057e-12
-2.4588233e-05
-1.9252907e-12
-1.7522525e-05
-6.9964035e-06
1.1303177e-12
-6.9964034e-06
1.7867769e-12
-1.7522523e-05
1.738871e-12
-2.458823e-05
4.5006785e-13
-2.814676e-05
-9.2592855e-13
-2.8146761e-05
-1.2172132e-12
-2.4588232e-05
-9.009229e-13
-1.7522525e-05
-6.9964043e-06
-1.0808026e-13
-6.9964023e-06
1.9106451e-13
-1.7522521e-05
5.6949955e-14
-2.4588228e-05
4.4669474e-13
-2.8146759e-05
7.4214577e-13
-2.814676e-05
3.7470754e-13
-2.458823e-05
3.3542744e-13
-1.7522523e-05
-6.9964032e-06
-3.1104362e-13
-6.9964018e-06
-1.2264361e-12
-1.752252e-05
-7.9791399e-13
-2.4588228e-05
4.2942705e-13
-2.814676e-05
1.5705167e-12
-2.814676e-05
1.7674349e-12
-2.458823e-05
5.2709538e-13
-1.7522521e-05
-6.9964025e-06
-9.8838067e-13
-6.9963999e-06
-1.7282061e-12
-1.7522517e-05
-1.5885711e-12
-2.4588227e-05
4.1055206e-13
-2.814676e-05
2.3251031e-12
-2.8146761e-05
2.2493147e-12
-2.4588228e-05
1.1972543e-12
-1.7522519e-05
-6.9964005e-06
-8.4132367e-13
-6.9963989e-06
-2.4099938e-12
-1.7522515e-05
-1.8463237e-12
-2.4588227e-05
3.83362e-13
-2.8146762e-05
2.5352196e-12
-2.8146763e-05
2.8960962e-12
-2.4588228e-05
1.0358947e-12
-1.7522517e-05
-6.9963994e-06
-1.2841521e-12
-6.9963967e-06
-2.4402077e-12
-1.7522513e-05
-2.2373651e-12
-2.4588226e-05
3.5537927e-13
-2.8146763e-05
2.8781927e-12
-2.8146763e-05
2.8975067e-12
-2.4588227e-05
1.4689542e-12
-1.7522514e-05
-6.9963971e-06
-1.005133e-12
-6.9963955e-06
-2.8140224e-12
-1.752251e-05
-2.2402863e-12
-2.4588226e-05
3.2392693e-13
-2.8146765e-05
2.8232549e-12
-2.8146766e-05
3.2323721e-12
-2.4588227e-05
1.1749108e-12
-1.7522511e-05
-6.9963958e-06
-1.3560969e-12
-6.9963932e-06
-2.6593939e-12
-1.7522508e-05
-2.4650384e-12
-2.4588225e-05
2.9263838e-13
-2.8146766e-05
2.997117e-12
-2.8146767e-05
3.0463344e-12
-2.4588226e-05
1.5156106e-12
-1.7522508e-05
-6.9963936e-06
-1.0361429e-12
-6.9963921e-06
-2.9135687e-12
-1.7522505e-05
-2.3678652e-12
-2.4588225e-05
2.6160472e-13
-2.8146769e-05
2.8408449e-12
-2.8146769e-05
3.2626295e-12
-2.4588226e-05
1.1816491e-12
-1.7522506e-05
-6.9963923e-06
-1.3518809e-12
-6.9963898e-06
-2.694709e-12
-1.7522502e-05
-2.5270722e-12
-2.4588224e-05
2.3141615e-13
-2.814677e-05
2.9532148e-12
-2.814677e-05
3.0143906e-12
-2.4588224e-05
1.4880646e-12
-1.7522503e-05
-6.9963901e-06
-1.0253334e-12
-6.9963887e-06
-2.9047504e-12
-1.75225e-05
-2.393464e-12
-2.4588224e-05
2.040227e-13
-2.8146772e-05
2.7654485e-12
-2.8146773e-05
3.1909258e-12
-2.4588224e-05
1.1496023e-12
-1.7522501e-05
-6.9963888e-06
-1.3258184e-12
-6.9963864e-06
-2.6675951e-12
-1.7522497e-05
-2.5266094e-12
-2.4588222e-05
1.776907e-13
-2.8146774e-05
2.8599993e-12
-2.8146774e-05
2.9291929e-12
-2.4588223e-05
1.4424717e-12
-1.7522498e-05
-6.9963866e-06
-1.0039667e-12
-6.9963853e-06
-2.8605845e-12
-1.7522495e-05
-2.3802082e-12
-2.4588223e-05
1.5566471e-13
-2.8146776e-05
2.6677347e-12
-2.8146776e-05
3.0946861e-12
-2.4588223e-05
1.1112647e-12
-1.7522496e-05
-6.9963854e-06
-1.2950665e-12
-6.9963831e-06
-2.62054e-12
-1.7522492e-05
-2.5011719e-12
-2.4588221e-05
1.3444533e-13
-2.8146777e-05
2.7601077e-12
-2.8146777e-05
2.8359988e-12
-2.4588222e-05
1.396665e-12
-1.7522493e-05
-6.9963833e-06
-9.8081356e-13
-6.996382e-06
-2.8048061e-12
-1.752249e-05
-2.3498102e-12
-2.4588221e-05
1.1827581e-13
-2.8146779e-05
2.5722114e-12
-2.8146779e-05
2.9990828e-12
-2.4588222e-05
1.075619e-12
-1.7522491e-05
-6.9963822e-06
-1.2636936e-12
-6.9963799e-06
-2.5661504e-12
-1.7522487e-05
-2.4629611e-12
-2.458822e-05
1.0228988e-13
-2.814678e-05
2.666715e-12
-2.8146781e-05
2.7476523e-12
-2.4588221e-05
1.3545431e-12
-1.7522488e-05
-6.9963801e-06
-9.5735703e-13
-6.9963788e-06
-2.7437078e-12
-1.7522485e-05
-2.3090277e-12
-2.458822e-05
9.1610618e-14
-2.8146783e-05
2.4850189e-12
-2.8146783e-05
2.9097612e-12
-2.4588221e-05
1.0436908e-12
-1.7522486e-05
-6.996379e-06
-1.2319933e-12
-6.9963767e-06
-2.5073021e-12
-1.7522483e-05
-2.4157565e-12
-2.4588219e-05
8.0267051e-14
-2.8146784e-05
2.5818577e-12
-2.8146784e-05
2.6656612e-12
-2.4588219e-05
1.3157334e-12
-1.7522483e-05
-6.996377e-06
-9.3332926e-13
-6.9963757e-06
-2.6785105e-12
-1.752248e-05
-2.2601378e-12
-2.4588219e-05
7.4238081e-14
-2.8146786e-05
2.4058115e-12
-2.8146786e-05
2.8261174e-12
-2.458822e-05
1.0144132e-12
-1.7522481e-05
-6.9963759e-06
-1.1996203e-12
-6.9963737e-06
-2.4444837e-12
-1.7522478e-05
-2.3611587e-12
-2.4588218e-05
6.6605664e-14
-2.8146787e-05
2.5040011e-12
-2.8146787e-05
2.5883768e-12
-2.4588218e-05
1.2790231e-12
-1.7522478e-05
-6.9963739e-06
-9.0838884e-13
-6.9963727e-06
-2.6095211e-12
-1.7522476e-05
-2.2044866e-12
-2.4588218e-05
6.4220589e-14
-2.8146789e-05
2.3324871e-12
-2.8146789e-05
2.7461953e-12
-2.4588219e-05
9.8656066e-13
-1.7522476e-05
-6.9963729e-06
-1.1663991e-12
-6.9963707e-06
-2.3780071e-12
-1.7522473e-05
-2.3004696e-12
-2.4588217e-05
5.930023e-14
-2.814679e-05
2.4309296e-12
-2.814679e-05
2.5138235e-12
-2.4588217e-05
1.2433774e-12
-1.7522474e-05
-6.996371e-06
-8.8244637e-13
-6.9963697e-06
-2.5371866e-12
-1.7522471e-05
-2.1433851e-12
-2.4588217e-05
5.9591871e-14
-2.8146792e-05
2.2629007e-12
-2.8146792e-05
2.668242e-12
-2.4588218e-05
9.5923588e-13
-1.7522472e-05
-6.99637e-06
-1.1323894e-12
-6.9963678e-06
-2.3084183e-12
-1.7522469e-05
-2.2350298e-12
-2.4588216e-05
5.6480364e-14
-2.8146793e-05
2.3607239e-12
-2.8146793e-05
2.4404891e-12
-2.4588216e-05
1.2081222e-12
-1.752247e-05
-6.9963681e-06
-8.5560744e-13
-6.9963669e-06
-2.4621679e-12
-1.7522467e-05
-2.07816e-12
-2.4588216e-05
5.8629064e-14
-2.8146795e-05
2.1953797e-12
-2.8146795e-05
2.5910533e-12
-2.4588217e-05
9.3189278e-13
-1.7522468e-05
-6.9963672e-06
-1.0977851e-12
-6.9963649e-06
-2.2364158e-12
-1.7522464e-05
-2.1661396e-12
-2.4588214e-05
5.6595049e-14
-2.8146796e-05
2.2919978e-12
-2.8146796e-05
2.367418e-12
-2.4588215e-05
1.1728901e-12
-1.7522465e-05
-6.9963653e-06
-8.2806847e-13
-6.9963641e-06
-2.385203e-12
-1.7522463e-05
-2.0100382e-12
-2.4588215e-05
5.9966095e-14
-2.8146798e-05
2.1287917e-12
-2.8146798e-05
2.5139344e-12
-2.4588216e-05
9.0425127e-13
-1.7522463e-05
-6.9963644e-06
-1.0628241e-12
-6.9963622e-06
-2.1627146e-12
-1.752246e-05
-2.0949509e-12
-2.4588213e-05
5.8463567e-14
-2.8146798e-05
2.2238712e-12
-2.8146799e-05
2.294107e-12
-2.4588214e-05
1.1375272e-12
-1.7522461e-05
-6.9963627e-06
-8.0004334e-13
-6.9963614e-06
-2.3069966e-12
-1.7522459e-05
-1.9400676e-12
-2.4588214e-05
6.2598427e-14
-2.81468e-05
2.0624643e-12
-2.8146801e-05
2.4365735e-12
-2.4588215e-05
8.7620792e-13
-1.7522459e-05
-6.9963618e-06
-1.0277355e-12
-6.9963596e-06
-2.0879669e-12
-1.7522456e-05
-2.0224199e-12
-2.4588213e-05
6.1246141e-14
-2.8146801e-05
2.155865e-12
-2.8146802e-05
2.2203753e-12
-2.4588213e-05
1.1020143e-12
-1.7522457e-05
-6.9963601e-06
-7.7173125e-13
-6.9963589e-06
-2.2281686e-12
-1.7522455e-05
-1.8690992e-12
-2.4588213e-05
6.5831461e-14
-2.8146803e-05
1.9960701e-12
-2.8146803e-05
2.3589183e-12
-2.4588214e-05
8.4776886e-13
-1.7522456e-05
-6.9963592e-06
-9.9272201e-13
-6.9963571e-06
-2.0127345e-12
-1.7522452e-05
-1.9493122e-12
-2.4588212e-05
6.4376904e-14
-2.8146804e-05
2.0877872e-12
-2.8146804e-05
2.1462518e-12
-2.4588213e-05
1.0664124e-12
-1.7522453e-05
-6.9963576e-06
-7.4330528e-13
-6.9963564e-06
-2.1492452e-12
-1.7522451e-05
-1.7978084e-12
-2.4588212e-05
6.9206799e-14
-2.8146806e-05
1.9295185e-12
-2.8146806e-05
2.2810785e-12
-2.4588213e-05
8.1900384e-13
-1.7522452e-05
-6.9963568e-06
-9.579558e-13
-6.9963547e-06
-1.9374924e-12
-1.7522449e-05
-1.8762341e-12
-2.4588211e-05
6.7490534e-14
-2.8146806e-05
2.0196347e-12
-2.8146807e-05
2.0718923e-12
-2.4588212e-05
1.030824e-12
-1.752245e-05
-6.9963552e-06
-7.1491477e-13
-6.996354e-06
-2.0706706e-12
-1.7522447e-05
-1.726732e-12
-2.4588211e-05
7.2433811e-14
-2.8146808e-05
1.8628683e-12
-2.8146809e-05
2.2032568e-12
-2.4588212e-05
7.9001624e-13
-1.7522448e-05
-6.9963544e-06
-9.2358304e-13
-6.9963523e-06
-1.8626436e-12
-1.7522445e-05
-1.8036706e-12
-2.458821e-05
7.0358959e-14
-2.8146809e-05
1.9515177e-12
-2.8146809e-05
1.9975202e-12
-2.4588211e-05
9.9537127e-13
-1.7522446e-05
-6.9963528e-06
-6.8668806e-13
-6.9963517e-06
-1.992822e-12
-1.7522444e-05
-1.6563027e-12
-2.458821e-05
7.5332803e-14
-2.8146811e-05
1.796263e-12
-2.8146811e-05
2.125699e-12
-2.4588212e-05
7.6092427e-13
-1.7522445e-05
-6.9963521e-06
-8.8972771e-13
-6.9963501e-06
-1.7885329e-12
-1.7522442e-05
-1.7320157e-12
-2.4588209e-05
7.2842755e-14
-2.8146811e-05
1.883606e-12
-2.8146812e-05
1.9233875e-12
-2.458821e-05
9.6018029e-13
-1.7522443e-05
-6.9963506e-06
-6.5873755e-13
-6.9963495e-06
-1.9160221e-12
-1.7522441e-05
-1.5868752e-12
-2.458821e-05
7.7794068e-14
-2.8146813e-05
1.7298877e-12
-2.8146814e-05
2.0486639e-12
-2.4588211e-05
7.3184838e-13
-1.7522442e-05
-6.99635e-06
-8.5649619e-13
-6.996348e-06
-1.7154569e-12
-1.7522439e-05
-1.6615934e-12
-2.4588209e-05
7.4857945e-14
-2.8146814e-05
1.8160942e-12
-2.8146814e-05
1.8497494e-12
-2.458821e-05
9.2537258e-13
-1.752244e-05
-6.9963485e-06
-6.3116126e-13
-6.9963474e-06
-1.8405473e-12
-1.7522437e-05
-1.5187429e-12
-2.4588209e-05
7.9753303e-14
-2.8146815e-05
1.66394e-12
-2.8146816e-05
1.972403e-12
-2.458821e-05
7.0290481e-13
-1.7522438e-05
-6.9963479e-06
-8.2397801e-13
-6.9963459e-06
-1.6436703e-12
-1.7522435e-05
-1.5926718e-12
-2.4588208e-05
7.6357216e-14
-2.8146816e-05
1.74918e-12
-2.8146816e-05
1.776849e-12
-2.4588209e-05
8.9105932e-13
-1.7522437e-05
-6.9963464e-06
-6.0404365e-13
-6.9963454e-06
-1.7666321e-12
-1.7522434e-05
-1.4521478e-12
-2.4588208e-05
8.1175401e-14
-2.8146818e-05
1.5986152e-12
-2.8146818e-05
1.8971499e-12
-2.458821e-05
6.7420031e-13
-1.7522435e-05
-6.9963459e-06
-7.9224695e-13
-6.996344e-06
-1.5733882e-12
-1.7522432e-05
-1.5254693e-12
-2.4588207e-05
7.7317171e-14
-2.8146818e-05
1.6830522e-12
-2.8146819e-05
1.7049095e-12
-2.4588208e-05
8.5733932e-13
-1.7522434e-05
-6.9963445e-06
-5.7745599e-13
-6.9963435e-06
-1.6944706e-12
-1.7522431e-05
-1.3872857e-12
-2.4588208e-05
8.2046886e-14
-2.814682e-05
1.5340957e-12
-2.814682e-05
1.8231139e-12
-2.4588209e-05
6.4583162e-13
-1.7522433e-05
-6.9963439e-06
-7.6136236e-13
-6.9963421e-06
-1.504787e-12
-1.752243e-05
-1.4601587e-12
-2.4588207e-05
7.7733926e-14
-2.814682e-05
1.6178837e-12
-2.8146821e-05
1.6341293e-12
-2.4588208e-05
8.2429788e-13
-1.7522431e-05
-6.9963426e-06
-5.5145726e-13
-6.9963417e-06
-1.6242172e-12
-1.7522429e-05
-1.3243078e-12
-2.4588207e-05
8.2371532e-14
-2.8146822e-05
1.4705477e-12
-2.8146822e-05
1.7504775e-12
-2.4588208e-05
6.1788317e-13
-1.752243e-05
-6.9963421e-06
-7.3136884e-13
-6.9963403e-06
-1.4380052e-12
-1.7522427e-05
-1.3968686e-12
-2.4588206e-05
7.7619149e-14
-2.8146822e-05
1.5538304e-12
-2.8146823e-05
1.5646801e-12
-2.4588207e-05
7.9200629e-13
-1.7522428e-05
-6.9963408e-06
-5.2609335e-13
-6.99634e-06
-1.5559885e-12
-1.7522426e-05
-1.263323e-12
-2.4588207e-05
8.2167769e-14
-2.8146824e-05
1.408119e-12
-2.8146824e-05
1.6793952e-12
-2.4588208e-05
5.9042735e-13
-1.7522427e-05
-6.9963404e-06
-7.0229702e-13
-6.9963386e-06
-1.3731452e-12
-1.7522424e-05
-1.3356863e-12
-2.4588206e-05
7.6997946e-14
-2.8146824e-05
1.4910283e-12
-2.8146825e-05
1.4967069e-12
-2.4588207e-05
7.6052219e-13
-1.7522426e-05
-6.9963391e-06
-5.0139762e-13
-6.9963383e-06
-1.4898647e-12
-1.7522424e-05
-1.204401e-12
-2.4588206e-05
8.1466708e-14
-2.8146826e-05
1.3469385e-12
-2.8146826e-05
1.6099947e-12
-2.4588207e-05
5.6352491e-13
-1.7522425e-05
-6.9963387e-06
-6.7416463e-13
-6.996337e-06
-1.3102745e-12
-1.7522422e-05
-1.2766609e-12
-2.4588205e-05
7.5907284e-14
-2.8146826e-05
1.4295938e-12
-2.8146827e-05
1.4303289e-12
-2.4588206e-05
7.2989062e-13
-1.7522423e-05
-6.9963375e-06
-4.7739193e-13
-6.9963367e-06
-1.4258921e-12
-1.7522421e-05
-1.1475761e-12
-2.4588206e-05
8.0310171e-14
-2.8146828e-05
1.2871158e-12
-2.8146828e-05
1.5423773e-12
-2.4588207e-05
5.3722503e-13
-1.7522422e-05
-6.9963371e-06
-6.4697697e-13
-6.9963355e-06
-1.2494297e-12
-1.752242e-05
-1.219808e-12
-2.4588205e-05
7.4393422e-14
-2.8146828e-05
1.3696249e-12
-2.8146829e-05
1.3656402e-12
-2.4588206e-05
7.0014463e-13
-1.7522421e-05
-6.9963359e-06
-4.5408804e-13
-6.9963352e-06
-1.3640878e-12
-1.7522419e-05
-1.0928505e-12
-2.4588206e-05
7.8748213e-14
-2.814683e-05
1.228742e-12
-2.814683e-05
1.4766195e-12
-2.4588207e-05
5.1156648e-13
-1.752242e-05
-6.9963356e-06
-6.2073008e-13
-6.996334e-06
-1.1906199e-12
-1.7522418e-05
-1.1651128e-12
-2.4588205e-05
7.2509249e-14
-2.814683e-05
1.3112003e-12
-2.814683e-05
1.3027112e-12
-2.4588206e-05
6.7130565e-13
-1.7522419e-05
-6.9963345e-06
-4.3148845e-13
-6.9963338e-06
-1.3044424e-12
-1.7522417e-05
-1.0401995e-12
-2.4588205e-05
7.6836059e-14
-2.8146831e-05
1.1718892e-12
-2.8146832e-05
1.4127746e-12
-2.4588206e-05
4.8657739e-13
-1.7522418e-05
-6.9963341e-06
-5.9541065e-13
-6.9963326e-06
-1.1338302e-12
-1.7522415e-05
-1.1125362e-12
-2.4588204e-05
7.0311743e-14
-2.8146832e-05
1.2543804e-12
-2.8146832e-05
1.2415904e-12
-2.4588205e-05
6.4338531e-13
-1.7522416e-05
-6.996333e-06
-4.0958852e-13
-6.9963324e-06
-1.2469246e-12
-1.7522415e-05
-9.8957672e-13
-2.4588205e-05
7.4632168e-14
-2.8146833e-05
1.1166121e-12
-2.8146833e-05
1.350875e-12
-2.4588206e-05
4.6227738e-13
-1.7522416e-05
-6.9963328e-06
-5.7099831e-13
-6.9963313e-06
-1.0790268e-12
-1.7522414e-05
-1.0620197e-12
-2.4588204e-05
6.7859622e-14
-2.8146833e-05
1.1992085e-12
-2.8146834e-05
1.1823065e-12
-2.4588205e-05
6.1638666e-13
-1.7522414e-05
-6.9963317e-06
-3.8837638e-13
-6.9963311e-06
-1.191486e-12
-1.7522413e-05
-9.4091863e-13
-2.4588205e-05
7.2195182e-14
-2.8146835e-05
1.062949e-12
-2.8146835e-05
1.2909336e-12
-2.4588206e-05
4.3867761e-13
-1.7522414e-05
-6.9963315e-06
-5.4746727e-13
-6.99633e-06
-1.02616e-12
-1.7522412e-05
-1.01349e-12
-2.4588204e-05
6.5211035e-14
-2.8146835e-05
1.1457114e-12
-2.8146835e-05
1.1248703e-12
-2.4588205e-05
5.9030457e-13
-1.7522413e-05
-6.9963304e-06
-3.6783651e-13
-6.9963299e-06
-1.1380643e-12
-1.7522411e-05
-8.9414956e-13
-2.4588204e-05
6.9582529e-14
-2.8146836e-05
1.0109215e-12
-2.8146836e-05
1.232947e-12
-2.4588205e-05
4.15782e-13
-1.7522412e-05
-6.9963302e-06
-5.2478799e-13
-6.9963288e-06
-9.7516875e-13
-1.752241e-05
-9.6686348e-13
-2.4588203e-05
6.2421576e-14
-2.8146836e-05
1.093901e-12
-2.8146837e-05
1.0692768e-12
-2.4588204e-05
5.6512716e-13
-1.7522411e-05
-6.9963292e-06
-3.4794916e-13
-6.9963287e-06
-1.0865884e-12
-1.7522409e-05
-8.4918498e-13
-2.4588204e-05
6.6848157e-14
-2.8146838e-05
9.605377e-13
-2.8146838e-05
1.1768968e-12
-2.4588205e-05
3.9358822e-13
-1.752241e-05
-6.996329e-06
-5.0292749e-13
-6.9963277e-06
-9.2598451e-13
-1.7522408e-05
-9.2204988e-13
-2.4588203e-05
5.9542924e-14
-2.8146838e-05
1.0437754e-12
-2.8146838e-05
1.0155074e-12
-2.4588204e-05
5.4083735e-13
-1.7522409e-05
-6.9963281e-06
-3.2869203e-13
-6.9963276e-06
-1.0369796e-12
-1.7522408e-05
-8.0593649e-13
-2.4588204e-05
6.404185e-14
-2.8146839e-05
9.1179232e-13
-2.8146839e-05
1.1227525e-12
-2.4588205e-05
3.7208886e-13
-1.7522409e-05
-6.9963279e-06
-4.8185149e-13
-6.9963266e-06
-8.7853276e-13
-1.7522407e-05
-8.7895627e-13
-2.4588203e-05
5.6621763e-14
-2.8146839e-05
9.9532099e-13
-2.8146839e-05
9.6353255e-13
-2.4588204e-05
5.1741355e-13
-1.7522407e-05
-6.996327e-06
-3.1004157e-13
-6.9963266e-06
-9.8915613e-13
-1.7522406e-05
-7.643132e-13
-2.4588204e-05
6.1207596e-14
-2.814684e-05
8.6466939e-13
-2.8146841e-05
1.0704735e-12
-2.4588204e-05
3.5127218e-13
-1.7522407e-05
-6.9963268e-06
-4.6152466e-13
-6.9963256e-06
-8.3273645e-13
-1.7522405e-05
-8.3748884e-13
-2.4588203e-05
5.3699359e-14
-2.814684e-05
9.4851389e-13
-2.8146841e-05
9.1331319e-13
-2.4588203e-05
4.9483035e-13
-1.7522406e-05
-6.9963259e-06
-2.9197335e-13
-6.9963256e-06
-9.430345e-13
-1.7522405e-05
-7.2422532e-13
-2.4588203e-05
5.838433e-14
-2.8146842e-05
8.1914279e-13
-2.8146842e-05
1.020011e-12
-2.4588204e-05
3.3112314e-13
-1.7522406e-05
-6.9963258e-06
-4.4191202e-13
-6.9963246e-06
-7.8851836e-13
-1.7522404e-05
-7.9755568e-13
-2.4588203e-05
5.0811147e-14
-2.8146842e-05
9.0332127e-13
-2.8146842e-05
8.6480346e-13
-2.4588203e-05
4.7306005e-13
-1.7522404e-05
-6.9963249e-06
-2.7446286e-13
-6.9963246e-06
-8.9853199e-13
-1.7522403e-05
-6.855853e-13
-2.4588203e-05
5.5604557e-14
-2.8146843e-05
7.7517924e-13
-2.8146843e-05
9.7131073e-13
-2.4588204e-05
3.1162395e-13
-1.7522404e-05
-6.9963249e-06
-4.2297887e-13
-6.9963237e-06
-7.4580226e-13
-1.7522402e-05
-7.5906822e-13
-2.4588202e-05
4.7986353e-14
-2.8146843e-05
8.5970417e-13
-2.8146843e-05
8.1795184e-13
-2.4588203e-05
4.5207308e-13
-1.7522403e-05
-6.996324e-06
-2.5748617e-13
-6.9963237e-06
-8.5556794e-13
-1.7522402e-05
-6.4830965e-13
-2.4588203e-05
5.2895067e-14
-2.8146844e-05
7.3273901e-13
-2.8146844e-05
9.2431358e-13
-2.4588204e-05
2.9275533e-13
-1.7522403e-05
-6.996324e-06
-4.0469164e-13
-6.9963228e-06
-7.0451451e-13
-1.7522401e-05
-7.219423e-13
-2.4588202e-05
4.5248871e-14
-2.8146844e-05
8.1761775e-13
-2.8146844e-05
7.7270362e-13
-2.4588203e-05
4.318391e-13
-1.7522402e-05
-6.9963231e-06
-2.4101997e-13
-6.9963229e-06
-8.1406469e-13
-1.7522401e-05
-6.1231955e-13
-2.4588203e-05
5.0277538e-14
-2.8146845e-05
6.9177795e-13
-2.8146845e-05
8.7895839e-13
-2.4588204e-05
2.7449649e-13
-1.7522401e-05
-6.9963231e-06
-3.8701863e-13
-6.996322e-06
-6.6458456e-13
-1.75224e-05
-6.8609923e-13
-2.4588202e-05
4.2617141e-14
-2.8146845e-05
7.7701406e-13
-2.8146845e-05
7.290021e-13
-2.4588203e-05
4.1232714e-13
-1.7522401e-05
-6.9963223e-06
-2.2504271e-13
-6.9963221e-06
-7.7394871e-13
-1.75224e-05
-5.7754208e-13
-2.4588203e-05
4.7768141e-14
-2.8146846e-05
6.5224888e-13
-2.8146846e-05
8.3518277e-13
-2.4588203e-05
2.5682674e-13
-1.75224e-05
-6.9963223e-06
-3.6992951e-13
-6.9963212e-06
-6.2594637e-13
-1.7522399e-05
-6.5146641e-13
-2.4588202e-05
4.0105223e-14
-2.8146846e-05
7.3784241e-13
-2.8146846e-05
6.8678988e-13
-2.4588203e-05
3.935066e-13
-1.7522399e-05
-6.9963215e-06
-2.0953366e-13
-6.9963213e-06
-7.3515125e-13
-1.7522399e-05
-5.4391017e-13
-2.4588203e-05
4.5379049e-14
-2.8146847e-05
6.141032e-13
-2.8146847e-05
7.929245e-13
-2.4588203e-05
2.397249e-13
-1.7522399e-05
-6.9963215e-06
-3.5339577e-13
-6.9963205e-06
-5.8853862e-13
-1.7522398e-05
-6.1797704e-13
-2.4588202e-05
3.772268e-14
-2.8146847e-05
7.0005167e-13
-2.8146847e-05
6.4600988e-13
-2.4588202e-05
3.7534735e-13
-1.7522398e-05
-6.9963207e-06
-1.9447425e-13
-6.9963206e-06
-6.9760831e-13
-1.7522398e-05
-5.1136296e-13
-2.4588203e-05
4.3118145e-14
-2.8146848e-05
5.7729142e-13
-2.8146848e-05
7.5212223e-13
-2.4588203e-05
2.231705e-13
-1.7522398e-05
-6.9963208e-06
-3.373916e-13
-6.9963198e-06
-5.5230486e-13
-1.7522397e-05
-5.8557086e-13
-2.4588202e-05
3.5475012e-14
-2.8146848e-05
6.6359039e-13
-2.8146848e-05
6.0660664e-13
-2.4588202e-05
3.5782044e-13
-1.7522397e-05
-6.99632e-06
-1.7984735e-13
-6.9963199e-06
-6.6126176e-13
-1.7522397e-05
-4.7984572e-13
-2.4588202e-05
4.0989756e-14
-2.8146849e-05
5.417648e-13
-2.8146849e-05
7.1271752e-13
-2.4588203e-05
2.0714363e-13
-1.7522397e-05
-6.9963201e-06
-3.2189268e-13
-6.9963191e-06
-5.1719414e-13
-1.7522396e-05
-5.5419398e-13
-2.4588202e-05
3.3365446e-14
-2.8146849e-05
6.2840856e-13
-2.8146849e-05
5.6852759e-13
-2.4588202e-05
3.408985e-13
-1.7522396e-05
-6.9963194e-06
-1.656378e-13
-6.9963193e-06
-6.2605845e-13
-1.7522396e-05
-4.4931021e-13
-2.4588202e-05
3.8996231e-14
-2.814685e-05
5.0747602e-13
-2.814685e-05
6.7465451e-13
-2.4588203e-05
1.9162597e-13
-1.7522396e-05
-6.9963194e-06
-3.0687711e-13
-6.9963185e-06
-4.831607e-13
-1.7522395e-05
-5.2379866e-13
-2.4588201e-05
3.1394684e-14
-2.8146849e-05
5.9445771e-13
-2.814685e-05
5.317227e-13
-2.4588202e-05
3.2455546e-13
-1.7522395e-05
-6.9963187e-06
-1.5183222e-13
-6.9963187e-06
-5.9195153e-13
-1.7522395e-05
-4.1971372e-13
-2.4588202e-05
3.7137134e-14
-2.814685e-05
4.7438035e-13
-2.8146851e-05
6.3788085e-13
-2.4588203e-05
1.7660032e-13
-1.7522395e-05
-6.9963188e-06
-2.9232558e-13
-6.9963179e-06
-4.5016452e-13
-1.7522394e-05
-4.9434297e-13
-2.4588201e-05
2.9560883e-14
-2.814685e-05
5.6169303e-13
-2.814685e-05
4.9614598e-13
-2.4588202e-05
3.087674e-13
-1.7522394e-05
-6.9963182e-06
-1.3841956e-13
-6.9963181e-06
-5.5889916e-13
-1.7522394e-05
-3.9101975e-13
-2.4588202e-05
3.5410435e-14
-2.8146851e-05
4.4243586e-13
-2.8146851e-05
6.0234861e-13
-2.4588202e-05
1.6205124e-13
-1.7522394e-05
-6.9963183e-06
-2.7822068e-13
-6.9963174e-06
-4.1817076e-13
-1.7522393e-05
-4.6579094e-13
-2.4588201e-05
2.7861215e-14
-2.8146851e-05
5.3007249e-13
-2.8146851e-05
4.6175608e-13
-2.4588202e-05
2.9351254e-13
-1.7522394e-05
-6.9963176e-06
-1.2539039e-13
-6.9963176e-06
-5.2686544e-13
-1.7522393e-05
-3.6319693e-13
-2.4588202e-05
3.3813071e-14
-2.8146852e-05
4.1160463e-13
-2.8146852e-05
5.6801508e-13
-2.4588202e-05
1.4796532e-13
-1.7522394e-05
-6.9963177e-06
-2.6454753e-13
-6.9963169e-06
-3.8715027e-13
-1.7522392e-05
-4.3811202e-13
-2.4588201e-05
2.6292188e-14
-2.8146852e-05
4.995583e-13
-2.8146852e-05
4.2851641e-13
-2.4588202e-05
2.7877136e-13
-1.7522393e-05
-6.9963171e-06
-1.1273738e-13
-6.9963171e-06
-4.9581979e-13
-1.7522393e-05
-3.3621995e-13
-2.4588202e-05
3.2341197e-14
-2.8146852e-05
3.81853e-13
-2.8146853e-05
5.3484207e-13
-2.4588202e-05
1.3433084e-13
-1.7522393e-05
-6.9963172e-06
-2.5129337e-13
-6.9963164e-06
-3.5707916e-13
-1.7522392e-05
-4.1128134e-13
-2.4588201e-05
2.484931e-14
-2.8146852e-05
4.7011766e-13
-2.8146852e-05
3.9639518e-13
-2.4588201e-05
2.6452656e-13
-1.7522392e-05
-6.9963166e-06
-1.0045526e-13
-6.9963166e-06
-4.6573776e-13
-1.7522392e-05
-3.1006851e-13
-2.4588202e-05
3.0990582e-14
-2.8146853e-05
3.531518e-13
-2.8146853e-05
5.0279731e-13
-2.4588202e-05
1.211384e-13
-1.7522392e-05
-6.9963167e-06
-2.3844776e-13
-6.9963159e-06
-3.2793934e-13
-1.7522391e-05
-3.8527946e-13
-2.4588201e-05
2.3528067e-14
-2.8146853e-05
4.4172226e-13
-2.8146853e-05
3.6536639e-13
-2.4588201e-05
2.507636e-13
-1.7522391e-05
-6.9963161e-06
-8.8540654e-14
-6.9963162e-06
-4.3660011e-13
-1.7522391e-05
-2.8472768e-13
-2.4588202e-05
2.9756985e-14
-2.8146854e-05
3.2547722e-13
-2.8146854e-05
4.7185408e-13
-2.4588202e-05
1.0838115e-13
-1.7522392e-05
-6.9963163e-06
-2.2600273e-13
-6.9963155e-06
-2.9971814e-13
-1.752239e-05
-3.6009192e-13
-2.4588201e-05
2.2323745e-14
-2.8146853e-05
4.1434962e-13
-2.8146853e-05
3.3541033e-13
-2.4588201e-05
2.3747045e-13
-1.7522391e-05
-6.9963157e-06
-7.6992547e-14
-6.9963158e-06
-4.0839362e-13
-1.7522391e-05
-2.6018725e-13
-2.4588202e-05
2.8635695e-14
-2.8146854e-05
2.9881104e-13
-2.8146854e-05
4.4199227e-13
-2.4588202e-05
9.6054165e-14
-1.7522391e-05
-6.9963159e-06
-2.139529e-13
-6.9963151e-06
-2.7240789e-13
-1.752239e-05
-3.3570924e-13
-2.4588201e-05
2.1231998e-14
-2.8146854e-05
3.8798233e-13
-2.8146854e-05
3.0651251e-13
-2.4588201e-05
2.2463791e-13
-1.752239e-05
-6.9963153e-06
-6.5812415e-14
-6.9963154e-06
-3.8110985e-13
-1.752239e-05
-2.3644193e-13
-2.4588202e-05
2.762309e-14
-2.8146855e-05
2.7313978e-13
-2.8146855e-05
4.1319714e-13
-2.4588202e-05
8.4155438e-14
-1.752239e-05
-6.9963155e-06
-2.0229507e-13
-6.9963148e-06
-2.4600669e-13
-1.7522389e-05
-3.1212703e-13
-2.4588201e-05
2.0248938e-14
-2.8146854e-05
3.6260832e-13
-2.8146854e-05
2.7866493e-13
-2.4588201e-05
2.1225952e-13
-1.752239e-05
-6.9963149e-06
-5.5002787e-14
-6.9963151e-06
-3.5474699e-13
-1.752239e-05
-2.134917e-13
-2.4588201e-05
2.6714939e-14
-2.8146855e-05
2.4845581e-13
-2.8146855e-05
3.8546092e-13
-2.4588202e-05
7.2685091e-14
-1.752239e-05
-6.9963152e-06
-1.9102796e-13
-6.9963144e-06
-2.2051838e-13
-1.7522389e-05
-2.8934606e-13
-2.4588201e-05
1.9370141e-14
-2.8146855e-05
3.3822176e-13
-2.8146855e-05
2.5186529e-13
-2.4588201e-05
2.0033114e-13
-1.7522389e-05
-6.9963146e-06
-4.4569207e-14
-6.9963147e-06
-3.2930827e-13
-1.7522389e-05
-1.9134152e-13
-2.4588201e-05
2.5907829e-14
-2.8146855e-05
2.2475699e-13
-2.8146855e-05
3.5878105e-13
-2.4588202e-05
6.1645393e-14
-1.7522389e-05
-6.9963148e-06
-1.801536e-13
-6.9963141e-06
-1.9595196e-13
-1.7522388e-05
-2.6737199e-13
-2.4588201e-05
1.8592062e-14
-2.8146855e-05
3.1482128e-13
-2.8146855e-05
2.2611707e-13
-2.4588201e-05
1.8885167e-13
-1.7522389e-05
-6.9963143e-06
-3.4518802e-14
-6.9963144e-06
-3.0480251e-13
-1.7522389e-05
-1.7000106e-13
-2.4588201e-05
2.519778e-14
-2.8146856e-05
2.0204575e-13
-2.8146856e-05
3.3316121e-13
-2.4588202e-05
5.1041555e-14
-1.7522389e-05
-6.9963145e-06
-1.6967536e-13
-6.9963138e-06
-1.7232155e-13
-1.7522388e-05
-2.4621585e-13
-2.45882e-05
1.7910489e-14
-2.8146855e-05
2.9241053e-13
-2.8146855e-05
2.0142905e-13
-2.4588201e-05
1.778225e-13
-1.7522388e-05
-6.996314e-06
-2.4860659e-14
-6.9963142e-06
-2.8124403e-13
-1.7522388e-05
-1.4948527e-13
-2.4588201e-05
2.4580877e-14
-2.8146856e-05
1.8032901e-13
-2.8146856e-05
3.0860991e-13
-2.4588201e-05
4.0880097e-14
-1.7522388e-05
-6.9963142e-06
-1.5959972e-13
-6.9963136e-06
-1.4964658e-13
-1.7522388e-05
-2.2589338e-13
-2.45882e-05
1.7320631e-14
-2.8146856e-05
2.7099738e-13
-2.8146856e-05
1.7781449e-13
-2.4588201e-05
1.6724714e-13
-1.7522388e-05
-6.9963137e-06
-1.5606213e-14
-6.9963139e-06
-2.5865235e-13
-1.7522388e-05
-1.2981374e-13
-2.4588201e-05
2.405152e-14
-2.8146856e-05
1.5961738e-13
-2.8146856e-05
2.8514064e-13
-2.4588201e-05
3.1169792e-14
-1.7522388e-05
-6.996314e-06
-1.4993503e-13
-6.9963133e-06
-1.2795144e-13
-1.7522387e-05
-2.0642609e-13
-2.45882e-05
1.6816443e-14
-2.8146856e-05
2.5059266e-13
-2.8146856e-05
1.5529121e-13
-2.4588201e-05
1.5713084e-13
-1.7522388e-05
-6.9963135e-06
-6.7682682e-15
-6.9963137e-06
-2.3705214e-13
-1.7522388e-05
-1.1101156e-13
-2.4588201e-05
2.3603254e-14
-2.8146856e-05
1.399232e-13
-2.8146857e-05
2.6277036e-13
-2.4588201e-05
2.1920504e-14
-1.7522388e-05
-6.9963137e-06
-1.4069154e-13
-6.9963131e-06
-1.0726512e-13
-1.7522387e-05
-1.8784011e-13
-2.45882e-05
1.6389797e-14
-2.8146856e-05
2.3120867e-13
-2.8146856e-05
1.3387921e-13
-2.45882e-05
1.4748114e-13
-1.7522387e-05
-6.9963133e-06
1.6389386e-15
-6.9963135e-06
-2.1647277e-13
-1.7522387e-05
-9.3108428e-14
-2.4588201e-05
2.3226344e-14
-2.8146857e-05
1.2126007e-13
-2.8146857e-05
2.4151828e-13
-2.4588201e-05
1.3143447e-14
-1.7522387e-05
-6.9963135e-06
-1.3188152e-13
-6.9963129e-06
-8.7620621e-14
-1.7522387e-05
-1.7016698e-13
-2.45882e-05
1.602937e-14
-2.8146856e-05
2.1285794e-13
-2.8146856e-05
1.1359969e-13
-2.45882e-05
1.3830617e-13
-1.7522387e-05
-6.996313e-06
9.5995992e-15
-6.9963133e-06
-1.9694724e-13
-1.7522387e-05
-7.6139303e-14
-2.4588201e-05
2.2907775e-14
-2.8146857e-05
1.0364051e-13
-2.8146857e-05
2.2140396e-13
-2.4588201e-05
4.8497061e-15
-1.7522387e-05
-6.9963133e-06
-1.2351883e-13
-6.9963127e-06
-6.9054475e-14
-1.7522386e-05
-1.5344326e-13
-2.45882e-05
1.5719843e-14
-2.8146856e-05
1.9555099e-13
-2.8146856e-05
9.4473672e-14
-2.45882e-05
1.2961468e-13
-1.7522387e-05
-6.9963129e-06
1.709744e-14
-6.9963131e-06
-1.7851282e-13
-1.7522387e-05
-6.0143977e-14
-2.4588201e-05
2.2630136e-14
-2.8146857e-05
8.7073726e-14
-2.8146857e-05
2.0244619e-13
-2.4588201e-05
-2.9498509e-15
-1.7522387e-05
-6.9963132e-06
-1.1561854e-13
-6.9963126e-06
-5.1606343e-14
-1.7522386e-05
-1.3771072e-13
-2.45882e-05
1.5441015e-14
-2.8146856e-05
1.7929446e-13
-2.8146857e-05
7.6519238e-14
-2.45882e-05
1.2141483e-13
-1.7522386e-05
-6.9963127e-06
2.411545e-14
-6.996313e-06
-1.6120937e-13
-1.7522386e-05
-4.5166724e-14
-2.4588201e-05
2.2369549e-14
-2.8146857e-05
7.1563265e-14
-2.8146857e-05
1.8466035e-13
-2.4588201e-05
-1.0246135e-14
-1.7522387e-05
-6.996313e-06
-1.0819628e-13
-6.9963124e-06
-3.5317132e-14
-1.7522386e-05
-1.2301556e-13
-2.45882e-05
1.516518e-14
-2.8146857e-05
1.6408759e-13
-2.8146857e-05
5.9749743e-14
-2.45882e-05
1.1371377e-13
-1.7522386e-05
-6.9963125e-06
3.0637125e-14
-6.9963128e-06
-1.4507777e-13
-1.7522386e-05
-3.1255837e-14
-2.4588201e-05
2.2094638e-14
-2.8146857e-05
5.7104145e-14
-2.8146857e-05
1.6805591e-13
-2.4588201e-05
-1.7032293e-14
-1.7522386e-05
-6.9963129e-06
-1.0126848e-13
-6.9963123e-06
-2.022843e-14
-1.7522386e-05
-1.0940776e-13
-2.45882e-05
1.4856914e-14
-2.8146857e-05
1.4992019e-13
-2.8146857e-05
4.4170796e-14
-2.45882e-05
1.065162e-13
-1.7522386e-05
-6.9963124e-06
3.6645997e-14
-6.9963127e-06
-1.301595e-13
-1.7522386e-05
-1.8463012e-14
-2.4588201e-05
2.1765911e-14
-2.8146857e-05
4.3679958e-14
-2.8146857e-05
1.5263359e-13
-2.4588201e-05
-2.3304717e-14
-1.7522386e-05
-6.9963127e-06
-9.4850799e-14
-6.9963122e-06
-6.3810422e-15
-1.7522386e-05
-9.6940779e-14
-2.45882e-05
1.4472432e-14
-2.8146857e-05
1.3676945e-13
-2.8146857e-05
2.9777684e-14
-2.45882e-05
9.9823594e-14
-1.7522386e-05
-6.9963123e-06
4.2128026e-14
-6.9963126e-06
-1.1649499e-13
-1.7522386e-05
-6.8421906e-15
-2.4588201e-05
2.1334488e-14
-2.8146857e-05
3.1260266e-14
-2.8146857e-05
1.3838276e-13
-2.4588201e-05
-2.9064863e-14
-1.7522386e-05
-6.9963126e-06
-8.895753e-14
-6.9963121e-06
6.187292e-15
-1.7522385e-05
-8.5669293e-14
-2.45882e-05
1.3957643e-14
-2.8146857e-05
1.2459709e-13
-2.8146857e-05
1.6552115e-14
-2.45882e-05
9.3633051e-14
-1.7522386e-05
-6.9963122e-06
4.7071128e-14
-6.9963125e-06
-1.0412046e-13
-1.7522386e-05
3.5529948e-15
-2.45882e-05
2.0741526e-14
-2.8146857e-05
1.9797628e-14
-2.8146857e-05
1.2527884e-13
-2.4588201e-05
-3.4320052e-14
-1.7522386e-05
-6.9963125e-06
-8.3601368e-14
-6.996312e-06
1.7445007e-14
-1.7522385e-05
-7.5647019e-14
-2.45882e-05
1.3249319e-14
-2.8146857e-05
1.1334757e-13
-2.8146857e-05
4.4599184e-15
-2.45882e-05
8.7935545e-14
-1.7522385e-05
-6.9963121e-06
5.1467199e-14
-6.9963124e-06
-9.306522e-14
-1.7522386e-05
1.267161e-14
-2.45882e-05
1.9919173e-14
-2.8146857e-05
9.2259335e-15
-2.8146857e-05
1.1328005e-13
-2.45882e-05
-3.9084957e-14
-1.7522386e-05
-6.9963124e-06
-7.8790696e-14
-6.9963119e-06
2.7369608e-14
-1.7522385e-05
-6.6922748e-14
-2.45882e-05
1.2275459e-14
-2.8146857e-05
1.0294587e-13
-2.8146857e-05
-6.5518608e-15
-2.45882e-05
8.2715259e-14
-1.7522385e-05
-6.996312e-06
5.5313229e-14
-6.9963124e-06
-8.3347751e-14
-1.7522385e-05
2.0470713e-14
-2.45882e-05
1.879217e-14
-2.8146857e-05
-5.4139321e-16
-2.8146857e-05
1.0232522e-13
-2.45882e-05
-4.3382354e-14
-1.7522386e-05
-6.9963123e-06
-7.4528853e-14
-6.9963118e-06
3.5952804e-14
-1.7522385e-05
-5.9535076e-14
-2.4588199e-05
1.0958606e-14
-2.8146857e-05
9.3296185e-14
-2.8146857e-05
-1.6557509e-14
-2.45882e-05
7.7948747e-14
-1.7522385e-05
-6.9963119e-06
5.8614498e-14
-6.9963123e-06
-7.4969615e-14
-1.7522385e-05
2.6920655e-14
-2.45882e-05
1.7282041e-14
-2.8146857e-05
-9.6114661e-15
-2.8146857e-05
9.2331597e-14
-2.45882e-05
-4.7244347e-14
-1.7522385e-05
-6.9963123e-06
-7.0810458e-14
-6.9963118e-06
4.3206843e-14
-1.7522385e-05
-5.3505158e-14
-2.4588199e-05
9.2206527e-15
-2.8146857e-05
8.4283682e-14
-2.8146857e-05
-2.5653878e-14
-2.4588199e-05
7.3602644e-14
-1.7522385e-05
-6.9963119e-06
6.1385904e-14
-6.9963122e-06
-6.7908863e-14
-1.7522385e-05
3.2014811e-14
-2.45882e-05
1.5312928e-14
-2.8146857e-05
-1.8110196e-14
-2.8146857e-05
8.3194275e-14
-2.45882e-05
-5.0714207e-14
-1.7522385e-05
-6.9963122e-06
-6.761996e-14
-6.9963117e-06
4.917227e-14
-1.7522385e-05
-4.8825876e-14
-2.4588199e-05
6.9900833e-15
-2.8146857e-05
7.577635e-14
-2.8146857e-05
-3.3960769e-14
-2.4588199e-05
6.9633721e-14
-1.7522385e-05
-6.9963118e-06
6.365627e-14
-6.9963122e-06
-6.211082e-14
-1.7522385e-05
3.5780949e-14
-2.45882e-05
1.2820821e-14
-2.8146857e-05
-2.6178438e-14
-2.8146857e-05
7.4785591e-14
-2.45882e-05
-5.3845892e-14
-1.7522385e-05
-6.9963122e-06
-6.4925763e-14
-6.9963117e-06
5.3928424e-14
-1.7522385e-05
-4.5448622e-14
-2.4588199e-05
4.2127182e-15
-2.8146857e-05
6.7630645e-14
-2.8146857e-05
-4.1620548e-14
-2.4588199e-05
6.5988272e-14
-1.7522385e-05
-6.9963117e-06
6.5472477e-14
-6.9963121e-06
-5.7475578e-14
-1.7522385e-05
3.8296354e-14
-2.45882e-05
9.7659487e-15
-2.8146857e-05
-3.3965312e-14
-2.8146857e-05
6.6957453e-14
-2.45882e-05
-5.670472e-14
-1.7522385e-05
-6.9963121e-06
-6.267659e-14
-6.9963116e-06
5.7605913e-14
-1.7522385e-05
-4.3266277e-14
-2.4588199e-05
8.6690669e-16
-2.8146857e-05
5.9700088e-14
-2.8146857e-05
-4.8794932e-14
-2.4588199e-05
6.2601679e-14
-1.7522385e-05
-6.9963117e-06
6.6904962e-14
-6.9963121e-06
-5.384583e-14
-1.7522385e-05
3.9705817e-14
-2.45882e-05
6.150942e-15
-2.8146857e-05
-4.1617093e-14
-2.8146857e-05
5.9544804e-14
-2.45882e-05
-5.9366799e-14
-1.7522385e-05
-6.9963121e-06
-6.0795258e-14
-6.9963116e-06
6.0400406e-14
-1.7522384e-05
-4.2094247e-14
-2.4588199e-05
-3.0175677e-15
-2.8146856e-05
5.1848309e-14
-2.8146856e-05
-5.565919e-14
-2.4588199e-05
5.9399503e-14
-1.7522385e-05
-6.9963117e-06
6.8052627e-14
-6.9963121e-06
-5.0992387e-14
-1.7522385e-05
4.0242264e-14
-2.45882e-05
2.0396639e-15
-2.8146857e-05
-4.9261892e-14
-2.8146857e-05
5.2373703e-14
-2.45882e-05
-6.1916951e-14
-1.7522385e-05
-6.996312e-06
-5.9172852e-14
-6.9963115e-06
6.258589e-14
-1.7522384e-05
-4.1649726e-14
-2.4588199e-05
-7.3385001e-15
-2.8146856e-05
4.3966551e-14
-2.8146856e-05
-6.2392607e-14
-2.4588199e-05
5.6299684e-14
-1.7522384e-05
-6.9963116e-06
6.9048636e-14
-6.996312e-06
-4.8600158e-14
-1.7522385e-05
4.0245378e-14
-2.45882e-05
-2.418955e-15
-2.8146857e-05
-5.6990702e-14
-2.8146857e-05
4.527252e-14
-2.45882e-05
-6.4446131e-14
-1.7522385e-05
-6.996312e-06
-5.7663389e-14
-6.9963115e-06
6.4526678e-14
-1.7522384e-05
-4.1533885e-14
-2.4588199e-05
-1.1898324e-14
-2.8146856e-05
3.5994459e-14
-2.8146856e-05
-6.9164696e-14
-2.4588199e-05
5.3215524e-14
-1.7522384e-05
-6.9963116e-06
7.0063513e-14
-6.996312e-06
-4.626068e-14
-1.7522385e-05
4.0177105e-14
-2.45882e-05
-6.9707927e-15
-2.8146857e-05
-6.4833618e-14
-2.8146857e-05
3.8086651e-14
-2.45882e-05
-6.7046412e-14
-1.7522385e-05
-6.996312e-06
-5.6080397e-14
-6.9963115e-06
6.6679908e-14
-1.7522384e-05
-4.122221e-14
-2.4588199e-05
-1.6384692e-14
-2.8146856e-05
2.7944195e-14
-2.8146856e-05
-7.6117882e-14
-2.4588199e-05
5.0059235e-14
-1.7522384e-05
-6.9963116e-06
7.130583e-14
-6.9963119e-06
-4.3473866e-14
-1.7522385e-05
4.0622414e-14
-2.4588199e-05
-1.1240383e-14
-2.8146857e-05
-7.2735343e-14
-2.8146857e-05
3.0697738e-14
-2.45882e-05
-6.9804677e-14
-1.7522385e-05
-6.9963119e-06
-5.4197557e-14
-6.9963114e-06
6.9585533e-14
-1.7522384e-05
-4.0073868e-14
-2.4588199e-05
-2.0361494e-14
-2.8146856e-05
1.9924427e-14
-2.8146856e-05
-8.3344365e-14
-2.4588199e-05
4.6748031e-14
-1.7522384e-05
-6.9963115e-06
7.3013286e-14
-6.9963119e-06
-3.9667111e-14
-1.7522385e-05
4.2267524e-14
-2.4588199e-05
-1.4730916e-14
-2.8146857e-05
-8.0528497e-14
-2.8146857e-05
2.3045928e-14
-2.4588199e-05
-7.2793522e-14
-1.7522385e-05
-6.9963119e-06
-5.1756269e-14
-6.9963114e-06
7.3828512e-14
-1.7522384e-05
-3.7369369e-14
-2.4588198e-05
-2.327633e-14
-2.8146856e-05
1.2165199e-14
-2.8146856e-05
-9.0857088e-14
-2.4588199e-05
4.320752e-14
-1.7522384e-05
-6.9963115e-06
7.5433907e-14
-6.9963119e-06
-3.424955e-14
-1.7522384e-05
4.5837078e-14
-2.4588199e-05
-1.6843443e-14
-2.8146856e-05
-8.7904867e-14
-2.8146856e-05
1.5161694e-14
-2.4588199e-05
-7.6058683e-14
-1.7522385e-05
-6.9963119e-06
-4.8484576e-14
-6.9963114e-06
7.9956202e-14
-1.7522384e-05
-3.2400514e-14
-2.4588198e-05
-2.4491403e-14
-2.8146856e-05
5.0499259e-15
-2.8146856e-05
-9.8540112e-14
-2.4588199e-05
3.9379334e-14
-1.7522384e-05
-6.9963115e-06
7.8781384e-14
-6.9963118e-06
-2.6721814e-14
-1.7522384e-05
5.1965892e-14
-2.4588199e-05
-1.692198e-14
-2.8146856e-05
-9.4361321e-14
-2.8146856e-05
7.2264294e-15
-2.4588199e-05
-7.9593812e-14
-1.7522385e-05
-6.9963119e-06
-4.4145272e-14
-6.9963114e-06
8.8310738e-14
-1.7522384e-05
-2.4645148e-14
-2.4588198e-05
-2.3337919e-14
-2.8146856e-05
-8.0843664e-16
-2.8146856e-05
-1.0604259e-13
-2.4588198e-05
3.5244456e-14
-1.7522384e-05
-6.9963115e-06
8.314227e-14
-6.9963118e-06
-1.6903317e-14
-1.7522384e-05
6.0951068e-14
-2.4588199e-05
-1.4319403e-14
-2.8146856e-05
-9.9062967e-14
-2.8146856e-05
-2.7442354e-16
-2.4588199e-05
-8.3274391e-14
-1.7522384e-05
-6.9963119e-06
-3.8649508e-14
-6.9963113e-06
9.8685233e-14
-1.7522384e-05
-1.4103406e-14
-2.4588198e-05
-1.9183255e-14
-2.8146855e-05
-4.3523608e-15
-2.8146855e-05
-1.1251111e-13
-2.4588198e-05
3.0906615e-14
-1.7522384e-05
-6.9963115e-06
8.8268655e-14
-6.9963118e-06
-5.4164725e-15
-1.7522384e-05
7.2273045e-14
-2.4588199e-05
-8.462787e-15
-2.8146856e-05
-1.0047488e-13
-2.8146856e-05
-6.1448487e-15
-2.4588199e-05
-8.6682807e-14
-1.7522384e-05
-6.9963119e-06
-3.2343708e-14
-6.9963113e-06
1.0958662e-13
-1.7522384e-05
-1.9691668e-15
-2.4588198e-05
-1.1480056e-14
-2.8146855e-05
-3.5039797e-15
-2.8146855e-05
-1.159142e-13
-2.4588198e-05
2.6851351e-14
-1.7522384e-05
-6.9963115e-06
9.3103486e-14
-6.9963118e-06
5.2338344e-15
-1.7522384e-05
8.3624409e-14
-2.4588199e-05
1.1152607e-15
-2.8146856e-05
-9.5439296e-14
-2.8146856e-05
-7.4384524e-15
-2.4588199e-05
-8.8651611e-14
-1.7522384e-05
-6.9963119e-06
-2.6726119e-14
-6.9963113e-06
1.1661322e-13
-1.7522384e-05
7.9663492e-15
-2.4588198e-05
2.396139e-16
-2.8146855e-05
6.2455183e-15
-2.8146855e-05
-1.1141673e-13
-2.4588198e-05
2.4657028e-14
-1.7522384e-05
-6.9963115e-06
9.4666716e-14
-6.9963118e-06
8.2347425e-15
-1.7522384e-05
8.8871757e-14
-2.4588199e-05
1.4825892e-14
-2.8146856e-05
-7.7045331e-14
-2.8146856e-05
3.0181066e-15
-2.4588199e-05
-8.6137931e-14
-1.7522384e-05
-6.9963119e-06
-2.6182016e-14
-6.9963114e-06
1.0888165e-13
-1.7522384e-05
6.3268917e-15
-2.4588198e-05
1.6468308e-14
-2.8146855e-05
3.5006263e-14
-2.8146855e-05
-8.7693852e-14
-2.4588198e-05
2.8767072e-14
-1.7522384e-05
-6.9963115e-06
8.5509883e-14
-6.9963118e-06
-1.2868536e-14
-1.7522384e-05
7.3785299e-14
-2.4588198e-05
3.3178727e-14
-2.8146855e-05
-3.0074475e-14
-2.8146856e-05
4.2134595e-14
-2.4588199e-05
-7.1614381e-14
-1.7522384e-05
-6.9963119e-06
-4.1947739e-14
-6.9963113e-06
6.1423665e-14
-1.7522384e-05
-2.8051499e-14
-2.4588198e-05
3.7923212e-14
-2.8146855e-05
1.0506266e-13
-2.8146855e-05
-1.9093847e-14
-2.4588198e-05
5.0542749e-14
-1.7522384e-05
-6.9963115e-06
4.8166484e-14
-6.9963118e-06
-9.5282574e-14
-1.7522384e-05
7.4646218e-15
-2.4588198e-05
5.7010883e-14
-2.8146855e-05
7.7989396e-14
-2.8146856e-05
1.47944e-13
-2.4588198e-05
-2.7410921e-14
-1.7522384e-05
-6.9963119e-06
-1.0052724e-13
-6.9963112e-06
-7.9962634e-14
-1.7522383e-05
-1.4016839e-13
-2.4588198e-05
6.5758355e-14
-2.8146855e-05
2.6334345e-13
-2.8146855e-05
1.4977698e-13
-2.4588198e-05
1.1680329e-13
-1.7522384e-05
-6.9963114e-06
-5.6011083e-14
-6.9963116e-06
-3.1816437e-13
-1.7522384e-05
-1.7338285e-13
-2.4588198e-05
8.764817e-14
-2.8146856e-05
3.1298678e-13
-2.8146856e-05
4.0102459e-13
-2.4588198e-05
8.5563977e-14
-1.7522384e-05
-6.9963116e-06
-2.5985656e-13
-6.9963109e-06
-4.2569666e-13
-1.7522383e-05
-4.1953179e-13
-2.4588198e-05
1.0157994e-13
-2.8146856e-05
6.0221334e-13
-2.8146856e-05
5.3111559e-13
-2.4588198e-05
2.860797e-13
-1.7522383e-05
-6.996311e-06
-3.0661174e-13
-6.9963109e-06
-8.3745504e-13
-1.7522383e-05
-5.8867768e-13
-2.4588198e-05
1.2673478e-13
-2.8146857e-05
7.9803655e-13
-2.8146857e-05
9.5922462e-13
-2.4588198e-05
3.4761549e-13
-1.7522383e-05
-6.9963109e-06
-6.3576269e-13
-6.9963099e-06
-1.1812151e-12
-1.7522382e-05
-1.0276024e-12
-2.4588198e-05
1.4696829e-13
-2.8146858e-05
1.2861972e-12
-2.8146857e-05
1.3322625e-12
-2.4588198e-05
6.7502498e-13
-1.7522382e-05
-6.9963099e-06
-8.5156608e-13
-6.9963094e-06
-1.9272339e-12
-1.7522381e-05
-1.4387372e-12
-2.4588199e-05
1.7543607e-13
-2.814686e-05
1.7358389e-12
-2.814686e-05
2.0981836e-12
-2.4588199e-05
9.0749056e-13
-1.7522381e-05
-6.9963093e-06
-1.4327879e-12
-6.9963075e-06
-2.6757165e-12
-1.7522379e-05
-2.2103717e-12
-2.4588199e-05
2.0210754e-13
-2.8146861e-05
2.5622477e-12
-2.8146861e-05
2.883037e-12
-2.4588198e-05
1.488919e-12
-1.7522379e-05
-6.9963075e-06
-1.9237278e-12
-6.996306e-06
-3.981098e-12
-1.7522378e-05
-2.9841268e-12
-2.45882e-05
2.3258476e-13
-2.8146865e-05
3.3851496e-12
-2.8146865e-05
4.210847e-12
-2.45882e-05
1.9984861e-12
-1.7522377e-05
-6.9963057e-06
-2.9438448e-12
-6.9963026e-06
-5.293624e-12
-1.7522375e-05
-4.2182318e-12
-2.4588201e-05
2.6353429e-13
-2.8146869e-05
4.6756457e-12
-2.8146869e-05
5.5648579e-12
-2.45882e-05
3.0207186e-12
-1.7522374e-05
-6.9963024e-06
-3.7805099e-12
-6.9962992e-06
-7.3264961e-12
-1.7522372e-05
-5.3536912e-12
-2.4588203e-05
2.9223254e-13
-2.8146875e-05
5.8641531e-12
-2.8146875e-05
7.6192485e-12
-2.4588202e-05
3.8773804e-12
-1.7522371e-05
-6.9962988e-06
-5.4127308e-12
-6.9962933e-06
-9.0787247e-12
-1.7522367e-05
-6.9367463e-12
-2.4588205e-05
3.2146232e-13
-2.8146882e-05
7.4958312e-12
-2.8146881e-05
9.4121904e-12
-2.4588204e-05
5.5127905e-12
-1.7522366e-05
-6.9962928e-06
-6.4075395e-12
-6.9962872e-06
-1.1515847e-11
-1.7522363e-05
-7.9003788e-12
-2.4588209e-05
3.411783e-13
-2.8146891e-05
8.501484e-12
-2.814689e-05
1.1863231e-11
-2.4588207e-05
6.5273349e-12
-1.7522361e-05
-6.9962866e-06
-8.5348322e-12
-6.9962782e-06
-1.255851e-11
-1.7522358e-05
-8.8527776e-12
-2.4588212e-05
3.5782036e-13
-2.8146899e-05
9.4788424e-12
-2.8146899e-05
1.2935277e-11
-2.458821e-05
8.6569332e-12
-1.7522356e-05
-6.9962775e-06
-8.7083273e-12
-6.9962698e-06
-1.3526691e-11
-1.7522354e-05
-7.6474356e-12
-2.4588218e-05
3.5811642e-13
-2.8146908e-05
8.2809312e-12
-2.8146907e-05
1.3900263e-11
-2.4588216e-05
8.8471093e-12
-1.7522352e-05
-6.9962689e-06
-1.0260556e-11
-6.996259e-06
-1.0163063e-11
-1.7522353e-05
-4.8527539e-12
-2.4588223e-05
3.4739376e-13
-2.8146912e-05
5.4670132e-12
-2.8146912e-05
1.0540335e-11
-2.4588221e-05
1.0397465e-11
-1.7522351e-05
-6.9962581e-06
-6.8694176e-12
-6.9962525e-06
-4.2718835e-12
-1.7522356e-05
3.6287239e-12
-2.4588231e-05
3.1680092e-13
-2.814691e-05
-3.0705383e-12
-2.8146909e-05
4.6183755e-12
-2.4588229e-05
7.0160844e-12
-1.7522354e-05
-6.9962513e-06
-4.6484658e-12
-6.9962473e-06
1.2137822e-11
-1.7522373e-05
1.7413219e-11
-2.4588236e-05
2.6297494e-13
-2.8146892e-05
-1.6938271e-11
-2.8146891e-05
-1.1828364e-11
-2.4588233e-05
4.7842663e-12
-1.752237e-05
-6.996246e-06
8.1162019e-12
-6.9962557e-06
3.6506342e-11
-1.7522402e-05
4.3541025e-11
-2.4588243e-05
1.9291472e-13
-2.8146849e-05
-4.321137e-11
-2.8146848e-05
-3.6263109e-11
-2.4588241e-05
-7.9822688e-12
-1.7522399e-05
-6.9962543e-06
2.0906897e-11
-6.9962761e-06
8.2115466e-11
-1.7522462e-05
8.1804829e-11
-2.4588242e-05
8.5267233e-14
-2.8146767e-05
-8.163157e-11
-2.8146766e-05
-8.1960685e-11
-2.458824e-05
-2.0799488e-11
-1.7522459e-05
-6.9962747e-06
5.2901343e-11
-6.9963293e-06
1.4496819e-10
-1.7522555e-05
1.4272706e-10
-2.4588241e-05
-2.401693e-14
-2.8146625e-05
-1.4279812e-10
-2.8146624e-05
-1.4491705e-10
-2.4588238e-05
-5.2812959e-11
-1.7522552e-05
-6.9963278e-06
8.7488359e-11
-6.9964163e-06
2.4408856e-10
-1.7522711e-05
2.2569187e-10
-2.4588222e-05
-1.8419722e-13
-2.8146398e-05
-2.2598132e-10
-2.8146397e-05
-2.4417982e-10
-2.4588219e-05
-8.7451306e-11
-1.7522708e-05
-6.9964149e-06
1.519204e-10
-6.9965687e-06
3.7254923e-10
-1.7522933e-05
3.4382076e-10
-2.4588194e-05
-3.1877665e-13
-2.8146055e-05
-3.4443639e-10
-2.8146054e-05
-3.7277771e-10
-2.4588192e-05
-1.51926e-10
-1.752293e-05
-6.9965673e-06
2.2238078e-10
-6.9967908e-06
5.5290296e-10
-1.7523263e-05
4.9437104e-10
-2.4588135e-05
-5.1327838e-13
-2.814556e-05
-4.9523174e-10
-2.8145559e-05
-5.5332197e-10
-2.4588133e-05
-2.2247408e-10
-1.7523261e-05
-6.9967896e-06
3.3171278e-10
-6.9971232e-06
7.7264392e-10
-1.7523705e-05
6.8979845e-10
-2.4588054e-05
-6.4579861e-13
-2.814487e-05
-6.9102098e-10
-2.814487e-05
-7.7322763e-10
-2.4588052e-05
-3.3187837e-10
-1.7523703e-05
-6.9971221e-06
4.4900158e-10
-6.9975721e-06
1.0518659e-09
-1.7524308e-05
9.2203542e-10
-2.4587924e-05
-8.4188646e-13
-2.8143947e-05
-9.2347761e-10
-2.8143947e-05
-1.0526753e-09
-2.4587923e-05
-4.492987e-10
-1.7524306e-05
-6.9975715e-06
6.0639563e-10
-6.9981795e-06
1.3686681e-09
-1.7525071e-05
1.1970533e-09
-2.4587754e-05
-9.4010606e-13
-2.814275e-05
-1.1988259e-09
-2.814275e-05
-1.3696589e-09
-2.4587753e-05
-6.0678893e-10
-1.752507e-05
-6.998179e-06
7.6734248e-10
-6.998947e-06
1.7316297e-09
-1.7526036e-05
1.4971377e-09
-2.4587519e-05
-1.1015582e-12
-2.8141252e-05
-1.4990488e-09
-2.8141252e-05
-1.7328509e-09
-2.4587519e-05
-7.6789732e-10
-1.7526036e-05
-6.998947e-06
9.5485026e-10
-6.9999029e-06
2.1052555e-09
-1.7527187e-05
1.8148532e-09
-2.458723e-05
-1.1463671e-12
-2.8139437e-05
-1.8170163e-09
-2.8139437e-05
-2.1066545e-09
-2.4587231e-05
-9.5548903e-10
-1.7527188e-05
-6.9999033e-06
1.1285307e-09
-7.0010317e-06
2.4776236e-09
-1.7528536e-05
2.1189236e-09
-2.4586872e-05
-1.2736444e-12
-2.8137317e-05
-2.1211577e-09
-2.8137318e-05
-2.4792128e-09
-2.4586873e-05
-1.1293015e-09
-1.7528538e-05
-7.0010327e-06
1.29374e-09
-7.0023263e-06
2.7960914e-09
-1.7530039e-05
2.3838091e-09
-2.458646e-05
-1.300539e-12
-2.8134933e-05
-2.3862333e-09
-2.8134934e-05
-2.7978043e-09
-2.4586463e-05
-1.294508e-09
-1.7530042e-05
-7.0023278e-06
1.4051864e-09
-7.0037314e-06
3.0195566e-09
-1.7531652e-05
2.5577464e-09
-2.4585998e-05
-1.3898788e-12
-2.8132374e-05
-2.5601919e-09
-2.8132375e-05
-3.0213682e-09
-2.4586002e-05
-1.4060376e-09
-1.7531657e-05
-7.0037338e-06
1.4620374e-09
-7.005194e-06
3.07104e-09
-1.7533262e-05
2.5824697e-09
-2.458551e-05
-1.3763482e-12
-2.8129791e-05
-2.585025e-09
-2.8129792e-05
-3.0729004e-09
-2.4585515e-05
-1.4628548e-09
-1.7533267e-05
-7.0051967e-06
1.4749641e-09
2.8896275e-09
2.3785381e-09
-1.3945088e-12
-2.3810581e-09
-2.8914428e-09
-1.4758601e-09
)
;

boundaryField
{
    left
    {
        type            calculated;
        value           nonuniform List<scalar> 8(1.9313562e-05 1.9313562e-05 1.9313562e-05 1.9313562e-05 1.9313562e-05 1.9313562e-05 1.9313562e-05 1.9313562e-05);
    }
    right
    {
        type            calculated;
        value           nonuniform List<scalar> 8(-7.0066687e-06 -1.7534676e-05 -2.4584999e-05 -2.8127411e-05 -2.8127413e-05 -2.4585005e-05 -1.7534682e-05 -7.0066726e-06);
    }
    walls
    {
        type            calculated;
        value           uniform 0;
    }
    frontAndBack
    {
        type            empty;
        value           nonuniform 0();
    }
}


// ************************************************************************* //
