/*--------------------------------*- C++ -*----------------------------------*\
| =========                 |                                                 |
| \\      /  F ield         | OpenFOAM: The Open Source CFD Toolbox           |
|  \\    /   O peration     | Version:  5.x                                   |
|   \\  /    A nd           | Web:      www.OpenFOAM.org                      |
|    \\/     M anipulation  |                                                 |
\*---------------------------------------------------------------------------*/
FoamFile
{
    version     2.0;
    format      ascii;
    class       volVectorField;
    location    "8";
    object      U;
}
// * * * * * * * * * * * * * * * * * * * * * * * * * * * * * * * * * * * * * //

dimensions      [0 1 -1 0 0 0 0];

internalField   nonuniform List<vector> 
1920
(
(-2.3543803e-07 1.3945536e-07 0)
(-5.3578571e-07 6.2156661e-08 0)
(-8.3978634e-07 -2.9120969e-08 0)
(-4.0153555e-07 -8.3279835e-08 0)
(4.0221076e-07 -8.4422242e-08 0)
(8.401924e-07 -2.8085854e-08 0)
(5.3600959e-07 6.1471741e-08 0)
(2.3536649e-07 1.3970043e-07 0)
(-6.8109821e-08 2.3389441e-07 0)
(-1.1330678e-06 4.3022728e-07 0)
(-1.7938971e-06 -6.5977586e-08 0)
(-9.115936e-07 -6.2416479e-07 0)
(9.1318754e-07 -6.2197709e-07 0)
(1.7952776e-06 -6.7539136e-08 0)
(1.1333081e-06 4.3173874e-07 0)
(6.8401277e-08 2.3351873e-07 0)
(-1.3054473e-07 6.1943194e-07 0)
(-1.6754086e-06 9.9088886e-07 0)
(-2.5462042e-06 -1.4747668e-07 0)
(-1.2105114e-06 -1.4412044e-06 0)
(1.21292e-06 -1.4442013e-06 0)
(2.5476601e-06 -1.4404979e-07 0)
(1.6764798e-06 9.895375e-07 0)
(1.3033104e-07 6.2038987e-07 0)
(-1.8432762e-07 1.109385e-06 0)
(-2.1195848e-06 1.6704646e-06 0)
(-2.9736987e-06 -2.776679e-07 0)
(-1.476221e-06 -2.5022133e-06 0)
(1.4787321e-06 -2.4976319e-06 0)
(2.9758476e-06 -2.8026141e-07 0)
(2.1201722e-06 1.6740411e-06 0)
(1.8467082e-07 1.1089229e-06 0)
(-2.4770658e-07 1.7069578e-06 0)
(-2.3071172e-06 2.4365311e-06 0)
(-3.2824945e-06 -4.5847896e-07 0)
(-1.5265894e-06 -3.6852678e-06 0)
(1.529171e-06 -3.6895516e-06 0)
(3.2841379e-06 -4.527764e-07 0)
(2.3082756e-06 2.4351377e-06 0)
(2.4758644e-07 1.708744e-06 0)
(-2.4314399e-07 2.3516256e-06 0)
(-2.4150449e-06 3.2192245e-06 0)
(-3.2840418e-06 -6.4435826e-07 0)
(-1.6162515e-06 -4.9309428e-06 0)
(1.6182556e-06 -4.9248748e-06 0)
(3.2857525e-06 -6.4713587e-07 0)
(2.4156128e-06 3.2243849e-06 0)
(2.4336777e-07 2.351379e-06 0)
(-2.6033748e-07 2.9896624e-06 0)
(-2.3004561e-06 4.0007308e-06 0)
(-3.2397979e-06 -8.4412171e-07 0)
(-1.497142e-06 -6.1510864e-06 0)
(1.4985857e-06 -6.155769e-06 0)
(3.2407628e-06 -8.3719932e-07 0)
(2.301087e-06 3.9996967e-06 0)
(2.6034361e-07 2.9919949e-06 0)
(-2.2270114e-07 3.5980566e-06 0)
(-2.1702171e-06 4.7311477e-06 0)
(-2.9540934e-06 -1.0225019e-06 0)
(-1.4497334e-06 -7.3147593e-06 0)
(1.4503452e-06 -7.3083312e-06 0)
(2.9545931e-06 -1.0249977e-06 0)
(2.1704631e-06 4.7369214e-06 0)
(2.227165e-07 3.598062e-06 0)
(-2.1188816e-07 4.1436711e-06 0)
(-1.896198e-06 5.4038348e-06 0)
(-2.6865295e-06 -1.1929898e-06 0)
(-1.2453575e-06 -8.3610638e-06 0)
(1.2451601e-06 -8.3654294e-06 0)
(2.6864541e-06 -1.1860902e-06 0)
(1.8960815e-06 5.4031813e-06 0)
(2.1198649e-07 4.1460778e-06 0)
(-1.6474866e-07 4.6212743e-06 0)
(-1.6521779e-06 5.988969e-06 0)
(-2.2807919e-06 -1.32961e-06 0)
(-1.1206131e-06 -9.2889913e-06 0)
(1.1197142e-06 -9.283191e-06 0)
(2.2800214e-06 -1.3316578e-06 0)
(1.6520277e-06 5.994316e-06 0)
(1.6458981e-07 4.6214052e-06 0)
(-1.4192345e-07 5.017905e-06 0)
(-1.3436973e-06 6.4918585e-06 0)
(-1.9318173e-06 -1.4497748e-06 0)
(-9.0485108e-07 -1.0066344e-05 0)
(9.0324053e-07 -1.0069979e-05 0)
(1.9308154e-06 -1.4439357e-06 0)
(1.3429842e-06 6.4913902e-06 0)
(1.4206439e-07 5.0199606e-06 0)
(-1.0151192e-07 5.340127e-06 0)
(-1.0862723e-06 6.9009629e-06 0)
(-1.5367775e-06 -1.5367968e-06 0)
(-7.5697647e-07 -1.071136e-05 0)
(7.549716e-07 -1.0706797e-05 0)
(1.5351213e-06 -1.5384783e-06 0)
(1.0858132e-06 6.9051348e-06 0)
(1.0126805e-07 5.3402217e-06 0)
(-7.7979711e-08 5.5878858e-06 0)
(-8.2352456e-07 7.2303318e-06 0)
(-1.2108539e-06 -1.6077503e-06 0)
(-5.7713357e-07 -1.1215086e-05 0)
(5.7465516e-07 -1.1217895e-05 0)
(1.2092575e-06 -1.6035573e-06 0)
(8.2250005e-07 7.2297886e-06 0)
(7.8116903e-08 5.5893404e-06 0)
(-5.049136e-08 5.7740232e-06 0)
(-6.1254691e-07 7.4802436e-06 0)
(-9.0128762e-07 -1.6527655e-06 0)
(-4.4579747e-07 -1.1606063e-05 0)
(4.4317568e-07 -1.1602934e-05 0)
(8.9918997e-07 -1.6543018e-06 0)
(6.1189361e-07 7.4828877e-06 0)
(5.0244545e-08 5.7739501e-06 0)
(-3.2230319e-08 5.904806e-06 0)
(-4.2868562e-07 7.668227e-06 0)
(-6.5385727e-07 -1.6865453e-06 0)
(-3.2071995e-07 -1.1888763e-05 0)
(3.1781502e-07 -1.1890887e-05 0)
(6.5193506e-07 -1.684166e-06 0)
(4.2756622e-07 7.6673558e-06 0)
(3.2331029e-08 5.9055786e-06 0)
(-1.7474511e-08 5.9938622e-06 0)
(-2.8566456e-07 7.7996906e-06 0)
(-4.5079474e-07 -1.7032129e-06 0)
(-2.245629e-07 -1.2092177e-05 0)
(2.2161685e-07 -1.2090397e-05 0)
(4.4851601e-07 -1.7048916e-06 0)
(2.8487439e-07 7.8007463e-06 0)
(1.7267849e-08 5.993521e-06 0)
(-5.991888e-09 6.048667e-06 0)
(-1.7887247e-07 7.8911221e-06 0)
(-2.9270287e-07 -1.7141643e-06 0)
(-1.5159574e-07 -1.2225522e-05 0)
(1.4847073e-07 -1.2227226e-05 0)
(2.9056845e-07 -1.7135227e-06 0)
(1.7774364e-07 7.8896828e-06 0)
(6.0397233e-09 6.0487654e-06 0)
(-5.9778592e-10 6.0802578e-06 0)
(-9.7753023e-08 7.9482882e-06 0)
(-1.8164248e-07 -1.7155929e-06 0)
(-9.1652056e-08 -1.2312251e-05 0)
(8.8501216e-08 -1.2311599e-05 0)
(1.7927165e-07 -1.717714e-06 0)
(9.6839332e-08 7.9478202e-06 0)
(4.3823294e-10 6.079558e-06 0)
(5.3490185e-09 6.0944677e-06 0)
(-4.834546e-08 7.9839499e-06 0)
(-9.6378234e-08 -1.7154451e-06 0)
(-5.7422565e-08 -1.2360692e-05 0)
(5.4164573e-08 -1.2362257e-05 0)
(9.4088545e-08 -1.7163856e-06 0)
(4.7222548e-08 7.9817213e-06 0)
(-5.354336e-09 6.093918e-06 0)
(5.295571e-09 6.0986156e-06 0)
(-1.0680789e-08 8.0020944e-06 0)
(-4.8543414e-08 -1.7109813e-06 0)
(-2.5098107e-08 -1.2386784e-05 0)
(2.1844347e-08 -1.2387041e-05 0)
(4.6143569e-08 -1.7138019e-06 0)
(9.6731223e-09 8.0001936e-06 0)
(-5.4173881e-09 6.0974756e-06 0)
(7.8717001e-09 6.0961205e-06 0)
(4.2299545e-09 8.0111098e-06 0)
(-1.0583744e-08 -1.7071932e-06 0)
(-1.4548018e-08 -1.2395821e-05 0)
(1.131027e-08 -1.2397472e-05 0)
(8.2541521e-09 -1.7095518e-06 0)
(-5.3169837e-09 8.0079297e-06 0)
(-7.9174314e-09 6.0949484e-06 0)
(5.4120528e-09 6.0910008e-06 0)
(1.7458502e-08 8.0129491e-06 0)
(1.6941311e-09 -1.7020111e-06 0)
(9.147627e-10 -1.2397058e-05 0)
(-4.042847e-09 -1.2398029e-05 0)
(-3.9734739e-09 -1.7056828e-06 0)
(-1.8473842e-08 8.0097263e-06 0)
(-5.5042292e-09 6.0893734e-06 0)
(6.501749e-09 6.0847027e-06 0)
(1.5832758e-08 8.0123427e-06 0)
(1.4797023e-08 -1.6982706e-06 0)
(-4.1578291e-10 -1.2392879e-05 0)
(-2.5246143e-09 -1.2394748e-05 0)
(-1.6943385e-08 -1.7018641e-06 0)
(-1.6801248e-08 8.0081666e-06 0)
(-6.5674548e-09 6.0829556e-06 0)
(3.442623e-09 6.0789926e-06 0)
(1.8434259e-08 8.0098106e-06 0)
(1.1143012e-08 -1.694436e-06 0)
(6.8033378e-09 -1.2387881e-05 0)
(-9.474304e-09 -1.2389408e-05 0)
(-1.3068711e-08 -1.6989615e-06 0)
(-1.9327064e-08 8.0054418e-06 0)
(-3.5059676e-09 6.0768954e-06 0)
(4.2078562e-09 6.0741509e-06 0)
(1.1180595e-08 8.0076294e-06 0)
(1.4219237e-08 -1.6919816e-06 0)
(9.0155644e-10 -1.2382555e-05 0)
(-3.1958248e-09 -1.2384667e-05 0)
(-1.5917042e-08 -1.6965695e-06 0)
(-1.1918025e-08 8.0025668e-06 0)
(-4.2725102e-09 6.0719245e-06 0)
(1.349895e-09 6.0707153e-06 0)
(1.0910216e-08 8.0055986e-06 0)
(5.670602e-09 -1.6898241e-06 0)
(5.1496833e-09 -1.2378811e-05 0)
(-7.0311056e-09 -1.2380734e-05 0)
(-7.0018861e-09 -1.6950509e-06 0)
(-1.1551486e-08 8.0003544e-06 0)
(-1.3806035e-09 6.0682424e-06 0)
(2.2998541e-09 6.0684709e-06 0)
(3.1895281e-09 8.0046294e-06 0)
(6.4275652e-09 -1.6886865e-06 0)
(-1.7091256e-09 -1.2376252e-05 0)
(3.371586e-10 -1.2378556e-05 0)
(-7.4606508e-09 -1.6939585e-06 0)
(-3.6019231e-09 7.9989339e-06 0)
(-2.3477624e-09 6.0659152e-06 0)
(-1.563501e-10 6.0674354e-06 0)
(3.3413358e-09 8.0042991e-06 0)
(-2.1808624e-09 -1.6878424e-06 0)
(2.0878606e-09 -1.2375514e-05 0)
(-2.9707726e-09 -1.2377673e-05 0)
(1.5944729e-09 -1.6934998e-06 0)
(-3.6505351e-09 7.998533e-06 0)
(1.6087111e-10 6.0647416e-06 0)
(1.0900647e-09 6.0672897e-06 0)
(-3.1582672e-09 8.0048922e-06 0)
(-7.3872522e-10 -1.6876509e-06 0)
(-4.394965e-09 -1.2375953e-05 0)
(4.0640843e-09 -1.2378346e-05 0)
(4.6245074e-10 -1.6932518e-06 0)
(3.1087023e-09 7.9989077e-06 0)
(-1.1139954e-09 6.0645888e-06 0)
(-1.0248109e-09 6.0679108e-06 0)
(-1.7513245e-09 8.0060099e-06 0)
(-8.009715e-09 -1.6876377e-06 0)
(-1.9787525e-10 -1.2377731e-05 0)
(3.4130918e-10 -1.2379969e-05 0)
(8.1843061e-09 -1.6934e-06 0)
(1.7855899e-09 8.0001074e-06 0)
(1.0625771e-09 6.065177e-06 0)
(4.6058308e-10 6.0690365e-06 0)
(-6.9380692e-09 8.0077148e-06 0)
(-5.2644546e-09 -1.688008e-06 0)
(-6.0772402e-09 -1.2380255e-05 0)
(6.7234278e-09 -1.2382615e-05 0)
(5.6985455e-09 -1.6935848e-06 0)
(7.2242775e-09 8.0018022e-06 0)
(-4.613349e-10 6.0663761e-06 0)
(-1.4360381e-09 6.0705576e-06 0)
(-4.4490194e-09 8.0097058e-06 0)
(-1.1254229e-08 -1.6884457e-06 0)
(-1.3999331e-09 -1.2383576e-05 0)
(2.4273849e-09 -1.2385753e-05 0)
(1.2080731e-08 -1.6939984e-06 0)
(4.7758569e-09 8.0040236e-06 0)
(1.5003046e-09 6.0679535e-06 0)
(1.9546658e-10 6.0723e-06 0)
(-8.7227143e-09 8.0120042e-06 0)
(-7.4755031e-09 -1.6891015e-06 0)
(-6.8328839e-09 -1.2387238e-05 0)
(8.2486543e-09 -1.2389454e-05 0)
(8.4663404e-09 -1.6943523e-06 0)
(9.2678872e-09 8.0064768e-06 0)
(-1.793266e-10 6.0698359e-06 0)
(-1.5851231e-09 6.0742062e-06 0)
(-5.5560281e-09 8.0143988e-06 0)
(-1.2625815e-08 -1.689748e-06 0)
(-1.8379534e-09 -1.2391306e-05 0)
(3.4968501e-09 -1.2393313e-05 0)
(1.3914606e-08 -1.6948385e-06 0)
(6.0858323e-09 8.0092157e-06 0)
(1.6663783e-09 6.0718625e-06 0)
(1.1837188e-10 6.076171e-06 0)
(-9.3210946e-09 8.0169302e-06 0)
(-8.2398679e-09 -1.6905223e-06 0)
(-7.0292938e-09 -1.2395447e-05 0)
(8.9340772e-09 -1.2397438e-05 0)
(9.5799638e-09 -1.6952296e-06 0)
(1.0024665e-08 8.0120118e-06 0)
(-9.3906769e-11 6.0740106e-06 0)
(-1.6092883e-09 6.0781819e-06 0)
(-5.8128624e-09 8.019446e-06 0)
(-1.2948021e-08 -1.6912415e-06 0)
(-1.8883486e-09 -1.2399767e-05 0)
(3.8888337e-09 -1.2401532e-05 0)
(1.4483386e-08 -1.6957057e-06 0)
(6.4445913e-09 8.014938e-06 0)
(1.6977535e-09 6.0761774e-06 0)
(1.2084133e-10 6.0801744e-06 0)
(-9.3408905e-09 8.0220154e-06 0)
(-8.2812417e-09 -1.6920434e-06 0)
(-6.9808137e-09 -1.2404015e-05 0)
(9.0894855e-09 -1.2405734e-05 0)
(9.7608053e-09 -1.6960858e-06 0)
(1.0103253e-08 8.0178263e-06 0)
(-9.624333e-11 6.0783708e-06 0)
(-1.5855622e-09 6.0821645e-06 0)
(-5.6987249e-09 8.0245164e-06 0)
(-1.2797882e-08 -1.6927652e-06 0)
(-1.8065108e-09 -1.2408328e-05 0)
(3.8813368e-09 -1.2409819e-05 0)
(1.4382469e-08 -1.6965311e-06 0)
(6.3413869e-09 8.0207558e-06 0)
(1.673092e-09 6.0805265e-06 0)
(1.4806093e-10 6.0841075e-06 0)
(-9.1356473e-09 8.0270398e-06 0)
(-8.0408726e-09 -1.6935485e-06 0)
(-6.8724079e-09 -1.2412504e-05 0)
(8.9437532e-09 -1.2413939e-05 0)
(9.4837303e-09 -1.6968939e-06 0)
(9.8748872e-09 8.0236046e-06 0)
(-1.2956896e-10 6.0826659e-06 0)
(-1.549832e-09 6.0860343e-06 0)
(-5.4650398e-09 8.0294762e-06 0)
(-1.2492182e-08 -1.6942391e-06 0)
(-1.7199889e-09 -1.2416696e-05 0)
(3.6606263e-09 -1.2417913e-05 0)
(1.3973353e-08 -1.6973141e-06 0)
(6.049857e-09 8.0264485e-06 0)
(1.6308306e-09 6.0847477e-06 0)
(1.7736232e-10 6.0879076e-06 0)
(-8.8747979e-09 8.0319288e-06 0)
(-7.7352945e-09 -1.6949817e-06 0)
(-6.7834549e-09 -1.2420729e-05 0)
(8.6440926e-09 -1.2421894e-05 0)
(9.0161541e-09 -1.6976684e-06 0)
(9.5341947e-09 8.0291977e-06 0)
(-1.6872457e-10 6.086797e-06 0)
(-1.5154204e-09 6.0897647e-06 0)
(-5.2195921e-09 8.0342916e-06 0)
(-1.2170459e-08 -1.6956266e-06 0)
(-1.6709736e-09 -1.242476e-05 0)
(3.3405021e-09 -1.2425729e-05 0)
(1.3449216e-08 -1.6980764e-06 0)
(5.7035834e-09 8.0319198e-06 0)
(1.5869062e-09 6.0887858e-06 0)
(2.0198916e-10 6.0915702e-06 0)
(-8.62263e-09 8.0366733e-06 0)
(-7.4463616e-09 -1.6963194e-06 0)
(-6.7310711e-09 -1.2428632e-05 0)
(8.2789199e-09 -1.2429561e-05 0)
(8.4928267e-09 -1.6984332e-06 0)
(9.1708431e-09 8.0345478e-06 0)
(-2.0465389e-10 6.0907377e-06 0)
(-1.4853381e-09 6.0933634e-06 0)
(-4.9957259e-09 8.0389677e-06 0)
(-1.1875799e-08 -1.696914e-06 0)
(-1.6580272e-09 -1.2432497e-05 0)
(2.9871658e-09 -1.2433257e-05 0)
(1.2903251e-08 -1.6988397e-06 0)
(5.3594017e-09 8.0371386e-06 0)
(1.5464842e-09 6.0926328e-06 0)
(2.2165365e-10 6.0951084e-06 0)
(-8.3933658e-09 8.0412848e-06 0)
(-7.1898464e-09 -1.6975548e-06 0)
(-6.70436e-09 -1.243621e-05 0)
(7.8991391e-09 -1.2436947e-05 0)
(7.9749132e-09 -1.6992062e-06 0)
(8.8202591e-09 8.0396419e-06 0)
(-2.3532681e-10 6.0944912e-06 0)
(-1.4588369e-09 6.0968445e-06 0)
(-4.7948512e-09 8.043518e-06 0)
(-1.1608439e-08 -1.6980997e-06 0)
(-1.6637394e-09 -1.2439916e-05 0)
(2.6376329e-09 -1.2440512e-05 0)
(1.2375593e-08 -1.6996174e-06 0)
(5.0369342e-09 8.0421042e-06 0)
(1.5103121e-09 6.0962983e-06 0)
(2.3796175e-10 6.0985352e-06 0)
(-8.1820802e-09 8.0457758e-06 0)
(-6.9559806e-09 -1.6986902e-06 0)
(-6.6848274e-09 -1.2443478e-05 0)
(7.5326565e-09 -1.244407e-05 0)
(7.4863504e-09 -1.6999968e-06 0)
(8.4928102e-09 8.0444878e-06 0)
(-2.6125073e-10 6.0980702e-06 0)
(-1.4343554e-09 6.1002187e-06 0)
(-4.6082654e-09 8.047952e-06 0)
(-1.1354845e-08 -1.6991889e-06 0)
(-1.6693125e-09 -1.2447034e-05 0)
(2.3112464e-09 -1.2447514e-05 0)
(1.1880325e-08 -1.7004144e-06 0)
(4.7396687e-09 8.0468288e-06 0)
(1.4776815e-09 6.0997963e-06 0)
(2.5257945e-10 6.1018584e-06 0)
(-7.9794118e-09 8.0501525e-06 0)
(-6.7295023e-09 -1.6997329e-06 0)
(-6.6561242e-09 -1.2450456e-05 0)
(7.1933245e-09 -1.2450947e-05 0)
(7.0334894e-09 -1.7008059e-06 0)
(8.1885628e-09 8.0491003e-06 0)
(-2.8355891e-10 6.1014887e-06 0)
(-1.4105836e-09 6.1034912e-06 0)
(-4.4266066e-09 8.0522725e-06 0)
(-1.1100912e-08 -1.7001903e-06 0)
(-1.660531e-09 -1.245387e-05 0)
(2.0165612e-09 -1.2454275e-05 0)
(1.1419532e-08 -1.7012284e-06 0)
(4.4650161e-09 8.0513286e-06 0)
(1.4476231e-09 6.10314e-06 0)
(2.6669706e-10 6.1050807e-06 0)
(-7.7773343e-09 8.0544145e-06 0)
(-6.497754e-09 -1.7006928e-06 0)
(-6.6073632e-09 -1.2457158e-05 0)
(6.8863899e-09 -1.2457588e-05 0)
(6.6149142e-09 -1.7016289e-06 0)
(7.9040466e-09 8.0534959e-06 0)
(-3.0332805e-10 6.1047588e-06 0)
(-1.3866969e-09 6.1066626e-06 0)
(-4.2430194e-09 8.0564764e-06 0)
(-1.0836584e-08 -1.7011142e-06 0)
(-1.6290666e-09 -1.2460437e-05 0)
(1.7555619e-09 -1.2460802e-05 0)
(1.0990199e-08 -1.7020531e-06 0)
(4.2086848e-09 8.0556197e-06 0)
(1.4193012e-09 6.1063404e-06 0)
(2.810059e-10 6.1082012e-06 0)
(-7.5706807e-09 8.0585569e-06 0)
(-6.2528307e-09 -1.7015803e-06 0)
(-6.5332137e-09 -1.2463596e-05 0)
(6.6119339e-09 -1.2463998e-05 0)
(6.2261497e-09 -1.7024582e-06 0)
(7.6350948e-09 8.0576899e-06 0)
(-3.2140261e-10 6.1078901e-06 0)
(-1.3622927e-09 6.1097307e-06 0)
(-4.0535752e-09 8.0605571e-06 0)
(-1.0556496e-08 -1.7019709e-06 0)
(-1.5717032e-09 -1.2466745e-05 0)
(1.5263844e-09 -1.2467099e-05 0)
(1.0587508e-08 -1.7028798e-06 0)
(3.9664187e-09 8.0597163e-06 0)
(1.3920957e-09 6.1094057e-06 0)
(2.9582508e-10 6.1112167e-06 0)
(-7.3569602e-09 8.062572e-06 0)
(-5.9912261e-09 -1.7024054e-06 0)
(-6.4327207e-09 -1.2469779e-05 0)
(6.3671382e-09 -1.2470176e-05 0)
(5.8618924e-09 -1.7032848e-06 0)
(7.3779254e-09 8.0616956e-06 0)
(-3.3839416e-10 6.1108898e-06 0)
(-1.3372577e-09 6.1126919e-06 0)
(-3.8567241e-09 8.0645064e-06 0)
(-1.0259121e-08 -1.7027699e-06 0)
(-1.4889102e-09 -1.24728e-05 0)
(1.3251392e-09 -1.2473163e-05 0)
(1.02064e-08 -1.7036996e-06 0)
(3.7346067e-09 8.0636303e-06 0)
(1.3655833e-09 6.1123424e-06 0)
(3.112364e-10 6.1141233e-06 0)
(-7.1356718e-09 8.0664513e-06 0)
(-5.7126981e-09 -1.7031773e-06 0)
(-6.3078614e-09 -1.2475711e-05 0)
(6.1478043e-09 -1.2476122e-05 0)
(5.517066e-09 -1.7040999e-06 0)
(7.1294878e-09 8.0655234e-06 0)
(-3.5472482e-10 6.1137633e-06 0)
(-1.3116518e-09 6.1155423e-06 0)
(-3.6525586e-09 8.0683157e-06 0)
(-9.9455704e-09 -1.7035197e-06 0)
(-1.383443e-09 -1.2478606e-05 0)
(1.1471346e-09 -1.2478993e-05 0)
(9.8423099e-09 -1.7045041e-06 0)
(3.5104384e-09 8.0673713e-06 0)
(1.3394962e-09 6.1151548e-06 0)
(3.2718736e-10 6.1169172e-06 0)
(-6.9076037e-09 8.0701869e-06 0)
(-5.419102e-09 -1.7039036e-06 0)
(-6.1622798e-09 -1.2481396e-05 0)
(5.9493493e-09 -1.2481831e-05 0)
(5.1873059e-09 -1.7048957e-06 0)
(6.8875172e-09 8.069182e-06 0)
(-3.7067196e-10 6.1165145e-06 0)
(-1.2856248e-09 6.1182783e-06 0)
(-3.4421751e-09 8.0719779e-06 0)
(-9.6185337e-09 -1.7042273e-06 0)
(-1.2592269e-09 -1.2484167e-05 0)
(9.8766179e-10 -1.2484586e-05 0)
(9.4914856e-09 -1.705286e-06 0)
(3.2918836e-09 8.0709467e-06 0)
(1.313684e-09 6.1178462e-06 0)
(3.4355874e-10 6.1195953e-06 0)
(-6.6742788e-09 8.073772e-06 0)
(-5.113452e-09 -1.7045907e-06 0)
(-6.0003391e-09 -1.2486837e-05 0)
(5.7674207e-09 -1.2487302e-05 0)
(4.8691449e-09 -1.7056656e-06 0)
(6.650474e-09 8.0726779e-06 0)
(-3.864046e-10 6.119146e-06 0)
(-1.2593639e-09 6.1208972e-06 0)
(-3.2272012e-09 8.0754869e-06 0)
(-9.2814781e-09 -1.7048983e-06 0)
(-1.1205701e-09 -1.2489484e-05 0)
(8.424562e-10 -1.2489938e-05 0)
(9.1510797e-09 -1.7060395e-06 0)
(3.077602e-09 8.0743623e-06 0)
(1.2880827e-09 6.1204192e-06 0)
(3.6020543e-10 6.1221553e-06 0)
(-6.4375629e-09 8.0772018e-06 0)
(-4.7992532e-09 -1.7052435e-06 0)
(-5.8264876e-09 -1.2492035e-05 0)
(5.5982299e-09 -1.2492532e-05 0)
(4.5600307e-09 -1.7064047e-06 0)
(6.4174392e-09 8.0760163e-06 0)
(-4.0201183e-10 6.1216602e-06 0)
(-1.2330636e-09 6.1233971e-06 0)
(-3.0094771e-09 8.0788386e-06 0)
(-8.9381043e-09 -1.7055368e-06 0)
(-9.7166573e-10 -1.2494561e-05 0)
(7.0792375e-10 -1.2495049e-05 0)
(8.8191123e-09 -1.7067604e-06 0)
(2.8668284e-09 8.0776227e-06 0)
(1.2626894e-09 6.1228756e-06 0)
(3.7697904e-10 6.1245958e-06 0)
(-6.1994094e-09 8.0804728e-06 0)
(-4.4800676e-09 -1.7058657e-06 0)
(-5.6448791e-09 -1.2496993e-05 0)
(5.4386902e-09 -1.2497521e-05 0)
(4.2582472e-09 -1.7071092e-06 0)
(6.1879945e-09 8.0792014e-06 0)
(-4.1752472e-10 6.1240587e-06 0)
(-1.2069087e-09 6.1257774e-06 0)
(-2.7908533e-09 8.0820306e-06 0)
(-8.5920064e-09 -1.7061462e-06 0)
(-8.1631187e-10 -1.2499398e-05 0)
(5.8120756e-10 -1.2499919e-05 0)
(8.4943631e-09 -1.7074456e-06 0)
(2.6592512e-09 8.0807317e-06 0)
(1.2375439e-09 6.1252172e-06 0)
(3.9374001e-10 6.1269166e-06 0)
(-5.961703e-09 8.0835836e-06 0)
(-4.1592539e-09 -1.7064601e-06 0)
(-5.4591764e-09 -1.2501714e-05 0)
(5.2864283e-09 -1.2502269e-05 0)
(3.962786e-09 -1.7077769e-06 0)
(5.9621033e-09 8.0822365e-06 0)
(-4.3293438e-10 6.1263433e-06 0)
(-1.1810666e-09 6.1280382e-06 0)
(-2.5730719e-09 8.0850622e-06 0)
(-8.2464787e-09 -1.7067288e-06 0)
(-6.5778389e-10 -1.2503999e-05 0)
(4.6015554e-10 -1.2504549e-05 0)
(8.1762305e-09 -1.7080933e-06 0)
(2.4548963e-09 8.0836925e-06 0)
(1.212712e-09 6.1274457e-06 0)
(4.1036296e-10 6.1291183e-06 0)
(-5.726171e-09 8.0865342e-06 0)
(-3.8398282e-09 -1.7070285e-06 0)
(-5.2724781e-09 -1.2506199e-05 0)
(5.1397194e-09 -1.2506778e-05 0)
(3.673199e-09 -1.7084063e-06 0)
(5.74e-09 8.0851249e-06 0)
(-4.4820587e-10 6.1285157e-06 0)
(-1.1556838e-09 6.1301805e-06 0)
(-2.3577017e-09 8.0879342e-06 0)
(-7.9044205e-09 -1.7072861e-06 0)
(-4.9880238e-10 -1.2508368e-05 0)
(3.4323397e-10 -1.250894e-05 0)
(7.8645833e-09 -1.7087026e-06 0)
(2.254023e-09 8.0865082e-06 0)
(1.1882737e-09 6.1295629e-06 0)
(4.2673891e-10 6.1312023e-06 0)
(-5.4943385e-09 8.089326e-06 0)
(-3.524403e-09 -1.7075724e-06 0)
(-5.087319e-09 -1.2510455e-05 0)
(4.9973882e-09 -1.2511051e-05 0)
(3.3894523e-09 -1.7089972e-06 0)
(5.5220938e-09 8.0878696e-06 0)
(-4.6328918e-10 6.1305779e-06 0)
(-1.1308853e-09 6.1322061e-06 0)
(-2.1461083e-09 8.0906485e-06 0)
(-7.5683024e-09 -1.7078194e-06 0)
(-3.4155688e-10 -1.2512508e-05 0)
(2.2941912e-10 -1.2513097e-05 0)
(7.5596217e-09 -1.7092736e-06 0)
(2.0570347e-09 8.0891818e-06 0)
(1.1643141e-09 6.1315709e-06 0)
(4.4277545e-10 6.1331709e-06 0)
(-5.2675106e-09 8.0919617e-06 0)
(-3.215173e-09 -1.7080926e-06 0)
(-4.905711e-09 -1.2514484e-05 0)
(4.8586978e-09 -1.2515091e-05 0)
(3.1117945e-09 -1.7095498e-06 0)
(5.3088889e-09 8.0904736e-06 0)
(-4.7812758e-10 6.132532e-06 0)
(-1.1067747e-09 6.1341176e-06 0)
(-1.939445e-09 8.0932083e-06 0)
(-7.2401685e-09 -1.7083293e-06 0)
(-1.877573e-10 -1.2516425e-05 0)
(1.1808719e-10 -1.2517025e-05 0)
(7.2617561e-09 -1.7098067e-06 0)
(1.8644077e-09 8.0917164e-06 0)
(1.1409162e-09 6.1334719e-06 0)
(4.583964e-10 6.1350267e-06 0)
(-5.0467715e-09 8.0944448e-06 0)
(-2.9139297e-09 -1.7085899e-06 0)
(-4.7292026e-09 -1.2518292e-05 0)
(4.7232445e-09 -1.2518905e-05 0)
(2.8406465e-09 -1.7100649e-06 0)
(5.100922e-09 8.0929401e-06 0)
(-4.9266369e-10 6.1343803e-06 0)
(-1.0834356e-09 6.135918e-06 0)
(-1.7386572e-09 8.0956177e-06 0)
(-6.9216604e-09 -1.7088164e-06 0)
(-3.8696082e-11 -1.2520123e-05 0)
(8.9137068e-12 -1.2520728e-05 0)
(6.9715086e-09 -1.7103031e-06 0)
(1.6766354e-09 8.0941152e-06 0)
(1.1181561e-09 6.1352685e-06 0)
(4.735406e-10 6.1367731e-06 0)
(-4.8329932e-09 8.0967799e-06 0)
(-2.6220891e-09 -1.7090646e-06 0)
(-4.5589432e-09 -1.2521885e-05 0)
(4.5908652e-09 -1.2522499e-05 0)
(2.5765118e-09 -1.7105439e-06 0)
(4.8987147e-09 8.0952726e-06 0)
(-5.0684375e-10 6.1361258e-06 0)
(-1.060933e-09 6.1376108e-06 0)
(-1.5444928e-09 8.0978814e-06 0)
(-6.6140496e-09 -1.7092811e-06 0)
(1.0468861e-10 -1.252361e-05 0)
(-9.8212553e-11 -1.2524215e-05 0)
(6.689436e-09 -1.7107641e-06 0)
(1.494188e-09 8.096382e-06 0)
(1.0961004e-09 6.1369636e-06 0)
(4.8816075e-10 6.1384138e-06 0)
(-4.6268492e-09 8.0989717e-06 0)
(-2.340727e-09 -1.7095172e-06 0)
(-4.3957457e-09 -1.2525269e-05 0)
(4.4615604e-09 -1.2525879e-05 0)
(2.3199106e-09 -1.7109881e-06 0)
(4.7027411e-09 8.0974748e-06 0)
(-5.2062022e-10 6.1377712e-06 0)
(-1.0393149e-09 6.1391997e-06 0)
(-1.3575175e-09 8.1000046e-06 0)
(-6.3182759e-09 -1.7097237e-06 0)
(2.4175409e-10 -1.2526892e-05 0)
(-2.0325936e-10 -1.2527492e-05 0)
(6.4160737e-09 -1.7111913e-06 0)
(1.3174846e-09 8.0985205e-06 0)
(1.0748042e-09 6.1385602e-06 0)
(5.0222226e-10 6.1399527e-06 0)
(-4.4288317e-09 8.101026e-06 0)
(-2.0706164e-09 -1.7099479e-06 0)
(-4.2401434e-09 -1.2528452e-05 0)
(4.3354334e-09 -1.2529053e-05 0)
(2.0713306e-09 -1.7113993e-06 0)
(4.5134059e-09 8.0995507e-06 0)
(-5.3395334e-10 6.1393199e-06 0)
(-1.0186139e-09 6.140689e-06 0)
(-1.1781319e-09 8.1019929e-06 0)
(-6.0349854e-09 -1.7101445e-06 0)
(3.721006e-10 -1.2529977e-05 0)
(-3.0610564e-10 -1.2530567e-05 0)
(6.1518968e-09 -1.7115866e-06 0)
(1.1468757e-09 8.1005347e-06 0)
(1.0543105e-09 6.1400617e-06 0)
(5.1570201e-10 6.1413939e-06 0)
(-4.2392699e-09 8.1029483e-06 0)
(-1.8122646e-09 -1.710357e-06 0)
(-4.0924402e-09 -1.2531441e-05 0)
(4.2126437e-09 -1.253203e-05 0)
(1.8311945e-09 -1.7117795e-06 0)
(4.3310321e-09 8.1015043e-06 0)
(-5.4681186e-10 6.1407751e-06 0)
(-9.9884876e-10 6.1420827e-06 0)
(-1.0065888e-09 8.1038523e-06 0)
(-5.7645686e-09 -1.7105439e-06 0)
(4.955258e-10 -1.2532871e-05 0)
(-4.0658322e-10 -1.2533448e-05 0)
(5.8972951e-09 -1.7119517e-06 0)
(9.8263376e-10 8.1024289e-06 0)
(1.0346503e-09 6.1414716e-06 0)
(5.2858698e-10 6.1427418e-06 0)
(-4.0583487e-09 8.1047448e-06 0)
(-1.5659492e-09 -1.7107448e-06 0)
(-3.9527544e-09 -1.2534244e-05 0)
(4.0933724e-09 -1.2534817e-05 0)
(1.5998405e-09 -1.7121303e-06 0)
(4.155856e-09 8.1033401e-06 0)
(-5.5917324e-10 6.1421406e-06 0)
(-9.80026e-10 6.1433853e-06 0)
(-8.4301197e-10 8.1055888e-06 0)
(-5.5071961e-09 -1.7109221e-06 0)
(6.1198541e-10 -1.2535582e-05 0)
(-5.0450708e-10 -1.2536143e-05 0)
(5.6525592e-09 -1.7122885e-06 0)
(8.2494995e-10 8.1042075e-06 0)
(1.0158431e-09 6.1427934e-06 0)
(5.4087319e-10 6.1440007e-06 0)
(-3.8861269e-09 8.1064214e-06 0)
(-1.3317518e-09 -1.7111118e-06 0)
(-3.8210557e-09 -1.2536868e-05 0)
(3.9777978e-09 -1.2537422e-05 0)
(1.377511e-09 -1.7124537e-06 0)
(3.9880263e-09 8.1050625e-06 0)
(-5.7102307e-10 6.1434198e-06 0)
(-9.6214172e-10 6.1446012e-06 0)
(-6.8741255e-10 8.1072085e-06 0)
(-5.262852e-09 -1.7112796e-06 0)
(7.2156003e-10 -1.2538119e-05 0)
(-5.9969711e-10 -1.2538662e-05 0)
(5.4178752e-09 -1.7125989e-06 0)
(6.7393476e-10 8.1058751e-06 0)
(9.9789769e-10 6.1440309e-06 0)
(5.5256432e-10 6.1451751e-06 0)
(-3.7225559e-09 8.1079842e-06 0)
(-1.1095887e-09 -1.7114584e-06 0)
(-3.6971973e-09 -1.2539321e-05 0)
(3.8660782e-09 -1.2539855e-05 0)
(1.1643498e-09 -1.7127516e-06 0)
(3.8276084e-09 8.1066761e-06 0)
(-5.8235478e-10 6.1446165e-06 0)
(-9.4518281e-10 6.1457346e-06 0)
(-5.397064e-10 8.1087173e-06 0)
(-5.0313648e-09 -1.7116169e-06 0)
(8.2442714e-10 -1.254049e-05 0)
(-6.9199319e-10 -1.2541012e-05 0)
(5.1933253e-09 -1.7128848e-06 0)
(5.2962243e-10 8.1074362e-06 0)
(9.8081329e-10 6.1451877e-06 0)
(5.636708e-10 6.1462691e-06 0)
(-3.5674953e-09 8.1094392e-06 0)
(-8.9923952e-10 -1.7117849e-06 0)
(-3.5809423e-09 -1.2541612e-05 0)
(3.7583415e-09 -1.2542124e-05 0)
(9.6040392e-10 -1.7130257e-06 0)
(3.67459e-09 8.1081855e-06 0)
(-5.931688e-10 6.1457344e-06 0)
(-9.2912868e-10 6.1467898e-06 0)
(-3.997293e-10 8.1101212e-06 0)
(-4.8124352e-09 -1.7119343e-06 0)
(9.2083731e-10 -1.2542702e-05 0)
(-7.8126437e-10 -1.2543202e-05 0)
(4.9788922e-09 -1.7131477e-06 0)
(3.9197682e-10 8.1088955e-06 0)
(9.6458077e-10 6.1462675e-06 0)
(5.7420856e-10 6.1472871e-06 0)
(-3.4207298e-09 8.1107923e-06 0)
(-7.0037291e-10 -1.712092e-06 0)
(-3.4719873e-09 -1.2543748e-05 0)
(3.6546784e-09 -1.2544237e-05 0)
(7.6562866e-10 -1.7132778e-06 0)
(3.5288886e-09 8.1095954e-06 0)
(-6.0347166e-10 6.1467772e-06 0)
(-9.1395246e-10 6.1477711e-06 0)
(-2.6725122e-10 8.111426e-06 0)
(-4.6056614e-09 -1.7122324e-06 0)
(1.0110944e-09 -1.2544762e-05 0)
(-8.6741454e-10 -1.254524e-05 0)
(4.7744669e-09 -1.7133895e-06 0)
(2.6089883e-10 8.1102575e-06 0)
(9.4918372e-10 6.1472741e-06 0)
(5.8419814e-10 6.148233e-06 0)
(-3.2819824e-09 8.112049e-06 0)
(-5.1256921e-10 -1.7123801e-06 0)
(-3.3699803e-09 -1.2545737e-05 0)
(3.5551399e-09 -1.2546202e-05 0)
(5.7989567e-10 -1.7135094e-06 0)
(3.3903596e-09 8.1109103e-06 0)
(-6.1327523e-10 6.1477486e-06 0)
(-8.9962221e-10 6.1486824e-06 0)
(-1.4198956e-10 8.1126371e-06 0)
(-4.4105612e-09 -1.7125119e-06 0)
(1.0955396e-09 -1.254668e-05 0)
(-9.5038464e-10 -1.2547134e-05 0)
(4.5798582e-09 -1.7136116e-06 0)
(1.3623387e-10 8.1115269e-06 0)
(9.3459964e-10 6.1482109e-06 0)
(5.9366377e-10 6.149111e-06 0)
(-3.1509282e-09 8.1132147e-06 0)
(-3.3534068e-10 -1.7126498e-06 0)
(-3.2745368e-09 -1.2547585e-05 0)
(3.459737e-09 -1.2548027e-05 0)
(4.0300158e-10 -1.7137221e-06 0)
(3.2588053e-09 8.1121347e-06 0)
(-6.2259595e-10 6.148652e-06 0)
(-8.8610215e-10 6.1495275e-06 0)
(-2.3620518e-11 8.1137599e-06 0)
(-4.2265916e-09 -1.7127732e-06 0)
(1.1745378e-09 -1.2548461e-05 0)
(-1.0301531e-09 -1.2548892e-05 0)
(4.3948024e-09 -1.7138154e-06 0)
(1.7780164e-11 8.112708e-06 0)
(9.2080103e-10 6.1490816e-06 0)
(6.0263258e-10 6.1499247e-06 0)
(-3.0272051e-09 8.1142948e-06 0)
(-1.6814888e-10 -1.7129017e-06 0)
(-3.1852524e-09 -1.2549302e-05 0)
(3.3684417e-09 -1.2549719e-05 0)
(2.3467804e-10 -1.7139172e-06 0)
(3.1339829e-09 8.113273e-06 0)
(-6.3145396e-10 6.1494909e-06 0)
(-8.7335349e-10 6.1503103e-06 0)
(8.8210594e-11 8.1147994e-06 0)
(-4.0531657e-09 -1.7130171e-06 0)
(1.2484669e-09 -1.2550113e-05 0)
(-1.1067343e-09 -1.2550522e-05 0)
(4.2189742e-09 -1.7140024e-06 0)
(-9.4703346e-11 8.1138051e-06 0)
(9.0775626e-10 6.1498894e-06 0)
(6.1113381e-10 6.1506777e-06 0)
(-2.9104242e-09 8.115294e-06 0)
(-1.041988e-11 -1.7131365e-06 0)
(-3.1017133e-09 -1.2550893e-05 0)
(3.28119e-09 -1.2551287e-05 0)
(7.4601531e-11 -1.714096e-06 0)
(3.015613e-09 8.1143295e-06 0)
(-6.3987242e-10 6.1502686e-06 0)
(-8.613355e-10 6.151034e-06 0)
(1.9388031e-10 8.1157604e-06 0)
(-3.8896672e-09 -1.713244e-06 0)
(1.3177095e-09 -1.2551644e-05 0)
(-1.1801761e-09 -1.2552029e-05 0)
(4.0519975e-09 -1.7141737e-06 0)
(-2.0149009e-10 8.1148224e-06 0)
(8.9543075e-10 6.1506376e-06 0)
(6.1919828e-10 6.1513733e-06 0)
(-2.8001785e-09 8.1162169e-06 0)
(1.3844303e-10 -1.7133548e-06 0)
(-3.0235044e-09 -1.2552364e-05 0)
(3.1978859e-09 -1.2552736e-05 0)
(-7.7597095e-11 -1.7142597e-06 0)
(2.9033872e-09 8.1153081e-06 0)
(-6.478769e-10 6.1509882e-06 0)
(-8.5000613e-10 6.1517021e-06 0)
(2.9377953e-10 8.1166473e-06 0)
(-3.7354622e-09 -1.7134548e-06 0)
(1.3826455e-09 -1.2553058e-05 0)
(-1.2505566e-09 -1.2553421e-05 0)
(3.8934542e-09 -1.7143305e-06 0)
(-3.0287838e-10 8.1157639e-06 0)
(8.8378758e-10 6.1513293e-06 0)
(6.2685779e-10 6.1520149e-06 0)
(-2.6960503e-09 8.1170679e-06 0)
(2.7904855e-10 -1.7135572e-06 0)
(-2.9502155e-09 -1.2553723e-05 0)
(3.1184041e-09 -1.2554073e-05 0)
(-2.2232339e-10 -1.7144094e-06 0)
(2.7969748e-09 8.1162128e-06 0)
(-6.5549473e-10 6.1516528e-06 0)
(-8.3932266e-10 6.1523175e-06 0)
(3.8830681e-10 8.1174642e-06 0)
(-3.5899103e-09 -1.7136499e-06 0)
(1.443648e-09 -1.2554362e-05 0)
(-1.3179807e-09 -1.2554705e-05 0)
(3.7428947e-09 -1.7144738e-06 0)
(-3.9918544e-10 8.1166332e-06 0)
(8.7278829e-10 6.1519673e-06 0)
(6.341447e-10 6.1526052e-06 0)
(-2.5976171e-09 8.1178509e-06 0)
(4.1200859e-10 -1.7137444e-06 0)
(-2.8814462e-09 -1.2554975e-05 0)
(3.0425954e-09 -1.2555304e-05 0)
(-3.6001066e-10 -1.7145461e-06 0)
(2.6960295e-09 8.1170472e-06 0)
(-6.6275436e-10 6.1522651e-06 0)
(-8.2924225e-10 6.1528831e-06 0)
(4.7786306e-10 8.1182151e-06 0)
(-3.4523721e-09 -1.7138301e-06 0)
(1.5010785e-09 -1.2555562e-05 0)
(-1.3825761e-09 -1.2555885e-05 0)
(3.5998459e-09 -1.7146044e-06 0)
(-4.9074147e-10 8.1174341e-06 0)
(8.6239353e-10 6.1525544e-06 0)
(6.4109148e-10 6.153147e-06 0)
(-2.5044573e-09 8.1185697e-06 0)
(5.3793084e-10 -1.7139168e-06 0)
(-2.81681e-09 -1.2556125e-05 0)
(2.9702903e-09 -1.2556434e-05 0)
(-4.911123e-10 -1.7146705e-06 0)
(2.6001947e-09 8.1178148e-06 0)
(-6.6968513e-10 6.1528278e-06 0)
(-8.1972249e-10 6.1534015e-06 0)
(5.6284693e-10 8.1189035e-06 0)
(-3.3222163e-09 -1.7139958e-06 0)
(1.5552848e-09 -1.2556664e-05 0)
(-1.4444892e-09 -1.2556967e-05 0)
(3.4638189e-09 -1.7147233e-06 0)
(-5.7788488e-10 8.1181697e-06 0)
(8.5256355e-10 6.1530931e-06 0)
(6.4773043e-10 6.1536429e-06 0)
(-2.4161544e-09 8.1192277e-06 0)
(6.5741293e-10 -1.7140752e-06 0)
(-2.7559358e-09 -1.2557179e-05 0)
(2.9013035e-09 -1.2557469e-05 0)
(-6.1609441e-10 -1.7147836e-06 0)
(2.5091088e-09 8.1185187e-06 0)
(-6.7631676e-10 6.1533433e-06 0)
(-8.1072163e-10 6.1538751e-06 0)
(6.4365081e-10 8.1195325e-06 0)
(-3.1988254e-09 -1.7141478e-06 0)
(1.606599e-09 -1.2557671e-05 0)
(-1.5038816e-09 -1.2557956e-05 0)
(3.3343163e-09 -1.7148312e-06 0)
(-6.6095759e-10 8.1188432e-06 0)
(8.4325875e-10 6.1535858e-06 0)
(6.540934e-10 6.1540951e-06 0)
(-2.3323003e-09 8.1198279e-06 0)
(7.7103758e-10 -1.7142201e-06 0)
(-2.6984708e-09 -1.2558141e-05 0)
(2.8354373e-09 -1.2558414e-05 0)
(-7.3542961e-10 -1.714886e-06 0)
(2.4224092e-09 8.119162e-06 0)
(-6.8267898e-10 6.1538139e-06 0)
(-8.0219907e-10 6.1543062e-06 0)
(7.2065824e-10 8.1201053e-06 0)
(-3.0816002e-09 -1.7142864e-06 0)
(1.6553359e-09 -1.2558588e-05 0)
(-1.5609266e-09 -1.2558857e-05 0)
(3.2108386e-09 -1.7149286e-06 0)
(-7.4030111e-10 8.1194574e-06 0)
(8.3443999e-10 6.1540346e-06 0)
(6.6021155e-10 6.1545058e-06 0)
(-2.2524986e-09 8.1203732e-06 0)
(8.7936908e-10 -1.714352e-06 0)
(-2.6440809e-09 -1.2559016e-05 0)
(2.7724862e-09 -1.2559272e-05 0)
(-8.4959121e-10 -1.7149783e-06 0)
(2.3397367e-09 8.1197474e-06 0)
(-6.8880129e-10 6.1542416e-06 0)
(-7.9411538e-10 6.1546967e-06 0)
(7.9424092e-10 8.1206245e-06 0)
(-2.9699628e-09 -1.7144124e-06 0)
(1.701793e-09 -1.2559421e-05 0)
(-1.6158052e-09 -1.2559673e-05 0)
(3.0928892e-09 -1.7150163e-06 0)
(-8.1625315e-10 8.1200151e-06 0)
(8.26069e-10 6.1544415e-06 0)
(6.6611514e-10 6.1548768e-06 0)
(-2.1763666e-09 8.1208661e-06 0)
(9.8294994e-10 -1.7144713e-06 0)
(-2.5924513e-09 -1.2559807e-05 0)
(2.7122397e-09 -1.2560048e-05 0)
(-9.5904811e-10 -1.7150611e-06 0)
(2.2607384e-09 8.1202775e-06 0)
(-6.9471263e-10 6.1546284e-06 0)
(-7.864328e-10 6.1550485e-06 0)
(8.6475684e-10 8.1210924e-06 0)
(-2.8633598e-09 -1.714526e-06 0)
(1.7462496e-09 -1.2560171e-05 0)
(-1.6687031e-09 -1.2560409e-05 0)
(2.9799799e-09 -1.7150946e-06 0)
(-8.8914436e-10 8.1205185e-06 0)
(8.181087e-10 6.1548084e-06 0)
(6.7183337e-10 6.1552099e-06 0)
(-2.1035376e-09 8.121309e-06 0)
(1.0822987e-09 -1.7145787e-06 0)
(-2.543287e-09 -1.2560518e-05 0)
(2.654486e-09 -1.2560745e-05 0)
(-1.0642602e-09 -1.7151348e-06 0)
(2.1850707e-09 8.1207544e-06 0)
(-7.0044126e-10 6.154976e-06 0)
(-7.7911515e-10 6.1553631e-06 0)
(9.3254825e-10 8.1215114e-06 0)
(-2.7612646e-09 -1.7146278e-06 0)
(1.7889668e-09 -1.2560843e-05 0)
(-1.7198076e-09 -1.2561068e-05 0)
(2.8716351e-09 -1.7151641e-06 0)
(-9.5929601e-10 8.12097e-06 0)
(8.1052321e-10 6.1551368e-06 0)
(6.7739414e-10 6.1555066e-06 0)
(-2.0336624e-09 8.1217039e-06 0)
(1.1779078e-09 -1.7146744e-06 0)
(-2.4963129e-09 -1.2561152e-05 0)
(2.5990149e-09 -1.2561366e-05 0)
(-1.1656741e-09 -1.7151998e-06 0)
(2.1124021e-09 8.1211804e-06 0)
(-7.0601447e-10 6.1552858e-06 0)
(-7.7212817e-10 6.155642e-06 0)
(9.9794054e-10 8.1218833e-06 0)
(-2.6631789e-09 -1.7147183e-06 0)
(1.8301883e-09 -1.2561439e-05 0)
(-1.7693047e-09 -1.2561652e-05 0)
(2.767396e-09 -1.7152252e-06 0)
(-1.0270172e-09 8.1213713e-06 0)
(8.0327837e-10 6.1554282e-06 0)
(6.8282419e-10 6.1557683e-06 0)
(-1.9664108e-09 8.1220525e-06 0)
(1.2702419e-09 -1.7147589e-06 0)
(-2.4512734e-09 -1.2561712e-05 0)
(2.5456208e-09 -1.2561914e-05 0)
(-1.2637195e-09 -1.7152566e-06 0)
(2.0424154e-09 8.1215572e-06 0)
(-7.1145845e-10 6.1555593e-06 0)
(-7.6543951e-10 6.1558865e-06 0)
(1.0612406e-09 8.1222098e-06 0)
(-2.5686347e-09 -1.7147976e-06 0)
(1.8701398e-09 -1.2561963e-05 0)
(-1.8173761e-09 -1.2562165e-05 0)
(2.666824e-09 -1.715278e-06 0)
(-1.0926029e-09 8.1217243e-06 0)
(7.963418e-10 6.155684e-06 0)
(6.8814869e-10 6.1559961e-06 0)
(-1.9014727e-09 8.1223566e-06 0)
(1.3597365e-09 -1.7148326e-06 0)
(-2.407932e-09 -1.25622e-05 0)
(2.4941051e-09 -1.2562392e-05 0)
(-1.3588054e-09 -1.7153053e-06 0)
(1.9748102e-09 8.1218864e-06 0)
(-7.1679804e-10 6.1557977e-06 0)
(-7.5901912e-10 6.1560976e-06 0)
(1.1227358e-09 8.1224924e-06 0)
(-2.4771954e-09 -1.7148663e-06 0)
(1.9090294e-09 -1.2562416e-05 0)
(-1.864197e-09 -1.2562609e-05 0)
(2.5695048e-09 -1.715323e-06 0)
(-1.156331e-09 8.1220306e-06 0)
(7.8968312e-10 6.1559052e-06 0)
(6.9339107e-10 6.156191e-06 0)
(-1.8385596e-09 8.1226174e-06 0)
(1.4467963e-09 -1.7148957e-06 0)
(-2.3660716e-09 -1.2562619e-05 0)
(2.4442796e-09 -1.2562802e-05 0)
(-1.4513164e-09 -1.7153463e-06 0)
(1.9093049e-09 8.1221696e-06 0)
(-7.2205663e-10 6.156002e-06 0)
(-7.5283896e-10 6.1562764e-06 0)
(1.1826921e-09 8.1227324e-06 0)
(-2.3884574e-09 -1.7149246e-06 0)
(1.9470482e-09 -1.2562801e-05 0)
(-1.9099325e-09 -1.2562985e-05 0)
(2.4750518e-09 -1.7153604e-06 0)
(-1.2184615e-09 8.1222915e-06 0)
(7.8327397e-10 6.1560928e-06 0)
(6.985732e-10 6.1563541e-06 0)
(-1.7774057e-09 8.1228363e-06 0)
(1.5317936e-09 -1.7149486e-06 0)
(-2.3254937e-09 -1.2562971e-05 0)
(2.3959681e-09 -1.2563145e-05 0)
(-1.5416093e-09 -1.7153798e-06 0)
(1.8456385e-09 8.1224081e-06 0)
(-7.2725597e-10 6.1561733e-06 0)
(-7.4687338e-10 6.1564236e-06 0)
(1.2413535e-09 8.1229308e-06 0)
(-2.3020516e-09 -1.7149727e-06 0)
(1.9843701e-09 -1.2563119e-05 0)
(-1.9547362e-09 -1.2563296e-05 0)
(2.3831092e-09 -1.7153902e-06 0)
(-1.2792329e-09 8.1225081e-06 0)
(7.7708843e-10 6.1562477e-06 0)
(7.0371485e-10 6.1564859e-06 0)
(-1.7177694e-09 8.1230141e-06 0)
(1.615067e-09 -1.7149914e-06 0)
(-2.2860186e-09 -1.2563256e-05 0)
(2.34901e-09 -1.2563424e-05 0)
(-1.63001e-09 -1.7154058e-06 0)
(1.7835734e-09 8.1226028e-06 0)
(-7.3241592e-10 6.1563122e-06 0)
(-7.4109928e-10 6.1565401e-06 0)
(1.29894e-09 8.1230888e-06 0)
(-2.2176451e-09 -1.7150109e-06 0)
(2.021152e-09 -1.2563372e-05 0)
(-1.9987463e-09 -1.2563543e-05 0)
(2.2933556e-09 -1.7154128e-06 0)
(-1.3388612e-09 8.1226816e-06 0)
(7.7110292e-10 6.1563707e-06 0)
(7.0883374e-10 6.1565873e-06 0)
(-1.6594344e-09 8.1231517e-06 0)
(1.6969194e-09 -1.7150245e-06 0)
(-2.2474849e-09 -1.2563478e-05 0)
(2.3032618e-09 -1.2563639e-05 0)
(-1.7168089e-09 -1.7154247e-06 0)
(1.7228971e-09 8.1227549e-06 0)
(-7.3755432e-10 6.1564195e-06 0)
(-7.3549615e-10 6.1566262e-06 0)
(1.3556465e-09 8.1232069e-06 0)
(-2.1349429e-09 -1.7150395e-06 0)
(2.0575335e-09 -1.2563562e-05 0)
(-2.0420839e-09 -1.2563727e-05 0)
(2.2055082e-09 -1.7154282e-06 0)
(-1.3975365e-09 8.1228127e-06 0)
(7.6529662e-10 6.1564623e-06 0)
(7.1394534e-10 6.1566586e-06 0)
(-1.6022115e-09 8.1232499e-06 0)
(1.7776159e-09 -1.7150479e-06 0)
(-2.2097497e-09 -1.2563636e-05 0)
(2.2586009e-09 -1.2563792e-05 0)
(-1.8022578e-09 -1.7154364e-06 0)
(1.6634246e-09 8.122865e-06 0)
(-7.4268667e-10 6.1564957e-06 0)
(-7.3004621e-10 6.1566826e-06 0)
(1.4116404e-09 8.1232859e-06 0)
(-2.0536892e-09 -1.7150585e-06 0)
(2.0936373e-09 -1.2563689e-05 0)
(-2.0848492e-09 -1.2563849e-05 0)
(2.1193261e-09 -1.7154364e-06 0)
(-1.4554214e-09 8.1229023e-06 0)
(7.5965157e-10 6.1565232e-06 0)
(7.1906249e-10 6.1567004e-06 0)
(-1.5459401e-09 8.1233094e-06 0)
(1.8573819e-09 -1.7150619e-06 0)
(-2.1726887e-09 -1.2563732e-05 0)
(2.2149273e-09 -1.2563884e-05 0)
(-1.8865653e-09 -1.715441e-06 0)
(1.6050012e-09 8.1229339e-06 0)
(-7.4782597e-10 6.1565414e-06 0)
(-7.2473455e-10 6.1567097e-06 0)
(1.4670609e-09 8.1233264e-06 0)
(-1.9736705e-09 -1.7150681e-06 0)
(2.1295685e-09 -1.2563754e-05 0)
(-2.1271192e-09 -1.2563911e-05 0)
(2.0346144e-09 -1.7154376e-06 0)
(-1.5126476e-09 8.1229511e-06 0)
(7.5415269e-10 6.1565537e-06 0)
(7.2419535e-10 6.156713e-06 0)
(-1.4904896e-09 8.1233305e-06 0)
(1.9364011e-09 -1.7150667e-06 0)
(-2.1361957e-09 -1.2563767e-05 0)
(2.1721677e-09 -1.2563916e-05 0)
(-1.9698929e-09 -1.7154385e-06 0)
(1.5475046e-09 8.1229623e-06 0)
(-7.5298243e-10 6.156557e-06 0)
(-7.195494e-10 6.1567078e-06 0)
(1.5220158e-09 8.1233288e-06 0)
(-1.8947164e-09 -1.7150686e-06 0)
(2.1654148e-09 -1.2563758e-05 0)
(-2.1689442e-09 -1.2563913e-05 0)
(1.9512286e-09 -1.7154318e-06 0)
(-1.5693136e-09 8.1229595e-06 0)
(7.4878825e-10 6.1565542e-06 0)
(7.2935093e-10 6.1566968e-06 0)
(-1.4357619e-09 8.1233137e-06 0)
(2.0148124e-09 -1.7150624e-06 0)
(-2.1001827e-09 -1.2563741e-05 0)
(2.1302769e-09 -1.2563888e-05 0)
(-2.0523501e-09 -1.7154291e-06 0)
(1.4908478e-09 8.1229506e-06 0)
(-7.5816315e-10 6.1565427e-06 0)
(-7.1448226e-10 6.1566772e-06 0)
(1.5765804e-09 8.1232935e-06 0)
(-1.8167031e-09 -1.71506e-06 0)
(2.2012461e-09 -1.2563702e-05 0)
(-2.2103444e-09 -1.2563855e-05 0)
(1.8690789e-09 -1.715419e-06 0)
(-1.6254817e-09 8.1229282e-06 0)
(7.435499e-10 6.1565252e-06 0)
(7.3453307e-10 6.1566521e-06 0)
(-1.3816925e-09 8.1232594e-06 0)
(2.0927082e-09 -1.7150491e-06 0)
(-2.06458e-09 -1.2563655e-05 0)
(2.0892426e-09 -1.25638e-05 0)
(-2.1339903e-09 -1.7154126e-06 0)
(1.4349822e-09 8.1228995e-06 0)
(-7.6337185e-10 6.1564991e-06 0)
(-7.0952784e-10 6.1566182e-06 0)
(1.6307955e-09 8.1232208e-06 0)
(-1.7395541e-09 -1.7150426e-06 0)
(2.2371144e-09 -1.2563586e-05 0)
(-2.2513067e-09 -1.2563738e-05 0)
(1.7881344e-09 -1.7153991e-06 0)
(-1.6811749e-09 8.1228576e-06 0)
(7.3843301e-10 6.1564669e-06 0)
(7.3974206e-10 6.156579e-06 0)
(-1.3282525e-09 8.1231679e-06 0)
(2.1701321e-09 -1.715027e-06 0)
(-2.0293356e-09 -1.256351e-05 0)
(2.0490872e-09 -1.2563655e-05 0)
(-2.2148053e-09 -1.7153891e-06 0)
(1.3798995e-09 8.1228092e-06 0)
(-7.6860848e-10 6.1564263e-06 0)
(-7.0468446e-10 6.156531e-06 0)
(1.6846648e-09 8.1231111e-06 0)
(-1.6632427e-09 -1.7150164e-06 0)
(2.273054e-09 -1.2563412e-05 0)
(-2.2917808e-09 -1.2563564e-05 0)
(1.7084275e-09 -1.7153722e-06 0)
(-1.7363738e-09 8.1227482e-06 0)
(7.3343669e-10 6.1563796e-06 0)
(7.4497427e-10 6.1564779e-06 0)
(-1.2754496e-09 8.1230396e-06 0)
(2.2470769e-09 -1.7149962e-06 0)
(-1.9944145e-09 -1.2563307e-05 0)
(2.0098715e-09 -1.2563451e-05 0)
(-2.2947216e-09 -1.7153585e-06 0)
(1.325635e-09 8.1226805e-06 0)
(-7.7386898e-10 6.1563247e-06 0)
(-6.9995409e-10 6.1564158e-06 0)
(1.7381544e-09 8.1229646e-06 0)
(-1.5877924e-09 -1.7149816e-06 0)
(2.3090822e-09 -1.2563179e-05 0)
(-2.3316764e-09 -1.2563332e-05 0)
(1.6300582e-09 -1.7153382e-06 0)
(-1.7910142e-09 8.1226006e-06 0)
(7.285642e-10 6.1562637e-06 0)
(7.5022195e-10 6.1563489e-06 0)
(-1.2233294e-09 8.1228747e-06 0)
(2.3234838e-09 -1.7149571e-06 0)
(-1.9597972e-09 -1.2563046e-05 0)
(1.9716981e-09 -1.2563191e-05 0)
(-2.3735956e-09 -1.7153208e-06 0)
(1.27227e-09 8.1225139e-06 0)
(-7.7914486e-10 6.1561947e-06 0)
(-6.9534229e-10 6.156273e-06 0)
(1.7911912e-09 8.1227818e-06 0)
(-1.5132777e-09 -1.7149385e-06 0)
(2.3452003e-09 -1.2562889e-05 0)
(-2.3708587e-09 -1.2563042e-05 0)
(1.5531969e-09 -1.7152971e-06 0)
(-1.8449847e-09 8.1224154e-06 0)
(7.2382291e-10 6.1561196e-06 0)
(7.5547314e-10 6.1561925e-06 0)
(-1.1719758e-09 8.1226736e-06 0)
(2.3992418e-09 -1.7149097e-06 0)
(-1.9254784e-09 -1.2562727e-05 0)
(1.9347134e-09 -1.2562874e-05 0)
(-2.4512105e-09 -1.715276e-06 0)
(1.2199326e-09 8.1223099e-06 0)
(-7.8442292e-10 6.1560367e-06 0)
(-6.9085833e-10 6.1561029e-06 0)
(1.8436628e-09 8.122563e-06 0)
(-1.4398231e-09 -1.7148874e-06 0)
(2.3813949e-09 -1.2562543e-05 0)
(-2.4091459e-09 -1.2562697e-05 0)
(1.4780876e-09 -1.7152488e-06 0)
(-1.8981243e-09 8.1221933e-06 0)
(7.1922447e-10 6.1559477e-06 0)
(7.6071154e-10 6.1560089e-06 0)
(-1.1215097e-09 8.1224368e-06 0)
(2.4741895e-09 -1.7148545e-06 0)
(-1.8914638e-09 -1.2562353e-05 0)
(1.8991108e-09 -1.2562501e-05 0)
(-2.5272733e-09 -1.7152239e-06 0)
(1.1687999e-09 8.1220695e-06 0)
(-7.8968506e-10 6.1558512e-06 0)
(-6.8651489e-10 6.1559059e-06 0)
(1.8954184e-09 8.1223086e-06 0)
(-1.3675995e-09 -1.7148284e-06 0)
(2.4176411e-09 -1.2562142e-05 0)
(-2.4463061e-09 -1.2562297e-05 0)
(1.4050488e-09 -1.7151933e-06 0)
(-1.9502221e-09 8.1219351e-06 0)
(7.1478482e-10 6.1557486e-06 0)
(7.6591632e-10 6.1557987e-06 0)
(-1.0720874e-09 8.1221648e-06 0)
(2.5481182e-09 -1.7147917e-06 0)
(-1.8577661e-09 -1.2561924e-05 0)
(1.8651318e-09 -1.2562073e-05 0)
(-2.6014145e-09 -1.7151645e-06 0)
(1.1190972e-09 8.1217934e-06 0)
(-7.9490808e-10 6.1556388e-06 0)
(-6.8232794e-10 6.1556825e-06 0)
(1.9462714e-09 8.1220193e-06 0)
(-1.2968201e-09 -1.7147621e-06 0)
(2.4539061e-09 -1.2561686e-05 0)
(-2.482056e-09 -1.2561842e-05 0)
(1.3344727e-09 -1.7151304e-06 0)
(-2.0010173e-09 8.1216419e-06 0)
(7.1052397e-10 6.1555229e-06 0)
(7.7106241e-10 6.1555623e-06 0)
(-1.0238966e-09 8.1218582e-06 0)
(2.6207775e-09 -1.7147218e-06 0)
(-1.8244002e-09 -1.2561442e-05 0)
(1.833067e-09 -1.2561592e-05 0)
(-2.6731892e-09 -1.7150977e-06 0)
(1.0710962e-09 8.1214829e-06 0)
(-8.000636e-10 6.1554002e-06 0)
(-6.7831615e-10 6.1554332e-06 0)
(1.9960036e-09 8.1216958e-06 0)
(-1.2277318e-09 -1.7146888e-06 0)
(2.4901542e-09 -1.2561178e-05 0)
(-2.5160595e-09 -1.2561335e-05 0)
(1.2668215e-09 -1.7150601e-06 0)
(-2.0502017e-09 8.1213148e-06 0)
(7.0646594e-10 6.1552715e-06 0)
(7.7612083e-10 6.1553004e-06 0)
(-9.771503e-10 8.1215178e-06 0)
(2.6918846e-09 -1.7146453e-06 0)
(-1.7913764e-09 -1.2560909e-05 0)
(1.803255e-09 -1.256106e-05 0)
(-2.7420816e-09 -1.7150234e-06 0)
(1.0251115e-09 8.1211393e-06 0)
(-8.0511796e-10 6.1551363e-06 0)
(-6.745002e-10 6.1551588e-06 0)
(2.0443724e-09 8.1213387e-06 0)
(-1.1606036e-09 -1.7146092e-06 0)
(2.5263543e-09 -1.2560619e-05 0)
(-2.5479296e-09 -1.2560777e-05 0)
(1.2026203e-09 -1.7149823e-06 0)
(-2.0974238e-09 8.1209554e-06 0)
(7.0263818e-10 6.1549953e-06 0)
(7.8105947e-10 6.1550137e-06 0)
(-9.3207762e-10 8.1211444e-06 0)
(2.7611374e-09 -1.7145628e-06 0)
(-1.7586915e-09 -1.2560325e-05 0)
(1.7760785e-09 -1.2560477e-05 0)
(-2.8075141e-09 -1.7149414e-06 0)
(9.8149402e-10 8.1207642e-06 0)
(-8.1003276e-10 6.1548482e-06 0)
(-6.7090151e-10 6.1548601e-06 0)
(2.0911207e-09 8.1209491e-06 0)
(-1.0957109e-09 -1.7145238e-06 0)
(2.5624873e-09 -1.2560012e-05 0)
(-2.5772323e-09 -1.2560169e-05 0)
(1.1424448e-09 -1.7148968e-06 0)
(-2.1422969e-09 8.1205655e-06 0)
(6.9907079e-10 6.1546955e-06 0)
(7.8584398e-10 6.1547032e-06 0)
(-8.8891159e-10 8.1207389e-06 0)
(2.8282318e-09 -1.7144751e-06 0)
(-1.7263191e-09 -1.2559695e-05 0)
(1.7519581e-09 -1.2559846e-05 0)
(-2.868862e-09 -1.7148517e-06 0)
(9.4061994e-10 8.1203594e-06 0)
(-8.1476534e-10 6.1545372e-06 0)
(-6.6754092e-10 6.154538e-06 0)
(2.1359908e-09 8.120528e-06 0)
(-1.0333143e-09 -1.7144336e-06 0)
(2.5985572e-09 -1.2559359e-05 0)
(-2.6034948e-09 -1.2559515e-05 0)
(1.0869018e-09 -1.7148034e-06 0)
(-2.1844115e-09 8.120147e-06 0)
(6.9579583e-10 6.1543734e-06 0)
(7.9043923e-10 6.1543698e-06 0)
(-8.4787226e-10 8.1203027e-06 0)
(2.892885e-09 -1.714383e-06 0)
(-1.6941984e-09 -1.255902e-05 0)
(1.7313398e-09 -1.2559169e-05 0)
(-2.9254758e-09 -1.7147541e-06 0)
(9.0287582e-10 8.1199272e-06 0)
(-8.1926959e-10 6.1542048e-06 0)
(-6.6443678e-10 6.1541938e-06 0)
(2.1787434e-09 8.1200766e-06 0)
(-9.7363311e-10 -1.7143395e-06 0)
(2.6346008e-09 -1.2558664e-05 0)
(-2.6262207e-09 -1.2558816e-05 0)
(1.0366014e-09 -1.7147021e-06 0)
(-2.2233524e-09 8.1197022e-06 0)
(6.9284529e-10 6.1540308e-06 0)
(7.9481159e-10 6.1540148e-06 0)
(-8.091457e-10 8.1198368e-06 0)
(2.954864e-09 -1.7142876e-06 0)
(-1.6622223e-09 -1.2558304e-05 0)
(1.7146753e-09 -1.2558449e-05 0)
(-2.9767146e-09 -1.7146483e-06 0)
(8.6863663e-10 8.1194701e-06 0)
(-8.2349746e-10 6.1538526e-06 0)
(-6.6160218e-10 6.1538285e-06 0)
(2.2191801e-09 8.1195962e-06 0)
(-9.1681351e-10 -1.7142424e-06 0)
(2.6706985e-09 -1.2557929e-05 0)
(-2.6449131e-09 -1.2558075e-05 0)
(9.9211615e-10 -1.7145926e-06 0)
(-2.2587248e-09 8.1192339e-06 0)
(6.9024956e-10 6.1536694e-06 0)
(7.9893125e-10 6.1536394e-06 0)
(-7.7285758e-10 8.1193427e-06 0)
(3.0140196e-09 -1.71419e-06 0)
(-1.6302281e-09 -1.255755e-05 0)
(1.7023924e-09 -1.2557689e-05 0)
(-3.0219928e-09 -1.714534e-06 0)
(8.3823561e-10 8.1189908e-06 0)
(-8.2740138e-10 6.1534826e-06 0)
(-6.5904202e-10 6.1534435e-06 0)
(2.257172e-09 8.1190881e-06 0)
(-8.6289166e-10 -1.7141437e-06 0)
(2.706982e-09 -1.2557158e-05 0)
(-2.659111e-09 -1.2557295e-05 0)
(9.5392599e-10 -1.7144745e-06 0)
(-2.2901879e-09 8.118745e-06 0)
(6.8803429e-10 6.153291e-06 0)
(8.027759e-10 6.1532449e-06 0)
(-7.3904231e-10 8.1188217e-06 0)
(3.0703249e-09 -1.7140916e-06 0)
(-1.5979912e-09 -1.2556762e-05 0)
(1.6948497e-09 -1.2556891e-05 0)
(-3.0608451e-09 -1.7144111e-06 0)
(8.1192367e-10 8.1184923e-06 0)
(-8.3093688e-10 6.1530968e-06 0)
(-6.5674912e-10 6.1530401e-06 0)
(2.2926932e-09 8.1185537e-06 0)
(-8.1175324e-10 -1.7140448e-06 0)
(2.7436358e-09 -1.2556355e-05 0)
(-2.6684436e-09 -1.255648e-05 0)
(9.2234132e-10 -1.7143475e-06 0)
(-2.3175023e-09 8.1182385e-06 0)
(6.8621675e-10 6.152898e-06 0)
(8.0633452e-10 6.1528326e-06 0)
(-7.0760735e-10 8.118275e-06 0)
(3.1239163e-09 -1.7139936e-06 0)
(-1.5652281e-09 -1.2555944e-05 0)
(1.6922711e-09 -1.255606e-05 0)
(-3.0930144e-09 -1.714279e-06 0)
(7.8981504e-10 8.117978e-06 0)
(-8.3406713e-10 6.1526973e-06 0)
(-6.5469998e-10 6.1526196e-06 0)
(2.325858e-09 8.1179942e-06 0)
(-7.6309229e-10 -1.7139469e-06 0)
(2.7808886e-09 -1.2555524e-05 0)
(-2.6727077e-09 -1.2555632e-05 0)
(8.9740105e-10 -1.7142112e-06 0)
(-2.3405918e-09 8.1177177e-06 0)
(6.8480076e-10 6.1524925e-06 0)
(8.0961213e-10 6.1524038e-06 0)
(-6.7829452e-10 8.1177039e-06 0)
(3.1751342e-09 -1.7138976e-06 0)
(-1.5316129e-09 -1.25551e-05 0)
(1.6946535e-09 -1.2555197e-05 0)
(-3.1185697e-09 -1.7141374e-06 0)
(7.7181674e-10 8.1174508e-06 0)
(-8.3676894e-10 6.1522865e-06 0)
(-6.5285001e-10 6.1521831e-06 0)
(2.3569606e-09 8.1174107e-06 0)
(-7.1637329e-10 -1.7138517e-06 0)
(2.8189869e-09 -1.2554669e-05 0)
(-2.6719769e-09 -1.2554754e-05 0)
(8.7873898e-10 -1.7140652e-06 0)
(-2.3596237e-09 8.1171856e-06 0)
(6.8376981e-10 6.1520767e-06 0)
(8.1263473e-10 6.1519595e-06 0)
(-6.5064041e-10 8.1171093e-06 0)
(3.2245571e-09 -1.713805e-06 0)
(-1.496815e-09 -1.2554232e-05 0)
(1.7016409e-09 -1.2554307e-05 0)
(-3.1380575e-09 -1.7139858e-06 0)
(7.5753832e-10 8.116914e-06 0)
(-8.3904047e-10 6.1518665e-06 0)
(-6.5112863e-10 6.1517315e-06 0)
(2.3865147e-09 8.1168039e-06 0)
(-6.7080243e-10 -1.7137605e-06 0)
(2.8581458e-09 -1.2553792e-05 0)
(-2.6667479e-09 -1.2553849e-05 0)
(8.6541365e-10 -1.7139089e-06 0)
(-2.37511e-09 8.1166452e-06 0)
(6.8307839e-10 6.1516527e-06 0)
(8.154547e-10 6.1515005e-06 0)
(-6.2393947e-10 8.1164917e-06 0)
(3.2730254e-09 -1.7137171e-06 0)
(-1.4605641e-09 -1.2553345e-05 0)
(1.7123583e-09 -1.255339e-05 0)
(-3.1526924e-09 -1.7138237e-06 0)
(7.4617991e-10 8.11637e-06 0)
(-8.4091176e-10 6.151439e-06 0)
(-6.4943467e-10 6.1512656e-06 0)
(2.4152889e-09 8.1161742e-06 0)
(-6.2531393e-10 -1.7136745e-06 0)
(2.8984697e-09 -1.2552896e-05 0)
(-2.6581278e-09 -1.2552919e-05 0)
(8.5569979e-10 -1.7137419e-06 0)
(-2.3880323e-09 8.1160987e-06 0)
(6.8264069e-10 6.151222e-06 0)
(8.1815509e-10 6.1510271e-06 0)
(-5.9721336e-10 8.1158512e-06 0)
(3.3216456e-09 -1.713635e-06 0)
(-1.422748e-09 -1.2552439e-05 0)
(1.7252054e-09 -1.2552448e-05 0)
(-3.1645859e-09 -1.7136507e-06 0)
(7.3639891e-10 8.1158207e-06 0)
(-8.4245816e-10 6.1510055e-06 0)
(-6.4763268e-10 6.1507854e-06 0)
(2.4443324e-09 8.1155214e-06 0)
(-5.785782e-10 -1.7135944e-06 0)
(2.9398389e-09 -1.2551982e-05 0)
(-2.6480625e-09 -1.2551964e-05 0)
(8.4684541e-10 -1.7135639e-06 0)
(-2.3999854e-09 8.1155473e-06 0)
(6.823168e-10 6.1507856e-06 0)
(8.208533e-10 6.1505393e-06 0)
(-5.6919211e-10 8.1151873e-06 0)
(3.3717722e-09 -1.713559e-06 0)
(-1.3835436e-09 -1.2551515e-05 0)
(1.7376161e-09 -1.2551481e-05 0)
(-3.1770038e-09 -1.7134666e-06 0)
(7.2615984e-10 8.1152665e-06 0)
(-8.4381609e-10 6.1505664e-06 0)
(-6.455509e-10 6.1502902e-06 0)
(2.474989e-09 8.1148446e-06 0)
(-5.2903551e-10 -1.7135203e-06 0)
(2.9817685e-09 -1.2551049e-05 0)
(-2.639589e-09 -1.2550983e-05 0)
(8.3481005e-10 -1.7133749e-06 0)
(-2.4133341e-09 8.1149905e-06 0)
(6.8189655e-10 6.1503434e-06 0)
(8.237027e-10 6.1500359e-06 0)
(-5.3831102e-10 8.1144988e-06 0)
(3.4249631e-09 -1.7134886e-06 0)
(-1.3435698e-09 -1.255057e-05 0)
(1.7458056e-09 -1.2550487e-05 0)
(-3.1946293e-09 -1.7132717e-06 0)
(7.1258018e-10 8.1147059e-06 0)
(-8.4520146e-10 6.150121e-06 0)
(-6.4298122e-10 6.1497787e-06 0)
(2.5088914e-09 8.1141422e-06 0)
(-4.7495304e-10 -1.713451e-06 0)
(3.0232547e-09 -1.2550094e-05 0)
(-2.6370829e-09 -1.2549973e-05 0)
(8.1401753e-10 -1.7131751e-06 0)
(-2.4313642e-09 8.1144255e-06 0)
(6.8108242e-10 6.149894e-06 0)
(8.2689119e-10 6.1495152e-06 0)
(-5.0272572e-10 8.1137838e-06 0)
(3.482917e-09 -1.7134221e-06 0)
(-1.3040378e-09 -1.25496e-05 0)
(1.7445517e-09 -1.2549461e-05 0)
(-3.2237871e-09 -1.7130665e-06 0)
(6.9179594e-10 8.1141347e-06 0)
(-8.4692788e-10 6.1496668e-06 0)
(-6.3968245e-10 6.1492487e-06 0)
(2.5479392e-09 8.1134119e-06 0)
(-4.1449381e-10 -1.7133841e-06 0)
(3.0626483e-09 -1.2549109e-05 0)
(-2.6464379e-09 -1.2548929e-05 0)
(7.7718104e-10 -1.7129659e-06 0)
(-2.4583966e-09 8.1138466e-06 0)
(6.7947406e-10 6.1494337e-06 0)
(8.3063713e-10 6.1489742e-06 0)
(-4.6034425e-10 8.1130393e-06 0)
(3.5474104e-09 -1.713356e-06 0)
(-1.2668462e-09 -1.2548595e-05 0)
(1.7270853e-09 -1.2548398e-05 0)
(-3.2725549e-09 -1.7128527e-06 0)
(6.5888776e-10 8.1135453e-06 0)
(-8.4942204e-10 6.1491991e-06 0)
(-6.3538623e-10 6.1486965e-06 0)
(2.5942625e-09 8.1126503e-06 0)
(-3.4577058e-10 -1.7133148e-06 0)
(3.0976174e-09 -1.2548083e-05 0)
(-2.6750862e-09 -1.2547842e-05 0)
(7.1529082e-10 -1.7127491e-06 0)
(-2.4998147e-09 8.1132439e-06 0)
(6.765588e-10 6.1489565e-06 0)
(8.3518252e-10 6.1484089e-06 0)
(-4.0886811e-10 8.1122619e-06 0)
(3.6202698e-09 -1.7132846e-06 0)
(-1.234545e-09 -1.2547541e-05 0)
(1.6852033e-09 -1.2547286e-05 0)
(-3.3506579e-09 -1.7126327e-06 0)
(6.079256e-10 8.1129254e-06 0)
(-8.5323036e-10 6.1487102e-06 0)
(-6.2980569e-10 6.1481176e-06 0)
(2.6501842e-09 8.1118535e-06 0)
(-2.6684217e-10 -1.7132361e-06 0)
(3.1252953e-09 -1.2546999e-05 0)
(-2.7317308e-09 -1.2546699e-05 0)
(6.1788659e-10 -1.7125281e-06 0)
(-2.5619396e-09 8.1126031e-06 0)
(6.7171608e-10 6.1484532e-06 0)
(8.4078562e-10 6.147814e-06 0)
(-3.4582896e-10 8.111447e-06 0)
(3.7034343e-09 -1.7131996e-06 0)
(-1.2100658e-09 -1.2546419e-05 0)
(1.6097503e-09 -1.2546112e-05 0)
(-3.4690116e-09 -1.7124105e-06 0)
(5.322111e-10 8.1122581e-06 0)
(-8.5900907e-10 6.1481894e-06 0)
(-6.2264623e-10 6.1475061e-06 0)
(2.7182021e-09 8.1110164e-06 0)
(-1.7559774e-10 -1.7131384e-06 0)
(3.142729e-09 -1.2545836e-05 0)
(-2.8256379e-09 -1.2545486e-05 0)
(4.7376415e-10 -1.7123074e-06 0)
(-2.6516692e-09 8.1119044e-06 0)
(6.6424577e-10 6.147911e-06 0)
(8.4771644e-10 6.1471827e-06 0)
(-2.686046e-10 8.1105894e-06 0)
(3.7991704e-09 -1.7130902e-06 0)
(-1.1961055e-09 -1.2545204e-05 0)
(1.4916323e-09 -1.2544856e-05 0)
(-3.6387682e-09 -1.7121908e-06 0)
(4.2480846e-10 8.1115209e-06 0)
(-8.6748903e-10 6.1476219e-06 0)
(-6.1361787e-10 6.1468545e-06 0)
(2.8010135e-09 8.1101329e-06 0)
(-6.9479756e-11 -1.7130091e-06 0)
(3.147744e-09 -1.2544567e-05 0)
(-2.9653483e-09 -1.254418e-05 0)
(2.7226757e-10 -1.7120927e-06 0)
(-2.7758008e-09 8.1111228e-06 0)
(6.5343493e-10 6.1473134e-06 0)
(8.5626112e-10 6.1465071e-06 0)
(-1.7440718e-10 8.1096824e-06 0)
(3.9104928e-09 -1.712943e-06 0)
(-1.1940916e-09 -1.2543866e-05 0)
(1.3234983e-09 -1.2543498e-05 0)
(-3.8697465e-09 -1.7119797e-06 0)
(2.7945326e-10 8.1106862e-06 0)
(-8.7940545e-10 6.1469897e-06 0)
(-6.0245347e-10 6.1461541e-06 0)
(2.901594e-09 8.1091955e-06 0)
(5.4955182e-11 -1.7128337e-06 0)
(3.1402874e-09 -1.2543158e-05 0)
(-3.1567395e-09 -1.2542757e-05 0)
(5.2780674e-12 -1.7118903e-06 0)
(-2.9399721e-09 8.1102289e-06 0)
(6.3867927e-10 6.1466406e-06 0)
(8.6673947e-10 6.1457773e-06 0)
(-6.0278213e-11 8.108718e-06 0)
(4.0417769e-09 -1.7127431e-06 0)
(-1.202764e-09 -1.254237e-05 0)
(1.1021286e-09 -1.254201e-05 0)
(-4.1682139e-09 -1.711783e-06 0)
(9.1906286e-11 8.1097224e-06 0)
(-8.9538709e-10 6.1462715e-06 0)
(-5.8894714e-10 6.1453944e-06 0)
(3.0232929e-09 8.1081949e-06 0)
(2.0251234e-10 -1.7125969e-06 0)
(3.1241661e-09 -1.2541573e-05 0)
(-3.4005424e-09 -1.2541188e-05 0)
(-3.3009254e-10 -1.711706e-06 0)
(-3.1472144e-09 8.1091903e-06 0)
(6.1968023e-10 6.1458702e-06 0)
(8.7953308e-10 6.144982e-06 0)
(7.6775211e-11 8.1076855e-06 0)
(4.1993916e-09 -1.7124761e-06 0)
(-1.2166513e-09 -1.2540676e-05 0)
(8.3136541e-10 -1.2540362e-05 0)
(-4.534153e-09 -1.7116052e-06 0)
(-1.382323e-10 8.1085965e-06 0)
(-9.1580313e-10 6.1454446e-06 0)
(-5.7305385e-10 6.1445635e-06 0)
(3.1697807e-09 8.1071184e-06 0)
(3.7948892e-10 -1.7122845e-06 0)
(3.1088154e-09 -1.2539774e-05 0)
(-3.6897088e-09 -1.2539442e-05 0)
(-7.2826637e-10 -1.711544e-06 0)
(-3.3961858e-09 8.107975e-06 0)
(5.9674334e-10 6.1449795e-06 0)
(8.9509396e-10 6.1441083e-06 0)
(2.3915897e-10 8.106571e-06 0)
(4.391868e-09 -1.71213e-06 0)
(-1.2251104e-09 -1.2538748e-05 0)
(5.2510383e-10 -1.2538524e-05 0)
(-4.9583642e-09 -1.7114478e-06 0)
(-4.0528324e-10 8.107278e-06 0)
(-9.4056703e-10 6.1444873e-06 0)
(-5.551441e-10 6.1436475e-06 0)
(3.3444146e-09 8.10595e-06 0)
(5.9263415e-10 -1.711887e-06 0)
(3.1102818e-09 -1.2537727e-05 0)
(-4.0074185e-09 -1.2537486e-05 0)
(-1.1717829e-09 -1.7114044e-06 0)
(-3.6792019e-09 8.1065565e-06 0)
(5.7122326e-10 6.1439482e-06 0)
(9.1383499e-10 6.1431418e-06 0)
(4.2686183e-10 8.1053563e-06 0)
(4.628577e-09 -1.7116991e-06 0)
(-1.2131469e-09 -1.2536554e-05 0)
(2.0946286e-10 -1.2536464e-05 0)
(-5.4199422e-09 -1.7113074e-06 0)
(-6.9484873e-10 8.1057438e-06 0)
(-9.6887072e-10 6.1433823e-06 0)
(-5.3660832e-10 6.1426324e-06 0)
(3.5480935e-09 8.1046697e-06 0)
(8.4547827e-10 -1.7114025e-06 0)
(3.1499941e-09 -1.2535405e-05 0)
(-4.3268814e-09 -1.2535292e-05 0)
(-1.6281817e-09 -1.7112818e-06 0)
(-3.9800879e-09 8.1049189e-06 0)
(5.4620804e-10 6.142763e-06 0)
(9.3565255e-10 6.1420693e-06 0)
(6.3310947e-10 8.1040198e-06 0)
(4.915129e-09 -1.7111868e-06 0)
(-1.1657719e-09 -1.2534072e-05 0)
(-7.7103436e-11 -1.2534158e-05 0)
(-5.8846145e-09 -1.7111742e-06 0)
(-9.8061162e-10 8.103985e-06 0)
(-9.9872981e-10 6.1421225e-06 0)
(-5.2116849e-10 6.1415066e-06 0)
(3.7739075e-09 8.1032561e-06 0)
(1.1299262e-09 -1.7108409e-06 0)
(3.2493211e-09 -1.2532796e-05 0)
(-4.6141874e-09 -1.2532837e-05 0)
(-2.0475837e-09 -1.7111658e-06 0)
(-4.2714493e-09 8.1030645e-06 0)
(5.2764577e-10 6.1414235e-06 0)
(9.585594e-10 6.1408833e-06 0)
(8.3556362e-10 8.1025408e-06 0)
(5.2430315e-09 -1.7106097e-06 0)
(-1.0777324e-09 -1.2531304e-05 0)
(-2.871562e-10 -1.2531596e-05 0)
(-6.3040032e-09 -1.7110337e-06 0)
(-1.219978e-09 8.1020131e-06 0)
(-1.0259933e-09 6.1407177e-06 0)
(-5.1745071e-10 6.1402693e-06 0)
(3.9961837e-09 8.1016935e-06 0)
(1.4111908e-09 -1.7102275e-06 0)
(3.4179375e-09 -1.2529918e-05 0)
(-4.8350155e-09 -1.2530125e-05 0)
(-2.361271e-09 -1.7110445e-06 0)
(-4.5102141e-09 8.1010205e-06 0)
(5.2629079e-10 6.1399513e-06 0)
(9.7554244e-10 6.1395952e-06 0)
(9.8134664e-10 8.1009091e-06 0)
(5.5719016e-09 -1.7099995e-06 0)
(-9.6892989e-10 -1.2528287e-05 0)
(-3.7250645e-10 -1.25288e-05 0)
(-6.6155903e-09 -1.7108739e-06 0)
(-1.3477739e-09 8.099867e-06 0)
(-1.0421005e-09 6.1392061e-06 0)
(-5.4339868e-10 6.1389479e-06 0)
(4.1524521e-09 8.0999868e-06 0)
(1.6077084e-09 -1.7096056e-06 0)
(3.6362036e-09 -1.2526832e-05 0)
(-4.9653232e-09 -1.2527197e-05 0)
(-2.4830561e-09 -1.7109167e-06 0)
(-4.6303165e-09 8.0988448e-06 0)
(5.6094482e-10 6.1384022e-06 0)
(9.6866689e-10 6.1382582e-06 0)
(9.6815441e-10 8.0991436e-06 0)
(5.8088319e-09 -1.7094067e-06 0)
(-9.0035924e-10 -1.2525112e-05 0)
(-2.9969527e-10 -1.2525844e-05 0)
(-6.7461504e-09 -1.7107007e-06 0)
(-1.269625e-09 8.0976158e-06 0)
(-1.0296388e-09 6.1376698e-06 0)
(-6.3229124e-10 6.1376275e-06 0)
(4.1242304e-09 8.0981829e-06 0)
(1.5809395e-09 -1.709042e-06 0)
(3.8394412e-09 -1.2523663e-05 0)
(-5.0075504e-09 -1.2524163e-05 0)
(-2.3237554e-09 -1.7108137e-06 0)
(-4.5364729e-09 8.096628e-06 0)
(6.6289955e-10 6.1368864e-06 0)
(9.0081028e-10 6.1370043e-06 0)
(6.3857488e-10 8.0973126e-06 0)
(5.8109073e-09 -1.7089052e-06 0)
(-9.7181367e-10 -1.2521941e-05 0)
(-8.0664565e-11 -1.2522883e-05 0)
(-6.6366166e-09 -1.7105657e-06 0)
(-8.6839281e-10 8.0953542e-06 0)
(-9.5578408e-10 6.1362578e-06 0)
(-8.369863e-10 6.1364899e-06 0)
(3.7469819e-09 8.0963856e-06 0)
(1.1850814e-09 -1.7086344e-06 0)
(3.9315573e-09 -1.25206e-05 0)
(-5.0235465e-09 -1.2521213e-05 0)
(-1.8566633e-09 -1.7108346e-06 0)
(-4.123619e-09 8.0944767e-06 0)
(8.7880197e-10 6.1355887e-06 0)
(7.1073856e-10 6.1360788e-06 0)
(-1.5705661e-10 8.0955279e-06 0)
(5.4896099e-09 -1.7086014e-06 0)
(-1.2551965e-09 -1.2518982e-05 0)
(1.5703536e-10 -1.2520137e-05 0)
(-6.3508624e-09 -1.7106016e-06 0)
(-7.0914446e-11 8.0931617e-06 0)
(-7.6849562e-10 6.1352008e-06 0)
(-1.2212934e-09 6.1358277e-06 0)
(2.9363841e-09 8.0947099e-06 0)
(4.9852936e-10 -1.7085213e-06 0)
(3.8937054e-09 -1.2517818e-05 0)
(-5.2237441e-09 -1.251854e-05 0)
(-1.335915e-09 -1.7111823e-06 0)
(-3.3990616e-09 8.0924374e-06 0)
(1.2620133e-09 6.1347628e-06 0)
(3.2955593e-10 6.1358094e-06 0)
(-1.3009873e-09 8.0938255e-06 0)
(5.1927318e-09 -1.7086378e-06 0)
(-1.5749341e-09 -1.2516298e-05 0)
(7.9604018e-13 -1.2517714e-05 0)
(-6.4217059e-09 -1.7110443e-06 0)
(9.0824648e-10 8.0909564e-06 0)
(-4.1207664e-10 6.1347632e-06 0)
(-1.8139051e-09 6.1359286e-06 0)
(2.1115599e-09 8.093044e-06 0)
(4.6555327e-10 -1.7088714e-06 0)
(4.1078305e-09 -1.2515115e-05 0)
(-6.2038574e-09 -1.2515988e-05 0)
(-1.8738343e-09 -1.7121632e-06 0)
(-2.8759306e-09 8.0902448e-06 0)
(1.8293839e-09 6.1346029e-06 0)
(-2.4500055e-10 6.1363499e-06 0)
(-1.7304438e-09 8.091742e-06 0)
(6.6541951e-09 -1.7091523e-06 0)
(-1.0057016e-09 -1.2513184e-05 0)
(-1.6220661e-09 -1.2514974e-05 0)
(-8.7055093e-09 -1.7121812e-06 0)
(9.3536707e-10 8.0880751e-06 0)
(1.0306981e-10 6.1349847e-06 0)
(-2.4859948e-09 6.1365982e-06 0)
(3.1785724e-09 8.0903594e-06 0)
(4.2520317e-09 -1.7097888e-06 0)
(6.0472073e-09 -1.2510893e-05 0)
(-9.4690463e-09 -1.2512008e-05 0)
(-6.6711704e-09 -1.7140619e-06 0)
(-4.4942495e-09 8.0866649e-06 0)
(2.4455153e-09 6.1347787e-06 0)
(-7.6868945e-10 6.1368849e-06 0)
(1.902945e-09 8.0872579e-06 0)
(1.480646e-08 -1.7100963e-06 0)
(3.0237987e-09 -1.2506589e-05 0)
(-7.1437503e-09 -1.2508941e-05 0)
(-1.8044414e-08 -1.7141073e-06 0)
(-3.3073312e-09 8.0822803e-06 0)
(5.2956579e-10 6.1349173e-06 0)
(-2.716601e-09 6.1359422e-06 0)
(1.1258906e-08 8.0831839e-06 0)
(1.9477682e-08 -1.7110033e-06 0)
(1.3397329e-08 -1.2499868e-05 0)
(-1.8344802e-08 -1.2501336e-05 0)
(-2.3088264e-08 -1.7167394e-06 0)
(-1.3264371e-08 8.0780721e-06 0)
(2.5975607e-09 6.1332708e-06 0)
(-4.4467027e-10 6.1338803e-06 0)
(1.7241707e-08 8.074714e-06 0)
(4.0384312e-08 -1.7107565e-06 0)
(1.5943119e-08 -1.2487966e-05 0)
(-2.1372972e-08 -1.2491094e-05 0)
(-4.4715452e-08 -1.716124e-06 0)
(-1.9249314e-08 8.0678215e-06 0)
(8.8661421e-11 6.1309528e-06 0)
(-1.2626905e-09 6.1280125e-06 0)
(3.6868932e-08 8.0629078e-06 0)
(6.0844369e-08 -1.7111747e-06 0)
(3.3328955e-08 -1.2468963e-05 0)
(-3.9103784e-08 -1.2470833e-05 0)
(-6.5157389e-08 -1.7187831e-06 0)
(-3.9377143e-08 8.0559281e-06 0)
(1.0730957e-09 6.1241173e-06 0)
(2.4288943e-09 6.1181071e-06 0)
(5.817526e-08 8.0415529e-06 0)
(1.0224478e-07 -1.7088262e-06 0)
(4.7023591e-08 -1.2438234e-05 0)
(-5.2427455e-08 -1.2442266e-05 0)
(-1.0670004e-07 -1.7156536e-06 0)
(-6.0352262e-08 8.0323771e-06 0)
(-2.873522e-09 6.1139592e-06 0)
(4.1202287e-09 6.099313e-06 0)
(9.7239287e-08 8.0120984e-06 0)
(1.5138544e-07 -1.706719e-06 0)
(7.7005032e-08 -1.2391559e-05 0)
(-8.1559748e-08 -1.2393687e-05 0)
(-1.5489008e-07 -1.7161647e-06 0)
(-9.9535586e-08 8.0032858e-06 0)
(-4.3199176e-09 6.0940414e-06 0)
(1.0607543e-08 6.0708701e-06 0)
(1.4482241e-07 7.9645734e-06 0)
(2.2679744e-07 -1.6990659e-06 0)
(1.0889713e-07 -1.2321811e-05 0)
(-1.1151913e-07 -1.2326607e-05 0)
(-2.2930195e-07 -1.706787e-06 0)
(-1.4617572e-07 7.9534869e-06 0)
(-1.1037804e-08 6.0656145e-06 0)
(1.6585581e-08 6.0252163e-06 0)
(2.1423491e-07 7.901198e-06 0)
(3.1905519e-07 -1.6903948e-06 0)
(1.5773287e-07 -1.2222117e-05 0)
(-1.5768362e-07 -1.2224033e-05 0)
(-3.1920732e-07 -1.7007445e-06 0)
(-2.1502884e-07 7.8915781e-06 0)
(-1.6674821e-08 6.0189513e-06 0)
(2.7448154e-08 5.9612653e-06 0)
(2.9861857e-07 7.8078995e-06 0)
(4.4079434e-07 -1.6720596e-06 0)
(2.1389252e-07 -1.2083026e-05 0)
(-2.0994528e-07 -1.2088e-05 0)
(-4.3842245e-07 -1.6790855e-06 0)
(-2.9769087e-07 7.7965321e-06 0)
(-2.7680746e-08 5.9556872e-06 0)
(3.9309202e-08 5.8689763e-06 0)
(4.0591078e-07 7.6886963e-06 0)
(5.8497306e-07 -1.6504824e-06 0)
(2.8511602e-07 -1.1895934e-05 0)
(-2.7655599e-07 -1.1896788e-05 0)
(-5.7877543e-07 -1.6595859e-06 0)
(-4.0357359e-07 7.680646e-06 0)
(-3.912327e-08 5.8629164e-06 0)
(5.5493047e-08 5.7479543e-06 0)
(5.3000113e-07 7.5265129e-06 0)
(7.5454949e-07 -1.6142276e-06 0)
(3.6593109e-07 -1.165096e-05 0)
(-3.5183651e-07 -1.165501e-05 0)
(-7.4442134e-07 -1.6178871e-06 0)
(-5.2526247e-07 7.5179868e-06 0)
(-5.5290001e-08 5.7436886e-06 0)
(7.3577348e-08 5.5873369e-06 0)
(6.703515e-07 7.3291174e-06 0)
(9.4191347e-07 -1.5719718e-06 0)
(4.5477735e-07 -1.1340836e-05 0)
(-4.3487362e-07 -1.133952e-05 0)
(-9.2706848e-07 -1.576566e-06 0)
(-6.6344388e-07 7.3262839e-06 0)
(-7.293677e-08 5.5835799e-06 0)
(9.4190309e-08 5.3895199e-06 0)
(8.1917223e-07 7.079538e-06 0)
(1.1366557e-06 -1.5106359e-06 0)
(5.4868787e-07 -1.095938e-05 0)
(-5.2287229e-07 -1.0961044e-05 0)
(-1.1172749e-06 -1.5076514e-06 0)
(-8.0960367e-07 7.0781102e-06 0)
(-9.3303763e-08 5.3889637e-06 0)
(1.1637505e-07 5.1467251e-06 0)
(9.6461318e-07 6.7923314e-06 0)
(1.327101e-06 -1.4414947e-06 0)
(6.3582113e-07 -1.0506554e-05 0)
(-6.0462096e-07 -1.0502034e-05 0)
(-1.3033489e-06 -1.4379786e-06 0)
(-9.5250501e-07 6.7988604e-06 0)
(-1.1510564e-07 5.1480081e-06 0)
(1.3725383e-07 4.8690973e-06 0)
(1.0946176e-06 6.4581816e-06 0)
(1.4870702e-06 -1.3531713e-06 0)
(7.1347835e-07 -9.9909269e-06 0)
(-6.7792457e-07 -9.9888001e-06 0)
(-1.4595271e-06 -1.3407564e-06 0)
(-1.0802164e-06 6.468146e-06 0)
(-1.3548079e-07 4.8749869e-06 0)
(1.5627019e-07 4.554935e-06 0)
(1.1844877e-06 6.1018177e-06 0)
(1.5956146e-06 -1.2577417e-06 0)
(7.5885564e-07 -9.4264604e-06 0)
(-7.2029746e-07 -9.4181328e-06 0)
(-1.5655312e-06 -1.2432319e-06 0)
(-1.1677822e-06 6.1213991e-06 0)
(-1.5420061e-07 4.5644115e-06 0)
(1.7236995e-07 4.2121003e-06 0)
(1.2177821e-06 5.7240444e-06 0)
(1.608744e-06 -1.1427043e-06 0)
(7.6529148e-07 -8.8300035e-06 0)
(-7.2551055e-07 -8.8228887e-06 0)
(-1.5769276e-06 -1.1187716e-06 0)
(-1.199862e-06 5.7495772e-06 0)
(-1.6927057e-07 4.2281384e-06 0)
(2.1565781e-07 3.8080044e-06 0)
(1.168226e-06 5.2738569e-06 0)
(1.5025501e-06 -1.0110462e-06 0)
(7.0462693e-07 -8.0960035e-06 0)
(-6.6490674e-07 -8.0842621e-06 0)
(-1.4708676e-06 -9.8481132e-07 0)
(-1.1492807e-06 5.3075163e-06 0)
(-2.1196836e-07 3.8283397e-06 0)
)
;

boundaryField
{
    left
    {
        type            uniformFixedValue;
        uniformValue    sine;
        uniformValueCoeffs
        {
            t0              0;
            amplitude       constant 0.0125;
            frequency       constant 1;
            scale           constant (0 1 0);
            level           constant (0 0 0);
        }
        value           uniform (0 -1.6232141e-15 0);
    }
    right
    {
        type            zeroGradient;
    }
    walls
    {
        type            fixedValue;
        value           uniform (0 0 0);
    }
    frontAndBack
    {
        type            empty;
    }
}


// ************************************************************************* //
