/*--------------------------------*- C++ -*----------------------------------*\
| =========                 |                                                 |
| \\      /  F ield         | OpenFOAM: The Open Source CFD Toolbox           |
|  \\    /   O peration     | Version:  5.x                                   |
|   \\  /    A nd           | Web:      www.OpenFOAM.org                      |
|    \\/     M anipulation  |                                                 |
\*---------------------------------------------------------------------------*/
FoamFile
{
    version     2.0;
    format      ascii;
    class       volVectorField;
    location    "8";
    object      U_0;
}
// * * * * * * * * * * * * * * * * * * * * * * * * * * * * * * * * * * * * * //

dimensions      [0 1 -1 0 0 0 0];

internalField   nonuniform List<vector> 
1920
(
(-0.00037677067 -0.0034627996 0)
(-0.00068712422 -0.0039251426 0)
(-0.00037372644 -0.0038939805 0)
(-0.00011734866 -0.0038905153 0)
(0.00011734897 -0.0038905153 0)
(0.00037372657 -0.0038939805 0)
(0.0006871241 -0.0039251426 0)
(0.00037677058 -0.0034627994 0)
(-0.00052009187 -0.0032076305 0)
(-0.0011327825 -0.0040335478 0)
(-0.00072317194 -0.0040869578 0)
(-0.00024537577 -0.0040893884 0)
(0.00024537635 -0.0040893883 0)
(0.00072317221 -0.0040869578 0)
(0.0011327824 -0.0040335476 0)
(0.00052009183 -0.00320763 0)
(-0.00043555657 -0.002795687 0)
(-0.0011199939 -0.0040309262 0)
(-0.00080800097 -0.0042920125 0)
(-0.00029028756 -0.00435264 0)
(0.00029028829 -0.00435264 0)
(0.00080800135 -0.0042920124 0)
(0.001119994 -0.004030926 0)
(0.00043555661 -0.0027956867 0)
(-0.00032285347 -0.0023989162 0)
(-0.00094896874 -0.0039611523 0)
(-0.00075237859 -0.0044737288 0)
(-0.0002827044 -0.0046283774 0)
(0.00028270521 -0.0046283773 0)
(0.00075237905 -0.0044737288 0)
(0.0009489689 -0.0039611521 0)
(0.00032285355 -0.0023989161 0)
(-0.00022968318 -0.0020937488 0)
(-0.00074540943 -0.0038717446 0)
(-0.00063716356 -0.0046139623 0)
(-0.00024797126 -0.0048749041 0)
(0.00024797203 -0.0048749042 0)
(0.00063716405 -0.0046139624 0)
(0.00074540968 -0.0038717446 0)
(0.00022968327 -0.0020937488 0)
(-0.00015894564 -0.0018740926 0)
(-0.00055827425 -0.0037862674 0)
(-0.00050766445 -0.0047150788 0)
(-0.00020348943 -0.0050773903 0)
(0.0002034901 -0.0050773903 0)
(0.00050766494 -0.0047150789 0)
(0.00055827456 -0.0037862672 0)
(0.00015894576 -0.0018740925 0)
(-0.00010735418 -0.0017186623 0)
(-0.00040398104 -0.0037131368 0)
(-0.00038733637 -0.0047853697 0)
(-0.00015905538 -0.00523542 0)
(0.0001590559 -0.00523542 0)
(0.00038733681 -0.0047853696 0)
(0.0004039814 -0.0037131367 0)
(0.00010735431 -0.0017186623 0)
(-7.0997734e-05 -0.0016104348 0)
(-0.00028477838 -0.0036545011 0)
(-0.00028574075 -0.004832969 0)
(-0.00011993146 -0.0053542892 0)
(0.00011993183 -0.0053542892 0)
(0.00028574114 -0.0048329689 0)
(0.00028477876 -0.0036545009 0)
(7.0997873e-05 -0.0016104348 0)
(-4.6167053e-05 -0.0015365518 0)
(-0.0001963991 -0.0036096594 0)
(-0.00020525283 -0.0048644947 0)
(-8.7708518e-05 -0.0054410708 0)
(8.7708738e-05 -0.0054410707 0)
(0.00020525316 -0.0048644945 0)
(0.00019639948 -0.0036096592 0)
(4.6167206e-05 -0.0015365517 0)
(-2.9524225e-05 -0.0014870486 0)
(-0.00013296174 -0.0035766046 0)
(-0.00014403751 -0.0048849563 0)
(-6.2640241e-05 -0.005502854 0)
(6.2640333e-05 -0.0055028539 0)
(0.00014403776 -0.004884956 0)
(0.0001329621 -0.0035766042 0)
(2.9524373e-05 -0.0014870485 0)
(-1.859684e-05 -0.0014544316 0)
(-8.8428051e-05 -0.0035529358 0)
(-9.9101982e-05 -0.0048979922 0)
(-4.3714921e-05 -0.0055458904 0)
(4.3714896e-05 -0.0055458903 0)
(9.9102163e-05 -0.0048979919 0)
(8.8428381e-05 -0.0035529354 0)
(1.8596988e-05 -0.0014544314 0)
(-1.1502115e-05 -0.0014332763 0)
(-5.7861654e-05 -0.0035363975 0)
(-6.6880662e-05 -0.004906141 0)
(-2.9957398e-05 -0.005575287 0)
(2.9957278e-05 -0.0055752869 0)
(6.688077e-05 -0.0049061406 0)
(5.7861942e-05 -0.0035363971 0)
(1.1502251e-05 -0.0014332761 0)
(-6.9890274e-06 -0.0014197771 0)
(-3.7204275e-05 -0.0035250873 0)
(-4.4361614e-05 -0.0049111356 0)
(-2.0116893e-05 -0.0055950001 0)
(2.0116702e-05 -0.0055949999 0)
(4.4361651e-05 -0.0049111352 0)
(3.7204513e-05 -0.0035250869 0)
(6.9891511e-06 -0.001419777 0)
(-4.1464871e-06 -0.0014113105 0)
(-2.351456e-05 -0.0035175079 0)
(-2.8879839e-05 -0.004914127 0)
(-1.3289555e-05 -0.0056079845 0)
(1.3289303e-05 -0.0056079844 0)
(2.8879821e-05 -0.0049141266 0)
(2.3514742e-05 -0.0035175075 0)
(4.1465983e-06 -0.0014113104 0)
(-2.3979424e-06 -0.0014061034 0)
(-1.4563279e-05 -0.0035125267 0)
(-1.8466804e-05 -0.0049158718 0)
(-8.6020368e-06 -0.0056163815 0)
(8.6017488e-06 -0.0056163813 0)
(1.8466724e-05 -0.0049158715 0)
(1.4563415e-05 -0.0035125263 0)
(2.3980324e-06 -0.0014061033 0)
(-1.3353914e-06 -0.0014029715 0)
(-8.8244662e-06 -0.0035093189 0)
(-1.1561867e-05 -0.0049168536 0)
(-5.4700865e-06 -0.005621708 0)
(5.4697627e-06 -0.0056217079 0)
(1.1561754e-05 -0.0049168533 0)
(8.8245466e-06 -0.0035093187 0)
(1.335473e-06 -0.0014029714 0)
(-7.0868137e-07 -0.0014011398 0)
(-5.1992376e-06 -0.0035072962 0)
(-7.0787723e-06 -0.0049173811 0)
(-3.3978509e-06 -0.0056250146 0)
(3.3975178e-06 -0.0056250145 0)
(7.0786106e-06 -0.0049173809 0)
(5.1992844e-06 -0.003507296 0)
(7.0874022e-07 -0.0014011397 0)
(-3.4688672e-07 -0.0014001055 0)
(-2.9598827e-06 -0.003506052 0)
(-4.2133853e-06 -0.0049176434 0)
(-2.0616693e-06 -0.0056270174 0)
(2.0613229e-06 -0.0056270174 0)
(4.2132123e-06 -0.0049176433 0)
(2.9598882e-06 -0.0035060518 0)
(3.4694181e-07 -0.0014001054 0)
(-1.4688267e-07 -0.0013995503 0)
(-1.6047651e-06 -0.0035053072 0)
(-2.4234597e-06 -0.0049177583 0)
(-1.2116628e-06 -0.0056281938 0)
(1.2113211e-06 -0.0056281938 0)
(2.4232613e-06 -0.0049177583 0)
(1.6047516e-06 -0.0035053071 0)
(1.4691964e-07 -0.0013995503 0)
(-4.1588381e-08 -0.0013992741 0)
(-8.0881526e-07 -0.0035048777 0)
(-1.3290466e-06 -0.0049177936 0)
(-6.8521803e-07 -0.0056288585 0)
(6.8488266e-07 -0.0056288585 0)
(1.3288525e-06 -0.0049177937 0)
(8.0878099e-07 -0.0035048777 0)
(4.1624022e-08 -0.0013992741 0)
(9.1387448e-09 -0.0013991551 0)
(-3.5730631e-07 -0.0035046409 0)
(-6.7948388e-07 -0.0049177906 0)
(-3.6613795e-07 -0.0056292134 0)
(3.658258e-07 -0.0056292135 0)
(6.7928906e-07 -0.0049177907 0)
(3.5726521e-07 -0.003504641 0)
(-9.1130826e-09 -0.0013991551 0)
(2.9878727e-08 -0.0013991196 0)
(-1.1414312e-07 -0.0035045199 0)
(-3.0697007e-07 -0.0049177706 0)
(-1.7950523e-07 -0.0056293873 0)
(1.7922209e-07 -0.0056293873 0)
(3.0679522e-07 -0.0049177708 0)
(1.1410377e-07 -0.0035045201 0)
(-2.9854343e-08 -0.0013991197 0)
(3.4905149e-08 -0.0013991253 0)
(7.2676515e-09 -0.0035044648 0)
(-1.0420145e-07 -0.0049177464 0)
(-7.3970798e-08 -0.0056294589 0)
(7.3721612e-08 -0.0056294591 0)
(1.0405178e-07 -0.0049177466 0)
(-7.3055628e-09 -0.0035044652 0)
(-3.4882222e-08 -0.0013991254 0)
(3.2662286e-08 -0.0013991481 0)
(5.9298927e-08 -0.0035044464 0)
(-1.0489933e-09 -0.0049177228 0)
(-1.8663493e-08 -0.0056294767 0)
(1.8466307e-08 -0.0056294768 0)
(9.2781916e-10 -0.0049177232 0)
(-5.9316391e-08 -0.0035044468 0)
(-3.2642235e-08 -0.0013991483 0)
(2.7271789e-08 -0.0013991757 0)
(7.5000853e-08 -0.003504446 0)
(4.3898655e-08 -0.004917703 0)
(8.9167708e-09 -0.0056294681 0)
(-9.0633366e-09 -0.0056294683 0)
(-4.3973899e-08 -0.0049177033 0)
(-7.5011843e-08 -0.0035044465 0)
(-2.7246477e-08 -0.0013991759 0)
(2.1612772e-08 -0.0013992016 0)
(7.1723986e-08 -0.003504454 0)
(5.890868e-08 -0.0049176869 0)
(1.8945843e-08 -0.0056294493 0)
(-1.9028093e-08 -0.0056294494 0)
(-5.8947376e-08 -0.0049176875 0)
(-7.1702023e-08 -0.0035044545 0)
(-2.1592206e-08 -0.0013992018 0)
(1.6070779e-08 -0.0013992235 0)
(6.1691115e-08 -0.0035044644 0)
(5.7021666e-08 -0.0049176749 0)
(2.2044072e-08 -0.005629428 0)
(-2.2068647e-08 -0.0056294283 0)
(-5.7004136e-08 -0.0049176754 0)
(-6.1661188e-08 -0.003504465 0)
(-1.6041136e-08 -0.0013992238 0)
(1.1870052e-08 -0.0013992408 0)
(4.8599396e-08 -0.0035044746 0)
(4.9840969e-08 -0.0049176658 0)
(1.9337959e-08 -0.0056294087 0)
(-1.9293432e-08 -0.0056294089 0)
(-4.9785477e-08 -0.0049176665 0)
(-4.8531931e-08 -0.0035044752 0)
(-1.1846595e-08 -0.0013992411 0)
(8.1671481e-09 -0.0013992538 0)
(3.7281527e-08 -0.0035044833 0)
(3.9109914e-08 -0.0049176595 0)
(1.6917246e-08 -0.0056293925 0)
(-1.6815739e-08 -0.0056293928 0)
(-3.8998046e-08 -0.0049176601 0)
(-3.7207294e-08 -0.003504484 0)
(-8.1335773e-09 -0.0013992541 0)
(5.8276326e-09 -0.0013992632 0)
(2.6641204e-08 -0.0035044903 0)
(3.0367986e-08 -0.0049176549 0)
(1.2299306e-08 -0.0056293799 0)
(-1.2133668e-08 -0.0056293801 0)
(-3.0222387e-08 -0.0049176556 0)
(-2.653164e-08 -0.0035044909 0)
(-5.8008231e-09 -0.0013992635 0)
(3.6952048e-09 -0.0013992698 0)
(1.9238162e-08 -0.0035044954 0)
(2.1339362e-08 -0.0049176519 0)
(9.9898294e-09 -0.0056293704 0)
(-9.7761699e-09 -0.0056293707 0)
(-2.1145596e-08 -0.0049176525 0)
(-1.9124801e-08 -0.003504496 0)
(-3.6592875e-09 -0.0013992701 0)
(2.6321734e-09 -0.0013992742 0)
(1.2592911e-08 -0.0035044991 0)
(1.5625575e-08 -0.0049176498 0)
(6.2629608e-09 -0.0056293637 0)
(-5.9985808e-09 -0.0056293639 0)
(-1.5406726e-08 -0.0049176504 0)
(-1.24511e-08 -0.0035044997 0)
(-2.6027737e-09 -0.0013992745 0)
(1.4664028e-09 -0.0013992771 0)
(8.7464558e-09 -0.0035045016 0)
(9.7910674e-09 -0.0049176483 0)
(5.1215335e-09 -0.005629359 0)
(-4.8240656e-09 -0.0056293593 0)
(-9.5378576e-09 -0.0049176489 0)
(-8.6048233e-09 -0.0035045022 0)
(-1.4300459e-09 -0.0013992774 0)
(1.113653e-09 -0.0013992789 0)
(5.0080999e-09 -0.0035045031 0)
(6.9469633e-09 -0.0049176474 0)
(2.5337542e-09 -0.0056293559 0)
(-2.2037606e-09 -0.0056293561 0)
(-6.6798081e-09 -0.0049176479 0)
(-4.8472049e-09 -0.0035045037 0)
(-1.0829745e-09 -0.0013992792 0)
(4.5912073e-10 -0.0013992799 0)
(3.4001356e-09 -0.003504504 0)
(3.4947057e-09 -0.0049176468 0)
(2.351381e-09 -0.0056293539 0)
(-2.005604e-09 -0.0056293541 0)
(-3.2091379e-09 -0.0049176473 0)
(-3.2434939e-09 -0.0035045046 0)
(-4.2399915e-10 -0.0013992802 0)
(4.5430194e-10 -0.0013992805 0)
(1.3445149e-09 -0.0035045044 0)
(2.4829295e-09 -0.0049176464 0)
(5.6005693e-10 -0.0056293527 0)
(-2.0073001e-10 -0.0056293529 0)
(-2.1946591e-09 -0.0049176468 0)
(-1.1779516e-09 -0.0035045049 0)
(-4.236894e-10 -0.0013992807 0)
(4.4673055e-11 -0.0013992806 0)
(9.2999567e-10 -0.0035045045 0)
(4.2909795e-10 -0.004917646 0)
(9.5290918e-10 -0.0056293521 0)
(-5.9413324e-10 -0.0056293523 0)
(-1.3740856e-10 -0.0049176465 0)
(-7.7107469e-10 -0.003504505 0)
(-1.1957411e-11 -0.0013992808 0)
(1.9282429e-10 -0.0013992806 0)
(-2.6630962e-10 -0.0035045044 0)
(4.0120032e-10 -0.0049176459 0)
(-3.8156582e-10 -0.0056293518 0)
(7.3737976e-10 -0.005629352 0)
(-1.1621814e-10 -0.0049176462 0)
(4.2717378e-10 -0.0035045048 0)
(-1.63333e-10 -0.0013992808 0)
(-1.0775961e-10 -0.0013992804 0)
(-1.1347192e-10 -0.0035045041 0)
(-9.2924976e-10 -0.0049176457 0)
(3.0313703e-10 -0.0056293518 0)
(3.9203095e-11 -0.0056293519 0)
(1.2056983e-09 -0.004917646 0)
(2.645156e-10 -0.0035045045 0)
(1.374662e-10 -0.0013992806 0)
(9.9573899e-11 -0.0013992802 0)
(-9.0751278e-10 -0.0035045037 0)
(-4.8858497e-10 -0.0049176455 0)
(-7.9446728e-10 -0.0056293519 0)
(1.1217694e-09 -0.0056293521 0)
(7.5191575e-10 -0.0049176458 0)
(1.0546577e-09 -0.003504504 0)
(-7.1832729e-11 -0.0013992803 0)
(-1.5458486e-10 -0.0013992799 0)
(-5.1244392e-10 -0.0035045033 0)
(-1.4743276e-09 -0.0049176454 0)
(1.7990216e-11 -0.0056293522 0)
(2.8754214e-10 -0.0056293523 0)
(1.7211395e-09 -0.0049176457 0)
(6.4899927e-10 -0.0035045036 0)
(1.8117753e-10 -0.00139928 0)
(7.0762479e-11 -0.0013992796 0)
(-1.1295162e-09 -0.0035045028 0)
(-8.3512522e-10 -0.0049176453 0)
(-9.6168056e-10 -0.0056293525 0)
(1.245131e-09 -0.0056293526 0)
(1.0657306e-09 -0.0049176455 0)
(1.2585921e-09 -0.003504503 0)
(-4.4978638e-11 -0.0013992797 0)
(-1.6323586e-10 -0.0013992792 0)
(-6.4478221e-10 -0.0035045023 0)
(-1.6641168e-09 -0.0049176452 0)
(-1.0448046e-10 -0.0056293528 0)
(3.6250394e-10 -0.0056293529 0)
(1.8741093e-09 -0.0049176454 0)
(7.6380325e-10 -0.0035045025 0)
(1.8697187e-10 -0.0013992793 0)
(6.3602051e-11 -0.0013992789 0)
(-1.185807e-09 -0.0035045018 0)
(-9.5400296e-10 -0.0049176451 0)
(-1.0231458e-09 -0.0056293532 0)
(1.2565968e-09 -0.0056293533 0)
(1.1476585e-09 -0.0049176452 0)
(1.2957068e-09 -0.003504502 0)
(-3.9653783e-11 -0.0013992789 0)
(-1.6012607e-10 -0.0013992785 0)
(-6.7690894e-10 -0.0035045013 0)
(-1.7108368e-09 -0.004917645 0)
(-1.5915274e-10 -0.0056293535 0)
(3.6735965e-10 -0.0056293536 0)
(1.8829503e-09 -0.0049176451 0)
(7.7828496e-10 -0.0035045014 0)
(1.8147183e-10 -0.0013992786 0)
(6.2225187e-11 -0.0013992782 0)
(-1.1830148e-09 -0.0035045008 0)
(-9.8498053e-10 -0.0049176449 0)
(-1.041293e-09 -0.0056293539 0)
(1.2258862e-09 -0.005629354 0)
(1.1428209e-09 -0.004917645 0)
(1.2750242e-09 -0.0035045009 0)
(-3.9787847e-11 -0.0013992782 0)
(-1.5442376e-10 -0.0013992778 0)
(-6.7556892e-10 -0.0035045003 0)
(-1.7042581e-09 -0.0049176447 0)
(-1.8635623e-10 -0.0056293543 0)
(3.4853929e-10 -0.0056293543 0)
(1.8417825e-09 -0.0049176449 0)
(7.6119294e-10 -0.0035045004 0)
(1.7391942e-10 -0.0013992779 0)
(6.1578921e-11 -0.0013992775 0)
(-1.1617374e-09 -0.0035044997 0)
(-9.8442766e-10 -0.0049176446 0)
(-1.0413913e-09 -0.0056293546 0)
(1.1830693e-09 -0.0056293546 0)
(1.1110538e-09 -0.0049176447 0)
(1.2385702e-09 -0.0035044999 0)
(-4.0246046e-11 -0.0013992775 0)
(-1.4874967e-10 -0.0013992772 0)
(-6.6465233e-10 -0.0035044993 0)
(-1.6788433e-09 -0.0049176445 0)
(-2.0158106e-10 -0.005629355 0)
(3.2511723e-10 -0.005629355 0)
(1.787534e-09 -0.0049176446 0)
(7.3747576e-10 -0.0035044993 0)
(1.6690839e-10 -0.0013992772 0)
(6.0481967e-11 -0.0013992768 0)
(-1.1355363e-09 -0.0035044987 0)
(-9.7275102e-10 -0.0049176444 0)
(-1.0327437e-09 -0.0056293553 0)
(1.1398518e-09 -0.0056293553 0)
(1.0744361e-09 -0.0049176445 0)
(1.2004753e-09 -0.0035044988 0)
(-3.9858164e-11 -0.0013992769 0)
(-1.4356169e-10 -0.0013992765 0)
(-6.5137967e-10 -0.0035044982 0)
(-1.6463778e-09 -0.0049176443 0)
(-2.102237e-10 -0.0056293556 0)
(3.0388445e-10 -0.0056293557 0)
(1.7328525e-09 -0.0049176444 0)
(7.1463642e-10 -0.0035044983 0)
(1.6080838e-10 -0.0013992765 0)
(5.8909041e-11 -0.0013992762 0)
(-1.1080772e-09 -0.0035044977 0)
(-9.5638071e-10 -0.0049176442 0)
(-1.0185932e-09 -0.0056293559 0)
(1.0999781e-09 -0.005629356 0)
(1.0396694e-09 -0.0049176442 0)
(1.1643402e-09 -0.0035044978 0)
(-3.8667866e-11 -0.0013992762 0)
(-1.387657e-10 -0.0013992759 0)
(-6.3730175e-10 -0.0035044973 0)
(-1.6103705e-09 -0.004917644 0)
(-2.1412777e-10 -0.0056293563 0)
(2.8648889e-10 -0.0056293563 0)
(1.6809683e-09 -0.0049176441 0)
(6.939797e-10 -0.0035044974 0)
(1.5541076e-10 -0.0013992759 0)
(5.7056782e-11 -0.0013992756 0)
(-1.0799676e-09 -0.0035044968 0)
(-9.3702067e-10 -0.0049176439 0)
(-1.0002445e-09 -0.0056293566 0)
(1.0639977e-09 -0.0056293567 0)
(1.0078197e-09 -0.004917644 0)
(1.1303234e-09 -0.0035044969 0)
(-3.6965778e-11 -0.0013992756 0)
(-1.3421781e-10 -0.0013992752 0)
(-6.2244977e-10 -0.0035044963 0)
(-1.5717872e-09 -0.0049176438 0)
(-2.1413668e-10 -0.0056293569 0)
(2.7263078e-10 -0.005629357 0)
(1.6319107e-09 -0.0049176439 0)
(6.7500603e-10 -0.0035044964 0)
(1.5045695e-10 -0.0013992753 0)
(5.5086627e-11 -0.0013992749 0)
(-1.0511605e-09 -0.0035044958 0)
(-9.1511633e-10 -0.0049176437 0)
(-9.7853602e-10 -0.0056293572 0)
(1.0313402e-09 -0.0056293573 0)
(9.7823858e-10 -0.0049176438 0)
(1.0977632e-09 -0.0035044959 0)
(-3.5008083e-11 -0.001399275 0)
(-1.298329e-10 -0.0013992746 0)
(-6.0667138e-10 -0.0035044954 0)
(-1.5310401e-09 -0.0049176436 0)
(-2.1091311e-10 -0.0056293576 0)
(2.6142509e-10 -0.0056293576 0)
(1.5848959e-09 -0.0049176437 0)
(6.5694134e-10 -0.0035044955 0)
(1.4576352e-10 -0.0013992747 0)
(5.3091227e-11 -0.0013992743 0)
(-1.0216341e-09 -0.0035044949 0)
(-8.9094453e-10 -0.0049176435 0)
(-9.5423698e-10 -0.0056293579 0)
(1.001176e-09 -0.0056293579 0)
(9.4999465e-10 -0.0049176436 0)
(1.066014e-09 -0.003504495 0)
(-3.2968061e-11 -0.0013992744 0)
(-1.2557971e-10 -0.001399274 0)
(-5.8993794e-10 -0.0035044945 0)
(-1.4885278e-09 -0.0049176433 0)
(-2.0510517e-10 -0.0056293582 0)
(2.5194881e-10 -0.0056293582 0)
(1.5391409e-09 -0.0049176435 0)
(6.3917123e-10 -0.0035044946 0)
(1.4122432e-10 -0.0013992741 0)
(5.1115554e-11 -0.0013992738 0)
(-9.9149203e-10 -0.003504494 0)
(-8.6484425e-10 -0.0049176432 0)
(-9.2808228e-10 -0.0056293585 0)
(9.7274742e-10 -0.0056293585 0)
(9.2231806e-10 -0.0049176434 0)
(1.0346375e-09 -0.0035044941 0)
(-3.0950909e-11 -0.0013992738 0)
(-1.2145552e-10 -0.0013992735 0)
(-5.7234062e-10 -0.0035044936 0)
(-1.4446988e-09 -0.0049176431 0)
(-1.9732252e-10 -0.0056293588 0)
(2.4343488e-10 -0.0056293588 0)
(1.4940792e-09 -0.0049176433 0)
(6.2130303e-10 -0.0035044937 0)
(1.3678608e-10 -0.0013992735 0)
(4.9180474e-11 -0.0013992732 0)
(-9.6091626e-10 -0.0035044931 0)
(-8.3719881e-10 -0.004917643 0)
(-9.0072799e-10 -0.005629359 0)
(9.4547188e-10 -0.0056293591 0)
(8.946863e-10 -0.0049176432 0)
(1.0033934e-09 -0.0035044933 0)
(-2.9017254e-11 -0.0013992732 0)
(-1.1746827e-10 -0.0013992729 0)
(-5.5402983e-10 -0.0035044927 0)
(-1.4000042e-09 -0.0049176429 0)
(-1.8809149e-10 -0.0056293593 0)
(2.3531763e-10 -0.0056293594 0)
(1.449372e-09 -0.0049176431 0)
(6.0312502e-10 -0.0035044929 0)
(1.3242716e-10 -0.001399273 0)
(4.72973e-11 -0.0013992726 0)
(-9.3011156e-10 -0.0035044923 0)
(-8.0838305e-10 -0.0049176428 0)
(-8.7271855e-10 -0.0056293596 0)
(9.1895025e-10 -0.0056293597 0)
(8.6679539e-10 -0.004917643 0)
(9.7218587e-10 -0.0035044925 0)
(-2.7200265e-11 -0.0013992727 0)
(-1.1362642e-10 -0.0013992724 0)
(-5.3516891e-10 -0.0035044919 0)
(-1.3548546e-09 -0.0049176427 0)
(-1.7783513e-10 -0.0056293599 0)
(2.2721651e-10 -0.00562936 0)
(1.4048606e-09 -0.0049176429 0)
(5.8455188e-10 -0.0035044921 0)
(1.2814305e-10 -0.0013992724 0)
(4.5474807e-11 -0.0013992721 0)
(-8.9927282e-10 -0.0035044915 0)
(-7.7873161e-10 -0.0049176426 0)
(-8.444814e-10 -0.0056293602 0)
(8.9293824e-10 -0.0056293602 0)
(8.385057e-10 -0.0049176428 0)
(9.4101317e-10 -0.0035044917 0)
(-2.5517268e-11 -0.0013992722 0)
(-1.0993565e-10 -0.0013992718 0)
(-5.1591171e-10 -0.0035044911 0)
(-1.3096025e-09 -0.0049176425 0)
(-1.6687728e-10 -0.0056293604 0)
(2.188991e-10 -0.0056293605 0)
(1.3605131e-09 -0.0049176427 0)
(5.6557966e-10 -0.0035044913 0)
(1.2393768e-10 -0.0013992719 0)
(4.3721428e-11 -0.0013992716 0)
(-8.685722e-10 -0.0035044907 0)
(-7.4852981e-10 -0.0049176425 0)
(-8.1634085e-10 -0.0056293607 0)
(8.6730697e-10 -0.0056293608 0)
(8.0979033e-10 -0.0049176427 0)
(9.0992953e-10 -0.0035044909 0)
(-2.397623e-11 -0.0013992717 0)
(-1.0639803e-10 -0.0013992713 0)
(-4.9639495e-10 -0.0035044903 0)
(-1.2645419e-09 -0.0049176424 0)
(-1.5546073e-10 -0.005629361 0)
(2.1024084e-10 -0.005629361 0)
(1.3163783e-09 -0.0049176426 0)
(5.4625364e-10 -0.0035044905 0)
(1.1981857e-10 -0.0013992714 0)
(4.2045477e-11 -0.0013992711 0)
(-8.3815741e-10 -0.00350449 0)
(-7.1801766e-10 -0.0049176423 0)
(-7.8853957e-10 -0.0056293612 0)
(8.4200619e-10 -0.0056293613 0)
(7.8069454e-10 -0.0049176425 0)
(8.7901888e-10 -0.0035044902 0)
(-2.2579686e-11 -0.0013992712 0)
(-1.0301294e-10 -0.0013992709 0)
(-4.7673897e-10 -0.0035044896 0)
(-1.2199165e-09 -0.0049176422 0)
(-1.4376769e-10 -0.0056293615 0)
(2.0119039e-10 -0.0056293616 0)
(1.2725512e-09 -0.0049176424 0)
(5.266466e-10 -0.0035044898 0)
(1.1579425e-10 -0.001399271 0)
(4.0454655e-11 -0.0013992706 0)
(-8.0815438e-10 -0.0035044892 0)
(-6.8739884e-10 -0.0049176421 0)
(-7.6125932e-10 -0.0056293617 0)
(8.170343e-10 -0.0056293618 0)
(7.5130513e-10 -0.0049176423 0)
(8.4837791e-10 -0.0035044895 0)
(-2.1326679e-11 -0.0013992707 0)
(-9.977756e-11 -0.0013992704 0)
(-4.570501e-10 -0.0035044889 0)
(-1.1759296e-09 -0.004917642 0)
(-1.3193826e-10 -0.005629362 0)
(1.9174271e-10 -0.0056293621 0)
(1.2291484e-09 -0.0049176423 0)
(5.0684429e-10 -0.0035044891 0)
(1.1187292e-10 -0.0013992705 0)
(3.8955569e-11 -0.0013992702 0)
(-7.7867044e-10 -0.0035044886 0)
(-6.568486e-10 -0.004917642 0)
(-7.3463795e-10 -0.0056293622 0)
(7.9241647e-10 -0.0056293623 0)
(7.2173013e-10 -0.0049176422 0)
(8.181049e-10 -0.0035044888 0)
(-2.0214135e-11 -0.0013992703 0)
(-9.6688004e-11 -0.00139927 0)
(-4.374231e-10 -0.0035044882 0)
(-1.1327516e-09 -0.0049176419 0)
(-1.2008353e-10 -0.0056293625 0)
(1.8192045e-10 -0.0056293625 0)
(1.1862924e-09 -0.0049176421 0)
(4.8693634e-10 -0.0035044884 0)
(1.0806169e-10 -0.0013992701 0)
(3.7553249e-11 -0.0013992697 0)
(-7.4979695e-10 -0.0035044879 0)
(-6.2651893e-10 -0.0049176418 0)
(-7.0878111e-10 -0.0056293627 0)
(7.6819052e-10 -0.0056293628 0)
(6.9208484e-10 -0.0049176421 0)
(7.8829322e-10 -0.0035044881 0)
(-1.9237465e-11 -0.0013992698 0)
(-9.3739511e-11 -0.0013992695 0)
(-4.1794234e-10 -0.0035044876 0)
(-1.090525e-09 -0.0049176418 0)
(-1.0829394e-10 -0.0056293629 0)
(1.7176139e-10 -0.005629363 0)
(1.1441013e-09 -0.004917642 0)
(4.6701041e-10 -0.0035044878 0)
(1.043665e-10 -0.0013992696 0)
(3.6251296e-11 -0.0013992693 0)
(-7.2161063e-10 -0.0035044873 0)
(-5.9654207e-10 -0.0049176417 0)
(-6.837694e-10 -0.0056293631 0)
(7.4439816e-10 -0.0056293632 0)
(6.6248343e-10 -0.0049176419 0)
(7.5902745e-10 -0.0035044875 0)
(-1.8391197e-11 -0.0013992694 0)
(-9.0926856e-11 -0.0013992691 0)
(-3.9868239e-10 -0.003504487 0)
(-1.0493675e-09 -0.0049176416 0)
(-9.6644083e-11 -0.0056293634 0)
(1.6131131e-10 -0.0056293635 0)
(1.1026834e-09 -0.0049176419 0)
(4.4714891e-10 -0.0035044872 0)
(1.0079169e-10 -0.0013992692 0)
(3.5051902e-11 -0.0013992689 0)
(-6.9417433e-10 -0.0035044867 0)
(-5.6703165e-10 -0.0049176416 0)
(-6.596629e-10 -0.0056293636 0)
(7.210802e-10 -0.0056293637 0)
(6.3303417e-10 -0.0049176418 0)
(7.303816e-10 -0.0035044869 0)
(-1.7669201e-11 -0.001399269 0)
(-8.8244459e-11 -0.0013992687 0)
(-3.7970768e-10 -0.0035044864 0)
(-1.0093736e-09 -0.0049176415 0)
(-8.5194915e-11 -0.0056293638 0)
(1.506195e-10 -0.0056293639 0)
(1.062134e-09 -0.0049176417 0)
(4.2742719e-10 -0.0035044866 0)
(9.7340587e-11 -0.0013992688 0)
(3.3955919e-11 -0.0013992686 0)
(-6.6753763e-10 -0.0035044861 0)
(-5.3808307e-10 -0.0049176415 0)
(-6.3650317e-10 -0.005629364 0)
(6.982744e-10 -0.0056293641 0)
(6.0383645e-10 -0.0049176417 0)
(7.024183e-10 -0.0035044863 0)
(-1.7064798e-11 -0.0013992687 0)
(-8.5686648e-11 -0.0013992684 0)
(-3.6107273e-10 -0.0035044858 0)
(-9.7061535e-10 -0.0049176414 0)
(-7.3994724e-11 -0.0056293642 0)
(1.3973668e-10 -0.0056293643 0)
(1.0225344e-09 -0.0049176416 0)
(4.0791244e-10 -0.0035044861 0)
(9.4015027e-11 -0.0013992685 0)
(3.2962945e-11 -0.0013992682 0)
(-6.4173702e-10 -0.0035044856 0)
(-5.0977368e-10 -0.0049176414 0)
(-6.1431515e-10 -0.0056293644 0)
(6.7601453e-10 -0.0056293645 0)
(5.7497959e-10 -0.0049176416 0)
(6.7518851e-10 -0.0035044858 0)
(-1.6571015e-11 -0.0013992683 0)
(-8.3247631e-11 -0.001399268 0)
(-3.4282184e-10 -0.0035044853 0)
(-9.3314358e-10 -0.0049176413 0)
(-6.3079761e-11 -0.0056293646 0)
(1.2871348e-10 -0.0056293647 0)
(9.8395137e-10 -0.0049176415 0)
(3.8866338e-10 -0.0035044855 0)
(9.0815813e-11 -0.0013992681 0)
(3.2071631e-11 -0.0013992679 0)
(-6.167967e-10 -0.0035044851 0)
(-4.8216338e-10 -0.0049176413 0)
(-5.9310838e-10 -0.0056293648 0)
(6.5433004e-10 -0.0056293649 0)
(5.4654223e-10 -0.0049176415 0)
(6.4873206e-10 -0.0035044853 0)
(-1.6180721e-11 -0.0013992679 0)
(-8.0921475e-11 -0.0013992677 0)
(-3.2498941e-10 -0.0035044848 0)
(-8.969891e-10 -0.0049176412 0)
(-5.247508e-11 -0.005629365 0)
(1.1759958e-10 -0.0056293651 0)
(9.4643813e-10 -0.0049176414 0)
(3.6973026e-10 -0.003504485 0)
(8.7742783e-11 -0.0013992678 0)
(3.1279723e-11 -0.0013992675 0)
(-5.9272936e-10 -0.0035044846 0)
(-4.5529538e-10 -0.0049176412 0)
(-5.7287859e-10 -0.0056293652 0)
(6.3324583e-10 -0.0056293653 0)
(5.1859212e-10 -0.0049176414 0)
(6.230784e-10 -0.0035044848 0)
(-1.5886619e-11 -0.0013992676 0)
(-7.8702298e-11 -0.0013992674 0)
(-3.0760039e-10 -0.0035044843 0)
(-8.6216457e-10 -0.0049176411 0)
(-4.2195555e-11 -0.0056293654 0)
(1.0644304e-10 -0.0056293655 0)
(9.1003441e-10 -0.0049176413 0)
(3.5115506e-10 -0.0035044845 0)
(8.4794786e-11 -0.0013992675 0)
(3.0584525e-11 -0.0013992672 0)
(-5.6953719e-10 -0.0035044841 0)
(-4.2919792e-10 -0.0049176411 0)
(-5.5360958e-10 -0.0056293656 0)
(6.1278245e-10 -0.0056293657 0)
(4.9118658e-10 -0.0049176413 0)
(5.982471e-10 -0.0035044843 0)
(-1.5681519e-11 -0.0013992673 0)
(-7.6584241e-11 -0.0013992671 0)
(-2.9067142e-10 -0.0035044839 0)
(-8.286666e-10 -0.0049176411 0)
(-3.2246898e-11 -0.0056293658 0)
(9.5289465e-11 -0.0056293659 0)
(8.7476768e-10 -0.0049176413 0)
(3.3297184e-10 -0.0035044841 0)
(8.1970048e-11 -0.0013992672 0)
(2.9982454e-11 -0.0013992669 0)
(-5.4721362e-10 -0.0035044837 0)
(-4.0388554e-10 -0.004917641 0)
(-5.3527512e-10 -0.0056293659 0)
(5.9295599e-10 -0.005629366 0)
(4.6437237e-10 -0.0049176412 0)
(5.7424875e-10 -0.0035044839 0)
(-1.5558419e-11 -0.001399267 0)
(-7.4561618e-11 -0.0013992668 0)
(-2.742115e-10 -0.0035044834 0)
(-7.9647796e-10 -0.004917641 0)
(-2.2627328e-11 -0.0056293661 0)
(8.4181311e-11 -0.0056293662 0)
(8.4065371e-10 -0.0049176412 0)
(3.1520715e-10 -0.0035044836 0)
(7.9265897e-11 -0.0013992669 0)
(2.946968e-11 -0.0013992666 0)
(-5.257442e-10 -0.0035044832 0)
(-3.7936106e-10 -0.004917641 0)
(-5.1784114e-10 -0.0056293663 0)
(5.7377779e-10 -0.0056293664 0)
(4.3818641e-10 -0.0049176411 0)
(5.5108597e-10 -0.0035044834 0)
(-1.5510426e-11 -0.0013992667 0)
(-7.2628969e-11 -0.0013992665 0)
(-2.582231e-10 -0.003504483 0)
(-7.6557013e-10 -0.0049176409 0)
(-1.3329019e-11 -0.0056293665 0)
(7.3157417e-11 -0.0056293665 0)
(8.0769803e-10 -0.0049176411 0)
(2.9788069e-10 -0.0035044832 0)
(7.6679317e-11 -0.0013992666 0)
(2.9042033e-11 -0.0013992664 0)
(-5.0510832e-10 -0.0035044828 0)
(-3.5561788e-10 -0.0049176409 0)
(-5.0126768e-10 -0.0056293666 0)
(5.5525481e-10 -0.0056293667 0)
(4.1265654e-10 -0.0049176411 0)
(5.2875438e-10 -0.003504483 0)
(-1.5530972e-11 -0.0013992664 0)
(-7.0780824e-11 -0.0013992662 0)
(-2.4270335e-10 -0.0035044827 0)
(-7.3590564e-10 -0.0049176409 0)
(-4.3396813e-12 -0.0056293668 0)
(6.2252653e-11 -0.0056293668 0)
(7.7589698e-10 -0.004917641 0)
(2.8100583e-10 -0.0035044828 0)
(7.4206763e-11 -0.0013992663 0)
(2.8695052e-11 -0.0013992661 0)
(-4.8528055e-10 -0.0035044825 0)
(-3.3264144e-10 -0.0049176408 0)
(-4.855107e-10 -0.0056293669 0)
(5.373896e-10 -0.005629367 0)
(3.8780193e-10 -0.004917641 0)
(5.0724352e-10 -0.0035044826 0)
(-1.5613864e-11 -0.0013992662 0)
(-6.9012286e-11 -0.001399266 0)
(-2.2764515e-10 -0.0035044823 0)
(-7.0744024e-10 -0.0049176408 0)
(4.3562245e-12 -0.0056293671 0)
(5.1497482e-11 -0.0056293672 0)
(7.4523852e-10 -0.004917641 0)
(2.6459052e-10 -0.0035044825 0)
(7.1844263e-11 -0.0013992661 0)
(2.8424044e-11 -0.0013992659 0)
(-4.6623192e-10 -0.0035044821 0)
(-3.1041151e-10 -0.0049176408 0)
(-4.7052383e-10 -0.0056293672 0)
(5.2018029e-10 -0.0056293673 0)
(3.6363412e-10 -0.0049176409 0)
(4.8653782e-10 -0.0035044823 0)
(-1.5753268e-11 -0.0013992659 0)
(-6.7318484e-11 -0.0013992658 0)
(-2.1303818e-10 -0.0035044819 0)
(-6.80125e-10 -0.0049176408 0)
(1.2776027e-11 -0.0056293674 0)
(4.0917958e-11 -0.0056293674 0)
(7.157036e-10 -0.0049176409 0)
(2.4863775e-10 -0.0035044821 0)
(6.9587612e-11 -0.0013992658 0)
(2.8224355e-11 -0.0013992656 0)
(-4.479309e-10 -0.0035044818 0)
(-2.889036e-10 -0.0049176407 0)
(-4.5625984e-10 -0.0056293675 0)
(5.03621e-10 -0.0056293676 0)
(3.4015793e-10 -0.0049176409 0)
(4.6661741e-10 -0.0035044819 0)
(-1.5943636e-11 -0.0013992657 0)
(-6.5694852e-11 -0.0013992655 0)
(-1.9886958e-10 -0.0035044816 0)
(-6.5390805e-10 -0.0049176407 0)
(2.0937738e-11 -0.0056293677 0)
(3.0535883e-11 -0.0056293677 0)
(6.8726745e-10 -0.0049176409 0)
(2.3314646e-10 -0.0035044818 0)
(6.7432444e-11 -0.0013992656 0)
(2.8091165e-11 -0.0013992654 0)
(-4.3034441e-10 -0.0035044814 0)
(-2.6809048e-10 -0.0049176407 0)
(-4.4267179e-10 -0.0056293678 0)
(4.8770223e-10 -0.0056293679 0)
(3.1737231e-10 -0.0049176408 0)
(4.4745927e-10 -0.0035044816 0)
(-1.6179755e-11 -0.0013992655 0)
(-6.4137179e-11 -0.0013992653 0)
(-1.8512503e-10 -0.0035044813 0)
(-6.2873591e-10 -0.0049176407 0)
(2.8859393e-11 -0.0056293679 0)
(2.0368812e-11 -0.005629368 0)
(6.599004e-10 -0.0049176408 0)
(2.1811225e-10 -0.0035044814 0)
(6.5374163e-11 -0.0013992654 0)
(2.8019765e-11 -0.0013992652 0)
(-4.1343876e-10 -0.0035044811 0)
(-2.4794341e-10 -0.0049176406 0)
(-4.2971377e-10 -0.0056293681 0)
(4.724112e-10 -0.0056293681 0)
(2.952713e-10 -0.0049176408 0)
(4.2903767e-10 -0.0035044813 0)
(-1.6456932e-11 -0.0013992653 0)
(-6.2641363e-11 -0.0013992651 0)
(-1.7178919e-10 -0.003504481 0)
(-6.0455513e-10 -0.0049176406 0)
(3.6558471e-11 -0.0056293682 0)
(1.04304e-11 -0.0056293682 0)
(6.3356905e-10 -0.0049176408 0)
(2.0352788e-10 -0.0035044811 0)
(6.3408205e-11 -0.0013992652 0)
(2.8005418e-11 -0.001399265 0)
(-3.9718032e-10 -0.0035044809 0)
(-2.2843309e-10 -0.0049176406 0)
(-4.1734187e-10 -0.0056293683 0)
(4.577323e-10 -0.0056293684 0)
(2.7384488e-10 -0.0049176407 0)
(4.1132522e-10 -0.003504481 0)
(-1.6770644e-11 -0.0013992651 0)
(-6.120369e-11 -0.0013992649 0)
(-1.5884648e-10 -0.0035044807 0)
(-5.8131287e-10 -0.0049176406 0)
(4.4051055e-11 -0.0056293684 0)
(7.3087848e-13 -0.0056293685 0)
(6.0823742e-10 -0.0049176407 0)
(1.8938406e-10 -0.0035044809 0)
(6.1529879e-11 -0.001399265 0)
(2.8043486e-11 -0.0013992648 0)
(-3.8153594e-10 -0.0035044806 0)
(-2.0953062e-10 -0.0049176406 0)
(-4.0551449e-10 -0.0056293685 0)
(4.4364751e-10 -0.0056293686 0)
(2.5307999e-10 -0.0049176407 0)
(3.9429338e-10 -0.0035044807 0)
(-1.7116817e-11 -0.0013992649 0)
(-5.9820638e-11 -0.0013992647 0)
(-1.4628136e-10 -0.0035044805 0)
(-5.5895787e-10 -0.0049176405 0)
(5.1351707e-11 -0.0056293687 0)
(-8.7227117e-12 -0.0056293687 0)
(5.8386757e-10 -0.0049176407 0)
(1.7566998e-10 -0.0035044806 0)
(5.9734612e-11 -0.0013992648 0)
(2.81295e-11 -0.0013992647 0)
(-3.6647359e-10 -0.0035044803 0)
(-1.9120801e-10 -0.0049176405 0)
(-3.9419268e-10 -0.0056293688 0)
(4.3013707e-10 -0.0056293688 0)
(2.3296117e-10 -0.0049176407 0)
(3.7791307e-10 -0.0035044804 0)
(-1.7491566e-11 -0.0013992647 0)
(-5.8488843e-11 -0.0013992646 0)
(-1.3407871e-10 -0.0035044802 0)
(-5.3744109e-10 -0.0049176405 0)
(5.8473391e-11 -0.0056293689 0)
(-1.7925867e-11 -0.0056293689 0)
(5.6042058e-10 -0.0049176406 0)
(1.6237383e-10 -0.0035044803 0)
(5.8017825e-11 -0.0013992646 0)
(2.8259048e-11 -0.0013992645 0)
(-3.5196249e-10 -0.0035044801 0)
(-1.7343882e-10 -0.0049176405 0)
(-3.8334021e-10 -0.005629369 0)
(4.171797e-10 -0.005629369 0)
(2.1347156e-10 -0.0049176406 0)
(3.6215515e-10 -0.0035044802 0)
(-1.7891356e-11 -0.0013992645 0)
(-5.7205258e-11 -0.0013992644 0)
(-1.2222429e-10 -0.00350448 0)
(-5.1671595e-10 -0.0049176405 0)
(6.542702e-11 -0.0056293691 0)
(-2.6876256e-11 -0.0056293691 0)
(5.3785732e-10 -0.0049176406 0)
(1.4948331e-10 -0.0035044801 0)
(5.6375063e-11 -0.0013992645 0)
(2.8427879e-11 -0.0013992643 0)
(-3.3797337e-10 -0.0035044798 0)
(-1.5619841e-10 -0.0049176405 0)
(-3.7292385e-10 -0.0056293692 0)
(4.0475325e-10 -0.0056293692 0)
(1.9459337e-10 -0.0049176406 0)
(3.469909e-10 -0.00350448 0)
(-1.8312742e-11 -0.0013992644 0)
(-5.5966864e-11 -0.0013992643 0)
(-1.1070482e-10 -0.0035044797 0)
(-4.9673878e-10 -0.0049176405 0)
(7.2221705e-11 -0.0056293693 0)
(-3.5573215e-11 -0.0056293693 0)
(5.1613885e-10 -0.0049176406 0)
(1.3698598e-10 -0.0035044799 0)
(5.4802051e-11 -0.0013992643 0)
(2.8631924e-11 -0.0013992642 0)
(-3.244788e-10 -0.0035044796 0)
(-1.3946425e-10 -0.0049176404 0)
(-3.629131e-10 -0.0056293694 0)
(3.928351e-10 -0.0056293694 0)
(1.7630837e-10 -0.0049176406 0)
(3.323923e-10 -0.0035044797 0)
(-1.8752633e-11 -0.0013992642 0)
(-5.4770999e-11 -0.0013992641 0)
(-9.9508058e-11 -0.0035044795 0)
(-4.7746885e-10 -0.0049176404 0)
(7.8864636e-11 -0.0056293695 0)
(-4.4017391e-11 -0.0056293695 0)
(4.9522706e-10 -0.0049176405 0)
(1.2486958e-10 -0.0035044796 0)
(5.3294478e-11 -0.0013992642 0)
(2.8867141e-11 -0.001399264 0)
(-3.1145317e-10 -0.0035044794 0)
(-1.2321599e-10 -0.0049176404 0)
(-3.5328028e-10 -0.0056293696 0)
(3.814023e-10 -0.0056293696 0)
(1.5859877e-10 -0.0049176405 0)
(3.1833237e-10 -0.0035044795 0)
(-1.9208069e-11 -0.0013992641 0)
(-5.3614921e-11 -0.001399264 0)
(-8.862322e-11 -0.0035044793 0)
(-4.5886865e-10 -0.0049176404 0)
(8.5361234e-11 -0.0056293697 0)
(-5.2210426e-11 -0.0056293697 0)
(4.7508532e-10 -0.0049176405 0)
(1.1312234e-10 -0.0035044794 0)
(5.1848323e-11 -0.001399264 0)
(2.9129759e-11 -0.0013992639 0)
(-2.9887273e-10 -0.0035044792 0)
(-1.0743577e-10 -0.0049176404 0)
(-3.4400034e-10 -0.0056293697 0)
(3.7043225e-10 -0.0056293698 0)
(1.4144734e-10 -0.0049176405 0)
(3.0478559e-10 -0.0035044793 0)
(-1.9676187e-11 -0.0013992639 0)
(-5.2496211e-11 -0.0013992638 0)
(-7.8040675e-11 -0.0035044791 0)
(-4.4090384e-10 -0.0049176404 0)
(9.1715229e-11 -0.0056293698 0)
(-6.0154333e-11 -0.0056293699 0)
(4.5567861e-10 -0.0049176405 0)
(1.017334e-10 -0.0035044792 0)
(5.0459721e-11 -0.0013992639 0)
(2.9416093e-11 -0.0013992638 0)
(-2.8671575e-10 -0.003504479 0)
(-9.2108126e-11 -0.0049176404 0)
(-3.350507e-10 -0.0056293699 0)
(3.5990286e-10 -0.0056293699 0)
(1.2483792e-10 -0.0049176405 0)
(2.9172765e-10 -0.0035044791 0)
(-2.0154288e-11 -0.0013992638 0)
(-5.1412539e-11 -0.0013992637 0)
(-6.7752348e-11 -0.003504479 0)
(-4.2354324e-10 -0.0049176404 0)
(9.7928773e-11 -0.00562937 0)
(-6.7851341e-11 -0.00562937 0)
(4.3697379e-10 -0.0049176405 0)
(9.0692706e-11 -0.0035044791 0)
(4.912494e-11 -0.0013992638 0)
(2.9722574e-11 -0.0013992637 0)
(-2.7496257e-10 -0.0035044789 0)
(-7.7220006e-11 -0.0049176403 0)
(-3.2641113e-10 -0.0056293701 0)
(3.4979283e-10 -0.0056293701 0)
(1.0875593e-10 -0.0049176404 0)
(2.7913607e-10 -0.003504479 0)
(-2.063973e-11 -0.0013992637 0)
(-5.0361694e-11 -0.0013992636 0)
(-5.7751636e-11 -0.0035044788 0)
(-4.0675883e-10 -0.0049176403 0)
(1.0400253e-10 -0.0056293701 0)
(-7.5303581e-11 -0.0056293702 0)
(4.1894031e-10 -0.0049176404 0)
(7.9991489e-11 -0.0035044789 0)
(4.7840483e-11 -0.0013992636 0)
(3.0045718e-11 -0.0013992635 0)
(-2.6359536e-10 -0.0035044787 0)
(-6.2760802e-11 -0.0049176403 0)
(-3.1806356e-10 -0.0056293702 0)
(3.400818e-10 -0.0056293702 0)
(9.3188385e-11 -0.0049176404 0)
(2.6699034e-10 -0.0035044788 0)
(-2.113003e-11 -0.0013992636 0)
(-4.9341619e-11 -0.0013992635 0)
(-4.803333e-11 -0.0035044786 0)
(-3.9052565e-10 -0.0049176403 0)
(1.0993595e-10 -0.0056293703 0)
(-8.2512845e-11 -0.0056293703 0)
(4.0155e-10 -0.0049176404 0)
(6.9622394e-11 -0.0035044787 0)
(4.6603071e-11 -0.0013992635 0)
(3.038221e-11 -0.0013992634 0)
(-2.5259844e-10 -0.0035044786 0)
(-4.8722314e-11 -0.0049176403 0)
(-3.099919e-10 -0.0056293703 0)
(3.3075084e-10 -0.0056293704 0)
(7.8124276e-11 -0.0049176404 0)
(2.5527177e-10 -0.0035044786 0)
(-2.1622642e-11 -0.0013992635 0)
(-4.8350357e-11 -0.0013992634 0)
(-3.8593719e-11 -0.0035044785 0)
(-3.748219e-10 -0.0049176403 0)
(1.1572711e-10 -0.0056293704 0)
(-8.9480241e-11 -0.0056293704 0)
(3.8477763e-10 -0.0049176404 0)
(5.9579281e-11 -0.0035044786 0)
(4.5409559e-11 -0.0013992634 0)
(3.072883e-11 -0.0013992633 0)
(-2.4195806e-10 -0.0035044784 0)
(-3.5098867e-11 -0.0049176403 0)
(-3.0218204e-10 -0.0056293705 0)
(3.2178245e-10 -0.0056293705 0)
(6.3554802e-11 -0.0049176404 0)
(2.4396358e-10 -0.0035044785 0)
(-2.2115123e-11 -0.0013992634 0)
(-4.7386148e-11 -0.0013992633 0)
(-2.9430715e-11 -0.0035044784 0)
(-3.5962892e-10 -0.0049176403 0)
(1.2137308e-10 -0.0056293705 0)
(-9.6206039e-11 -0.0056293705 0)
(3.6860071e-10 -0.0049176404 0)
(4.9857744e-11 -0.0035044784 0)
(4.4257083e-11 -0.0013992633 0)
(3.1082476e-11 -0.0013992633 0)
(-2.316626e-10 -0.0035044783 0)
(-2.1887199e-11 -0.0049176403 0)
(-2.9462164e-10 -0.0056293706 0)
(3.1316072e-10 -0.0056293706 0)
(4.9473543e-11 -0.0049176403 0)
(2.3305126e-10 -0.0035044784 0)
(-2.2605069e-11 -0.0013992633 0)
(-4.6447274e-11 -0.0013992632 0)
(-2.0543763e-11 -0.0035044782 0)
(-3.4493093e-10 -0.0049176403 0)
(1.2686969e-10 -0.0056293706 0)
(-1.0268962e-10 -0.0056293707 0)
(3.5299994e-10 -0.0049176403 0)
(4.0455052e-11 -0.0035044783 0)
(4.3142984e-11 -0.0013992632 0)
(3.1439997e-11 -0.0013992632 0)
(-2.2170234e-10 -0.0035044782 0)
(-9.0864698e-12 -0.0049176403 0)
(-2.8730008e-10 -0.0056293707 0)
(3.0487137e-10 -0.0056293707 0)
(3.5876641e-11 -0.0049176403 0)
(2.2252252e-10 -0.0035044782 0)
(-2.3090052e-11 -0.0013992632 0)
(-4.5532304e-11 -0.0013992631 0)
(-1.1933857e-11 -0.0035044781 0)
(-3.3071532e-10 -0.0049176402 0)
(1.3221192e-10 -0.0056293707 0)
(-1.089293e-10 -0.0056293708 0)
(3.3795935e-10 -0.0049176403 0)
(3.1370188e-11 -0.0035044782 0)
(4.2064805e-11 -0.0013992632 0)
(3.1798345e-11 -0.0013992631 0)
(-2.1206966e-10 -0.003504478 0)
(3.3018863e-12 -0.0049176402 0)
(-2.8020839e-10 -0.0056293708 0)
(2.9690197e-10 -0.0056293708 0)
(2.2762734e-11 -0.0049176403 0)
(2.1236724e-10 -0.0035044781 0)
(-2.3567611e-11 -0.0013992631 0)
(-4.4639883e-11 -0.0013992631 0)
(-3.6036747e-12 -0.003504478 0)
(-3.1697219e-10 -0.0049176402 0)
(1.3739382e-10 -0.0056293708 0)
(-1.1492218e-10 -0.0056293708 0)
(3.2346582e-10 -0.0049176403 0)
(2.2603782e-11 -0.0035044781 0)
(4.1020447e-11 -0.0013992631 0)
(3.2154523e-11 -0.001399263 0)
(-2.0275893e-10 -0.0035044779 0)
(1.5273942e-11 -0.0049176402 0)
(-2.7333914e-10 -0.0056293709 0)
(2.8924192e-10 -0.0056293709 0)
(1.0133001e-11 -0.0049176403 0)
(2.0257759e-10 -0.003504478 0)
(-2.4035264e-11 -0.001399263 0)
(-4.3768801e-11 -0.001399263 0)
(4.4427461e-12 -0.0035044779 0)
(-3.0369492e-10 -0.0049176402 0)
(1.4240841e-10 -0.0056293709 0)
(-1.2066448e-10 -0.0056293709 0)
(3.0950974e-10 -0.0049176403 0)
(1.415847e-11 -0.003504478 0)
(4.0007941e-11 -0.001399263 0)
(3.2505702e-11 -0.0013992629 0)
(-1.9376658e-10 -0.0035044778 0)
(2.6823436e-11 -0.0049176402 0)
(-2.666868e-10 -0.0056293709 0)
(2.818825e-10 -0.005629371 0)
(-2.0087108e-12 -0.0049176403 0)
(1.9314792e-10 -0.0035044779 0)
(-2.4490619e-11 -0.001399263 0)
(-4.2918137e-11 -0.0013992629 0)
(1.2199598e-11 -0.0035044778 0)
(-2.9087983e-10 -0.0049176402 0)
(1.4724787e-10 -0.005629371 0)
(-1.2615113e-10 -0.005629371 0)
(2.9608467e-10 -0.0049176403 0)
(6.0382342e-12 -0.0035044779 0)
(3.902554e-11 -0.0013992629 0)
(3.2848886e-11 -0.0013992629 0)
(-1.850912e-10 -0.0035044777 0)
(3.7941777e-11 -0.0049176402 0)
(-2.6024723e-10 -0.005629371 0)
(2.7481658e-10 -0.005629371 0)
(-1.3656255e-11 -0.0049176402 0)
(1.840748e-10 -0.0035044778 0)
(-2.4931227e-11 -0.0013992629 0)
(-4.208706e-11 -0.0013992629 0)
(1.9659718e-11 -0.0035044777 0)
(-2.785262e-10 -0.0049176402 0)
(1.5190337e-10 -0.0056293711 0)
(-1.3137638e-10 -0.0056293711 0)
(2.8318699e-10 -0.0049176402 0)
(-1.750926e-12 -0.0035044778 0)
(3.8071882e-11 -0.0013992629 0)
(3.3181419e-11 -0.0013992628 0)
(-1.7673318e-10 -0.0035044777 0)
(4.8618078e-11 -0.0049176402 0)
(-2.540183e-10 -0.0056293711 0)
(2.6803871e-10 -0.0056293711 0)
(-2.480122e-11 -0.0049176402 0)
(1.7535696e-10 -0.0035044777 0)
(-2.535454e-11 -0.0013992629 0)
(-4.127488e-11 -0.0013992628 0)
(2.6814429e-11 -0.0035044776 0)
(-2.6663625e-10 -0.0049176402 0)
(1.5636514e-10 -0.0056293711 0)
(-1.3633371e-10 -0.0056293711 0)
(2.7081607e-10 -0.0049176402 0)
(-9.2019213e-12 -0.0035044777 0)
(3.7145767e-11 -0.0013992628 0)
(3.350046e-11 -0.0013992628 0)
(-1.6869502e-10 -0.0035044776 0)
(5.8839334e-11 -0.0049176402 0)
(-2.4799961e-10 -0.0056293711 0)
(2.6154479e-10 -0.0056293712 0)
(-3.543342e-11 -0.0049176402 0)
(1.6699496e-10 -0.0035044776 0)
(-2.5758139e-11 -0.0013992628 0)
(-4.0481261e-11 -0.0013992627 0)
(3.3653673e-11 -0.0035044775 0)
(-2.5521521e-10 -0.0049176401 0)
(1.6062232e-10 -0.0056293712 0)
(-1.4101649e-10 -0.0056293712 0)
(2.5897374e-10 -0.0049176402 0)
(-1.6306251e-11 -0.0035044776 0)
(3.6246332e-11 -0.0013992628 0)
(3.3803338e-11 -0.0013992627 0)
(-1.6098105e-10 -0.0035044775 0)
(6.859037e-11 -0.0049176401 0)
(-2.421931e-10 -0.0056293712 0)
(2.5533184e-10 -0.0056293712 0)
(-4.5541123e-11 -0.0049176402 0)
(1.5899116e-10 -0.0035044776 0)
(-2.6139739e-11 -0.0013992627 0)
(-3.9706013e-11 -0.0013992627 0)
(4.0166234e-11 -0.0035044775 0)
(-2.442712e-10 -0.0049176401 0)
(1.6466302e-10 -0.0056293712 0)
(-1.4541821e-10 -0.0056293712 0)
(2.4766385e-10 -0.0049176402 0)
(-2.3054576e-11 -0.0035044775 0)
(3.5372837e-11 -0.0013992627 0)
(3.4087534e-11 -0.0013992627 0)
(-1.5359757e-10 -0.0035044774 0)
(7.7854275e-11 -0.0049176401 0)
(-2.3660271e-10 -0.0056293712 0)
(2.4939733e-10 -0.0056293713 0)
(-5.5111963e-11 -0.0049176402 0)
(1.5134936e-10 -0.0035044775 0)
(-2.6497006e-11 -0.0013992627 0)
(-3.8949164e-11 -0.0013992627 0)
(4.6339885e-11 -0.0035044774 0)
(-2.3381513e-10 -0.0049176401 0)
(1.6847416e-10 -0.0056293713 0)
(-1.4953329e-10 -0.0056293713 0)
(2.3689166e-10 -0.0049176402 0)
(-2.9437049e-11 -0.0035044775 0)
(3.4524981e-11 -0.0013992627 0)
(3.4350578e-11 -0.0013992626 0)
(-1.4655241e-10 -0.0035044774 0)
(8.6612447e-11 -0.0049176401 0)
(-2.3123499e-10 -0.0056293713 0)
(2.4373889e-10 -0.0056293713 0)
(-6.413366e-11 -0.0049176402 0)
(1.4407436e-10 -0.0035044774 0)
(-2.6827698e-11 -0.0013992627 0)
(-3.8211039e-11 -0.0013992626 0)
(5.2161698e-11 -0.0035044774 0)
(-2.2386039e-10 -0.0049176401 0)
(1.7204113e-10 -0.0056293713 0)
(-1.5335763e-10 -0.0056293713 0)
(2.2666309e-10 -0.0049176401 0)
(-3.5443897e-11 -0.0035044774 0)
(3.3702493e-11 -0.0013992626 0)
(3.4590224e-11 -0.0013992626 0)
(-1.3985484e-10 -0.0035044773 0)
(9.4844852e-11 -0.0049176401 0)
(-2.2609918e-10 -0.0056293713 0)
(2.3835351e-10 -0.0056293713 0)
(-7.2594749e-11 -0.0049176401 0)
(1.3717157e-10 -0.0035044774 0)
(-2.7129996e-11 -0.0013992626 0)
(-3.7492064e-11 -0.0013992626 0)
(5.76182e-11 -0.0035044773 0)
(-2.144231e-10 -0.0049176401 0)
(1.7534822e-10 -0.0056293713 0)
(-1.5688943e-10 -0.0056293713 0)
(2.1698385e-10 -0.0049176401 0)
(-4.1066023e-11 -0.0035044773 0)
(3.2905467e-11 -0.0013992626 0)
(3.4804419e-11 -0.0013992626 0)
(-1.3351553e-10 -0.0035044773 0)
(1.0253048e-10 -0.0049176401 0)
(-2.2120744e-10 -0.0056293713 0)
(2.3323704e-10 -0.0056293714 0)
(-8.0485922e-11 -0.0049176401 0)
(1.3064624e-10 -0.0035044773 0)
(-2.7402143e-11 -0.0013992626 0)
(-3.679301e-11 -0.0013992626 0)
(6.269588e-11 -0.0035044773 0)
(-2.0552134e-10 -0.0049176401 0)
(1.7837802e-10 -0.0056293714 0)
(-1.601303e-10 -0.0056293714 0)
(2.0785841e-10 -0.0049176401 0)
(-4.6295753e-11 -0.0035044773 0)
(3.2134143e-11 -0.0013992626 0)
(3.4991388e-11 -0.0013992625 0)
(-1.2754585e-10 -0.0035044772 0)
(1.0964789e-10 -0.0049176401 0)
(-2.1657528e-10 -0.0056293714 0)
(2.2838296e-10 -0.0056293714 0)
(-8.7801234e-11 -0.0049176401 0)
(1.2450307e-10 -0.0035044773 0)
(-2.7642853e-11 -0.0013992626 0)
(-3.6114793e-11 -0.0013992625 0)
(6.7381682e-11 -0.0035044772 0)
(-1.9717489e-10 -0.0049176401 0)
(1.811117e-10 -0.0056293714 0)
(-1.6308638e-10 -0.0056293714 0)
(1.9928877e-10 -0.0049176401 0)
(-5.1127552e-11 -0.0035044772 0)
(3.1388772e-11 -0.0013992625 0)
(3.5149643e-11 -0.0013992625 0)
(-1.2195786e-10 -0.0035044772 0)
(1.1617583e-10 -0.0049176401 0)
(-2.122214e-10 -0.0056293714 0)
(2.237818e-10 -0.0056293714 0)
(-9.4539363e-11 -0.0049176401 0)
(1.1874517e-10 -0.0035044772 0)
(-2.7851226e-11 -0.0013992625 0)
(-3.5458693e-11 -0.0013992625 0)
(7.1663374e-11 -0.0035044772 0)
(-1.8940473e-10 -0.00491764 0)
(1.8352901e-10 -0.0056293714 0)
(-1.6576899e-10 -0.0056293714 0)
(1.912732e-10 -0.0049176401 0)
(-5.555909e-11 -0.0035044772 0)
(3.0669928e-11 -0.0013992625 0)
(3.5278046e-11 -0.0013992625 0)
(-1.1676356e-10 -0.0035044772 0)
(1.2209373e-10 -0.00491764 0)
(-2.0816786e-10 -0.0056293714 0)
(2.1942031e-10 -0.0056293714 0)
(-1.0070515e-10 -0.0049176401 0)
(1.1337351e-10 -0.0035044772 0)
(-2.8026877e-11 -0.0013992625 0)
(-3.482595e-11 -0.0013992625 0)
(7.5530285e-11 -0.0035044771 0)
(-1.8223248e-10 -0.00491764 0)
(1.8560855e-10 -0.0056293714 0)
(-1.6819586e-10 -0.0056293714 0)
(1.8380498e-10 -0.0049176401 0)
(-5.9592068e-11 -0.0035044772 0)
(2.9978151e-11 -0.0013992625 0)
(3.5376019e-11 -0.0013992625 0)
(-1.119744e-10 -0.0035044771 0)
(1.2738307e-10 -0.00491764 0)
(-2.0443979e-10 -0.0056293714 0)
(2.1528044e-10 -0.0056293714 0)
(-1.0631114e-10 -0.00491764 0)
(1.0838584e-10 -0.0035044771 0)
(-2.817011e-11 -0.0013992625 0)
(-3.421824e-11 -0.0013992625 0)
(7.8974228e-11 -0.0035044771 0)
(-1.7567886e-10 -0.00491764 0)
(1.873282e-10 -0.0056293714 0)
(-1.7039187e-10 -0.0056293714 0)
(1.76871e-10 -0.00491764 0)
(-6.3233132e-11 -0.0035044771 0)
(2.9313863e-11 -0.0013992625 0)
(3.5443285e-11 -0.0013992625 0)
(-1.0760043e-10 -0.0035044771 0)
(1.3202857e-10 -0.00491764 0)
(-2.0106474e-10 -0.0056293714 0)
(2.1133914e-10 -0.0056293714 0)
(-1.1137854e-10 -0.00491764 0)
(1.0377576e-10 -0.0035044771 0)
(-2.8281941e-11 -0.0013992625 0)
(-3.3637132e-11 -0.0013992624 0)
(8.1990329e-11 -0.0035044771 0)
(-1.6976264e-10 -0.00491764 0)
(1.8866624e-10 -0.0056293714 0)
(-1.7238946e-10 -0.0056293714 0)
(1.7045074e-10 -0.00491764 0)
(-6.6495088e-11 -0.0035044771 0)
(2.8677421e-11 -0.0013992625 0)
(3.5480348e-11 -0.0013992624 0)
(-1.0364903e-10 -0.0035044771 0)
(1.3602006e-10 -0.00491764 0)
(-1.980717e-10 -0.0056293714 0)
(2.075679e-10 -0.0056293714 0)
(-1.1593882e-10 -0.00491764 0)
(9.9531893e-11 -0.0035044771 0)
(-2.8364236e-11 -0.0013992624 0)
(-3.3084509e-11 -0.0013992624 0)
(8.4578398e-11 -0.0035044771 0)
(-1.6449833e-10 -0.00491764 0)
(1.8960287e-10 -0.0056293714 0)
(-1.7422884e-10 -0.0056293714 0)
(1.6451486e-10 -0.00491764 0)
(-6.939751e-11 -0.0035044771 0)
(2.8069084e-11 -0.0013992624 0)
(3.5488336e-11 -0.0013992624 0)
(-1.0012384e-10 -0.003504477 0)
(1.3935491e-10 -0.00491764 0)
(-1.9548895e-10 -0.0056293714 0)
(2.0393303e-10 -0.0056293714 0)
(-1.2003456e-10 -0.00491764 0)
(9.563701e-11 -0.0035044771 0)
(-2.8419618e-11 -0.0013992624 0)
(-3.2561875e-11 -0.0013992624 0)
(8.6744663e-11 -0.003504477 0)
(-1.5989351e-10 -0.00491764 0)
(1.9012221e-10 -0.0056293714 0)
(-1.7595698e-10 -0.0056293714 0)
(1.5902462e-10 -0.00491764 0)
(-7.1967743e-11 -0.003504477 0)
(2.7488802e-11 -0.0013992624 0)
(3.5469317e-11 -0.0013992624 0)
(-9.702242e-11 -0.003504477 0)
(1.4204104e-10 -0.00491764 0)
(-1.9334128e-10 -0.0056293714 0)
(2.0039671e-10 -0.0056293714 0)
(-1.2371964e-10 -0.00491764 0)
(9.2067029e-11 -0.003504477 0)
(-2.8451859e-11 -0.0013992624 0)
(-3.2070692e-11 -0.0013992624 0)
(8.8503581e-11 -0.003504477 0)
(-1.5594501e-10 -0.0049176399 0)
(1.9021602e-10 -0.0056293714 0)
(-1.7762633e-10 -0.0056293714 0)
(1.5393167e-10 -0.00491764 0)
(-7.4241487e-11 -0.003504477 0)
(2.6935915e-11 -0.0013992624 0)
(3.542619e-11 -0.0013992624 0)
(-9.4334317e-11 -0.003504477 0)
(1.4410109e-10 -0.0049176399 0)
(-1.9164593e-10 -0.0056293714 0)
(1.9691908e-10 -0.0056293714 0)
(-1.2705942e-10 -0.00491764 0)
(8.879061e-11 -0.003504477 0)
(-2.8465791e-11 -0.0013992624 0)
(-3.1611849e-11 -0.0013992624 0)
(8.9880596e-11 -0.003504477 0)
(-1.526343e-10 -0.0049176399 0)
(1.89888e-10 -0.0056293714 0)
(-1.7929176e-10 -0.0056293714 0)
(1.4917826e-10 -0.0049176399 0)
(-7.6263182e-11 -0.003504477 0)
(2.6409268e-11 -0.0013992624 0)
(3.5363344e-11 -0.0013992624 0)
(-9.2037591e-11 -0.003504477 0)
(1.4557763e-10 -0.0049176399 0)
(-1.904071e-10 -0.0056293714 0)
(1.9346105e-10 -0.0056293714 0)
(-1.3012932e-10 -0.0049176399 0)
(8.5768569e-11 -0.003504477 0)
(-2.8467301e-11 -0.0013992624 0)
(-3.1185339e-11 -0.0013992624 0)
(9.0915426e-11 -0.003504477 0)
(-1.4992114e-10 -0.0049176399 0)
(1.8915971e-10 -0.0056293714 0)
(-1.8100656e-10 -0.0056293714 0)
(1.4469847e-10 -0.0049176399 0)
(-7.8085693e-11 -0.003504477 0)
(2.590687e-11 -0.0013992624 0)
(3.5286705e-11 -0.0013992624 0)
(-9.0095434e-11 -0.003504477 0)
(1.4653947e-10 -0.0049176399 0)
(-1.8960853e-10 -0.0056293714 0)
(1.8998918e-10 -0.0056293714 0)
(-1.3301258e-10 -0.0049176399 0)
(8.2954021e-11 -0.003504477 0)
(-2.8463373e-11 -0.0013992624 0)
(-3.0789712e-11 -0.0013992624 0)
(9.1665505e-11 -0.003504477 0)
(-1.4773668e-10 -0.0049176399 0)
(1.8807817e-10 -0.0056293714 0)
(-1.8281609e-10 -0.0056293714 0)
(1.4042097e-10 -0.0049176399 0)
(-7.9769852e-11 -0.003504477 0)
(2.5425776e-11 -0.0013992624 0)
(3.520411e-11 -0.0013992624 0)
(-8.8451677e-11 -0.0035044769 0)
(1.4708834e-10 -0.0049176399 0)
(-1.8920518e-10 -0.0056293714 0)
(1.8648211e-10 -0.0056293714 0)
(-1.3579644e-10 -0.0049176399 0)
(8.0293055e-11 -0.003504477 0)
(-2.8462091e-11 -0.0013992624 0)
(-3.0421635e-11 -0.0013992624 0)
(9.2209831e-11 -0.0035044769 0)
(-1.4597583e-10 -0.0049176399 0)
(1.8672392e-10 -0.0056293713 0)
(-1.8474978e-10 -0.0056293713 0)
(1.3627299e-10 -0.0049176399 0)
(-8.1382467e-11 -0.0035044769 0)
(2.4961963e-11 -0.0013992624 0)
(3.5125823e-11 -0.0013992624 0)
(-8.7026852e-11 -0.0035044769 0)
(1.4736572e-10 -0.0049176399 0)
(-1.8911354e-10 -0.0056293713 0)
(1.8293829e-10 -0.0056293713 0)
(-1.3856578e-10 -0.0049176399 0)
(7.7726452e-11 -0.0035044769 0)
(-2.8472285e-11 -0.0013992624 0)
(-3.0074755e-11 -0.0013992624 0)
(9.26523e-11 -0.0035044769 0)
(-1.444898e-10 -0.0049176399 0)
(1.8521935e-10 -0.0056293713 0)
(-1.8681155e-10 -0.0056293713 0)
(1.3218653e-10 -0.0049176399 0)
(-8.2993311e-11 -0.0035044769 0)
(2.4510004e-11 -0.0013992624 0)
(3.5064744e-11 -0.0013992624 0)
(-8.5713828e-11 -0.0035044769 0)
(1.475577e-10 -0.0049176398 0)
(-1.8920245e-10 -0.0056293713 0)
(1.7938447e-10 -0.0056293713 0)
(-1.4139488e-10 -0.0049176399 0)
(7.5192179e-11 -0.0035044769 0)
(-2.8503397e-11 -0.0013992624 0)
(-2.9738994e-11 -0.0013992623 0)
(9.3123153e-11 -0.0035044769 0)
(-1.4308072e-10 -0.0049176398 0)
(1.8373457e-10 -0.0056293713 0)
(-1.889685e-10 -0.0056293713 0)
(1.2810572e-10 -0.0049176398 0)
(-8.467082e-11 -0.0035044769 0)
(2.4062852e-11 -0.0013992624 0)
(3.5036444e-11 -0.0013992623 0)
(-8.4375715e-11 -0.0035044769 0)
(1.4789507e-10 -0.0049176398 0)
(-1.8928539e-10 -0.0056293713 0)
(1.7588391e-10 -0.0056293713 0)
(-1.4433627e-10 -0.0049176398 0)
(7.262846e-11 -0.0035044769 0)
(-2.856499e-11 -0.0013992624 0)
(-2.9398547e-11 -0.0013992623 0)
(9.3776552e-11 -0.0035044769 0)
(-1.4150095e-10 -0.0049176398 0)
(1.8248767e-10 -0.0056293713 0)
(-1.9113914e-10 -0.0056293713 0)
(1.2399504e-10 -0.0049176398 0)
(-8.6474868e-11 -0.0035044769 0)
(2.361069e-11 -0.0013992623 0)
(3.5058428e-11 -0.0013992623 0)
(-8.2845584e-11 -0.0035044769 0)
(1.4864391e-10 -0.0049176398 0)
(-1.8911803e-10 -0.0056293713 0)
(1.725406e-10 -0.0056293713 0)
(-1.4740567e-10 -0.0049176398 0)
(6.9977683e-11 -0.0035044769 0)
(-2.866565e-11 -0.0013992623 0)
(-2.9029841e-11 -0.0013992623 0)
(9.478129e-11 -0.0035044769 0)
(-1.3945938e-10 -0.0049176398 0)
(1.8173303e-10 -0.0056293713 0)
(-1.9318085e-10 -0.0056293713 0)
(1.1984797e-10 -0.0049176398 0)
(-8.8447175e-11 -0.0035044769 0)
(2.3139329e-11 -0.0013992623 0)
(3.5148159e-11 -0.0013992623 0)
(-8.0931285e-11 -0.0035044769 0)
(1.5007959e-10 -0.0049176398 0)
(-1.8840275e-10 -0.0056293712 0)
(1.6949807e-10 -0.0056293713 0)
(-1.505609e-10 -0.0049176398 0)
(6.7189137e-11 -0.0035044769 0)
(-2.8811923e-11 -0.0013992623 0)
(-2.8597506e-11 -0.0013992623 0)
(9.6298777e-11 -0.0035044768 0)
(-1.3664207e-10 -0.0049176398 0)
(1.8173116e-10 -0.0056293712 0)
(-1.9487522e-10 -0.0056293712 0)
(1.1569611e-10 -0.0049176398 0)
(-9.059518e-11 -0.0035044769 0)
(2.2626029e-11 -0.0013992623 0)
(3.5319367e-11 -0.0013992623 0)
(-7.8428595e-11 -0.0035044768 0)
(1.5243215e-10 -0.0049176397 0)
(-1.8680489e-10 -0.0056293712 0)
(1.669303e-10 -0.0056293712 0)
(-1.5366678e-10 -0.0049176398 0)
(6.4224477e-11 -0.0035044769 0)
(-2.9006068e-11 -0.0013992623 0)
(-2.8048882e-11 -0.0013992623 0)
(9.8438869e-11 -0.0035044768 0)
(-1.3275633e-10 -0.0049176397 0)
(1.8268906e-10 -0.0056293712 0)
(-1.9590397e-10 -0.0056293712 0)
(1.1162854e-10 -0.0049176398 0)
(-9.2862155e-11 -0.0035044769 0)
(2.203307e-11 -0.0013992623 0)
(3.5574192e-11 -0.0013992623 0)
(-7.515403e-11 -0.0035044768 0)
(1.5578218e-10 -0.0049176397 0)
(-1.8398757e-10 -0.0056293712 0)
(1.6503267e-10 -0.0056293712 0)
(-1.5642498e-10 -0.0049176398 0)
(6.107478e-11 -0.0035044769 0)
(-2.9241725e-11 -0.0013992623 0)
(-2.7307713e-11 -0.0013992623 0)
(1.0117281e-10 -0.0035044768 0)
(-1.276258e-10 -0.0049176397 0)
(1.8465655e-10 -0.0056293712 0)
(-1.9579733e-10 -0.0056293712 0)
(1.0784946e-10 -0.0049176398 0)
(-9.5061293e-11 -0.0035044769 0)
(2.129983e-11 -0.0013992623 0)
(3.5888948e-11 -0.0013992623 0)
(-7.1027427e-11 -0.0035044768 0)
(1.5986374e-10 -0.0049176397 0)
(-1.7968178e-10 -0.0056293711 0)
(1.6403833e-10 -0.0056293712 0)
(-1.5821977e-10 -0.0049176397 0)
(5.7823637e-11 -0.0035044769 0)
(-2.9494205e-11 -0.0013992623 0)
(-2.6273506e-11 -0.0013992623 0)
(1.0415599e-10 -0.0035044768 0)
(-1.2140277e-10 -0.0049176397 0)
(1.8735573e-10 -0.0056293711 0)
(-1.9381503e-10 -0.0056293712 0)
(1.0485274e-10 -0.0049176397 0)
(-9.6722078e-11 -0.0035044769 0)
(2.0340003e-11 -0.0013992623 0)
(3.6184558e-11 -0.0013992623 0)
(-6.6284449e-11 -0.0035044768 0)
(1.6368184e-10 -0.0049176397 0)
(-1.7383648e-10 -0.0056293711 0)
(1.6432791e-10 -0.0056293711 0)
(-1.5776922e-10 -0.0049176397 0)
(5.4843543e-11 -0.0035044768 0)
(-2.9696309e-11 -0.0013992623 0)
(-2.4846037e-11 -0.0013992623 0)
(1.0635088e-10 -0.0035044768 0)
(-1.1505674e-10 -0.0049176397 0)
(1.8989574e-10 -0.0056293711 0)
(-1.886852e-10 -0.0056293711 0)
(1.0389425e-10 -0.0049176397 0)
(-9.67273e-11 -0.0035044768 0)
(1.9064881e-11 -0.0013992623 0)
(3.6259929e-11 -0.0013992623 0)
(-6.2009282e-11 -0.0035044768 0)
(1.6474002e-10 -0.0049176396 0)
(-1.669608e-10 -0.0056293711 0)
(1.6677671e-10 -0.0056293711 0)
(-1.523523e-10 -0.0049176397 0)
(5.3329421e-11 -0.0035044768 0)
(-2.9675311e-11 -0.0013992623 0)
(-2.3027024e-11 -0.0013992623 0)
(1.0520027e-10 -0.0035044768 0)
(-1.1149241e-10 -0.0049176396 0)
(1.9027111e-10 -0.0056293711 0)
(-1.7806241e-10 -0.0056293711 0)
(1.0814129e-10 -0.0049176397 0)
(-9.2475822e-11 -0.0035044768 0)
(1.7485841e-11 -0.0013992623 0)
(3.5627694e-11 -0.0013992623 0)
(-6.1408497e-11 -0.0035044768 0)
(1.5745091e-10 -0.0049176396 0)
(-1.6090456e-10 -0.005629371 0)
(1.7361846e-10 -0.0056293711 0)
(-1.3615823e-10 -0.0049176397 0)
(5.6603336e-11 -0.0035044768 0)
(-2.8988311e-11 -0.0013992623 0)
(-2.1216852e-11 -0.0013992623 0)
(9.4819146e-11 -0.0035044768 0)
(-1.1800795e-10 -0.0049176396 0)
(1.8443061e-10 -0.005629371 0)
(-1.574715e-10 -0.005629371 0)
(1.252286e-10 -0.0049176397 0)
(-7.8028057e-11 -0.0035044768 0)
(1.6016003e-11 -0.0013992623 0)
(3.3111655e-11 -0.0013992623 0)
(-7.266674e-11 -0.0035044768 0)
(1.2991365e-10 -0.0049176396 0)
(-1.6055466e-10 -0.005629371 0)
(1.9030413e-10 -0.005629371 0)
(-9.6937031e-11 -0.0049176396 0)
(7.3035246e-11 -0.0035044768 0)
(-2.6512254e-11 -0.0013992623 0)
(-2.0955951e-11 -0.0013992623 0)
(6.2190513e-11 -0.0035044768 0)
(-1.5136213e-10 -0.0049176396 0)
(1.6454518e-10 -0.005629371 0)
(-1.1839147e-10 -0.005629371 0)
(1.7246924e-10 -0.0049176396 0)
(-4.0220843e-11 -0.0035044768 0)
(1.622053e-11 -0.0013992623 0)
(2.5914869e-11 -0.0013992623 0)
(-1.1487584e-10 -0.0035044767 0)
(5.7759196e-11 -0.0049176396 0)
(-1.7723012e-10 -0.005629371 0)
(2.2907219e-10 -0.005629371 0)
(-9.6974681e-12 -0.0049176396 0)
(1.2205031e-10 -0.0035044768 0)
(-1.9494204e-11 -0.0013992623 0)
(-2.6588327e-11 -0.0013992623 0)
(-2.022915e-11 -0.0035044767 0)
(-2.4727659e-10 -0.0049176396 0)
(1.1605488e-10 -0.0056293711 0)
(-4.5172474e-11 -0.0056293711 0)
(2.8646278e-10 -0.0049176396 0)
(4.8807867e-11 -0.0035044767 0)
(2.2490924e-11 -0.0013992623 0)
(7.675457e-12 -0.0013992623 0)
(-2.291479e-10 -0.0035044766 0)
(-1.0620287e-10 -0.0049176396 0)
(-2.3470564e-10 -0.0056293711 0)
(3.1499434e-10 -0.0056293711 0)
(1.7369457e-10 -0.0049176396 0)
(2.4527632e-10 -0.0035044767 0)
(-1.5807929e-12 -0.0013992623 0)
(-4.8644816e-11 -0.0013992622 0)
(-2.0694651e-10 -0.0035044766 0)
(-4.7572476e-10 -0.0049176396 0)
(1.3806826e-11 -0.0056293713 0)
(8.8690179e-11 -0.0056293712 0)
(5.3829076e-10 -0.0049176396 0)
(2.4406726e-10 -0.0035044766 0)
(4.5434395e-11 -0.0013992622 0)
(-3.496358e-11 -0.0013992621 0)
(-4.9629068e-10 -0.0035044764 0)
(-4.4501315e-10 -0.0049176397 0)
(-3.7789848e-10 -0.0056293714 0)
(4.9429555e-10 -0.0056293714 0)
(5.3730702e-10 -0.0049176396 0)
(5.2411664e-10 -0.0035044764 0)
(4.0646059e-11 -0.0013992621 0)
(-1.0991012e-10 -0.0013992619 0)
(-5.9472694e-10 -0.0035044763 0)
(-9.5846057e-10 -0.0049176397 0)
(-1.7901615e-10 -0.0056293717 0)
(3.2098293e-10 -0.0056293717 0)
(1.0505339e-09 -0.0049176396 0)
(6.4285151e-10 -0.0035044763 0)
(1.0793517e-10 -0.0013992619 0)
(-1.2682493e-10 -0.0013992617 0)
(-1.0561843e-09 -0.003504476 0)
(-1.0803654e-09 -0.0049176398 0)
(-6.7989479e-10 -0.0056293721 0)
(8.4028433e-10 -0.0056293721 0)
(1.2031914e-09 -0.0049176397 0)
(1.0987795e-09 -0.003504476 0)
(1.3217321e-10 -0.0013992617 0)
(-2.5421209e-10 -0.0013992614 0)
(-1.324767e-09 -0.0035044758 0)
(-1.8675709e-09 -0.0049176398 0)
(-4.9559488e-10 -0.0056293727 0)
(6.8395341e-10 -0.0056293726 0)
(1.9947171e-09 -0.0049176398 0)
(1.3865061e-09 -0.0035044757 0)
(2.5391783e-10 -0.0013992613 0)
(-3.059942e-10 -0.0013992609 0)
(-2.1027491e-09 -0.0035044752 0)
(-2.1211187e-09 -0.0049176402 0)
(-1.2294118e-09 -0.0056293733 0)
(1.4389995e-09 -0.0056293733 0)
(2.2785991e-09 -0.00491764 0)
(2.1626476e-09 -0.0035044751 0)
(3.1138417e-10 -0.0013992609 0)
(-5.5362126e-10 -0.0013992602 0)
(-2.5207444e-09 -0.0035044748 0)
(-3.3383954e-09 -0.0049176403 0)
(-8.9839282e-10 -0.0056293744 0)
(1.1352247e-09 -0.0056293743 0)
(3.5026654e-09 -0.0049176401 0)
(2.5978926e-09 -0.0035044746 0)
(5.5550579e-10 -0.0013992601 0)
(-6.1202337e-10 -0.0013992594 0)
(-3.77776e-09 -0.0035044738 0)
(-3.4498477e-09 -0.0049176409 0)
(-2.0499615e-09 -0.0056293756 0)
(2.3061836e-09 -0.0056293756 0)
(3.6409551e-09 -0.0049176406 0)
(3.8553822e-09 -0.0035044736 0)
(6.1827693e-10 -0.0013992593 0)
(-1.0984727e-09 -0.001399258 0)
(-4.0472524e-09 -0.0035044732 0)
(-5.1431684e-09 -0.0049176411 0)
(-1.0905757e-09 -0.0056293773 0)
(1.3671705e-09 -0.0056293771 0)
(5.3385962e-09 -0.0049176409 0)
(4.1392457e-09 -0.0035044729 0)
(1.1029866e-09 -0.0013992579 0)
(-1.038959e-09 -0.0013992567 0)
(-5.8006199e-09 -0.0035044719 0)
(-4.1485362e-09 -0.0049176423 0)
(-2.8503228e-09 -0.0056293789 0)
(3.1361316e-09 -0.0056293788 0)
(4.3624886e-09 -0.0049176419 0)
(5.8922011e-09 -0.0035044716 0)
(1.0474595e-09 -0.0013992565 0)
(-1.935392e-09 -0.0013992547 0)
(-4.8969209e-09 -0.0035044714 0)
(-5.8621979e-09 -0.0049176427 0)
(-1.0538706e-10 -0.005629381 0)
(3.9562826e-10 -0.0056293807 0)
(6.0699397e-09 -0.0049176424 0)
(4.9990964e-09 -0.003504471 0)
(1.942759e-09 -0.0013992545 0)
(-1.4241066e-09 -0.001399253 0)
(-6.5896625e-09 -0.0035044702 0)
(-1.3090194e-09 -0.0049176444 0)
(-2.4594327e-09 -0.0056293821 0)
(2.7374614e-09 -0.0056293821 0)
(1.5211901e-09 -0.0049176439 0)
(6.6853047e-09 -0.0035044698 0)
(1.4367676e-09 -0.0013992528 0)
(-2.9021858e-09 -0.0013992508 0)
(-2.0085686e-09 -0.003504471 0)
(-1.2699006e-09 -0.004917645 0)
(4.4034273e-09 -0.005629383 0)
(-4.1471238e-09 -0.0056293827 0)
(1.4549565e-09 -0.0049176446 0)
(2.1108091e-09 -0.0035044705 0)
(2.9120726e-09 -0.0013992506 0)
(-1.2543525e-09 -0.0013992499 0)
(-1.6909157e-09 -0.0035044718 0)
(1.1885078e-08 -0.0049176472 0)
(2.1532277e-09 -0.0056293809 0)
(-1.9424576e-09 -0.0056293808 0)
(-1.1714385e-08 -0.0049176467 0)
(1.7735393e-09 -0.0035044714 0)
(1.273192e-09 -0.0013992496 0)
(-3.3273591e-09 -0.0013992494 0)
(1.1454344e-08 -0.0035044769 0)
(1.803448e-08 -0.0049176475 0)
(1.7086666e-08 -0.005629376 0)
(-1.6931661e-08 -0.0056293757 0)
(-1.7921957e-08 -0.0049176471 0)
(-1.1367932e-08 -0.0035044763 0)
(3.3382286e-09 -0.0013992491 0)
(5.7990518e-10 -0.0013992524 0)
(1.8239204e-08 -0.0035044843 0)
(4.8354673e-08 -0.0049176494 0)
(1.7085526e-08 -0.0056293638 0)
(-1.7017242e-08 -0.0056293637 0)
(-4.8275806e-08 -0.0049176488 0)
(-1.8193251e-08 -0.0035044838 0)
(-5.5394272e-10 -0.0013992521 0)
(-1.6603959e-09 -0.0013992586 0)
(4.770807e-08 -0.0035045 0)
(6.8810584e-08 -0.0049176483 0)
(4.5597452e-08 -0.0056293431 0)
(-4.5619382e-08 -0.0056293427 0)
(-6.8827277e-08 -0.0049176478 0)
(-4.7658362e-08 -0.0035044993 0)
(1.6683568e-09 -0.0013992583 0)
(5.9607761e-09 -0.0013992725 0)
(6.8707366e-08 -0.0035045231 0)
(1.2807064e-07 -0.0049176476 0)
(5.2143188e-08 -0.0056293071 0)
(-5.2291699e-08 -0.005629307 0)
(-1.2813421e-07 -0.0049176469 0)
(-6.8726444e-08 -0.0035045225 0)
(-5.9298963e-09 -0.0013992722 0)
(4.7164166e-09 -0.0013992951 0)
(1.2420199e-07 -0.0035045607 0)
(1.7480612e-07 -0.0049176423 0)
(1.0011632e-07 -0.0056292524 0)
(-1.0037826e-07 -0.0056292521 0)
(-1.7500223e-07 -0.0049176419 0)
(-1.2421397e-07 -0.00350456 0)
(-4.7190542e-09 -0.0013992948 0)
(1.7417493e-08 -0.0013993319 0)
(1.6956932e-07 -0.003504614 0)
(2.7500749e-07 -0.0049176348 0)
(1.1941051e-07 -0.0056291701 0)
(-1.1982509e-07 -0.00562917 0)
(-2.7525128e-07 -0.0049176343 0)
(-1.6968442e-07 -0.0035046136 0)
(-1.738957e-08 -0.0013993316 0)
(1.9073577e-08 -0.001399386 0)
(2.5929056e-07 -0.0035046904 0)
(3.6037316e-07 -0.0049176208 0)
(1.9040846e-07 -0.005629054 0)
(-1.9093698e-07 -0.0056290537 0)
(-3.6077849e-07 -0.0049176204 0)
(-2.5939299e-07 -0.0035046899 0)
(-1.9099262e-08 -0.0013993858 0)
(3.7408885e-08 -0.0013994631 0)
(3.373946e-07 -0.0035047937 0)
(5.0705866e-07 -0.0049176002 0)
(2.2810514e-07 -0.0056288947 0)
(-2.28788e-07 -0.0056288946 0)
(-5.0749729e-07 -0.0049175998 0)
(-3.3763581e-07 -0.0035047934 0)
(-3.7398274e-08 -0.0013994629 0)
(4.3937892e-08 -0.001399568 0)
(4.6165232e-07 -0.0035049289 0)
(6.3537989e-07 -0.004917571 0)
(3.1939036e-07 -0.0056286843 0)
(-3.2015986e-07 -0.0056286842 0)
(-6.3599226e-07 -0.0049175708 0)
(-4.6187358e-07 -0.0035049287 0)
(-4.4000392e-08 -0.0013995679 0)
(6.6837681e-08 -0.0013997043 0)
(5.708322e-07 -0.003505102 0)
(8.1769313e-07 -0.0049175301 0)
(3.7522489e-07 -0.0056284163 0)
(-3.76123e-07 -0.0056284162 0)
(-8.1830632e-07 -0.00491753 0)
(-5.7121907e-07 -0.0035051019 0)
(-6.6859057e-08 -0.0013997043 0)
(7.8840227e-08 -0.0013998774 0)
(7.138095e-07 -0.0035053125 0)
(9.724817e-07 -0.0049174791 0)
(4.735056e-07 -0.0056280842 0)
(-4.7444376e-07 -0.0056280843 0)
(-9.7326583e-07 -0.0049174792 0)
(-7.1416206e-07 -0.0035053126 0)
(-7.8944659e-08 -0.0013998774 0)
(1.0315587e-07 -0.0014000854 0)
(8.3170898e-07 -0.0035055652 0)
(1.1525658e-06 -0.0049174126 0)
(5.3405711e-07 -0.0056276896 0)
(-5.3509631e-07 -0.0056276897 0)
(-1.1533191e-06 -0.0049174129 0)
(-8.3222595e-07 -0.0035055655 0)
(-1.0320936e-07 -0.0014000855 0)
(1.1787552e-07 -0.0014003289 0)
(9.5354682e-07 -0.0035058495 0)
(1.2831826e-06 -0.0049173378 0)
(6.1226139e-07 -0.005627238 0)
(-6.1331361e-07 -0.0056272383 0)
(-1.2840896e-06 -0.0049173382 0)
(-9.5399802e-07 -0.00350585 0)
(-1.1800036e-07 -0.0014003291 0)
(1.3674192e-07 -0.0014005991 0)
(1.0273077e-06 -0.0035061625 0)
(1.3860379e-06 -0.0049172471 0)
(6.4341035e-07 -0.0056267438 0)
(-6.4453503e-07 -0.0056267441 0)
(-1.386882e-06 -0.0049172478 0)
(-1.0278989e-06 -0.0035061632 0)
(-1.368119e-07 -0.0014005995 0)
(1.4920797e-07 -0.0014008998 0)
(1.0601171e-06 -0.0035064865 0)
(1.392982e-06 -0.0049171487 0)
(6.5491232e-07 -0.0056262211 0)
(-6.5601521e-07 -0.0056262215 0)
(-1.3939442e-06 -0.0049171495 0)
(-1.060624e-06 -0.0035064875 0)
(-1.4934887e-07 -0.0014009004 0)
(1.8721251e-07 -0.0014012488 0)
(1.0141398e-06 -0.0035068801 0)
(1.3041312e-06 -0.0049170261 0)
(5.9740398e-07 -0.0056255753 0)
(-5.9853734e-07 -0.0056255757 0)
(-1.3049928e-06 -0.0049170271 0)
(-1.014742e-06 -0.0035068812 0)
(-1.8732206e-07 -0.0014012494 0)
)
;

boundaryField
{
    left
    {
        type            uniformFixedValue;
        uniformValue    sine;
        uniformValueCoeffs
        {
            t0              0;
            amplitude       constant 0.0125;
            frequency       constant 1;
            scale           constant (0 1 0);
            level           constant (0 0 0);
        }
        value           uniform (0 -0.0038627124 0);
    }
    right
    {
        type            zeroGradient;
    }
    walls
    {
        type            fixedValue;
        value           uniform (0 0 0);
    }
    frontAndBack
    {
        type            empty;
    }
}


// ************************************************************************* //
