/*--------------------------------*- C++ -*----------------------------------*\
| =========                 |                                                 |
| \\      /  F ield         | OpenFOAM: The Open Source CFD Toolbox           |
|  \\    /   O peration     | Version:  5.x                                   |
|   \\  /    A nd           | Web:      www.OpenFOAM.org                      |
|    \\/     M anipulation  |                                                 |
\*---------------------------------------------------------------------------*/
FoamFile
{
    version     2.0;
    format      ascii;
    class       surfaceScalarField;
    location    "2";
    object      phi;
}
// * * * * * * * * * * * * * * * * * * * * * * * * * * * * * * * * * * * * * //

dimensions      [0 3 -1 0 0 0 0];

internalField   nonuniform List<scalar> 
3592
(
-6.4123504e-10
6.4123504e-10
-1.6950742e-09
1.0538447e-09
-1.5512101e-09
-1.4385861e-10
1.0230744e-12
-1.5522283e-09
1.5522405e-09
-1.5512125e-09
1.6960983e-09
-1.4385276e-10
6.4123802e-10
1.0548655e-09
6.4124336e-10
-1.4621248e-09
2.1033659e-09
-3.8173193e-09
3.4090508e-09
-3.4788678e-09
-4.8229871e-10
1.6924203e-12
-5.0327775e-09
3.4831465e-09
-5.0326556e-09
3.8188699e-09
-4.7956474e-10
1.4629783e-09
3.4107687e-09
2.1042279e-09
-2.2774036e-09
4.3807766e-09
-5.4214769e-09
6.5531357e-09
-4.8087929e-09
-1.0949715e-09
3.2447766e-12
-9.8448044e-09
4.8131896e-09
-9.8425894e-09
5.424974e-09
-1.0913378e-09
2.2782159e-09
6.5575381e-09
4.3824493e-09
-2.8600966e-09
7.2408798e-09
-6.4736268e-09
1.0166677e-08
-5.6643352e-09
-1.9042522e-09
2.9830906e-12
-1.5512112e-08
5.6705073e-09
-1.5510103e-08
6.4767897e-09
-1.8976091e-09
2.8613635e-09
1.0172975e-08
7.2438184e-09
-3.1326484e-09
1.0373534e-08
-7.0434384e-09
1.4077478e-08
-6.0949478e-09
-2.8527326e-09
3.3866911e-12
-2.1610437e-08
6.1000565e-09
-2.1606763e-08
7.0471615e-09
-2.8447037e-09
3.1337956e-09
1.4086351e-08
1.0377619e-08
-3.232056e-09
1.3605597e-08
-7.1467603e-09
1.7992193e-08
-6.1872252e-09
-3.812257e-09
2.5264792e-12
-2.7800178e-08
6.1921227e-09
-2.7796348e-08
7.1495671e-09
-3.8021371e-09
3.2330853e-09
1.8002844e-08
1.361071e-08
-3.0987128e-09
1.6704315e-08
-6.9201558e-09
2.1813647e-08
-5.9656454e-09
-4.7667574e-09
1.9381095e-12
-3.3767752e-08
5.9688421e-09
-3.3763243e-08
6.9222945e-09
-4.7555794e-09
3.0994957e-09
2.1825653e-08
1.6710211e-08
-2.8808696e-09
1.9585191e-08
-6.3873363e-09
2.5320124e-08
-5.5310277e-09
-5.623055e-09
9.4788164e-13
-3.9299717e-08
5.5326113e-09
-3.9294895e-08
6.3884684e-09
-5.6114255e-09
2.8812062e-09
2.5332926e-08
1.9591423e-08
-2.5310442e-09
2.2116241e-08
-5.7003818e-09
2.8489472e-08
-4.9321198e-09
-6.3913071e-09
-1.4940284e-13
-4.4231678e-08
4.9322013e-09
-4.4227237e-08
5.7002132e-09
-6.3794274e-09
2.531136e-09
2.8502013e-08
2.2122564e-08
-2.1747154e-09
2.4290963e-08
-4.8882483e-09
3.1203017e-08
-4.2599607e-09
-7.0195838e-09
-8.537866e-13
-4.8490774e-08
4.2579879e-09
-4.8486068e-08
4.8874284e-09
-7.0088568e-09
2.1743177e-09
3.1215134e-08
2.4296887e-08
-1.7745845e-09
2.6065553e-08
-4.0658473e-09
3.349429e-08
-3.5497789e-09
-7.5356425e-09
-1.9616144e-12
-5.2038582e-08
3.547011e-09
-5.2035031e-08
4.0637059e-09
-7.525542e-09
1.7740484e-09
3.3504801e-08
2.607094e-08
-1.4146552e-09
2.7480215e-08
-3.2543924e-09
3.5334038e-08
-2.8673136e-09
-7.9227102e-09
-2.2401946e-12
-5.4903645e-08
2.862757e-09
-5.4900017e-08
3.2520874e-09
-7.9148614e-09
1.4137507e-09
3.5343149e-08
2.7484697e-08
-1.0706679e-09
2.8550888e-08
-2.5215234e-09
3.6784904e-08
-2.2334916e-09
-8.2107325e-09
-3.1026117e-12
-5.7134025e-08
2.2288183e-09
-5.7131929e-08
2.5181846e-09
-8.204218e-09
1.069741e-09
3.6791602e-08
2.8554443e-08
-7.8433612e-10
2.9335231e-08
-1.8751012e-09
3.787568e-08
-1.6812607e-09
-8.4045618e-09
-3.0819488e-12
-5.8812193e-08
1.6752827e-09
-5.8810283e-08
1.8719183e-09
-8.4008426e-09
7.831778e-10
3.7880353e-08
2.9337626e-08
-5.4235418e-10
2.9877591e-08
-1.3395096e-09
3.8672846e-08
-1.2151781e-09
-8.528884e-09
-3.6892061e-12
-6.0023673e-08
1.2094072e-09
-6.002337e-08
1.335594e-09
-8.5270201e-09
5.4122868e-10
3.8674728e-08
2.9878859e-08
-3.5405406e-10
3.0231651e-08
-9.0993764e-10
3.9228741e-08
-8.4126346e-10
-8.5975469e-09
-3.5778145e-12
-6.0861348e-08
8.3457954e-10
-6.0861517e-08
9.0624363e-10
-8.598673e-09
3.5277706e-10
3.9228205e-08
3.0231642e-08
-2.1310115e-10
3.0444758e-08
-5.8169876e-10
3.9597348e-08
-5.5238476e-10
-8.6268518e-09
-3.9982563e-12
-6.1409725e-08
5.4591784e-10
-6.1411424e-08
5.7748436e-10
-8.6302304e-09
2.1185568e-10
3.9593843e-08
3.0443502e-08
-1.1075968e-10
3.0555524e-08
-3.4320812e-10
3.9829808e-08
-3.3914637e-10
-8.6309023e-09
-3.9108537e-12
-6.174495e-08
3.3205767e-10
-6.1747382e-08
3.3915195e-10
-8.6373135e-09
1.0939915e-10
3.9823606e-08
3.0552907e-08
-4.5349618e-11
3.0600879e-08
-1.7685738e-10
3.9961326e-08
-1.8982918e-10
-8.6179216e-09
-4.1693831e-12
-6.1930601e-08
1.828993e-10
-6.1934442e-08
1.7246212e-10
-8.6268674e-09
4.4013435e-11
3.9952064e-08
3.0596925e-08
-1.6524471e-12
3.0602538e-08
-7.0784044e-11
4.0030469e-08
-9.021243e-11
-8.5984819e-09
-4.0751782e-12
-6.2016728e-08
8.2976871e-11
-6.2021483e-08
6.6524443e-11
-8.6104038e-09
2.4017478e-13
4.0018359e-08
3.0597171e-08
1.8510031e-11
3.0584033e-08
-5.970675e-12
4.0054959e-08
-2.9638217e-11
-8.5748057e-09
-4.1284428e-12
-6.2042229e-08
2.2646138e-11
-6.2048249e-08
1.6025043e-12
-8.5893515e-09
-1.986864e-11
4.0039838e-08
3.0577307e-08
3.0278536e-11
3.0553761e-08
2.5667439e-11
4.0059581e-08
4.5183703e-12
-8.5536453e-09
-3.9297703e-12
-6.203377e-08
-1.1404488e-11
-6.2040764e-08
-2.9798864e-11
-8.5709459e-09
-3.1646046e-11
4.0041696e-08
3.0545666e-08
2.9100371e-11
3.0524666e-08
3.9212443e-11
4.0049478e-08
1.9200672e-11
-8.5336251e-09
-3.7263447e-12
-6.2010835e-08
-2.5587235e-11
-6.2018895e-08
-4.3167878e-11
-8.5533568e-09
-3.0345083e-11
4.0028882e-08
3.0515325e-08
2.7731564e-11
3.0496941e-08
3.7948779e-11
4.0039273e-08
2.3242798e-11
-8.5189078e-09
-3.3470015e-12
-6.1984235e-08
-2.9062363e-11
-6.1993169e-08
-4.147689e-11
-8.5409311e-09
-2.8900086e-11
4.0016316e-08
3.0486431e-08
1.968277e-11
3.0477263e-08
3.2200965e-11
4.0026763e-08
1.9720308e-11
-8.5064189e-09
-2.8962639e-12
-6.196161e-08
-2.4720713e-11
-6.1971336e-08
-3.527461e-11
-8.5303689e-09
-2.0646764e-11
4.0001696e-08
3.0465788e-08
1.5387639e-11
3.0461882e-08
2.1367361e-11
4.0020795e-08
1.4023551e-11
-8.4990637e-09
-2.3515307e-12
-6.1945224e-08
-1.8077462e-11
-6.1955599e-08
-2.3830548e-11
-8.5246046e-09
-1.6202775e-11
3.9994079e-08
3.0449591e-08
7.2029106e-12
3.0454684e-08
1.2278856e-11
4.0015728e-08
6.4495469e-12
-8.4932264e-09
-1.72988e-12
-6.1937037e-08
-9.4544858e-12
-6.1947867e-08
-1.4099363e-11
-8.5199516e-09
-7.754404e-12
3.9987742e-08
3.0441841e-08
4.0846239e-12
3.0450606e-08
1.9563708e-12
4.0017868e-08
1.8347032e-13
-8.4914421e-09
-1.1018146e-12
-6.1935741e-08
-2.0443662e-12
-6.1946914e-08
-3.0741494e-12
-8.5189106e-09
-4.452751e-12
3.9989132e-08
3.0437394e-08
-2.1533857e-12
3.0452764e-08
-4.6847014e-12
4.0020407e-08
-6.0304465e-12
-8.4900885e-09
-4.2847348e-13
-6.1941335e-08
5.2681134e-12
-6.1952603e-08
4.2638657e-12
-8.5178985e-09
2.0656484e-12
3.9991338e-08
3.0439463e-08
-3.2486545e-12
3.0456019e-08
-1.1746624e-11
4.0028917e-08
-1.0080639e-11
-8.4917432e-09
1.7289515e-13
-6.1951578e-08
1.0445795e-11
-6.1962865e-08
1.1998441e-11
-8.5194399e-09
3.3330367e-12
4.0000014e-08
3.0442802e-08
-7.558849e-12
3.0463583e-08
-1.5092107e-11
4.0036458e-08
-1.3888275e-11
-8.4929394e-09
7.824669e-13
-6.1966241e-08
1.5215482e-11
-6.197729e-08
1.5967106e-11
-8.5201838e-09
7.8980728e-12
4.0008091e-08
3.0450704e-08
-7.0415477e-12
3.0470631e-08
-1.9195139e-11
4.0048624e-08
-1.5710284e-11
-8.4964128e-09
1.2631379e-12
-6.1983204e-08
1.7973208e-11
-6.199399e-08
2.0609761e-11
-8.5228092e-09
7.505109e-12
4.0021206e-08
3.0458215e-08
-1.0052402e-11
3.0480688e-08
-2.0098421e-11
4.0058678e-08
-1.7653212e-11
-8.4988506e-09
1.7290362e-12
-6.2002579e-08
2.0611184e-11
-6.2012864e-08
2.1975657e-11
-8.5241661e-09
1.0716729e-11
4.0032473e-08
3.0468935e-08
-8.5612086e-12
3.0489256e-08
-2.230484e-11
4.0072433e-08
-1.8013476e-11
-8.5031306e-09
2.0360736e-12
-6.2022618e-08
2.1617082e-11
-6.2032435e-08
2.4531997e-11
-8.5270698e-09
9.2831251e-12
4.0047732e-08
3.0478224e-08
-1.0866145e-11
3.0500126e-08
-2.1809762e-11
4.0083384e-08
-1.8885883e-11
-8.5060472e-09
2.32529e-12
-6.2043822e-08
2.2865491e-11
-6.2052968e-08
2.4304768e-11
-8.5285018e-09
1.1724298e-11
4.006032e-08
3.0489952e-08
-8.8943429e-12
3.0509027e-08
-2.3036795e-11
4.0097538e-08
-1.8501431e-11
-8.5105712e-09
2.4495933e-12
-6.2064762e-08
2.2817672e-11
-6.2073325e-08
2.5684199e-11
-8.5313571e-09
9.7418287e-12
4.0076273e-08
3.0499699e-08
-1.08818e-11
3.0519913e-08
-2.1891855e-11
4.0108556e-08
-1.8892936e-11
-8.5135631e-09
2.5693854e-12
-6.2086218e-08
2.328292e-11
-6.2094032e-08
2.4622871e-11
-8.53269e-09
1.1805698e-11
4.0089097e-08
3.0511508e-08
-8.7218129e-12
3.0528642e-08
-2.2711878e-11
4.0122558e-08
-1.8220896e-11
-8.5180427e-09
2.5346161e-12
-6.2106962e-08
2.2678028e-11
-6.2114164e-08
2.5425706e-11
-8.5354264e-09
9.5775348e-12
4.0104956e-08
3.0521092e-08
-1.0597294e-11
3.0539243e-08
-2.1337473e-11
4.0133305e-08
-1.8462009e-11
-8.5209113e-09
2.5180732e-12
-6.2127936e-08
2.2751151e-11
-6.2134391e-08
2.3988887e-11
-8.5366573e-09
1.1483353e-11
4.0117469e-08
3.0532578e-08
-8.3922971e-12
3.0547642e-08
-2.2039843e-11
4.0146964e-08
-1.773081e-11
-8.525209e-09
2.3654599e-12
-6.2148021e-08
2.188818e-11
-6.2153903e-08
2.4550735e-11
-8.5393086e-09
9.1692803e-12
4.0132861e-08
3.0541753e-08
-1.0244887e-11
3.0557891e-08
-2.0628619e-11
4.0157355e-08
-1.7966036e-11
-8.527865e-09
2.2563147e-12
-6.2168237e-08
2.1791775e-11
-6.2173432e-08
2.2979947e-11
-8.5404901e-09
1.1022961e-11
4.0144825e-08
3.055278e-08
-8.0515144e-12
3.0565949e-08
-2.1329868e-11
4.0170645e-08
-1.7260923e-11
-8.5319225e-09
2.03104e-12
-6.2187518e-08
2.0833618e-11
-6.2192223e-08
2.3466945e-11
-8.5431122e-09
8.696855e-12
4.0159605e-08
3.0561482e-08
-9.9096373e-12
3.0575862e-08
-1.9948354e-11
4.0180691e-08
-1.7531167e-11
-8.5343333e-09
1.8721649e-12
-6.2206915e-08
2.0684361e-11
-6.2211029e-08
2.1875651e-11
-8.544297e-09
1.0542485e-11
4.0170945e-08
3.0572028e-08
-7.7426594e-12
3.0583612e-08
-2.0678213e-11
4.0193638e-08
-1.6865578e-11
-8.5381346e-09
1.6144345e-12
-6.2225385e-08
1.971346e-11
-6.2229118e-08
2.2360839e-11
-8.5469332e-09
8.2337746e-12
4.0185083e-08
3.0580267e-08
-9.6085223e-12
3.0593224e-08
-1.9335174e-11
4.0203372e-08
-1.7165695e-11
-8.5402979e-09
1.4412046e-12
-6.2243985e-08
1.9568328e-11
-6.2247239e-08
2.0795805e-11
-8.5481544e-09
1.0085834e-11
4.0195799e-08
3.0590356e-08
-7.4662041e-12
3.0600697e-08
-2.0088089e-11
4.0216005e-08
-1.6525413e-11
-8.5438492e-09
1.181884e-12
-6.2261682e-08
1.8623234e-11
-6.2264669e-08
2.1306201e-11
-8.5508262e-09
7.8035119e-12
4.0209312e-08
3.0598165e-08
-9.3335033e-12
3.0610034e-08
-1.8771973e-11
4.022545e-08
-1.6836268e-11
-8.5457789e-09
1.0196548e-12
-6.2279532e-08
1.8507397e-11
-6.2282151e-08
1.9782537e-11
-8.5520953e-09
9.6639544e-12
4.0219437e-08
3.0607832e-08
-7.209773e-12
3.061725e-08
-1.9532937e-11
4.0237784e-08
-1.6201858e-11
-8.5490986e-09
7.7935321e-13
-6.2296502e-08
1.7603655e-11
-6.2298965e-08
2.0324312e-11
-8.5548048e-09
7.4086877e-12
4.0232363e-08
3.0615247e-08
-9.0713751e-12
3.0626325e-08
-1.8229183e-11
4.0246949e-08
-1.6505031e-11
-8.550817e-09
6.4370001e-13
-6.2313646e-08
1.7525793e-11
-6.2315841e-08
1.884335e-11
-8.5561165e-09
9.2749739e-12
4.0241938e-08
3.0624524e-08
-6.9606724e-12
3.0633292e-08
-1.8984506e-11
4.0258984e-08
-1.5860987e-11
-8.5539292e-09
4.339158e-13
-6.232993e-08
1.666712e-11
-6.2332063e-08
1.9414105e-11
-8.5588524e-09
7.0445953e-12
4.0254317e-08
3.0631575e-08
-8.8112142e-12
3.0642107e-08
-1.7681919e-11
4.0267861e-08
-1.6143805e-11
-8.5554618e-09
3.3232335e-13
-6.23464e-08
1.6627522e-11
-6.2348353e-08
1.7971834e-11
-8.5601911e-09
8.9130986e-12
4.0263382e-08
3.0640491e-08
-6.7098494e-12
3.0648823e-08
-1.8422455e-11
4.0279585e-08
-1.5480863e-11
-8.5583921e-09
1.5749431e-13
-6.2362028e-08
1.5811719e-11
-6.2363997e-08
1.8566216e-11
-8.5629345e-09
6.7048542e-12
4.0275254e-08
3.0647201e-08
-8.5461328e-12
3.0657372e-08
-1.7114503e-11
4.0288159e-08
-1.5736858e-11
-8.5597644e-09
9.1532159e-14
-6.2377851e-08
1.5806607e-11
-6.2379707e-08
1.7157055e-11
-8.5642795e-09
8.5721496e-12
4.0283845e-08
3.0655776e-08
-6.4522393e-12
3.0663831e-08
-1.7835652e-11
4.0299554e-08
-1.505138e-11
-8.5625374e-09
-4.877224e-14
-6.2392843e-08
1.502876e-11
-6.2394773e-08
1.7769222e-11
-8.5670089e-09
6.383517e-12
4.0295241e-08
3.0662165e-08
-8.2728504e-12
3.0672107e-08
-1.6519786e-11
4.0307807e-08
-1.5279026e-11
-8.5637731e-09
-8.1370968e-14
-6.2408036e-08
1.5052678e-11
-6.2409902e-08
1.6387646e-11
-8.5683386e-09
8.2467923e-12
4.0303387e-08
3.0670414e-08
-6.1859147e-12
3.06783e-08
-1.7220439e-11
4.0318852e-08
-1.4571457e-11
-8.5664108e-09
-1.9053045e-13
-6.2422406e-08
1.430695e-11
-6.2424389e-08
1.7012305e-11
-8.571033e-09
6.0757216e-12
4.0314334e-08
3.0676495e-08
-7.9906903e-12
3.0686293e-08
-1.5896924e-11
4.0326764e-08
-1.4772556e-11
-8.5675303e-09
-1.9416492e-13
-6.243698e-08
1.435412e-11
-6.2438933e-08
1.5653511e-11
-8.5723274e-09
7.9328512e-12
4.032206e-08
3.0684431e-08
-5.9110566e-12
3.0692211e-08
-1.6578288e-11
4.0337443e-08
-1.4045885e-11
-8.5700515e-09
-2.7702535e-13
-6.2450738e-08
1.3634774e-11
-6.2452834e-08
1.6286316e-11
-8.5749679e-09
5.7777873e-12
4.0332578e-08
3.0690214e-08
-7.7006206e-12
3.0699914e-08
-1.5249106e-11
4.0344997e-08
-1.4224157e-11
-8.5710717e-09
-2.5697548e-13
-6.24647e-08
1.3699855e-11
-6.2466786e-08
1.4946454e-11
-8.5762097e-09
7.6272887e-12
4.0339903e-08
3.0697844e-08
-5.6291018e-12
3.070555e-08
-1.5913728e-11
4.0355292e-08
-1.3482686e-11
-8.5734916e-09
-3.1881457e-13
-6.2477854e-08
1.3001803e-11
-6.2480096e-08
1.558411e-11
-8.5787811e-09
5.4871201e-12
4.035001e-08
3.0703336e-08
-7.4045242e-12
3.0712957e-08
-1.4581756e-11
4.0362475e-08
-1.3642729e-11
-8.5744262e-09
-2.8041123e-13
-6.2491212e-08
1.3080278e-11
-6.2493452e-08
1.4260304e-11
-8.5799565e-09
7.32807e-12
4.0356947e-08
3.0710667e-08
-5.3421301e-12
3.0718306e-08
-1.5232828e-11
4.0372376e-08
-1.2891213e-11
-8.5767567e-09
-3.262887e-13
-6.2503766e-08
1.2399332e-11
-6.2506167e-08
1.4900525e-11
-8.5824469e-09
5.2020532e-12
4.0366656e-08
3.0715874e-08
-7.1046971e-12
3.0725413e-08
-1.3901266e-11
4.0379178e-08
-1.3037807e-11
-8.5776159e-09
-2.7442336e-13
-6.2516525e-08
1.2487648e-11
-6.2518925e-08
1.3590791e-11
-8.5835456e-09
7.0339932e-12
4.0373217e-08
3.072291e-08
-5.0524624e-12
3.0730472e-08
-1.4542162e-11
4.0388679e-08
-1.2280912e-11
-8.5798661e-09
-3.0882607e-13
-6.2528487e-08
1.1820577e-11
-6.2531044e-08
1.4232174e-11
-8.5859464e-09
4.921673e-12
4.0382538e-08
3.0727837e-08
-6.8035302e-12
3.0737278e-08
-1.3214177e-11
4.0395094e-08
-1.2418601e-11
-8.5806577e-09
-2.4771014e-13
-6.2540654e-08
1.1916129e-11
-6.2543204e-08
1.2935283e-11
-8.5869614e-09
6.7445154e-12
4.0388733e-08
3.0734584e-08
-4.7624116e-12
3.0742047e-08
-1.3848173e-11
4.0404191e-08
-1.1660596e-11
-8.5828342e-09
-2.7440275e-13
-6.2552029e-08
1.1260596e-11
-6.2554729e-08
1.3577154e-11
-8.5892672e-09
4.6456473e-12
4.0397674e-08
3.0739235e-08
-6.5033199e-12
3.0748552e-08
-1.2526691e-11
4.0410219e-08
-1.1793466e-11
-8.5835636e-09
-2.0749238e-13
-6.2563612e-08
1.1361628e-11
-6.2566294e-08
1.2292475e-11
-8.5901941e-09
6.4595873e-12
4.0403512e-08
3.0745697e-08
-4.4741423e-12
3.0753033e-08
-1.315681e-11
4.0418912e-08
-1.1038076e-11
-8.5856714e-09
-2.2949852e-13
-6.257441e-08
1.0716062e-11
-6.2577229e-08
1.2934726e-11
-8.5924021e-09
4.3740679e-12
4.0412082e-08
3.0750076e-08
-6.206164e-12
3.0759241e-08
-1.184441e-11
4.0424555e-08
-1.1169661e-11
-8.5863426e-09
-1.5952003e-13
-6.2585416e-08
1.082152e-11
-6.2588207e-08
1.1662071e-11
-8.5932389e-09
6.1795054e-12
4.0417569e-08
3.0756257e-08
-4.1895949e-12
3.0763437e-08
-1.247334e-11
4.0432849e-08
-1.0420017e-11
-8.588385e-09
-1.7917766e-13
-6.2595647e-08
1.0184966e-11
-6.259856e-08
1.2305002e-11
-8.5953483e-09
4.1073133e-12
4.0425776e-08
3.076037e-08
-5.9139094e-12
3.0769353e-08
-1.1172212e-11
4.0438112e-08
-1.0553286e-11
-8.5890006e-09
-1.0820512e-13
-6.2606089e-08
1.0294345e-11
-6.260896e-08
1.1044485e-11
-8.5960949e-09
5.9047858e-12
4.043092e-08
3.0766276e-08
-3.9104519e-12
3.077327e-08
-1.1802282e-11
4.0446014e-08
-9.811942e-12
-8.5909801e-09
-1.2725724e-13
-6.2615763e-08
9.6663115e-12
-6.2618743e-08
1.1688667e-11
-8.5981067e-09
3.8459332e-12
4.0438773e-08
3.0770128e-08
-5.6281336e-12
3.07789e-08
-1.051422e-11
4.0450904e-08
-9.9493194e-12
-8.5915418e-09
-5.6811318e-14
-6.2625652e-08
9.7795064e-12
-6.2628576e-08
1.0440585e-11
-8.5987645e-09
5.6360612e-12
4.0443581e-08
3.0775765e-08
-3.6381308e-12
3.0782544e-08
-1.1147397e-11
4.0458424e-08
-9.2182919e-12
-8.5934601e-09
-7.6506046e-14
-6.2634784e-08
9.1598323e-12
-6.2637802e-08
1.1086747e-11
-8.6006809e-09
3.5905579e-12
4.0451087e-08
3.0779361e-08
-5.3501449e-12
3.0787896e-08
-9.8738149e-12
4.0462952e-08
-9.3617099e-12
-8.5939693e-09
-7.6546469e-15
-6.2644135e-08
9.2770106e-12
-6.2647084e-08
9.8514814e-12
-8.6012522e-09
5.3740018e-12
4.0455568e-08
3.0784737e-08
-3.3737889e-12
3.0791276e-08
-1.0511725e-11
4.04701e-08
-8.6425354e-12
-8.5958278e-09
-2.8842031e-14
-6.2652739e-08
8.6657491e-12
-6.2655768e-08
1.0500423e-11
-8.6030765e-09
3.3418283e-12
4.0462736e-08
3.0788084e-08
-5.080993e-12
3.0796359e-08
-9.2536857e-12
4.0474276e-08
-8.7934878e-12
-8.5962853e-09
3.7707082e-14
-6.2661567e-08
8.7872479e-12
-6.2664515e-08
9.2783676e-12
-8.6035647e-09
5.1192555e-12
4.0466899e-08
3.0793204e-08
-3.1183386e-12
3.0799484e-08
-9.8976363e-12
4.0481066e-08
-8.0872816e-12
-8.598085e-09
1.4488933e-14
-6.2669659e-08
8.1845757e-12
-6.2672675e-08
9.9308856e-12
-8.6053007e-09
3.1003463e-12
4.0473738e-08
3.079631e-08
-4.8214867e-12
3.0804307e-08
-8.655882e-12
4.0484904e-08
-8.2468805e-12
-8.5984915e-09
7.8307839e-14
-6.2677981e-08
8.3108194e-12
-6.2680905e-08
8.7223971e-12
-8.6057096e-09
4.8724079e-12
4.0477592e-08
3.0801184e-08
-2.8724653e-12
3.0807185e-08
-9.3068909e-12
4.0491348e-08
-7.5543948e-12
-8.6002334e-09
5.2760225e-14
-6.2685578e-08
7.7169673e-12
-6.2688559e-08
9.379242e-12
-8.6073616e-09
2.8666411e-12
4.0484114e-08
3.0804055e-08
-4.572214e-12
3.0811759e-08
-8.0818806e-12
4.0494861e-08
-7.7234236e-12
-8.6005895e-09
1.1363391e-13
-6.2693413e-08
7.8484067e-12
-6.2696292e-08
8.1846011e-12
-8.6076953e-09
4.6339547e-12
4.0487668e-08
3.080869e-08
-2.6366488e-12
3.0814402e-08
-8.7407065e-12
4.0500975e-08
-7.0451013e-12
-8.6022747e-09
8.5637662e-14
-6.2700534e-08
7.26361e-12
-6.270346e-08
8.8464435e-12
-8.6092679e-09
2.6411485e-12
4.0493882e-08
3.0811337e-08
-4.3335646e-12
3.0818737e-08
-7.5326491e-12
4.0504178e-08
-7.2240643e-12
-8.6025811e-09
1.4350968e-13
-6.2707899e-08
7.4006787e-12
-6.2710715e-08
7.6658355e-12
-8.6095308e-09
4.4042885e-12
4.0497146e-08
3.0815742e-08
-2.411185e-12
3.0821154e-08
-8.1998219e-12
4.0509976e-08
-6.5600881e-12
-8.6042105e-09
1.1307656e-13
-6.2714563e-08
6.8251421e-12
-6.2717417e-08
8.3332466e-12
-8.6110288e-09
2.4242006e-12
4.0503065e-08
3.0818171e-08
-4.1057512e-12
3.0825261e-08
-7.0087105e-12
4.0512882e-08
-6.7492541e-12
-8.604468e-09
1.6800533e-13
-6.2721478e-08
6.9682269e-12
-6.2724215e-08
7.1667511e-12
-8.6112252e-09
4.1836917e-12
4.050605e-08
3.0822356e-08
-2.1962076e-12
3.0827463e-08
-7.6845605e-12
4.051838e-08
-6.0995904e-12
-8.6060426e-09
1.3523996e-13
-6.2727703e-08
6.4021017e-12
-6.2730472e-08
7.8401929e-12
-8.6126532e-09
2.2160227e-12
4.0511684e-08
3.0824577e-08
-3.8888329e-12
3.0831353e-08
-6.5102039e-12
4.0521004e-08
-6.299033e-12
-8.6062521e-09
1.8736445e-13
-6.2734188e-08
6.5515239e-12
-6.2736834e-08
6.6877803e-12
-8.6127876e-09
3.9723372e-12
4.0514402e-08
3.082855e-08
-1.9917103e-12
3.0833351e-08
-7.1948893e-12
4.0526217e-08
-5.6634708e-12
-8.6077732e-09
1.5243415e-13
-6.2739994e-08
5.9948951e-12
-6.2742667e-08
7.3676032e-12
-8.6141503e-09
2.0167353e-12
4.0519761e-08
3.0830572e-08
-3.6827363e-12
3.0837034e-08
-6.0369425e-12
4.0528574e-08
-5.8731032e-12
-8.6079356e-09
2.0194652e-13
-6.2746067e-08
6.1509001e-12
-6.2748615e-08
6.2291385e-12
-8.6142269e-09
3.7702928e-12
4.0522223e-08
3.0834343e-08
-1.7975665e-12
3.0838838e-08
-6.730476e-12
4.0533517e-08
-5.2512888e-12
-8.6094046e-09
1.6505775e-13
-6.2751474e-08
5.6037799e-12
-6.2754044e-08
6.9155836e-12
-8.6155288e-09
1.8263603e-12
4.0527321e-08
3.0836174e-08
-3.4872756e-12
3.0842326e-08
-5.5884668e-12
4.053562e-08
-5.4708947e-12
-8.6095208e-09
2.1218226e-13
-6.2757156e-08
5.7665332e-12
-6.2759597e-08
5.7908327e-12
-8.6155516e-09
3.5775295e-12
4.0529536e-08
3.0839753e-08
-1.6135491e-12
3.0843945e-08
-6.290739e-12
4.0540307e-08
-4.8623616e-12
-8.6109391e-09
1.7356241e-13
-6.2762182e-08
5.22886e-12
-6.2764642e-08
6.4840377e-12
-8.616797e-09
1.6448295e-12
4.0534384e-08
3.0841402e-08
-3.3021719e-12
3.0847248e-08
-5.1640938e-12
4.0542171e-08
-5.0916226e-12
-8.6110104e-09
2.185395e-13
-6.2767491e-08
5.3984472e-12
-6.2769821e-08
5.3726771e-12
-8.6167698e-09
3.3939309e-12
4.0536365e-08
3.0844797e-08
-1.4393482e-12
3.0848693e-08
-5.8748953e-12
4.0546616e-08
-4.4958186e-12
-8.6123794e-09
1.784235e-13
-6.2772156e-08
4.8700882e-12
-6.2774503e-08
6.0726854e-12
-8.6179627e-09
1.4719938e-12
4.0540974e-08
3.0846274e-08
-3.1270707e-12
3.0851821e-08
-4.762961e-12
4.0548254e-08
-4.7343379e-12
-8.6124071e-09
2.2149757e-13
-6.277711e-08
5.0465184e-12
-6.2779327e-08
4.9743124e-12
-8.6178894e-09
3.219303e-12
4.0542731e-08
3.0849494e-08
-1.2745877e-12
3.0853102e-08
-5.4820019e-12
4.0552471e-08
-4.1506465e-12
-8.6137285e-09
1.8011725e-13
-6.2781432e-08
4.5272742e-12
-6.2783665e-08
5.681082e-12
-8.6190335e-09
1.3076342e-12
4.0547113e-08
3.0850806e-08
-2.9615577e-12
3.0856064e-08
-4.3840656e-12
4.0553895e-08
-4.3979684e-12
-8.6137138e-09
2.2152726e-13
-6.278605e-08
4.7104856e-12
-6.2788153e-08
4.5952263e-12
-8.6189173e-09
3.0533861e-12
4.0548657e-08
3.085386e-08
-1.1188396e-12
3.0857188e-08
-5.1109935e-12
4.0557897e-08
-3.8257291e-12
-8.6149892e-09
1.7910479e-13
-6.2790046e-08
4.2000966e-12
-6.2792164e-08
5.3086403e-12
-8.6200163e-09
1.1514716e-12
4.0552823e-08
3.0855016e-08
-2.8051726e-12
3.0859994e-08
-4.0263e-12
4.0559119e-08
-4.0813567e-12
-8.6149336e-09
2.190783e-13
-6.2794346e-08
4.3899635e-12
-6.2796335e-08
4.2347751e-12
-8.6198603e-09
2.8958643e-12
4.0554163e-08
3.0857912e-08
-9.7163713e-13
3.0860971e-08
-4.7607147e-12
4.0562918e-08
-3.5198808e-12
-8.6161646e-09
1.7582022e-13
-6.2798032e-08
3.8881176e-12
-6.2800038e-08
4.9546528e-12
-8.6209173e-09
1.0031771e-12
4.0558123e-08
3.085892e-08
-2.6574218e-12
3.0863629e-08
-3.6884808e-12
4.056395e-08
-3.7832902e-12
-8.6160694e-09
2.1456911e-13
-6.2802029e-08
4.084458e-12
-6.2803907e-08
3.8922058e-12
-8.6207244e-09
2.7463762e-12
4.055927e-08
3.0861667e-08
-8.3248533e-13
3.0864467e-08
-4.4299477e-12
4.0567557e-08
-3.2318739e-12
-8.6172577e-09
1.7066402e-13
-6.2805423e-08
3.590798e-12
-6.2807318e-08
4.6183121e-12
-8.6217425e-09
8.6238147e-13
4.0563034e-08
3.0862534e-08
-2.5177885e-12
3.0866985e-08
-3.3693752e-12
4.056841e-08
-3.5025262e-12
-8.6171243e-09
2.0838163e-13
-6.2809133e-08
3.7933811e-12
-6.2810902e-08
3.5666758e-12
-8.6215154e-09
2.6045244e-12
4.0563998e-08
3.0865139e-08
-7.0087203e-13
3.0867692e-08
-4.1174368e-12
4.0571835e-08
-2.9604627e-12
-8.6182716e-09
1.63998e-13
-6.2812248e-08
3.3075125e-12
-6.2814037e-08
4.2987317e-12
-8.6224972e-09
7.2868427e-13
4.0567576e-08
3.0865872e-08
-2.3857427e-12
3.0870077e-08
-3.067723e-12
4.0572519e-08
-3.2378137e-12
-8.6181014e-09
2.0085787e-13
-6.2815687e-08
3.5160673e-12
-6.2817352e-08
3.2572729e-12
-8.6222381e-09
2.4698841e-12
4.0568365e-08
3.0868342e-08
-5.7627485e-13
3.0870659e-08
-3.821908e-12
4.0575773e-08
-2.7044004e-12
-8.6192093e-09
1.5614376e-13
-6.2818538e-08
3.0375661e-12
-6.2820224e-08
3.9949642e-12
-8.6231863e-09
6.0166184e-13
4.0571766e-08
3.0868948e-08
-2.2607481e-12
3.087292e-08
-2.7822542e-12
4.0576296e-08
-2.9879083e-12
-8.6190038e-09
1.9229919e-13
-6.2821718e-08
3.2517886e-12
-6.2823284e-08
2.9630326e-12
-8.6228974e-09
2.3420109e-12
4.0572388e-08
3.087129e-08
-4.5816892e-13
3.0873384e-08
-3.5420861e-12
4.0579388e-08
-2.4624554e-12
-8.6200739e-09
1.4738237e-13
-6.2824319e-08
2.7802083e-12
-6.2825907e-08
3.7060186e-12
-8.623814e-09
4.808742e-13
4.0575621e-08
3.0871776e-08
-2.1422692e-12
3.0875526e-08
-2.5117046e-12
4.0579759e-08
-2.7515873e-12
-8.6198342e-09
1.8296705e-13
-6.2827254e-08
2.9997687e-12
-6.2828724e-08
2.6829546e-12
-8.6234972e-09
2.2204478e-12
4.0576085e-08
3.0873996e-08
-3.460324e-13
3.0875877e-08
-3.2767083e-12
4.0582698e-08
-2.2334222e-12
-8.6208681e-09
1.3795572e-13
-6.2829616e-08
2.5346473e-12
-6.2831112e-08
3.4308755e-12
-8.6243843e-09
3.6587225e-13
4.0579158e-08
3.0874366e-08
-2.0297767e-12
3.0877907e-08
-2.2548286e-12
4.0582924e-08
-2.5276587e-12
-8.6205956e-09
1.7308441e-13
-6.2832317e-08
2.7591974e-12
-6.2833698e-08
2.4160172e-12
-8.6240413e-09
2.1047315e-12
4.057947e-08
3.0876471e-08
-2.3935149e-13
3.0878152e-08
-3.0245354e-12
4.0585718e-08
-2.0161307e-12
-8.6215946e-09
1.2806882e-13
-6.2834453e-08
2.3000632e-12
-6.2835861e-08
3.1685014e-12
-8.6249007e-09
2.5620262e-13
4.058239e-08
3.0876732e-08
-1.9227513e-12
3.0880074e-08
-2.010408e-12
4.0585806e-08
-2.3149701e-12
-8.6212906e-09
1.6283898e-13
-6.2836931e-08
2.5292422e-12
-6.2838228e-08
2.1611904e-12
-8.6245329e-09
1.9943982e-12
4.0582557e-08
3.0878726e-08
-1.3762434e-13
3.0880217e-08
-2.7843609e-12
4.0588461e-08
-1.8094534e-12
-8.6222562e-09
1.178927e-13
-6.2838849e-08
2.07562e-12
-6.2840177e-08
2.9178604e-12
-8.6253662e-09
1.5141365e-13
4.0585332e-08
3.0878882e-08
-1.8206885e-12
3.0882038e-08
-1.7772618e-12
4.0588418e-08
-2.1124138e-12
-8.6219217e-09
1.523856e-13
-6.2841115e-08
2.3090603e-12
-6.2842334e-08
1.9174472e-12
-8.624975e-09
1.8889878e-12
4.0585361e-08
3.0880771e-08
-4.0363968e-14
3.0882084e-08
-2.555019e-12
4.0590942e-08
-1.6123097e-12
-8.6228552e-09
1.0756747e-13
-6.2842826e-08
1.8604759e-12
-6.2844079e-08
2.6779256e-12
-8.6257836e-09
5.1058907e-14
4.0587995e-08
3.0880826e-08
-1.7231005e-12
3.0883806e-08
-1.5542517e-12
4.0590773e-08
-1.9189326e-12
-8.6224913e-09
1.4185042e-13
-6.2844887e-08
2.097809e-12
-6.2846035e-08
1.6837742e-12
-8.6253701e-09
1.7880482e-12
4.0587891e-08
3.0882614e-08
5.2898396e-14
3.0883759e-08
-2.3353897e-12
4.059317e-08
-1.4236712e-12
-8.6233939e-09
9.7206164e-14
-6.2846399e-08
1.6537947e-12
-6.2847583e-08
2.4476882e-12
-8.6261552e-09
-4.5298222e-14
4.0590392e-08
3.0882573e-08
-1.6295193e-12
3.0885388e-08
-1.3402879e-12
4.0592881e-08
-1.7335219e-12
-8.6230016e-09
1.3133398e-13
-6.2848265e-08
1.8946552e-12
-6.2849347e-08
1.4591807e-12
-8.6257204e-09
1.6911395e-12
4.059016e-08
3.0884264e-08
1.4261159e-13
3.088525e-08
-2.1244042e-12
4.0595156e-08
-1.2425637e-12
-8.6238743e-09
8.6898298e-14
-6.2849586e-08
1.4547535e-12
-6.2850706e-08
2.2261672e-12
-8.626483e-09
-1.3808188e-13
4.0592532e-08
3.088413e-08
-1.5394988e-12
3.0886789e-08
-1.1343335e-12
4.0594751e-08
-1.5552332e-12
-8.6234545e-09
1.2091519e-13
-6.2851263e-08
1.6987845e-12
-6.2852285e-08
1.2427067e-12
-8.6260278e-09
1.5978368e-12
4.0592177e-08
3.0885727e-08
2.2920208e-13
3.0886565e-08
-1.9210493e-12
4.0596909e-08
-1.0680694e-12
-8.6242985e-09
7.67136e-14
-6.2852399e-08
1.2625525e-12
-6.2853462e-08
2.0124166e-12
-8.626769e-09
-2.2769927e-13
4.0594425e-08
3.0885504e-08
-1.4526169e-12
3.0888017e-08
-9.354091e-13
4.0596392e-08
-1.3831756e-12
-8.6238519e-09
1.1065499e-13
-6.2853894e-08
1.5094096e-12
-6.2854862e-08
1.0334315e-12
-8.626294e-09
1.5077339e-12
4.059395e-08
3.0887011e-08
3.1307226e-13
3.0887709e-08
-1.7243712e-12
4.0598438e-08
-8.9932926e-13
-8.624668e-09
6.6705562e-14
-6.2854851e-08
1.0764229e-12
-6.2855863e-08
1.8055336e-12
-8.6270144e-09
-3.1453905e-13
4.0596078e-08
3.0886701e-08
-1.3684767e-12
3.0889077e-08
-7.4259553e-13
4.0597812e-08
-1.2165179e-12
-8.6241954e-09
1.0060001e-13
-6.285617e-08
1.3257781e-12
-6.285709e-08
8.3048045e-13
-8.6265203e-09
1.4204456e-12
4.0595488e-08
3.0888121e-08
3.9459893e-13
3.0888688e-08
-1.5334788e-12
4.0599748e-08
-7.3554444e-13
-8.6249844e-09
5.6915067e-14
-6.2856954e-08
8.9563446e-13
-6.285792e-08
1.6046655e-12
-8.6272207e-09
-3.9896765e-13
4.0597499e-08
3.0887726e-08
-1.2867089e-12
3.0889974e-08
-5.5503814e-13
4.0599016e-08
-1.0544903e-12
-8.6244864e-09
9.0786051e-14
-6.28581e-08
1.1471808e-12
-6.2858978e-08
6.3303233e-13
-8.6267078e-09
1.3356105e-12
4.0596796e-08
3.0889061e-08
4.7413115e-13
3.0889505e-08
-1.3475474e-12
4.0600846e-08
-5.7597813e-13
-8.6252491e-09
4.737411e-14
-6.2858715e-08
7.1950368e-13
-6.2859641e-08
1.409017e-12
-8.6273888e-09
-4.8132665e-13
4.0598694e-08
3.0888584e-08
-1.2069731e-12
3.0890711e-08
-3.719503e-13
4.060001e-08
-8.9638599e-13
-8.6247263e-09
8.1241641e-14
-6.2859694e-08
9.7295847e-13
-6.2860534e-08
4.4032631e-13
-8.6268575e-09
1.2528946e-12
4.0597881e-08
3.0889836e-08
5.5198861e-13
3.0890164e-08
-1.1658227e-12
4.0601736e-08
-4.1995755e-13
-8.6254633e-09
3.8108874e-14
-6.2860144e-08
5.4740089e-13
-6.2861035e-08
1.2178571e-12
-8.6275194e-09
-5.6193002e-13
4.0599668e-08
3.0889278e-08
-1.1289602e-12
3.0891292e-08
-1.9261692e-13
4.0600799e-08
-7.4156334e-13
-8.6249161e-09
7.1991254e-14
-6.2860959e-08
8.0251069e-13
-6.2861767e-08
2.5166933e-13
-8.6269701e-09
1.1719934e-12
4.0598747e-08
3.089045e-08
6.2845968e-13
3.0890668e-08
-9.8762428e-13
4.0602423e-08
-2.6687572e-13
-8.6256281e-09
2.9143395e-14
-6.2861247e-08
3.7875922e-13
-6.2862109e-08
1.0305265e-12
-8.6276134e-09
-6.4106097e-13
4.0600426e-08
3.0889813e-08
-1.0523935e-12
3.089172e-08
-1.639881e-14
4.0601386e-08
-5.8944805e-13
-8.6250568e-09
6.3059052e-14
-6.2861901e-08
6.3530315e-13
-6.2862683e-08
6.6443917e-14
-8.6270461e-09
1.0926351e-12
4.0599399e-08
3.0890905e-08
7.0379918e-13
3.0891021e-08
-8.1235032e-13
4.0602911e-08
-1.1619425e-13
-8.6257443e-09
2.050268e-14
-6.2862029e-08
2.1308195e-13
-6.2862867e-08
8.4644594e-13
-8.6276711e-09
-7.1896919e-13
4.0600972e-08
3.089019e-08
-9.7703186e-13
3.0891997e-08
1.5726233e-13
4.0601775e-08
-4.3953574e-13
-8.6251494e-09
5.4471805e-14
-6.2862525e-08
4.7087654e-13
-6.2863285e-08
-1.1588415e-13
-8.627086e-09
1.0145841e-12
4.059984e-08
3.0891203e-08
7.7822611e-13
3.0891224e-08
-6.3948234e-13
4.0603201e-08
3.2554188e-14
-8.6258128e-09
1.2216467e-14
-6.2862496e-08
4.9951329e-14
-6.2863315e-08
6.6512359e-13
-8.6276929e-09
-7.9586691e-13
4.0601308e-08
3.0890412e-08
-9.0267126e-13
3.0892125e-08
3.2883967e-13
4.0601969e-08
-2.9139517e-13
-8.6251946e-09
4.6263116e-14
-6.2862836e-08
3.0885492e-13
-6.2863579e-08
-2.9575739e-13
-8.62709e-09
9.3764382e-13
4.0600074e-08
3.0891348e-08
8.5192114e-13
3.0891278e-08
-4.6859007e-13
4.0603297e-08
1.7976253e-13
-8.6258343e-09
4.3226008e-15
-6.2862652e-08
-1.1096202e-13
-6.2863456e-08
4.8616427e-13
-8.6276789e-09
-8.7192594e-13
4.0601439e-08
3.0890481e-08
-8.2914777e-13
3.0892106e-08
4.9871545e-13
4.0601968e-08
-1.4467061e-13
-8.625193e-09
3.8476213e-14
-6.2862837e-08
1.48956e-13
-6.2863568e-08
-4.7351734e-13
-8.6270583e-09
8.6166061e-13
4.0600104e-08
3.0891341e-08
9.250239e-13
3.0891186e-08
-2.993369e-13
4.06032e-08
3.2574665e-13
-8.6258096e-09
-3.1291753e-15
-6.28625e-08
-2.6988948e-13
-6.2863293e-08
3.0927805e-13
-8.6276292e-09
-9.4727352e-13
4.0601367e-08
3.0890398e-08
-7.5633992e-13
3.0891941e-08
6.6717597e-13
4.0601775e-08
9.1445006e-16
-8.6251455e-09
3.1168589e-14
-6.2862532e-08
-9.0007096e-15
-6.2863255e-08
-6.4939585e-13
-8.6269908e-09
7.8652772e-13
4.059993e-08
3.0891184e-08
9.9763032e-13
3.0890949e-08
-1.31485e-13
4.0602912e-08
4.7074194e-13
-8.6257392e-09
-1.0073255e-14
-6.2862044e-08
-4.2695552e-13
-6.286283e-08
1.3429004e-13
-8.6275439e-09
-1.0219888e-12
4.0601093e-08
3.0890166e-08
-6.8417129e-13
3.0891632e-08
8.3440605e-13
4.0601392e-08
1.455547e-13
-8.6250527e-09
2.4415611e-14
-6.2861925e-08
-1.6508268e-13
-6.2862642e-08
-8.2350516e-13
-8.6268875e-09
7.1218826e-13
4.0599557e-08
3.0890877e-08
1.0697902e-12
3.0890567e-08
3.5099375e-14
4.0602435e-08
6.1490093e-13
-8.625624e-09
-1.642403e-14
-6.2861285e-08
-5.8216646e-13
-6.2862069e-08
-3.8850584e-14
-8.6274227e-09
-1.0960985e-12
4.0600621e-08
3.0889785e-08
-6.1261268e-13
3.0891178e-08
1.0004842e-12
4.060082e-08
2.8936063e-13
-8.6249153e-09
1.8315254e-14
-6.2861016e-08
-3.1923484e-13
-6.2861733e-08
-9.9582843e-13
-8.6267482e-09
6.3864002e-13
4.0598985e-08
3.0890422e-08
1.1415043e-12
3.0890041e-08
2.0044148e-13
4.0601769e-08
7.5829083e-13
-8.6254647e-09
-2.2070707e-14
-6.2860228e-08
-7.3540111e-13
-6.2861012e-08
-2.1006084e-13
-8.6272655e-09
-1.1695732e-12
4.0599952e-08
3.0889257e-08
-5.4168467e-13
3.0890582e-08
1.1653784e-12
4.0600061e-08
4.3235688e-13
-8.6247342e-09
1.2993148e-14
-6.2859811e-08
-4.7126945e-13
-6.286053e-08
-1.1662107e-12
-8.6265727e-09
5.6593858e-13
4.0598218e-08
3.0889822e-08
1.2127229e-12
3.0889374e-08
3.644544e-13
4.0600917e-08
9.0089336e-13
-8.6252622e-09
-2.6872589e-14
-6.2858875e-08
-8.8640054e-13
-6.2859663e-08
-3.7911548e-13
-8.627072e-09
-1.2423238e-12
4.0599088e-08
3.0888583e-08
-4.7145897e-13
3.0889844e-08
1.3289434e-12
4.0599115e-08
5.7448269e-13
-8.6245103e-09
8.6079118e-15
-6.2858312e-08
-6.2085666e-13
-6.2859035e-08
-1.3343505e-12
-8.6263608e-09
4.9420015e-13
4.0597259e-08
3.0889076e-08
1.2833439e-12
3.0888565e-08
5.2693799e-13
4.0599879e-08
1.0426052e-12
-8.6250176e-09
-3.0652903e-14
-6.285723e-08
-1.0347597e-12
-6.2858023e-08
-5.4563928e-13
-8.6268419e-09
-1.3141981e-12
4.0598034e-08
3.0887766e-08
-4.0205864e-13
3.0888966e-08
1.4909206e-12
4.0597984e-08
7.1559377e-13
-8.6242449e-09
5.3571145e-15
-6.2856523e-08
-7.6751693e-13
-6.2857253e-08
-1.4997931e-12
-8.626112e-09
4.2360515e-13
4.0596109e-08
3.0888188e-08
1.3532127e-12
3.0887617e-08
6.8757975e-13
4.0598657e-08
1.1832419e-12
-8.6247322e-09
-3.3192912e-14
-6.2855298e-08
-1.1799198e-12
-6.2856098e-08
-7.0910165e-13
-8.6265748e-09
-1.3849787e-12
4.0596792e-08
3.0886807e-08
-3.3365771e-13
3.0887949e-08
1.6509404e-12
4.0596671e-08
8.5546785e-13
-8.6239395e-09
3.4840231e-15
-6.2854449e-08
-9.1061393e-13
-6.2855187e-08
-1.661926e-12
-8.6258259e-09
3.54399e-13
4.0594774e-08
3.0887161e-08
1.4221242e-12
3.0886532e-08
8.4595936e-13
4.0597255e-08
1.3225452e-12
-8.6244078e-09
-3.4224844e-14
-6.2853084e-08
-1.3211631e-12
-6.2853892e-08
-8.6881367e-13
-8.6262703e-09
-1.4543817e-12
4.0595366e-08
3.088571e-08
-2.6647888e-13
3.0886797e-08
1.8085288e-12
4.0595178e-08
9.9381378e-13
-8.6235958e-09
3.2846964e-15
-6.2852096e-08
-1.0493519e-12
-6.2852842e-08
-1.8199781e-12
-8.6255022e-09
2.8689236e-13
4.0593258e-08
3.0885996e-08
1.4898249e-12
3.0885312e-08
1.0015587e-12
4.0595674e-08
1.4601934e-12
-8.6240462e-09
-3.3424341e-14
-6.2850595e-08
-1.4576121e-12
-6.285141e-08
-1.0239299e-12
-8.625928e-09
-1.5220571e-12
4.0593763e-08
3.0884478e-08
-2.0078783e-13
3.0885511e-08
1.9631206e-12
4.0593508e-08
1.1302858e-12
-8.6232162e-09
5.1153988e-15
-6.2849472e-08
-1.1827767e-12
-6.2850224e-08
-1.9730242e-12
-8.6251403e-09
2.214596e-13
4.0591567e-08
3.0884698e-08
1.5560205e-12
3.088396e-08
1.1537776e-12
4.0593918e-08
1.5958203e-12
-8.62365e-09
-3.0403253e-14
-6.2847838e-08
-1.5882335e-12
-6.2848659e-08
-1.1734562e-12
-8.6255472e-09
-1.5875921e-12
4.0591988e-08
3.0883114e-08
-1.3688576e-13
3.0884095e-08
2.1140787e-12
4.0591665e-08
1.2645039e-12
-8.6228034e-09
9.4000761e-15
-6.2846586e-08
-1.3097831e-12
-6.2847342e-08
-2.1199956e-12
-8.6247397e-09
1.5853323e-13
4.0589708e-08
3.0883271e-08
1.6203838e-12
3.088248e-08
1.3019583e-12
4.0591991e-08
1.7290371e-12
-8.6232222e-09
-2.4702236e-14
-6.2844824e-08
-1.711849e-12
-6.2845647e-08
-1.3162639e-12
-8.6251274e-09
-1.6505173e-12
4.0590049e-08
3.0881625e-08
-7.5097424e-14
3.0882553e-08
2.2607223e-12
4.0589653e-08
1.3960817e-12
-8.6223606e-09
1.6636631e-14
-6.2843447e-08
-1.429131e-12
-6.2844204e-08
-2.2596998e-12
-8.6242995e-09
9.8595608e-14
4.0587689e-08
3.0881722e-08
1.6825703e-12
3.0880875e-08
1.4454187e-12
4.0589897e-08
1.8594655e-12
-8.6227664e-09
-1.5785909e-14
-6.2841564e-08
-1.8271574e-12
-6.2842385e-08
-1.4511174e-12
-8.6246677e-09
-1.7103172e-12
4.0587954e-08
3.0880015e-08
-1.5753887e-14
3.0880889e-08
2.4023662e-12
4.0587477e-08
1.5246625e-12
-8.6218918e-09
2.7400541e-14
-6.284007e-08
-1.5394736e-12
-6.2840821e-08
-2.3908545e-12
-8.6238191e-09
4.2165442e-14
4.058552e-08
3.0880056e-08
1.7422362e-12
3.0879152e-08
1.5834972e-12
4.0587643e-08
1.986777e-12
-8.6222869e-09
-3.0409159e-15
-6.2838072e-08
-1.9327704e-12
-6.2838884e-08
-1.5767136e-12
-8.6241673e-09
-1.7664466e-12
4.0585716e-08
3.0878294e-08
4.0829401e-14
3.0879109e-08
2.5383712e-12
4.0585144e-08
1.6499628e-12
-8.6214016e-09
4.2343804e-14
-6.2836468e-08
-1.6394021e-12
-6.2837205e-08
-2.5121352e-12
-8.6232975e-09
-1.0222607e-14
4.0583212e-08
3.0878282e-08
1.7990637e-12
3.0877315e-08
1.7156106e-12
4.0585234e-08
2.1107406e-12
-8.6217886e-09
1.421933e-14
-6.2834363e-08
-2.0272678e-12
-6.2835156e-08
-1.6917419e-12
-8.6236252e-09
-1.8183542e-12
4.0583346e-08
3.0876468e-08
9.438124e-14
3.0877218e-08
2.6682086e-12
4.0582659e-08
1.7718244e-12
-8.6208954e-09
6.2184476e-14
-6.2832657e-08
-1.7275143e-12
-6.2833369e-08
-2.6222466e-12
-8.6227334e-09
-5.8046265e-14
4.058078e-08
3.0876408e-08
1.8527932e-12
3.087537e-08
1.8413248e-12
4.0582677e-08
2.2312775e-12
-8.6212772e-09
3.6736507e-14
-6.2830454e-08
-2.1092807e-12
-6.2831215e-08
-1.7949674e-12
-8.6230399e-09
-1.8655163e-12
4.0580857e-08
3.0874546e-08
1.4471099e-13
3.0875224e-08
2.7915364e-12
4.0580028e-08
1.8902709e-12
-8.6203792e-09
8.7680147e-14
-6.2828655e-08
-1.802514e-12
-6.2829328e-08
-2.7200218e-12
-8.6221253e-09
-1.008362e-13
4.0578236e-08
3.0874444e-08
1.9032623e-12
3.0873325e-08
1.960438e-12
4.0579978e-08
2.3485181e-12
-8.6207592e-09
6.5270723e-14
-6.2826364e-08
-2.1776106e-12
-6.2827077e-08
-1.8853484e-12
-8.6224098e-09
-1.9074833e-12
4.0578264e-08
3.087254e-08
1.9175069e-13
3.0873131e-08
2.9082899e-12
4.057726e-08
2.0055642e-12
-8.6198598e-09
1.1957714e-13
-6.2824481e-08
-1.8633532e-12
-6.2825097e-08
-2.8045579e-12
-8.6214717e-09
-1.3822929e-13
4.0575596e-08
3.0872401e-08
1.9504514e-12
3.0871186e-08
2.0730756e-12
4.0577144e-08
2.4628568e-12
-8.6202414e-09
1.0053233e-13
-6.2822111e-08
-2.2313977e-12
-6.2822758e-08
-1.9621942e-12
-8.6217331e-09
-1.9439416e-12
4.0575584e-08
3.0870461e-08
2.356043e-13
3.0870948e-08
3.0187783e-12
4.0574359e-08
2.1182541e-12
-8.6193443e-09
1.5852209e-13
-6.2820154e-08
-1.9094309e-12
-6.2820693e-08
-2.8753994e-12
-8.6207702e-09
-1.7004126e-13
4.0572877e-08
3.0870289e-08
1.9945354e-12
3.0868958e-08
2.1797898e-12
4.0574181e-08
2.5749922e-12
-8.6197314e-09
1.4306968e-13
-6.2817715e-08
-2.2703537e-12
-6.2818272e-08
-2.0253762e-12
-8.6210075e-09
-1.9747967e-12
4.0572833e-08
3.0868318e-08
2.7660097e-13
3.086868e-08
3.1237864e-12
4.0571331e-08
2.2292081e-12
-8.6188402e-09
2.0492116e-13
-6.2815693e-08
-1.940863e-12
-6.2816129e-08
-2.9327793e-12
-8.6200187e-09
-1.9636122e-13
4.0570094e-08
3.086812e-08
2.0359387e-12
3.0866649e-08
2.2816596e-12
4.0571093e-08
2.6859433e-12
-8.6192364e-09
1.9309526e-13
-6.2813193e-08
-2.2950742e-12
-6.2813633e-08
-2.0756022e-12
-8.6202304e-09
-2.0002807e-12
4.0570026e-08
3.0866124e-08
3.1535047e-13
3.0866331e-08
3.2246693e-12
4.0568181e-08
2.3396076e-12
-8.6183548e-09
2.5872919e-13
-6.2811115e-08
-1.9588419e-12
-6.2811419e-08
-2.9779304e-12
-8.6192145e-09
-2.1767298e-13
4.0567263e-08
3.0865904e-08
2.0753902e-12
3.0864261e-08
2.3803766e-12
4.0567883e-08
2.7970223e-12
-8.6187634e-09
2.5023378e-13
-6.2808561e-08
-2.3074465e-12
-6.2808854e-08
-2.1147659e-12
-8.6193995e-09
-2.021088e-12
4.0567176e-08
3.0863887e-08
3.5279542e-13
3.0863906e-08
3.3234282e-12
4.056491e-08
2.4508941e-12
-8.6178944e-09
3.1915323e-13
-6.2806432e-08
-1.966094e-12
-6.2806572e-08
-3.0134727e-12
-8.6183554e-09
-2.3500569e-13
4.0564395e-08
3.086365e-08
2.1139727e-12
3.0861796e-08
2.4783075e-12
4.0564553e-08
2.9097497e-12
-8.6183178e-09
3.1317813e-13
-6.2803828e-08
-2.3111591e-12
-6.280394e-08
-2.1463728e-12
-8.6185125e-09
-2.0385433e-12
4.0564294e-08
3.0861616e-08
3.9025469e-13
3.0861404e-08
3.4227556e-12
4.0561518e-08
2.564649e-12
-8.6174633e-09
3.842616e-13
-6.2801651e-08
-1.9674397e-12
-6.2801591e-08
-3.043877e-12
-8.6174393e-09
-2.5011605e-13
4.0561498e-08
3.0861364e-08
2.1531603e-12
3.0859256e-08
2.5785164e-12
4.05611e-08
3.0257e-12
-8.6179024e-09
3.7925308e-13
-6.2798997e-08
-2.3123051e-12
-6.2798892e-08
-2.1760358e-12
-8.6175679e-09
-2.0547966e-12
4.0561383e-08
3.0859313e-08
4.2945134e-13
3.0858824e-08
3.5260352e-12
4.0558001e-08
2.682403e-12
-8.6170624e-09
4.5050832e-13
-6.2796768e-08
-1.970432e-12
-6.2796475e-08
-3.0759856e-12
-8.6164657e-09
-2.6569265e-13
4.0558571e-08
3.0859046e-08
2.1948372e-12
3.0856634e-08
2.684738e-12
4.0557518e-08
3.1462776e-12
-8.617516e-09
4.4390999e-13
-6.2794059e-08
-2.3200426e-12
-6.2793703e-08
-2.2120102e-12
-8.6165661e-09
-2.0730359e-12
4.0558438e-08
3.0856976e-08
4.7251822e-13
3.0856159e-08
3.6372891e-12
4.055435e-08
2.8053836e-12
-8.6166877e-09
5.1221576e-13
-6.2791769e-08
-1.9860172e-12
-6.2791208e-08
-3.1195449e-12
-8.6154359e-09
-2.8557e-13
4.0555602e-08
3.0856689e-08
2.2412923e-12
3.0853923e-08
2.8012986e-12
4.0553798e-08
3.2724495e-12
-8.6171509e-09
5.0021781e-13
-6.2788989e-08
-2.3472243e-12
-6.2788353e-08
-2.2657001e-12
-8.6155098e-09
-2.097696e-12
4.055544e-08
3.0854595e-08
5.2197807e-13
3.0853398e-08
3.7610794e-12
4.0550556e-08
2.9342463e-12
-8.6163277e-09
5.6110748e-13
-6.2786619e-08
-2.0290967e-12
-6.2785766e-08
-3.1876593e-12
-8.6143546e-09
-3.1491685e-13
4.0552565e-08
3.0854279e-08
2.2951875e-12
3.0851108e-08
2.9330009e-12
4.0549925e-08
3.4045001e-12
-8.6167912e-09
5.3847558e-13
-6.2783746e-08
-2.4108449e-12
-6.278281e-08
-2.352024e-12
-8.6144058e-09
-2.1346176e-12
4.0552354e-08
3.0852148e-08
5.8069935e-13
3.0850525e-08
3.9023898e-12
4.0546601e-08
3.0688763e-12
-8.6159615e-09
5.8605378e-13
-6.2781266e-08
-2.118804e-12
-6.2780108e-08
-3.2970227e-12
-8.613231e-09
-3.6034759e-13
4.0549415e-08
3.0851786e-08
2.3595066e-12
3.084817e-08
3.0850125e-12
4.0545882e-08
3.541921e-12
-8.6164104e-09
5.4614994e-13
-6.2778263e-08
-2.532073e-12
-6.2777022e-08
-2.4894587e-12
-8.613266e-09
-2.1910937e-12
4.0549123e-08
3.0849598e-08
6.5183754e-13
3.0847516e-08
4.0665432e-12
4.0542465e-08
3.2084087e-12
-8.615556e-09
5.7327632e-13
-6.2775631e-08
-2.2782116e-12
-6.2774174e-08
-3.4677168e-12
-8.61208e-09
-4.2987549e-13
4.0546083e-08
3.0849167e-08
2.4374994e-12
3.0845083e-08
3.2628292e-12
4.0541647e-08
3.6836175e-12
-8.6159688e-09
5.0842094e-13
-6.2772449e-08
-2.7355441e-12
-6.2770923e-08
-2.6995232e-12
-8.6121084e-09
-2.2757099e-12
4.0545666e-08
3.0846895e-08
7.3878269e-13
3.0844342e-08
4.259243e-12
4.0538124e-08
3.3516669e-12
-8.6150651e-09
5.0732635e-13
-6.2769608e-08
-2.5331151e-12
-6.2767886e-08
-3.7223083e-12
-8.6109227e-09
-5.3260352e-13
4.0542474e-08
3.084636e-08
2.5326478e-12
3.0841814e-08
3.4724116e-12
4.0537191e-08
3.8286428e-12
-8.6154133e-09
4.0967681e-13
-6.2766181e-08
-3.047534e-12
-6.2764421e-08
-3.0054085e-12
-8.6109572e-09
-2.3978662e-12
4.0541872e-08
3.0843966e-08
8.4513827e-13
3.0840967e-08
4.4868391e-12
4.0533546e-08
3.4982401e-12
-8.6144286e-09
3.7318353e-13
-6.276306e-08
-2.909502e-12
-6.2761142e-08
-4.0839442e-12
-8.6097863e-09
-6.7802963e-13
4.0538464e-08
3.0843287e-08
2.6486836e-12
3.0838323e-08
3.7205867e-12
4.0532482e-08
3.9776732e-12
-8.6146776e-09
2.3628069e-13
-6.2759311e-08
-3.4926467e-12
-6.2757406e-08
-3.4294605e-12
-8.6098418e-09
-2.5668601e-12
4.0537608e-08
3.0840724e-08
9.747481e-13
3.0837346e-08
4.7568947e-12
4.0528697e-08
3.6503606e-12
-8.613575e-09
1.5973815e-13
-6.2755824e-08
-3.4293917e-12
-6.275382e-08
-4.5731892e-12
-8.6087016e-09
-8.7484715e-13
4.0533907e-08
3.0839847e-08
2.7896688e-12
3.0834561e-08
4.0157333e-12
4.0527478e-08
4.1352947e-12
-8.6136865e-09
-1.9235454e-14
-6.2751662e-08
-4.0887974e-12
-6.2749743e-08
-3.9893114e-12
-8.6087934e-09
-2.7904379e-12
4.0532715e-08
3.083706e-08
1.1317402e-12
3.0833427e-08
5.0789898e-12
4.0523528e-08
3.8155099e-12
-8.6124269e-09
-1.3535832e-13
-6.2747714e-08
-4.1049727e-12
-6.2745777e-08
-5.2034926e-12
-8.6076984e-09
-1.1291569e-12
4.0528638e-08
3.0835929e-08
2.9600729e-12
3.0830471e-08
4.3685461e-12
4.0522126e-08
4.3128283e-12
-8.6123631e-09
-3.5280488e-13
-6.2743041e-08
-4.8406352e-12
-6.2741281e-08
-4.6926537e-12
-8.6078387e-09
-3.0727814e-12
4.0527025e-08
3.083286e-08
1.3204211e-12
3.0829149e-08
5.4653738e-12
4.0517979e-08
4.0091783e-12
-8.6109108e-09
-5.0005185e-13
-6.2738535e-08
-4.9314403e-12
-6.2736854e-08
-5.9754509e-12
-8.6067983e-09
-1.4420766e-12
4.0522489e-08
3.0831417e-08
3.1645992e-12
3.0825989e-08
4.7921887e-12
4.0516358e-08
4.530732e-12
-8.6106413e-09
-7.4327303e-13
-6.2733254e-08
-5.7321415e-12
-6.2731857e-08
-5.5309841e-12
-8.6069917e-09
-3.4119864e-12
4.0520376e-08
3.0828008e-08
1.5445697e-12
3.0824442e-08
5.9304123e-12
4.051197e-08
4.2563028e-12
-8.608971e-09
-9.029354e-13
-6.2728098e-08
-5.8796249e-12
-6.2726884e-08
-6.870385e-12
-8.6060045e-09
-1.8067982e-12
4.051531e-08
3.08262e-08
3.4071093e-12
3.082104e-08
5.3002556e-12
4.0510084e-08
4.8184895e-12
-8.6084811e-09
-1.1487108e-12
-6.2722123e-08
-6.7198857e-12
-6.2721305e-08
-6.4729554e-12
-8.6062436e-09
-3.7971258e-12
4.0512641e-08
3.0822407e-08
1.8051217e-12
3.0819232e-08
6.4866228e-12
4.0505399e-08
4.5885394e-12
-8.6065869e-09
-1.2916636e-12
-6.2716247e-08
-6.8902376e-12
-6.271571e-08
-7.8439719e-12
-8.6052934e-09
-2.2051001e-12
4.0507e-08
3.08202e-08
3.6872546e-12
3.081555e-08
5.8995338e-12
4.0503194e-08
5.2083181e-12
-8.6058875e-09
-1.5078823e-12
-6.2709523e-08
-7.7290374e-12
-6.2709481e-08
-7.4580137e-12
-8.6055566e-09
-4.2048038e-12
4.0503753e-08
3.0815999e-08
2.0943151e-12
3.0813453e-08
7.133399e-12
4.0498153e-08
5.032879e-12
-8.6037908e-09
-1.5985405e-12
-6.2702895e-08
-7.8719395e-12
-6.2703211e-08
-8.8203619e-12
-8.6046117e-09
-2.6029484e-12
4.0497534e-08
3.0813394e-08
3.992255e-12
3.0809466e-08
6.572789e-12
4.0495579e-08
5.7175187e-12
-8.6029272e-09
-1.7509549e-12
-6.2695418e-08
-8.6541918e-12
-6.26963e-08
-8.3903037e-12
-8.6048676e-09
-4.5944068e-12
4.0493744e-08
3.0808804e-08
2.3831944e-12
3.080708e-08
7.8328899e-12
4.0490127e-08
5.5862126e-12
-8.6006843e-09
-1.7572649e-12
-6.2688078e-08
-8.7049764e-12
-6.2689356e-08
-9.6860589e-12
-8.60389e-09
-2.9439403e-12
4.0487e-08
3.0805858e-08
4.2800642e-12
3.0802805e-08
7.2461032e-12
4.0487169e-08
6.3145794e-12
-8.5997444e-09
-1.8228675e-12
-6.2679933e-08
-9.3662862e-12
-6.2681805e-08
-9.1316917e-12
-8.6041165e-09
-4.9000396e-12
4.0482775e-08
3.0800962e-08
2.5990328e-12
3.0800204e-08
8.4687139e-12
4.0481296e-08
6.1732687e-12
-8.5974526e-09
-1.7329776e-12
-6.267203e-08
-9.2517829e-12
-6.2674289e-08
-1.0282201e-11
-8.6030895e-09
-3.1384985e-12
4.0475629e-08
3.0797822e-08
4.4510805e-12
3.0795758e-08
7.7408589e-12
4.0478014e-08
6.8713792e-12
-8.5965746e-09
-1.7191861e-12
-6.2663432e-08
-9.7278545e-12
-6.2666272e-08
-9.4944676e-12
-8.6033147e-09
-5.0168207e-12
4.0471158e-08
3.0792809e-08
2.5936939e-12
3.0793162e-08
8.7960388e-12
4.0471809e-08
6.600224e-12
-8.5943824e-09
-1.5618472e-12
-6.2655273e-08
-9.3806219e-12
-6.2658457e-08
-1.0400387e-11
-8.6022982e-09
-3.0490633e-12
4.0463805e-08
3.0789759e-08
4.3151877e-12
3.0788852e-08
7.7361201e-12
4.0468396e-08
7.1302704e-12
-8.5937679e-09
-1.5261143e-12
-6.2646608e-08
-9.6310494e-12
-6.2650344e-08
-9.2509965e-12
-8.6026699e-09
-4.7857292e-12
4.0459347e-08
3.0784977e-08
2.1232859e-12
3.0786726e-08
8.4367311e-12
4.046208e-08
6.5601169e-12
-8.5918947e-09
-1.3863103e-12
-6.2638665e-08
-9.0342942e-12
-6.2642699e-08
-9.8207346e-12
-8.6018866e-09
-2.4866933e-12
4.0452011e-08
3.0782489e-08
3.5941441e-12
3.0783137e-08
6.8414017e-12
4.0458841e-08
6.7832e-12
-8.5918277e-09
-1.4442512e-12
-6.2630429e-08
-9.1197938e-12
-6.2635015e-08
-8.2376896e-12
-8.6027601e-09
-4.009207e-12
4.0447789e-08
3.0778484e-08
9.1224323e-13
3.0782223e-08
7.0867652e-12
4.0452664e-08
5.8467522e-12
-8.590591e-09
-1.4584869e-12
-6.2623127e-08
-8.452495e-12
-6.2628024e-08
-8.5285507e-12
-8.602687e-09
-1.2812914e-12
4.0440541e-08
3.0777201e-08
2.077848e-12
3.078015e-08
5.0405001e-12
4.044971e-08
5.8984061e-12
-8.5914399e-09
-1.7628222e-12
-6.2615457e-08
-8.7729525e-12
-6.2621005e-08
-6.7759198e-12
-8.6046754e-09
-2.6022299e-12
4.0436374e-08
3.0774604e-08
-1.0206858e-12
3.0781169e-08
5.3149146e-12
4.0443372e-08
5.1084499e-12
-8.5912366e-09
-2.0754652e-12
-6.2608276e-08
-8.8147011e-12
-6.2614269e-08
-7.4460313e-12
-8.6060468e-09
4.1301355e-13
4.0428514e-08
3.0775015e-08
1.8435629e-13
3.078099e-08
4.0169067e-12
4.0439548e-08
6.1310253e-12
-8.5933414e-09
-2.7487895e-12
-6.2599387e-08
-1.0721522e-11
-6.2606287e-08
-6.8774534e-12
-8.609882e-09
-1.1121834e-12
4.0422756e-08
3.0773907e-08
-2.4593914e-12
3.0783448e-08
6.5908503e-12
4.0430496e-08
7.6684787e-12
-8.5944221e-09
-3.4174704e-12
-6.2588304e-08
-1.3777591e-11
-6.259593e-08
-1.0280728e-11
-8.6133815e-09
1.2770499e-12
4.0411197e-08
3.0775183e-08
2.9510406e-13
3.0783158e-08
1.0069597e-11
4.042073e-08
1.3289171e-11
-8.5976322e-09
-4.4362246e-12
-6.257057e-08
-2.0844608e-11
-6.2579513e-08
-1.492198e-11
-8.619295e-09
-1.9692418e-12
4.0398252e-08
3.0773219e-08
8.5228106e-13
3.0782304e-08
2.1217057e-11
4.0400363e-08
2.2921735e-11
-8.5993399e-09
-5.2994372e-12
-6.2542351e-08
-3.2432227e-11
-6.2552382e-08
-2.7171901e-11
-8.6245579e-09
-2.9117832e-12
4.037399e-08
3.0770306e-08
9.1432847e-12
3.0773166e-08
3.9053795e-11
4.0370461e-08
4.1538643e-11
-8.6018152e-09
-6.3606435e-12
-6.2494443e-08
-5.2505686e-11
-6.2506228e-08
-4.6286728e-11
-8.6307676e-09
-1.1758771e-11
4.033947e-08
3.0758551e-08
1.9035824e-11
3.0754128e-08
7.2083924e-11
4.0317411e-08
7.1121309e-11
-8.6008555e-09
-6.9251319e-12
-6.2416399e-08
-8.3648204e-11
-6.2429508e-08
-8.0149942e-11
-8.6342684e-09
-2.1990162e-11
4.0281309e-08
3.073656e-08
4.0892231e-11
3.0713242e-08
1.223845e-10
4.0235928e-08
1.1829671e-10
-8.5967582e-09
-7.375219e-12
-6.2290718e-08
-1.3111875e-10
-6.2305755e-08
-1.3111664e-10
-8.6342613e-09
-4.420503e-11
4.0194405e-08
3.0692359e-08
7.092324e-11
3.0642317e-08
2.0001036e-10
4.0106839e-08
1.8752612e-10
-8.5842771e-09
-6.8263083e-12
-6.2096368e-08
-2.0009594e-10
-6.2112488e-08
-2.083766e-10
-8.6259833e-09
-7.4202154e-11
4.0060229e-08
3.0618156e-08
1.1914518e-10
3.0523177e-08
3.102591e-10
3.9915733e-08
2.8644344e-10
-8.5604521e-09
-5.7633156e-12
-6.1804153e-08
-2.9655041e-10
-6.1821692e-08
-3.1763772e-10
-8.604887e-09
-1.2219655e-10
3.9864795e-08
3.0495964e-08
1.8429827e-10
3.0338877e-08
4.6304118e-10
3.9636988e-08
4.211016e-10
-8.5185161e-09
-3.2040955e-12
-6.137985e-08
-4.2752687e-10
-6.1397372e-08
-4.6778947e-10
-8.5646276e-09
-1.865445e-10
3.9583548e-08
3.0309417e-08
2.7440491e-10
3.0064477e-08
6.6485244e-10
3.9246548e-08
5.9775928e-10
-8.4514141e-09
1.7135447e-13
-6.0782254e-08
-5.9758289e-10
-6.079961e-08
-6.6598018e-10
-8.4962218e-09
-2.7545148e-10
3.9193027e-08
3.003397e-08
3.8948186e-10
2.9674993e-08
9.2138951e-10
3.8714637e-08
8.2093668e-10
-8.3509655e-09
5.2394056e-12
-5.996656e-08
-8.126394e-10
-5.9981735e-08
-9.1694741e-10
-8.3919176e-09
-3.8865495e-10
3.8664732e-08
2.9645313e-08
5.3282819e-10
2.914217e-08
1.2352114e-09
3.8012261e-08
1.0909363e-09
-8.2066826e-09
1.1087421e-11
-5.8886704e-08
-1.0716913e-09
-5.8898948e-08
-1.2241876e-09
-8.2394138e-09
-5.2965011e-10
3.79702e-08
2.9115666e-08
7.027262e-10
2.8439441e-08
1.6012547e-09
3.7113729e-08
1.4051646e-09
-8.0105977e-09
1.8221021e-11
-5.7499765e-08
-1.3739028e-09
-5.7506829e-08
-1.5820398e-09
-8.0312818e-09
-6.9660967e-10
3.7084766e-08
2.8419053e-08
8.9429374e-10
2.7545151e-08
2.0103964e-09
3.5997632e-08
1.7518536e-09
-7.7520483e-09
2.5607388e-11
-5.5773512e-08
-1.7070538e-09
-5.5774162e-08
-1.9824674e-09
-7.7558617e-09
-8.8486929e-10
3.5987173e-08
2.7534187e-08
1.1000986e-09
2.6445049e-08
2.4394367e-09
3.4658288e-08
2.1145501e-09
-7.4271682e-09
3.3167158e-11
-5.3692135e-08
-2.0564289e-09
-5.3684572e-08
-2.4022921e-09
-7.4100048e-09
-1.0870594e-09
3.4671935e-08
2.6447124e-08
1.3037333e-09
2.5141319e-08
2.8596386e-09
3.3102388e-08
2.4641455e-09
-7.0316696e-09
4.0050433e-11
-5.1268035e-08
-2.3935965e-09
-5.125092e-08
-2.8136668e-09
-6.9899293e-09
-1.2869957e-09
3.3145268e-08
2.5160131e-08
1.4866931e-09
2.3654622e-08
3.2240078e-09
3.1365067e-08
2.7655546e-09
-6.5732239e-09
4.5560098e-11
-4.8548048e-08
-2.6845597e-09
-4.8520807e-08
-3.1703397e-09
-6.5041563e-09
-1.4663302e-09
3.1441253e-08
2.3693797e-08
1.6174949e-09
2.203713e-08
3.4749204e-09
2.9507645e-08
2.9646984e-09
-6.0629983e-09
4.9501423e-11
-4.5632847e-08
-2.8769386e-09
-4.5594364e-08
-3.4148884e-09
-5.9662031e-09
-1.593767e-09
2.9620133e-08
2.2100031e-08
1.6800085e-09
2.0357117e-08
3.5343683e-09
2.7653281e-08
2.9910834e-09
-5.5197178e-09
5.1018232e-11
-4.2692787e-08
-2.8996465e-09
-4.2643703e-08
-3.4705924e-09
-5.3952617e-09
-1.653134e-09
2.7802672e-08
2.0446896e-08
1.6987846e-09
3.3245818e-09
2.7591733e-09
5.1348561e-11
-2.6688543e-09
-3.2589737e-09
-1.6700616e-09
)
;

boundaryField
{
    left
    {
        type            calculated;
        value           nonuniform List<scalar> 8(-3.0245074e-19 -3.0245074e-19 -3.0245074e-19 -3.0245074e-19 -3.0245074e-19 -3.0245074e-19 -3.0245074e-19 -3.0245074e-19);
    }
    right
    {
        type            calculated;
        value           nonuniform List<scalar> 8(1.8658333e-08 2.6027485e-08 -4.954308e-09 -3.9984961e-08 -3.9923499e-08 -4.805141e-09 2.621376e-08 1.8776834e-08);
    }
    walls
    {
        type            calculated;
        value           uniform 0;
    }
    frontAndBack
    {
        type            empty;
        value           nonuniform 0();
    }
}


// ************************************************************************* //
