/*--------------------------------*- C++ -*----------------------------------*\
| =========                 |                                                 |
| \\      /  F ield         | OpenFOAM: The Open Source CFD Toolbox           |
|  \\    /   O peration     | Version:  5.x                                   |
|   \\  /    A nd           | Web:      www.OpenFOAM.org                      |
|    \\/     M anipulation  |                                                 |
\*---------------------------------------------------------------------------*/
FoamFile
{
    version     2.0;
    format      ascii;
    class       surfaceScalarField;
    location    "2";
    object      phi_0;
}
// * * * * * * * * * * * * * * * * * * * * * * * * * * * * * * * * * * * * * //

dimensions      [0 3 -1 0 0 0 0];

internalField   nonuniform List<scalar> 
3592
(
-1.8377651e-06
-1.7475797e-05
-1.1783522e-06
-1.9972973e-05
-5.8252628e-07
-1.9909385e-05
3.7745837e-13
-1.9896086e-05
5.8252702e-07
-1.9896086e-05
1.178352e-06
-1.9909385e-05
1.8377647e-06
-1.9972972e-05
-1.7475795e-05
-2.4551479e-06
-1.5020646e-05
-2.2249005e-06
-2.0203217e-05
-1.1931102e-06
-2.0941168e-05
7.2339685e-13
-2.1089191e-05
1.1931115e-06
-2.1089191e-05
2.2249004e-06
-2.0941168e-05
2.4551478e-06
-2.0203216e-05
-1.5020644e-05
-2.144855e-06
-1.2875787e-05
-2.3663602e-06
-1.9981706e-05
-1.375729e-06
-2.1931793e-05
9.470861e-13
-2.2464915e-05
1.3757305e-06
-2.2464915e-05
2.3663605e-06
-2.1931793e-05
2.1448553e-06
-1.9981706e-05
-1.2875786e-05
-1.6989257e-06
-1.1176857e-05
-2.1030431e-06
-1.9577583e-05
-1.304141e-06
-2.2730688e-05
1.0558718e-12
-2.3769052e-05
1.3041427e-06
-2.3769052e-05
2.1030436e-06
-2.2730689e-05
1.6989261e-06
-1.9577583e-05
-1.1176857e-05
-1.2794413e-06
-9.8974121e-06
-1.7146914e-06
-1.9142328e-05
-1.1176317e-06
-2.3327743e-05
1.0017253e-12
-2.488668e-05
1.1176333e-06
-2.4886681e-05
1.7146921e-06
-2.3327743e-05
1.2794418e-06
-1.9142327e-05
-9.897412e-06
-9.2888e-07
-8.968528e-06
-1.3247704e-06
-1.8746432e-05
-8.9892938e-07
-2.3753578e-05
8.6848403e-13
-2.5785606e-05
8.9893079e-07
-2.5785606e-05
1.3247712e-06
-2.3753578e-05
9.2888059e-07
-1.8746431e-05
-8.9685278e-06
-6.5540145e-07
-8.3131228e-06
-9.8476369e-07
-1.8417064e-05
-6.9114533e-07
-2.4047191e-05
6.6352556e-13
-2.6476748e-05
6.9114648e-07
-2.6476748e-05
9.8476467e-07
-2.4047191e-05
6.5540212e-07
-1.8417063e-05
-8.3131225e-06
-4.5217483e-07
-7.860944e-06
-7.1054503e-07
-1.8158688e-05
-5.1337256e-07
-2.4244359e-05
4.7219142e-13
-2.6990117e-05
5.1337341e-07
-2.6990116e-05
7.1054605e-07
-2.4244358e-05
4.5217554e-07
-1.8158687e-05
-7.8609436e-06
-3.0610991e-07
-7.5548309e-06
-5.0044525e-07
-1.7964348e-05
-3.7084159e-07
-2.4373959e-05
2.6079497e-13
-2.7360955e-05
3.7084216e-07
-2.7360955e-05
5.0044624e-07
-2.4373957e-05
3.0611065e-07
-1.7964347e-05
-7.5548304e-06
-2.03775e-07
-7.3510524e-06
-3.4520195e-07
-1.7822916e-05
-2.6166135e-07
-2.4457495e-05
9.8069991e-14
-2.7622613e-05
2.6166163e-07
-2.7622612e-05
3.4520287e-07
-2.4457493e-05
2.0377571e-07
-1.7822915e-05
-7.3510519e-06
-1.3346044e-07
-7.2175896e-06
-2.3370627e-07
-1.7722666e-05
-1.8082867e-07
-2.451037e-05
-5.7248335e-14
-2.7803438e-05
1.8082873e-07
-2.7803438e-05
2.3370706e-07
-2.4510368e-05
1.334611e-07
-1.7722665e-05
-7.2175889e-06
-8.6032573e-08
-7.1315542e-06
-1.5543822e-07
-1.7653256e-05
-1.2261687e-07
-2.4543187e-05
-1.6984563e-13
-2.7926052e-05
1.2261673e-07
-2.7926051e-05
1.5543887e-07
-2.4543186e-05
8.6033168e-08
-1.7653255e-05
-7.1315536e-06
-5.452777e-08
-7.0770249e-06
-1.0160792e-07
-1.7606173e-05
-8.1644446e-08
-2.4563149e-05
-2.575125e-13
-2.8007694e-05
8.1644148e-08
-2.8007693e-05
1.016084e-07
-2.4563147e-05
5.452828e-08
-1.7606172e-05
-7.0770242e-06
-3.3948882e-08
-7.0430739e-06
-6.5241363e-08
-1.7574878e-05
-5.339497e-08
-2.4574992e-05
-3.2748586e-13
-2.8061085e-05
5.3394555e-08
-2.8061084e-05
6.5241687e-08
-2.457499e-05
3.3949303e-08
-1.7574876e-05
-7.0430734e-06
-2.0701327e-08
-7.0223716e-06
-4.1104264e-08
-1.7554473e-05
-3.4273891e-08
-2.4581821e-05
-3.6514171e-13
-2.8095357e-05
3.4273366e-08
-2.8095356e-05
4.1104435e-08
-2.458182e-05
2.0701652e-08
-1.7554471e-05
-7.022371e-06
-1.2323821e-08
-7.0100462e-06
-2.5349813e-08
-1.7541444e-05
-2.1564459e-08
-2.4585604e-05
-4.0553569e-13
-2.8116918e-05
2.1563881e-08
-2.8116918e-05
2.5349846e-08
-2.4585603e-05
1.2324064e-08
-1.7541443e-05
-7.0100458e-06
-7.1145665e-09
-7.002931e-06
-1.5250841e-08
-1.7533306e-05
-1.3264176e-08
-2.4587589e-05
-4.0903167e-13
-2.8130181e-05
1.3263527e-08
-2.813018e-05
1.5250764e-08
-2.4587589e-05
7.1147257e-09
-1.7533305e-05
-7.0029307e-06
-3.945634e-09
-6.9989841e-06
-8.8969668e-09
-1.7528352e-05
-7.9443263e-09
-2.458854e-05
-4.2825181e-13
-2.8138122e-05
7.9436717e-09
-2.8138122e-05
8.8967942e-09
-2.4588539e-05
3.9457347e-09
-1.7528352e-05
-6.998984e-06
-2.0630077e-09
-6.9969207e-06
-4.985448e-09
-1.7525429e-05
-4.602017e-09
-2.4588922e-05
-4.1145023e-13
-2.8142723e-05
4.6013306e-09
-2.8142723e-05
4.9852181e-09
-2.4588922e-05
2.0630501e-09
-1.7525429e-05
-6.9969208e-06
-9.8015158e-10
-6.9959395e-06
-2.6369844e-09
-1.752377e-05
-2.5500129e-09
-2.4589007e-05
-4.0712769e-13
-2.814527e-05
2.5493609e-09
-2.814527e-05
2.6367131e-09
-2.4589008e-05
9.8016526e-10
-1.7523771e-05
-6.9959397e-06
-3.8248658e-10
-6.9955567e-06
-1.2711534e-09
-1.7522881e-05
-1.3237929e-09
-2.4588954e-05
-3.7442755e-13
-2.8146593e-05
1.3231583e-09
-2.8146593e-05
1.2708763e-09
-2.4588955e-05
3.8247026e-10
-1.7522881e-05
-6.9955571e-06
-7.2839097e-11
-6.9954828e-06
-5.0909867e-10
-1.7522442e-05
-6.1598863e-10
-2.4588845e-05
-3.4540358e-13
-2.8147206e-05
6.1542364e-10
-2.8147207e-05
5.0883412e-10
-2.4588846e-05
7.2822031e-11
-1.7522444e-05
-6.9954834e-06
7.2047149e-11
-6.9955545e-06
-1.0923779e-10
-1.752226e-05
-2.2573017e-10
-2.4588727e-05
-2.9512288e-13
-2.8147431e-05
2.2523343e-10
-2.8147432e-05
1.0900865e-10
-2.4588729e-05
-7.2069527e-11
-1.7522262e-05
-6.9955553e-06
1.2593079e-10
-6.9956794e-06
8.0959529e-11
-1.7522213e-05
-2.512348e-11
-2.4588619e-05
-2.3601311e-13
-2.8147454e-05
2.4731837e-11
-2.8147455e-05
-8.113045e-11
-2.4588621e-05
-1.2593253e-10
-1.7522216e-05
-6.9956804e-06
1.3369754e-10
-6.9958128e-06
1.5416642e-10
-1.7522233e-05
6.6691381e-11
-2.4588531e-05
-1.7250062e-13
-2.8147386e-05
-6.6967419e-11
-2.8147387e-05
-1.542714e-10
-2.4588534e-05
-1.3368656e-10
-1.7522235e-05
-6.9958139e-06
1.1950697e-10
-6.9959312e-06
1.6700092e-10
-1.7522279e-05
9.8441125e-11
-2.4588461e-05
-9.4257896e-14
-2.8147286e-05
-9.8590313e-11
-2.8147287e-05
-1.670179e-10
-2.4588463e-05
-1.1946277e-10
-1.7522281e-05
-6.9959325e-06
9.8317727e-11
-6.9960292e-06
1.5090914e-10
-1.752233e-05
9.9987735e-11
-2.4588409e-05
-2.2394432e-14
-2.8147185e-05
-9.9993944e-11
-2.8147186e-05
-1.5084688e-10
-2.4588412e-05
-9.8251606e-11
-1.7522333e-05
-6.9960306e-06
7.5821206e-11
-6.996104e-06
1.2470605e-10
-1.7522378e-05
8.753987e-11
-2.458837e-05
6.4093553e-14
-2.8147096e-05
-8.7413403e-11
-2.8147097e-05
-1.2454478e-10
-2.4588373e-05
-7.571818e-11
-1.7522381e-05
-6.9961054e-06
5.6601025e-11
-6.9961603e-06
9.6642201e-11
-1.7522417e-05
7.089761e-11
-2.4588344e-05
1.3433109e-13
-2.8147024e-05
-7.0625435e-11
-2.8147026e-05
-9.640402e-11
-2.4588347e-05
-5.6474798e-11
-1.752242e-05
-6.9961617e-06
4.0243901e-11
-6.9961995e-06
7.2010891e-11
-1.7522447e-05
5.4049496e-11
-2.4588324e-05
2.1607017e-13
-2.8146969e-05
-5.3656944e-11
-2.814697e-05
-7.1680283e-11
-2.4588327e-05
-4.0084208e-11
-1.752245e-05
-6.996201e-06
2.8283145e-11
-6.9962275e-06
5.1287953e-11
-1.7522469e-05
3.9690198e-11
-2.4588312e-05
2.7498765e-13
-2.8146929e-05
-3.9171861e-11
-2.814693e-05
-5.0895042e-11
-2.4588315e-05
-2.8104768e-11
-1.7522472e-05
-6.9962289e-06
1.872242e-11
-6.9962452e-06
3.5642708e-11
-1.7522484e-05
2.7794293e-11
-2.4588302e-05
3.4053075e-13
-2.8146899e-05
-2.7183147e-11
-2.8146901e-05
-3.5176892e-11
-2.4588305e-05
-1.8518569e-11
-1.7522487e-05
-6.9962466e-06
1.2502165e-11
-6.9962574e-06
2.3498284e-11
-1.7522495e-05
1.8945286e-11
-2.4588297e-05
3.8094521e-13
-2.814688e-05
-1.8244361e-11
-2.8146882e-05
-2.2992451e-11
-2.45883e-05
-1.2287473e-11
-1.7522498e-05
-6.9962587e-06
7.4884132e-12
-6.9962639e-06
1.5162311e-11
-1.7522501e-05
1.2115522e-11
-2.4588292e-05
4.2353737e-13
-2.8146867e-05
-1.1358257e-11
-2.8146868e-05
-1.4609985e-11
-2.4588295e-05
-7.2581827e-12
-1.7522503e-05
-6.9962652e-06
4.6978228e-12
-6.9962684e-06
8.8515803e-12
-1.7522504e-05
7.4878091e-12
-2.4588291e-05
4.4257675e-13
-2.814686e-05
-6.6835686e-12
-2.8146861e-05
-8.2840454e-12
-2.4588293e-05
-4.4655209e-12
-1.7522507e-05
-6.9962694e-06
2.2021181e-12
-6.9962696e-06
4.9450795e-12
-1.7522505e-05
3.9797278e-12
-2.4588288e-05
4.6078763e-13
-2.8146854e-05
-3.1566809e-12
-2.8146855e-05
-4.3581548e-12
-2.458829e-05
-1.9639174e-12
-1.7522508e-05
-6.9962706e-06
1.1855244e-12
-6.9962706e-06
1.8961345e-12
-1.7522506e-05
1.8450536e-12
-2.4588287e-05
4.5954954e-13
-2.8146853e-05
-1.0159163e-12
-2.8146853e-05
-1.3166445e-12
-2.4588289e-05
-9.5304816e-13
-1.7522508e-05
-6.9962714e-06
-6.7604902e-14
-6.9962695e-06
3.0697346e-13
-1.7522504e-05
1.5696333e-13
-2.4588286e-05
4.5623631e-13
-2.8146851e-05
6.58671e-13
-2.8146852e-05
2.6875254e-13
-2.4588287e-05
2.9815148e-13
-1.7522506e-05
-6.9962703e-06
-2.5768689e-13
-6.9962691e-06
-1.1212039e-12
-1.7522503e-05
-6.9562676e-13
-2.4588286e-05
4.3890352e-13
-2.8146852e-05
1.4845066e-12
-2.8146853e-05
1.6721268e-12
-2.4588287e-05
4.7682686e-13
-1.7522505e-05
-6.9962697e-06
-9.4966158e-13
-6.9962672e-06
-1.617194e-12
-1.7522501e-05
-1.4929605e-12
-2.4588284e-05
4.1968964e-13
-2.8146852e-05
2.2452594e-12
-2.8146853e-05
2.1478109e-12
-2.4588286e-05
1.1615819e-12
-1.7522502e-05
-6.9962678e-06
-7.9029227e-13
-6.9962662e-06
-2.309893e-12
-1.7522499e-05
-1.7490684e-12
-2.4588284e-05
3.9199119e-13
-2.8146854e-05
2.4528238e-12
-2.8146855e-05
2.8049979e-12
-2.4588286e-05
9.876454e-13
-1.75225e-05
-6.9962667e-06
-1.2475761e-12
-6.996264e-06
-2.3349094e-12
-1.7522496e-05
-2.1471159e-12
-2.4588283e-05
3.6334894e-13
-2.8146855e-05
2.801636e-12
-2.8146856e-05
2.8004501e-12
-2.4588284e-05
1.435001e-12
-1.7522497e-05
-6.9962645e-06
-9.5670194e-13
-6.9962629e-06
-2.7196809e-12
-1.7522494e-05
-2.1488307e-12
-2.4588283e-05
3.3108005e-13
-2.8146857e-05
2.7441348e-12
-2.8146858e-05
3.1454434e-12
-2.4588284e-05
1.1287337e-12
-1.7522495e-05
-6.9962632e-06
-1.3218622e-12
-6.9962607e-06
-2.5602451e-12
-1.7522491e-05
-2.3807104e-12
-2.4588282e-05
2.9893966e-13
-2.8146858e-05
2.9235578e-12
-2.8146859e-05
2.953635e-12
-2.4588283e-05
1.4834064e-12
-1.7522492e-05
-6.996261e-06
-9.9041942e-13
-6.9962596e-06
-2.8252554e-12
-1.7522489e-05
-2.2825738e-12
-2.4588282e-05
2.6693442e-13
-2.8146861e-05
2.7647549e-12
-2.8146861e-05
3.1797805e-12
-2.4588283e-05
1.1375375e-12
-1.7522489e-05
-6.9962598e-06
-1.3200371e-12
-6.9962573e-06
-2.6018157e-12
-1.7522486e-05
-2.448841e-12
-2.4588281e-05
2.3583728e-13
-2.8146862e-05
2.8824764e-12
-2.8146862e-05
2.9259424e-12
-2.4588281e-05
1.4575977e-12
-1.7522487e-05
-6.9962576e-06
-9.8229907e-13
-6.9962562e-06
-2.8224397e-12
-1.7522484e-05
-2.3143448e-12
-2.4588281e-05
2.0745302e-13
-2.8146864e-05
2.6922622e-12
-2.8146864e-05
3.1120657e-12
-2.4588282e-05
1.107524e-12
-1.7522484e-05
-6.9962564e-06
-1.2963101e-12
-6.996254e-06
-2.5808118e-12
-1.7522481e-05
-2.4543398e-12
-2.458828e-05
1.8026645e-13
-2.8146865e-05
2.7920186e-12
-2.8146865e-05
2.8449033e-12
-2.458828e-05
1.4137132e-12
-1.7522482e-05
-6.9962542e-06
-9.6351936e-13
-6.996253e-06
-2.7840433e-12
-1.7522479e-05
-2.3070058e-12
-2.458828e-05
1.5732996e-13
-2.8146867e-05
2.5974295e-12
-2.8146868e-05
3.0197405e-12
-2.458828e-05
1.0711774e-12
-1.7522479e-05
-6.9962531e-06
-1.2677736e-12
-6.9962508e-06
-2.5395553e-12
-1.7522476e-05
-2.4345166e-12
-2.4588278e-05
1.3538422e-13
-2.8146869e-05
2.6949076e-12
-2.8146869e-05
2.7557933e-12
-2.4588279e-05
1.3695797e-12
-1.7522477e-05
-6.996251e-06
-9.4280255e-13
-6.9962497e-06
-2.733675e-12
-1.7522474e-05
-2.2821039e-12
-2.4588279e-05
1.1844396e-13
-2.8146871e-05
2.5048324e-12
-2.8146871e-05
2.9279904e-12
-2.4588279e-05
1.037476e-12
-1.7522474e-05
-6.9962498e-06
-1.2384618e-12
-6.9962476e-06
-2.4905616e-12
-1.7522471e-05
-2.4014536e-12
-2.4588277e-05
1.0189779e-13
-2.8146872e-05
2.6043652e-12
-2.8146872e-05
2.671464e-12
-2.4588278e-05
1.3290916e-12
-1.7522472e-05
-6.9962478e-06
-9.2161017e-13
-6.9962466e-06
-2.6775684e-12
-1.7522469e-05
-2.2463187e-12
-2.4588277e-05
9.061159e-14
-2.8146874e-05
2.4206394e-12
-2.8146874e-05
2.8424625e-12
-2.4588278e-05
1.0074407e-12
-1.752247e-05
-6.9962467e-06
-1.2086577e-12
-6.9962445e-06
-2.4366737e-12
-1.7522466e-05
-2.3588878e-12
-2.4588276e-05
7.8881983e-14
-2.8146875e-05
2.5224382e-12
-2.8146875e-05
2.5934202e-12
-2.4588276e-05
1.2918721e-12
-1.7522467e-05
-6.9962447e-06
-8.9967123e-13
-6.9962435e-06
-2.616935e-12
-1.7522464e-05
-2.2019133e-12
-2.4588276e-05
7.2408896e-14
-2.8146877e-05
2.3445017e-12
-2.8146877e-05
2.7625453e-12
-2.4588277e-05
9.7999988e-13
-1.7522465e-05
-6.9962437e-06
-1.1780204e-12
-6.9962415e-06
-2.3783888e-12
-1.7522462e-05
-2.3084306e-12
-2.4588275e-05
6.455259e-14
-2.8146878e-05
2.4475772e-12
-2.8146878e-05
2.5200017e-12
-2.4588275e-05
1.256704e-12
-1.7522462e-05
-6.9962418e-06
-8.7665353e-13
-6.9962406e-06
-2.5521043e-12
-1.752246e-05
-2.1502634e-12
-2.4588275e-05
6.186923e-14
-2.814688e-05
2.2742948e-12
-2.814688e-05
2.6862696e-12
-2.4588276e-05
9.5392301e-13
-1.752246e-05
-6.9962408e-06
-1.1463882e-12
-6.9962386e-06
-2.3160515e-12
-1.7522457e-05
-2.2514285e-12
-2.4588274e-05
5.6863721e-14
-2.8146881e-05
2.3775395e-12
-2.8146881e-05
2.4492188e-12
-2.4588274e-05
1.2225488e-12
-1.7522458e-05
-6.9962389e-06
-8.5248321e-13
-6.9962377e-06
-2.4835651e-12
-1.7522455e-05
-2.0927335e-12
-2.4588274e-05
5.6977503e-14
-2.8146883e-05
2.2078432e-12
-2.8146883e-05
2.6118693e-12
-2.4588275e-05
9.2830857e-13
-1.7522456e-05
-6.9962379e-06
-1.1138393e-12
-6.9962357e-06
-2.2502535e-12
-1.7522453e-05
-2.1892821e-12
-2.4588273e-05
5.3892551e-14
-2.8146884e-05
2.3103743e-12
-2.8146884e-05
2.3795466e-12
-2.4588273e-05
1.1887303e-12
-1.7522454e-05
-6.996236e-06
-8.2728441e-13
-6.9962349e-06
-2.412027e-12
-1.7522451e-05
-2.030714e-12
-2.4588273e-05
5.5956866e-14
-2.8146886e-05
2.1434429e-12
-2.8146886e-05
2.5381293e-12
-2.4588274e-05
9.0260891e-13
-1.7522452e-05
-6.9962351e-06
-1.0805874e-12
-6.9962329e-06
-2.1817432e-12
-1.7522449e-05
-2.1233571e-12
-2.4588272e-05
5.4034137e-14
-2.8146886e-05
2.2446662e-12
-2.8146887e-05
2.3100209e-12
-2.4588272e-05
1.1548812e-12
-1.7522449e-05
-6.9962333e-06
-8.0127229e-13
-6.9962321e-06
-2.3382792e-12
-1.7522447e-05
-1.9654964e-12
-2.4588272e-05
5.7388846e-14
-2.8146888e-05
2.0799353e-12
-2.8146889e-05
2.4643497e-12
-2.4588273e-05
8.765442e-13
-1.7522448e-05
-6.9962324e-06
-1.0468892e-12
-6.9962303e-06
-2.1112857e-12
-1.7522445e-05
-2.0548687e-12
-2.4588271e-05
5.6058288e-14
-2.8146889e-05
2.1795124e-12
-2.814689e-05
2.2401355e-12
-2.4588271e-05
1.1208496e-12
-1.7522445e-05
-6.9962307e-06
-7.7467922e-13
-6.9962295e-06
-2.2630746e-12
-1.7522443e-05
-1.8981897e-12
-2.4588271e-05
6.0222622e-14
-2.8146891e-05
2.0166289e-12
-2.8146891e-05
2.3902183e-12
-2.4588272e-05
8.5001323e-13
-1.7522444e-05
-6.9962298e-06
-1.0129923e-12
-6.9962277e-06
-2.0395792e-12
-1.7522441e-05
-1.984831e-12
-2.458827e-05
5.9082307e-14
-2.8146892e-05
2.1144182e-12
-2.8146892e-05
2.1697115e-12
-2.4588271e-05
1.0866201e-12
-1.7522442e-05
-6.9962281e-06
-7.4772083e-13
-6.996227e-06
-2.1870775e-12
-1.7522439e-05
-1.8296989e-12
-2.458827e-05
6.3724696e-14
-2.8146894e-05
1.9531843e-12
-2.8146894e-05
2.3156871e-12
-2.4588271e-05
8.230264e-13
-1.752244e-05
-6.9962273e-06
-9.79115e-13
-6.9962252e-06
-1.9672275e-12
-1.7522437e-05
-1.9140604e-12
-2.4588269e-05
6.2506005e-14
-2.8146894e-05
2.0491834e-12
-2.8146895e-05
2.0987839e-12
-2.458827e-05
1.0522587e-12
-1.7522438e-05
-6.9962257e-06
-7.2058567e-13
-6.9962245e-06
-2.1108537e-12
-1.7522435e-05
-1.7607469e-12
-2.4588269e-05
6.7406577e-14
-2.8146896e-05
1.8895057e-12
-2.8146897e-05
2.240874e-12
-2.458827e-05
7.9565915e-13
-1.7522436e-05
-6.9962249e-06
-9.4544412e-13
-6.9962228e-06
-1.894743e-12
-1.7522433e-05
-1.8432069e-12
-2.4588268e-05
6.5937193e-14
-2.8146897e-05
1.9838023e-12
-2.8146897e-05
2.0275183e-12
-2.4588269e-05
1.0178743e-12
-1.7522434e-05
-6.9962233e-06
-6.9343623e-13
-6.9962222e-06
-2.0348821e-12
-1.7522432e-05
-1.6919104e-12
-2.4588268e-05
7.0953898e-14
-2.8146899e-05
1.8256516e-12
-2.8146899e-05
2.1659928e-12
-2.4588269e-05
7.6802123e-13
-1.7522433e-05
-6.9962226e-06
-9.1213805e-13
-6.9962205e-06
-1.8225609e-12
-1.752243e-05
-1.7727923e-12
-2.4588267e-05
6.9127482e-14
-2.8146899e-05
1.9183868e-12
-2.81469e-05
1.9561502e-12
-2.4588268e-05
9.8359575e-13
-1.7522431e-05
-6.996221e-06
-6.6641305e-13
-6.9962199e-06
-1.9595697e-12
-1.7522428e-05
-1.6236561e-12
-2.4588267e-05
7.4169502e-14
-2.8146901e-05
1.7617697e-12
-2.8146902e-05
2.0913017e-12
-2.4588269e-05
7.4023771e-13
-1.7522429e-05
-6.9962203e-06
-8.7933186e-13
-6.9962183e-06
-1.7510539e-12
-1.7522426e-05
-1.7032408e-12
-2.4588266e-05
7.1922474e-14
-2.8146902e-05
1.8531125e-12
-2.8146902e-05
1.8849449e-12
-2.4588267e-05
9.4955566e-13
-1.7522427e-05
-6.9962188e-06
-6.3963898e-13
-6.9962178e-06
-1.8852649e-12
-1.7522425e-05
-1.5563661e-12
-2.4588267e-05
7.6931375e-14
-2.8146904e-05
1.6980516e-12
-2.8146904e-05
2.0170731e-12
-2.4588268e-05
7.1243599e-13
-1.7522426e-05
-6.9962182e-06
-8.4714111e-13
-6.9962162e-06
-1.6805425e-12
-1.7522423e-05
-1.6349018e-12
-2.4588266e-05
7.4228165e-14
-2.8146904e-05
1.7881813e-12
-2.8146905e-05
1.8141715e-12
-2.4588267e-05
9.1588192e-13
-1.7522424e-05
-6.9962167e-06
-6.1322076e-13
-6.9962157e-06
-1.8122658e-12
-1.7522422e-05
-1.4903571e-12
-2.4588266e-05
7.9166503e-14
-2.8146906e-05
1.6347038e-12
-2.8146906e-05
1.9435721e-12
-2.4588267e-05
6.8473889e-13
-1.7522423e-05
-6.9962161e-06
-8.1566268e-13
-6.9962142e-06
-1.6113017e-12
-1.752242e-05
-1.5680639e-12
-2.4588265e-05
7.5989759e-14
-2.8146906e-05
1.7237997e-12
-2.8146907e-05
1.7440868e-12
-2.4588266e-05
8.8269195e-13
-1.7522421e-05
-6.9962147e-06
-5.8725086e-13
-6.9962137e-06
-1.7408243e-12
-1.7522419e-05
-1.4258898e-12
-2.4588265e-05
8.083455e-14
-2.8146908e-05
1.5719303e-12
-2.8146908e-05
1.871045e-12
-2.4588267e-05
6.5726002e-13
-1.752242e-05
-6.9962141e-06
-7.8497736e-13
-6.9962122e-06
-1.5435629e-12
-1.7522417e-05
-1.5029613e-12
-2.4588264e-05
7.7180376e-14
-2.8146908e-05
1.6601656e-12
-2.8146909e-05
1.6749266e-12
-2.4588265e-05
8.5008992e-13
-1.7522418e-05
-6.9962128e-06
-5.6180714e-13
-6.9962118e-06
-1.6711492e-12
-1.7522416e-05
-1.3631735e-12
-2.4588265e-05
8.1919016e-14
-2.814691e-05
1.5099234e-12
-2.8146911e-05
1.7997129e-12
-2.4588266e-05
6.301015e-13
-1.7522417e-05
-6.9962123e-06
-7.5514933e-13
-6.9962104e-06
-1.477516e-12
-1.7522414e-05
-1.4397788e-12
-2.4588264e-05
7.7794107e-14
-2.8146911e-05
1.5974616e-12
-2.8146911e-05
1.6069012e-12
-2.4588265e-05
8.1816584e-13
-1.7522415e-05
-6.9962109e-06
-5.3695375e-13
-6.99621e-06
-1.6034065e-12
-1.7522413e-05
-1.3023703e-12
-2.4588264e-05
8.2422884e-14
-2.8146912e-05
1.4488588e-12
-2.8146913e-05
1.7297691e-12
-2.4588265e-05
6.0335337e-13
-1.7522414e-05
-6.9962104e-06
-7.2622714e-13
-6.9962086e-06
-1.4133103e-12
-1.7522412e-05
-1.378654e-12
-2.4588263e-05
7.7842568e-14
-2.8146913e-05
1.535852e-12
-2.8146913e-05
1.5401931e-12
-2.4588264e-05
7.8699516e-13
-1.7522413e-05
-6.9962092e-06
-5.1274059e-13
-6.9962083e-06
-1.5377213e-12
-1.7522411e-05
-1.2435977e-12
-2.4588264e-05
8.2365209e-14
-2.8146914e-05
1.3888934e-12
-2.8146915e-05
1.6613778e-12
-2.4588265e-05
5.7709232e-13
-1.7522412e-05
-6.9962087e-06
-6.9824408e-13
-6.996207e-06
-1.3510558e-12
-1.7522409e-05
-1.319681e-12
-2.4588263e-05
7.7352099e-14
-2.8146914e-05
1.4754813e-12
-2.8146915e-05
1.474957e-12
-2.4588264e-05
7.5663905e-13
-1.752241e-05
-6.9962075e-06
-4.892044e-13
-6.9962067e-06
-1.4741802e-12
-1.7522408e-05
-1.1869305e-12
-2.4588263e-05
8.1778821e-14
-2.8146916e-05
1.3301643e-12
-2.8146916e-05
1.5946748e-12
-2.4588264e-05
5.513837e-13
-1.7522409e-05
-6.9962071e-06
-6.7121992e-13
-6.9962054e-06
-1.2908263e-12
-1.7522407e-05
-1.2629129e-12
-2.4588262e-05
7.6361801e-14
-2.8146916e-05
1.4164741e-12
-2.8146917e-05
1.4113201e-12
-2.4588263e-05
7.2714563e-13
-1.7522408e-05
-6.9962058e-06
-4.6636971e-13
-6.9962051e-06
-1.4128341e-12
-1.7522406e-05
-1.1324062e-12
-2.4588263e-05
8.0707929e-14
-2.8146918e-05
1.2727887e-12
-2.8146918e-05
1.5297687e-12
-2.4588264e-05
5.2627976e-13
-1.7522407e-05
-6.9962055e-06
-6.4516179e-13
-6.9962038e-06
-1.2326622e-12
-1.7522404e-05
-1.2083667e-12
-2.4588262e-05
7.4920469e-14
-2.8146918e-05
1.3589348e-12
-2.8146919e-05
1.3493838e-12
-2.4588263e-05
6.9854978e-13
-1.7522405e-05
-6.9962043e-06
-4.4425018e-13
-6.9962036e-06
-1.3537025e-12
-1.7522404e-05
-1.0800284e-12
-2.4588263e-05
7.920536e-14
-2.814692e-05
1.2168646e-12
-2.814692e-05
1.466742e-12
-2.4588264e-05
5.0182215e-13
-1.7522405e-05
-6.996204e-06
-6.2006618e-13
-6.9962024e-06
-1.1765752e-12
-1.7522402e-05
-1.1560291e-12
-2.4588262e-05
7.3084359e-14
-2.814692e-05
1.3029486e-12
-2.814692e-05
1.2892242e-12
-2.4588263e-05
6.7087535e-13
-1.7522403e-05
-6.9962028e-06
-4.2284966e-13
-6.9962022e-06
-1.2967777e-12
-1.7522402e-05
-1.0297734e-12
-2.4588262e-05
7.7329914e-14
-2.8146921e-05
1.1624705e-12
-2.8146922e-05
1.405653e-12
-2.4588263e-05
4.7804165e-13
-1.7522403e-05
-6.9962025e-06
-5.9592001e-13
-6.996201e-06
-1.1225522e-12
-1.75224e-05
-1.1058606e-12
-2.4588261e-05
7.0913928e-14
-2.8146922e-05
1.2485815e-12
-2.8146922e-05
1.2308955e-12
-2.4588262e-05
6.4413533e-13
-1.7522401e-05
-6.9962014e-06
-4.0216405e-13
-6.9962008e-06
-1.2420294e-12
-1.75224e-05
-9.8159414e-13
-2.4588262e-05
7.5143328e-14
-2.8146923e-05
1.1096669e-12
-2.8146923e-05
1.3465384e-12
-2.4588263e-05
4.5495987e-13
-1.75224e-05
-6.9962012e-06
-5.7270346e-13
-6.9961997e-06
-1.07056e-12
-1.7522398e-05
-1.0578017e-12
-2.4588261e-05
6.8471474e-14
-2.8146923e-05
1.195882e-12
-2.8146924e-05
1.1744306e-12
-2.4588262e-05
6.1833387e-13
-1.7522399e-05
-6.9962001e-06
-3.8218288e-13
-6.9961995e-06
-1.189409e-12
-1.7522398e-05
-9.3542616e-13
-2.4588262e-05
7.2708068e-14
-2.8146925e-05
1.0584965e-12
-2.8146925e-05
1.2894153e-12
-2.4588262e-05
4.3258977e-13
-1.7522399e-05
-6.9961999e-06
-5.5039038e-13
-6.9961984e-06
-1.0205495e-12
-1.7522396e-05
-1.0117777e-12
-2.4588261e-05
6.5818327e-14
-2.8146925e-05
1.1448813e-12
-2.8146925e-05
1.1198442e-12
-2.4588262e-05
5.9346693e-13
-1.7522397e-05
-6.9961988e-06
-3.6289067e-13
-6.9961983e-06
-1.1388546e-12
-1.7522396e-05
-8.9119259e-13
-2.4588261e-05
7.0084659e-14
-2.8146926e-05
1.0089862e-12
-2.8146926e-05
1.2342832e-12
-2.4588262e-05
4.1093683e-13
-1.7522397e-05
-6.9961986e-06
-5.2895098e-13
-6.9961972e-06
-9.7246006e-13
-1.7522395e-05
-9.6770369e-13
-2.458826e-05
6.3013633e-14
-2.8146926e-05
1.0955956e-12
-2.8146927e-05
1.0671349e-12
-2.4588261e-05
5.6952358e-13
-1.7522395e-05
-6.9961976e-06
-3.4426813e-13
-6.9961971e-06
-1.0902941e-12
-1.7522394e-05
-8.4880801e-13
-2.4588261e-05
6.7330339e-14
-2.8146928e-05
9.6114803e-13
-2.8146928e-05
1.1811267e-12
-2.4588262e-05
3.9000033e-13
-1.7522395e-05
-6.9961974e-06
-5.0835201e-13
-6.9961961e-06
-9.2622286e-13
-1.7522393e-05
-9.2548802e-13
-2.458826e-05
6.0111916e-14
-2.8146928e-05
1.0480269e-12
-2.8146928e-05
1.0162876e-12
-2.4588261e-05
5.4648753e-13
-1.7522394e-05
-6.9961965e-06
-3.2629373e-13
-6.996196e-06
-1.0436492e-12
-1.7522393e-05
-8.0818243e-13
-2.4588261e-05
6.4497492e-14
-2.8146929e-05
9.1498077e-13
-2.8146929e-05
1.1299183e-12
-2.4588262e-05
3.6977429e-13
-1.7522393e-05
-6.9961963e-06
-4.8855951e-13
-6.996195e-06
-8.8176404e-13
-1.7522391e-05
-8.8503657e-13
-2.458826e-05
5.7162642e-14
-2.8146929e-05
1.0021653e-12
-2.8146929e-05
9.6727567e-13
-2.4588261e-05
5.2433785e-13
-1.7522392e-05
-6.9961954e-06
-3.0894429e-13
-6.996195e-06
-9.9883822e-13
-1.7522391e-05
-7.6922489e-13
-2.4588261e-05
6.1633168e-14
-2.814693e-05
8.7047201e-13
-2.8146931e-05
1.0806201e-12
-2.4588261e-05
3.5024833e-13
-1.7522392e-05
-6.9961952e-06
-4.6953799e-13
-6.996194e-06
-8.3900717e-13
-1.752239e-05
-8.4625508e-13
-2.458826e-05
5.4209654e-14
-2.814693e-05
9.5799018e-13
-2.8146931e-05
9.2006354e-13
-2.458826e-05
5.0305009e-13
-1.7522391e-05
-6.9961943e-06
-2.9219611e-13
-6.996194e-06
-9.5577799e-13
-1.752239e-05
-7.3184493e-13
-2.458826e-05
5.877819e-14
-2.8146932e-05
8.275997e-13
-2.8146932e-05
1.0331864e-12
-2.4588261e-05
3.3140878e-13
-1.752239e-05
-6.9961942e-06
-4.5125259e-13
-6.996193e-06
-7.9787598e-13
-1.7522388e-05
-8.0905138e-13
-2.458826e-05
5.1290325e-14
-2.8146932e-05
9.1547271e-13
-2.8146932e-05
8.7460808e-13
-2.458826e-05
4.8259757e-13
-1.7522389e-05
-6.9961933e-06
-2.7602566e-13
-6.996193e-06
-9.1438689e-13
-1.7522388e-05
-6.9595534e-13
-2.458826e-05
5.5967331e-14
-2.8146933e-05
7.8633392e-13
-2.8146933e-05
9.8756539e-13
-2.4588261e-05
3.1323937e-13
-1.7522389e-05
-6.9961932e-06
-4.3366949e-13
-6.9961921e-06
-7.5829591e-13
-1.7522387e-05
-7.7333712e-13
-2.4588259e-05
4.8436079e-14
-2.8146933e-05
8.7457695e-13
-2.8146933e-05
8.3086175e-13
-2.458826e-05
4.6295165e-13
-1.7522388e-05
-6.9961924e-06
-2.6040997e-13
-6.9961921e-06
-8.745856e-13
-1.7522387e-05
-6.6147332e-13
-2.458826e-05
5.3229154e-14
-2.8146934e-05
7.4663895e-13
-2.8146934e-05
9.4370167e-13
-2.4588261e-05
2.9572218e-13
-1.7522387e-05
-6.9961923e-06
-4.1675541e-13
-6.9961912e-06
-7.2019497e-13
-1.7522386e-05
-7.3902911e-13
-2.4588259e-05
4.567209e-14
-2.8146934e-05
8.3526222e-13
-2.8146934e-05
7.8877314e-13
-2.458826e-05
4.4408274e-13
-1.7522386e-05
-6.9961915e-06
-2.4532699e-13
-6.9961912e-06
-8.3629832e-13
-1.7522386e-05
-6.2832149e-13
-2.458826e-05
5.058654e-14
-2.8146935e-05
7.0847442e-13
-2.8146935e-05
9.015371e-13
-2.458826e-05
2.7883838e-13
-1.7522386e-05
-6.9961914e-06
-4.0047943e-13
-6.9961903e-06
-6.8350516e-13
-1.7522385e-05
-7.0605002e-13
-2.4588259e-05
4.3018567e-14
-2.8146935e-05
7.9748362e-13
-2.8146935e-05
7.4828895e-13
-2.458826e-05
4.2596151e-13
-1.7522385e-05
-6.9961906e-06
-2.3075633e-13
-6.9961904e-06
-7.9945373e-13
-1.7522384e-05
-5.9642836e-13
-2.458826e-05
4.8057224e-14
-2.8146936e-05
6.7179661e-13
-2.8146936e-05
8.6101267e-13
-2.458826e-05
2.6256871e-13
-1.7522385e-05
-6.9961906e-06
-3.8481247e-13
-6.9961895e-06
-6.4816293e-13
-1.7522383e-05
-6.7432872e-13
-2.4588259e-05
4.0490137e-14
-2.8146936e-05
7.6119426e-13
-2.8146936e-05
7.0935556e-13
-2.4588259e-05
4.0855859e-13
-1.7522384e-05
-6.9961898e-06
-2.1667894e-13
-6.9961896e-06
-7.6398558e-13
-1.7522383e-05
-5.6572889e-13
-2.458826e-05
4.5653714e-14
-2.8146937e-05
6.3656021e-13
-2.8146937e-05
8.2206973e-13
-2.458826e-05
2.4689376e-13
-1.7522384e-05
-6.9961898e-06
-3.6972711e-13
-6.9961888e-06
-6.1410983e-13
-1.7522382e-05
-6.4380066e-13
-2.4588259e-05
3.8096919e-14
-2.8146937e-05
7.2634594e-13
-2.8146937e-05
6.7191973e-13
-2.4588259e-05
3.9184507e-13
-1.7522383e-05
-6.996189e-06
-2.0307747e-13
-6.9961889e-06
-7.2983273e-13
-1.7522382e-05
-5.3616463e-13
-2.4588259e-05
4.338467e-14
-2.8146938e-05
6.0271932e-13
-2.8146938e-05
7.8465042e-13
-2.458826e-05
2.3179459e-13
-1.7522383e-05
-6.9961891e-06
-3.5519822e-13
-6.996188e-06
-5.8129256e-13
-1.7522381e-05
-6.1440792e-13
-2.4588259e-05
3.5845594e-14
-2.8146938e-05
6.9289049e-13
-2.8146938e-05
6.3592936e-13
-2.4588259e-05
3.7579341e-13
-1.7522382e-05
-6.9961883e-06
-1.899362e-13
-6.9961882e-06
-6.9693995e-13
-1.7522381e-05
-5.0768331e-13
-2.4588259e-05
4.1255211e-14
-2.8146939e-05
5.7022795e-13
-2.8146939e-05
7.4869902e-13
-2.458826e-05
2.1725304e-13
-1.7522382e-05
-6.9961883e-06
-3.4120296e-13
-6.9961874e-06
-5.4966306e-13
-1.752238e-05
-5.8609892e-13
-2.4588259e-05
3.3739195e-14
-2.8146939e-05
6.6078035e-13
-2.8146939e-05
6.0133465e-13
-2.4588259e-05
3.6037714e-13
-1.7522381e-05
-6.9961876e-06
-1.7724151e-13
-6.9961875e-06
-6.6525683e-13
-1.752238e-05
-4.8023874e-13
-2.4588259e-05
3.9267214e-14
-2.814694e-05
5.3904139e-13
-2.814694e-05
7.1416253e-13
-2.458826e-05
2.0325202e-13
-1.7522381e-05
-6.9961877e-06
-3.2772062e-13
-6.9961867e-06
-5.1917821e-13
-1.7522379e-05
-5.5882799e-13
-2.4588258e-05
3.1777999e-14
-2.814694e-05
6.2996959e-13
-2.814694e-05
5.6808855e-13
-2.4588259e-05
3.4557156e-13
-1.752238e-05
-6.9961869e-06
-1.6498116e-13
-6.9961869e-06
-6.3473857e-13
-1.7522379e-05
-4.5379088e-13
-2.4588259e-05
3.7420071e-14
-2.8146941e-05
5.0911669e-13
-2.8146941e-05
6.8099106e-13
-2.458826e-05
1.8977542e-13
-1.752238e-05
-6.996187e-06
-3.1473239e-13
-6.9961861e-06
-4.898003e-13
-1.7522378e-05
-5.3255561e-13
-2.4588258e-05
2.9960333e-14
-2.8146941e-05
6.0041456e-13
-2.8146941e-05
5.3614704e-13
-2.4588259e-05
3.3135318e-13
-1.7522379e-05
-6.9961863e-06
-1.5314501e-13
-6.9961863e-06
-6.0534541e-13
-1.7522378e-05
-4.2830508e-13
-2.4588259e-05
3.5711407e-14
-2.8146942e-05
4.8041348e-13
-2.8146942e-05
6.4913791e-13
-2.4588259e-05
1.7680871e-13
-1.7522379e-05
-6.9961864e-06
-3.0222179e-13
-6.9961855e-06
-4.6149609e-13
-1.7522378e-05
-5.0724738e-13
-2.4588258e-05
2.8282608e-14
-2.8146941e-05
5.7207387e-13
-2.8146942e-05
5.0546974e-13
-2.4588259e-05
3.1770093e-13
-1.7522378e-05
-6.9961857e-06
-1.4172416e-13
-6.9961857e-06
-5.7704261e-13
-1.7522378e-05
-4.0375138e-13
-2.4588259e-05
3.4137408e-14
-2.8146942e-05
4.5289321e-13
-2.8146943e-05
6.1856069e-13
-2.4588259e-05
1.6433878e-13
-1.7522378e-05
-6.9961858e-06
-2.901738e-13
-6.9961849e-06
-4.342373e-13
-1.7522377e-05
-4.8287353e-13
-2.4588258e-05
2.6740219e-14
-2.8146942e-05
5.4490915e-13
-2.8146942e-05
4.7601977e-13
-2.4588259e-05
3.0459494e-13
-1.7522377e-05
-6.9961852e-06
-1.307116e-13
-6.9961852e-06
-5.497999e-13
-1.7522377e-05
-3.8010474e-13
-2.4588259e-05
3.2693062e-14
-2.8146943e-05
4.2652133e-13
-2.8146943e-05
5.8922046e-13
-2.4588259e-05
1.523538e-13
-1.7522377e-05
-6.9961853e-06
-2.785756e-13
-6.9961844e-06
-4.0799984e-13
-1.7522376e-05
-4.5940942e-13
-2.4588258e-05
2.5327542e-14
-2.8146943e-05
5.1888547e-13
-2.8146943e-05
4.4776395e-13
-2.4588258e-05
2.9201741e-13
-1.7522376e-05
-6.9961846e-06
-1.2010145e-13
-6.9961847e-06
-5.2359151e-13
-1.7522376e-05
-3.5734478e-13
-2.4588259e-05
3.1372644e-14
-2.8146944e-05
4.0126602e-13
-2.8146944e-05
5.6108219e-13
-2.4588259e-05
1.4084356e-13
-1.7522376e-05
-6.9961848e-06
-2.6741588e-13
-6.9961839e-06
-3.827636e-13
-1.7522375e-05
-4.368345e-13
-2.4588258e-05
2.4038447e-14
-2.8146944e-05
4.939711e-13
-2.8146944e-05
4.2067306e-13
-2.4588258e-05
2.7995242e-13
-1.7522376e-05
-6.9961841e-06
-1.098897e-13
-6.9961842e-06
-4.9839561e-13
-1.7522375e-05
-3.354547e-13
-2.4588259e-05
3.0170117e-14
-2.8146944e-05
3.7709874e-13
-2.8146945e-05
5.3411513e-13
-2.4588259e-05
1.2979957e-13
-1.7522376e-05
-6.9961843e-06
-2.566851e-13
-6.9961834e-06
-3.5851253e-13
-1.7522375e-05
-4.1513195e-13
-2.4588258e-05
2.2866308e-14
-2.8146944e-05
4.7013747e-13
-2.8146944e-05
3.9472181e-13
-2.4588258e-05
2.6838569e-13
-1.7522375e-05
-6.9961836e-06
-1.0007304e-13
-6.9961837e-06
-4.7419465e-13
-1.7522375e-05
-3.1442152e-13
-2.4588259e-05
2.9078882e-14
-2.8146945e-05
3.5399434e-13
-2.8146945e-05
5.0829232e-13
-2.4588259e-05
1.1921436e-13
-1.7522375e-05
-6.9961838e-06
-2.4637509e-13
-6.996183e-06
-3.3523402e-13
-1.7522374e-05
-3.9428878e-13
-2.4588258e-05
2.1804535e-14
-2.8146945e-05
4.4735972e-13
-2.8146945e-05
3.6988814e-13
-2.4588258e-05
2.5730482e-13
-1.7522374e-05
-6.9961832e-06
-9.0649907e-14
-6.9961833e-06
-4.5097415e-13
-1.7522374e-05
-2.9423576e-13
-2.4588259e-05
2.8092648e-14
-2.8146946e-05
3.3193099e-13
-2.8146946e-05
4.8359026e-13
-2.4588259e-05
1.0908239e-13
-1.7522374e-05
-6.9961834e-06
-2.3647912e-13
-6.9961826e-06
-3.129188e-13
-1.7522373e-05
-3.7429508e-13
-2.4588258e-05
2.0846171e-14
-2.8146945e-05
4.2561601e-13
-2.8146945e-05
3.461539e-13
-2.4588258e-05
2.4669893e-13
-1.7522374e-05
-6.9961828e-06
-8.1619437e-14
-6.9961829e-06
-4.2872335e-13
-1.7522373e-05
-2.7489068e-13
-2.4588259e-05
2.7204481e-14
-2.8146946e-05
3.1088964e-13
-2.8146946e-05
4.599894e-13
-2.4588259e-05
9.9398899e-14
-1.7522374e-05
-6.9961829e-06
-2.2699203e-13
-6.9961822e-06
-2.9156078e-13
-1.7522373e-05
-3.5514439e-13
-2.4588258e-05
1.9984449e-14
-2.8146946e-05
4.0488726e-13
-2.8146946e-05
3.2350385e-13
-2.4588258e-05
2.3655891e-13
-1.7522373e-05
-6.9961823e-06
-7.2982226e-14
-6.9961825e-06
-4.074345e-13
-1.7522373e-05
-2.5638302e-13
-2.4588258e-05
2.6407453e-14
-2.8146947e-05
2.9085412e-13
-2.8146947e-05
4.3747314e-13
-2.4588259e-05
9.0160776e-14
-1.7522373e-05
-6.9961825e-06
-2.1790989e-13
-6.9961818e-06
-2.7115666e-13
-1.7522372e-05
-3.3683294e-13
-2.4588258e-05
1.921157e-14
-2.8146946e-05
3.8515735e-13
-2.8146946e-05
3.0192608e-13
-2.4588258e-05
2.2687676e-13
-1.7522373e-05
-6.996182e-06
-6.4739432e-14
-6.9961821e-06
-3.8710307e-13
-1.7522372e-05
-2.3871205e-13
-2.4588258e-05
2.5694181e-14
-2.8146947e-05
2.7181035e-13
-2.8146947e-05
4.1602779e-13
-2.4588259e-05
8.1365614e-14
-1.7522373e-05
-6.9961822e-06
-2.0922967e-13
-6.9961815e-06
-2.5170609e-13
-1.7522372e-05
-3.1936006e-13
-2.4588258e-05
1.8520207e-14
-2.8146947e-05
3.6641186e-13
-2.8146947e-05
2.8141049e-13
-2.4588258e-05
2.1764582e-13
-1.7522372e-05
-6.9961816e-06
-5.6893307e-14
-6.9961818e-06
-3.6772695e-13
-1.7522372e-05
-2.2187983e-13
-2.4588258e-05
2.5056892e-14
-2.8146948e-05
2.5374607e-13
-2.8146948e-05
3.95642e-13
-2.4588259e-05
7.3011688e-14
-1.7522372e-05
-6.9961818e-06
-2.0094985e-13
-6.9961811e-06
-2.3321064e-13
-1.7522371e-05
-3.0272775e-13
-2.4588258e-05
1.7901585e-14
-2.8146947e-05
3.4863818e-13
-2.8146947e-05
2.6194918e-13
-2.4588258e-05
2.0886042e-13
-1.7522371e-05
-6.9961813e-06
-4.9446457e-14
-6.9961814e-06
-3.4930667e-13
-1.7522371e-05
-2.05891e-13
-2.4588258e-05
2.4486374e-14
-2.8146948e-05
2.3665004e-13
-2.8146948e-05
3.7630591e-13
-2.4588259e-05
6.5098222e-14
-1.7522372e-05
-6.9961815e-06
-1.9306932e-13
-6.9961808e-06
-2.1567467e-13
-1.7522371e-05
-2.8694066e-13
-2.4588257e-05
1.7345847e-14
-2.8146948e-05
3.3182395e-13
-2.8146948e-05
2.4353525e-13
-2.4588258e-05
2.0051596e-13
-1.7522371e-05
-6.9961809e-06
-4.2402221e-14
-6.9961811e-06
-3.318452e-13
-1.7522371e-05
-1.9075301e-13
-2.4588258e-05
2.3972232e-14
-2.8146948e-05
2.2051088e-13
-2.8146949e-05
3.5801092e-13
-2.4588258e-05
5.7624621e-14
-1.7522371e-05
-6.9961812e-06
-1.8558843e-13
-6.9961805e-06
-1.9910404e-13
-1.752237e-05
-2.7200653e-13
-2.4588257e-05
1.6841221e-14
-2.8146948e-05
3.15957e-13
-2.8146948e-05
2.2616211e-13
-2.4588258e-05
1.9260809e-13
-1.7522371e-05
-6.9961806e-06
-3.5764345e-14
-6.9961809e-06
-3.1534755e-13
-1.7522371e-05
-1.7647577e-13
-2.4588258e-05
2.3501503e-14
-2.8146949e-05
2.0531651e-13
-2.8146949e-05
3.4074818e-13
-2.4588258e-05
5.0589843e-14
-1.7522371e-05
-6.9961809e-06
-1.7850809e-13
-6.9961802e-06
-1.8350662e-13
-1.752237e-05
-2.5793577e-13
-2.4588257e-05
1.637344e-14
-2.8146948e-05
3.0102318e-13
-2.8146948e-05
2.0982244e-13
-2.4588258e-05
1.8513254e-13
-1.752237e-05
-6.9961803e-06
-2.9537007e-14
-6.9961806e-06
-2.998206e-13
-1.752237e-05
-1.6307219e-13
-2.4588258e-05
2.3058185e-14
-2.8146949e-05
1.9105228e-13
-2.8146949e-05
3.2450817e-13
-2.4588258e-05
4.3992696e-14
-1.752237e-05
-6.9961806e-06
-1.7182999e-13
-6.99618e-06
-1.6889149e-13
-1.752237e-05
-2.4474208e-13
-2.4588257e-05
1.5924533e-14
-2.8146949e-05
2.8700559e-13
-2.8146949e-05
1.9450717e-13
-2.4588258e-05
1.7808514e-13
-1.752237e-05
-6.9961801e-06
-2.3724101e-14
-6.9961803e-06
-2.8527286e-13
-1.752237e-05
-1.5055831e-13
-2.4588258e-05
2.2622868e-14
-2.814695e-05
1.7769989e-13
-2.814695e-05
3.0927906e-13
-2.4588258e-05
3.7830637e-14
-1.752237e-05
-6.9961803e-06
-1.6555626e-13
-6.9961797e-06
-1.5526912e-13
-1.7522369e-05
-2.3244233e-13
-2.4588257e-05
1.5472517e-14
-2.8146949e-05
2.7388321e-13
-2.8146949e-05
1.8020389e-13
-2.4588257e-05
1.714605e-13
-1.7522369e-05
-6.9961798e-06
-1.8329855e-14
-6.9961801e-06
-2.717147e-13
-1.7522369e-05
-1.3895284e-13
-2.4588258e-05
2.2170544e-14
-2.814695e-05
1.6523589e-13
-2.814695e-05
2.9504543e-13
-2.4588258e-05
3.2099983e-14
-1.752237e-05
-6.9961801e-06
-1.5968964e-13
-6.9961795e-06
-1.426513e-13
-1.7522369e-05
-2.2105684e-13
-2.4588257e-05
1.498972e-14
-2.8146949e-05
2.6162908e-13
-2.8146949e-05
1.6689579e-13
-2.4588257e-05
1.6525265e-13
-1.7522369e-05
-6.9961796e-06
-1.3358167e-14
-6.9961798e-06
-2.5915751e-13
-1.7522369e-05
-1.2827825e-13
-2.4588258e-05
2.1670665e-14
-2.814695e-05
1.5362992e-13
-2.814695e-05
2.817871e-13
-2.4588258e-05
2.6794695e-14
-1.7522369e-05
-6.9961798e-06
-1.5423342e-13
-6.9961792e-06
-1.3105012e-13
-1.7522369e-05
-2.1060947e-13
-2.4588257e-05
1.4442047e-14
-2.814695e-05
2.5020866e-13
-2.814695e-05
1.5456013e-13
-2.4588257e-05
1.594534e-13
-1.7522369e-05
-6.9961793e-06
-8.8127659e-15
-6.9961796e-06
-2.4761384e-13
-1.7522369e-05
-1.1856016e-13
-2.4588258e-05
2.1085401e-14
-2.814695e-05
1.4284277e-13
-2.814695e-05
2.6947792e-13
-2.4588258e-05
2.1906238e-14
-1.7522369e-05
-6.9961796e-06
-1.4919114e-13
-6.996179e-06
-1.2047848e-13
-1.7522368e-05
-2.01128e-13
-2.4588257e-05
1.3787848e-14
-2.814695e-05
2.3957801e-13
-2.814695e-05
1.4316707e-13
-2.4588257e-05
1.5405288e-13
-1.7522368e-05
-6.9961791e-06
-4.6965233e-15
-6.9961794e-06
-2.3709709e-13
-1.7522368e-05
-1.0982789e-13
-2.4588258e-05
2.0369294e-14
-2.8146951e-05
1.3282538e-13
-2.8146951e-05
2.5808405e-13
-2.4588258e-05
1.7422827e-14
-1.7522369e-05
-6.9961794e-06
-1.4456621e-13
-6.9961788e-06
-1.1094892e-13
-1.7522368e-05
-1.9264373e-13
-2.4588257e-05
1.2977693e-14
-2.814695e-05
2.2968296e-13
-2.814695e-05
1.3267757e-13
-2.4588257e-05
1.4903828e-13
-1.7522368e-05
-6.9961789e-06
-1.0118518e-15
-6.9961792e-06
-2.2762044e-13
-1.7522368e-05
-1.0211331e-13
-2.4588258e-05
1.9468479e-14
-2.8146951e-05
1.2351716e-13
-2.8146951e-05
2.4756253e-13
-2.4588258e-05
1.3329157e-14
-1.7522368e-05
-6.9961792e-06
-1.4036223e-13
-6.9961786e-06
-1.0247314e-13
-1.7522368e-05
-1.8519018e-13
-2.4588257e-05
1.1953586e-14
-2.814695e-05
2.2045752e-13
-2.814695e-05
1.2304318e-13
-2.4588257e-05
1.4439367e-13
-1.7522368e-05
-6.9961787e-06
2.2403176e-15
-6.996179e-06
-2.191962e-13
-1.7522368e-05
-9.5450044e-14
-2.4588258e-05
1.8321336e-14
-2.8146951e-05
1.1484557e-13
-2.8146951e-05
2.3786102e-13
-2.4588258e-05
9.6053924e-15
-1.7522368e-05
-6.996179e-06
-1.3658184e-13
-6.9961784e-06
-9.5060539e-14
-1.7522367e-05
-1.788025e-13
-2.4588257e-05
1.0650981e-14
-2.8146951e-05
2.1182416e-13
-2.8146951e-05
1.142046e-13
-2.4588257e-05
1.400993e-13
-1.7522367e-05
-6.9961785e-06
5.0604986e-15
-6.9961788e-06
-2.1183387e-13
-1.7522368e-05
-8.9871104e-14
-2.4588258e-05
1.6860121e-14
-2.8146951e-05
1.0672634e-13
-2.8146951e-05
2.2891651e-13
-2.4588258e-05
6.227418e-15
-1.7522368e-05
-6.9961788e-06
-1.3322665e-13
-6.9961783e-06
-8.8715985e-14
-1.7522367e-05
-1.7351303e-13
-2.4588257e-05
8.9999629e-15
-2.8146951e-05
2.0369446e-13
-2.8146951e-05
1.0609179e-13
-2.4588257e-05
1.3613213e-13
-1.7522367e-05
-6.9961783e-06
7.4523395e-15
-6.9961787e-06
-2.0553726e-13
-1.7522367e-05
-8.54049e-14
-2.4588258e-05
1.5014439e-14
-2.8146951e-05
9.9065046e-14
-2.8146951e-05
2.2065658e-13
-2.4588258e-05
3.1664346e-15
-1.7522367e-05
-6.9961786e-06
-1.3029525e-13
-6.9961781e-06
-8.3436134e-14
-1.7522367e-05
-1.6934704e-13
-2.4588257e-05
6.9309192e-15
-2.8146951e-05
1.9597204e-13
-2.8146951e-05
9.862531e-14
-2.4588257e-05
1.324649e-13
-1.7522367e-05
-6.9961782e-06
9.4232966e-15
-6.9961785e-06
-2.0029979e-13
-1.7522367e-05
-8.2068518e-14
-2.4588258e-05
1.2717264e-14
-2.8146952e-05
9.1761934e-14
-2.8146952e-05
2.1300035e-13
-2.4588258e-05
3.8925533e-16
-1.7522367e-05
-6.9961785e-06
-1.2778186e-13
-6.9961779e-06
-7.9203796e-14
-1.7522367e-05
-1.6631455e-13
-2.4588257e-05
4.3819711e-15
-2.8146951e-05
1.8855822e-13
-2.8146951e-05
9.1718011e-14
-2.4588257e-05
1.2906708e-13
-1.7522367e-05
-6.996178e-06
1.0987874e-14
-6.9961783e-06
-1.960983e-13
-1.7522367e-05
-7.9858277e-14
-2.4588258e-05
9.9149003e-15
-2.8146952e-05
8.4717625e-14
-2.8146952e-05
2.0586178e-13
-2.4588258e-05
-2.1411254e-15
-1.7522367e-05
-6.9961783e-06
-1.2567268e-13
-6.9961778e-06
-7.5980849e-14
-1.7522366e-05
-1.6439823e-13
-2.4588257e-05
1.3107771e-15
-2.8146951e-05
1.8136013e-13
-2.8146951e-05
8.5279647e-14
-2.4588257e-05
1.2590541e-13
-1.7522366e-05
-6.9961778e-06
1.2170132e-14
-6.9961782e-06
-1.9288339e-13
-1.7522367e-05
-7.8736192e-14
-2.4588258e-05
6.5812011e-15
-2.8146952e-05
7.7844762e-14
-2.8146952e-05
1.9915524e-13
-2.4588258e-05
-4.4637068e-15
-1.7522367e-05
-6.9961781e-06
-1.2394308e-13
-6.9961776e-06
-7.3697414e-14
-1.7522366e-05
-1.6353799e-13
-2.4588257e-05
-2.2888931e-15
-2.8146951e-05
1.7430393e-13
-2.8146951e-05
7.9223921e-14
-2.4588257e-05
1.2294588e-13
-1.7522366e-05
-6.9961777e-06
1.3008221e-14
-6.996178e-06
-1.9056837e-13
-1.7522366e-05
-7.8612446e-14
-2.4588257e-05
2.736017e-15
-2.8146952e-05
7.1082741e-14
-2.8146952e-05
1.928037e-13
-2.4588257e-05
-6.6178693e-15
-1.7522366e-05
-6.996178e-06
-1.2255147e-13
-6.9961774e-06
-7.2239568e-14
-1.7522366e-05
-1.6361209e-13
-2.4588257e-05
-6.3661752e-15
-2.8146952e-05
1.6735233e-13
-2.8146952e-05
7.3478125e-14
-2.4588257e-05
1.2015595e-13
-1.7522366e-05
-6.9961775e-06
1.3559061e-14
-6.9961778e-06
-1.8901527e-13
-1.7522366e-05
-7.9324599e-14
-2.4588257e-05
-1.5309231e-15
-2.8146952e-05
6.4417396e-14
-2.8146952e-05
1.8675028e-13
-2.4588257e-05
-8.6390847e-15
-1.7522366e-05
-6.9961778e-06
-1.2143485e-13
-6.9961773e-06
-7.1435634e-14
-1.7522366e-05
-1.6441451e-13
-2.4588257e-05
-1.0787917e-14
-2.8146952e-05
1.6052585e-13
-2.8146952e-05
6.7996695e-14
-2.4588257e-05
1.1750869e-13
-1.7522366e-05
-6.9961774e-06
1.3904273e-14
-6.9961777e-06
-1.8802119e-13
-1.7522366e-05
-8.0616242e-14
-2.4588257e-05
-6.0346095e-15
-2.8146952e-05
5.7904428e-14
-2.8146952e-05
1.8097266e-13
-2.4588257e-05
-1.0555192e-14
-1.7522366e-05
-6.9961777e-06
-1.2050215e-13
-6.9961771e-06
-7.1043142e-14
-1.7522365e-05
-1.6563557e-13
-2.4588256e-05
-1.5313087e-14
-2.8146952e-05
1.5392716e-13
-2.8146952e-05
6.2776888e-14
-2.4588257e-05
1.1498618e-13
-1.7522365e-05
-6.9961772e-06
1.415373e-14
-6.9961775e-06
-1.8730738e-13
-1.7522366e-05
-8.2119403e-14
-2.4588257e-05
-1.0470479e-14
-2.8146953e-05
5.1694368e-14
-2.8146953e-05
1.7549891e-13
-2.4588257e-05
-1.2380796e-14
-1.7522366e-05
-6.9961775e-06
-1.1962991e-13
-6.996177e-06
-7.0742861e-14
-1.7522365e-05
-1.6684843e-13
-2.4588256e-05
-1.957227e-14
-2.8146952e-05
1.4776508e-13
-2.8146952e-05
5.7875566e-14
-2.4588257e-05
1.1258402e-13
-1.7522365e-05
-6.9961771e-06
1.4448223e-14
-6.9961774e-06
-1.865173e-13
-1.7522365e-05
-8.3349436e-14
-2.4588257e-05
-1.4399497e-14
-2.8146953e-05
4.6054505e-14
-2.8146953e-05
1.7042316e-13
-2.4588257e-05
-1.4112529e-14
-1.7522365e-05
-6.9961774e-06
-1.1866032e-13
-6.9961768e-06
-7.014442e-14
-1.7522365e-05
-1.6751415e-13
-2.4588256e-05
-2.3059067e-14
-2.8146952e-05
1.4237196e-13
-2.8146952e-05
5.3425889e-14
-2.4588256e-05
1.103132e-13
-1.7522365e-05
-6.9961769e-06
1.4953863e-14
-6.9961772e-06
-1.8523062e-13
-1.7522365e-05
-8.3723754e-14
-2.4588257e-05
-1.7250813e-14
-2.8146953e-05
4.1385071e-14
-2.8146953e-05
1.6591903e-13
-2.4588257e-05
-1.5723334e-14
-1.7522365e-05
-6.9961772e-06
-1.1740562e-13
-6.9961767e-06
-6.8816877e-14
-1.7522365e-05
-1.6701744e-13
-2.4588256e-05
-2.5145606e-14
-2.8146952e-05
1.3821415e-13
-2.8146952e-05
4.965368e-14
-2.4588256e-05
1.0820005e-13
-1.7522365e-05
-6.9961768e-06
1.5846349e-14
-6.9961771e-06
-1.8300953e-13
-1.7522365e-05
-8.2622145e-14
-2.4588257e-05
-1.8351811e-14
-2.8146953e-05
3.8228965e-14
-2.8146953e-05
1.6225386e-13
-2.4588257e-05
-1.715727e-14
-1.7522365e-05
-6.9961771e-06
-1.1566336e-13
-6.9961765e-06
-6.6364723e-14
-1.7522364e-05
-1.6475529e-13
-2.4588256e-05
-2.512645e-14
-2.8146952e-05
1.359e-13
-2.8146952e-05
4.690441e-14
-2.4588256e-05
1.0628429e-13
-1.7522365e-05
-6.9961766e-06
1.7270963e-14
-6.9961769e-06
-1.7950181e-13
-1.7522365e-05
-7.9517119e-14
-2.4588257e-05
-1.6990494e-14
-2.8146953e-05
3.7296342e-14
-2.8146953e-05
1.5982309e-13
-2.4588257e-05
-1.8313843e-14
-1.7522365e-05
-6.996177e-06
-1.1325983e-13
-6.9961763e-06
-6.2588153e-14
-1.7522364e-05
-1.6031509e-13
-2.4588256e-05
-2.2294629e-14
-2.8146952e-05
1.3622208e-13
-2.8146953e-05
4.5720016e-14
-2.4588256e-05
1.0463045e-13
-1.7522364e-05
-6.9961765e-06
1.9254005e-14
-6.9961768e-06
-1.746621e-13
-1.7522364e-05
-7.4225902e-14
-2.4588257e-05
-1.2505032e-14
-2.8146953e-05
3.9563656e-14
-2.8146953e-05
1.5927101e-13
-2.4588257e-05
-1.8996781e-14
-1.7522365e-05
-6.9961768e-06
-1.1015933e-13
-6.9961762e-06
-5.7823183e-14
-1.7522364e-05
-1.5381697e-13
-2.4588256e-05
-1.6034639e-14
-2.8146953e-05
1.4033213e-13
-2.8146953e-05
4.7072594e-14
-2.4588256e-05
1.0339719e-13
-1.7522364e-05
-6.9961764e-06
2.1499123e-14
-6.9961766e-06
-1.6923283e-13
-1.7522364e-05
-6.7398013e-14
-2.4588257e-05
-4.3773927e-15
-2.8146953e-05
4.6601788e-14
-2.8146953e-05
1.6186427e-13
-2.4588257e-05
-1.8751195e-14
-1.7522364e-05
-6.9961767e-06
-1.0674911e-13
-6.9961761e-06
-5.3676186e-14
-1.7522364e-05
-1.4659527e-13
-2.4588256e-05
-5.9002636e-15
-2.8146953e-05
1.5027947e-13
-2.8146953e-05
5.300892e-14
-2.4588256e-05
1.0308318e-13
-1.7522364e-05
-6.9961762e-06
2.2911839e-14
-6.9961765e-06
-1.6582478e-13
-1.7522364e-05
-6.1497723e-14
-2.4588257e-05
7.7112186e-15
-2.8146953e-05
6.1467943e-14
-2.8146953e-05
1.7050519e-13
-2.4588257e-05
-1.6418402e-14
-1.7522364e-05
-6.9961766e-06
-1.0455634e-13
-6.9961759e-06
-5.4653036e-14
-1.7522363e-05
-1.426139e-13
-2.4588256e-05
8.3740719e-15
-2.8146953e-05
1.7040132e-13
-2.8146953e-05
6.8258885e-14
-2.4588256e-05
1.0523106e-13
-1.7522364e-05
-6.9961761e-06
2.0482966e-14
-6.9961763e-06
-1.7134937e-13
-1.7522364e-05
-6.2852968e-14
-2.4588257e-05
2.3920203e-14
-2.8146954e-05
9.0829961e-14
-2.8146954e-05
1.9220213e-13
-2.4588257e-05
-9.0104735e-15
-1.7522364e-05
-6.9961764e-06
-1.0798584e-13
-6.9961758e-06
-7.1742161e-14
-1.7522363e-05
-1.5146005e-13
-2.4588256e-05
2.6979667e-14
-2.8146953e-05
2.1050139e-13
-2.8146953e-05
1.0393221e-13
-2.4588256e-05
1.1420039e-13
-1.7522363e-05
-6.996176e-06
6.7326931e-15
-6.9961762e-06
-2.0236516e-13
-1.7522363e-05
-8.5932426e-14
-2.4588256e-05
4.4419413e-14
-2.8146954e-05
1.4954756e-13
-2.8146954e-05
2.4360213e-13
-2.4588257e-05
1.091029e-14
-1.7522364e-05
-6.9961762e-06
-1.2829084e-13
-6.9961756e-06
-1.3003888e-13
-1.7522363e-05
-1.9455417e-13
-2.4588256e-05
5.0252449e-14
-2.8146953e-05
2.9246195e-13
-2.8146953e-05
1.8539549e-13
-2.4588256e-05
1.4123457e-13
-1.7522363e-05
-6.9961758e-06
-3.5855056e-14
-6.9961759e-06
-2.9620601e-13
-1.7522363e-05
-1.619299e-13
-2.4588256e-05
6.9637345e-14
-2.8146954e-05
2.6971641e-13
-2.8146954e-05
3.6242809e-13
-2.4588257e-05
6.0918318e-14
-1.7522363e-05
-6.996176e-06
-1.9199919e-13
-6.9961753e-06
-2.839178e-13
-1.7522362e-05
-3.1719449e-13
-2.4588256e-05
7.8927782e-14
-2.8146954e-05
4.6279045e-13
-2.8146954e-05
3.6776801e-13
-2.4588256e-05
2.1302772e-13
-1.7522362e-05
-6.9961754e-06
-1.460194e-13
-6.9961756e-06
-5.3219332e-13
-1.7522362e-05
-3.5447029e-13
-2.4588256e-05
1.0050322e-13
-2.8146955e-05
5.1681408e-13
-2.8146955e-05
6.2899181e-13
-2.4588256e-05
1.8004931e-13
-1.7522362e-05
-6.9961756e-06
-3.5708435e-13
-6.9961747e-06
-6.4404188e-13
-1.7522362e-05
-6.0920364e-13
-2.4588256e-05
1.1424601e-13
-2.8146955e-05
8.135276e-13
-2.8146955e-05
7.6308337e-13
-2.4588256e-05
3.8800936e-13
-1.7522362e-05
-6.9961748e-06
-4.0350328e-13
-6.9961747e-06
-1.0664756e-12
-1.7522361e-05
-7.838299e-13
-2.4588257e-05
1.3834264e-13
-2.8146956e-05
1.0137492e-12
-2.8146956e-05
1.2009919e-12
-2.4588257e-05
4.4863862e-13
-1.7522361e-05
-6.9961747e-06
-7.394185e-13
-6.9961735e-06
-1.4161618e-12
-1.752236e-05
-1.2323419e-12
-2.4588256e-05
1.5752562e-13
-2.8146957e-05
1.5090396e-12
-2.8146957e-05
1.5787088e-12
-2.4588256e-05
7.8277775e-13
-1.752236e-05
-6.9961736e-06
-9.5646111e-13
-6.996173e-06
-2.173339e-12
-1.7522359e-05
-1.6506504e-12
-2.4588257e-05
1.841471e-13
-2.814696e-05
1.9632456e-12
-2.8146959e-05
2.3540894e-12
-2.4588257e-05
1.01559e-12
-1.7522359e-05
-6.9961728e-06
-1.5435657e-12
-6.996171e-06
-2.9298073e-12
-1.7522357e-05
-2.4327703e-12
-2.4588257e-05
2.0890721e-13
-2.8146962e-05
2.7963674e-12
-2.8146961e-05
3.1447364e-12
-2.4588257e-05
1.6026087e-12
-1.7522357e-05
-6.9961709e-06
-2.0380239e-12
-6.9961693e-06
-4.2465027e-12
-1.7522356e-05
-3.2156914e-12
-2.4588259e-05
2.368084e-13
-2.8146966e-05
3.6243573e-12
-2.8146965e-05
4.4814121e-12
-2.4588258e-05
2.1144928e-12
-1.7522355e-05
-6.9961691e-06
-3.0623757e-12
-6.9961658e-06
-5.5696615e-12
-1.7522353e-05
-4.4608601e-12
-2.4588259e-05
2.6508009e-13
-2.814697e-05
4.9210462e-12
-2.8146969e-05
5.8430286e-12
-2.4588258e-05
3.140454e-12
-1.7522352e-05
-6.9961655e-06
-3.9058798e-12
-6.9961623e-06
-7.613282e-12
-1.7522349e-05
-5.6077191e-12
-2.4588262e-05
2.9068438e-13
-2.8146976e-05
6.1157373e-12
-2.8146976e-05
7.9051952e-12
-2.4588261e-05
4.0025107e-12
-1.7522348e-05
-6.9961618e-06
-5.5393754e-12
-6.9961563e-06
-9.3794605e-12
-1.7522345e-05
-7.2016893e-12
-2.4588263e-05
3.1670899e-13
-2.8146983e-05
7.7528432e-12
-2.8146983e-05
9.7084968e-12
-2.4588262e-05
5.6385715e-12
-1.7522344e-05
-6.9961558e-06
-6.5458227e-12
-6.9961501e-06
-1.1825452e-11
-1.752234e-05
-8.179083e-12
-2.4588267e-05
3.3316151e-13
-2.8146992e-05
8.7664641e-12
-2.8146992e-05
1.2165269e-11
-2.4588266e-05
6.6631854e-12
-1.7522339e-05
-6.9961494e-06
-8.6693285e-12
-6.9961409e-06
-1.2886085e-11
-1.7522335e-05
-9.1410377e-12
-2.458827e-05
3.4648908e-13
-2.8147001e-05
9.7479273e-12
-2.8147e-05
1.325148e-11
-2.4588269e-05
8.7883742e-12
-1.7522334e-05
-6.9961402e-06
-8.8612426e-12
-6.9961324e-06
-1.3859137e-11
-1.7522331e-05
-7.9517502e-12
-2.4588277e-05
3.4374542e-13
-2.814701e-05
8.560272e-12
-2.8147009e-05
1.4218396e-11
-2.4588275e-05
8.9954208e-12
-1.7522329e-05
-6.9961314e-06
-1.0401462e-11
-6.9961215e-06
-1.0517911e-11
-1.752233e-05
-5.1634069e-12
-2.4588281e-05
3.2983411e-13
-2.8147015e-05
5.7478337e-12
-2.8147014e-05
1.0877257e-11
-2.4588279e-05
1.0533266e-11
-1.7522328e-05
-6.9961204e-06
-7.0378594e-12
-6.9961147e-06
-4.6243561e-12
-1.7522333e-05
3.3003391e-12
-2.458829e-05
2.9662049e-13
-2.8147012e-05
-2.7773013e-12
-2.8147011e-05
4.9505616e-12
-2.4588287e-05
7.1780539e-12
-1.752233e-05
-6.9961135e-06
-4.7924505e-12
-6.9961094e-06
1.1758782e-11
-1.7522349e-05
1.7084329e-11
-2.4588294e-05
2.3992596e-13
-2.8146995e-05
-1.664838e-11
-2.8146994e-05
-1.1472765e-11
-2.4588292e-05
4.9214367e-12
-1.7522346e-05
-6.9961081e-06
7.9334945e-12
-6.9961176e-06
3.6141395e-11
-1.7522378e-05
4.3194328e-11
-2.4588302e-05
1.6777974e-13
-2.8146952e-05
-4.2908322e-11
-2.8146951e-05
-3.5923246e-11
-2.4588299e-05
-7.8074498e-12
-1.7522375e-05
-6.9961162e-06
2.076589e-11
-6.9961379e-06
8.1721796e-11
-1.7522438e-05
8.1466909e-11
-2.4588301e-05
5.7410026e-14
-2.814687e-05
-8.1340441e-11
-2.8146869e-05
-8.1594974e-11
-2.4588298e-05
-2.0666682e-11
-1.7522435e-05
-6.9961364e-06
5.2710069e-11
-6.9961909e-06
1.4460574e-10
-1.7522531e-05
1.4237439e-10
-2.45883e-05
-5.3823964e-14
-2.8146729e-05
-1.4249703e-10
-2.8146727e-05
-1.4458402e-10
-2.4588297e-05
-5.2630671e-11
-1.7522528e-05
-6.9961894e-06
8.7360029e-11
-6.9962778e-06
2.4370019e-10
-1.7522687e-05
2.2536155e-10
-2.4588281e-05
-2.1730324e-13
-2.8146502e-05
-2.2570629e-10
-2.8146501e-05
-2.4382421e-10
-2.4588278e-05
-8.7332581e-11
-1.7522684e-05
-6.9962764e-06
1.5173356e-10
-6.99643e-06
3.7221493e-10
-1.7522908e-05
3.4348401e-10
-2.4588253e-05
-3.5469273e-13
-2.8146159e-05
-3.4416155e-10
-2.8146158e-05
-3.7247854e-10
-2.4588251e-05
-1.5174945e-10
-1.7522905e-05
-6.9964286e-06
2.2227928e-10
-6.996652e-06
5.5255431e-10
-1.7523238e-05
4.9407507e-10
-2.4588194e-05
-5.538815e-13
-2.8145664e-05
-4.9500307e-10
-2.8145664e-05
-5.5301292e-10
-2.4588192e-05
-2.2238412e-10
-1.7523236e-05
-6.9966508e-06
3.3155294e-10
-6.9969842e-06
7.7237658e-10
-1.752368e-05
6.8951145e-10
-2.4588113e-05
-6.905269e-13
-2.8144975e-05
-6.9081052e-10
-2.8144974e-05
-7.7300405e-10
-2.4588111e-05
-3.3173069e-10
-1.7523678e-05
-6.9969832e-06
4.4894597e-10
-6.9974331e-06
1.0516073e-09
-1.7524283e-05
9.2181294e-10
-2.4587983e-05
-8.9257826e-13
-2.8144052e-05
-9.2333756e-10
-2.8144052e-05
-1.0524659e-09
-2.4587982e-05
-4.4925825e-10
-1.7524281e-05
-6.9974325e-06
6.0629271e-10
-6.9980403e-06
1.3685174e-09
-1.7525046e-05
1.1968619e-09
-2.4587813e-05
-9.9423555e-13
-2.8142856e-05
-1.1987307e-09
-2.8142855e-05
-1.3695664e-09
-2.4587812e-05
-6.0670336e-10
-1.7525045e-05
-6.9980399e-06
7.6735105e-10
-6.9988079e-06
1.7315151e-09
-1.752601e-05
1.497032e-09
-2.4587578e-05
-1.1637878e-12
-2.8141357e-05
-1.499053e-09
-2.8141357e-05
-1.732806e-09
-2.4587578e-05
-7.6792959e-10
-1.752601e-05
-6.998808e-06
9.5482997e-10
-6.9997638e-06
2.105271e-09
-1.7527162e-05
1.8147997e-09
-2.4587289e-05
-1.2162104e-12
-2.8139542e-05
-1.8170894e-09
-2.8139543e-05
-2.1067494e-09
-2.458729e-05
-9.55495e-10
-1.7527163e-05
-6.9997643e-06
1.1286225e-09
-7.0008926e-06
2.4777065e-09
-1.752851e-05
2.1189761e-09
-2.458693e-05
-1.3529682e-12
-2.8137422e-05
-2.1213465e-09
-2.8137423e-05
-2.4793835e-09
-2.4586933e-05
-1.1294262e-09
-1.7528513e-05
-7.0008938e-06
1.2938243e-09
-7.0021873e-06
2.7963218e-09
-1.7530013e-05
2.3839465e-09
-2.4586519e-05
-1.3818547e-12
-2.8135038e-05
-2.3865168e-09
-2.8135039e-05
-2.7981298e-09
-2.4586522e-05
-1.2946266e-09
-1.7530017e-05
-7.002189e-06
1.4053597e-09
-7.0035926e-06
3.0198484e-09
-1.7531627e-05
2.5579876e-09
-2.4586057e-05
-1.4746445e-12
-2.8132478e-05
-2.5605826e-09
-2.813248e-05
-3.0217608e-09
-2.4586061e-05
-1.4062526e-09
-1.7531632e-05
-7.0035952e-06
1.4621867e-09
-7.0050553e-06
3.0714121e-09
-1.7533237e-05
2.5827398e-09
-2.4585569e-05
-1.459469e-12
-2.8129895e-05
-2.5854484e-09
-2.8129897e-05
-3.0733777e-09
-2.4585574e-05
-1.4630487e-09
-1.7533243e-05
-7.0050583e-06
1.4751673e-09
2.8899539e-09
2.3788129e-09
-1.4766895e-12
-2.381485e-09
-2.8918737e-09
-1.4761151e-09
)
;

boundaryField
{
    left
    {
        type            calculated;
        value           nonuniform List<scalar> 8(1.9313562e-05 1.9313562e-05 1.9313562e-05 1.9313562e-05 1.9313562e-05 1.9313562e-05 1.9313562e-05 1.9313562e-05);
    }
    right
    {
        type            calculated;
        value           nonuniform List<scalar> 8(-7.0065303e-06 -1.7534652e-05 -2.4585058e-05 -2.8127515e-05 -2.8127517e-05 -2.4585064e-05 -1.7534658e-05 -7.0065344e-06);
    }
    walls
    {
        type            calculated;
        value           uniform 0;
    }
    frontAndBack
    {
        type            empty;
        value           nonuniform 0();
    }
}


// ************************************************************************* //
