/*--------------------------------*- C++ -*----------------------------------*\
| =========                 |                                                 |
| \\      /  F ield         | OpenFOAM: The Open Source CFD Toolbox           |
|  \\    /   O peration     | Version:  5.x                                   |
|   \\  /    A nd           | Web:      www.OpenFOAM.org                      |
|    \\/     M anipulation  |                                                 |
\*---------------------------------------------------------------------------*/
FoamFile
{
    version     2.0;
    format      ascii;
    class       volSymmTensorField;
    location    "2";
    object      sigma;
}
// * * * * * * * * * * * * * * * * * * * * * * * * * * * * * * * * * * * * * //

dimensions      [0 2 -2 0 0 0 0];

internalField   nonuniform List<symmTensor> 
1920
(
(0.00086234357 0.0072098002 0 -0.0048455077 0 0)
(-0.00024849188 0.0023466532 0 0.00094106404 0 0)
(-0.00068663619 0.001817426 0 0.00047702716 0 0)
(-0.00025676573 0.00061682027 0 0.00029633078 0 0)
(-0.00025674931 -0.00061682713 0 0.00029631484 0 0)
(-0.0006866422 -0.0018174181 0 0.00047703363 0 0)
(-0.00024849335 -0.0023466534 0 0.00094106649 0 0)
(0.0008623427 -0.0072098001 0 -0.0048455055 0 0)
(0.0027741574 0.0044776877 0 -0.0018611025 0 0)
(0.00018148194 0.0009153917 0 0.00040540202 0 0)
(-0.0017088529 9.3324204e-05 0 0.0014121905 0 0)
(-0.0017136342 9.0207422e-05 0 0.0015421463 0 0)
(-0.0017136259 -9.021521e-05 0 0.001542134 0 0)
(-0.0017088671 -9.3258265e-05 0 0.0014122064 0 0)
(0.000181484 -0.00091538664 0 0.00040539572 0 0)
(0.002774157 -0.0044776899 0 -0.0018611022 0 0)
(0.00208345 0.0039544353 0 -0.0028186082 0 0)
(0.00061134528 0.00031245363 0 -0.00038563829 0 0)
(-0.0012802143 8.2048439e-05 0 0.0011254948 0 0)
(-0.0015273577 2.4521201e-05 0 0.0014498404 0 0)
(-0.001527365 -2.4523913e-05 0 0.0014498528 0 0)
(-0.0012802072 -8.2122012e-05 0 0.0011254829 0 0)
(0.00061134816 -0.00031245719 0 -0.00038563855 0 0)
(0.0020834503 -0.003954434 0 -0.0028186098 0 0)
(0.0016028883 0.0036971698 0 -0.0023156766 0 0)
(0.00064349416 0.00069440588 0 -0.00055168174 0 0)
(-0.00088402678 9.0815561e-05 0 0.00082934596 0 0)
(-0.0013447792 -9.7688176e-06 0 0.0013353601 0 0)
(-0.0013447639 9.761404e-06 0 0.0013353437 0 0)
(-0.00088405979 -9.0808373e-05 0 0.0008293792 0 0)
(0.00064349715 -0.00069440511 0 -0.00055168486 0 0)
(0.0016028877 -0.0036971686 0 -0.0023156753 0 0)
(0.001220499 0.0035489399 0 -0.0017217514 0 0)
(0.00055848288 0.0010006837 0 -0.00053874799 0 0)
(-0.00055219125 0.00036823683 0 0.00051271583 0 0)
(-0.0011844248 3.5935829e-05 0 0.0011698642 0 0)
(-0.001184467 -3.5942284e-05 0 0.0011699087 0 0)
(-0.00055210689 -0.00036827524 0 0.0005126338 0 0)
(0.00055849292 -0.0010006948 0 -0.00053875851 0 0)
(0.0012205084 -0.0035489409 0 -0.0017217619 0 0)
(0.00081366799 0.0033839453 0 -0.0011976924 0 0)
(0.00045796645 0.0012966385 0 -0.00048534477 0 0)
(-0.00054678549 0.00038953903 0 0.00051257148 0 0)
(-0.00079309483 0.0001231346 0 0.00078231678 0 0)
(-0.00079308589 -0.00012314341 0 0.00078230503 0 0)
(-0.00054677916 -0.00038955477 0 0.0005125683 0 0)
(0.00045797959 -0.0012966279 0 -0.00048535772 0 0)
(0.00081367061 -0.0033839421 0 -0.001197694 0 0)
(0.00062445664 0.0033028363 0 -0.00096597197 0 0)
(0.00033748344 0.0016185731 0 -0.00040245333 0 0)
(-0.00026445794 0.00071167857 0 0.00023485966 0 0)
(-0.00063316742 0.0001799375 0 0.0006281551 0 0)
(-0.00063314051 -0.00017995299 0 0.0006281294 0 0)
(-0.00026445094 -0.00071167073 0 0.00023485147 0 0)
(0.00033749505 -0.0016185715 0 -0.00040246436 0 0)
(0.00062445922 -0.0033028283 0 -0.0009659745 0 0)
(0.00041901435 0.0032215027 0 -0.00073259766 0 0)
(0.00027046687 0.0017520582 0 -0.0003560492 0 0)
(-0.0001814283 0.00086042186 0 0.00015095052 0 0)
(-0.00047697088 0.00023552398 0 0.0004751335 0 0)
(-0.00047697436 -0.00023552983 0 0.00047513596 0 0)
(-0.00018142666 -0.00086040998 0 0.00015094922 0 0)
(0.00027047674 -0.0017520563 0 -0.00035605977 0 0)
(0.00041902027 -0.0032214962 0 -0.00073260297 0 0)
(0.00029580308 0.003174503 0 -0.00059265124 0 0)
(0.00018816456 0.0019096433 0 -0.00029119052 0 0)
(-0.00012015977 0.00098040484 0 8.6268853e-05 0 0)
(-0.00034261346 0.00028683326 0 0.00034145141 0 0)
(-0.00034261619 -0.00028683955 0 0.00034145544 0 0)
(-0.0001201428 -0.00098041338 0 8.6251705e-05 0 0)
(0.00018818083 -0.001909635 0 -0.00029120727 0 0)
(0.00029580817 -0.0031744911 0 -0.00059265565 0 0)
(0.00019932875 0.003139862 0 -0.00048577648 0 0)
(0.00013796346 0.001994857 0 -0.00025257536 0 0)
(-7.6761537e-05 0.0010777042 0 3.913696e-05 0 0)
(-0.00023699713 0.00032970291 0 0.00023539961 0 0)
(-0.00023695946 -0.00032972292 0 0.00023536091 0 0)
(-7.6752362e-05 -0.0010777051 0 3.912789e-05 0 0)
(0.00013797256 -0.0019948508 0 -0.00025258413 0 0)
(0.00019933509 -0.0031398503 0 -0.00048578222 0 0)
(0.00013092359 0.0031165571 0 -0.0004112004 0 0)
(9.8528908e-05 0.0020584695 0 -0.00022140999 0 0)
(-4.7714476e-05 0.0011515708 0 6.7602331e-06 0 0)
(-0.00016045259 0.00036239834 0 0.00015806976 0 0)
(-0.0001605319 -0.0003623738 0 0.00015815004 0 0)
(-4.7706409e-05 -0.0011515702 0 6.7519183e-06 0 0)
(9.8536377e-05 -0.0020584656 0 -0.00022141789 0 0)
(0.00013092848 -0.0031165412 0 -0.00041120397 0 0)
(8.4131601e-05 0.0031012439 0 -0.00036080314 0 0)
(6.7881295e-05 0.0021053708 0 -0.00019645244 0 0)
(-2.9068272e-05 0.0012048255 0 -1.4555045e-05 0 0)
(-0.00010724648 0.00038609751 0 0.00010405438 0 0)
(-0.00010709694 -0.00038616589 0 0.00010390363 0 0)
(-2.9060305e-05 -0.001204833 0 -1.4563183e-05 0 0)
(6.789154e-05 -0.0021053555 0 -0.00019646214 0 0)
(8.4137393e-05 -0.0031012285 0 -0.0003608083 0 0)
(5.3416745e-05 0.0030915288 0 -0.0003280064 0 0)
(4.5666248e-05 0.002137611 0 -0.00017800018 0 0)
(-1.7371222e-05 0.001242086 0 -2.8267482e-05 0 0)
(-7.022804e-05 0.00040316097 0 6.6351975e-05 0 0)
(-7.0436665e-05 -0.00040308196 0 6.6561161e-05 0 0)
(-1.7370782e-05 -0.0012420796 0 -2.8268048e-05 0 0)
(4.5667656e-05 -0.0021376066 0 -0.00017800179 0 0)
(5.3417279e-05 -0.0030915097 0 -0.00032800527 0 0)
(3.3290537e-05 0.0030853552 0 -0.00030668399 0 0)
(3.0129214e-05 0.0021590579 0 -0.00016490819 0 0)
(-1.0110566e-05 0.0012677253 0 -3.697106e-05 0 0)
(-4.5793307e-05 0.00041483085 0 4.1388408e-05 0 0)
(-4.5595321e-05 -0.00041492769 0 4.1189622e-05 0 0)
(-1.0106378e-05 -0.0012677377 0 -3.6975535e-05 0 0)
(3.0134126e-05 -0.002159044 0 -0.00016491242 0 0)
(3.3295386e-05 -0.0030853382 0 -0.00030668805 0 0)
(2.0335222e-05 0.0030815031 0 -0.00029305925 0 0)
(1.948716e-05 0.0021730996 0 -0.00015581916 0 0)
(-5.706293e-06 0.0012850064 0 -4.2376697e-05 0 0)
(-2.908614e-05 0.00042300311 0 2.4295465e-05 0 0)
(-2.9249332e-05 -0.00042293946 0 2.4459393e-05 0 0)
(-5.7105613e-06 -0.0012849995 0 -4.2372468e-05 0 0)
(1.9483824e-05 -0.0021730954 0 -0.00015581585 0 0)
(2.0333846e-05 -0.0030814836 0 -0.00029305622 0 0)
(1.2134153e-05 0.0030791431 0 -0.00028449376 0 0)
(1.2360625e-05 0.0021820969 0 -0.00014966602 0 0)
(-3.0809004e-06 0.0012964699 0 -4.567303e-05 0 0)
(-1.826459e-05 0.0004284371 0 1.3206196e-05 0 0)
(-1.8084485e-05 -0.00042853417 0 1.3024903e-05 0 0)
(-3.080688e-06 -0.001296484 0 -4.5673576e-05 0 0)
(1.2361476e-05 -0.002182085 0 -0.00014966616 0 0)
(1.213553e-05 -0.0030791256 0 -0.00028449421 0 0)
(7.0381618e-06 0.0030777335 0 -0.00027921091 0 0)
(7.6780633e-06 0.0021877675 0 -0.00014557997 0 0)
(-1.5612274e-06 0.0013039392 0 -4.7631892e-05 0 0)
(-1.1062697e-05 0.00043212951 0 5.8239557e-06 0 0)
(-1.1258335e-05 -0.00043205043 0 6.0205057e-06 0 0)
(-1.5674416e-06 -0.0013039351 0 -4.7625722e-05 0 0)
(7.6719181e-06 -0.002187764 0 -0.00014557372 0 0)
(7.0354911e-06 -0.0030777153 0 -0.00027920679 0 0)
(3.9318135e-06 0.0030769146 0 -0.00027601549 0 0)
(4.6517349e-06 0.0021912767 0 -0.00014291269 0 0)
(-7.1081839e-07 0.0013087099 0 -4.8762353e-05 0 0)
(-6.740226e-06 0.00043440837 0 1.3851092e-06 0 0)
(-6.565281e-06 -0.00043450748 0 1.2090461e-06 0 0)
(-7.133135e-07 -0.0013087234 0 -4.8760184e-05 0 0)
(4.6497831e-06 -0.0021912676 0 -0.00014291016 0 0)
(3.9310244e-06 -0.0030768981 0 -0.00027601374 0 0)
(2.0921467e-06 0.003076462 0 -0.00027414044 0 0)
(2.7439411e-06 0.0021933932 0 -0.00014121651 0 0)
(-2.539084e-07 0.0013117158 0 -4.9392783e-05 0 0)
(-3.6875677e-06 0.0004360381 0 -1.744078e-06 0 0)
(-3.846266e-06 -0.00043597447 0 -1.584687e-06 0 0)
(-2.6013502e-07 -0.0013117152 0 -4.9386664e-05 0 0)
(2.7371283e-06 -0.0021933902 0 -0.00014120951 0 0)
(2.0889348e-06 -0.0030764458 0 -0.00027413604 0 0)
(1.0256945e-06 0.0030762239 0 -0.00027306562 0 0)
(1.5525492e-06 0.0021946522 0 -0.00014014521 0 0)
(-2.8402381e-08 0.0013135487 0 -4.9723941e-05 0 0)
(-2.0663091e-06 0.00043693829 0 -3.4113307e-06 0 0)
(-1.9706035e-06 -0.0004370007 0 -3.5076596e-06 0 0)
(-3.2192615e-08 -0.00131356 0 -4.9720439e-05 0 0)
(1.5491778e-06 -0.0021946456 0 -0.00014014142 0 0)
(1.0238337e-06 -0.0030762091 0 -0.00027306286 0 0)
(4.3758289e-07 0.0030761132 0 -0.00027248159 0 0)
(8.4104271e-07 0.0021953625 0 -0.0001395012 0 0)
(7.3624949e-08 0.0013146605 0 -4.9886899e-05 0 0)
(-9.9125445e-07 0.00043754452 0 -4.5144502e-06 0 0)
(-1.0759411e-06 -0.00043751497 0 -4.4291828e-06 0 0)
(6.8272377e-08 -0.0013146626 0 -4.9881718e-05 0 0)
(8.3484582e-07 -0.0021953596 0 -0.00013949478 0 0)
(4.3452599e-07 -0.0030760992 0 -0.00027247761 0 0)
(1.2044734e-07 0.0030760705 0 -0.0002721736 0 0)
(4.1356834e-07 0.0021957623 0 -0.00013910788 0 0)
(1.0562764e-07 0.0013152931 0 -4.9954107e-05 0 0)
(-5.1237297e-07 0.00043783205 0 -5.0079964e-06 0 0)
(-3.7930707e-07 -0.00043791858 0 -5.142582e-06 0 0)
(1.0149692e-07 -0.0013153019 0 -4.9950211e-05 0 0)
(4.097539e-07 -0.0021957575 0 -0.00013910378 0 0)
(1.1817408e-07 -0.0030760574 0 -0.00027217053 0 0)
(-2.5773027e-08 0.0030760678 0 -0.00027203687 0 0)
(1.8115804e-07 0.0021959569 0 -0.0001388937 0 0)
(1.0716475e-07 0.0013156574 0 -4.9973365e-05 0 0)
(-6.4147899e-08 0.00043810057 0 -5.4667773e-06 0 0)
(-1.3287951e-07 -0.00043807537 0 -5.3976857e-06 0 0)
(1.0276223e-07 -0.0013156611 0 -4.9969173e-05 0 0)
(1.7600079e-07 -0.0021959538 0 -0.00013888833 0 0)
(-2.8351321e-08 -0.0030760557 0 -0.00027203357 0 0)
(-9.3140425e-08 0.0030760836 0 -0.00027197883 0 0)
(4.6960388e-08 0.0021960552 0 -0.00013876585 0 0)
(9.3203963e-08 0.0013158384 0 -4.9969038e-05 0 0)
(1.2779479e-08 0.00043815957 0 -5.5472995e-06 0 0)
(1.2227867e-08 -0.00043817231 0 -5.5467851e-06 0 0)
(8.9209114e-08 -0.0013158449 0 -4.9965222e-05 0 0)
(4.3114849e-08 -0.0021960516 0 -0.00013876181 0 0)
(-9.533499e-08 -0.0030760722 0 -0.00027197596 0 0)
(-1.0807172e-07 0.0030761012 0 -0.00027197082 0 0)
(-1.2522916e-08 0.0021960889 0 -0.00013870952 0 0)
(7.603398e-08 0.0013159331 0 -4.9954937e-05 0 0)
(6.2423094e-08 0.00043819638 0 -5.5991959e-06 0 0)
(6.4332864e-08 -0.00043820915 0 -5.601308e-06 0 0)
(7.2287569e-08 -0.0013159377 0 -4.9951398e-05 0 0)
(-1.6662041e-08 -0.0021960859 0 -0.00013870517 0 0)
(-1.1023396e-07 -0.0030760907 0 -0.00027196809 0 0)
(-1.0148707e-07 0.0030761219 0 -0.00027198376 0 0)
(-4.9905791e-08 0.0021961004 0 -0.00013867034 0 0)
(5.9957527e-08 0.0013159657 0 -4.9940397e-05 0 0)
(1.0262774e-07 0.00043823127 0 -5.6403102e-06 0 0)
(8.9243931e-08 -0.00043823176 0 -5.6269877e-06 0 0)
(5.6251705e-08 -0.0013159707 0 -4.9936829e-05 0 0)
(-5.3437445e-08 -0.0021960974 0 -0.00013866665 0 0)
(-1.0361378e-07 -0.0030761117 0 -0.00027198104 0 0)
(-8.5687753e-08 0.0030761375 0 -0.00027200361 0 0)
(-4.8476201e-08 0.0021960923 0 -0.00013867153 0 0)
(4.3157676e-08 0.0013159762 0 -4.9922346e-05 0 0)
(9.2844262e-08 0.00043822678 0 -5.6307793e-06 0 0)
(9.493774e-08 -0.00043823889 0 -5.6329716e-06 0 0)
(3.9763941e-08 -0.0013159806 0 -4.9919147e-05 0 0)
(-5.2495329e-08 -0.0021960892 0 -0.00013866726 0 0)
(-8.7546114e-08 -0.0030761282 0 -0.00027200131 0 0)
(-6.9117474e-08 0.0030761506 0 -0.00027202329 0 0)
(-4.8679154e-08 0.0021960745 0 -0.00013866954 0 0)
(3.2631609e-08 0.0013159664 0 -4.9911373e-05 0 0)
(8.2338828e-08 0.00043823017 0 -5.6200268e-06 0 0)
(8.2262773e-08 -0.00043823838 0 -5.6201145e-06 0 0)
(2.9131272e-08 -0.0013159704 0 -4.9907962e-05 0 0)
(-5.1998202e-08 -0.002196072 0 -0.00013866611 0 0)
(-7.0638681e-08 -0.0030761422 0 -0.0002720213 0 0)
(-5.2892264e-08 0.0030761611 0 -0.00027204167 0 0)
(-4.0221637e-08 0.0021960615 0 -0.00013867681 0 0)
(2.4340762e-08 0.0013159531 0 -4.9901629e-05 0 0)
(7.5621055e-08 0.00043822505 0 -5.6132471e-06 0 0)
(7.2515279e-08 -0.00043823305 0 -5.6101597e-06 0 0)
(2.0922198e-08 -0.0013159568 0 -4.9898357e-05 0 0)
(-4.3743244e-08 -0.0021960594 0 -0.00013867309 0 0)
(-5.4642925e-08 -0.0030761529 0 -0.00027203954 0 0)
(-4.2300857e-08 0.0030761685 0 -0.00027205383 0 0)
(-3.5154265e-08 0.0021960534 0 -0.00013868034 0 0)
(1.3985042e-08 0.0013159343 0 -4.9890491e-05 0 0)
(5.4355917e-08 0.00043821882 0 -5.5914917e-06 0 0)
(5.5017587e-08 -0.00043822677 0 -5.5922912e-06 0 0)
(1.1291696e-08 -0.0013159387 0 -4.9887883e-05 0 0)
(-3.8252201e-08 -0.002196051 0 -0.00013867713 0 0)
(-4.3768764e-08 -0.0030761612 0 -0.00027205198 0 0)
(-3.0151897e-08 0.0030761754 0 -0.00027206701 0 0)
(-2.6627459e-08 0.0021960408 0 -0.00013868827 0 0)
(1.2518346e-08 0.0013159237 0 -4.9888044e-05 0 0)
(5.4007412e-08 0.00043821654 0 -5.5911285e-06 0 0)
(4.9504143e-08 -0.00043822223 0 -5.5866217e-06 0 0)
(9.335869e-09 -0.0013159264 0 -4.988498e-05 0 0)
(-2.9845265e-08 -0.0021960387 0 -0.00013868488 0 0)
(-3.1718968e-08 -0.0030761685 0 -0.00027206512 0 0)
(-2.4269403e-08 0.0030761799 0 -0.00027207369 0 0)
(-2.2839418e-08 0.0021960354 0 -0.00013869091 0 0)
(8.1631166e-09 0.0013159111 0 -4.9883258e-05 0 0)
(3.5748269e-08 0.00043820903 0 -5.572423e-06 0 0)
(3.4596038e-08 -0.00043821561 0 -5.5713736e-06 0 0)
(5.241375e-09 -0.0013159142 0 -4.9880401e-05 0 0)
(-2.573942e-08 -0.0021960334 0 -0.0001386879 0 0)
(-2.5643741e-08 -0.0030761737 0 -0.000272072 0 0)
(-1.7235186e-08 0.003076184 0 -0.00027208114 0 0)
(-1.6813542e-08 0.002196027 0 -0.00013869686 0 0)
(7.9474647e-09 0.0013159039 0 -4.9882224e-05 0 0)
(3.2398952e-08 0.00043820668 0 -5.569072e-06 0 0)
(3.1501193e-08 -0.00043821241 0 -5.5682127e-06 0 0)
(5.1566401e-09 -0.0013159065 0 -4.9879524e-05 0 0)
(-1.9755243e-08 -0.0021960253 0 -0.00013869376 0 0)
(-1.8666154e-08 -0.0030761782 0 -0.00027207943 0 0)
(-1.3919735e-08 0.003076187 0 -0.00027208488 0 0)
(-1.426746e-08 0.0021960236 0 -0.00013869858 0 0)
(5.0260422e-09 0.0013158947 0 -4.9879221e-05 0 0)
(2.2981801e-08 0.00043820151 0 -5.5593582e-06 0 0)
(2.1797641e-08 -0.00043820701 0 -5.5582549e-06 0 0)
(2.3510587e-09 -0.0013158973 0 -4.9876598e-05 0 0)
(-1.6918554e-08 -0.002196022 0 -0.00013869582 0 0)
(-1.5183517e-08 -0.0030761818 0 -0.00027208336 0 0)
(-1.0578171e-08 0.0030761895 0 -0.00027208835 0 0)
(-1.1121285e-08 0.0021960188 0 -0.00013870193 0 0)
(4.9326354e-09 0.0013158895 0 -4.9878518e-05 0 0)
(1.9405288e-08 0.00043819915 0 -5.5558231e-06 0 0)
(1.8864452e-08 -0.00043820403 0 -5.5553218e-06 0 0)
(2.481698e-09 -0.0013158917 0 -4.9876134e-05 0 0)
(-1.3739232e-08 -0.0021960174 0 -0.00013869919 0 0)
(-1.1864578e-08 -0.0030761847 0 -0.00027208684 0 0)
(-8.6000534e-09 0.0030761915 0 -0.00027209059 0 0)
(-9.1698649e-09 0.0021960164 0 -0.00013870324 0 0)
(3.4733791e-09 0.0013158834 0 -4.9877177e-05 0 0)
(1.5312564e-08 0.00043819644 0 -5.5515321e-06 0 0)
(1.385896e-08 -0.00043820059 0 -5.5501377e-06 0 0)
(1.1362316e-09 -0.0013158857 0 -4.9874882e-05 0 0)
(-1.1540561e-08 -0.0021960152 0 -0.00013870077 0 0)
(-9.7606092e-09 -0.0030761872 0 -0.00027208922 0 0)
(-7.2457436e-09 0.0030761933 0 -0.00027209195 0 0)
(-8.0510585e-09 0.0021960138 0 -0.00013870471 0 0)
(3.3960617e-09 0.00131588 0 -4.9876614e-05 0 0)
(1.3898376e-08 0.00043819528 0 -5.5502062e-06 0 0)
(1.356327e-08 -0.00043819973 0 -5.5499055e-06 0 0)
(1.2817686e-09 -0.001315882 0 -4.9874553e-05 0 0)
(-1.0309986e-08 -0.0021960127 0 -0.00013870234 0 0)
(-8.3783988e-09 -0.0030761894 0 -0.00027209064 0 0)
(-6.1704826e-09 0.0030761949 0 -0.00027209322 0 0)
(-6.5619836e-09 0.002196012 0 -0.00013870562 0 0)
(2.6595248e-09 0.0013158758 0 -4.9876097e-05 0 0)
(1.2093722e-08 0.00043819358 0 -5.5482463e-06 0 0)
(1.1222986e-08 -0.00043819759 0 -5.5474295e-06 0 0)
(6.8732401e-10 -0.0013158778 0 -4.987416e-05 0 0)
(-8.6055886e-09 -0.0021960111 0 -0.00013870349 0 0)
(-7.1919819e-09 -0.0030761914 0 -0.00027209202 0 0)
(-5.5811148e-09 0.0030761963 0 -0.00027209377 0 0)
(-6.4288177e-09 0.0021960106 0 -0.00013870618 0 0)
(2.6872583e-09 0.0013158733 0 -4.9875696e-05 0 0)
(1.1253368e-08 0.00043819256 0 -5.5475115e-06 0 0)
(1.0865878e-08 -0.00043819628 0 -5.5471489e-06 0 0)
(9.1442104e-10 -0.0013158751 0 -4.9873968e-05 0 0)
(-8.3146185e-09 -0.0021960097 0 -0.0001387042 0 0)
(-6.5450556e-09 -0.0030761932 0 -0.00027209266 0 0)
(-5.0934993e-09 0.0030761976 0 -0.00027209441 0 0)
(-5.3856802e-09 0.0021960093 0 -0.00013870668 0 0)
(2.1910126e-09 0.0013158706 0 -4.9875474e-05 0 0)
(1.0392836e-08 0.00043819129 0 -5.546513e-06 0 0)
(9.7495428e-09 -0.00043819472 0 -5.5459178e-06 0 0)
(5.87284e-10 -0.0013158723 0 -4.98739e-05 0 0)
(-7.0773286e-09 -0.0021960086 0 -0.00013870491 0 0)
(-5.9482845e-09 -0.0030761948 0 -0.00027209341 0 0)
(-4.7495472e-09 0.003076199 0 -0.00027209471 0 0)
(-5.5999211e-09 0.0021960083 0 -0.00013870692 0 0)
(2.3240529e-09 0.0013158682 0 -4.987521e-05 0 0)
(9.8016961e-09 0.00043819044 0 -5.5460363e-06 0 0)
(9.3844934e-09 -0.00043819347 0 -5.5456359e-06 0 0)
(8.9075036e-10 -0.0013158698 0 -4.9873817e-05 0 0)
(-7.1208445e-09 -0.0021960076 0 -0.00013870532 0 0)
(-5.5356397e-09 -0.0030761964 0 -0.0002720938 0 0)
(-4.5578798e-09 0.0030762 0 -0.00027209502 0 0)
(-4.8376013e-09 0.0021960073 0 -0.00013870716 0 0)
(1.8653964e-09 0.0013158664 0 -4.9875054e-05 0 0)
(9.3664991e-09 0.00043818939 0 -5.5454699e-06 0 0)
(8.8648606e-09 -0.00043819222 0 -5.5450118e-06 0 0)
(6.0762298e-10 -0.0013158679 0 -4.9873821e-05 0 0)
(-6.1855093e-09 -0.0021960067 0 -0.00013870575 0 0)
(-5.2441532e-09 -0.0030761978 0 -0.00027209422 0 0)
(-4.3086716e-09 0.0030762013 0 -0.00027209522 0 0)
(-5.1723631e-09 0.0021960065 0 -0.00013870729 0 0)
(2.0616503e-09 0.0013158642 0 -4.9874876e-05 0 0)
(8.888213e-09 0.00043818865 0 -5.5451106e-06 0 0)
(8.5170111e-09 -0.00043819112 0 -5.5447504e-06 0 0)
(9.4505134e-10 -0.0013158655 0 -4.9873797e-05 0 0)
(-6.3564918e-09 -0.0021960059 0 -0.00013870605 0 0)
(-4.9243529e-09 -0.0030761993 0 -0.0002720945 0 0)
(-4.2443449e-09 0.0030762023 0 -0.0002720954 0 0)
(-4.5340778e-09 0.0021960057 0 -0.00013870742 0 0)
(1.6144837e-09 0.0013158628 0 -4.9874742e-05 0 0)
(8.6494709e-09 0.00043818769 0 -5.5447432e-06 0 0)
(8.2660901e-09 -0.00043819003 0 -5.5444002e-06 0 0)
(6.6106987e-10 -0.0013158639 0 -4.9873809e-05 0 0)
(-5.5697172e-09 -0.0021960052 0 -0.00013870634 0 0)
(-4.7741765e-09 -0.0030762005 0 -0.00027209477 0 0)
(-4.0349369e-09 0.0030762036 0 -0.00027209556 0 0)
(-4.9174017e-09 0.002196005 0 -0.00013870752 0 0)
(1.8440235e-09 0.0013158608 0 -4.987461e-05 0 0)
(8.2287417e-09 0.00043818702 0 -5.5444443e-06 0 0)
(7.9321833e-09 -0.00043818906 0 -5.5441542e-06 0 0)
(1.0028795e-09 -0.0013158618 0 -4.9873804e-05 0 0)
(-5.8086838e-09 -0.0021960045 0 -0.00013870658 0 0)
(-4.4997329e-09 -0.0030762019 0 -0.00027209501 0 0)
(-4.0218923e-09 0.0030762045 0 -0.00027209568 0 0)
(-4.3231626e-09 0.0021960043 0 -0.0001387076 0 0)
(1.4109278e-09 0.0013158594 0 -4.9874495e-05 0 0)
(8.0826084e-09 0.00043818613 0 -5.5441704e-06 0 0)
(7.7971524e-09 -0.00043818806 0 -5.543923e-06 0 0)
(7.1087635e-10 -0.0013158604 0 -4.9873813e-05 0 0)
(-5.0922741e-09 -0.0021960039 0 -0.0001387068 0 0)
(-4.4155694e-09 -0.003076203 0 -0.00027209521 0 0)
(-3.8278372e-09 0.0030762057 0 -0.00027209582 0 0)
(-4.7242556e-09 0.0021960036 0 -0.00013870769 0 0)
(1.6607233e-09 0.0013158576 0 -4.987439e-05 0 0)
(7.6952231e-09 0.00043818549 0 -5.5439068e-06 0 0)
(7.4742248e-09 -0.00043818719 0 -5.5436888e-06 0 0)
(1.045701e-09 -0.0013158585 0 -4.9873808e-05 0 0)
(-5.3743967e-09 -0.0021960032 0 -0.000138707 0 0)
(-4.1667712e-09 -0.0030762043 0 -0.00027209541 0 0)
(-3.8349737e-09 0.0030762066 0 -0.00027209593 0 0)
(-4.1417239e-09 0.002196003 0 -0.00013870776 0 0)
(1.2426411e-09 0.0013158563 0 -4.9874293e-05 0 0)
(7.595429e-09 0.00043818464 0 -5.5436798e-06 0 0)
(7.3881506e-09 -0.00043818627 0 -5.5435087e-06 0 0)
(7.4340181e-10 -0.0013158571 0 -4.987381e-05 0 0)
(-4.6955492e-09 -0.0021960026 0 -0.00013870718 0 0)
(-4.1171641e-09 -0.0030762053 0 -0.00027209557 0 0)
(-3.6456578e-09 0.0030762077 0 -0.00027209605 0 0)
(-4.5470468e-09 0.0021960024 0 -0.00013870785 0 0)
(1.5077314e-09 0.0013158546 0 -4.9874206e-05 0 0)
(7.2305627e-09 0.00043818403 0 -5.5434402e-06 0 0)
(7.0738539e-09 -0.00043818547 0 -5.5432838e-06 0 0)
(1.0691195e-09 -0.0013158553 0 -4.98738e-05 0 0)
(-5.008229e-09 -0.002196002 0 -0.00013870736 0 0)
(-3.8849598e-09 -0.0030762066 0 -0.00027209575 0 0)
(-3.660766e-09 0.0030762086 0 -0.00027209615 0 0)
(-3.964274e-09 0.0021960018 0 -0.00013870792 0 0)
(1.1039675e-09 0.0013158534 0 -4.9874127e-05 0 0)
(7.1567607e-09 0.00043818322 0 -5.5432398e-06 0 0)
(7.0089422e-09 -0.00043818463 0 -5.5431266e-06 0 0)
(7.5660567e-10 -0.0013158541 0 -4.9873795e-05 0 0)
(-4.3518131e-09 -0.0021960014 0 -0.00013870752 0 0)
(-3.8566764e-09 -0.0030762075 0 -0.00027209589 0 0)
(-3.4719985e-09 0.0030762097 0 -0.00027209627 0 0)
(-4.3688376e-09 0.0021960012 0 -0.00013870801 0 0)
(1.3815562e-09 0.0013158518 0 -4.9874055e-05 0 0)
(6.8089532e-09 0.00043818263 0 -5.5430184e-06 0 0)
(6.7016488e-09 -0.00043818387 0 -5.5429092e-06 0 0)
(1.0739545e-09 -0.0013158524 0 -4.9873779e-05 0 0)
(-4.68995e-09 -0.0021960008 0 -0.00013870767 0 0)
(-3.6363893e-09 -0.0030762086 0 -0.00027209605 0 0)
(-3.4905785e-09 0.0030762105 0 -0.00027209636 0 0)
(-3.782164e-09 0.0021960006 0 -0.00013870809 0 0)
(9.9036425e-10 0.0013158507 0 -4.9873992e-05 0 0)
(6.751849e-09 0.00043818186 0 -5.5428354e-06 0 0)
(6.6470037e-09 -0.0004381831 0 -5.542764e-06 0 0)
(7.524659e-10 -0.0013158513 0 -4.9873768e-05 0 0)
(-4.0471373e-09 -0.0021960003 0 -0.00013870782 0 0)
(-3.6232412e-09 -0.0030762095 0 -0.00027209618 0 0)
(-3.3010096e-09 0.0030762116 0 -0.00027209648 0 0)
(-4.1848626e-09 0.0021960001 0 -0.00013870819 0 0)
(1.2780892e-09 0.0013158491 0 -4.9873932e-05 0 0)
(6.4177599e-09 0.00043818128 0 -5.5426287e-06 0 0)
(6.3457211e-09 -0.00043818237 0 -5.542553e-06 0 0)
(1.0629844e-09 -0.0013158496 0 -4.9873747e-05 0 0)
(-4.4081331e-09 -0.0021959998 0 -0.00013870796 0 0)
(-3.4120083e-09 -0.0030762106 0 -0.00027209633 0 0)
(-3.3216652e-09 0.0030762123 0 -0.00027209657 0 0)
(-3.594005e-09 0.0021959996 0 -0.00013870827 0 0)
(8.971363e-10 0.0013158481 0 -4.9873881e-05 0 0)
(6.3727523e-09 0.00043818056 0 -5.5424584e-06 0 0)
(6.2972836e-09 -0.00043818168 0 -5.5424153e-06 0 0)
(7.3421733e-10 -0.0013158486 0 -4.9873731e-05 0 0)
(-3.7761915e-09 -0.0021959992 0 -0.00013870808 0 0)
(-3.4105088e-09 -0.0030762114 0 -0.00027209644 0 0)
(-3.1311815e-09 0.0030762134 0 -0.00027209669 0 0)
(-3.9954115e-09 0.0021959991 0 -0.00013870837 0 0)
(1.1928699e-09 0.0013158466 0 -4.9873831e-05 0 0)
(6.0500298e-09 0.00043818 0 -5.5422639e-06 0 0)
(6.0015449e-09 -0.00043818097 0 -5.5422102e-06 0 0)
(1.0395544e-09 -0.001315847 0 -4.9873707e-05 0 0)
(-4.150546e-09 -0.0021959987 0 -0.00013870821 0 0)
(-3.2062932e-09 -0.0030762125 0 -0.00027209657 0 0)
(-3.1537283e-09 0.0030762141 0 -0.00027209678 0 0)
(-3.4013338e-09 0.0021959986 0 -0.00013870846 0 0)
(8.1984401e-10 0.0013158456 0 -4.987379e-05 0 0)
(6.0145422e-09 0.00043817932 0 -5.5421038e-06 0 0)
(5.9578807e-09 -0.00043818035 0 -5.5420787e-06 0 0)
(7.0531783e-10 -0.001315846 0 -4.9873687e-05 0 0)
(-3.5295356e-09 -0.0021959982 0 -0.00013870833 0 0)
(-3.2141038e-09 -0.0030762132 0 -0.00027209668 0 0)
(-2.9627249e-09 0.0030762151 0 -0.00027209689 0 0)
(-3.8025967e-09 0.0021959981 0 -0.00013870856 0 0)
(1.1216753e-09 0.0013158442 0 -4.9873747e-05 0 0)
(5.7014652e-09 0.00043817877 0 -5.5419195e-06 0 0)
(5.6676185e-09 -0.00043817967 0 -5.5418792e-06 0 0)
(1.006954e-09 -0.0013158446 0 -4.9873661e-05 0 0)
(-3.9144031e-09 -0.0021959978 0 -0.00013870845 0 0)
(-3.0153612e-09 -0.0030762142 0 -0.0002720968 0 0)
(-2.9874151e-09 0.0030762157 0 -0.00027209698 0 0)
(-3.2067632e-09 0.0021959976 0 -0.00013870865 0 0)
(7.54557e-10 0.0013158433 0 -4.9873714e-05 0 0)
(5.6739005e-09 0.00043817814 0 -5.541768e-06 0 0)
(5.6282578e-09 -0.00043817911 0 -5.5417531e-06 0 0)
(6.6896172e-10 -0.0013158437 0 -4.9873639e-05 0 0)
(-3.3022061e-09 -0.0021959973 0 -0.00013870855 0 0)
(-3.0307609e-09 -0.0030762149 0 -0.0002720969 0 0)
(-2.7964579e-09 0.0030762167 0 -0.00027209709 0 0)
(-3.6087672e-09 0.0021959972 0 -0.00013870876 0 0)
(1.0608632e-09 0.0013158419 0 -4.9873678e-05 0 0)
(5.3692288e-09 0.00043817761 0 -5.5415926e-06 0 0)
(5.3436708e-09 -0.00043817844 0 -5.5415594e-06 0 0)
(9.6811173e-10 -0.0013158423 0 -4.9873613e-05 0 0)
(-3.6956747e-09 -0.0021959968 0 -0.00013870867 0 0)
(-2.8363301e-09 -0.0030762158 0 -0.00027209702 0 0)
(-2.8236609e-09 0.0030762173 0 -0.00027209717 0 0)
(-3.0137628e-09 0.0021959967 0 -0.00013870884 0 0)
(6.9803863e-10 0.001315841 0 -4.987365e-05 0 0)
(5.3485488e-09 0.00043817702 0 -5.5414485e-06 0 0)
(5.3084897e-09 -0.00043817794 0 -5.5414385e-06 0 0)
(6.2784814e-10 -0.0013158414 0 -4.9873589e-05 0 0)
(-3.0904079e-09 -0.0021959964 0 -0.00013870877 0 0)
(-2.8580279e-09 -0.0030762165 0 -0.00027209711 0 0)
(-2.6333299e-09 0.0030762182 0 -0.00027209728 0 0)
(-3.4152199e-09 0.0021959963 0 -0.00013870895 0 0)
(1.0075175e-09 0.0013158397 0 -4.9873618e-05 0 0)
(5.0514362e-09 0.00043817651 0 -5.5412809e-06 0 0)
(5.0299157e-09 -0.00043817729 0 -5.5412507e-06 0 0)
(9.2545181e-10 -0.0013158401 0 -4.9873563e-05 0 0)
(-3.4908796e-09 -0.002195996 0 -0.00013870888 0 0)
(-2.6670736e-09 -0.0030762173 0 -0.00027209722 0 0)
(-2.6634011e-09 0.0030762188 0 -0.00027209736 0 0)
(-2.8253257e-09 0.0021959959 0 -0.00013870904 0 0)
(6.4778799e-10 0.001315839 0 -4.9873595e-05 0 0)
(5.0369659e-09 0.00043817596 0 -5.5411435e-06 0 0)
(4.9989168e-09 -0.00043817685 0 -5.541135e-06 0 0)
(5.8412149e-10 -0.0013158393 0 -4.9873539e-05 0 0)
(-2.8912967e-09 -0.0021959956 0 -0.00013870897 0 0)
(-2.6941235e-09 -0.003076218 0 -0.0002720973 0 0)
(-2.4742219e-09 0.0030762196 0 -0.00027209747 0 0)
(-3.2241478e-09 0.0021959955 0 -0.00013870914 0 0)
(9.5944601e-10 0.0013158377 0 -4.9873567e-05 0 0)
(4.7468773e-09 0.00043817547 0 -5.5409832e-06 0 0)
(4.7267365e-09 -0.00043817621 0 -5.5409534e-06 0 0)
(8.808695e-10 -0.001315838 0 -4.9873513e-05 0 0)
(-3.2975309e-09 -0.0021959952 0 -0.00013870907 0 0)
(-2.5060833e-09 -0.0030762188 0 -0.00027209741 0 0)
(-2.5074527e-09 0.0030762201 0 -0.00027209754 0 0)
(-2.6392137e-09 0.0021959951 0 -0.00013870923 0 0)
(6.0197886e-10 0.001315837 0 -4.9873546e-05 0 0)
(4.7381932e-09 0.00043817496 0 -5.5408519e-06 0 0)
(4.6999709e-09 -0.00043817582 0 -5.5408426e-06 0 0)
(5.393998e-10 -0.0013158373 0 -4.987349e-05 0 0)
(-2.7028342e-09 -0.0021959948 0 -0.00013870916 0 0)
(-2.5378176e-09 -0.0030762194 0 -0.00027209749 0 0)
(-2.3198719e-09 0.0030762209 0 -0.00027209764 0 0)
(-3.0398385e-09 0.0021959947 0 -0.00013870933 0 0)
(9.1509099e-10 0.0013158358 0 -4.9873521e-05 0 0)
(4.4548237e-09 0.0004381745 0 -5.5406984e-06 0 0)
(4.4345478e-09 -0.0004381752 0 -5.5406676e-06 0 0)
(8.357745e-10 -0.0013158361 0 -4.9873465e-05 0 0)
(-3.1139227e-09 -0.0021959944 0 -0.00013870926 0 0)
(-2.3523475e-09 -0.0030762202 0 -0.00027209759 0 0)
(-2.3564777e-09 0.0030762214 0 -0.00027209772 0 0)
(-2.4575306e-09 0.0021959943 0 -0.00013870941 0 0)
(5.5934681e-10 0.0013158351 0 -4.9873502e-05 0 0)
(4.4516755e-09 0.00043817403 0 -5.540573e-06 0 0)
(4.4120813e-09 -0.00043817486 0 -5.5405617e-06 0 0)
(4.9484719e-10 -0.0013158354 0 -4.9873444e-05 0 0)
(-2.5236301e-09 -0.002195994 0 -0.00013870935 0 0)
(-2.3883125e-09 -0.0030762207 0 -0.00027209767 0 0)
(-2.1708598e-09 0.0030762222 0 -0.00027209781 0 0)
(-2.862358e-09 0.002195994 0 -0.00013870951 0 0)
(8.7340572e-10 0.001315834 0 -4.9873479e-05 0 0)
(4.1748773e-09 0.00043817358 0 -5.5404259e-06 0 0)
(4.1537297e-09 -0.00043817426 0 -5.5403934e-06 0 0)
(7.9116905e-10 -0.0013158343 0 -4.987342e-05 0 0)
(-2.9389386e-09 -0.0021959937 0 -0.00013870944 0 0)
(-2.2052328e-09 -0.0030762214 0 -0.00027209776 0 0)
(-2.2109824e-09 0.0030762227 0 -0.00027209788 0 0)
(-2.2827154e-09 0.0021959936 0 -0.00013870959 0 0)
(5.1906297e-10 0.0013158334 0 -4.9873462e-05 0 0)
(4.1771265e-09 0.00043817315 0 -5.5403062e-06 0 0)
(4.1356235e-09 -0.00043817395 0 -5.5402923e-06 0 0)
(4.5126536e-10 -0.0013158337 0 -4.9873399e-05 0 0)
(-2.3527838e-09 -0.0021959933 0 -0.00013870952 0 0)
(-2.2451286e-09 -0.0030762219 0 -0.00027209783 0 0)
(-2.0276165e-09 0.0030762234 0 -0.00027209798 0 0)
(-2.6917605e-09 0.0021959933 0 -0.00013870969 0 0)
(8.3372752e-10 0.0013158323 0 -4.987344e-05 0 0)
(3.9068507e-09 0.00043817272 0 -5.5401655e-06 0 0)
(3.8845979e-09 -0.00043817338 0 -5.5401311e-06 0 0)
(7.477353e-10 -0.0013158326 0 -4.9873376e-05 0 0)
(-2.7718838e-09 -0.002195993 0 -0.00013870961 0 0)
(-2.0643741e-09 -0.0030762226 0 -0.00027209793 0 0)
(-2.0713355e-09 0.0030762238 0 -0.00027209804 0 0)
(-2.1153381e-09 0.002195993 0 -0.00013870977 0 0)
(4.8061534e-10 0.0013158318 0 -4.9873425e-05 0 0)
(3.9144226e-09 0.00043817232 0 -5.5400512e-06 0 0)
(3.8708938e-09 -0.0004381731 0 -5.5400347e-06 0 0)
(4.091807e-10 -0.0013158321 0 -4.9873357e-05 0 0)
(-2.1897413e-09 -0.0021959927 0 -0.00013870969 0 0)
(-2.1080054e-09 -0.0030762231 0 -0.00027209799 0 0)
(-1.8904456e-09 0.0030762245 0 -0.00027209813 0 0)
(-2.5284743e-09 0.0021959927 0 -0.00013870986 0 0)
(7.9566589e-10 0.0013158308 0 -4.9873404e-05 0 0)
(3.6506726e-09 0.00043817192 0 -5.5399167e-06 0 0)
(3.6273886e-09 -0.00043817256 0 -5.5398807e-06 0 0)
(7.0591698e-10 -0.001315831 0 -4.9873335e-05 0 0)
(-2.6123486e-09 -0.0021959924 0 -0.00013870978 0 0)
(-1.9295835e-09 -0.0030762237 0 -0.00027209808 0 0)
(-1.9377898e-09 0.0030762248 0 -0.0002720982 0 0)
(-1.95572e-09 0.0021959924 0 -0.00013870993 0 0)
(4.4371034e-10 0.0013158302 0 -4.987339e-05 0 0)
(3.6635217e-09 0.00043817155 0 -5.5398078e-06 0 0)
(3.618101e-09 -0.0004381723 0 -5.5397888e-06 0 0)
(3.6892127e-10 -0.0013158305 0 -4.9873318e-05 0 0)
(-2.0341754e-09 -0.0021959921 0 -0.00013870985 0 0)
(-1.9768199e-09 -0.0030762242 0 -0.00027209814 0 0)
(-1.7595431e-09 0.0030762255 0 -0.00027209828 0 0)
(-2.372828e-09 0.0021959921 0 -0.00013871002 0 0)
(7.5901182e-10 0.0013158293 0 -4.987337e-05 0 0)
(3.4063202e-09 0.00043817118 0 -5.5396797e-06 0 0)
(3.3822497e-09 -0.0004381718 0 -5.5396422e-06 0 0)
(6.6598753e-10 -0.0013158296 0 -4.9873297e-05 0 0)
(-2.4601e-09 -0.0021959918 0 -0.00013870994 0 0)
(-1.8007768e-09 -0.0030762248 0 -0.00027209823 0 0)
(-1.8105011e-09 0.0030762258 0 -0.00027209834 0 0)
(-1.8040377e-09 0.0021959918 0 -0.00013871009 0 0)
(4.0819616e-10 0.0013158288 0 -4.9873357e-05 0 0)
(3.4244047e-09 0.00043817083 0 -5.539576e-06 0 0)
(3.3773622e-09 -0.00043817155 0 -5.5395548e-06 0 0)
(3.3067598e-10 -0.0013158291 0 -4.9873281e-05 0 0)
(-1.8858944e-09 -0.0021959915 0 -0.00013871001 0 0)
(-1.851524e-09 -0.0030762252 0 -0.00027209829 0 0)
(-1.6350177e-09 0.0030762264 0 -0.00027209842 0 0)
(-2.2249974e-09 0.0021959915 0 -0.00013871017 0 0)
(7.2367031e-10 0.0013158279 0 -4.9873339e-05 0 0)
(3.1737698e-09 0.00043817049 0 -5.5394541e-06 0 0)
(3.1492398e-09 -0.00043817109 0 -5.5394155e-06 0 0)
(6.281017e-10 -0.0013158282 0 -4.9873262e-05 0 0)
(-2.3150035e-09 -0.0021959912 0 -0.00013871009 0 0)
(-1.6779201e-09 -0.0030762258 0 -0.00027209837 0 0)
(-1.689547e-09 0.0030762268 0 -0.00027209848 0 0)
(-1.6603484e-09 0.0021959912 0 -0.00013871024 0 0)
(3.740071e-10 0.0013158275 0 -4.9873326e-05 0 0)
(3.1970361e-09 0.00043817016 0 -5.5393557e-06 0 0)
(3.1487055e-09 -0.00043817085 0 -5.5393325e-06 0 0)
(2.9453952e-10 -0.0013158277 0 -4.9873247e-05 0 0)
(-1.7447761e-09 -0.002195991 0 -0.00013871016 0 0)
(-1.7321003e-09 -0.0030762261 0 -0.00027209843 0 0)
(-1.5169054e-09 0.0030762273 0 -0.00027209855 0 0)
(-2.0850338e-09 0.002195991 0 -0.00013871032 0 0)
(6.8961213e-10 0.0013158266 0 -4.9873308e-05 0 0)
(2.9529659e-09 0.00043816984 0 -5.5392398e-06 0 0)
(2.9283312e-09 -0.00043817043 0 -5.5392007e-06 0 0)
(5.9233406e-10 -0.0013158269 0 -4.9873229e-05 0 0)
(-2.1769674e-09 -0.0021959907 0 -0.00013871023 0 0)
(-1.560994e-09 -0.0030762267 0 -0.0002720985 0 0)
(-1.574939e-09 0.0030762276 0 -0.00027209861 0 0)
(-1.5246162e-09 0.0021959907 0 -0.00013871038 0 0)
(3.4112527e-10 0.0013158262 0 -4.9873297e-05 0 0)
(2.9813404e-09 0.00043816953 0 -5.5391465e-06 0 0)
(2.9320748e-09 -0.0004381702 0 -5.5391219e-06 0 0)
(2.6054374e-10 -0.0013158265 0 -4.9873215e-05 0 0)
(-1.6107226e-09 -0.0021959905 0 -0.0001387103 0 0)
(-1.6185327e-09 -0.003076227 0 -0.00027209856 0 0)
(-1.4051815e-09 0.0030762281 0 -0.00027209868 0 0)
(-1.9528938e-09 0.0021959905 0 -0.00013871046 0 0)
(6.5684175e-10 0.0013158255 0 -4.9873279e-05 0 0)
(2.7438029e-09 0.00043816924 0 -5.5390368e-06 0 0)
(2.7194118e-09 -0.00043816981 0 -5.5389974e-06 0 0)
(5.5870513e-10 -0.0013158257 0 -4.9873198e-05 0 0)
(-2.0459081e-09 -0.0021959903 0 -0.00013871037 0 0)
(-1.449969e-09 -0.0030762275 0 -0.00027209863 0 0)
(-1.4666331e-09 0.0030762284 0 -0.00027209873 0 0)
(-1.396731e-09 0.0021959902 0 -0.00013871052 0 0)
(3.0955574e-10 0.0013158251 0 -4.9873269e-05 0 0)
(2.777188e-09 0.00043816895 0 -5.5389485e-06 0 0)
(2.7273356e-09 -0.00043816958 0 -5.5389227e-06 0 0)
(2.2867827e-10 -0.0013158253 0 -4.9873186e-05 0 0)
(-1.4836359e-09 -0.00219599 0 -0.00013871043 0 0)
(-1.5107886e-09 -0.0030762278 0 -0.00027209868 0 0)
(-1.2997701e-09 0.0030762289 0 -0.0002720988 0 0)
(-1.8284594e-09 0.00219599 0 -0.00013871059 0 0)
(6.2537749e-10 0.0013158244 0 -4.9873252e-05 0 0)
(2.5461166e-09 0.00043816869 0 -5.5388449e-06 0 0)
(2.5222925e-09 -0.00043816924 0 -5.5388056e-06 0 0)
(5.2719823e-10 -0.0013158246 0 -4.987317e-05 0 0)
(-1.921725e-09 -0.0021959898 0 -0.0001387105 0 0)
(-1.3447934e-09 -0.0030762283 0 -0.00027209875 0 0)
(-1.3645375e-09 0.0030762291 0 -0.00027209884 0 0)
(-1.2765242e-09 0.0021959898 0 -0.00013871065 0 0)
(2.7931126e-10 0.001315824 0 -4.9873242e-05 0 0)
(2.5843907e-09 0.00043816841 0 -5.5387614e-06 0 0)
(2.5342803e-09 -0.00043816901 0 -5.5387348e-06 0 0)
(1.989041e-10 -0.0013158242 0 -4.9873159e-05 0 0)
(-1.3633935e-09 -0.0021959896 0 -0.00013871056 0 0)
(-1.4088088e-09 -0.0030762286 0 -0.00027209879 0 0)
(-1.2005507e-09 0.0030762296 0 -0.00027209891 0 0)
(-1.7115555e-09 0.0021959896 0 -0.00013871071 0 0)
(5.9523912e-10 0.0013158233 0 -4.9873226e-05 0 0)
(2.3596824e-09 0.00043816817 0 -5.5386636e-06 0 0)
(2.3367144e-09 -0.00043816871 0 -5.5386248e-06 0 0)
(4.9777062e-10 -0.0013158235 0 -4.9873144e-05 0 0)
(-1.8043009e-09 -0.0021959894 0 -0.00013871062 0 0)
(-1.2453861e-09 -0.0030762291 0 -0.00027209886 0 0)
(-1.2685195e-09 0.0030762298 0 -0.00027209895 0 0)
(-1.1637794e-09 0.0021959894 0 -0.00013871076 0 0)
(2.5040356e-10 0.001315823 0 -4.9873216e-05 0 0)
(2.4027017e-09 0.00043816791 0 -5.5385849e-06 0 0)
(2.3526363e-09 -0.00043816848 0 -5.5385578e-06 0 0)
(1.7116219e-10 -0.0013158232 0 -4.9873134e-05 0 0)
(-1.2498526e-09 -0.0021959892 0 -0.00013871068 0 0)
(-1.3125035e-09 -0.0030762293 0 -0.0002720989 0 0)
(-1.1073654e-09 0.0030762303 0 -0.00027209901 0 0)
(-1.6019592e-09 0.0021959892 0 -0.00013871083 0 0)
(5.6644232e-10 0.0013158224 0 -4.9873201e-05 0 0)
(2.1842184e-09 0.0004381677 0 -5.5384929e-06 0 0)
(2.1623561e-09 -0.00043816821 0 -5.5384549e-06 0 0)
(4.7036066e-10 -0.0013158226 0 -4.9873119e-05 0 0)
(-1.6934842e-09 -0.002195989 0 -0.00013871074 0 0)
(-1.1516353e-09 -0.0030762297 0 -0.00027209896 0 0)
(-1.178411e-09 0.0030762304 0 -0.00027209905 0 0)
(-1.0582421e-09 0.002195989 0 -0.00013871088 0 0)
(2.2283921e-10 0.0013158221 0 -4.9873192e-05 0 0)
(2.2318196e-09 0.00043816745 0 -5.5384187e-06 0 0)
(2.1820718e-09 -0.00043816799 0 -5.5383915e-06 0 0)
(1.4537841e-10 -0.0013158223 0 -4.9873111e-05 0 0)
(-1.1428424e-09 -0.0021959888 0 -0.00013871079 0 0)
(-1.2217525e-09 -0.0030762299 0 -0.000272099 0 0)
(-1.020024e-09 0.0030762309 0 -0.00027209911 0 0)
(-1.4994106e-09 0.0021959888 0 -0.00013871094 0 0)
(5.3899495e-10 0.0013158215 0 -4.9873178e-05 0 0)
(2.0193905e-09 0.00043816726 0 -5.5383324e-06 0 0)
(1.9988441e-09 -0.00043816776 0 -5.5382953e-06 0 0)
(4.4489232e-10 -0.0013158217 0 -4.9873097e-05 0 0)
(-1.5890946e-09 -0.0021959887 0 -0.00013871085 0 0)
(-1.0633992e-09 -0.0030762304 0 -0.00027209906 0 0)
(-1.094014e-09 0.003076231 0 -0.00027209914 0 0)
(-9.5962581e-10 0.0021959886 0 -0.00013871098 0 0)
(1.966173e-10 0.0013158212 0 -4.987317e-05 0 0)
(2.071395e-09 0.00043816702 0 -5.5382625e-06 0 0)
(2.0222056e-09 -0.00043816753 0 -5.5382354e-06 0 0)
(1.2146769e-10 -0.0013158214 0 -4.987309e-05 0 0)
(-1.0421643e-09 -0.0021959885 0 -0.0001387109 0 0)
(-1.1364071e-09 -0.0030762305 0 -0.0002720991 0 0)
(-9.383102e-10 0.0030762314 0 -0.0002720992 0 0)
(-1.4036184e-09 0.0021959885 0 -0.00013871104 0 0)
(5.1289645e-10 0.0013158207 0 -4.9873156e-05 0 0)
(1.8648202e-09 0.00043816685 0 -5.5381816e-06 0 0)
(1.8457609e-09 -0.00043816733 0 -5.5381458e-06 0 0)
(4.2127895e-10 -0.0013158208 0 -4.9873077e-05 0 0)
(-1.4909285e-09 -0.0021959883 0 -0.00013871095 0 0)
(-9.8050923e-10 -0.003076231 0 -0.00027209916 0 0)
(-1.015106e-09 0.0030762315 0 -0.00027209923 0 0)
(-8.6761935e-10 0.0021959883 0 -0.00013871108 0 0)
(1.7172899e-10 0.0013158205 0 -4.9873148e-05 0 0)
(1.9210367e-09 0.00043816663 0 -5.538116e-06 0 0)
(1.8726147e-09 -0.00043816711 0 -5.5380892e-06 0 0)
(9.9337041e-11 -0.0013158206 0 -4.987307e-05 0 0)
(-9.4759647e-10 -0.0021959882 0 -0.000138711 0 0)
(-1.0562937e-09 -0.0030762311 0 -0.00027209919 0 0)
(-8.619855e-10 0.0030762319 0 -0.00027209929 0 0)
(-1.3142715e-09 0.0021959882 0 -0.00013871113 0 0)
(4.8813684e-10 0.0013158199 0 -4.9873135e-05 0 0)
(1.7200925e-09 0.00043816648 0 -5.5380403e-06 0 0)
(1.7026536e-09 -0.00043816694 0 -5.5380058e-06 0 0)
(3.9942481e-10 -0.0013158201 0 -4.9873058e-05 0 0)
(-1.3987584e-09 -0.002195988 0 -0.00013871105 0 0)
(-9.0277445e-10 -0.0030762315 0 -0.00027209924 0 0)
(-9.4144501e-10 0.003076232 0 -0.00027209932 0 0)
(-7.8189533e-10 0.002195988 0 -0.00013871117 0 0)
(1.4815728e-10 0.0013158197 0 -4.9873127e-05 0 0)
(1.7803215e-09 0.00043816626 0 -5.5379786e-06 0 0)
(1.732843e-09 -0.00043816672 0 -5.5379524e-06 0 0)
(7.8885834e-11 -0.0013158199 0 -4.9873052e-05 0 0)
(-8.588973e-10 -0.0021959879 0 -0.00013871109 0 0)
(-9.8121815e-10 -0.0030762316 0 -0.00027209927 0 0)
(-7.9079532e-10 0.0030762324 0 -0.00027209937 0 0)
(-1.2310382e-09 0.0021959879 0 -0.00013871122 0 0)
(4.6470118e-10 0.0013158192 0 -4.9873115e-05 0 0)
(1.5847642e-09 0.00043816613 0 -5.5379079e-06 0 0)
(1.5690444e-09 -0.00043816657 0 -5.5378749e-06 0 0)
(3.7922949e-10 -0.0013158194 0 -4.9873041e-05 0 0)
(-1.3123411e-09 -0.0021959877 0 -0.00013871114 0 0)
(-8.2998422e-10 -0.003076232 0 -0.00027209932 0 0)
(-8.7277442e-10 0.0030762325 0 -0.00027209939 0 0)
(-7.021127e-10 0.0021959877 0 -0.00013871125 0 0)
(1.2588241e-10 0.001315819 0 -4.9873108e-05 0 0)
(1.6487999e-09 0.00043816593 0 -5.5378501e-06 0 0)
(1.6024092e-09 -0.00043816635 0 -5.5378246e-06 0 0)
(6.0013134e-11 -0.0013158192 0 -4.9873036e-05 0 0)
(-7.758114e-10 -0.0021959876 0 -0.00013871118 0 0)
(-9.1097041e-10 -0.0030762321 0 -0.00027209935 0 0)
(-7.2447382e-10 0.0030762328 0 -0.00027209944 0 0)
(-1.1535794e-09 0.0021959876 0 -0.0001387113 0 0)
(4.4256413e-10 0.0013158186 0 -4.9873096e-05 0 0)
(1.458372e-09 0.00043816581 0 -5.5377841e-06 0 0)
(1.4444377e-09 -0.00043816624 0 -5.5377527e-06 0 0)
(3.6059202e-10 -0.0013158187 0 -4.9873025e-05 0 0)
(-1.2314176e-09 -0.0021959875 0 -0.00013871122 0 0)
(-7.6191362e-10 -0.0030762325 0 -0.0002720994 0 0)
(-8.0882809e-10 0.0030762329 0 -0.00027209946 0 0)
(-6.2792233e-10 0.0021959875 0 -0.00013871133 0 0)
(1.0486709e-10 0.0013158184 0 -4.987309e-05 0 0)
(1.5260062e-09 0.00043816562 0 -5.5377299e-06 0 0)
(1.4808169e-09 -0.00043816602 0 -5.5377053e-06 0 0)
(4.2614815e-11 -0.0013158186 0 -4.9873021e-05 0 0)
(-6.9807155e-10 -0.0021959873 0 -0.00013871126 0 0)
(-8.4532859e-10 -0.0030762325 0 -0.00027209943 0 0)
(-6.6274815e-10 0.0030762332 0 -0.00027209951 0 0)
(-1.081553e-09 0.0021959874 0 -0.00013871138 0 0)
(4.2167984e-10 0.001315818 0 -4.9873079e-05 0 0)
(1.3404402e-09 0.00043816552 0 -5.5376684e-06 0 0)
(1.3283289e-09 -0.00043816593 0 -5.5376387e-06 0 0)
(3.43398e-10 -0.0013158181 0 -4.9873011e-05 0 0)
(-1.15572e-09 -0.0021959872 0 -0.0001387113 0 0)
(-6.983262e-10 -0.0030762329 0 -0.00027209947 0 0)
(-7.4933488e-10 0.0030762333 0 -0.00027209953 0 0)
(-5.5897707e-10 0.0021959872 0 -0.00013871141 0 0)
(8.5074332e-11 0.0013158178 0 -4.9873073e-05 0 0)
(1.4114638e-09 0.00043816533 0 -5.5376176e-06 0 0)
(1.3675611e-09 -0.00043816571 0 -5.537594e-06 0 0)
(2.6576385e-11 -0.001315818 0 -4.9873007e-05 0 0)
(-6.2540403e-10 -0.0021959871 0 -0.00013871134 0 0)
(-7.8406484e-10 -0.003076233 0 -0.00027209949 0 0)
(-6.0534282e-10 0.0030762336 0 -0.00027209957 0 0)
(-1.0146124e-09 0.0021959871 0 -0.00013871145 0 0)
(4.0206481e-10 0.0013158174 0 -4.9873062e-05 0 0)
(1.2304869e-09 0.00043816525 0 -5.5375603e-06 0 0)
(1.2202098e-09 -0.00043816564 0 -5.5375323e-06 0 0)
(3.275544e-10 -0.0013158176 0 -4.9872998e-05 0 0)
(-1.0849746e-09 -0.002195987 0 -0.00013871138 0 0)
(-6.3897663e-10 -0.0030762333 0 -0.00027209954 0 0)
(-6.9402194e-10 0.0030762336 0 -0.00027209959 0 0)
(-4.949304e-10 0.002195987 0 -0.00013871147 0 0)
(6.6510375e-11 0.0013158173 0 -4.9873057e-05 0 0)
(1.3046928e-09 0.00043816507 0 -5.5375127e-06 0 0)
(1.2621352e-09 -0.00043816543 0 -5.5374902e-06 0 0)
(1.1813952e-11 -0.0013158175 0 -4.9872994e-05 0 0)
(-5.5753097e-10 -0.0021959869 0 -0.00013871141 0 0)
(-7.2694754e-10 -0.0030762333 0 -0.00027209956 0 0)
(-5.5198299e-10 0.003076234 0 -0.00027209963 0 0)
(-9.5241665e-10 0.0021959869 0 -0.00013871151 0 0)
(3.8357489e-10 0.0013158169 0 -4.9873047e-05 0 0)
(1.1280308e-09 0.000438165 0 -5.5374595e-06 0 0)
(1.1195763e-09 -0.00043816537 0 -5.5374332e-06 0 0)
(3.1294822e-10 -0.0013158171 0 -4.9872986e-05 0 0)
(-1.0189052e-09 -0.0021959868 0 -0.00013871145 0 0)
(-5.836114e-10 -0.0030762336 0 -0.0002720996 0 0)
(-6.4261927e-10 0.003076234 0 -0.00027209965 0 0)
(-4.3544479e-10 0.0021959868 0 -0.00013871154 0 0)
(4.9000308e-11 0.0013158168 0 -4.9873041e-05 0 0)
(1.2052164e-09 0.00043816483 0 -5.5374149e-06 0 0)
(1.1640369e-09 -0.00043816517 0 -5.5373936e-06 0 0)
(-1.7960559e-12 -0.001315817 0 -4.9872983e-05 0 0)
(-4.9417461e-10 -0.0021959867 0 -0.00013871148 0 0)
(-6.7374724e-10 -0.0030762337 0 -0.00027209962 0 0)
(-5.0239867e-10 0.0030762343 0 -0.00027209968 0 0)
(-8.9463545e-10 0.0021959867 0 -0.00013871157 0 0)
(3.6628878e-10 0.0013158165 0 -4.9873032e-05 0 0)
(1.0325968e-09 0.00043816477 0 -5.5373654e-06 0 0)
(1.0259334e-09 -0.00043816513 0 -5.5373408e-06 0 0)
(2.9948256e-10 -0.0013158166 0 -4.9872975e-05 0 0)
(-9.5723689e-10 -0.0021959866 0 -0.00013871151 0 0)
(-5.3196671e-10 -0.003076234 0 -0.00027209965 0 0)
(-5.9486143e-10 0.0030762343 0 -0.0002720997 0 0)
(-3.8018934e-10 0.0021959866 0 -0.0001387116 0 0)
(3.2704202e-11 0.0013158164 0 -4.9873027e-05 0 0)
(1.1125636e-09 0.00043816461 0 -5.5373236e-06 0 0)
(1.0727744e-09 -0.00043816493 0 -5.5373035e-06 0 0)
(-1.433407e-11 -0.0013158165 0 -4.9872972e-05 0 0)
(-4.3505984e-10 -0.0021959865 0 -0.00013871154 0 0)
(-6.2423693e-10 -0.003076234 0 -0.00027209967 0 0)
(-4.5632528e-10 0.0030762346 0 -0.00027209973 0 0)
(-8.4094538e-10 0.0021959865 0 -0.00013871163 0 0)
(3.5006137e-10 0.0013158161 0 -4.9873018e-05 0 0)
(9.4371806e-10 0.00043816456 0 -5.5372776e-06 0 0)
(9.3879918e-10 -0.0004381649 0 -5.5372547e-06 0 0)
(2.8706568e-10 -0.0013158162 0 -4.9872965e-05 0 0)
(-8.9969775e-10 -0.0021959864 0 -0.00013871157 0 0)
(-4.8376331e-10 -0.0030762343 0 -0.00027209971 0 0)
(-5.504914e-10 0.0030762345 0 -0.00027209975 0 0)
(-3.2884856e-10 0.0021959864 0 -0.00013871165 0 0)
(1.7352583e-11 0.001315816 0 -4.9873014e-05 0 0)
(1.0262754e-09 0.00043816441 0 -5.5372385e-06 0 0)
(9.8786883e-10 -0.00043816471 0 -5.5372196e-06 0 0)
(-2.5896388e-11 -0.0013158161 0 -4.9872963e-05 0 0)
(-3.7991617e-10 -0.0021959863 0 -0.0001387116 0 0)
(-5.7818821e-10 -0.0030762343 0 -0.00027209972 0 0)
(-4.1350875e-10 0.0030762348 0 -0.00027209978 0 0)
(-7.9104111e-10 0.0021959864 0 -0.00013871168 0 0)
(3.3487527e-10 0.0013158157 0 -4.9873006e-05 0 0)
(8.6094437e-10 0.00043816437 0 -5.5371958e-06 0 0)
(8.5770954e-10 -0.00043816469 0 -5.5371744e-06 0 0)
(2.7560197e-10 -0.0013158158 0 -4.9872956e-05 0 0)
(-8.4602179e-10 -0.0021959863 0 -0.00013871163 0 0)
(-4.3871803e-10 -0.0030762346 0 -0.00027209975 0 0)
(-5.0926147e-10 0.0030762348 0 -0.00027209979 0 0)
(-2.8112087e-10 0.0021959863 0 -0.0001387117 0 0)
(3.044056e-12 0.0013158156 0 -4.9873002e-05 0 0)
(9.4590856e-10 0.00043816422 0 -5.5371591e-06 0 0)
(9.0886016e-10 -0.00043816451 0 -5.5371413e-06 0 0)
(-3.6573955e-11 -0.0013158157 0 -4.9872954e-05 0 0)
(-3.2848023e-10 -0.0021959862 0 -0.00013871165 0 0)
(-5.3536209e-10 -0.0030762346 0 -0.00027209977 0 0)
(-3.7370449e-10 0.0030762351 0 -0.00027209982 0 0)
(-7.4462904e-10 0.0021959862 0 -0.00013871173 0 0)
(3.2069269e-10 0.0013158153 0 -4.9872994e-05 0 0)
(7.8384005e-10 0.00043816419 0 -5.5371194e-06 0 0)
(7.8221953e-10 -0.0004381645 0 -5.5370996e-06 0 0)
(2.6501078e-10 -0.0013158155 0 -4.9872948e-05 0 0)
(-7.9595046e-10 -0.0021959861 0 -0.00013871168 0 0)
(-3.9666455e-10 -0.0030762348 0 -0.0002720998 0 0)
(-4.7093542e-10 0.003076235 0 -0.00027209983 0 0)
(-2.3672057e-10 0.0021959861 0 -0.00013871175 0 0)
(-1.0328865e-11 0.0013158152 0 -4.987299e-05 0 0)
(8.7103615e-10 0.00043816406 0 -5.5370851e-06 0 0)
(8.3530822e-10 -0.00043816433 0 -5.5370685e-06 0 0)
(-4.6441151e-11 -0.0013158154 0 -4.9872946e-05 0 0)
(-2.8049732e-10 -0.002195986 0 -0.0001387117 0 0)
(-4.9547246e-10 -0.0030762348 0 -0.00027209981 0 0)
(-3.3667999e-10 0.0030762353 0 -0.00027209986 0 0)
(-7.0143282e-10 0.0021959861 0 -0.00013871178 0 0)
(3.0743107e-10 0.001315815 0 -4.9872983e-05 0 0)
(7.1198941e-10 0.00043816403 0 -5.5370481e-06 0 0)
(7.119053e-10 -0.00043816433 0 -5.5370299e-06 0 0)
(2.5521324e-10 -0.0013158152 0 -4.987294e-05 0 0)
(-7.4923441e-10 -0.002195986 0 -0.00013871173 0 0)
(-3.5774074e-10 -0.0030762351 0 -0.00027209984 0 0)
(-4.3528903e-10 0.0030762352 0 -0.00027209987 0 0)
(-1.9537928e-10 0.002195986 0 -0.00013871179 0 0)
(-2.2829645e-11 0.0013158149 0 -4.987298e-05 0 0)
(8.0125179e-10 0.0004381639 0 -5.5370159e-06 0 0)
(7.6679572e-10 -0.00043816416 0 -5.5370005e-06 0 0)
(-5.5576334e-11 -0.0013158151 0 -4.9872938e-05 0 0)
(-2.3572268e-10 -0.0021959859 0 -0.00013871175 0 0)
(-4.5813859e-10 -0.003076235 0 -0.00027209985 0 0)
(-3.0221556e-10 0.0030762355 0 -0.0002720999 0 0)
(-6.6119405e-10 0.0021959859 0 -0.00013871182 0 0)
(2.9505197e-10 0.0013158147 0 -4.9872973e-05 0 0)
(6.4499769e-10 0.00043816388 0 -5.5369816e-06 0 0)
(6.4636623e-10 -0.00043816417 0 -5.5369647e-06 0 0)
(2.4613641e-10 -0.0013158149 0 -4.9872933e-05 0 0)
(-7.0563533e-10 -0.0021959859 0 -0.00013871178 0 0)
(-3.2190684e-10 -0.0030762353 0 -0.00027209988 0 0)
(-4.0211187e-10 0.0030762354 0 -0.00027209991 0 0)
(-1.5684651e-10 0.0021959859 0 -0.00013871183 0 0)
(-3.4487901e-11 0.0013158147 0 -4.987297e-05 0 0)
(7.3616981e-10 0.00043816376 0 -5.5369514e-06 0 0)
(7.029291e-10 -0.00043816401 0 -5.536937e-06 0 0)
(-6.4048135e-11 -0.0013158148 0 -4.9872932e-05 0 0)
(-1.9392331e-10 -0.0021959858 0 -0.0001387118 0 0)
(-4.2312676e-10 -0.0030762352 0 -0.00027209989 0 0)
(-2.7010423e-10 0.0030762357 0 -0.00027209994 0 0)
(-6.2367074e-10 0.0021959858 0 -0.00013871186 0 0)
(2.8349908e-10 0.0013158144 0 -4.9872964e-05 0 0)
(5.8249197e-10 0.00043816375 0 -5.5369194e-06 0 0)
(5.8522562e-10 -0.00043816403 0 -5.5369039e-06 0 0)
(2.3771422e-10 -0.0013158146 0 -4.9872927e-05 0 0)
(-6.6492592e-10 -0.0021959858 0 -0.00013871182 0 0)
(-2.8863252e-10 -0.0030762355 0 -0.00027209992 0 0)
(-3.7120643e-10 0.0030762356 0 -0.00027209994 0 0)
(-1.2088887e-10 0.0021959857 0 -0.00013871187 0 0)
(-4.5369568e-11 0.0013158144 0 -4.9872961e-05 0 0)
(6.7542741e-10 0.00043816364 0 -5.5368911e-06 0 0)
(6.4333982e-10 -0.00043816388 0 -5.5368777e-06 0 0)
(-7.1919496e-11 -0.0013158145 0 -4.9872925e-05 0 0)
(-1.548777e-10 -0.0021959857 0 -0.00013871184 0 0)
(-3.9041398e-10 -0.0030762354 0 -0.00027209992 0 0)
(-2.401522e-10 0.0030762358 0 -0.00027209997 0 0)
(-5.8863908e-10 0.0021959857 0 -0.0001387119 0 0)
(2.7271877e-10 0.0013158142 0 -4.9872955e-05 0 0)
(5.2412251e-10 0.00043816363 0 -5.5368613e-06 0 0)
(5.2813206e-10 -0.0004381639 0 -5.536847e-06 0 0)
(2.2988542e-10 -0.0013158144 0 -4.9872921e-05 0 0)
(-6.2689126e-10 -0.0021959857 0 -0.00013871186 0 0)
(-2.5751928e-10 -0.0030762356 0 -0.00027209995 0 0)
(-3.4238856e-10 0.0030762357 0 -0.00027209997 0 0)
(-8.7291605e-11 0.0021959856 0 -0.00013871191 0 0)
(-5.5522496e-11 0.0013158142 0 -4.9872952e-05 0 0)
(6.186843e-10 0.00043816352 0 -5.5368347e-06 0 0)
(5.8768421e-10 -0.00043816375 0 -5.5368223e-06 0 0)
(-7.9248748e-11 -0.0013158143 0 -4.987292e-05 0 0)
(-1.1837794e-10 -0.0021959856 0 -0.00013871188 0 0)
(-3.5992344e-10 -0.0030762356 0 -0.00027209996 0 0)
(-2.1218012e-10 0.003076236 0 -0.0002721 0 0)
(-5.5589107e-10 0.0021959856 0 -0.00013871193 0 0)
(2.6266128e-10 0.001315814 0 -4.9872947e-05 0 0)
(4.695619e-10 0.00043816352 0 -5.5368069e-06 0 0)
(4.7475843e-10 -0.00043816378 0 -5.5367938e-06 0 0)
(2.2259462e-10 -0.0013158141 0 -4.9872916e-05 0 0)
(-5.9132858e-10 -0.0021959856 0 -0.0001387119 0 0)
(-2.2838211e-10 -0.0030762358 0 -0.00027209998 0 0)
(-3.1548935e-10 0.0030762359 0 -0.0002721 0 0)
(-5.5854546e-11 0.0021959856 0 -0.00013871194 0 0)
(-6.4996954e-11 0.001315814 0 -4.9872945e-05 0 0)
(5.6562333e-10 0.00043816342 0 -5.5367819e-06 0 0)
(5.3564343e-10 -0.00043816364 0 -5.5367704e-06 0 0)
(-8.6087962e-11 -0.0013158141 0 -4.9872915e-05 0 0)
(-8.422728e-11 -0.0021959855 0 -0.00013871191 0 0)
(-3.314946e-10 -0.0030762358 0 -0.00027209998 0 0)
(-1.8601952e-10 0.0030762361 0 -0.00027210002 0 0)
(-5.2523686e-10 0.0021959855 0 -0.00013871196 0 0)
(2.5327799e-10 0.0013158138 0 -4.987294e-05 0 0)
(4.1850644e-10 0.00043816342 0 -5.536756e-06 0 0)
(4.2480227e-10 -0.00043816367 0 -5.536744e-06 0 0)
(2.1579141e-10 -0.0013158139 0 -4.9872911e-05 0 0)
(-5.5804829e-10 -0.0021959855 0 -0.00013871193 0 0)
(-2.0109045e-10 -0.0030762359 0 -0.00027210001 0 0)
(-2.9035298e-10 0.003076236 0 -0.00027210003 0 0)
(-2.63954e-11 0.0021959855 0 -0.00013871198 0 0)
(-7.3840668e-11 0.0013158138 0 -4.9872938e-05 0 0)
(5.1595019e-10 0.00043816332 0 -5.5367324e-06 0 0)
(4.8692214e-10 -0.00043816354 0 -5.5367219e-06 0 0)
(-9.2484699e-11 -0.0013158139 0 -4.987291e-05 0 0)
(-5.2242044e-11 -0.0021959854 0 -0.00013871195 0 0)
(-3.049537e-10 -0.0030762359 0 -0.00027210001 0 0)
(-1.6151402e-10 0.0030762362 0 -0.00027210005 0 0)
(-4.965032e-10 0.0021959854 0 -0.00013871199 0 0)
(2.4452202e-10 0.0013158136 0 -4.9872934e-05 0 0)
(3.7067485e-10 0.00043816333 0 -5.5367082e-06 0 0)
(3.7798486e-10 -0.00043816357 0 -5.5366972e-06 0 0)
(2.0942979e-10 -0.0013158138 0 -4.9872907e-05 0 0)
(-5.2687627e-10 -0.0021959854 0 -0.00013871197 0 0)
(-1.7551632e-10 -0.0030762361 0 -0.00027210003 0 0)
(-2.6683458e-10 0.0030762361 0 -0.00027210005 0 0)
(1.2511103e-12 0.0021959854 0 -0.00013871201 0 0)
(-8.2099912e-11 0.0013158136 0 -4.9872931e-05 0 0)
(4.6939338e-10 0.00043816324 0 -5.536686e-06 0 0)
(4.4124926e-10 -0.00043816345 0 -5.5366763e-06 0 0)
(-9.8481951e-11 -0.0013158137 0 -4.9872906e-05 0 0)
(-2.2254638e-11 -0.0021959853 0 -0.00013871198 0 0)
(-2.8013786e-10 -0.003076236 0 -0.00027210004 0 0)
(-1.3852149e-10 0.0030762363 0 -0.00027210007 0 0)
(-4.695307e-10 0.0021959854 0 -0.00013871202 0 0)
(2.3634912e-10 0.0013158135 0 -4.9872928e-05 0 0)
(3.2580845e-10 0.00043816325 0 -5.5366634e-06 0 0)
(3.3405036e-10 -0.00043816348 0 -5.5366533e-06 0 0)
(2.0346855e-10 -0.0013158136 0 -4.9872903e-05 0 0)
(-4.9764805e-10 -0.0021959853 0 -0.000138712 0 0)
(-1.5153492e-10 -0.0030762362 0 -0.00027210006 0 0)
(-2.4480363e-10 0.0030762362 0 -0.00027210007 0 0)
(2.7236615e-11 0.0021959853 0 -0.00013871203 0 0)
(-8.9818322e-11 0.0013158135 0 -4.9872926e-05 0 0)
(4.2570323e-10 0.00043816317 0 -5.5366425e-06 0 0)
(3.9837615e-10 -0.00043816337 0 -5.5366335e-06 0 0)
(-1.0411792e-10 -0.0013158136 0 -4.9872902e-05 0 0)
(5.8919589e-12 -0.0021959853 0 -0.00013871201 0 0)
(-2.5690082e-10 -0.0030762361 0 -0.00027210006 0 0)
(-1.1690935e-10 0.0030762364 0 -0.00027210009 0 0)
(-4.4417505e-10 0.0021959853 0 -0.00013871205 0 0)
(2.2871689e-10 0.0013158134 0 -4.9872922e-05 0 0)
(2.8366978e-10 0.00043816318 0 -5.5366213e-06 0 0)
(2.9276479e-10 -0.0004381634 0 -5.5366121e-06 0 0)
(1.9787066e-10 -0.0013158135 0 -4.98729e-05 0 0)
(-4.7021338e-10 -0.0021959853 0 -0.00013871203 0 0)
(-1.2902549e-10 -0.0030762363 0 -0.00027210008 0 0)
(-2.2413938e-10 0.0030762363 0 -0.00027210009 0 0)
(5.1698439e-11 0.0021959853 0 -0.00013871206 0 0)
(-9.7036929e-11 0.0013158133 0 -4.987292e-05 0 0)
(3.8465149e-10 0.0004381631 0 -5.5366016e-06 0 0)
(3.5807621e-10 -0.0004381633 0 -5.5365933e-06 0 0)
(-1.0942733e-10 -0.0013158134 0 -4.9872899e-05 0 0)
(3.2341607e-11 -0.0021959852 0 -0.00013871204 0 0)
(-2.351112e-10 -0.0030762362 0 -0.00027210008 0 0)
(-9.6559404e-11 0.0030762365 0 -0.00027210011 0 0)
(-4.2030508e-10 0.0021959852 0 -0.00013871208 0 0)
(2.2158582e-10 0.0013158132 0 -4.9872917e-05 0 0)
(2.4404249e-10 0.00043816312 0 -5.5365818e-06 0 0)
(2.5391535e-10 -0.00043816333 0 -5.5365733e-06 0 0)
(1.926023e-10 -0.0013158133 0 -4.9872897e-05 0 0)
(-4.4443526e-10 -0.0021959852 0 -0.00013871206 0 0)
(-1.0787346e-10 -0.0030762364 0 -0.0002721001 0 0)
(-2.0473085e-10 0.0030762364 0 -0.00027210011 0 0)
(7.4760879e-11 0.0021959852 0 -0.00013871209 0 0)
(-1.0379416e-10 0.0013158132 0 -4.9872916e-05 0 0)
(3.4603034e-10 0.00043816305 0 -5.5365631e-06 0 0)
(3.2014351e-10 -0.00043816324 0 -5.5365555e-06 0 0)
(-1.144415e-10 -0.0013158133 0 -4.9872896e-05 0 0)
(5.722497e-11 -0.0021959852 0 -0.00013871207 0 0)
(-2.1465001e-10 -0.0030762363 0 -0.0002721001 0 0)
(-7.7364496e-11 0.0030762366 0 -0.00027210013 0 0)
(-3.9780251e-10 0.0021959852 0 -0.0001387121 0 0)
(2.1491895e-10 0.0013158131 0 -4.9872913e-05 0 0)
(2.0672984e-10 0.00043816306 0 -5.5365445e-06 0 0)
(2.1730901e-10 -0.00043816327 0 -5.5365367e-06 0 0)
(1.8763313e-10 -0.0013158132 0 -4.9872894e-05 0 0)
(-4.2018833e-10 -0.0021959852 0 -0.00013871208 0 0)
(-8.7973038e-11 -0.0030762365 0 -0.00027210012 0 0)
(-1.864744e-10 0.0030762365 0 -0.00027210013 0 0)
(9.653643e-11 0.0021959852 0 -0.00013871211 0 0)
(-1.1012513e-10 0.0013158131 0 -4.9872911e-05 0 0)
(3.0965144e-10 0.000438163 0 -5.5365269e-06 0 0)
(2.8439192e-10 -0.00043816318 0 -5.5365198e-06 0 0)
(-1.1918877e-10 -0.0013158132 0 -4.9872894e-05 0 0)
(8.0661134e-11 -0.0021959851 0 -0.00013871209 0 0)
(-1.9541098e-10 -0.0030762364 0 -0.00027210012 0 0)
(-5.9236749e-11 0.0030762367 0 -0.00027210015 0 0)
(-3.7656069e-10 0.0021959851 0 -0.00013871212 0 0)
(2.0868226e-10 0.0013158131 0 -4.9872909e-05 0 0)
(1.7155424e-10 0.00043816302 0 -5.5365094e-06 0 0)
(1.8277163e-10 -0.00043816322 0 -5.5365023e-06 0 0)
(1.8293574e-10 -0.0013158131 0 -4.9872892e-05 0 0)
(-3.9735927e-10 -0.0021959851 0 -0.00013871211 0 0)
(-6.9227169e-11 -0.0030762366 0 -0.00027210014 0 0)
(-1.6927009e-10 0.0030762366 0 -0.00027210014 0 0)
(1.1712553e-10 0.0021959851 0 -0.00013871213 0 0)
(-1.1606226e-10 0.001315813 0 -4.9872908e-05 0 0)
(2.7534466e-10 0.00043816296 0 -5.5364928e-06 0 0)
(2.5065341e-10 -0.00043816314 0 -5.5364862e-06 0 0)
(-1.2369437e-10 -0.0013158131 0 -4.9872891e-05 0 0)
(1.027576e-10 -0.0021959851 0 -0.00013871212 0 0)
(-1.7729824e-10 -0.0030762365 0 -0.00027210014 0 0)
(-4.2106408e-11 0.0030762367 0 -0.00027210016 0 0)
(-3.5648404e-10 0.0021959851 0 -0.00013871215 0 0)
(2.0284444e-10 0.001315813 0 -4.9872906e-05 0 0)
(1.3835541e-10 0.00043816298 0 -5.5364763e-06 0 0)
(1.5014636e-10 -0.00043816317 0 -5.5364697e-06 0 0)
(1.7848587e-10 -0.001315813 0 -4.987289e-05 0 0)
(-3.7584567e-10 -0.0021959851 0 -0.00013871213 0 0)
(-5.1547503e-11 -0.0030762366 0 -0.00027210015 0 0)
(-1.5302217e-10 0.0030762366 0 -0.00027210016 0 0)
(1.3661849e-10 0.0021959851 0 -0.00013871215 0 0)
(-1.2163385e-10 0.001315813 0 -4.9872905e-05 0 0)
(2.4295721e-10 0.00043816293 0 -5.5364606e-06 0 0)
(2.1877706e-10 -0.0004381631 0 -5.5364545e-06 0 0)
(-1.2798027e-10 -0.001315813 0 -4.9872889e-05 0 0)
(1.2361097e-10 -0.002195985 0 -0.00013871214 0 0)
(-1.6022612e-10 -0.0030762365 0 -0.00027210015 0 0)
(-2.5924328e-11 0.0030762368 0 -0.00027210018 0 0)
(-3.3748691e-10 0.0021959851 0 -0.00013871217 0 0)
(1.9737813e-10 0.0013158129 0 -4.9872903e-05 0 0)
(1.069899e-10 0.00043816294 0 -5.5364451e-06 0 0)
(1.1929212e-10 -0.00043816313 0 -5.536439e-06 0 0)
(1.7426152e-10 -0.001315813 0 -4.9872888e-05 0 0)
(-3.5555611e-10 -0.002195985 0 -0.00013871215 0 0)
(-3.4854466e-11 -0.0030762367 0 -0.00027210017 0 0)
(-1.3763776e-10 0.0030762367 0 -0.00027210017 0 0)
(1.5509663e-10 0.002195985 0 -0.00013871217 0 0)
(-1.2686689e-10 0.0013158129 0 -4.9872902e-05 0 0)
(2.1235223e-10 0.0004381629 0 -5.5364302e-06 0 0)
(1.8862751e-10 -0.00043816306 0 -5.5364245e-06 0 0)
(-1.3206788e-10 -0.001315813 0 -4.9872888e-05 0 0)
(1.4330766e-10 -0.002195985 0 -0.00013871216 0 0)
(-1.4411778e-10 -0.0030762366 0 -0.00027210016 0 0)
(-1.0651664e-11 0.0030762368 0 -0.00027210019 0 0)
(-3.1949199e-10 0.002195985 0 -0.00013871219 0 0)
(1.9225749e-10 0.0013158129 0 -4.9872901e-05 0 0)
(7.7329407e-11 0.00043816292 0 -5.5364156e-06 0 0)
(9.0083343e-11 -0.00043816309 0 -5.53641e-06 0 0)
(1.7024253e-10 -0.0013158129 0 -4.9872887e-05 0 0)
(-3.3640833e-10 -0.002195985 0 -0.00013871217 0 0)
(-1.9076475e-11 -0.0030762367 0 -0.00027210018 0 0)
(-1.2303489e-10 0.0030762367 0 -0.00027210018 0 0)
(1.7263355e-10 0.002195985 0 -0.00013871219 0 0)
(-1.3178458e-10 0.0013158128 0 -4.98729e-05 0 0)
(1.8340753e-10 0.00043816288 0 -5.5364015e-06 0 0)
(1.6008381e-10 -0.00043816304 0 -5.5363962e-06 0 0)
(-1.3597553e-10 -0.0013158129 0 -4.9872887e-05 0 0)
(1.619256e-10 -0.002195985 0 -0.00013871218 0 0)
(-1.2890436e-10 -0.0030762366 0 -0.00027210018 0 0)
(3.7551187e-12 0.0030762369 0 -0.0002721002 0 0)
(-3.0242947e-10 0.002195985 0 -0.00013871221 0 0)
(1.8746071e-10 0.0013158128 0 -4.9872899e-05 0 0)
(4.9257413e-11 0.0004381629 0 -5.5363878e-06 0 0)
(6.2406018e-11 -0.00043816307 0 -5.5363825e-06 0 0)
(1.6641046e-10 -0.0013158129 0 -4.9872886e-05 0 0)
(-3.1832841e-10 -0.002195985 0 -0.00013871219 0 0)
(-4.1495122e-12 -0.0030762368 0 -0.00027210019 0 0)
(-1.0914665e-10 0.0030762367 0 -0.00027210019 0 0)
(1.8929395e-10 0.002195985 0 -0.00013871221 0 0)
(-1.3640732e-10 0.0013158128 0 -4.9872898e-05 0 0)
(1.560117e-10 0.00043816287 0 -5.5363744e-06 0 0)
(1.330365e-10 -0.00043816301 0 -5.5363695e-06 0 0)
(-1.3972084e-10 -0.0013158128 0 -4.9872886e-05 0 0)
(1.795345e-10 -0.002195985 0 -0.0001387122 0 0)
(-1.1452552e-10 -0.0030762366 0 -0.00027210019 0 0)
(1.7356201e-11 0.0030762369 0 -0.00027210021 0 0)
(-2.8623688e-10 0.002195985 0 -0.00013871223 0 0)
(1.8296764e-10 0.0013158128 0 -4.9872897e-05 0 0)
(2.2670007e-11 0.00043816289 0 -5.5363615e-06 0 0)
(3.6157774e-11 -0.00043816305 0 -5.5363566e-06 0 0)
(1.6275052e-10 -0.0013158128 0 -4.9872885e-05 0 0)
(-3.0125018e-10 -0.002195985 0 -0.00013871221 0 0)
(9.9840331e-12 -0.0030762368 0 -0.0002721002 0 0)
(-9.5927302e-11 0.0030762367 0 -0.0002721002 0 0)
(2.0513802e-10 0.002195985 0 -0.00013871223 0 0)
(-1.4075382e-10 0.0013158128 0 -4.9872896e-05 0 0)
(1.3006659e-10 0.00043816286 0 -5.5363488e-06 0 0)
(1.0738744e-10 -0.000438163 0 -5.5363441e-06 0 0)
(-1.4331685e-10 -0.0013158128 0 -4.9872885e-05 0 0)
(1.9619718e-10 -0.002195985 0 -0.00013871222 0 0)
(-1.0092581e-10 -0.0030762367 0 -0.0002721002 0 0)
(3.0225689e-11 0.0030762369 0 -0.00027210022 0 0)
(-2.7085726e-10 0.002195985 0 -0.00013871224 0 0)
(1.7876038e-10 0.0013158128 0 -4.9872896e-05 0 0)
(-2.5262426e-12 0.00043816288 0 -5.5363366e-06 0 0)
(1.1246596e-11 -0.00043816303 0 -5.536332e-06 0 0)
(1.59246e-10 -0.0013158128 0 -4.9872885e-05 0 0)
(-2.8511328e-10 -0.002195985 0 -0.00013871223 0 0)
(2.3376315e-11 -0.0030762368 0 -0.00027210021 0 0)
(-8.3344101e-11 0.0030762368 0 -0.00027210021 0 0)
(2.2022026e-10 0.002195985 0 -0.00013871225 0 0)
(-1.4483967e-10 0.0013158127 0 -4.9872896e-05 0 0)
(1.0547867e-10 0.00043816286 0 -5.5363246e-06 0 0)
(8.304441e-11 -0.00043816299 0 -5.5363202e-06 0 0)
(-1.4677929e-10 -0.0013158128 0 -4.9872885e-05 0 0)
(2.1197098e-10 -0.0021959849 0 -0.00013871224 0 0)
(-8.8055685e-11 -0.0030762367 0 -0.00027210021 0 0)
(4.2436664e-11 0.0030762369 0 -0.00027210023 0 0)
(-2.5623692e-10 0.002195985 0 -0.00013871226 0 0)
(1.7482334e-10 0.0013158128 0 -4.9872896e-05 0 0)
(-2.6421058e-11 0.00043816288 0 -5.5363131e-06 0 0)
(-1.2414887e-11 -0.00043816302 0 -5.5363087e-06 0 0)
(1.5588701e-10 -0.0013158128 0 -4.9872885e-05 0 0)
(-2.6986167e-10 -0.0021959849 0 -0.00013871225 0 0)
(3.6075168e-11 -0.0030762368 0 -0.00027210022 0 0)
(-7.1370171e-11 0.0030762368 0 -0.00027210022 0 0)
(2.3459235e-10 0.002195985 0 -0.00013871227 0 0)
(-1.4868002e-10 0.0013158127 0 -4.9872895e-05 0 0)
(8.2161914e-11 0.00043816286 0 -5.5363018e-06 0 0)
(5.9922763e-11 -0.00043816298 0 -5.5362975e-06 0 0)
(-1.5011572e-10 -0.0013158128 0 -4.9872885e-05 0 0)
(2.2691079e-10 -0.0021959849 0 -0.00013871226 0 0)
(-7.5868903e-11 -0.0030762367 0 -0.00027210022 0 0)
(5.4053996e-11 0.0030762369 0 -0.00027210023 0 0)
(-2.4232451e-10 0.002195985 0 -0.00013871228 0 0)
(1.7114068e-10 0.0013158127 0 -4.9872895e-05 0 0)
(-4.909896e-11 0.00043816288 0 -5.5362909e-06 0 0)
(-3.490962e-11 -0.00043816301 0 -5.5362867e-06 0 0)
(1.5265852e-10 -0.0013158128 0 -4.9872885e-05 0 0)
(-2.5544007e-10 -0.0021959849 0 -0.00013871227 0 0)
(4.8125098e-11 -0.0030762368 0 -0.00027210023 0 0)
(-5.9977293e-11 0.0030762368 0 -0.00027210023 0 0)
(2.483042e-10 0.0021959849 0 -0.00013871228 0 0)
(-1.5229018e-10 0.0013158127 0 -4.9872895e-05 0 0)
(6.0031401e-11 0.00043816287 0 -5.5362802e-06 0 0)
(3.7939403e-11 -0.00043816298 0 -5.536276e-06 0 0)
(-1.5334076e-10 -0.0013158128 0 -4.9872885e-05 0 0)
(2.4107105e-10 -0.0021959849 0 -0.00013871227 0 0)
(-6.4321415e-11 -0.0030762367 0 -0.00027210022 0 0)
(6.513183e-11 0.0030762369 0 -0.00027210024 0 0)
(-2.290693e-10 0.002195985 0 -0.00013871229 0 0)
(1.6769695e-10 0.0013158128 0 -4.9872896e-05 0 0)
(-7.0644729e-11 0.00043816289 0 -5.5362698e-06 0 0)
(-5.6319538e-11 -0.00043816301 0 -5.5362657e-06 0 0)
(1.4955678e-10 -0.0013158128 0 -4.9872886e-05 0 0)
(-2.4179302e-10 -0.0021959849 0 -0.00013871228 0 0)
(5.9569874e-11 -0.0030762368 0 -0.00027210023 0 0)
(-4.9132312e-11 0.0030762368 0 -0.00027210023 0 0)
(2.6140601e-10 0.0021959849 0 -0.0001387123 0 0)
(-1.5568452e-10 0.0013158127 0 -4.9872895e-05 0 0)
(3.900056e-11 0.00043816288 0 -5.5362597e-06 0 0)
(1.7010405e-11 -0.00043816299 0 -5.5362556e-06 0 0)
(-1.5645665e-10 -0.0013158128 0 -4.9872886e-05 0 0)
(2.5450832e-10 -0.0021959849 0 -0.00013871229 0 0)
(-5.3369004e-11 -0.0030762367 0 -0.00027210023 0 0)
(7.5716776e-11 0.0030762369 0 -0.00027210025 0 0)
(-2.1641946e-10 0.002195985 0 -0.00013871231 0 0)
(1.6447685e-10 0.0013158128 0 -4.9872896e-05 0 0)
(-9.1147231e-11 0.0004381629 0 -5.5362499e-06 0 0)
(-7.6729868e-11 -0.00043816301 0 -5.5362459e-06 0 0)
(1.4656408e-10 -0.0013158128 0 -4.9872887e-05 0 0)
(-2.2886045e-10 -0.0021959849 0 -0.0001387123 0 0)
(7.0454196e-11 -0.0030762368 0 -0.00027210024 0 0)
(-3.8795771e-11 0.0030762367 0 -0.00027210024 0 0)
(2.7395022e-10 0.0021959849 0 -0.00013871231 0 0)
(-1.5887932e-10 0.0013158128 0 -4.9872896e-05 0 0)
(1.8976299e-11 0.0004381629 0 -5.5362403e-06 0 0)
(-2.9531987e-12 -0.000438163 0 -5.5362362e-06 0 0)
(-1.594792e-10 -0.0013158128 0 -4.9872887e-05 0 0)
(2.6728353e-10 -0.0021959849 0 -0.0001387123 0 0)
(-4.2965162e-11 -0.0030762367 0 -0.00027210023 0 0)
(8.585302e-11 0.0030762369 0 -0.00027210025 0 0)
(-2.0431891e-10 0.002195985 0 -0.00013871233 0 0)
(1.6146191e-10 0.0013158128 0 -4.9872897e-05 0 0)
(-1.1070403e-10 0.00043816292 0 -5.536231e-06 0 0)
(-9.6232807e-11 -0.00043816302 0 -5.536227e-06 0 0)
(1.4368825e-10 -0.0013158128 0 -4.9872888e-05 0 0)
(-2.165767e-10 -0.0021959849 0 -0.00013871232 0 0)
(8.0825998e-11 -0.0030762368 0 -0.00027210025 0 0)
(-2.8923957e-11 0.0030762367 0 -0.00027210024 0 0)
(2.8599393e-10 0.002195985 0 -0.00013871233 0 0)
(-1.618922e-10 0.0013158128 0 -4.9872897e-05 0 0)
(-1.451066e-13 0.00043816292 0 -5.5362218e-06 0 0)
(-2.205075e-11 -0.00043816301 0 -5.5362177e-06 0 0)
(-1.6239879e-10 -0.0013158128 0 -4.9872888e-05 0 0)
(2.7946675e-10 -0.0021959849 0 -0.00013871232 0 0)
(-3.3059073e-11 -0.0030762367 0 -0.00027210024 0 0)
(9.5586601e-11 0.0030762369 0 -0.00027210026 0 0)
(-1.9270462e-10 0.002195985 0 -0.00013871234 0 0)
(1.5863332e-10 0.0013158128 0 -4.9872899e-05 0 0)
(-1.2942594e-10 0.00043816294 0 -5.5362129e-06 0 0)
(-1.149332e-10 -0.00043816303 0 -5.536209e-06 0 0)
(1.4090512e-10 -0.0013158128 0 -4.9872889e-05 0 0)
(-2.0486449e-10 -0.0021959849 0 -0.00013871233 0 0)
(9.0738829e-11 -0.0030762368 0 -0.00027210025 0 0)
(-1.9464392e-11 0.0030762367 0 -0.00027210025 0 0)
(2.976031e-10 0.002195985 0 -0.00013871234 0 0)
(-1.647432e-10 0.0013158128 0 -4.9872899e-05 0 0)
(-1.8483823e-11 0.00043816295 0 -5.5362041e-06 0 0)
(-4.0396477e-11 -0.00043816302 0 -5.5362e-06 0 0)
(-1.6524026e-10 -0.0013158128 0 -4.9872889e-05 0 0)
(2.9113884e-10 -0.0021959849 0 -0.00013871233 0 0)
(-2.3592363e-11 -0.0030762367 0 -0.00027210024 0 0)
(1.0496969e-10 0.0030762368 0 -0.00027210026 0 0)
(-1.8150307e-10 0.002195985 0 -0.00013871235 0 0)
(1.5596733e-10 0.0013158129 0 -4.98729e-05 0 0)
(-1.4744335e-10 0.00043816297 0 -5.5361956e-06 0 0)
(-1.329538e-10 -0.00043816305 0 -5.5361917e-06 0 0)
(1.3822897e-10 -0.0013158129 0 -4.9872891e-05 0 0)
(-1.9363303e-10 -0.002195985 0 -0.00013871234 0 0)
(1.0025431e-10 -0.0030762368 0 -0.00027210025 0 0)
(-1.035698e-11 0.0030762367 0 -0.00027210025 0 0)
(3.0885546e-10 0.002195985 0 -0.00013871236 0 0)
(-1.6745579e-10 0.0013158128 0 -4.98729e-05 0 0)
(-3.6182451e-11 0.00043816298 0 -5.5361872e-06 0 0)
(-5.8125491e-11 -0.00043816304 0 -5.536183e-06 0 0)
(-1.679832e-10 -0.0013158129 0 -4.9872891e-05 0 0)
(3.0239728e-10 -0.002195985 0 -0.00013871235 0 0)
(-1.4496809e-11 -0.0030762366 0 -0.00027210025 0 0)
(1.1406391e-10 0.0030762368 0 -0.00027210026 0 0)
(-1.7062595e-10 0.002195985 0 -0.00013871237 0 0)
(1.5343844e-10 0.0013158129 0 -4.9872902e-05 0 0)
(-1.6491184e-10 0.000438163 0 -5.5361789e-06 0 0)
(-1.5044154e-10 -0.00043816307 0 -5.5361749e-06 0 0)
(1.3563636e-10 -0.0013158129 0 -4.9872893e-05 0 0)
(-1.827733e-10 -0.002195985 0 -0.00013871236 0 0)
(1.0944598e-10 -0.0030762368 0 -0.00027210026 0 0)
(-1.5289042e-12 0.0030762366 0 -0.00027210025 0 0)
(3.1984536e-10 0.002195985 0 -0.00013871237 0 0)
(-1.7005618e-10 0.0013158129 0 -4.9872903e-05 0 0)
(-5.3412269e-11 0.00043816301 0 -5.5361707e-06 0 0)
(-7.5400223e-11 -0.00043816307 0 -5.5361665e-06 0 0)
(-1.7065693e-10 -0.0013158129 0 -4.9872893e-05 0 0)
(3.1335797e-10 -0.002195985 0 -0.00013871236 0 0)
(-5.6912227e-12 -0.0030762366 0 -0.00027210025 0 0)
(1.2294382e-10 0.0030762368 0 -0.00027210026 0 0)
(-1.5996493e-10 0.002195985 0 -0.00013871238 0 0)
(1.5101588e-10 0.0013158129 0 -4.9872905e-05 0 0)
(-1.8201946e-10 0.00043816303 0 -5.5361625e-06 0 0)
(-1.67575e-10 -0.00043816309 0 -5.5361586e-06 0 0)
(1.3313135e-10 -0.001315813 0 -4.9872895e-05 0 0)
(-1.721549e-10 -0.002195985 0 -0.00013871237 0 0)
(1.1840087e-10 -0.0030762367 0 -0.00027210026 0 0)
(7.1079166e-12 0.0030762366 0 -0.00027210025 0 0)
(3.3068952e-10 0.002195985 0 -0.00013871239 0 0)
(-1.7257495e-10 0.0013158129 0 -4.9872905e-05 0 0)
(-7.0380453e-11 0.00043816304 0 -5.5361545e-06 0 0)
(-9.2419053e-11 -0.00043816309 0 -5.5361502e-06 0 0)
(-1.7324971e-10 -0.001315813 0 -4.9872896e-05 0 0)
(3.2416045e-10 -0.002195985 0 -0.00013871238 0 0)
(2.9223886e-12 -0.0030762366 0 -0.00027210025 0 0)
(1.3170163e-10 0.0030762367 0 -0.00027210026 0 0)
(-1.4938594e-10 0.002195985 0 -0.0001387124 0 0)
(1.4866702e-10 0.001315813 0 -4.9872908e-05 0 0)
(-1.9899335e-10 0.00043816307 0 -5.5361464e-06 0 0)
(-1.845723e-10 -0.00043816312 0 -5.5361425e-06 0 0)
(1.3069683e-10 -0.001315813 0 -4.9872898e-05 0 0)
(-1.6162106e-10 -0.002195985 0 -0.00013871239 0 0)
(1.2722418e-10 -0.0030762367 0 -0.00027210026 0 0)
(1.566094e-11 0.0030762366 0 -0.00027210025 0 0)
(3.4153259e-10 0.002195985 0 -0.0001387124 0 0)
(-1.75044e-10 0.001315813 0 -4.9872908e-05 0 0)
(-8.7337383e-11 0.00043816308 0 -5.5361384e-06 0 0)
(-1.0942388e-10 -0.00043816312 0 -5.536134e-06 0 0)
(-1.757848e-10 -0.001315813 0 -4.9872899e-05 0 0)
(3.3497087e-10 -0.002195985 0 -0.00013871239 0 0)
(1.1460941e-11 -0.0030762365 0 -0.00027210025 0 0)
(1.404513e-10 0.0030762367 0 -0.00027210027 0 0)
(-1.3872232e-10 0.002195985 0 -0.00013871241 0 0)
(1.4635279e-10 0.0013158131 0 -4.9872911e-05 0 0)
(-2.1610819e-10 0.00043816311 0 -5.5361301e-06 0 0)
(-2.0169934e-10 -0.00043816315 0 -5.5361262e-06 0 0)
(1.2831408e-10 -0.0013158131 0 -4.9872901e-05 0 0)
(-1.509853e-10 -0.002195985 0 -0.0001387124 0 0)
(1.3604109e-10 -0.0030762366 0 -0.00027210026 0 0)
(2.4262718e-11 0.0030762365 0 -0.00027210026 0 0)
(3.5255409e-10 0.002195985 0 -0.00013871242 0 0)
(-1.7750212e-10 0.0013158131 0 -4.9872911e-05 0 0)
(-1.0458462e-10 0.00043816312 0 -5.5361219e-06 0 0)
(-1.2670917e-10 -0.00043816316 0 -5.5361175e-06 0 0)
(-1.7827727e-10 -0.0013158131 0 -4.9872902e-05 0 0)
(3.4598777e-10 -0.002195985 0 -0.00013871241 0 0)
(2.0064057e-11 -0.0030762365 0 -0.00027210025 0 0)
(1.4933388e-10 0.0030762366 0 -0.00027210027 0 0)
(-1.2776804e-10 0.0021959851 0 -0.00013871243 0 0)
(1.4403332e-10 0.0013158131 0 -4.9872914e-05 0 0)
(-2.3369387e-10 0.00043816315 0 -5.5361134e-06 0 0)
(-2.192791e-10 -0.00043816318 0 -5.5361095e-06 0 0)
(1.2596427e-10 -0.0013158131 0 -4.9872904e-05 0 0)
(-1.4002614e-10 -0.0021959851 0 -0.00013871242 0 0)
(1.4500068e-10 -0.0030762366 0 -0.00027210026 0 0)
(3.3074585e-11 0.0030762365 0 -0.00027210026 0 0)
(3.6397416e-10 0.0021959851 0 -0.00013871243 0 0)
(-1.7998741e-10 0.0013158131 0 -4.9872914e-05 0 0)
(-1.2248482e-10 0.00043816317 0 -5.5361049e-06 0 0)
(-1.4463118e-10 -0.00043816319 0 -5.5361004e-06 0 0)
(-1.8074817e-10 -0.0013158132 0 -4.9872905e-05 0 0)
(3.5744506e-10 -0.0021959851 0 -0.00013871242 0 0)
(2.8897712e-11 -0.0030762365 0 -0.00027210025 0 0)
(1.5852255e-10 0.0030762366 0 -0.00027210027 0 0)
(-1.1627353e-10 0.0021959851 0 -0.00013871244 0 0)
(1.4166131e-10 0.0013158132 0 -4.9872917e-05 0 0)
(-2.52147e-10 0.0004381632 0 -5.5360958e-06 0 0)
(-2.3770154e-10 -0.00043816322 0 -5.5360919e-06 0 0)
(1.2360588e-10 -0.0013158132 0 -4.9872907e-05 0 0)
(-1.2848175e-10 -0.0021959851 0 -0.00013871243 0 0)
(1.5428013e-10 -0.0030762366 0 -0.00027210026 0 0)
(4.2293941e-11 0.0030762364 0 -0.00027210026 0 0)
(3.7606144e-10 0.0021959851 0 -0.00013871245 0 0)
(-1.8254734e-10 0.0013158132 0 -4.9872918e-05 0 0)
(-1.4147226e-10 0.00043816321 0 -5.5360867e-06 0 0)
(-1.636189e-10 -0.00043816323 0 -5.5360823e-06 0 0)
(-1.8323993e-10 -0.0013158132 0 -4.9872909e-05 0 0)
(3.6961908e-10 -0.0021959851 0 -0.00013871244 0 0)
(3.8159318e-11 -0.0030762364 0 -0.00027210025 0 0)
(1.6822728e-10 0.0030762365 0 -0.00027210027 0 0)
(-1.0393432e-10 0.0021959851 0 -0.00013871246 0 0)
(1.3918372e-10 0.0013158133 0 -4.9872921e-05 0 0)
(-2.7194028e-10 0.00043816325 0 -5.5360768e-06 0 0)
(-2.5743436e-10 -0.00043816326 0 -5.5360731e-06 0 0)
(1.2120473e-10 -0.0013158133 0 -4.9872911e-05 0 0)
(-1.1604347e-10 -0.0021959851 0 -0.00013871245 0 0)
(1.6408966e-10 -0.0030762365 0 -0.00027210026 0 0)
(5.2158109e-11 0.0030762364 0 -0.00027210026 0 0)
(3.8913853e-10 0.0021959851 0 -0.00013871247 0 0)
(-1.8523492e-10 0.0013158133 0 -4.9872922e-05 0 0)
(-1.6206256e-10 0.00043816326 0 -5.5360669e-06 0 0)
(-1.8418331e-10 -0.00043816328 0 -5.5360625e-06 0 0)
(-1.8578373e-10 -0.0013158133 0 -4.9872913e-05 0 0)
(3.8283832e-10 -0.0021959851 0 -0.00013871246 0 0)
(4.8081988e-11 -0.0030762363 0 -0.00027210025 0 0)
(1.787005e-10 0.0030762365 0 -0.00027210027 0 0)
(-9.0390257e-11 0.0021959851 0 -0.00013871248 0 0)
(1.3653605e-10 0.0013158134 0 -4.9872925e-05 0 0)
(-2.936374e-10 0.0004381633 0 -5.536056e-06 0 0)
(-2.7903274e-10 -0.00043816331 0 -5.5360523e-06 0 0)
(1.1870576e-10 -0.0013158134 0 -4.9872915e-05 0 0)
(-1.0234291e-10 -0.0021959851 0 -0.00013871247 0 0)
(1.746781e-10 -0.0030762364 0 -0.00027210026 0 0)
(6.2948218e-11 0.0030762363 0 -0.00027210026 0 0)
(4.0358589e-10 0.0021959852 0 -0.00013871248 0 0)
(-1.8811882e-10 0.0013158134 0 -4.9872926e-05 0 0)
(-1.8487333e-10 0.00043816332 0 -5.536045e-06 0 0)
(-2.0692839e-10 -0.00043816333 0 -5.5360406e-06 0 0)
(-1.8843382e-10 -0.0013158134 0 -4.9872917e-05 0 0)
(3.9749499e-10 -0.0021959852 0 -0.00013871248 0 0)
(5.8942729e-11 -0.0030762363 0 -0.00027210025 0 0)
(1.9024022e-10 0.0030762364 0 -0.00027210027 0 0)
(-7.5220184e-11 0.0021959852 0 -0.0001387125 0 0)
(1.3363338e-10 0.0013158135 0 -4.9872929e-05 0 0)
(-3.1790897e-10 0.00043816336 0 -5.5360326e-06 0 0)
(-3.0315055e-10 -0.00043816337 0 -5.5360291e-06 0 0)
(1.1606216e-10 -0.0013158135 0 -4.987292e-05 0 0)
(-8.6940057e-11 -0.0021959852 0 -0.00013871249 0 0)
(1.8634198e-10 -0.0030762364 0 -0.00027210026 0 0)
(7.4994547e-11 0.0030762362 0 -0.00027210026 0 0)
(4.1984316e-10 0.0021959852 0 -0.00013871251 0 0)
(-1.9129171e-10 0.0013158135 0 -4.987293e-05 0 0)
(-2.1063328e-10 0.00043816337 0 -5.5360201e-06 0 0)
(-2.3256248e-10 -0.00043816339 0 -5.5360158e-06 0 0)
(-1.9122749e-10 -0.0013158135 0 -4.9872921e-05 0 0)
(4.1406085e-10 -0.0021959852 0 -0.0001387125 0 0)
(7.1071816e-11 -0.0030762362 0 -0.00027210025 0 0)
(2.0319411e-10 0.0030762363 0 -0.00027210027 0 0)
(-5.7942752e-11 0.0021959852 0 -0.00013871252 0 0)
(1.3036435e-10 0.0013158136 0 -4.9872934e-05 0 0)
(-3.4554874e-10 0.00043816342 0 -5.5360059e-06 0 0)
(-3.3055219e-10 -0.00043816343 0 -5.5360026e-06 0 0)
(1.1322491e-10 -0.0013158136 0 -4.9872924e-05 0 0)
(-6.9303908e-11 -0.0021959852 0 -0.00013871251 0 0)
(1.9943703e-10 -0.0030762363 0 -0.00027210026 0 0)
(8.867689e-11 0.0030762361 0 -0.00027210026 0 0)
(4.3840956e-10 0.0021959852 0 -0.00013871253 0 0)
(-1.9487749e-10 0.0013158137 0 -4.9872934e-05 0 0)
(-2.4020716e-10 0.00043816344 0 -5.5359914e-06 0 0)
(-2.6191061e-10 -0.00043816345 0 -5.5359873e-06 0 0)
(-1.9420455e-10 -0.0013158137 0 -4.9872926e-05 0 0)
(4.3310787e-10 -0.0021959852 0 -0.00013871252 0 0)
(8.4865705e-11 -0.0030762361 0 -0.00027210025 0 0)
(2.1796083e-10 0.0030762362 0 -0.00027210027 0 0)
(-3.8016263e-11 0.0021959853 0 -0.00013871255 0 0)
(1.2657561e-10 0.0013158137 0 -4.9872938e-05 0 0)
(-3.7749481e-10 0.00043816348 0 -5.5359749e-06 0 0)
(-3.6212445e-10 -0.00043816349 0 -5.5359719e-06 0 0)
(1.1015892e-10 -0.0013158137 0 -4.9872929e-05 0 0)
(-4.8792425e-11 -0.0021959853 0 -0.00013871254 0 0)
(2.1439186e-10 -0.0030762362 0 -0.00027210026 0 0)
(1.0442754e-10 0.003076236 0 -0.00027210026 0 0)
(4.5984356e-10 0.0021959853 0 -0.00013871256 0 0)
(-1.9904732e-10 0.0013158138 0 -4.9872939e-05 0 0)
(-2.7461155e-10 0.0004381635 0 -5.5359579e-06 0 0)
(-2.9592566e-10 -0.00043816352 0 -5.5359542e-06 0 0)
(-1.9738485e-10 -0.0013158138 0 -4.9872932e-05 0 0)
(4.5532762e-10 -0.0021959853 0 -0.00013871255 0 0)
(1.0080116e-10 -0.003076236 0 -0.00027210026 0 0)
(2.3499189e-10 0.0030762361 0 -0.00027210027 0 0)
(-1.4837268e-11 0.0021959853 0 -0.00013871258 0 0)
(1.2206911e-10 0.0013158139 0 -4.9872942e-05 0 0)
(-4.1484643e-10 0.00043816356 0 -5.5359385e-06 0 0)
(-3.9889049e-10 -0.00043816357 0 -5.5359361e-06 0 0)
(1.0684178e-10 -0.0013158139 0 -4.9872935e-05 0 0)
(-2.4633676e-11 -0.0021959853 0 -0.00013871257 0 0)
(2.3172333e-10 -0.0030762361 0 -0.00027210027 0 0)
(1.2273262e-10 0.0030762359 0 -0.00027210026 0 0)
(4.8476842e-10 0.0021959853 0 -0.00013871259 0 0)
(-2.040167e-10 0.0013158139 0 -4.9872943e-05 0 0)
(-3.1503114e-10 0.00043816358 0 -5.5359185e-06 0 0)
(-3.3570818e-10 -0.0004381636 0 -5.5359154e-06 0 0)
(-2.0077933e-10 -0.001315814 0 -4.9872938e-05 0 0)
(4.8154812e-10 -0.0021959853 0 -0.00013871258 0 0)
(1.1945053e-10 -0.0030762359 0 -0.00027210026 0 0)
(2.5479552e-10 0.003076236 0 -0.00027210028 0 0)
(1.2269566e-11 0.0021959854 0 -0.00013871261 0 0)
(1.1660034e-10 0.001315814 0 -4.9872947e-05 0 0)
(-4.588759e-10 0.00043816364 0 -5.5358955e-06 0 0)
(-4.4202981e-10 -0.00043816366 0 -5.535894e-06 0 0)
(1.0325682e-10 -0.0013158141 0 -4.9872941e-05 0 0)
(4.0849825e-12 -0.0021959854 0 -0.0001387126 0 0)
(2.5204979e-10 -0.003076236 0 -0.00027210027 0 0)
(1.4413852e-10 0.0030762358 0 -0.00027210027 0 0)
(5.1388697e-10 0.0021959854 0 -0.00013871263 0 0)
(-2.1004026e-10 0.0013158141 0 -4.9872947e-05 0 0)
(-3.6282592e-10 0.00043816367 0 -5.5358718e-06 0 0)
(-3.8252457e-10 -0.0004381637 0 -5.5358697e-06 0 0)
(-2.0440312e-10 -0.0013158141 0 -4.9872944e-05 0 0)
(5.1273347e-10 -0.0021959854 0 -0.00013871262 0 0)
(1.4148964e-10 -0.0030762358 0 -0.00027210027 0 0)
(2.7794899e-10 0.0030762359 0 -0.00027210028 0 0)
(4.4075369e-11 0.0021959854 0 -0.00013871265 0 0)
(1.0990647e-10 0.0013158142 0 -4.9872951e-05 0 0)
(-5.1102954e-10 0.00043816373 0 -5.5358445e-06 0 0)
(-4.9290095e-10 -0.00043816376 0 -5.5358444e-06 0 0)
(9.93643e-11 -0.0013158142 0 -4.9872948e-05 0 0)
(3.8402681e-11 -0.0021959854 0 -0.00013871265 0 0)
(2.7609647e-10 -0.0030762359 0 -0.00027210028 0 0)
(1.6926635e-10 0.0030762357 0 -0.00027210028 0 0)
(5.4802501e-10 0.0021959855 0 -0.00013871267 0 0)
(-2.1736628e-10 0.0013158143 0 -4.9872951e-05 0 0)
(-4.1952213e-10 0.00043816376 0 -5.5358165e-06 0 0)
(-4.378374e-10 -0.0004381638 0 -5.5358157e-06 0 0)
(-2.083221e-10 -0.0013158143 0 -4.9872951e-05 0 0)
(5.4995843e-10 -0.0021959855 0 -0.00013871267 0 0)
(1.6769518e-10 -0.0030762357 0 -0.00027210027 0 0)
(3.0512084e-10 0.0030762358 0 -0.00027210029 0 0)
(8.1507711e-11 0.0021959855 0 -0.00013871269 0 0)
(1.017623e-10 0.0013158144 0 -4.9872954e-05 0 0)
(-5.7290703e-10 0.00043816384 0 -5.535784e-06 0 0)
(-5.5307683e-10 -0.00043816387 0 -5.5357857e-06 0 0)
(9.5037448e-11 -0.0013158144 0 -4.9872956e-05 0 0)
(7.9437872e-11 -0.0021959855 0 -0.0001387127 0 0)
(3.0468474e-10 -0.0030762358 0 -0.00027210029 0 0)
(1.9884304e-10 0.0030762355 0 -0.00027210028 0 0)
(5.8820995e-10 0.0021959855 0 -0.00013871272 0 0)
(-2.2616037e-10 0.0013158145 0 -4.9872954e-05 0 0)
(-4.8678094e-10 0.00043816388 0 -5.5357509e-06 0 0)
(-5.0334538e-10 -0.00043816392 0 -5.5357518e-06 0 0)
(-2.1273915e-10 -0.0013158145 0 -4.987296e-05 0 0)
(5.9433333e-10 -0.0021959855 0 -0.00013871272 0 0)
(1.9891958e-10 -0.0030762356 0 -0.00027210029 0 0)
(3.3711516e-10 0.0030762356 0 -0.0002721003 0 0)
(1.2575219e-10 0.0021959856 0 -0.00013871275 0 0)
(9.209013e-11 0.0013158147 0 -4.9872958e-05 0 0)
(-6.4621705e-10 0.00043816395 0 -5.5357124e-06 0 0)
(-6.2439009e-10 -0.00043816399 0 -5.5357161e-06 0 0)
(8.9954288e-11 -0.0013158147 0 -4.9872964e-05 0 0)
(1.2828389e-10 -0.0021959856 0 -0.00013871275 0 0)
(3.3869296e-10 -0.0030762356 0 -0.0002721003 0 0)
(2.3375734e-10 0.0030762354 0 -0.0002721003 0 0)
(6.3579999e-10 0.0021959856 0 -0.00013871277 0 0)
(-2.3636833e-10 0.0013158148 0 -4.9872958e-05 0 0)
(-5.6633914e-10 0.000438164 0 -5.5356734e-06 0 0)
(-5.8103483e-10 -0.00043816406 0 -5.5356761e-06 0 0)
(-2.1813024e-10 -0.0013158148 0 -4.9872968e-05 0 0)
(6.4687084e-10 -0.0021959856 0 -0.00013871278 0 0)
(2.3603333e-10 -0.0030762354 0 -0.0002721003 0 0)
(3.7494575e-10 0.0030762354 0 -0.00027210031 0 0)
(1.7840642e-10 0.0021959857 0 -0.00013871281 0 0)
(8.1116457e-11 0.0013158149 0 -4.9872963e-05 0 0)
(-7.3270311e-10 0.00043816409 0 -5.535628e-06 0 0)
(-7.0899253e-10 -0.00043816413 0 -5.5356337e-06 0 0)
(8.3436869e-11 -0.001315815 0 -4.9872973e-05 0 0)
(1.858387e-10 -0.0021959857 0 -0.00013871282 0 0)
(3.7898322e-10 -0.0030762354 0 -0.00027210032 0 0)
(2.7514572e-10 0.0030762352 0 -0.00027210031 0 0)
(6.9266568e-10 0.0021959857 0 -0.00013871284 0 0)
(-2.4754354e-10 0.0013158151 0 -4.9872963e-05 0 0)
(-6.5992319e-10 0.00043816415 0 -5.5355823e-06 0 0)
(-6.7324076e-10 -0.00043816422 0 -5.5355865e-06 0 0)
(-2.2542637e-10 -0.0013158151 0 -4.9872977e-05 0 0)
(7.0829001e-10 -0.0021959857 0 -0.00013871286 0 0)
(2.7982608e-10 -0.0030762352 0 -0.00027210032 0 0)
(4.1994019e-10 0.0030762352 0 -0.00027210033 0 0)
(2.4167661e-10 0.0021959858 0 -0.00013871288 0 0)
(6.9553652e-11 0.0013158152 0 -4.9872969e-05 0 0)
(-8.3404751e-10 0.00043816425 0 -5.5355293e-06 0 0)
(-8.0941352e-10 -0.00043816429 0 -5.5355361e-06 0 0)
(7.4271882e-11 -0.0013158153 0 -4.9872982e-05 0 0)
(2.5257855e-10 -0.0021959858 0 -0.0001387129 0 0)
(4.2628514e-10 -0.0030762352 0 -0.00027210034 0 0)
(3.245048e-10 0.003076235 0 -0.00027210033 0 0)
(7.6139349e-10 0.0021959858 0 -0.00013871293 0 0)
(-2.5866935e-10 0.0013158154 0 -4.987297e-05 0 0)
(-7.69143e-10 0.00043816433 0 -5.5354763e-06 0 0)
(-7.826932e-10 -0.0004381644 0 -5.5354802e-06 0 0)
(-2.3619884e-10 -0.0013158154 0 -4.9872985e-05 0 0)
(7.7877886e-10 -0.0021959858 0 -0.00013871294 0 0)
(3.3087199e-10 -0.003076235 0 -0.00027210034 0 0)
(4.7386355e-10 0.003076235 0 -0.00027210036 0 0)
(3.1855957e-10 0.0021959859 0 -0.00013871298 0 0)
(5.879903e-11 0.0013158156 0 -4.9872978e-05 0 0)
(-9.5175894e-10 0.00043816443 0 -5.5354149e-06 0 0)
(-9.2858665e-10 -0.00043816447 0 -5.5354203e-06 0 0)
(6.053094e-11 -0.0013158156 0 -4.9872988e-05 0 0)
(3.2830657e-10 -0.0021959859 0 -0.00013871299 0 0)
(4.8105266e-10 -0.003076235 0 -0.00027210036 0 0)
(3.8380582e-10 0.0030762347 0 -0.00027210036 0 0)
(8.4542617e-10 0.0021959859 0 -0.00013871303 0 0)
(-2.6799855e-10 0.0013158158 0 -4.9872982e-05 0 0)
(-8.9537395e-10 0.00043816453 0 -5.535354e-06 0 0)
(-9.1250073e-10 -0.0004381646 0 -5.5353544e-06 0 0)
(-2.5280511e-10 -0.0013158158 0 -4.987299e-05 0 0)
(8.5776979e-10 -0.0021959859 0 -0.00013871304 0 0)
(3.8937917e-10 -0.0030762347 0 -0.00027210037 0 0)
(5.3901511e-10 0.0030762347 0 -0.00027210039 0 0)
(4.1287969e-10 0.002195986 0 -0.00013871309 0 0)
(5.0936211e-11 0.001315816 0 -4.9872994e-05 0 0)
(-1.0870484e-09 0.00043816464 0 -5.5352838e-06 0 0)
(-1.0697653e-09 -0.00043816467 0 -5.5352835e-06 0 0)
(3.954132e-11 -0.001315816 0 -4.9872991e-05 0 0)
(4.1195032e-10 -0.002195986 0 -0.00013871309 0 0)
(5.4332006e-10 -0.0030762347 0 -0.00027210039 0 0)
(4.5553885e-10 0.0030762344 0 -0.00027210039 0 0)
(9.4896169e-10 0.0021959861 0 -0.00013871315 0 0)
(-2.7322081e-10 0.0013158162 0 -4.9873001e-05 0 0)
(-1.0396378e-09 0.00043816477 0 -5.5352147e-06 0 0)
(-1.0659513e-09 -0.00043816483 0 -5.5352058e-06 0 0)
(-2.78279e-10 -0.0013158162 0 -4.9872989e-05 0 0)
(9.4382146e-10 -0.0021959861 0 -0.00013871314 0 0)
(4.5506475e-10 -0.0030762344 0 -0.0002721004 0 0)
(6.1819544e-10 0.0030762344 0 -0.00027210043 0 0)
(5.2893316e-10 0.0021959862 0 -0.00013871322 0 0)
(4.8640882e-11 0.0013158165 0 -4.9873019e-05 0 0)
(-1.2406562e-09 0.00043816489 0 -5.5351354e-06 0 0)
(-1.2361592e-09 -0.00043816489 0 -5.5351225e-06 0 0)
(8.18829e-12 -0.0013158165 0 -4.9872986e-05 0 0)
(5.0150927e-10 -0.0021959862 0 -0.0001387132 0 0)
(6.1260881e-10 -0.0030762344 0 -0.00027210042 0 0)
(5.4255027e-10 0.0030762341 0 -0.00027210044 0 0)
(1.0762972e-09 0.0021959863 0 -0.0001387133 0 0)
(-2.7165724e-10 0.0013158167 0 -4.9873031e-05 0 0)
(-1.2025734e-09 0.00043816507 0 -5.535058e-06 0 0)
(-1.2458794e-09 -0.00043816508 0 -5.5350317e-06 0 0)
(-3.1582187e-10 -0.0013158167 0 -4.9872981e-05 0 0)
(1.0347148e-09 -0.0021959862 0 -0.00013871325 0 0)
(5.2711055e-10 -0.0030762341 0 -0.00027210043 0 0)
(7.1434354e-10 0.0030762341 0 -0.00027210048 0 0)
(6.7031689e-10 0.0021959864 0 -0.00013871338 0 0)
(5.4257298e-11 0.001315817 0 -4.9873055e-05 0 0)
(-1.4130797e-09 0.00043816523 0 -5.5349694e-06 0 0)
(-1.4298763e-09 -0.00043816513 0 -5.5349357e-06 0 0)
(-3.6265745e-11 -0.001315817 0 -4.9872972e-05 0 0)
(5.9424391e-10 -0.0021959863 0 -0.00013871331 0 0)
(6.8793793e-10 -0.003076234 0 -0.00027210045 0 0)
(6.4742428e-10 0.0030762337 0 -0.00027210049 0 0)
(1.2301091e-09 0.0021959864 0 -0.00013871348 0 0)
(-2.6213728e-10 0.0013158173 0 -4.9873074e-05 0 0)
(-1.3846033e-09 0.00043816549 0 -5.5348841e-06 0 0)
(-1.4529692e-09 -0.00043816536 0 -5.5348311e-06 0 0)
(-3.6750591e-10 -0.0013158173 0 -4.9872963e-05 0 0)
(1.1278281e-09 -0.0021959864 0 -0.00013871337 0 0)
(6.0420737e-10 -0.0030762337 0 -0.00027210046 0 0)
(8.2953755e-10 0.0030762336 0 -0.00027210054 0 0)
(8.3733857e-10 0.0021959866 0 -0.00013871358 0 0)
(6.7114804e-11 0.0013158177 0 -4.9873105e-05 0 0)
(-1.603861e-09 0.00043816566 0 -5.5347862e-06 0 0)
(-1.6495584e-09 -0.00043816543 0 -5.5347251e-06 0 0)
(-9.414872e-11 -0.0013158177 0 -4.9872949e-05 0 0)
(6.8710423e-10 -0.0021959865 0 -0.00013871343 0 0)
(7.6791369e-10 -0.0030762336 0 -0.00027210048 0 0)
(7.7100069e-10 0.0030762332 0 -0.00027210056 0 0)
(1.4080213e-09 0.0021959867 0 -0.00013871368 0 0)
(-2.4770109e-10 0.001315818 0 -4.9873127e-05 0 0)
(-1.5829024e-09 0.00043816592 0 -5.5346958e-06 0 0)
(-1.6841292e-09 -0.00043816582 0 -5.5346077e-06 0 0)
(-4.3162783e-10 -0.0013158179 0 -4.9872939e-05 0 0)
(1.2207335e-09 -0.0021959867 0 -0.00013871349 0 0)
(6.8455408e-10 -0.0030762333 0 -0.00027210049 0 0)
(9.6287912e-10 0.0030762331 0 -0.00027210061 0 0)
(1.022393e-09 0.0021959868 0 -0.00013871379 0 0)
(8.2507784e-11 0.0013158185 0 -4.9873164e-05 0 0)
(-1.8093254e-09 0.00043816609 0 -5.534589e-06 0 0)
(-1.8852629e-09 -0.00043816593 0 -5.5345016e-06 0 0)
(-1.6007567e-10 -0.0013158183 0 -4.987292e-05 0 0)
(7.7736581e-10 -0.0021959868 0 -0.00013871356 0 0)
(8.5070771e-10 -0.0030762332 0 -0.00027210051 0 0)
(9.0931286e-10 0.0030762327 0 -0.00027210063 0 0)
(1.5968821e-09 0.0021959869 0 -0.0001387139 0 0)
(-2.3509174e-10 0.0013158189 0 -4.9873184e-05 0 0)
(-1.7926887e-09 0.00043816635 0 -5.5344986e-06 0 0)
(-1.923796e-09 -0.00043816633 0 -5.5343749e-06 0 0)
(-4.9851903e-10 -0.0013158187 0 -4.987292e-05 0 0)
(1.3121171e-09 -0.0021959869 0 -0.0001387136 0 0)
(7.6571866e-10 -0.0030762328 0 -0.00027210051 0 0)
(1.1065317e-09 0.0030762325 0 -0.00027210068 0 0)
(1.2034987e-09 0.002195987 0 -0.00013871401 0 0)
(9.1624814e-11 0.0013158193 0 -4.9873222e-05 0 0)
(-2.0224462e-09 0.00043816651 0 -5.5343846e-06 0 0)
(-2.1242221e-09 -0.00043816641 0 -5.5342787e-06 0 0)
(-2.2005313e-10 -0.0013158192 0 -4.9872901e-05 0 0)
(8.6400201e-10 -0.002195987 0 -0.00013871368 0 0)
(9.3392197e-10 -0.0030762327 0 -0.00027210052 0 0)
(1.048668e-09 0.003076232 0 -0.00027210069 0 0)
(1.7646428e-09 0.0021959871 0 -0.00013871411 0 0)
(-2.3795011e-10 0.0013158197 0 -4.9873229e-05 0 0)
(-2.0069013e-09 0.0004381667 0 -5.5343e-06 0 0)
(-2.1576324e-09 -0.00043816683 0 -5.5341467e-06 0 0)
(-5.4614926e-10 -0.0013158196 0 -4.9872933e-05 0 0)
(1.40404e-09 -0.0021959872 0 -0.00013871372 0 0)
(8.4442068e-10 -0.0030762323 0 -0.00027210052 0 0)
(1.2397198e-09 0.0030762318 0 -0.00027210072 0 0)
(1.3383147e-09 0.0021959872 0 -0.00013871418 0 0)
(7.5500415e-11 0.0013158202 0 -4.9873261e-05 0 0)
(-2.2397198e-09 0.00043816685 0 -5.5341758e-06 0 0)
(-2.3414349e-09 -0.00043816694 0 -5.5340811e-06 0 0)
(-2.4079138e-10 -0.0013158202 0 -4.9872925e-05 0 0)
(9.5254693e-10 -0.0021959873 0 -0.00013871382 0 0)
(1.0143535e-09 -0.0030762322 0 -0.00027210051 0 0)
(1.1606382e-09 0.0030762313 0 -0.00027210071 0 0)
(1.8614191e-09 0.0021959873 0 -0.00013871424 0 0)
(-2.7817438e-10 0.0013158206 0 -4.9873244e-05 0 0)
(-2.2215319e-09 0.00043816723 0 -5.534107e-06 0 0)
(-2.3429212e-09 -0.00043816709 0 -5.5339656e-06 0 0)
(-5.2370997e-10 -0.0013158207 0 -4.9873028e-05 0 0)
(1.5107613e-09 -0.0021959875 0 -0.00013871386 0 0)
(9.1722077e-10 -0.0030762318 0 -0.00027210052 0 0)
(1.3229914e-09 0.0030762311 0 -0.0002721007 0 0)
(1.3718238e-09 0.0021959875 0 -0.00013871426 0 0)
(1.4010981e-11 0.0013158211 0 -4.9873261e-05 0 0)
(-2.4542316e-09 0.00043816753 0 -5.5339651e-06 0 0)
(-2.5058769e-09 -0.00043816767 0 -5.5339483e-06 0 0)
(-1.5663138e-10 -0.0013158214 0 -4.9873057e-05 0 0)
(1.0746461e-09 -0.0021959876 0 -0.00013871401 0 0)
(1.0885831e-09 -0.0030762316 0 -0.00027210048 0 0)
(1.2032188e-09 0.0030762307 0 -0.00027210065 0 0)
(1.8476248e-09 0.0021959876 0 -0.00013871427 0 0)
(-3.6988512e-10 0.0013158217 0 -4.9873217e-05 0 0)
(-2.4899889e-09 0.00043816781 0 -5.5338645e-06 0 0)
(-2.4875149e-09 -0.00043816781 0 -5.5338245e-06 0 0)
(-3.3843609e-10 -0.001315822 0 -4.9873301e-05 0 0)
(1.692009e-09 -0.0021959879 0 -0.00013871407 0 0)
(9.8874138e-10 -0.0030762312 0 -0.00027210049 0 0)
(1.3035385e-09 0.0030762305 0 -0.00027210055 0 0)
(1.2983517e-09 0.0021959877 0 -0.00013871424 0 0)
(-1.0220693e-10 0.0013158222 0 -4.9873214e-05 0 0)
(-2.8313032e-09 0.00043816792 0 -5.5336048e-06 0 0)
(-2.6623109e-09 -0.00043816899 0 -5.5338325e-06 0 0)
(1.295908e-10 -0.0013158229 0 -4.9873405e-05 0 0)
(1.3507947e-09 -0.002195988 0 -0.00013871436 0 0)
(1.1646253e-09 -0.0030762311 0 -0.00027210042 0 0)
(1.1463011e-09 0.0030762301 0 -0.00027210046 0 0)
(1.7865367e-09 0.0021959878 0 -0.00013871426 0 0)
(-4.9115905e-10 0.001315823 0 -4.9873173e-05 0 0)
(-3.096114e-09 0.00043816826 0 -5.5332797e-06 0 0)
(-2.8596337e-09 -0.00043816891 0 -5.5334613e-06 0 0)
(1.5704536e-10 -0.0013158237 0 -4.9873899e-05 0 0)
(2.1532695e-09 -0.0021959882 0 -0.00013871459 0 0)
(1.1014695e-09 -0.0030762306 0 -0.00027210047 0 0)
(1.163281e-09 0.0030762299 0 -0.00027210025 0 0)
(1.3442599e-09 0.0021959881 0 -0.00013871435 0 0)
(-2.3026029e-10 0.0013158239 0 -4.9873174e-05 0 0)
(-3.860966e-09 0.00043816867 0 -5.5325985e-06 0 0)
(-3.2368275e-09 -0.00043817073 0 -5.5332966e-06 0 0)
(7.7639119e-10 -0.001315825 0 -4.9874157e-05 0 0)
(2.1605778e-09 -0.0021959884 0 -0.00013871526 0 0)
(1.3092824e-09 -0.0030762305 0 -0.00027210039 0 0)
(1.056779e-09 0.0030762296 0 -0.00027210019 0 0)
(2.122336e-09 0.0021959883 0 -0.00013871469 0 0)
(-5.3506553e-10 0.0013158252 0 -4.9873236e-05 0 0)
(-4.8139763e-09 0.00043816932 0 -5.5315789e-06 0 0)
(-4.0830841e-09 -0.00043817127 0 -5.5322897e-06 0 0)
(1.1938008e-09 -0.0013158266 0 -4.9875053e-05 0 0)
(3.4761064e-09 -0.0021959887 0 -0.00013871605 0 0)
(1.4132585e-09 -0.0030762299 0 -0.00027210058 0 0)
(1.0704393e-09 0.0030762295 0 -0.00027209998 0 0)
(2.4054011e-09 0.002195989 0 -0.00013871552 0 0)
(-2.1505516e-10 0.0013158273 0 -4.987334e-05 0 0)
(-6.7060007e-09 0.00043817038 0 -5.5297981e-06 0 0)
(-5.741505e-09 -0.00043817349 0 -5.5308e-06 0 0)
(2.0798205e-09 -0.001315829 0 -4.9875673e-05 0 0)
(4.5261618e-09 -0.0021959892 0 -0.00013871772 0 0)
(1.7840447e-09 -0.0030762296 0 -0.00027210066 0 0)
(1.2897828e-09 0.0030762291 0 -0.00027210015 0 0)
(4.2148743e-09 0.0021959896 0 -0.000138717 0 0)
(-3.0440811e-10 0.0013158305 0 -4.9873659e-05 0 0)
(-9.3726607e-09 0.00043817182 0 -5.5270484e-06 0 0)
(-8.3889882e-09 -0.00043817546 0 -5.5281047e-06 0 0)
(2.9969061e-09 -0.0013158326 0 -4.9876997e-05 0 0)
(7.0896436e-09 -0.0021959898 0 -0.00013871998 0 0)
(2.3729899e-09 -0.0030762288 0 -0.00027210117 0 0)
(1.7452812e-09 0.0030762286 0 -0.00027210044 0 0)
(6.9463922e-09 0.0021959913 0 -0.00013872024 0 0)
(2.7833466e-10 0.0013158361 0 -4.9874137e-05 0 0)
(-1.4673743e-08 0.00043817567 0 -5.5219419e-06 0 0)
(-1.3431563e-08 -0.00043817957 0 -5.5230534e-06 0 0)
(4.335592e-09 -0.0013158381 0 -4.9878397e-05 0 0)
(1.0816946e-08 -0.0021959911 0 -0.00013872411 0 0)
(3.3521228e-09 -0.0030762276 0 -0.00027210197 0 0)
(3.0128064e-09 0.0030762276 0 -0.00027210139 0 0)
(1.1403522e-08 0.0021959928 0 -0.00013872468 0 0)
(6.358647e-10 0.0013158437 0 -4.987497e-05 0 0)
(-2.2900104e-08 0.0004381792 0 -5.5134651e-06 0 0)
(-2.0925798e-08 -0.00043818447 0 -5.5157947e-06 0 0)
(5.7608773e-09 -0.0013158464 0 -4.9879961e-05 0 0)
(1.61268e-08 -0.0021959922 0 -0.00013872973 0 0)
(5.1166034e-09 -0.0030762259 0 -0.00027210324 0 0)
(5.0072648e-09 0.0030762252 0 -0.00027210336 0 0)
(1.9888316e-08 0.0021959966 0 -0.00013873362 0 0)
(1.8656619e-09 0.0013158556 0 -4.9876344e-05 0 0)
(-3.5552319e-08 0.00043818786 0 -5.5012709e-06 0 0)
(-3.241025e-08 -0.00043819228 0 -5.5039314e-06 0 0)
(7.5942118e-09 -0.0013158588 0 -4.9882614e-05 0 0)
(2.5578203e-08 -0.0021959956 0 -0.00013873905 0 0)
(7.7039538e-09 -0.0030762223 0 -0.00027210597 0 0)
(8.8796233e-09 0.003076222 0 -0.00027210636 0 0)
(2.9577732e-08 0.0021959993 0 -0.00013874388 0 0)
(3.2028613e-09 0.001315872 0 -4.9878239e-05 0 0)
(-5.0144619e-08 0.00043819518 0 -5.4861497e-06 0 0)
(-5.0782446e-08 -0.00043820286 0 -5.4863349e-06 0 0)
(9.4982035e-09 -0.0013158764 0 -4.9884076e-05 0 0)
(3.6175352e-08 -0.0021959977 0 -0.00013875115 0 0)
(1.2167328e-08 -0.0030762182 0 -0.00027210908 0 0)
(1.396742e-08 0.003076215 0 -0.00027211175 0 0)
(4.9555169e-08 0.0021960071 0 -0.00013876414 0 0)
(4.8809947e-09 0.0013158992 0 -4.9880618e-05 0 0)
(-8.0228148e-08 0.00043821402 0 -5.4569036e-06 0 0)
(-7.3604574e-08 -0.00043821686 0 -5.462454e-06 0 0)
(1.1413391e-08 -0.0013159016 0 -4.988819e-05 0 0)
(5.6219094e-08 -0.0021960046 0 -0.00013877008 0 0)
(1.7802817e-08 -0.0030762094 0 -0.00027211547 0 0)
(2.3273635e-08 0.003076206 0 -0.00027211907 0 0)
(6.8598079e-08 0.0021960114 0 -0.00013878478 0 0)
(7.7161983e-09 0.0013159291 0 -4.9884033e-05 0 0)
(-1.0357146e-07 0.00043822698 0 -5.4326068e-06 0 0)
(-1.1225035e-07 -0.00043823759 0 -5.4254042e-06 0 0)
(1.3222426e-08 -0.0013159354 0 -4.9888612e-05 0 0)
(7.5888746e-08 -0.0021960082 0 -0.00013879324 0 0)
(2.7529441e-08 -0.0030761994 0 -0.00027212231 0 0)
(3.4383799e-08 0.0030761896 0 -0.00027213095 0 0)
(1.0734314e-07 0.0021960251 0 -0.00013882357 0 0)
(9.0136825e-09 0.0013159817 0 -4.9886982e-05 0 0)
(-1.6295724e-07 0.00043826237 0 -5.3745444e-06 0 0)
(-1.5062572e-07 -0.00043826016 0 -5.3850015e-06 0 0)
(1.4364855e-08 -0.0013159807 0 -4.9893904e-05 0 0)
(1.12537e-07 -0.0021960202 0 -0.00013882748 0 0)
(3.8633205e-08 -0.0030761806 0 -0.0002721351 0 0)
(5.2025589e-08 0.0030761684 0 -0.00027214481 0 0)
(1.3838311e-07 0.0021960301 0 -0.00013885758 0 0)
(1.3583276e-08 0.0013160296 0 -4.9892082e-05 0 0)
(-1.9529976e-07 0.00043828251 0 -5.3406885e-06 0 0)
(-2.1926228e-07 -0.00043829705 0 -5.3189356e-06 0 0)
(1.4660107e-08 -0.0013160394 0 -4.9891703e-05 0 0)
(1.4348422e-07 -0.0021960246 0 -0.00013886431 0 0)
(5.6575278e-08 -0.0030761589 0 -0.00027214789 0 0)
(7.3736082e-08 0.0030761346 0 -0.0002721677 0 0)
(2.0049695e-07 0.0021960497 0 -0.00013891951 0 0)
(1.2586027e-08 0.0013161191 0 -4.9894124e-05 0 0)
(-2.9474978e-07 0.00043834102 0 -5.2430582e-06 0 0)
(-2.734121e-07 -0.0004383292 0 -5.2616862e-06 0 0)
(1.4026666e-08 -0.0013161112 0 -4.9897449e-05 0 0)
(2.0340555e-07 -0.0021960454 0 -0.00013892062 0 0)
(7.750964e-08 -0.0030761224 0 -0.00027217136 0 0)
(1.0326758e-07 0.003076092 0 -0.00027219107 0 0)
(2.4395785e-07 0.0021960548 0 -0.00013896746 0 0)
(1.8140382e-08 0.0013161875 0 -4.9900057e-05 0 0)
(-3.3760491e-07 0.00043837151 0 -5.1980853e-06 0 0)
(-3.7824958e-07 -0.00043838843 0 -5.1603099e-06 0 0)
(1.0342521e-08 -0.0013162022 0 -4.9890309e-05 0 0)
(2.4288981e-07 -0.0021960473 0 -0.00013896803 0 0)
(1.0348897e-07 -0.0030760824 0 -0.00027218968 0 0)
(1.3290044e-07 0.0030760349 0 -0.00027222189 0 0)
(3.2493858e-07 0.0021960769 0 -0.00013904802 0 0)
(1.1866645e-08 0.0013163204 0 -4.9898369e-05 0 0)
(-4.6048545e-07 0.00043844738 0 -5.0773067e-06 0 0)
(-4.3843872e-07 -0.00043842724 0 -5.0959833e-06 0 0)
(6.9437044e-09 -0.0013163006 0 -4.9895252e-05 0 0)
(3.2614634e-07 -0.0021960781 0 -0.00013904735 0 0)
(1.3580752e-07 -0.0030760204 0 -0.00027222474 0 0)
(1.7846415e-07 0.0030759587 0 -0.00027225881 0 0)
(3.7506911e-07 0.0021960819 0 -0.00013910391 0 0)
(1.5845654e-08 0.0013164057 0 -4.9902609e-05 0 0)
(-5.4248712e-07 0.00043850781 0 -4.9923718e-06 0 0)
(-5.7231019e-07 -0.00043851316 0 -4.9658986e-06 0 0)
(-2.5915358e-09 -0.001316422 0 -4.9881829e-05 0 0)
(3.5981669e-07 -0.0021960708 0 -0.00013908956 0 0)
(1.7237415e-07 -0.0030759522 0 -0.00027225122 0 0)
(2.1181878e-07 0.003075875 0 -0.00027229231 0 0)
(4.5243839e-07 0.0021960975 0 -0.00013918078 0 0)
(9.4971747e-10 0.0013165776 0 -4.9893611e-05 0 0)
(-6.8450249e-07 0.00043860861 0 -4.8514263e-06 0 0)
(-6.4850923e-07 -0.00043856656 0 -4.8845799e-06 0 0)
(-1.2774349e-08 -0.0013165474 0 -4.9881486e-05 0 0)
(4.4659345e-07 -0.0021961039 0 -0.00013917323 0 0)
(2.0834164e-07 -0.0030758641 0 -0.00027228899 0 0)
(2.6854247e-07 0.0030757569 0 -0.00027233872 0 0)
(4.8472565e-07 0.0021960963 0 -0.00013921897 0 0)
(-3.304042e-09 0.0013166796 0 -4.9890608e-05 0 0)
(-6.97594e-07 0.0004386422 0 -4.8366729e-06 0 0)
(-7.2210032e-07 -0.00043864295 0 -4.8154307e-06 0 0)
(-2.5170051e-08 -0.0013166642 0 -4.9865691e-05 0 0)
(4.5564551e-07 -0.0021960858 0 -0.00013919009 0 0)
(2.5660579e-07 -0.0030757565 0 -0.0002723259 0 0)
(2.9813111e-07 0.0030756504 0 -0.000272365 0 0)
(5.5104833e-07 0.0021961145 0 -0.00013928373 0 0)
(-2.2273804e-08 0.0013168281 0 -4.987696e-05 0 0)
(-7.7320547e-07 0.00043872593 0 -4.7680731e-06 0 0)
(-7.7866622e-07 -0.00043870436 0 -4.760043e-06 0 0)
(-4.2681816e-08 -0.0013167849 0 -4.9858175e-05 0 0)
(5.1592768e-07 -0.0021961123 0 -0.00013924668 0 0)
(2.8523284e-07 -0.0030756502 0 -0.00027235263 0 0)
(3.3725457e-07 0.0030755165 0 -0.00027239337 0 0)
(5.5949543e-07 0.002196124 0 -0.00013929336 0 0)
(-4.4929954e-08 0.0013169316 0 -4.9855798e-05 0 0)
(-7.0361981e-07 0.00043873359 0 -4.8398505e-06 0 0)
(-7.0550693e-07 -0.00043870906 0 -4.8383822e-06 0 0)
(-7.605975e-08 -0.0013169361 0 -4.9822919e-05 0 0)
(5.2928281e-07 -0.0021961253 0 -0.00013926309 0 0)
(3.2012851e-07 -0.0030755243 0 -0.00027237658 0 0)
(3.5360097e-07 0.0030753959 0 -0.00027240773 0 0)
(4.9268361e-07 0.0021960915 0 -0.00013923013 0 0)
(-7.7038642e-08 0.0013170243 0 -4.9819047e-05 0 0)
(-7.7136618e-07 0.00043884119 0 -4.7629422e-06 0 0)
(-7.8597098e-07 -0.00043882732 0 -4.7468329e-06 0 0)
(-1.0480602e-07 -0.0013170167 0 -4.9789875e-05 0 0)
(4.5339587e-07 -0.0021960913 0 -0.00013918904 0 0)
(3.3278139e-07 -0.0030754107 0 -0.00027238677 0 0)
(3.6251353e-07 0.0030752605 0 -0.00027243025 0 0)
(4.066718e-07 0.0021961069 0 -0.00013916588 0 0)
(-1.0101701e-07 0.0013170011 0 -4.9804991e-05 0 0)
(-6.0120557e-07 0.00043883088 0 -4.9242296e-06 0 0)
(-6.0999132e-07 -0.00043880925 0 -4.9102477e-06 0 0)
(-1.2807899e-07 -0.001316989 0 -4.9778666e-05 0 0)
(3.7377048e-07 -0.0021961153 0 -0.00013912776 0 0)
(3.3877396e-07 -0.0030752828 0 -0.00027240634 0 0)
(3.6725202e-07 0.0030751453 0 -0.00027232485 0 0)
(2.4748729e-07 0.0021961923 0 -0.0001387953 0 0)
(-1.54783e-07 0.0013172621 0 -4.9900143e-05 0 0)
(-4.2763923e-07 0.00043892295 0 -5.7130214e-06 0 0)
(-4.3645225e-07 -0.00043890282 0 -5.7011087e-06 0 0)
(-1.8027216e-07 -0.0013172464 0 -4.9889799e-05 0 0)
(2.1290579e-07 -0.0021962024 0 -0.00013876988 0 0)
(3.4138857e-07 -0.0030751748 0 -0.00027230237 0 0)
(3.5391463e-07 0.0030752327 0 -0.00027214498 0 0)
(2.3165786e-07 0.0021962318 0 -0.00013862455 0 0)
(-1.4252399e-07 0.0013170753 0 -4.9925514e-05 0 0)
(-4.3358799e-07 0.00043881951 0 -5.8459265e-06 0 0)
(-4.4473382e-07 -0.00043879515 0 -5.8140882e-06 0 0)
(-1.6617073e-07 -0.0013170696 0 -4.9952139e-05 0 0)
(1.9749941e-07 -0.0021962361 0 -0.00013860314 0 0)
(3.2691859e-07 -0.0030752704 0 -0.00027214416 0 0)
)
;

boundaryField
{
    left
    {
        type            fixedValue;
        value           uniform (0 0 0 0 0 0);
    }
    right
    {
        type            zeroGradient;
    }
    walls
    {
        type            zeroGradient;
    }
    frontAndBack
    {
        type            empty;
    }
}


// ************************************************************************* //
