/*--------------------------------*- C++ -*----------------------------------*\
| =========                 |                                                 |
| \\      /  F ield         | OpenFOAM: The Open Source CFD Toolbox           |
|  \\    /   O peration     | Version:  5.x                                   |
|   \\  /    A nd           | Web:      www.OpenFOAM.org                      |
|    \\/     M anipulation  |                                                 |
\*---------------------------------------------------------------------------*/
FoamFile
{
    version     2.0;
    format      ascii;
    class       volVectorField;
    location    "2";
    object      U;
}
// * * * * * * * * * * * * * * * * * * * * * * * * * * * * * * * * * * * * * //

dimensions      [0 1 -1 0 0 0 0];

internalField   nonuniform List<vector> 
1920
(
(-1.2239132e-07 6.6222832e-08 0)
(-4.9610261e-07 4.8799076e-08 0)
(-7.886376e-07 -1.6064795e-08 0)
(-3.8150028e-07 -6.8508951e-08 0)
(3.8216955e-07 -6.9625566e-08 0)
(7.8903952e-07 -1.5052501e-08 0)
(4.9632192e-07 4.8129677e-08 0)
(1.2232054e-07 6.6462063e-08 0)
(-9.2584743e-08 2.2863368e-07 0)
(-1.1926447e-06 4.1544383e-07 0)
(-1.801059e-06 -5.1533507e-08 0)
(-9.0618572e-07 -6.0677069e-07 0)
(9.0777139e-07 -6.0462993e-07 0)
(1.8024273e-06 -5.3055728e-08 0)
(1.1928847e-06 4.1692461e-07 0)
(9.28689e-08 2.2826636e-07 0)
(-1.7673115e-07 6.2662233e-07 0)
(-1.7366194e-06 9.6890871e-07 0)
(-2.5767165e-06 -1.4520499e-07 0)
(-1.216066e-06 -1.4272998e-06 0)
(1.218466e-06 -1.430225e-06 0)
(2.5781737e-06 -1.4184345e-07 0)
(1.7376796e-06 9.6759719e-07 0)
(1.7652234e-07 6.2756061e-07 0)
(-2.1716867e-07 1.1403944e-06 0)
(-2.1618562e-06 1.6476627e-06 0)
(-3.0077736e-06 -2.8679259e-07 0)
(-1.4849474e-06 -2.5015865e-06 0)
(1.4874648e-06 -2.497098e-06 0)
(3.0099223e-06 -2.8930403e-07 0)
(2.1624526e-06 1.6511794e-06 0)
(2.1750545e-07 1.139949e-06 0)
(-2.6651627e-07 1.7498034e-06 0)
(-2.3283424e-06 2.4180558e-06 0)
(-3.3095565e-06 -4.7524721e-07 0)
(-1.5344357e-06 -3.6944983e-06 0)
(1.5370396e-06 -3.6986725e-06 0)
(3.3112184e-06 -4.6964381e-07 0)
(2.3295048e-06 2.4167255e-06 0)
(2.664005e-07 1.751562e-06 0)
(-2.5416547e-07 2.3993633e-06 0)
(-2.4215132e-06 3.2065371e-06 0)
(-3.3024585e-06 -6.6369066e-07 0)
(-1.6224501e-06 -4.9470988e-06 0)
(1.6245176e-06 -4.9411476e-06 0)
(3.3042028e-06 -6.6636218e-07 0)
(2.422099e-06 3.2116328e-06 0)
(2.543864e-07 2.3991421e-06 0)
(-2.6588787e-07 3.0380715e-06 0)
(-2.2977836e-06 3.9926194e-06 0)
(-3.2507181e-06 -8.6317783e-07 0)
(-1.5003271e-06 -6.1710111e-06 0)
(1.5018631e-06 -6.175561e-06 0)
(3.2517543e-06 -8.5633678e-07 0)
(2.2984391e-06 3.9916782e-06 0)
(2.6589708e-07 3.040381e-06 0)
(-2.2433583e-07 3.6429043e-06 0)
(-2.1624433e-06 4.726695e-06 0)
(-2.958023e-06 -1.0416949e-06 0)
(-1.4511489e-06 -7.3363354e-06 0)
(1.4518764e-06 -7.330014e-06 0)
(2.9586084e-06 -1.0440456e-06 0)
(2.1627278e-06 4.7324331e-06 0)
(2.2435515e-07 3.6429493e-06 0)
(-2.1155486e-07 4.1852811e-06 0)
(-1.8863971e-06 5.4018518e-06 0)
(-2.6868031e-06 -1.2105992e-06 0)
(-1.245437e-06 -8.3831046e-06 0)
(1.2453724e-06 -8.387329e-06 0)
(2.6868237e-06 -1.2037396e-06 0)
(1.886328e-06 5.4013286e-06 0)
(2.1165519e-07 4.1876864e-06 0)
(-1.6354318e-07 4.6591492e-06 0)
(-1.6424747e-06 5.9885648e-06 0)
(-2.2785755e-06 -1.3458013e-06 0)
(-1.1197247e-06 -9.310416e-06 0)
(1.1189606e-06 -9.3046898e-06 0)
(2.2779088e-06 -1.3476737e-06 0)
(1.6423692e-06 5.9939324e-06 0)
(1.6339205e-07 4.6593406e-06 0)
(-1.4050471e-07 5.0524008e-06 0)
(-1.3349279e-06 6.4921893e-06 0)
(-1.9285475e-06 -1.4645248e-06 0)
(-9.0340583e-07 -1.0086505e-05 0)
(9.0192772e-07 -1.0090003e-05 0)
(1.9276388e-06 -1.4586636e-06 0)
(1.3342651e-06 6.4918885e-06 0)
(1.4064576e-07 5.0544851e-06 0)
(-1.0012273e-07 5.3717324e-06 0)
(-1.0789415e-06 6.9016249e-06 0)
(-1.533091e-06 -1.5504752e-06 0)
(-7.5542767e-07 -1.0730062e-05 0)
(7.535364e-07 -1.0725531e-05 0)
(1.5315237e-06 -1.5519593e-06 0)
(1.0785177e-06 6.905879e-06 0)
(9.9886767e-08 5.3719065e-06 0)
(-7.6820093e-08 5.6171935e-06 0)
(-8.1757437e-07 7.2309485e-06 0)
(-1.2074159e-06 -1.6204818e-06 0)
(-5.755441e-07 -1.1232463e-05 0)
(5.7315865e-07 -1.1235146e-05 0)
(1.2058831e-06 -1.616207e-06 0)
(8.16586e-07 7.2305987e-06 0)
(7.6955576e-08 5.6187035e-06 0)
(-4.9532706e-08 5.8015341e-06 0)
(-6.0800085e-07 7.4807206e-06 0)
(-8.9818517e-07 -1.6648675e-06 0)
(-4.4447263e-07 -1.1622133e-05 0)
(4.4191496e-07 -1.1618998e-05 0)
(8.9613708e-07 -1.6661977e-06 0)
(6.0736392e-07 7.4834951e-06 0)
(4.9291368e-08 5.801551e-06 0)
(-3.1528299e-08 5.9309867e-06 0)
(-4.2521154e-07 7.668448e-06 0)
(-6.5136741e-07 -1.6981151e-06 0)
(-3.1953524e-07 -1.1903823e-05 0)
(3.1666671e-07 -1.1905836e-05 0)
(6.4946765e-07 -1.6956118e-06 0)
(4.2410641e-07 7.6677786e-06 0)
(3.1625998e-08 5.9318308e-06 0)
(-1.6928488e-08 6.0190594e-06 0)
(-2.8317448e-07 7.7996922e-06 0)
(-4.4873892e-07 -1.7144588e-06 0)
(-2.2369944e-07 -1.2106355e-05 0)
(2.2076497e-07 -1.2104539e-05 0)
(4.4646707e-07 -1.7159368e-06 0)
(2.8238202e-07 7.8009039e-06 0)
(1.6724113e-08 6.0188086e-06 0)
(-5.6294879e-09 6.0731707e-06 0)
(-1.7702395e-07 7.8908907e-06 0)
(-2.9119226e-07 -1.7251382e-06 0)
(-1.5084985e-07 -1.2239064e-05 0)
(1.4771226e-07 -1.2240672e-05 0)
(2.8904724e-07 -1.7243518e-06 0)
(1.7589067e-07 7.8896451e-06 0)
(5.6739692e-09 6.0733448e-06 0)
(-3.1733871e-10 6.104267e-06 0)
(-9.6497729e-08 7.9478818e-06 0)
(-1.8042736e-07 -1.7264134e-06 0)
(-9.1164318e-08 -1.2325265e-05 0)
(8.7985826e-08 -1.2324565e-05 0)
(1.7803466e-07 -1.7283499e-06 0)
(9.5570243e-08 7.9475747e-06 0)
(1.575548e-10 6.1036503e-06 0)
(5.5147551e-09 6.1181394e-06 0)
(-4.7410042e-08 7.9833811e-06 0)
(-9.5540336e-08 -1.726136e-06 0)
(-5.6981061e-08 -1.2373336e-05 0)
(5.3686081e-08 -1.2374821e-05 0)
(9.3222152e-08 -1.7269282e-06 0)
(4.6272727e-08 7.9813284e-06 0)
(-5.5228802e-09 6.1176612e-06 0)
(5.4324083e-09 6.1220514e-06 0)
(-1.0078901e-08 8.0014077e-06 0)
(-4.7849793e-08 -1.7216045e-06 0)
(-2.4842421e-08 -1.2399131e-05 0)
(2.155094e-08 -1.2399333e-05 0)
(4.541855e-08 -1.7242598e-06 0)
(9.0555026e-09 7.9996601e-06 0)
(-5.555646e-09 6.1209841e-06 0)
(7.938391e-09 6.1193978e-06 0)
(4.7044145e-09 8.0103185e-06 0)
(-1.0129677e-08 -1.7177572e-06 0)
(-1.4283572e-08 -1.2407957e-05 0)
(1.1006295e-08 -1.2409539e-05 0)
(7.7733972e-09 -1.7199729e-06 0)
(-5.8062952e-09 8.0072952e-06 0)
(-7.9856815e-09 6.1182904e-06 0)
(5.4802816e-09 6.1141659e-06 0)
(1.774696e-08 8.0120805e-06 0)
(2.105137e-09 -1.7125455e-06 0)
(1.043786e-09 -1.2409022e-05 0)
(-4.2058836e-09 -1.2409941e-05 0)
(-4.410609e-09 -1.7160692e-06 0)
(-1.8773565e-08 8.0090007e-06 0)
(-5.5740299e-09 6.1126021e-06 0)
(6.5243303e-09 6.1077907e-06 0)
(1.6093464e-08 8.0114056e-06 0)
(1.5053103e-08 -1.7087782e-06 0)
(-2.4112289e-10 -1.2404721e-05 0)
(-2.7246596e-09 -1.2406528e-05 0)
(-1.7217677e-08 -1.7122354e-06 0)
(-1.7072317e-08 8.0073719e-06 0)
(-6.5902839e-09 6.1061027e-06 0)
(3.4809256e-09 6.1020233e-06 0)
(1.8584087e-08 8.0088202e-06 0)
(1.1414222e-08 -1.7049299e-06 0)
(6.8746946e-09 -1.239962e-05 0)
(-9.563453e-09 -1.2401092e-05 0)
(-1.3354386e-08 -1.7093185e-06 0)
(-1.9481282e-08 8.0045867e-06 0)
(-3.5454453e-09 6.0999843e-06 0)
(4.2126458e-09 6.0971389e-06 0)
(1.1348611e-08 8.0065901e-06 0)
(1.4382502e-08 -1.7024622e-06 0)
(1.0324632e-09 -1.2394212e-05 0)
(-3.3398941e-09 -1.2396269e-05 0)
(-1.6086876e-08 -1.7069183e-06 0)
(-1.2091035e-08 8.001662e-06 0)
(-4.2764684e-09 6.0949691e-06 0)
(1.3759382e-09 6.0936685e-06 0)
(1.1002569e-08 8.0045187e-06 0)
(5.8749926e-09 -1.7002972e-06 0)
(5.194192e-09 -1.2390398e-05 0)
(-7.0825171e-09 -1.2392267e-05 0)
(-7.212595e-09 -1.7053928e-06 0)
(-1.1643351e-08 7.9994065e-06 0)
(-1.4074704e-09 6.0912521e-06 0)
(2.2981732e-09 6.0913955e-06 0)
(3.3185143e-09 8.0035108e-06 0)
(6.5475851e-09 -1.6991514e-06 0)
(-1.5997022e-09 -1.2387779e-05 0)
(2.2219353e-10 -1.2390029e-05 0)
(-7.5816495e-09 -1.704294e-06 0)
(-3.7331448e-09 7.9979469e-06 0)
(-2.3447048e-09 6.0888959e-06 0)
(-1.3508377e-10 6.090334e-06 0)
(3.4104462e-09 8.0031468e-06 0)
(-2.0094025e-09 -1.6983017e-06 0)
(2.1194689e-09 -1.2386985e-05 0)
(-3.0062456e-09 -1.2389091e-05 0)
(1.4186741e-09 -1.7038306e-06 0)
(-3.7178108e-09 7.9975115e-06 0)
(1.3886359e-10 6.0876966e-06 0)
(1.0864882e-09 6.0901651e-06 0)
(-3.0466478e-09 8.0037069e-06 0)
(-6.4026221e-10 -1.6981033e-06 0)
(-4.2992433e-09 -1.2387374e-05 0)
(3.961058e-09 -1.2389715e-05 0)
(3.6175697e-10 -1.7035767e-06 0)
(2.9942233e-09 7.9978521e-06 0)
(-1.1089889e-09 6.0875207e-06 0)
(-1.0054484e-09 6.0907639e-06 0)
(-1.6924659e-09 8.0047953e-06 0)
(-7.857382e-09 -1.6980846e-06 0)
(-1.7578136e-10 -1.2389104e-05 0)
(3.0939393e-10 -1.239129e-05 0)
(8.0231935e-09 -1.7037215e-06 0)
(1.7265261e-09 7.9990214e-06 0)
(1.0422565e-09 6.0880862e-06 0)
(4.5664466e-10 6.0918689e-06 0)
(-6.8357577e-09 8.0064707e-06 0)
(-5.1792649e-09 -1.6984475e-06 0)
(-5.9933685e-09 -1.2391582e-05 0)
(6.6229146e-09 -1.2393891e-05 0)
(5.6041966e-09 -1.7039009e-06 0)
(7.1157708e-09 8.0006842e-06 0)
(-4.562657e-10 6.089264e-06 0)
(-1.4176583e-09 6.0933695e-06 0)
(-4.3958383e-09 8.0084357e-06 0)
(-1.1115408e-08 -1.698879e-06 0)
(-1.3865446e-09 -1.2394858e-05 0)
(2.3925306e-09 -1.2396986e-05 0)
(1.1924483e-08 -1.7043122e-06 0)
(4.7182804e-09 8.0028765e-06 0)
(1.4805704e-09 6.0908195e-06 0)
(1.9158074e-10 6.0950927e-06 0)
(-8.6267398e-09 8.0107074e-06 0)
(-7.3998348e-09 -1.6995263e-06 0)
(-6.7598211e-09 -1.2398475e-05 0)
(8.1460933e-09 -1.2400645e-05 0)
(8.3719322e-09 -1.7046617e-06 0)
(9.1611399e-09 8.0052982e-06 0)
(-1.7476556e-10 6.0926811e-06 0)
(-1.5674314e-09 6.0969797e-06 0)
(-5.5066122e-09 8.0130784e-06 0)
(-1.2497353e-08 -1.7001655e-06 0)
(-1.8321925e-09 -1.2402501e-05 0)
(3.4565706e-09 -1.2404462e-05 0)
(1.3759077e-08 -1.7051465e-06 0)
(6.02732e-09 8.0080081e-06 0)
(1.646911e-09 6.0946857e-06 0)
(1.1465997e-10 6.0989264e-06 0)
(-9.2297996e-09 8.0155853e-06 0)
(-8.1710473e-09 -1.7009303e-06 0)
(-6.9652476e-09 -1.2406598e-05 0)
(8.8282944e-09 -1.2408547e-05 0)
(9.4832453e-09 -1.7055343e-06 0)
(9.9182864e-09 8.0107726e-06 0)
(-8.9959688e-11 6.0968127e-06 0)
(-1.5921426e-09 6.1009188e-06 0)
(-5.7658164e-09 8.0180794e-06 0)
(-1.2827061e-08 -1.7016413e-06 0)
(-1.8881468e-09 -1.2410876e-05 0)
(3.8433747e-09 -1.2412602e-05 0)
(1.4327446e-08 -1.7060099e-06 0)
(6.3845927e-09 8.0136694e-06 0)
(1.6785118e-09 6.0989574e-06 0)
(1.173788e-10 6.1028939e-06 0)
(-9.2527727e-09 8.0206255e-06 0)
(-8.2165002e-09 -1.7024327e-06 0)
(-6.923152e-09 -1.2415082e-05 0)
(8.9814708e-09 -1.2416765e-05 0)
(9.6617046e-09 -1.7063876e-06 0)
(9.9970778e-09 8.0165258e-06 0)
(-9.2857443e-11 6.1011294e-06 0)
(-1.5688409e-09 6.104866e-06 0)
(-5.652622e-09 8.023106e-06 0)
(-1.268146e-08 -1.7031458e-06 0)
(-1.8090499e-09 -1.2419352e-05 0)
(3.8323772e-09 -1.2420811e-05 0)
(1.4226539e-08 -1.7068328e-06 0)
(6.2801111e-09 8.0194256e-06 0)
(1.6541204e-09 6.1032628e-06 0)
(1.449335e-10 6.106792e-06 0)
(-9.0491932e-09 8.0256069e-06 0)
(-7.9773374e-09 -1.7039181e-06 0)
(-6.8180178e-09 -1.2423486e-05 0)
(8.8354236e-09 -1.2424892e-05 0)
(9.3831298e-09 -1.7071936e-06 0)
(9.7692179e-09 8.0222425e-06 0)
(-1.2665884e-10 6.1053806e-06 0)
(-1.533415e-09 6.1087008e-06 0)
(-5.4184768e-09 8.0280232e-06 0)
(-1.2377413e-08 -1.7045999e-06 0)
(-1.722248e-09 -1.2427635e-05 0)
(3.6103703e-09 -1.2428828e-05 0)
(1.3818428e-08 -1.7076139e-06 0)
(5.9877529e-09 8.0250566e-06 0)
(1.6121832e-09 6.1074401e-06 0)
(1.7465755e-10 6.110557e-06 0)
(-8.7886392e-09 8.0304533e-06 0)
(-7.6703379e-09 -1.7053314e-06 0)
(-6.729363e-09 -1.2431627e-05 0)
(8.5375738e-09 -1.243277e-05 0)
(8.9151999e-09 -1.7079663e-06 0)
(9.429451e-09 8.0277741e-06 0)
(-1.6621627e-10 6.1094678e-06 0)
(-1.4992066e-09 6.1123961e-06 0)
(-5.1713884e-09 8.0327957e-06 0)
(-1.2054924e-08 -1.7059677e-06 0)
(-1.6702983e-09 -1.2435615e-05 0)
(3.2910276e-09 -1.2436567e-05 0)
(1.3296366e-08 -1.708374e-06 0)
(5.6411112e-09 8.0304665e-06 0)
(1.5686247e-09 6.1114344e-06 0)
(1.9977424e-10 6.1141842e-06 0)
(-8.5357187e-09 8.0351544e-06 0)
(-7.3779534e-09 -1.7066497e-06 0)
(-6.6748956e-09 -1.2439446e-05 0)
(8.1760196e-09 -1.244036e-05 0)
(8.3925724e-09 -1.7087285e-06 0)
(9.067407e-09 8.0330631e-06 0)
(-2.0249342e-10 6.1133648e-06 0)
(-1.46926e-09 6.1159588e-06 0)
(-4.9450687e-09 8.0374278e-06 0)
(-1.1757795e-08 -1.7072361e-06 0)
(-1.6524817e-09 -1.2443268e-05 0)
(2.9400703e-09 -1.2444016e-05 0)
(1.2753358e-08 -1.709134e-06 0)
(5.2969391e-09 8.0356246e-06 0)
(1.5285949e-09 6.1152378e-06 0)
(2.1996165e-10 6.1176859e-06 0)
(-8.3050674e-09 8.0397209e-06 0)
(-7.1167259e-09 -1.7078668e-06 0)
(-6.6445385e-09 -1.2446939e-05 0)
(7.8011091e-09 -1.2447667e-05 0)
(7.8761508e-09 -1.7094976e-06 0)
(8.7184203e-09 8.0380973e-06 0)
(-2.3347676e-10 6.1170749e-06 0)
(-1.4428655e-09 6.1194028e-06 0)
(-4.7413504e-09 8.0419321e-06 0)
(-1.1487062e-08 -1.7084042e-06 0)
(-1.6522359e-09 -1.2450603e-05 0)
(2.5939111e-09 -1.2451193e-05 0)
(1.2229255e-08 -1.709907e-06 0)
(4.9747579e-09 8.0405309e-06 0)
(1.4928283e-09 6.1188602e-06 0)
(2.3678902e-10 6.121075e-06 0)
(-8.0921803e-09 8.0441649e-06 0)
(-6.8776689e-09 -1.7089853e-06 0)
(-6.6206435e-09 -1.2454123e-05 0)
(7.4401482e-09 -1.2454711e-05 0)
(7.3895775e-09 -1.7102826e-06 0)
(8.3927653e-09 8.0428845e-06 0)
(-2.5968457e-10 6.120611e-06 0)
(-1.4184963e-09 6.1227388e-06 0)
(-4.5519291e-09 8.046318e-06 0)
(-1.1229936e-08 -1.7094773e-06 0)
(-1.6515665e-09 -1.2457637e-05 0)
(2.2713179e-09 -1.2458114e-05 0)
(1.1737863e-08 -1.7106975e-06 0)
(4.6779731e-09 8.0451975e-06 0)
(1.4606089e-09 6.1223156e-06 0)
(2.5189038e-10 6.1243594e-06 0)
(-7.8880597e-09 8.0484925e-06 0)
(-6.6462037e-09 -1.7100128e-06 0)
(-6.5875979e-09 -1.2461017e-05 0)
(7.1064629e-09 -1.2461508e-05 0)
(6.9389563e-09 -1.7110844e-06 0)
(8.0904398e-09 8.0474398e-06 0)
(-2.8225502e-10 6.1239873e-06 0)
(-1.3948689e-09 6.125972e-06 0)
(-4.3677671e-09 8.0505883e-06 0)
(-1.0972915e-08 -1.7104642e-06 0)
(-1.6369126e-09 -1.2464389e-05 0)
(1.9803858e-09 -1.2464794e-05 0)
(1.1281055e-08 -1.7115033e-06 0)
(4.4039441e-09 8.049641e-06 0)
(1.4309638e-09 6.1256174e-06 0)
(2.6643239e-10 6.127542e-06 0)
(-7.6849533e-09 8.0527036e-06 0)
(-6.4101939e-09 -1.7109589e-06 0)
(-6.5350694e-09 -1.2467636e-05 0)
(6.8049082e-09 -1.2468067e-05 0)
(6.5227023e-09 -1.7118984e-06 0)
(7.8079355e-09 8.0517798e-06 0)
(-3.0226497e-10 6.1272157e-06 0)
(-1.3711758e-09 6.1291032e-06 0)
(-4.1822387e-09 8.0547404e-06 0)
(-1.0706367e-08 -1.7113751e-06 0)
(-1.6004072e-09 -1.2470873e-05 0)
(1.7227881e-09 -1.247124e-05 0)
(1.0855683e-08 -1.7123182e-06 0)
(4.1483592e-09 8.0538772e-06 0)
(1.4030572e-09 6.1287765e-06 0)
(2.8109185e-10 6.1306219e-06 0)
(-7.4778704e-09 8.0567935e-06 0)
(-6.1620766e-09 -1.7118341e-06 0)
(-6.4580834e-09 -1.2473991e-05 0)
(6.5353223e-09 -1.2474394e-05 0)
(6.1362512e-09 -1.7127172e-06 0)
(7.5410743e-09 8.0559198e-06 0)
(-3.2055607e-10 6.1303061e-06 0)
(-1.3470219e-09 6.1321307e-06 0)
(-3.99155e-09 8.0587681e-06 0)
(-1.042518e-08 -1.7122201e-06 0)
(-1.5391028e-09 -1.2477098e-05 0)
(1.4964935e-09 -1.2477454e-05 0)
(1.045687e-08 -1.7131338e-06 0)
(3.9069655e-09 8.0579205e-06 0)
(1.3762706e-09 6.1318014e-06 0)
(2.9618136e-10 6.1335966e-06 0)
(-7.2644068e-09 8.0607552e-06 0)
(-5.8985211e-09 -1.7126482e-06 0)
(-6.3558598e-09 -1.2480092e-05 0)
(6.2947763e-09 -1.2480491e-05 0)
(5.7742761e-09 -1.7135322e-06 0)
(7.2860817e-09 8.0598729e-06 0)
(-3.3773563e-10 6.1332658e-06 0)
(-1.3222947e-09 6.1350511e-06 0)
(-3.7942036e-09 8.0626636e-06 0)
(-1.012792e-08 -1.7130085e-06 0)
(-1.4535723e-09 -1.2483072e-05 0)
(1.2975641e-09 -1.2483437e-05 0)
(1.0079551e-08 -1.7139416e-06 0)
(3.6761701e-09 8.0617827e-06 0)
(1.3501831e-09 6.1346983e-06 0)
(3.1178279e-10 6.1364624e-06 0)
(-7.0440748e-09 8.0645808e-06 0)
(-5.6193246e-09 -1.71341e-06 0)
(-6.2304048e-09 -1.2485943e-05 0)
(6.079063e-09 -1.2486354e-05 0)
(5.4317218e-09 -1.7143349e-06 0)
(7.039924e-09 8.0636497e-06 0)
(-3.5422161e-10 6.1361e-06 0)
(-1.2970494e-09 6.1378608e-06 0)
(-3.5902805e-09 8.0664193e-06 0)
(-9.8156797e-09 -1.7137486e-06 0)
(-1.3465494e-09 -1.2488798e-05 0)
(1.1213437e-09 -1.2489185e-05 0)
(9.7191923e-09 -1.7147334e-06 0)
(3.453185e-09 8.0654734e-06 0)
(1.3245289e-09 6.1374718e-06 0)
(3.2784827e-10 6.139216e-06 0)
(-6.8176225e-09 8.068263e-06 0)
(-5.3262814e-09 -1.7141271e-06 0)
(-6.0852878e-09 -1.2491549e-05 0)
(5.8836595e-09 -1.2491983e-05 0)
(5.1042688e-09 -1.7151179e-06 0)
(6.8003547e-09 8.0672587e-06 0)
(-3.7028805e-10 6.1388127e-06 0)
(-1.2714276e-09 6.1405568e-06 0)
(-3.3808205e-09 8.0700283e-06 0)
(-9.4910452e-09 -1.7144472e-06 0)
(-1.221853e-09 -1.2494281e-05 0)
(9.6321044e-10 -1.2494698e-05 0)
(9.3720876e-09 -1.7155025e-06 0)
(3.2359992e-09 8.0689999e-06 0)
(1.2991586e-09 6.1401254e-06 0)
(3.4426608e-10 6.1418545e-06 0)
(-6.5864975e-09 8.0717956e-06 0)
(-5.0222783e-09 -1.7148055e-06 0)
(-5.9247332e-09 -1.2496912e-05 0)
(5.7043102e-09 -1.2497375e-05 0)
(4.7885009e-09 -1.715875e-06 0)
(6.5658473e-09 8.0707065e-06 0)
(-3.8610214e-10 6.1414069e-06 0)
(-1.2456073e-09 6.1431366e-06 0)
(-3.1673674e-09 8.0734853e-06 0)
(-9.1573319e-09 -1.7151096e-06 0)
(-1.0836367e-09 -1.2499522e-05 0)
(8.190096e-10 -1.2499972e-05 0)
(9.035435e-09 -1.7162432e-06 0)
(3.0232844e-09 8.0723681e-06 0)
(1.2740079e-09 6.1426615e-06 0)
(3.6089996e-10 6.1443759e-06 0)
(-6.3524716e-09 8.075174e-06 0)
(-4.7106567e-09 -1.7154501e-06 0)
(-5.7530186e-09 -1.2502036e-05 0)
(5.5373367e-09 -1.2502529e-05 0)
(4.4819109e-09 -1.7166014e-06 0)
(6.3354874e-09 8.0739983e-06 0)
(-4.017526e-10 6.1438848e-06 0)
(-1.2197728e-09 6.1455987e-06 0)
(-2.9516637e-09 8.0767865e-06 0)
(-8.8180652e-09 -1.71574e-06 0)
(-9.3591868e-10 -1.2504524e-05 0)
(6.8525946e-10 -1.2505008e-05 0)
(8.7072916e-09 -1.7169516e-06 0)
(2.8142773e-09 8.0755826e-06 0)
(1.249073e-09 6.1450823e-06 0)
(3.7761095e-10 6.1467791e-06 0)
(-6.1173961e-09 8.0783955e-06 0)
(-4.3948009e-09 -1.7160643e-06 0)
(-5.5741194e-09 -1.2506921e-05 0)
(5.3797588e-09 -1.2507444e-05 0)
(4.1828145e-09 -1.7172937e-06 0)
(6.1088523e-09 8.0771382e-06 0)
(-4.1727179e-10 6.1462482e-06 0)
(-1.1940993e-09 6.1479425e-06 0)
(-2.7354583e-09 8.0799298e-06 0)
(-8.47666e-09 -1.7163415e-06 0)
(-7.8232244e-10 -1.2509291e-05 0)
(5.5920451e-10 -1.2509805e-05 0)
(8.3864598e-09 -1.7176248e-06 0)
(2.608658e-09 8.0786473e-06 0)
(1.224391e-09 6.1473894e-06 0)
(3.942686e-10 6.1490642e-06 0)
(-5.8830553e-09 8.0814586e-06 0)
(-4.0778938e-09 -1.716651e-06 0)
(-5.3915288e-09 -1.2511572e-05 0)
(5.2292955e-09 -1.251212e-05 0)
(3.890219e-09 -1.7179496e-06 0)
(5.8858917e-09 8.0801299e-06 0)
(-4.3265319e-10 6.148499e-06 0)
(-1.1687456e-09 6.1501683e-06 0)
(-2.5203955e-09 8.0829148e-06 0)
(-8.1362407e-09 -1.7169164e-06 0)
(-6.2596212e-10 -1.2513823e-05 0)
(4.3877575e-10 -1.2514365e-05 0)
(8.0723451e-09 -1.7182611e-06 0)
(2.4064348e-09 8.0815655e-06 0)
(1.2000248e-09 6.1495848e-06 0)
(4.1075599e-10 6.1512318e-06 0)
(-5.6510832e-09 8.0843638e-06 0)
(-3.7627883e-09 -1.7172118e-06 0)
(-5.2081947e-09 -1.2515991e-05 0)
(5.0842954e-09 -1.2516561e-05 0)
(3.6036755e-09 -1.7185681e-06 0)
(5.6668189e-09 8.0829765e-06 0)
(-4.4786519e-10 6.150639e-06 0)
(-1.1438505e-09 6.1522774e-06 0)
(-2.3079546e-09 8.0857425e-06 0)
(-7.7995532e-09 -1.7174662e-06 0)
(-4.6941762e-10 -1.2518127e-05 0)
(3.225016e-10 -1.2518689e-05 0)
(7.7648093e-09 -1.7188598e-06 0)
(2.2078424e-09 8.0843402e-06 0)
(1.1760512e-09 6.1516702e-06 0)
(4.2697175e-10 6.1532834e-06 0)
(-5.4229215e-09 8.0871126e-06 0)
(-3.4519518e-09 -1.7177483e-06 0)
(-5.0265244e-09 -1.2520182e-05 0)
(4.9436363e-09 -1.2520768e-05 0)
(3.3231355e-09 -1.7191487e-06 0)
(5.4520164e-09 8.0856811e-06 0)
(-4.6286178e-10 6.1526701e-06 0)
(-1.1195327e-09 6.1542715e-06 0)
(-2.0994217e-09 8.0884149e-06 0)
(-7.4689351e-09 -1.717992e-06 0)
(-3.1476098e-10 -1.2522205e-05 0)
(2.0940012e-10 -1.2522783e-05 0)
(7.4640335e-09 -1.7194208e-06 0)
(2.0132544e-09 8.0869745e-06 0)
(1.1525515e-09 6.1536478e-06 0)
(4.4283023e-10 6.1552213e-06 0)
(-5.1998034e-09 8.0897077e-06 0)
(-3.1474549e-09 -1.7182613e-06 0)
(-4.8484265e-09 -1.252415e-05 0)
(4.8066162e-09 -1.2524747e-05 0)
(3.048822e-09 -1.7196917e-06 0)
(5.2419587e-09 8.0882468e-06 0)
(-4.7759058e-10 6.1545945e-06 0)
(-1.0958906e-09 6.1561533e-06 0)
(-1.8958822e-09 8.0909353e-06 0)
(-7.1463197e-09 -1.7184947e-06 0)
(-1.6360781e-10 -1.2526062e-05 0)
(9.8871154e-11 -1.2526651e-05 0)
(7.1704006e-09 -1.7199448e-06 0)
(1.8231146e-09 8.0894717e-06 0)
(1.129605e-09 6.15552e-06 0)
(4.5826087e-10 6.1570484e-06 0)
(-4.9827531e-09 8.0921527e-06 0)
(-2.8509855e-09 -1.7187515e-06 0)
(-4.6753694e-09 -1.2527901e-05 0)
(4.6728501e-09 -1.2528503e-05 0)
(2.7811223e-09 -1.7201981e-06 0)
(5.037151e-09 8.0906768e-06 0)
(-4.9199854e-10 6.1564148e-06 0)
(-1.0730038e-09 6.1579258e-06 0)
(-1.6982244e-09 8.0933078e-06 0)
(-6.8332581e-09 -1.7189747e-06 0)
(-1.7177642e-11 -1.2529705e-05 0)
(-9.4009812e-12 -1.2530298e-05 0)
(6.8843995e-09 -1.7204328e-06 0)
(1.6378834e-09 8.0918349e-06 0)
(1.1072847e-09 6.1572892e-06 0)
(4.7320736e-10 6.1587678e-06 0)
(-4.7725933e-09 8.0944521e-06 0)
(-2.5638756e-09 -1.7192193e-06 0)
(-4.5084428e-09 -1.253144e-05 0)
(4.5421811e-09 -1.2532042e-05 0)
(2.5205027e-09 -1.7206691e-06 0)
(4.8380844e-09 8.0929747e-06 0)
(-5.0603616e-10 6.1581336e-06 0)
(-1.0509342e-09 6.1595924e-06 0)
(-1.5071495e-09 8.0955369e-06 0)
(-6.5309506e-09 -1.7194325e-06 0)
(1.2364562e-10 -1.2533139e-05 0)
(-1.1552989e-10 -1.2533732e-05 0)
(6.6065517e-09 -1.7208861e-06 0)
(1.4579984e-09 8.094068e-06 0)
(1.0856543e-09 6.1589584e-06 0)
(4.8762648e-10 6.1603832e-06 0)
(-4.5699587e-09 8.0966107e-06 0)
(-2.2871349e-09 -1.7196651e-06 0)
(-4.3484176e-09 -1.2534773e-05 0)
(4.4146067e-09 -1.2535371e-05 0)
(2.2674439e-09 -1.721106e-06 0)
(4.6452042e-09 8.0951441e-06 0)
(-5.1965986e-10 6.1597539e-06 0)
(-1.0297276e-09 6.161157e-06 0)
(-1.323186e-09 8.097628e-06 0)
(-6.2402825e-09 -1.7198684e-06 0)
(2.5825795e-10 -1.2536372e-05 0)
(-2.1949374e-10 -1.2536959e-05 0)
(6.3373571e-09 -1.7213064e-06 0)
(1.2838483e-09 8.0961745e-06 0)
(1.0647663e-09 6.1605307e-06 0)
(5.01487e-10 6.1618984e-06 0)
(-4.3753114e-09 8.098634e-06 0)
(-2.0214857e-09 -1.7200892e-06 0)
(-4.195799e-09 -1.2537908e-05 0)
(4.2902211e-09 -1.2538497e-05 0)
(2.0223952e-09 -1.7215107e-06 0)
(4.4588887e-09 8.0971889e-06 0)
(-5.3283355e-10 6.1612789e-06 0)
(-1.0094149e-09 6.1626235e-06 0)
(-1.1467054e-09 8.0995865e-06 0)
(-5.9618602e-09 -1.7202828e-06 0)
(3.8628578e-10 -1.253941e-05 0)
(-3.211871e-10 -1.2539988e-05 0)
(6.0772571e-09 -1.7216954e-06 0)
(1.1157562e-09 8.0981586e-06 0)
(1.0446616e-09 6.1620094e-06 0)
(5.1476843e-10 6.1633177e-06 0)
(-4.1889585e-09 8.1005276e-06 0)
(-1.7673977e-09 -1.720492e-06 0)
(-4.0508747e-09 -1.2540852e-05 0)
(4.1691709e-09 -1.2541429e-05 0)
(1.7857433e-09 -1.7218849e-06 0)
(4.2794382e-09 8.0991134e-06 0)
(-5.4552922e-10 6.162712e-06 0)
(-9.9001403e-10 6.1639961e-06 0)
(-9.7793877e-10 8.1014182e-06 0)
(-5.6960459e-09 -1.720676e-06 0)
(5.075428e-10 -1.254226e-05 0)
(-4.2046002e-10 -1.2542825e-05 0)
(5.8266108e-09 -1.7220548e-06 0)
(9.5397029e-10 8.1000245e-06 0)
(1.0253698e-09 6.1633978e-06 0)
(5.274601e-10 6.1646452e-06 0)
(-4.011069e-09 8.1022974e-06 0)
(-1.5251217e-09 -1.7208738e-06 0)
(-3.9137549e-09 -1.2543613e-05 0)
(4.0516223e-09 -1.2544174e-05 0)
(1.5577936e-09 -1.7222304e-06 0)
(4.1070694e-09 8.1009218e-06 0)
(-5.5772705e-10 6.1640567e-06 0)
(-9.7153105e-10 6.165279e-06 0)
(-8.1699365e-10 8.103129e-06 0)
(-5.4429922e-09 -1.7210482e-06 0)
(6.2199336e-10 -1.2544931e-05 0)
(-5.1714692e-10 -1.2545481e-05 0)
(5.5856823e-09 -1.7223865e-06 0)
(7.9866113e-10 8.1017766e-06 0)
(1.0069092e-09 6.1646995e-06 0)
(5.3955968e-10 6.1658852e-06 0)
(-3.8416917e-09 8.1039494e-06 0)
(-1.2947213e-09 -1.721235e-06 0)
(-3.7844084e-09 -1.2546198e-05 0)
(3.9377388e-09 -1.2546741e-05 0)
(1.33876e-09 -1.722549e-06 0)
(3.9419155e-09 8.1026185e-06 0)
(-5.694151e-10 6.1653164e-06 0)
(-9.5396199e-10 6.1664766e-06 0)
(-6.6387032e-10 8.1047249e-06 0)
(-5.2026731e-09 -1.7214001e-06 0)
(7.2972108e-10 -1.254743e-05 0)
(-6.1108689e-10 -1.2547962e-05 0)
(5.3546352e-09 -1.7226923e-06 0)
(6.4992216e-10 8.1034193e-06 0)
(9.89288e-10 6.1659182e-06 0)
(5.5107226e-10 6.167042e-06 0)
(-3.6807718e-09 8.1054894e-06 0)
(-1.076102e-09 -1.721576e-06 0)
(-3.6626917e-09 -1.2548615e-05 0)
(3.8276643e-09 -1.2549137e-05 0)
(1.1287621e-09 -1.7228425e-06 0)
(3.7840296e-09 8.1042081e-06 0)
(-5.805888e-10 6.166495e-06 0)
(-9.3729407e-10 6.1675931e-06 0)
(-5.1847764e-10 8.1062118e-06 0)
(-4.974913e-09 -1.7217319e-06 0)
(8.3090224e-10 -1.2549766e-05 0)
(-7.0213767e-10 -1.2550277e-05 0)
(5.1335336e-09 -1.722974e-06 0)
(5.0777393e-10 8.1049571e-06 0)
(9.7250504e-10 6.1670575e-06 0)
(5.6200932e-10 6.1681197e-06 0)
(-3.5281671e-09 8.1069233e-06 0)
(-8.6903822e-10 -1.7218973e-06 0)
(-3.5483752e-09 -1.2550871e-05 0)
(3.7215137e-09 -1.2551373e-05 0)
(9.2782701e-10 -1.7231127e-06 0)
(3.6333903e-09 8.105695e-06 0)
(-5.9125016e-10 6.167596e-06 0)
(-9.2150717e-10 6.1686327e-06 0)
(-3.8064761e-10 8.1075954e-06 0)
(-4.7594137e-09 -1.7220441e-06 0)
(9.2578338e-10 -1.2551945e-05 0)
(-7.9018467e-10 -1.2552435e-05 0)
(4.9223463e-09 -1.7232332e-06 0)
(3.7216976e-10 8.1063946e-06 0)
(9.5655123e-10 6.168121e-06 0)
(5.7238757e-10 6.1691225e-06 0)
(-3.3836624e-09 8.1082568e-06 0)
(-6.7319785e-10 -1.7221993e-06 0)
(-3.4411642e-09 -1.2552975e-05 0)
(3.6193665e-09 -1.2553454e-05 0)
(7.3589443e-10 -1.7233612e-06 0)
(3.489909e-09 8.1070839e-06 0)
(-6.0140708e-10 6.1686231e-06 0)
(-9.0657505e-10 6.1695994e-06 0)
(-2.5014919e-10 8.1088813e-06 0)
(-4.5557777e-09 -1.7223374e-06 0)
(1.0146626e-09 -1.2553975e-05 0)
(-8.7514598e-10 -1.2554443e-05 0)
(4.7209544e-09 -1.7234715e-06 0)
(2.4300263e-10 8.1077363e-06 0)
(9.4141039e-10 6.1691123e-06 0)
(5.8222814e-10 6.1700545e-06 0)
(-3.2469836e-09 8.1094954e-06 0)
(-4.8816375e-10 -1.7224827e-06 0)
(-3.3407171e-09 -1.2554934e-05 0)
(3.5212643e-09 -1.255539e-05 0)
(5.5282404e-10 -1.7235896e-06 0)
(3.3534375e-09 8.1083792e-06 0)
(-6.1107253e-10 6.1695797e-06 0)
(-8.9246668e-10 6.1704972e-06 0)
(-1.2670059e-10 8.110075e-06 0)
(-4.3635302e-09 -1.7226122e-06 0)
(1.0978741e-09 -1.2555864e-05 0)
(-9.5697488e-10 -1.2556309e-05 0)
(4.5291599e-09 -1.7236905e-06 0)
(1.201128e-10 8.1089867e-06 0)
(9.2706048e-10 6.170035e-06 0)
(5.9155562e-10 6.1709194e-06 0)
(-3.1178101e-09 8.1106444e-06 0)
(-3.1345298e-10 -1.7227479e-06 0)
(-3.2466605e-09 -1.2556756e-05 0)
(3.4272106e-09 -1.2557189e-05 0)
(3.7840407e-10 -1.7237993e-06 0)
(3.2237766e-09 8.1095853e-06 0)
(-6.2026372e-10 6.1704694e-06 0)
(-8.7914719e-10 6.1713298e-06 0)
(-9.9805425e-12 8.1111817e-06 0)
(-4.1821372e-09 -1.7228692e-06 0)
(1.1757752e-09 -1.2557618e-05 0)
(-1.03566e-09 -1.2558041e-05 0)
(4.3466958e-09 -1.7238915e-06 0)
(3.2952233e-12 8.11015e-06 0)
(9.1347462e-10 6.1708924e-06 0)
(6.003974e-10 6.171721e-06 0)
(-2.9957853e-09 8.1117089e-06 0)
(-1.4853392e-10 -1.7229956e-06 0)
(-3.1586012e-09 -1.2558446e-05 0)
(3.3371719e-09 -1.2558856e-05 0)
(2.1236049e-10 -1.7239917e-06 0)
(3.1006838e-09 8.1107064e-06 0)
(-6.290014e-10 6.1712955e-06 0)
(-8.6657881e-10 6.1721008e-06 0)
(1.0036204e-10 8.1122062e-06 0)
(-4.0110224e-09 -1.7231089e-06 0)
(1.248736e-09 -1.2559246e-05 0)
(-1.1112239e-09 -1.2559646e-05 0)
(4.1732359e-09 -1.7240759e-06 0)
(-1.0769284e-10 8.1112305e-06 0)
(9.00622e-10 6.1716878e-06 0)
(6.0878281e-10 6.1724627e-06 0)
(-2.8805268e-09 8.1126936e-06 0)
(7.1596223e-12 -1.7232265e-06 0)
(-3.0761366e-09 -1.2560013e-05 0)
(3.2510803e-09 -1.25604e-05 0)
(5.4366715e-11 -1.7241681e-06 0)
(2.9838816e-09 8.1117468e-06 0)
(-6.3730921e-10 6.1720612e-06 0)
(-8.5472174e-10 6.1728136e-06 0)
(2.0469943e-10 8.1131531e-06 0)
(-3.8495803e-09 -1.723332e-06 0)
(1.3171313e-09 -1.2560753e-05 0)
(-1.1837213e-09 -1.2561131e-05 0)
(4.0084046e-09 -1.7242449e-06 0)
(-2.1312484e-10 8.1122323e-06 0)
(8.8846881e-10 6.1724244e-06 0)
(6.1674276e-10 6.1731478e-06 0)
(-2.7716341e-09 8.1136029e-06 0)
(1.5421585e-10 -1.723441e-06 0)
(-2.9988621e-09 -1.2561462e-05 0)
(3.1688366e-09 -1.2561828e-05 0)
(-9.5947559e-11 -1.7243296e-06 0)
(2.8730642e-09 8.1127104e-06 0)
(-6.4521301e-10 6.1727696e-06 0)
(-8.4353503e-10 6.1734715e-06 0)
(3.0341764e-10 8.1140269e-06 0)
(-3.6971888e-09 -1.7235391e-06 0)
(1.3813337e-09 -1.2562145e-05 0)
(-1.2532352e-09 -1.2562502e-05 0)
(3.8517869e-09 -1.7243995e-06 0)
(-3.1329816e-10 8.1131591e-06 0)
(8.7697904e-10 6.1731052e-06 0)
(6.2430898e-10 6.1737794e-06 0)
(-2.6686967e-09 8.1144412e-06 0)
(2.9323458e-10 -1.7236398e-06 0)
(-2.9263777e-09 -1.25628e-05 0)
(3.0903146e-09 -1.2563144e-05 0)
(-2.389873e-10 -1.7244772e-06 0)
(2.7679047e-09 8.1136009e-06 0)
(-6.5274027e-10 6.1734236e-06 0)
(-8.3297687e-10 6.1740772e-06 0)
(3.9691018e-10 8.1148315e-06 0)
(-3.5532186e-09 -1.7237308e-06 0)
(1.4417092e-09 -1.2563429e-05 0)
(-1.3198742e-09 -1.2563766e-05 0)
(3.7029369e-09 -1.7245407e-06 0)
(-4.0852821e-10 8.1140147e-06 0)
(8.6611515e-10 6.173733e-06 0)
(6.3151381e-10 6.1743603e-06 0)
(-2.5712991e-09 8.1152123e-06 0)
(4.2481894e-10 -1.7238236e-06 0)
(-2.8582925e-09 -1.2564032e-05 0)
(3.0153644e-09 -1.2564356e-05 0)
(-3.7518415e-10 -1.7246118e-06 0)
(2.6680608e-09 8.114422e-06 0)
(-6.5991966e-10 6.174026e-06 0)
(-8.2300549e-10 6.1746337e-06 0)
(4.8557282e-10 8.1155708e-06 0)
(-3.4170414e-09 -1.7239076e-06 0)
(1.498613e-09 -1.256461e-05 0)
(-1.3837686e-09 -1.2564927e-05 0)
(3.5613861e-09 -1.7246694e-06 0)
(-4.9914299e-10 8.1148025e-06 0)
(8.5583864e-10 6.1743103e-06 0)
(6.3838963e-10 6.1748933e-06 0)
(-2.4790266e-09 8.1159197e-06 0)
(5.4956785e-10 -1.7239928e-06 0)
(-2.7942285e-09 -1.2565164e-05 0)
(2.9438171e-09 -1.2565468e-05 0)
(-5.0498875e-10 -1.7247345e-06 0)
(2.5731806e-09 8.1151768e-06 0)
(-6.6678061e-10 6.1745792e-06 0)
(-8.135793e-10 6.1751435e-06 0)
(5.6979897e-10 8.116248e-06 0)
(-3.2880367e-09 -1.7240702e-06 0)
(1.5523869e-09 -1.2565693e-05 0)
(-1.4450667e-09 -1.2565991e-05 0)
(3.4266513e-09 -1.7247864e-06 0)
(-5.8547802e-10 8.1155257e-06 0)
(8.461107e-10 6.1748398e-06 0)
(6.4496861e-10 6.1753807e-06 0)
(-2.3914692e-09 8.1165669e-06 0)
(6.6807073e-10 -1.7241481e-06 0)
(-2.7338227e-09 -1.2566199e-05 0)
(2.8754884e-09 -1.2566485e-05 0)
(-6.288639e-10 -1.7248458e-06 0)
(2.482907e-09 8.1158687e-06 0)
(-6.7335289e-10 6.1750857e-06 0)
(-8.0465752e-10 6.1756088e-06 0)
(6.499763e-10 8.1168665e-06 0)
(-3.1655971e-09 -1.7242192e-06 0)
(1.6033575e-09 -1.2566682e-05 0)
(-1.5039311e-09 -1.2566963e-05 0)
(3.2982409e-09 -1.7248925e-06 0)
(-6.6787221e-10 8.1161874e-06 0)
(8.3689251e-10 6.1753237e-06 0)
(6.5128246e-10 6.1758248e-06 0)
(-2.3082253e-09 8.1171567e-06 0)
(7.8090254e-10 -1.7242901e-06 0)
(-2.6767292e-09 -1.2567144e-05 0)
(2.8101822e-09 -1.2567413e-05 0)
(-7.4727842e-10 -1.7249464e-06 0)
(2.3968826e-09 8.1165004e-06 0)
(-6.7966612e-10 6.1755476e-06 0)
(-7.9620034e-10 6.1760319e-06 0)
(7.2648359e-10 8.1174291e-06 0)
(-3.0491325e-09 -1.724355e-06 0)
(1.6518354e-09 -1.2567583e-05 0)
(-1.5605351e-09 -1.2567847e-05 0)
(3.1756611e-09 -1.7249883e-06 0)
(-7.4666401e-10 8.1167902e-06 0)
(8.2814587e-10 6.175764e-06 0)
(6.5736223e-10 6.1762276e-06 0)
(-2.2289043e-09 8.117692e-06 0)
(8.8862028e-10 -1.7244191e-06 0)
(-2.6226205e-09 -1.2568002e-05 0)
(2.7476949e-09 -1.2568255e-05 0)
(-8.607016e-10 -1.7250371e-06 0)
(2.3147526e-09 8.1170746e-06 0)
(-6.8574984e-10 6.175967e-06 0)
(-7.8816912e-10 6.1764147e-06 0)
(7.9968808e-10 8.1179384e-06 0)
(-2.9380739e-09 -1.7244782e-06 0)
(1.6981135e-09 -1.2568399e-05 0)
(-1.6150599e-09 -1.2568648e-05 0)
(3.0584214e-09 -1.7250743e-06 0)
(-8.221879e-10 8.1173369e-06 0)
(8.1983325e-10 6.1761628e-06 0)
(6.6323804e-10 6.176591e-06 0)
(-2.1531291e-09 8.1181751e-06 0)
(9.9175982e-10 -1.7245358e-06 0)
(-2.5711873e-09 -1.2568777e-05 0)
(2.6878183e-09 -1.2569015e-05 0)
(-9.6959823e-10 -1.7251182e-06 0)
(2.2361686e-09 8.1175938e-06 0)
(-6.9163292e-10 6.1763457e-06 0)
(-7.805268e-10 6.1767589e-06 0)
(8.6994375e-10 8.1183967e-06 0)
(-2.8318759e-09 -1.7245891e-06 0)
(1.7424678e-09 -1.2569133e-05 0)
(-1.6676907e-09 -1.2569368e-05 0)
(2.9460395e-09 -1.725151e-06 0)
(-8.9477164e-10 8.1178296e-06 0)
(8.1191828e-10 6.1765217e-06 0)
(6.6893899e-10 6.1769166e-06 0)
(-2.080538e-09 8.1186084e-06 0)
(1.0908336e-09 -1.7246405e-06 0)
(-2.5221399e-09 -1.2569472e-05 0)
(2.630343e-09 -1.2569696e-05 0)
(-1.0744242e-09 -1.7251903e-06 0)
(2.1607916e-09 8.1180601e-06 0)
(-6.9734363e-10 6.1766853e-06 0)
(-7.7323787e-10 6.1770661e-06 0)
(9.3758931e-10 8.1188061e-06 0)
(-2.7300188e-09 -1.7246883e-06 0)
(1.7851565e-09 -1.2569789e-05 0)
(-1.718614e-09 -1.2570012e-05 0)
(2.8380453e-09 -1.7252189e-06 0)
(-9.6473353e-10 8.1182705e-06 0)
(8.043658e-10 6.1768422e-06 0)
(6.7449297e-10 6.177206e-06 0)
(-2.0107863e-09 8.1189938e-06 0)
(1.1863288e-09 -1.7247336e-06 0)
(-2.4752073e-09 -1.257009e-05 0)
(2.5750611e-09 -1.2570302e-05 0)
(-1.1756221e-09 -1.7252537e-06 0)
(2.0882941e-09 8.1184756e-06 0)
(-7.0290922e-10 6.1769873e-06 0)
(-7.6626866e-10 6.1773376e-06 0)
(1.0029468e-09 8.1191686e-06 0)
(-2.6320112e-09 -1.7247762e-06 0)
(1.8264204e-09 -1.257037e-05 0)
(-1.7680149e-09 -1.2570581e-05 0)
(2.7339856e-09 -1.7252783e-06 0)
(-1.0323798e-09 8.1186614e-06 0)
(7.9714232e-10 6.1771259e-06 0)
(6.7992658e-10 6.1774602e-06 0)
(-1.9435481e-09 8.119333e-06 0)
(1.2787052e-09 -1.7248156e-06 0)
(-2.4301378e-09 -1.2570635e-05 0)
(2.5217697e-09 -1.2570835e-05 0)
(-1.2736177e-09 -1.7253088e-06 0)
(2.018363e-09 8.118842e-06 0)
(-7.0835583e-10 6.1772531e-06 0)
(-7.5958746e-10 6.1775747e-06 0)
(1.06632e-09 8.1194856e-06 0)
(-2.5373906e-09 -1.724853e-06 0)
(1.8664831e-09 -1.2570878e-05 0)
(-1.816074e-09 -1.2571079e-05 0)
(2.6334271e-09 -1.7253295e-06 0)
(-1.0980026e-09 8.1190041e-06 0)
(7.9021604e-10 6.1773739e-06 0)
(6.8526487e-10 6.1776806e-06 0)
(-1.8785171e-09 8.1196276e-06 0)
(1.3683938e-09 -1.7248867e-06 0)
(-2.3866984e-09 -1.2571108e-05 0)
(2.4702729e-09 -1.2571298e-05 0)
(-1.368816e-09 -1.7253559e-06 0)
(1.9507015e-09 8.1191609e-06 0)
(-7.1370831e-10 6.1774837e-06 0)
(-7.5316458e-10 6.1777784e-06 0)
(1.1279934e-09 8.1197586e-06 0)
(-2.4457259e-09 -1.7249192e-06 0)
(1.9055511e-09 -1.2571316e-05 0)
(-1.862965e-09 -1.2571507e-05 0)
(2.5359608e-09 -1.7253728e-06 0)
(-1.1618775e-09 8.1192999e-06 0)
(7.835571e-10 6.1775872e-06 0)
(6.9053132e-10 6.1778681e-06 0)
(-1.8154084e-09 8.1198788e-06 0)
(1.4557954e-09 -1.7249472e-06 0)
(-2.3446748e-09 -1.2571511e-05 0)
(2.4203853e-09 -1.2571692e-05 0)
(-1.461598e-09 -1.7253952e-06 0)
(1.8850316e-09 8.1194337e-06 0)
(-7.1899004e-10 6.1776802e-06 0)
(-7.4697254e-10 6.1779497e-06 0)
(1.1882307e-09 8.1199889e-06 0)
(-2.3566187e-09 -1.7249749e-06 0)
(1.943814e-09 -1.2571685e-05 0)
(-1.9088517e-09 -1.2571868e-05 0)
(2.441205e-09 -1.7254084e-06 0)
(-1.2242617e-09 8.1195502e-06 0)
(7.771377e-10 6.177767e-06 0)
(6.9574768e-10 6.1780235e-06 0)
(-1.7539596e-09 8.1200878e-06 0)
(1.5412786e-09 -1.7249975e-06 0)
(-2.3038711e-09 -1.2571846e-05 0)
(2.3719335e-09 -1.257202e-05 0)
(-1.5523167e-09 -1.7254269e-06 0)
(1.821096e-09 8.1196615e-06 0)
(-7.2422267e-10 6.1778435e-06 0)
(-7.4098616e-10 6.1780892e-06 0)
(1.2472731e-09 8.1201775e-06 0)
(-2.2697042e-09 -1.7250204e-06 0)
(1.9814444e-09 -1.2571987e-05 0)
(-1.9538859e-09 -1.2572163e-05 0)
(2.3488087e-09 -1.7254365e-06 0)
(-1.2853914e-09 8.1197561e-06 0)
(7.7093241e-10 6.1779139e-06 0)
(7.0093364e-10 6.1781476e-06 0)
(-1.6939322e-09 8.1202555e-06 0)
(1.6251785e-09 -1.7250378e-06 0)
(-2.2641097e-09 -1.2572116e-05 0)
(2.3247597e-09 -1.2572283e-05 0)
(-1.6412939e-09 -1.7254512e-06 0)
(1.7586603e-09 8.1198454e-06 0)
(-7.2942603e-10 6.1779743e-06 0)
(-7.3518276e-10 6.1781977e-06 0)
(1.3053385e-09 8.1203252e-06 0)
(-2.184654e-09 -1.725056e-06 0)
(2.0185981e-09 -1.2572223e-05 0)
(-1.998204e-09 -1.2572393e-05 0)
(2.2584559e-09 -1.7254572e-06 0)
(-1.3454797e-09 8.1199186e-06 0)
(7.649182e-10 6.1780286e-06 0)
(7.0610683e-10 6.1782409e-06 0)
(-1.6351128e-09 8.1203828e-06 0)
(1.7077947e-09 -1.7250681e-06 0)
(-2.2252312e-09 -1.257232e-05 0)
(2.2787238e-09 -1.2572481e-05 0)
(-1.7288161e-09 -1.7254681e-06 0)
(1.6975156e-09 8.1199863e-06 0)
(-7.346179e-10 6.1780732e-06 0)
(-7.2954224e-10 6.1782757e-06 0)
(1.3626193e-09 8.1204327e-06 0)
(-2.101177e-09 -1.7250819e-06 0)
(2.0554139e-09 -1.2572396e-05 0)
(-2.0419247e-09 -1.2572561e-05 0)
(2.1698687e-09 -1.7254706e-06 0)
(-1.4047143e-09 8.1200384e-06 0)
(7.5907464e-10 6.1781117e-06 0)
(7.1128263e-10 6.1783039e-06 0)
(-1.5773155e-09 8.1204703e-06 0)
(1.7893888e-09 -1.7250889e-06 0)
(-2.1870948e-09 -1.2572461e-05 0)
(2.2337063e-09 -1.2572617e-05 0)
(-1.8151306e-09 -1.7254778e-06 0)
(1.6374805e-09 8.1200849e-06 0)
(-7.3981371e-10 6.1781408e-06 0)
(-7.2404721e-10 6.1783236e-06 0)
(1.4192805e-09 8.1205008e-06 0)
(-2.019022e-09 -1.7250981e-06 0)
(2.0920135e-09 -1.2572505e-05 0)
(-2.0851459e-09 -1.2572666e-05 0)
(2.0828118e-09 -1.7254768e-06 0)
(-1.4632547e-09 8.1201163e-06 0)
(7.5338421e-10 6.1781638e-06 0)
(7.1647376e-10 6.178337e-06 0)
(-1.5203827e-09 8.1205185e-06 0)
(1.870183e-09 -1.7251001e-06 0)
(-2.1495775e-09 -1.2572539e-05 0)
(2.189611e-09 -1.2572692e-05 0)
(-1.9004413e-09 -1.7254803e-06 0)
(1.5784039e-09 8.1201419e-06 0)
(-7.4502634e-10 6.1781775e-06 0)
(-7.1868321e-10 6.1783418e-06 0)
(1.4754584e-09 8.1205298e-06 0)
(-1.9379796e-09 -1.7251049e-06 0)
(2.1285014e-09 -1.2572551e-05 0)
(-2.1279416e-09 -1.2572709e-05 0)
(1.9970963e-09 -1.7254759e-06 0)
(-1.5212294e-09 8.1201528e-06 0)
(7.4783234e-10 6.1781851e-06 0)
(7.2169017e-10 6.1783406e-06 0)
(-1.4641874e-09 8.1205278e-06 0)
(1.9503566e-09 -1.7251019e-06 0)
(-2.112575e-09 -1.2572555e-05 0)
(2.1463683e-09 -1.2572704e-05 0)
(-1.9849041e-09 -1.7254757e-06 0)
(1.5201677e-09 8.1201578e-06 0)
(-7.5026587e-10 6.1781837e-06 0)
(-7.134389e-10 6.1783306e-06 0)
(1.531258e-09 8.1205202e-06 0)
(-1.8578845e-09 -1.7251024e-06 0)
(2.1649642e-09 -1.2572536e-05 0)
(-2.1703585e-09 -1.2572692e-05 0)
(1.9125842e-09 -1.7254678e-06 0)
(-1.5787332e-09 8.1201485e-06 0)
(7.4240784e-10 6.1781761e-06 0)
(7.2693871e-10 6.1783149e-06 0)
(-1.4086348e-09 8.1204987e-06 0)
(2.0300447e-09 -1.7250945e-06 0)
(-2.0760009e-09 -1.2572509e-05 0)
(2.1039377e-09 -1.2572657e-05 0)
(-2.0686226e-09 -1.7254639e-06 0)
(1.4626895e-09 8.1201331e-06 0)
(-7.5553909e-10 6.1781597e-06 0)
(-7.0830614e-10 6.1782903e-06 0)
(1.5867511e-09 8.1204723e-06 0)
(-1.7786176e-09 -1.7250908e-06 0)
(2.2014707e-09 -1.257246e-05 0)
(-2.212413e-09 -1.2572614e-05 0)
(1.8291927e-09 -1.7254526e-06 0)
(-1.6358242e-09 8.1201039e-06 0)
(7.3710281e-10 6.178137e-06 0)
(7.3222291e-10 6.1782602e-06 0)
(-1.3536646e-09 8.1204315e-06 0)
(2.1093347e-09 -1.7250781e-06 0)
(-2.0397871e-09 -1.2572403e-05 0)
(2.0623116e-09 -1.2572549e-05 0)
(-2.1516428e-09 -1.725445e-06 0)
(1.4059253e-09 8.1200683e-06 0)
(-7.6084948e-10 6.1781057e-06 0)
(-7.0328021e-10 6.1782211e-06 0)
(1.6419746e-09 8.1203863e-06 0)
(-1.7001081e-09 -1.7250701e-06 0)
(2.2380717e-09 -1.2572323e-05 0)
(-2.2540873e-09 -1.2572477e-05 0)
(1.7468993e-09 -1.7254302e-06 0)
(-1.6925205e-09 8.1200193e-06 0)
(7.3191318e-10 6.1780682e-06 0)
(7.3754264e-10 6.1781767e-06 0)
(-1.2992521e-09 8.1203264e-06 0)
(2.1882647e-09 -1.7250527e-06 0)
(-2.0038835e-09 -1.2572236e-05 0)
(2.021518e-09 -1.2572382e-05 0)
(-2.2339487e-09 -1.7254189e-06 0)
(1.3498728e-09 8.1199638e-06 0)
(-7.6619661e-10 6.1780222e-06 0)
(-6.983599e-10 6.1781231e-06 0)
(1.696928e-09 8.1202626e-06 0)
(-1.6223352e-09 -1.7250405e-06 0)
(2.2748005e-09 -1.2572126e-05 0)
(-2.2953258e-09 -1.257228e-05 0)
(1.6657453e-09 -1.7254006e-06 0)
(-1.7487973e-09 8.1198953e-06 0)
(7.2683871e-10 6.1779699e-06 0)
(7.4289386e-10 6.1780645e-06 0)
(-1.24541e-09 8.1201838e-06 0)
(2.2668213e-09 -1.7250185e-06 0)
(-1.9682564e-09 -1.257201e-05 0)
(1.981624e-09 -1.2572156e-05 0)
(-2.3154574e-09 -1.7253856e-06 0)
(1.2945735e-09 8.1198201e-06 0)
(-7.7157591e-10 6.1779093e-06 0)
(-6.9354769e-10 6.1779967e-06 0)
(1.7515722e-09 8.1201015e-06 0)
(-1.5453295e-09 -1.7250023e-06 0)
(2.3116726e-09 -1.257187e-05 0)
(-2.3360316e-09 -1.2572025e-05 0)
(1.5858409e-09 -1.7253638e-06 0)
(-1.8045841e-09 8.1197323e-06 0)
(7.2188324e-10 6.1778424e-06 0)
(7.4826832e-10 6.177924e-06 0)
(-1.1921894e-09 8.1200038e-06 0)
(2.3449388e-09 -1.7249758e-06 0)
(-1.9328885e-09 -1.2571724e-05 0)
(1.942739e-09 -1.2571872e-05 0)
(-2.3960147e-09 -1.725345e-06 0)
(1.2401154e-09 8.1196376e-06 0)
(-7.7697839e-10 6.1777675e-06 0)
(-6.8884976e-10 6.177842e-06 0)
(1.8058285e-09 8.1199032e-06 0)
(-1.4691729e-09 -1.7249555e-06 0)
(2.3486876e-09 -1.2571556e-05 0)
(-2.3760628e-09 -1.2571711e-05 0)
(1.507368e-09 -1.7253197e-06 0)
(-1.8597619e-09 8.119531e-06 0)
(7.1705487e-10 6.1776861e-06 0)
(7.5365342e-10 6.1777554e-06 0)
(-1.1396799e-09 8.1197868e-06 0)
(2.4224984e-09 -1.7249247e-06 0)
(-1.897776e-09 -1.2571381e-05 0)
(1.9050172e-09 -1.257153e-05 0)
(-2.475392e-09 -1.725297e-06 0)
(1.1866347e-09 8.1194171e-06 0)
(-7.823902e-10 6.177597e-06 0)
(-6.8427596e-10 6.1776594e-06 0)
(1.8595782e-09 8.119668e-06 0)
(-1.3939974e-09 -1.7249005e-06 0)
(2.3858306e-09 -1.2571184e-05 0)
(-2.4152294e-09 -1.257134e-05 0)
(1.4305831e-09 -1.7252682e-06 0)
(-1.9141619e-09 8.1192919e-06 0)
(7.1236593e-10 6.1775014e-06 0)
(7.5903207e-10 6.177559e-06 0)
(-1.0880088e-09 8.1195333e-06 0)
(2.4993305e-09 -1.7248655e-06 0)
(-1.862926e-09 -1.257098e-05 0)
(1.8686607e-09 -1.257113e-05 0)
(-2.5532829e-09 -1.7252416e-06 0)
(1.1343168e-09 8.1191593e-06 0)
(-7.8779245e-10 6.1773983e-06 0)
(-6.7983969e-10 6.1774492e-06 0)
(1.9126637e-09 8.1193965e-06 0)
(-1.3199827e-09 -1.7248375e-06 0)
(2.4230747e-09 -1.2570755e-05 0)
(-2.4532903e-09 -1.2570913e-05 0)
(1.3558187e-09 -1.7252092e-06 0)
(-1.9675641e-09 8.1190158e-06 0)
(7.0783313e-10 6.1772888e-06 0)
(7.6438259e-10 6.1773352e-06 0)
(-1.0373393e-09 8.1192436e-06 0)
(2.575217e-09 -1.7247986e-06 0)
(-1.8283529e-09 -1.2570524e-05 0)
(1.8339205e-09 -1.2570675e-05 0)
(-2.6293029e-09 -1.7251787e-06 0)
(1.0833963e-09 8.118865e-06 0)
(-7.9316105e-10 6.1771721e-06 0)
(-6.7555753e-10 6.1772119e-06 0)
(1.964891e-09 8.1190891e-06 0)
(-1.2473506e-09 -1.724767e-06 0)
(2.4603853e-09 -1.257027e-05 0)
(-2.4899514e-09 -1.257043e-05 0)
(1.283482e-09 -1.7251427e-06 0)
(-2.0196976e-09 8.1187039e-06 0)
(7.0347741e-10 6.177049e-06 0)
(7.6967906e-10 6.1770845e-06 0)
(-9.8786607e-10 8.1189184e-06 0)
(2.6498983e-09 -1.7247244e-06 0)
(-1.7940724e-09 -1.2570012e-05 0)
(1.8010977e-09 -1.2570165e-05 0)
(-2.7029913e-09 -1.7251082e-06 0)
(1.034155e-09 8.1185353e-06 0)
(-7.9846646e-10 6.176919e-06 0)
(-6.7144871e-10 6.176948e-06 0)
(2.0160342e-09 8.1187465e-06 0)
(-1.1763567e-09 -1.7246894e-06 0)
(2.4977254e-09 -1.2569732e-05 0)
(-2.5248653e-09 -1.2569893e-05 0)
(1.2140511e-09 -1.7250686e-06 0)
(-2.0702436e-09 8.1183573e-06 0)
(6.9932359e-10 6.1767828e-06 0)
(7.7489151e-10 6.1768077e-06 0)
(-9.3980896e-10 8.1185585e-06 0)
(2.723082e-09 -1.7246435e-06 0)
(-1.760095e-09 -1.2569448e-05 0)
(1.7705416e-09 -1.2569602e-05 0)
(-2.773815e-09 -1.7250299e-06 0)
(9.86918e-10 8.1181716e-06 0)
(-8.03674e-10 6.17664e-06 0)
(-6.6753455e-10 6.1766583e-06 0)
(2.0658428e-09 8.1183694e-06 0)
(-1.1072784e-09 -1.7246052e-06 0)
(2.5350627e-09 -1.2569142e-05 0)
(-2.5576323e-09 -1.2569304e-05 0)
(1.1480679e-09 -1.7249867e-06 0)
(-2.1188392e-09 8.1179775e-06 0)
(6.9539996e-10 6.1764911e-06 0)
(7.7998671e-10 6.1765054e-06 0)
(-8.9340396e-10 8.1181645e-06 0)
(2.7944568e-09 -1.7245565e-06 0)
(-1.7264169e-09 -1.2568832e-05 0)
(1.7426471e-09 -1.2568987e-05 0)
(-2.8411785e-09 -1.7249437e-06 0)
(9.4204662e-10 8.1177756e-06 0)
(-8.0874402e-10 6.1763361e-06 0)
(-6.6383698e-10 6.1763436e-06 0)
(2.1140523e-09 8.1179588e-06 0)
(-1.0403983e-09 -1.7245153e-06 0)
(2.5723779e-09 -1.2568502e-05 0)
(-2.5878052e-09 -1.2568663e-05 0)
(1.0861248e-09 -1.7248969e-06 0)
(-2.1650863e-09 8.1175661e-06 0)
(6.9173756e-10 6.1761751e-06 0)
(7.8492927e-10 6.1761785e-06 0)
(-8.4888993e-10 8.1177376e-06 0)
(2.8637103e-09 -1.724464e-06 0)
(-1.69301e-09 -1.2568168e-05 0)
(1.7178463e-09 -1.2568323e-05 0)
(-2.9044391e-09 -1.7248496e-06 0)
(8.9992758e-10 8.117349e-06 0)
(-8.1363246e-10 6.1760085e-06 0)
(-6.6037725e-10 6.1760048e-06 0)
(2.1603984e-09 8.1175157e-06 0)
(-9.759829e-10 -1.7244203e-06 0)
(2.6096754e-09 -1.2567815e-05 0)
(-2.6148976e-09 -1.2567974e-05 0)
(1.0288447e-09 -1.724799e-06 0)
(-2.2085639e-09 8.1171254e-06 0)
(6.88369e-10 6.1758362e-06 0)
(7.8968307e-10 6.175828e-06 0)
(-8.0649163e-10 8.1172789e-06 0)
(2.9305533e-09 -1.7243671e-06 0)
(-1.6598103e-09 -1.2567458e-05 0)
(1.696597e-09 -1.2567611e-05 0)
(-2.9629301e-09 -1.7247472e-06 0)
(8.6095707e-10 8.1168941e-06 0)
(-8.1829192e-10 6.1756589e-06 0)
(-6.5717382e-10 6.1756431e-06 0)
(2.2046361e-09 8.1170413e-06 0)
(-9.1425475e-10 -1.7243212e-06 0)
(2.6469937e-09 -1.2567084e-05 0)
(-2.6383995e-09 -1.256724e-05 0)
(9.7685227e-10 -1.7246928e-06 0)
(-2.2488466e-09 8.1166576e-06 0)
(6.853271e-10 6.175476e-06 0)
(7.9421343e-10 6.1754551e-06 0)
(-7.6639777e-10 8.1167895e-06 0)
(2.9947484e-09 -1.7242668e-06 0)
(-1.6267059e-09 -1.2566706e-05 0)
(1.6793614e-09 -1.2566854e-05 0)
(-3.0159949e-09 -1.7246364e-06 0)
(8.2551826e-10 8.1164135e-06 0)
(-8.2267301e-10 6.1752888e-06 0)
(-6.5423974e-10 6.1752596e-06 0)
(2.2465634e-09 8.1165368e-06 0)
(-8.5535998e-10 -1.7242191e-06 0)
(2.6844163e-09 -1.2566312e-05 0)
(-2.6578016e-09 -1.2566461e-05 0)
(9.307318e-10 -1.7245781e-06 0)
(-2.2855302e-09 8.1161654e-06 0)
(6.8264259e-10 6.1750963e-06 0)
(7.9848981e-10 6.1750611e-06 0)
(-7.2873414e-10 8.1162708e-06 0)
(3.0561459e-09 -1.7241642e-06 0)
(-1.593527e-09 -1.2565914e-05 0)
(1.6665758e-09 -1.2566056e-05 0)
(-3.063036e-09 -1.7245168e-06 0)
(7.9394996e-10 8.1159099e-06 0)
(-8.2672677e-10 6.1749002e-06 0)
(-6.5157942e-10 6.1748556e-06 0)
(2.2860509e-09 8.1160036e-06 0)
(-7.993302e-10 -1.7241154e-06 0)
(2.7220794e-09 -1.2565503e-05 0)
(-2.6726329e-09 -1.2565643e-05 0)
(8.9096967e-10 -1.7244546e-06 0)
(-2.3182682e-09 8.1156517e-06 0)
(6.8034128e-10 6.1746991e-06 0)
(8.0248929e-10 6.1746472e-06 0)
(-6.935314e-10 8.1157242e-06 0)
(3.1147226e-09 -1.7240606e-06 0)
(-1.5600401e-09 -1.2565087e-05 0)
(1.6586034e-09 -1.256522e-05 0)
(-3.1035814e-09 -1.7243882e-06 0)
(7.6650475e-10 8.1153863e-06 0)
(-8.3040767e-10 6.1744952e-06 0)
(-6.4918464e-10 6.1744324e-06 0)
(2.3230758e-09 8.1154431e-06 0)
(-7.4604105e-10 -1.7240112e-06 0)
(2.7601735e-09 -1.256466e-05 0)
(-2.6825165e-09 -1.2564788e-05 0)
(8.5787553e-10 -1.7243218e-06 0)
(-2.3468193e-09 8.1151197e-06 0)
(6.7844019e-10 6.1742866e-06 0)
(8.0620076e-10 6.1742148e-06 0)
(-6.6068863e-10 8.1151509e-06 0)
(3.1706244e-09 -1.7239575e-06 0)
(-1.5259513e-09 -1.2564229e-05 0)
(1.6556669e-09 -1.2564347e-05 0)
(-3.1373762e-09 -1.7242502e-06 0)
(7.4329295e-10 8.114846e-06 0)
(-8.3367815e-10 6.174076e-06 0)
(-6.4703033e-10 6.1739914e-06 0)
(2.3577602e-09 8.1148563e-06 0)
(-6.9516984e-10 -1.7239082e-06 0)
(2.7989336e-09 -1.2563788e-05 0)
(-2.6872499e-09 -1.2563898e-05 0)
(8.3147698e-10 -1.7241794e-06 0)
(-2.3711119e-09 8.1145727e-06 0)
(6.7694217e-10 6.173861e-06 0)
(8.0962951e-10 6.173765e-06 0)
(-6.2993363e-10 8.114552e-06 0)
(3.2242076e-09 -1.7238564e-06 0)
(-1.4909232e-09 -1.2563342e-05 0)
(1.6577533e-09 -1.2563443e-05 0)
(-3.1645031e-09 -1.7241022e-06 0)
(7.242099e-10 8.1142923e-06 0)
(-8.3651464e-10 6.1736448e-06 0)
(-6.4506957e-10 6.1735336e-06 0)
(2.3904122e-09 8.1142444e-06 0)
(-6.4615695e-10 -1.7238078e-06 0)
(2.8386129e-09 -1.256289e-05 0)
(-2.6869179e-09 -1.2562977e-05 0)
(8.1138189e-10 -1.7240269e-06 0)
(-2.3913262e-09 8.1140137e-06 0)
(6.7582908e-10 6.1734245e-06 0)
(8.1280261e-10 6.173299e-06 0)
(-6.0078224e-10 8.1139285e-06 0)
(3.2760742e-09 -1.7237587e-06 0)
(-1.4546139e-09 -1.2562432e-05 0)
(1.6644838e-09 -1.2562508e-05 0)
(-3.1855389e-09 -1.7239438e-06 0)
(7.0884301e-10 8.1137281e-06 0)
(-8.3891578e-10 6.1732037e-06 0)
(-6.4322855e-10 6.17306e-06 0)
(2.4215661e-09 8.1136081e-06 0)
(-5.9817603e-10 -1.7237115e-06 0)
(2.8794315e-09 -1.256197e-05 0)
(-2.6820418e-09 -1.2562028e-05 0)
(7.9660327e-10 -1.7238637e-06 0)
(-2.4079992e-09 8.1134456e-06 0)
(6.7505267e-10 6.1729791e-06 0)
(8.1577405e-10 6.1728175e-06 0)
(-5.7250037e-10 8.1132808e-06 0)
(3.3270959e-09 -1.7236658e-06 0)
(-1.4167442e-09 -1.25615e-05 0)
(1.6749437e-09 -1.2561546e-05 0)
(-3.2017505e-09 -1.7237745e-06 0)
(6.9635674e-10 8.1131561e-06 0)
(-8.4091316e-10 6.1727546e-06 0)
(-6.4140197e-10 6.1725712e-06 0)
(2.4520187e-09 8.1129476e-06 0)
(-5.5012042e-10 -1.7236203e-06 0)
(2.9214945e-09 -1.2561028e-05 0)
(-2.6737736e-09 -1.2561051e-05 0)
(7.8534511e-10 -1.7236894e-06 0)
(-2.4221521e-09 8.1128708e-06 0)
(6.7452293e-10 6.1725265e-06 0)
(8.1862952e-10 6.1723208e-06 0)
(-5.4407278e-10 8.1126089e-06 0)
(3.3784188e-09 -1.7235786e-06 0)
(-1.3771976e-09 -1.2560548e-05 0)
(1.68747e-09 -1.2560557e-05 0)
(-3.2153293e-09 -1.7235939e-06 0)
(6.8535552e-10 8.112578e-06 0)
(-8.4258505e-10 6.1722989e-06 0)
(-6.3944915e-10 6.1720671e-06 0)
(2.4828564e-09 8.1122627e-06 0)
(-5.0061137e-10 -1.7235351e-06 0)
(2.9646765e-09 -1.2560068e-05 0)
(-2.6641286e-09 -1.2560048e-05 0)
(7.747535e-10 -1.7235036e-06 0)
(-2.4354381e-09 8.1122901e-06 0)
(6.7409404e-10 6.1720675e-06 0)
(8.2149009e-10 6.1718087e-06 0)
(-5.1418376e-10 8.1119124e-06 0)
(3.4314443e-09 -1.7234976e-06 0)
(-1.3361547e-09 -1.2559576e-05 0)
(1.6994057e-09 -1.2559541e-05 0)
(-3.2296551e-09 -1.7234018e-06 0)
(6.7373033e-10 8.1119941e-06 0)
(-8.4407273e-10 6.1718369e-06 0)
(-6.3719196e-10 6.1715472e-06 0)
(2.5154685e-09 8.1115525e-06 0)
(-4.4803244e-10 -1.7234559e-06 0)
(3.0084771e-09 -1.2559087e-05 0)
(-2.6562445e-09 -1.2559017e-05 0)
(7.6064874e-10 -1.7233063e-06 0)
(-2.4503029e-09 8.1117032e-06 0)
(6.7354778e-10 6.1716021e-06 0)
(8.2451361e-10 6.17128e-06 0)
(-4.8121388e-10 8.1111898e-06 0)
(3.4877847e-09 -1.7234222e-06 0)
(-1.2942492e-09 -1.2558582e-05 0)
(1.7068414e-09 -1.2558496e-05 0)
(-3.2495651e-09 -1.7231984e-06 0)
(6.5850082e-10 8.1114029e-06 0)
(-8.4559908e-10 6.1713678e-06 0)
(-6.3441503e-10 6.1710099e-06 0)
(2.5515422e-09 8.1108151e-06 0)
(-3.9058755e-10 -1.7233815e-06 0)
(3.0518651e-09 -1.2558081e-05 0)
(-2.6546329e-09 -1.2557956e-05 0)
(7.3727353e-10 -1.7230979e-06 0)
(-2.4701385e-09 8.111107e-06 0)
(6.7257619e-10 6.1711285e-06 0)
(8.2789356e-10 6.1707328e-06 0)
(-4.4325543e-10 8.110439e-06 0)
(3.5491993e-09 -1.7233506e-06 0)
(-1.2527198e-09 -1.255756e-05 0)
(1.7043943e-09 -1.2557418e-05 0)
(-3.2815809e-09 -1.7229842e-06 0)
(6.3567915e-10 8.1107998e-06 0)
(-8.4748748e-10 6.1708889e-06 0)
(-6.3086896e-10 6.1704527e-06 0)
(2.5930404e-09 8.1100481e-06 0)
(-3.2637004e-10 -1.7233092e-06 0)
(3.0931508e-09 -1.2557043e-05 0)
(-2.66536e-09 -1.2556857e-05 0)
(6.9711691e-10 -1.7228796e-06 0)
(-2.4993986e-09 8.1104955e-06 0)
(6.7076569e-10 6.170643e-06 0)
(8.3185477e-10 6.170164e-06 0)
(-3.9814448e-10 8.109657e-06 0)
(3.6175318e-09 -1.7232791e-06 0)
(-1.2135047e-09 -1.2556501e-05 0)
(1.6850994e-09 -1.2556299e-05 0)
(-3.3340194e-09 -1.7227611e-06 0)
(6.0019589e-10 8.1101768e-06 0)
(-8.5017711e-10 6.1703954e-06 0)
(-6.2627634e-10 6.1698721e-06 0)
(2.6421649e-09 8.1092479e-06 0)
(-2.5341576e-10 -1.7232342e-06 0)
(3.1299525e-09 -1.2555961e-05 0)
(-2.6960631e-09 -1.2555713e-05 0)
(6.3090558e-10 -1.7226534e-06 0)
(-2.5436245e-09 8.1098585e-06 0)
(6.6758787e-10 6.1701393e-06 0)
(8.3664645e-10 6.1695694e-06 0)
(-3.4350215e-10 8.10884e-06 0)
(3.6946852e-09 -1.7232018e-06 0)
(-1.1792002e-09 -1.2555389e-05 0)
(1.6405307e-09 -1.2555128e-05 0)
(-3.4168802e-09 -1.7225314e-06 0)
(5.4594886e-10 8.1095215e-06 0)
(-8.5422945e-10 6.1698793e-06 0)
(-6.2034067e-10 6.1692631e-06 0)
(2.7013194e-09 8.1084104e-06 0)
(-1.6969577e-10 -1.7231492e-06 0)
(3.159353e-09 -1.2554818e-05 0)
(-2.7556697e-09 -1.255451e-05 0)
(5.2788826e-10 -1.7224226e-06 0)
(-2.6093138e-09 8.1091809e-06 0)
(6.624042e-10 6.1696078e-06 0)
(8.4253467e-10 6.1689435e-06 0)
(-2.7677029e-10 8.1079834e-06 0)
(3.7826892e-09 -1.7231103e-06 0)
(-1.1527775e-09 -1.2554206e-05 0)
(1.5613015e-09 -1.2553891e-05 0)
(-3.5413714e-09 -1.7222992e-06 0)
(4.6605393e-10 8.108816e-06 0)
(-8.6031769e-10 6.1693293e-06 0)
(-6.1275705e-10 6.1686196e-06 0)
(2.773093e-09 8.1075301e-06 0)
(-7.2992768e-11 -1.7230443e-06 0)
(3.1783644e-09 -1.2553592e-05 0)
(-2.8536669e-09 -1.2553231e-05 0)
(3.7656342e-10 -1.722192e-06 0)
(-2.7035486e-09 8.1084424e-06 0)
(6.5449554e-10 6.1690353e-06 0)
(8.4979784e-10 6.1682792e-06 0)
(-1.9522462e-10 8.1070815e-06 0)
(3.8839254e-09 -1.7229933e-06 0)
(-1.1369461e-09 -1.2552926e-05 0)
(1.4381053e-09 -1.2552569e-05 0)
(-3.7189301e-09 -1.7220695e-06 0)
(3.5339018e-10 8.1080371e-06 0)
(-8.6918988e-10 6.1687303e-06 0)
(-6.0322431e-10 6.1679339e-06 0)
(2.8602877e-09 8.1066008e-06 0)
(3.9389158e-11 -1.7229065e-06 0)
(3.1848179e-09 -1.2552254e-05 0)
(-2.998779e-09 -1.2551856e-05 0)
(1.6600191e-10 -1.7219672e-06 0)
(-2.8332999e-09 8.1076173e-06 0)
(6.431304e-10 6.1684047e-06 0)
(8.5873087e-10 6.1675681e-06 0)
(-9.5957952e-11 8.1061274e-06 0)
(4.0015621e-09 -1.7228371e-06 0)
(-1.1330888e-09 -1.2551515e-05 0)
(1.2634349e-09 -1.2551139e-05 0)
(-3.9596167e-09 -1.7218482e-06 0)
(2.0152757e-10 8.1071564e-06 0)
(-8.8159655e-10 6.1680635e-06 0)
(-5.9146237e-10 6.1671967e-06 0)
(2.9660025e-09 8.1056146e-06 0)
(1.7108206e-10 -1.7227211e-06 0)
(3.1787372e-09 -1.255077e-05 0)
(-3.1969878e-09 -1.2550358e-05 0)
(-1.121288e-10 -1.7217548e-06 0)
(-3.0043482e-09 8.1066749e-06 0)
(6.2768852e-10 6.1676956e-06 0)
(8.6966281e-10 6.1668001e-06 0)
(2.4132882e-11 8.1051125e-06 0)
(4.1401848e-09 -1.7226265e-06 0)
(-1.13981e-09 -1.254994e-05 0)
(1.0340093e-09 -1.2549572e-05 0)
(-4.2698604e-09 -1.7216413e-06 0)
(6.0997926e-12 8.1061414e-06 0)
(-8.9817688e-10 6.1673071e-06 0)
(-5.7724972e-10 6.1663974e-06 0)
(3.0937356e-09 8.1045613e-06 0)
(3.2715224e-10 -1.7224722e-06 0)
(3.1641056e-09 -1.2549102e-05 0)
(-3.4490105e-09 -1.2548707e-05 0)
(-4.6084101e-10 -1.7215607e-06 0)
(-3.2198168e-09 8.1055821e-06 0)
(6.0785951e-10 6.1668849e-06 0)
(8.8298508e-10 6.1659633e-06 0)
(1.682217e-10 8.1040256e-06 0)
(4.3064471e-09 -1.7223466e-06 0)
(-1.1513813e-09 -1.2548159e-05 0)
(7.5373085e-10 -1.2547839e-05 0)
(-4.6496988e-09 -1.7214535e-06 0)
(-2.3336894e-10 8.104958e-06 0)
(-9.1930296e-10 6.1664376e-06 0)
(-5.6052076e-10 6.1655231e-06 0)
(3.2473396e-09 8.103428e-06 0)
(5.1425101e-10 -1.7221454e-06 0)
(3.1506521e-09 -1.2547212e-05 0)
(-3.7476481e-09 -1.2546871e-05 0)
(-8.7458264e-10 -1.7213888e-06 0)
(-3.478396e-09 8.1043058e-06 0)
(5.839418e-10 6.1659491e-06 0)
(8.9916012e-10 6.1650441e-06 0)
(3.3894429e-10 8.102852e-06 0)
(4.509249e-09 -1.7219851e-06 0)
(-1.1567681e-09 -1.2546134e-05 0)
(4.3667049e-10 -1.2545906e-05 0)
(-5.0898842e-09 -1.7212862e-06 0)
(-5.112304e-10 8.1035745e-06 0)
(-9.4488197e-10 6.1654325e-06 0)
(-5.4161783e-10 6.1645597e-06 0)
(3.4303943e-09 8.1021975e-06 0)
(7.3958808e-10 -1.7217307e-06 0)
(3.1548231e-09 -1.2545063e-05 0)
(-4.0758111e-09 -1.2544815e-05 0)
(-1.3358567e-09 -1.7212394e-06 0)
(-3.7723887e-09 8.1028183e-06 0)
(5.5728488e-10 6.1648671e-06 0)
(9.1861202e-10 6.1640276e-06 0)
(5.3658163e-10 8.1015726e-06 0)
(4.7584109e-09 -1.721536e-06 0)
(-1.1404676e-09 -1.2543831e-05 0)
(1.0917681e-10 -1.2543741e-05 0)
(-5.5694165e-09 -1.7211356e-06 0)
(-8.1311325e-10 8.1019669e-06 0)
(-9.740925e-10 6.1642739e-06 0)
(-5.2189213e-10 6.163492e-06 0)
(3.6440644e-09 8.100849e-06 0)
(1.0072606e-09 -1.7212262e-06 0)
(3.1984942e-09 -1.2542626e-05 0)
(-4.4064093e-09 -1.2542509e-05 0)
(-1.8122095e-09 -1.7211068e-06 0)
(-4.0856158e-09 8.1011029e-06 0)
(5.3096576e-10 6.163625e-06 0)
(9.4124919e-10 6.1628996e-06 0)
(7.5472541e-10 8.1001647e-06 0)
(5.0600491e-09 -1.7210028e-06 0)
(-1.0869364e-09 -1.2541227e-05 0)
(-1.9016335e-10 -1.2541319e-05 0)
(-6.0540096e-09 -1.7209918e-06 0)
(-1.1128086e-09 8.1001253e-06 0)
(-1.0049364e-09 6.1629539e-06 0)
(-5.0501107e-10 6.1623077e-06 0)
(3.8817487e-09 8.0993595e-06 0)
(1.3098313e-09 -1.7206418e-06 0)
(3.3034124e-09 -1.2539889e-05 0)
(-4.7053592e-09 -1.2539931e-05 0)
(-2.2539939e-09 -1.7209801e-06 0)
(-4.3907828e-09 8.0991608e-06 0)
(5.1090111e-10 6.1622217e-06 0)
(9.6509659e-10 6.1616516e-06 0)
(9.7149035e-10 8.0986059e-06 0)
(5.406181e-09 -1.7204019e-06 0)
(-9.9041742e-10 -1.2538323e-05 0)
(-4.1407836e-10 -1.2538626e-05 0)
(-6.4955399e-09 -1.7208399e-06 0)
(-1.3680448e-09 8.0980602e-06 0)
(-1.0332608e-09 6.1614814e-06 0)
(-4.9952531e-10 6.1610049e-06 0)
(4.1181163e-09 8.0977119e-06 0)
(1.6132338e-09 -1.7200024e-06 0)
(3.4794069e-09 -1.2536867e-05 0)
(-4.9384718e-09 -1.253708e-05 0)
(-2.5931978e-09 -1.7208471e-06 0)
(-4.6451489e-09 8.097018e-06 0)
(5.0777055e-10 6.1606775e-06 0)
(9.8314997e-10 6.1602936e-06 0)
(1.1345608e-09 8.0968843e-06 0)
(5.756859e-09 -1.7197648e-06 0)
(-8.7046563e-10 -1.2535152e-05 0)
(-5.1510788e-10 -1.2535682e-05 0)
(-6.8322192e-09 -1.7206673e-06 0)
(-1.5143524e-09 8.0958089e-06 0)
(-1.050529e-09 6.1598936e-06 0)
(-5.2326563e-10 6.1596093e-06 0)
(4.2910471e-09 8.0959091e-06 0)
(1.8366937e-09 -1.7193514e-06 0)
(3.7065752e-09 -1.2533618e-05 0)
(-5.0822966e-09 -1.2533995e-05 0)
(-2.7450736e-09 -1.7207061e-06 0)
(-4.7833197e-09 8.0947309e-06 0)
(5.4022314e-10 6.1590473e-06 0)
(9.7746555e-10 6.1588775e-06 0)
(1.1423616e-09 8.0950166e-06 0)
(6.0194323e-09 -1.7191415e-06 0)
(-7.8788692e-10 -1.2531802e-05 0)
(-4.6132257e-10 -1.2532559e-05 0)
(-6.9920951e-09 -1.7204793e-06 0)
(-1.458609e-09 8.0934388e-06 0)
(-1.0393773e-09 6.1582711e-06 0)
(-6.0931709e-10 6.1582044e-06 0)
(4.2823407e-09 8.0939961e-06 0)
(1.8426263e-09 -1.7187552e-06 0)
(3.9194193e-09 -1.2530263e-05 0)
(-5.1402215e-09 -1.2530782e-05 0)
(-2.6227652e-09 -1.720588e-06 0)
(-4.7109958e-09 8.0923877e-06 0)
(6.392642e-10 6.1574394e-06 0)
(9.1083848e-10 6.1575335e-06 0)
(8.3851309e-10 8.0930688e-06 0)
(6.0508705e-09 -1.7186049e-06 0)
(-8.4220222e-10 -1.2528433e-05 0)
(-2.6707431e-10 -1.2529408e-05 0)
(-6.9176378e-09 -1.7203271e-06 0)
(-1.0855906e-09 8.0910413e-06 0)
(-9.6700397e-10 6.156761e-06 0)
(-8.1015588e-10 6.1569698e-06 0)
(3.9274486e-09 8.0920744e-06 0)
(1.4865983e-09 -1.7183105e-06 0)
(4.0202429e-09 -1.2526987e-05 0)
(-5.1748201e-09 -1.2527626e-05 0)
(-2.2027671e-09 -1.7205919e-06 0)
(-4.3240679e-09 8.090092e-06 0)
(8.5101734e-10 6.1560358e-06 0)
(7.217366e-10 6.1565044e-06 0)
(7.4927505e-11 8.0911499e-06 0)
(5.7617685e-09 -1.7182598e-06 0)
(-1.104343e-09 -1.2525246e-05 0)
(-6.3089117e-11 -1.2526444e-05 0)
(-6.6735813e-09 -1.7203431e-06 0)
(-3.2471317e-10 8.0886921e-06 0)
(-7.8120251e-10 6.1555906e-06 0)
(-1.1888175e-09 6.1561956e-06 0)
(3.1412333e-09 8.0902566e-06 0)
(8.491989e-10 -1.7181543e-06 0)
(3.9876532e-09 -1.252396e-05 0)
(-5.3956722e-09 -1.2524718e-05 0)
(-1.7428428e-09 -1.7209203e-06 0)
(-3.6298658e-09 8.0878858e-06 0)
(1.2279155e-09 6.1550865e-06 0)
(3.4047909e-10 6.156116e-06 0)
(-1.0282893e-09 8.0892932e-06 0)
(5.497441e-09 -1.7182467e-06 0)
(-1.3960316e-09 -1.25223e-05 0)
(-2.6542963e-10 -1.2523767e-05 0)
(-6.7909732e-09 -1.7207627e-06 0)
(6.0652026e-10 8.0863046e-06 0)
(-4.2559956e-10 6.1550207e-06 0)
(-1.7725866e-09 6.1561668e-06 0)
(2.340235e-09 8.0884286e-06 0)
(8.7781564e-10 -1.7184535e-06 0)
(4.1998139e-09 -1.2520973e-05 0)
(-6.3939117e-09 -1.2521894e-05 0)
(-2.3581292e-09 -1.721879e-06 0)
(-3.1389854e-09 8.0854993e-06 0)
(1.7853052e-09 6.1547816e-06 0)
(-2.3680495e-10 6.156519e-06 0)
(-1.4055959e-09 8.0870333e-06 0)
(6.9864045e-09 -1.7187015e-06 0)
(-7.8685618e-10 -1.2518882e-05 0)
(-1.9490679e-09 -1.2520736e-05 0)
(-9.1189161e-09 -1.7218727e-06 0)
(5.7222592e-10 8.0832119e-06 0)
(9.1006138e-11 6.1550868e-06 0)
(-2.4306125e-09 6.1566865e-06 0)
(3.4248628e-09 8.0855593e-06 0)
(4.7411281e-09 -1.7193101e-06 0)
(6.1248596e-09 -1.2516423e-05 0)
(-9.6642608e-09 -1.25176e-05 0)
(-7.2483727e-09 -1.7237509e-06 0)
(-4.7841703e-09 8.0816948e-06 0)
(2.385825e-09 6.1547873e-06 0)
(-7.6839653e-10 6.1568957e-06 0)
(2.292428e-09 8.0823503e-06 0)
(1.5151365e-08 -1.7195757e-06 0)
(3.3008455e-09 -1.2511941e-05 0)
(-7.5442585e-09 -1.2514369e-05 0)
(-1.8483525e-08 -1.7237677e-06 0)
(-3.7436721e-09 8.0771763e-06 0)
(5.2396318e-10 6.1548379e-06 0)
(-2.6401791e-09 6.1558602e-06 0)
(1.150669e-08 8.0781757e-06 0)
(2.0056504e-08 -1.720453e-06 0)
(1.3443045e-08 -1.2505029e-05 0)
(-1.8515061e-08 -1.2506576e-05 0)
(-2.3762782e-08 -1.7263936e-06 0)
(-1.3561676e-08 8.0728475e-06 0)
(2.5151968e-09 6.1530841e-06 0)
(-4.6022651e-10 6.1537126e-06 0)
(1.7702103e-08 8.0695893e-06 0)
(4.0711913e-08 -1.7201599e-06 0)
(1.6299648e-08 -1.2492935e-05 0)
(-2.1847233e-08 -1.2496152e-05 0)
(-4.5134995e-08 -1.725748e-06 0)
(-1.9758924e-08 8.0624558e-06 0)
(9.7824711e-11 6.1506676e-06 0)
(-1.1590616e-09 6.1477448e-06 0)
(3.7087574e-08 8.0576718e-06 0)
(6.1509139e-08 -1.7205444e-06 0)
(3.3322518e-08 -1.2473732e-05 0)
(-3.9197616e-08 -1.2475697e-05 0)
(-6.5902932e-08 -1.7283897e-06 0)
(-3.9640849e-08 8.0504307e-06 0)
(9.6249918e-10 6.1437183e-06 0)
(2.388219e-09 6.1377475e-06 0)
(5.8690846e-08 8.0362056e-06 0)
(1.0250488e-07 -1.7181573e-06 0)
(4.7471385e-08 -1.2442811e-05 0)
(-5.2945215e-08 -1.2446938e-05 0)
(-1.070185e-07 -1.7252353e-06 0)
(-6.0905227e-08 8.0267527e-06 0)
(-2.8390128e-09 6.1334563e-06 0)
(4.2506695e-09 6.1188602e-06 0)
(9.7380113e-08 8.0066298e-06 0)
(1.5209033e-07 -1.7160094e-06 0)
(7.6929502e-08 -1.2395954e-05 0)
(-8.1506981e-08 -1.2398185e-05 0)
(-1.5562161e-07 -1.7257063e-06 0)
(-9.9697722e-08 7.9975279e-06 0)
(-4.4567386e-09 6.1134366e-06 0)
(1.0534524e-08 6.0903263e-06 0)
(1.45333e-07 7.9590256e-06 0)
(2.2691653e-07 -1.7083469e-06 0)
(1.0941732e-07 -1.2326042e-05 0)
(-1.1199888e-07 -1.2330929e-05 0)
(-2.2939817e-07 -1.7163214e-06 0)
(-1.4668899e-07 7.9476532e-06 0)
(-1.0968162e-08 6.0849131e-06 0)
(1.6728466e-08 6.0446118e-06 0)
(2.1423014e-07 7.8955266e-06 0)
(3.1968477e-07 -1.6996265e-06 0)
(1.5758048e-07 -1.2226233e-05 0)
(-1.5740626e-07 -1.2228245e-05 0)
(-3.1975638e-07 -1.7102043e-06 0)
(-2.1499417e-07 7.8856293e-06 0)
(-1.682078e-08 6.0381923e-06 0)
(2.73412e-08 5.9805871e-06 0)
(2.9900285e-07 7.8022204e-06 0)
(4.4067621e-07 -1.6813397e-06 0)
(2.1441609e-07 -1.2087056e-05 0)
(-2.1024509e-07 -1.2092099e-05 0)
(-4.3814311e-07 -1.688572e-06 0)
(-2.9801442e-07 7.790611e-06 0)
(-2.7570533e-08 5.9748632e-06 0)
(3.9432707e-08 5.888307e-06 0)
(4.0567726e-07 7.6829114e-06 0)
(5.8533618e-07 -1.6597083e-06 0)
(2.8488762e-07 -1.1899987e-05 0)
(-2.7598428e-07 -1.1900905e-05 0)
(-5.7889501e-07 -1.6689578e-06 0)
(-4.0322902e-07 7.6746627e-06 0)
(-3.9243005e-08 5.8821238e-06 0)
(5.5356603e-08 5.7672565e-06 0)
(5.3008829e-07 7.520837e-06 0)
(7.5408454e-07 -1.623587e-06 0)
(3.6634198e-07 -1.1655068e-05 0)
(-3.5177938e-07 -1.1659139e-05 0)
(-7.4360909e-07 -1.6273359e-06 0)
(-5.2519863e-07 7.5121914e-06 0)
(-5.5139736e-08 5.7628995e-06 0)
(7.3638417e-08 5.6067576e-06 0)
(6.6980543e-07 7.3233895e-06 0)
(9.4178355e-07 -1.5812858e-06 0)
(4.5447477e-07 -1.1345178e-05 0)
(-4.3396839e-07 -1.1343863e-05 0)
(-9.2650191e-07 -1.5858681e-06 0)
(-6.6268239e-07 7.3205259e-06 0)
(-7.2983988e-08 5.602958e-06 0)
(9.4030665e-08 5.4089947e-06 0)
(8.1880307e-07 7.0740715e-06 0)
(1.1357516e-06 -1.5201798e-06 0)
(5.4886124e-07 -1.0963984e-05 0)
(-5.2232342e-07 -1.0965589e-05 0)
(-1.1158221e-06 -1.5170886e-06 0)
(-8.0897705e-07 7.0727401e-06 0)
(-9.3115439e-08 5.4084567e-06 0)
(1.1634063e-07 5.1664497e-06 0)
(9.6371643e-07 6.7869041e-06 0)
(1.3263367e-06 -1.4510223e-06 0)
(6.3543546e-07 -1.0511652e-05 0)
(-6.0339662e-07 -1.0507043e-05 0)
(-1.3019576e-06 -1.4472645e-06 0)
(-9.5127967e-07 6.7936653e-06 0)
(-1.1504251e-07 5.1678299e-06 0)
(1.3707918e-07 4.8889824e-06 0)
(1.0937627e-06 6.4531615e-06 0)
(1.4857442e-06 -1.3630047e-06 0)
(7.1336327e-07 -9.9965126e-06 0)
(-6.7688849e-07 -9.9942296e-06 0)
(-1.4574813e-06 -1.3502247e-06 0)
(-1.0789977e-06 6.4635249e-06 0)
(-1.3525809e-07 4.8950615e-06 0)
(1.5614308e-07 4.5751685e-06 0)
(1.1833224e-06 6.0969391e-06 0)
(1.5943263e-06 -1.2676083e-06 0)
(7.5840846e-07 -9.4327452e-06 0)
(-7.188669e-07 -9.42422e-06 0)
(-1.563485e-06 -1.2525767e-06 0)
(-1.1661887e-06 6.1170963e-06 0)
(-1.5402402e-07 4.5849504e-06 0)
(1.7219741e-07 4.2325785e-06 0)
(1.216656e-06 5.7196199e-06 0)
(1.6072267e-06 -1.1529113e-06 0)
(7.6500533e-07 -8.8369325e-06 0)
(-7.2422683e-07 -8.829548e-06 0)
(-1.5746066e-06 -1.1283061e-06 0)
(-1.1982924e-06 5.7459381e-06 0)
(-1.6901835e-07 4.2490654e-06 0)
(2.154668e-07 3.8289587e-06 0)
(1.1670743e-06 5.2698011e-06 0)
(1.5012543e-06 -1.0213731e-06 0)
(7.0424673e-07 -8.1039133e-06 0)
(-6.6353089e-07 -8.0918682e-06 0)
(-1.4687842e-06 -9.9433895e-07 0)
(-1.1476521e-06 5.3044008e-06 0)
(-2.1168341e-07 3.849867e-06 0)
)
;

boundaryField
{
    left
    {
        type            uniformFixedValue;
        uniformValue    sine;
        uniformValueCoeffs
        {
            t0              0;
            amplitude       constant 0.0125;
            frequency       constant 1;
            scale           constant (0 1 0);
            level           constant (0 0 0);
        }
        value           uniform (0 6.0490147e-17 0);
    }
    right
    {
        type            zeroGradient;
    }
    walls
    {
        type            fixedValue;
        value           uniform (0 0 0);
    }
    frontAndBack
    {
        type            empty;
    }
}


// ************************************************************************* //
