/*--------------------------------*- C++ -*----------------------------------*\
| =========                 |                                                 |
| \\      /  F ield         | OpenFOAM: The Open Source CFD Toolbox           |
|  \\    /   O peration     | Version:  5.x                                   |
|   \\  /    A nd           | Web:      www.OpenFOAM.org                      |
|    \\/     M anipulation  |                                                 |
\*---------------------------------------------------------------------------*/
FoamFile
{
    version     2.0;
    format      ascii;
    class       volVectorField;
    location    "2";
    object      U_0;
}
// * * * * * * * * * * * * * * * * * * * * * * * * * * * * * * * * * * * * * //

dimensions      [0 1 -1 0 0 0 0];

internalField   nonuniform List<vector> 
1920
(
(-0.00037665653 -0.0034628727 0)
(-0.00068708407 -0.003925156 0)
(-0.00037367492 -0.0038939673 0)
(-0.00011732852 -0.0038905004 0)
(0.00011732883 -0.0038905004 0)
(0.00037367504 -0.0038939673 0)
(0.00068708395 -0.0039251559 0)
(0.00037665644 -0.0034628725 0)
(-0.00052011596 -0.0032076363 0)
(-0.0011328426 -0.0040335627 0)
(-0.00072317952 -0.0040869431 0)
(-0.00024537054 -0.0040893709 0)
(0.00024537111 -0.0040893709 0)
(0.00072317978 -0.0040869431 0)
(0.0011328426 -0.0040335625 0)
(0.00052011592 -0.0032076359 0)
(-0.00043560322 -0.0027956799 0)
(-0.0011200564 -0.004030948 0)
(-0.00080803281 -0.0042920101 0)
(-0.00029029364 -0.0043526263 0)
(0.00029029436 -0.0043526263 0)
(0.00080803318 -0.00429201 0)
(0.0011200565 -0.0040309479 0)
(0.00043560325 -0.0027956796 0)
(-0.00032288687 -0.0023988848 0)
(-0.00094901251 -0.0039611747 0)
(-0.00075241445 -0.0044737379 0)
(-0.00028271388 -0.0046283776 0)
(0.00028271467 -0.0046283776 0)
(0.0007524149 -0.004473738 0)
(0.00094901266 -0.0039611746 0)
(0.00032288694 -0.0023988847 0)
(-0.00022970244 -0.0020937051 0)
(-0.00074543211 -0.0038717622 0)
(-0.00063719254 -0.0046139794 0)
(-0.00024797998 -0.0048749148 0)
(0.00024798072 -0.0048749148 0)
(0.00063719301 -0.0046139794 0)
(0.00074543235 -0.0038717622 0)
(0.00022970254 -0.002093705 0)
(-0.00015895704 -0.0018740435 0)
(-0.00055828205 -0.0037862788 0)
(-0.00050768477 -0.0047150985 0)
(-0.00020349652 -0.0050774087 0)
(0.00020349717 -0.0050774088 0)
(0.00050768524 -0.0047150986 0)
(0.00055828235 -0.0037862787 0)
(0.00015895715 -0.0018740435 0)
(-0.00010736001 -0.0017186123 0)
(-0.00040397959 -0.0037131432 0)
(-0.0003873491 -0.0047853892 0)
(-0.00015905947 -0.0052354427 0)
(0.00015905997 -0.0052354427 0)
(0.00038734954 -0.0047853892 0)
(0.00040397994 -0.0037131431 0)
(0.00010736015 -0.0017186122 0)
(-7.099959e-05 -0.001610388 0)
(-0.0002847717 -0.0036545034 0)
(-0.00028574639 -0.0048329887 0)
(-0.00011993368 -0.0053543143 0)
(0.00011993404 -0.0053543143 0)
(0.00028574678 -0.0048329886 0)
(0.00028477208 -0.0036545032 0)
(7.0999729e-05 -0.0016103879 0)
(-4.6166873e-05 -0.001536508 0)
(-0.00019639031 -0.0036096589 0)
(-0.00020525459 -0.0048645129 0)
(-8.7709371e-05 -0.0054410968 0)
(8.7709584e-05 -0.0054410967 0)
(0.00020525492 -0.0048645128 0)
(0.00019639069 -0.0036096586 0)
(4.6167026e-05 -0.0015365079 0)
(-2.9523153e-05 -0.0014870082 0)
(-0.0001329529 -0.0035766021 0)
(-0.00014403666 -0.0048849731 0)
(-6.2640016e-05 -0.00550288 0)
(6.26401e-05 -0.00550288 0)
(0.00014403691 -0.0048849728 0)
(0.00013295326 -0.0035766018 0)
(2.9523301e-05 -0.0014870081 0)
(-1.8595507e-05 -0.0014543943 0)
(-8.8420069e-05 -0.0035529323 0)
(-9.9099861e-05 -0.0048980077 0)
(-4.3714105e-05 -0.0055459156 0)
(4.3714077e-05 -0.0055459154 0)
(9.9100039e-05 -0.0048980075 0)
(8.8420399e-05 -0.0035529319 0)
(1.8595656e-05 -0.0014543942 0)
(-1.1500811e-05 -0.0014332417 0)
(-5.7854962e-05 -0.0035363934 0)
(-6.6878005e-05 -0.0049061554 0)
(-2.9956343e-05 -0.0055753111 0)
(2.9956222e-05 -0.005575311 0)
(6.6878114e-05 -0.004906155 0)
(5.785525e-05 -0.003536393 0)
(1.1500948e-05 -0.0014332416 0)
(-6.9879158e-06 -0.0014197447 0)
(-3.71989e-05 -0.003525083 0)
(-4.4358999e-05 -0.0049111491 0)
(-2.0115766e-05 -0.0055950231 0)
(2.0115577e-05 -0.0055950229 0)
(4.4359036e-05 -0.0049111488 0)
(3.719914e-05 -0.0035250826 0)
(6.988039e-06 -0.0014197446 0)
(-4.1455839e-06 -0.0014112798 0)
(-2.3510455e-05 -0.0035175035 0)
(-2.8877463e-05 -0.00491414 0)
(-1.3288563e-05 -0.0056080066 0)
(1.3288316e-05 -0.0056080065 0)
(2.887745e-05 -0.0049141396 0)
(2.3510638e-05 -0.0035175032 0)
(4.1456963e-06 -0.0014112797 0)
(-2.3972652e-06 -0.0014060739 0)
(-1.4560202e-05 -0.0035125224 0)
(-1.8464866e-05 -0.0049158843 0)
(-8.601165e-06 -0.0056164027 0)
(8.6008834e-06 -0.0056164025 0)
(1.8464789e-05 -0.004915884 0)
(1.4560341e-05 -0.0035125221 0)
(2.3973544e-06 -0.0014060738 0)
(-1.3348815e-06 -0.0014029429 0)
(-8.8222636e-06 -0.0035093148 0)
(-1.15603e-05 -0.0049168658 0)
(-5.4694262e-06 -0.0056217286 0)
(5.4691124e-06 -0.0056217285 0)
(1.1560193e-05 -0.0049168654 0)
(8.8223455e-06 -0.0035093146 0)
(1.3349645e-06 -0.0014029428 0)
(-7.0833006e-07 -0.0014011118 0)
(-5.1976534e-06 -0.0035072922 0)
(-7.0776139e-06 -0.004917393 0)
(-3.3973043e-06 -0.0056250347 0)
(3.3969788e-06 -0.0056250346 0)
(7.0774587e-06 -0.0049173928 0)
(5.1977049e-06 -0.003507292 0)
(7.0838812e-07 -0.0014011117 0)
(-3.4663031e-07 -0.0014000779 0)
(-2.9588086e-06 -0.0035060481 0)
(-4.2124908e-06 -0.0049176552 0)
(-2.0612953e-06 -0.0056270371 0)
(2.0609568e-06 -0.0056270371 0)
(4.2123244e-06 -0.004917655 0)
(2.9588155e-06 -0.003506048 0)
(3.4668677e-07 -0.0014000779 0)
(-1.4672066e-07 -0.001399523 0)
(-1.6040058e-06 -0.0035053033 0)
(-2.4228437e-06 -0.00491777 0)
(-1.2113468e-06 -0.0056282132 0)
(1.2110127e-06 -0.0056282132 0)
(2.4226501e-06 -0.0049177699 0)
(1.6039965e-06 -0.0035053033 0)
(1.4675681e-07 -0.001399523 0)
(-4.1468693e-08 -0.001399247 0)
(-8.0832869e-07 -0.0035048739 0)
(-1.3285682e-06 -0.0049178052 0)
(-6.8502445e-07 -0.0056288777 0)
(6.8469735e-07 -0.0056288777 0)
(1.3283795e-06 -0.0049178052 0)
(8.0829544e-07 -0.003504874 0)
(4.1505525e-08 -0.0013992471 0)
(9.2050407e-09 -0.0013991282 0)
(-3.5695489e-07 -0.0035046372 0)
(-6.791749e-07 -0.0049178022 0)
(-3.6595873e-07 -0.0056292324 0)
(3.656513e-07 -0.0056292325 0)
(6.7898473e-07 -0.0049178023 0)
(3.5691707e-07 -0.0035046373 0)
(-9.1801406e-09 -0.0013991282 0)
(2.9933329e-08 -0.0013990927 0)
(-1.1393289e-07 -0.0035045163 0)
(-3.0671378e-07 -0.0049177821 0)
(-1.7941424e-07 -0.0056294062 0)
(1.7913348e-07 -0.0056294063 0)
(3.0654249e-07 -0.0049177824 0)
(1.1389361e-07 -0.0035045165 0)
(-2.9908055e-08 -0.0013990928 0)
(3.492849e-08 -0.0013990985 0)
(7.4351171e-09 -0.0035044612 0)
(-1.0404881e-07 -0.0049177578 0)
(-7.3862852e-08 -0.0056294778 0)
(7.3618151e-08 -0.005629478 0)
(1.0390024e-07 -0.0049177581 0)
(-7.4711672e-09 -0.0035044616 0)
(-3.4906305e-08 -0.0013990987 0)
(3.2688685e-08 -0.0013991214 0)
(5.939049e-08 -0.0035044428 0)
(-8.9919529e-10 -0.0049177343 0)
(-1.8620998e-08 -0.0056294955 0)
(1.8425921e-08 -0.0056294956 0)
(7.8060404e-10 -0.0049177347 0)
(-5.9408306e-08 -0.0035044432 0)
(-3.2667999e-08 -0.0013991216 0)
(2.7277579e-08 -0.001399149 0)
(7.5092439e-08 -0.0035044424 0)
(4.398109e-08 -0.0049177144 0)
(8.9894196e-09 -0.0056294869 0)
(-9.1346905e-09 -0.0056294871 0)
(-4.405577e-08 -0.0049177148 0)
(-7.510241e-08 -0.0035044429 0)
(-2.7252889e-08 -0.0013991492 0)
(2.1627844e-08 -0.0013991749 0)
(7.1769396e-08 -0.0035044504 0)
(5.9011383e-08 -0.0049176984 0)
(1.8965705e-08 -0.005629468 0)
(-1.9047256e-08 -0.0056294682 0)
(-5.9048834e-08 -0.0049176989 0)
(-7.1748028e-08 -0.003504451 0)
(-2.160687e-08 -0.0013991751 0)
(1.6070109e-08 -0.0013991968 0)
(6.1754343e-08 -0.0035044608 0)
(5.7075126e-08 -0.0049176863 0)
(2.2101629e-08 -0.0056294468 0)
(-2.212496e-08 -0.005629447 0)
(-5.7057425e-08 -0.0049176869 0)
(-6.1723823e-08 -0.0035044614 0)
(-1.6040955e-08 -0.0013991971 0)
(1.1881037e-08 -0.0013992141 0)
(4.8629269e-08 -0.0035044711 0)
(4.9925039e-08 -0.0049176773 0)
(1.9349867e-08 -0.0056294274 0)
(-1.9304019e-08 -0.0056294276 0)
(-4.9868359e-08 -0.0049176779 0)
(-4.8562123e-08 -0.0035044717 0)
(-1.1857307e-08 -0.0013992144 0)
(8.164636e-09 -0.0013992271 0)
(3.7335506e-08 -0.0035044798 0)
(3.9153293e-08 -0.004917671 0)
(1.6969042e-08 -0.0056294112 0)
(-1.6865356e-08 -0.0056294114 0)
(-3.9040468e-08 -0.0049176715 0)
(-3.7260534e-08 -0.0035044805 0)
(-8.1313892e-09 -0.0013992274 0)
(5.8373668e-09 -0.0013992365 0)
(2.6667067e-08 -0.0035044868 0)
(3.0445298e-08 -0.0049176664 0)
(1.2308972e-08 -0.0056293986 0)
(-1.2140623e-08 -0.0056293988 0)
(-3.0297621e-08 -0.0049176671 0)
(-2.6557145e-08 -0.0035044874 0)
(-5.810345e-09 -0.0013992369 0)
(3.6924591e-09 -0.0013992431 0)
(1.9289657e-08 -0.0035044919 0)
(2.1379804e-08 -0.0049176633 0)
(1.0039487e-08 -0.0056293891 0)
(-9.8221039e-09 -0.0056293894 0)
(-2.1183747e-08 -0.0049176639 0)
(-1.9175074e-08 -0.0035044926 0)
(-3.6567012e-09 -0.0013992434 0)
(2.6415475e-09 -0.0013992476 0)
(1.2618313e-08 -0.0035044956 0)
(1.5700357e-08 -0.0049176612 0)
(6.2725713e-09 -0.0056293823 0)
(-6.0037112e-09 -0.0056293826 0)
(-1.5478198e-08 -0.0049176618 0)
(-1.2475362e-08 -0.0035044962 0)
(-2.6119507e-09 -0.0013992479 0)
(1.463836e-09 -0.0013992505 0)
(8.7971696e-09 -0.0035044981 0)
(9.8308212e-09 -0.0049176598 0)
(5.1703491e-09 -0.0056293776 0)
(-4.8674675e-09 -0.0056293779 0)
(-9.5738937e-09 -0.0049176604 0)
(-8.6537563e-09 -0.0035044987 0)
(-1.4274982e-09 -0.0013992508 0)
(1.1228704e-09 -0.0013992523 0)
(5.0336102e-09 -0.0035044997 0)
(7.0202342e-09 -0.0049176589 0)
(2.5438499e-09 -0.0056293745 0)
(-2.2077501e-09 -0.0056293747 0)
(-6.7486016e-09 -0.0049176594 0)
(-4.8708875e-09 -0.0035045003 0)
(-1.0919942e-09 -0.0013992526 0)
(4.5676229e-10 -0.0013992533 0)
(3.4500823e-09 -0.0035045006 0)
(3.5339432e-09 -0.0049176582 0)
(2.3995251e-09 -0.0056293725 0)
(-2.0469596e-09 -0.0056293727 0)
(-3.2435419e-09 -0.0049176587 0)
(-3.2912163e-09 -0.0035045011 0)
(-4.215582e-10 -0.0013992536 0)
(4.6335405e-10 -0.0013992539 0)
(1.3697721e-09 -0.003504501 0)
(2.5545085e-09 -0.0049176578 0)
(5.7040916e-10 -0.0056293713 0)
(-2.0383361e-10 -0.0056293715 0)
(-2.2609755e-09 -0.0049176583 0)
(-1.2009191e-09 -0.0035045015 0)
(-4.3254647e-10 -0.0013992541 0)
(4.2448304e-11 -0.0013992541 0)
(9.7874061e-10 -0.0035045012 0)
(4.6731071e-10 -0.0049176575 0)
(1.0000081e-09 -0.0056293706 0)
(-6.3368096e-10 -0.0056293708 0)
(-1.7017107e-10 -0.0049176579 0)
(-8.1736948e-10 -0.0035045016 0)
(-9.5884668e-12 -0.0013992543 0)
(2.0165598e-10 -0.001399254 0)
(-2.4182625e-10 -0.003504501 0)
(4.7054031e-10 -0.0049176573 0)
(-3.7146866e-10 -0.0056293703 0)
(7.3493447e-10 -0.0056293705 0)
(-1.8003158e-10 -0.0049176577 0)
(4.0516124e-10 -0.0035045014 0)
(-1.7198479e-10 -0.0013992542 0)
(-1.0993052e-10 -0.0013992539 0)
(-6.6368823e-11 -0.0035045008 0)
(-8.9267204e-10 -0.0049176571 0)
(3.4872674e-10 -0.0056293703 0)
(1.1692901e-12 -0.0056293704 0)
(1.1746138e-09 -0.0049176575 0)
(2.1983415e-10 -0.0035045011 0)
(1.3980627e-10 -0.001399254 0)
(1.0813902e-10 -0.0013992536 0)
(-8.8423131e-10 -0.0035045004 0)
(-4.2199339e-10 -0.004917657 0)
(-7.8512936e-10 -0.0056293704 0)
(1.1197539e-09 -0.0056293705 0)
(6.9057565e-10 -0.0049176573 0)
(1.033756e-09 -0.0035045007 0)
(-8.0247979e-11 -0.0013992538 0)
(-1.567584e-10 -0.0013992533 0)
(-4.6730345e-10 -0.0035045 0)
(-1.4398738e-09 -0.0049176569 0)
(6.1658959e-11 -0.0056293707 0)
(2.5075788e-10 -0.0056293707 0)
(1.6917066e-09 -0.0049176571 0)
(6.0602449e-10 -0.0035045002 0)
(1.8351665e-10 -0.0013992535 0)
(7.9033533e-11 -0.001399253 0)
(-1.1077209e-09 -0.0035044995 0)
(-7.716512e-10 -0.0049176568 0)
(-9.5349796e-10 -0.0056293709 0)
(1.2433341e-09 -0.005629371 0)
(1.0067939e-09 -0.004917657 0)
(1.2388706e-09 -0.0035044997 0)
(-5.3141603e-11 -0.0013992531 0)
(-1.6544546e-10 -0.0013992527 0)
(-6.0178992e-10 -0.003504499 0)
(-1.6321094e-09 -0.0049176566 0)
(-6.3017186e-11 -0.0056293712 0)
(3.2674914e-10 -0.0056293713 0)
(1.8462749e-09 -0.0049176568 0)
(7.2255762e-10 -0.0035044992 0)
(1.8932447e-10 -0.0013992528 0)
(7.1567849e-11 -0.0013992524 0)
(-1.1656472e-09 -0.0035044985 0)
(-8.9384656e-10 -0.0049176565 0)
(-1.0163643e-09 -0.0056293716 0)
(1.2548654e-09 -0.0056293716 0)
(1.0910423e-09 -0.0049176567 0)
(1.2771794e-09 -0.0035044987 0)
(-4.7559249e-11 -0.0013992524 0)
(-1.6238775e-10 -0.001399252 0)
(-6.3613327e-10 -0.003504498 0)
(-1.6814265e-09 -0.0049176564 0)
(-1.2003118e-10 -0.0056293719 0)
(3.3249078e-10 -0.005629372 0)
(1.8566603e-09 -0.0049176566 0)
(7.3875263e-10 -0.0035044981 0)
(1.8384461e-10 -0.0013992521 0)
(6.9886609e-11 -0.0013992517 0)
(-1.1645314e-09 -0.0035044975 0)
(-9.281857e-10 -0.0049176563 0)
(-1.0360085e-09 -0.0056293722 0)
(1.2241476e-09 -0.0056293723 0)
(1.0884546e-09 -0.0049176564 0)
(1.2576786e-09 -0.0035044976 0)
(-4.7436466e-11 -0.0013992517 0)
(-1.5674171e-10 -0.0013992514 0)
(-6.3698852e-10 -0.003504497 0)
(-1.6774483e-09 -0.0049176562 0)
(-1.4957705e-10 -0.0056293726 0)
(3.1449495e-10 -0.0056293726 0)
(1.8169967e-09 -0.0049176563 0)
(7.2334231e-10 -0.0035044971 0)
(1.7631518e-10 -0.0013992514 0)
(6.8945113e-11 -0.001399251 0)
(-1.1448939e-09 -0.0035044965 0)
(-9.3091384e-10 -0.0049176561 0)
(-1.0375769e-09 -0.0056293729 0)
(1.1813246e-09 -0.005629373 0)
(1.058885e-09 -0.0049176562 0)
(1.2223853e-09 -0.0035044966 0)
(-4.7641627e-11 -0.0013992511 0)
(-1.5112064e-10 -0.0013992507 0)
(-6.2818471e-10 -0.003504496 0)
(-1.6545312e-09 -0.0049176559 0)
(-1.6704159e-10 -0.0056293733 0)
(2.9190144e-10 -0.0056293733 0)
(1.7642302e-09 -0.004917656 0)
(7.0127006e-10 -0.0035044961 0)
(1.6932799e-10 -0.0013992507 0)
(6.7566663e-11 -0.0013992504 0)
(-1.1202469e-09 -0.0035044955 0)
(-9.2235368e-10 -0.0049176558 0)
(-1.0302869e-09 -0.0056293736 0)
(1.1381555e-09 -0.0056293736 0)
(1.0244285e-09 -0.0049176559 0)
(1.1854272e-09 -0.0035044956 0)
(-4.7006347e-11 -0.0013992504 0)
(-1.4597878e-10 -0.00139925 0)
(-6.1690612e-10 -0.003504495 0)
(-1.6243953e-09 -0.0049176557 0)
(-1.7775545e-10 -0.0056293739 0)
(2.7154266e-10 -0.005629374 0)
(1.7110211e-09 -0.0049176558 0)
(6.8003626e-10 -0.0035044951 0)
(1.6325177e-10 -0.0013992501 0)
(6.5728224e-11 -0.0013992497 0)
(-1.0942303e-09 -0.0035044945 0)
(-9.0888807e-10 -0.0049176556 0)
(-1.0173337e-09 -0.0056293742 0)
(1.0984147e-09 -0.0056293743 0)
(9.9179426e-10 -0.0049176557 0)
(1.150403e-09 -0.0035044946 0)
(-4.5575553e-11 -0.0013992498 0)
(-1.4122074e-10 -0.0013992494 0)
(-6.0468685e-10 -0.003504494 0)
(-1.5905185e-09 -0.0049176554 0)
(-1.8353054e-10 -0.0056293746 0)
(2.550845e-10 -0.0056293746 0)
(1.6606041e-09 -0.0049176555 0)
(6.6094274e-10 -0.0035044941 0)
(1.5787729e-10 -0.0013992495 0)
(6.3626922e-11 -0.0013992491 0)
(-1.0674431e-09 -0.0035044935 0)
(-8.9220338e-10 -0.0049176553 0)
(-1.0000055e-09 -0.0056293749 0)
(1.0626608e-09 -0.0056293749 0)
(9.6204795e-10 -0.0049176554 0)
(1.1174692e-09 -0.0035044936 0)
(-4.3640819e-11 -0.0013992491 0)
(-1.367028e-10 -0.0013992488 0)
(-5.9155542e-10 -0.0035044931 0)
(-1.5538615e-09 -0.0049176552 0)
(-1.8520452e-10 -0.0056293752 0)
(2.4222722e-10 -0.0056293752 0)
(1.6130062e-09 -0.0049176553 0)
(6.4348607e-10 -0.0035044932 0)
(1.5294579e-10 -0.0013992488 0)
(6.1423851e-11 -0.0013992485 0)
(-1.0398415e-09 -0.0035044926 0)
(-8.7274819e-10 -0.0049176551 0)
(-9.7914631e-10 -0.0056293755 0)
(1.0303183e-09 -0.0056293755 0)
(9.345346e-10 -0.0049176552 0)
(1.0859612e-09 -0.0035044927 0)
(-4.1459233e-11 -0.0013992485 0)
(-1.3234119e-10 -0.0013992482 0)
(-5.773656e-10 -0.0035044922 0)
(-1.514849e-09 -0.004917655 0)
(-1.8345146e-10 -0.0056293758 0)
(2.3207405e-10 -0.0056293758 0)
(1.5674375e-09 -0.0049176551 0)
(6.2688798e-10 -0.0035044923 0)
(1.4827384e-10 -0.0013992482 0)
(5.921075e-11 -0.0013992479 0)
(-1.011414e-09 -0.0035044917 0)
(-8.5081525e-10 -0.0049176549 0)
(-9.5554468e-10 -0.0056293761 0)
(1.0005448e-09 -0.0056293761 0)
(9.0831373e-10 -0.004917655 0)
(1.0552313e-09 -0.0035044918 0)
(-3.9204884e-11 -0.001399248 0)
(-1.2810627e-10 -0.0013992476 0)
(-5.6209997e-10 -0.0035044913 0)
(-1.4739012e-09 -0.0049176548 0)
(-1.7894049e-10 -0.0056293764 0)
(2.2368422e-10 -0.0056293764 0)
(1.5231078e-09 -0.0049176549 0)
(6.1053066e-10 -0.0035044914 0)
(1.437553e-10 -0.0013992477 0)
(5.7031436e-11 -0.0013992473 0)
(-9.8227874e-10 -0.0035044908 0)
(-8.2676589e-10 -0.0049176547 0)
(-9.2996133e-10 -0.0056293766 0)
(9.7256644e-10 -0.0056293767 0)
(8.8260651e-10 -0.0049176548 0)
(1.0248399e-09 -0.003504491 0)
(-3.6983541e-11 -0.0013992474 0)
(-1.2399721e-10 -0.0013992471 0)
(-5.4586313e-10 -0.0035044904 0)
(-1.4314925e-09 -0.0049176545 0)
(-1.7230608e-10 -0.0056293769 0)
(2.1627216e-10 -0.005629377 0)
(1.4794445e-09 -0.0049176547 0)
(5.940194e-10 -0.0035044905 0)
(1.3933739e-10 -0.0013992471 0)
(5.4905687e-11 -0.0013992468 0)
(-9.5263259e-10 -0.00350449 0)
(-8.0100834e-10 -0.0049176545 0)
(-9.0307955e-10 -0.0056293772 0)
(9.4578477e-10 -0.0056293773 0)
(8.5688326e-10 -0.0049176546 0)
(9.9454697e-10 -0.0035044901 0)
(-3.4855942e-11 -0.0013992468 0)
(-1.2002354e-10 -0.0013992465 0)
(-5.2881948e-10 -0.0035044896 0)
(-1.3881007e-09 -0.0049176543 0)
(-1.6409956e-10 -0.0056293775 0)
(2.0925533e-10 -0.0056293776 0)
(1.4361045e-09 -0.0049176545 0)
(5.7714228e-10 -0.0035044897 0)
(1.3499894e-10 -0.0013992466 0)
(5.2843735e-11 -0.0013992462 0)
(-9.2269534e-10 -0.0035044891 0)
(-7.7394229e-10 -0.0049176542 0)
(-8.754696e-10 -0.0056293778 0)
(9.1978685e-10 -0.0056293778 0)
(8.3083575e-10 -0.0049176544 0)
(9.6425853e-10 -0.0035044893 0)
(-3.2855335e-11 -0.0013992463 0)
(-1.1619522e-10 -0.001399246 0)
(-5.1114613e-10 -0.0035044887 0)
(-1.3441617e-09 -0.0049176541 0)
(-1.5476729e-10 -0.005629378 0)
(2.0223946e-10 -0.0056293781 0)
(1.3929276e-09 -0.0049176543 0)
(5.598153e-10 -0.0035044889 0)
(1.30736e-10 -0.001399246 0)
(5.0853294e-11 -0.0013992457 0)
(-8.9267569e-10 -0.0035044883 0)
(-7.4592572e-10 -0.0049176541 0)
(-8.4758193e-10 -0.0056293783 0)
(8.9431716e-10 -0.0056293784 0)
(8.0432293e-10 -0.0049176542 0)
(9.3397567e-10 -0.0035044885 0)
(-3.099878e-11 -0.0013992458 0)
(-1.1251913e-10 -0.0013992455 0)
(-4.9300952e-10 -0.003504488 0)
(-1.300051e-09 -0.0049176539 0)
(-1.4465378e-10 -0.0056293786 0)
(1.9498178e-10 -0.0056293786 0)
(1.3498827e-09 -0.0049176541 0)
(5.420374e-10 -0.0035044881 0)
(1.2655313e-10 -0.0013992455 0)
(4.8941815e-11 -0.0013992452 0)
(-8.6275834e-10 -0.0035044876 0)
(-7.1726497e-10 -0.0049176539 0)
(-8.197604e-10 -0.0056293788 0)
(8.6923892e-10 -0.0056293789 0)
(7.7731925e-10 -0.0049176541 0)
(9.0375646e-10 -0.0035044878 0)
(-2.9293875e-11 -0.0013992453 0)
(-1.0899844e-10 -0.001399245 0)
(-4.7455806e-10 -0.0035044872 0)
(-1.2560825e-09 -0.0049176538 0)
(-1.3401919e-10 -0.0056293791 0)
(1.8735088e-10 -0.0056293792 0)
(1.307021e-09 -0.004917654 0)
(5.2385788e-10 -0.0035044874 0)
(1.2245846e-10 -0.0013992451 0)
(4.7116686e-11 -0.0013992447 0)
(-8.33102e-10 -0.0035044868 0)
(-6.8821891e-10 -0.0049176537 0)
(-7.9226359e-10 -0.0056293793 0)
(8.4449632e-10 -0.0056293794 0)
(7.4987326e-10 -0.0049176539 0)
(8.7368938e-10 -0.003504487 0)
(-2.7742548e-11 -0.0013992448 0)
(-1.0563325e-10 -0.0013992445 0)
(-4.5592245e-10 -0.0035044865 0)
(-1.2125174e-09 -0.0049176536 0)
(-1.2306059e-10 -0.0056293796 0)
(1.7929125e-10 -0.0056293797 0)
(1.2644417e-09 -0.0049176538 0)
(5.0535424e-10 -0.0035044867 0)
(1.1846114e-10 -0.0013992446 0)
(4.538478e-11 -0.0013992443 0)
(-8.0384209e-10 -0.0035044861 0)
(-6.5900768e-10 -0.0049176535 0)
(-7.6528631e-10 -0.0056293798 0)
(8.2008446e-10 -0.0056293799 0)
(7.2207669e-10 -0.0049176537 0)
(8.4387596e-10 -0.0035044863 0)
(-2.6343189e-11 -0.0013992444 0)
(-1.0242156e-10 -0.001399244 0)
(-4.372183e-10 -0.0035044858 0)
(-1.1695737e-09 -0.0049176534 0)
(-1.1193015e-10 -0.0056293801 0)
(1.7079614e-10 -0.0056293801 0)
(1.2222664e-09 -0.0049176537 0)
(4.8661737e-10 -0.003504486 0)
(1.145699e-10 -0.0013992441 0)
(4.3751772e-11 -0.0013992438 0)
(-7.7509423e-10 -0.0035044854 0)
(-6.2982059e-10 -0.0049176534 0)
(-7.3897653e-10 -0.0056293803 0)
(7.9602698e-10 -0.0056293804 0)
(6.9404336e-10 -0.0049176536 0)
(8.1441932e-10 -0.0035044857 0)
(-2.5092057e-11 -0.0013992439 0)
(-9.9359933e-11 -0.0013992436 0)
(-4.1854861e-10 -0.0035044851 0)
(-1.127434e-09 -0.0049176533 0)
(-1.0074896e-10 -0.0056293805 0)
(1.6188808e-10 -0.0056293806 0)
(1.1806231e-09 -0.0049176535 0)
(4.6774225e-10 -0.0035044853 0)
(1.1079229e-10 -0.0013992437 0)
(4.2221942e-11 -0.0013992434 0)
(-7.469566e-10 -0.0035044848 0)
(-6.0082208e-10 -0.0049176532 0)
(-7.1344772e-10 -0.0056293808 0)
(7.7236109e-10 -0.0056293808 0)
(6.6589513e-10 -0.0049176535 0)
(7.8541752e-10 -0.003504485 0)
(-2.3983875e-11 -0.0013992435 0)
(-9.644395e-11 -0.0013992432 0)
(-4.0000492e-10 -0.0035044845 0)
(-1.0862511e-09 -0.0049176532 0)
(-8.9615691e-11 -0.005629381 0)
(1.5260626e-10 -0.0056293811 0)
(1.1396352e-09 -0.0049176534 0)
(4.4882188e-10 -0.0035044847 0)
(1.0713455e-10 -0.0013992433 0)
(4.0798248e-11 -0.001399243 0)
(-7.1951163e-10 -0.0035044842 0)
(-5.7215488e-10 -0.0049176531 0)
(-6.8878629e-10 -0.0056293812 0)
(7.4912874e-10 -0.0056293813 0)
(6.3775291e-10 -0.0049176533 0)
(7.5695937e-10 -0.0035044844 0)
(-2.3012423e-11 -0.0013992431 0)
(-9.3668658e-11 -0.0013992428 0)
(-3.8166792e-10 -0.0035044839 0)
(-1.0461508e-09 -0.004917653 0)
(-7.8611529e-11 -0.0056293814 0)
(1.4299867e-10 -0.0056293815 0)
(1.0994162e-09 -0.0049176533 0)
(4.2994383e-10 -0.0035044841 0)
(1.0360139e-10 -0.0013992429 0)
(3.9482048e-11 -0.0013992426 0)
(-6.928268e-10 -0.0035044836 0)
(-5.439413e-10 -0.004917653 0)
(-6.6505619e-10 -0.0056293816 0)
(7.263715e-10 -0.0056293817 0)
(6.0973151e-10 -0.0049176532 0)
(7.2912266e-10 -0.0035044838 0)
(-2.2170791e-11 -0.0013992427 0)
(-9.1028626e-11 -0.0013992424 0)
(-3.636075e-10 -0.0035044833 0)
(-1.0072336e-09 -0.0049176529 0)
(-6.7802584e-11 -0.0056293819 0)
(1.3311761e-10 -0.0056293819 0)
(1.0600661e-09 -0.0049176531 0)
(4.1118815e-10 -0.0035044835 0)
(1.001961e-10 -0.0013992425 0)
(3.8273502e-11 -0.0013992422 0)
(-6.6695521e-10 -0.003504483 0)
(-5.1628399e-10 -0.0049176529 0)
(-6.423015e-10 -0.0056293821 0)
(7.041282e-10 -0.0056293821 0)
(5.8193664e-10 -0.0049176531 0)
(7.0197319e-10 -0.0035044832 0)
(-2.1451637e-11 -0.0013992423 0)
(-8.8518187e-11 -0.001399242 0)
(-3.4588256e-10 -0.0035044828 0)
(-9.6957645e-10 -0.0049176528 0)
(-5.7241158e-11 -0.0056293823 0)
(1.2301711e-10 -0.0056293824 0)
(1.0216704e-09 -0.004917653 0)
(3.9262643e-10 -0.003504483 0)
(9.6920692e-11 -0.0013992421 0)
(3.7171602e-11 -0.0013992419 0)
(-6.4193598e-10 -0.0035044825 0)
(-4.8926622e-10 -0.0049176528 0)
(-6.2054844e-10 -0.0056293825 0)
(6.8243383e-10 -0.0056293826 0)
(5.5446356e-10 -0.004917653 0)
(6.7556472e-10 -0.0035044827 0)
(-2.0847332e-11 -0.001399242 0)
(-8.61314e-11 -0.0013992417 0)
(-3.2854101e-10 -0.0035044822 0)
(-9.3323335e-10 -0.0049176527 0)
(-4.6966711e-11 -0.0056293827 0)
(1.127514e-10 -0.0056293828 0)
(9.842997e-10 -0.0049176529 0)
(3.7432131e-10 -0.0035044825 0)
(9.3775858e-11 -0.0013992418 0)
(3.61745e-11 -0.0013992415 0)
(-6.177951e-10 -0.003504482 0)
(-4.6295257e-10 -0.0049176527 0)
(-5.9980692e-10 -0.0056293829 0)
(6.6131908e-10 -0.0056293829 0)
(5.2739631e-10 -0.0049176529 0)
(6.499394e-10 -0.0035044822 0)
(-2.035009e-11 -0.0013992416 0)
(-8.3862208e-11 -0.0013992414 0)
(-3.116202e-10 -0.0035044817 0)
(-8.9823726e-10 -0.0049176526 0)
(-3.7006461e-11 -0.0056293831 0)
(1.0237368e-10 -0.0056293831 0)
(9.4801025e-10 -0.0049176528 0)
(3.5632657e-10 -0.0035044819 0)
(9.0761478e-11 -0.0013992415 0)
(3.5279482e-11 -0.0013992412 0)
(-5.9454645e-10 -0.0035044815 0)
(-4.3738992e-10 -0.0049176526 0)
(-5.8007225e-10 -0.0056293832 0)
(6.4081018e-10 -0.0056293833 0)
(5.0080753e-10 -0.0049176528 0)
(6.2512852e-10 -0.0035044817 0)
(-1.9952067e-11 -0.0013992413 0)
(-8.1704553e-11 -0.001399241 0)
(-2.9514746e-10 -0.0035044813 0)
(-8.6460203e-10 -0.0049176525 0)
(-2.7376717e-11 -0.0056293834 0)
(9.1935442e-11 -0.0056293835 0)
(9.128445e-10 -0.0049176527 0)
(3.3868714e-10 -0.0035044815 0)
(8.7876243e-11 -0.0013992411 0)
(3.4483243e-11 -0.0013992409 0)
(-5.7219298e-10 -0.003504481 0)
(-4.1260898e-10 -0.0049176525 0)
(-5.6132729e-10 -0.0056293836 0)
(6.2092889e-10 -0.0056293837 0)
(4.7475872e-10 -0.0049176527 0)
(6.0115301e-10 -0.0035044812 0)
(-1.9645628e-11 -0.001399241 0)
(-7.9652411e-11 -0.0013992407 0)
(-2.791412e-10 -0.0035044808 0)
(-8.3232461e-10 -0.0049176525 0)
(-1.8084187e-11 -0.0056293838 0)
(8.1485595e-11 -0.0056293839 0)
(8.7883204e-10 -0.0049176526 0)
(3.2143968e-10 -0.003504481 0)
(8.5118201e-11 -0.0013992408 0)
(3.3781928e-11 -0.0013992406 0)
(-5.5072827e-10 -0.0035044806 0)
(-3.8862627e-10 -0.0049176524 0)
(-5.4354449e-10 -0.005629384 0)
(6.0169248e-10 -0.005629384 0)
(4.4930047e-10 -0.0049176526 0)
(5.7802461e-10 -0.0035044808 0)
(-1.9423205e-11 -0.0013992407 0)
(-7.7699855e-11 -0.0013992405 0)
(-2.6361171e-10 -0.0035044804 0)
(-8.0138768e-10 -0.0049176524 0)
(-9.1276621e-12 -0.0056293841 0)
(7.1069844e-11 -0.0056293842 0)
(8.4599058e-10 -0.0049176526 0)
(3.0461295e-10 -0.0035044806 0)
(8.2484604e-11 -0.0013992405 0)
(3.3171401e-11 -0.0013992403 0)
(-5.3013783e-10 -0.0035044802 0)
(-3.6544617e-10 -0.0049176523 0)
(-5.266881e-10 -0.0056293843 0)
(5.8311351e-10 -0.0056293844 0)
(4.2447311e-10 -0.0049176525 0)
(5.5574683e-10 -0.0035044804 0)
(-1.9277658e-11 -0.0013992404 0)
(-7.5841068e-11 -0.0013992402 0)
(-2.4856262e-10 -0.00350448 0)
(-7.7176224e-10 -0.0049176523 0)
(-4.9948521e-13 -0.0056293845 0)
(6.073006e-11 -0.0056293845 0)
(8.1432719e-10 -0.0049176525 0)
(2.882286e-10 -0.0035044802 0)
(7.9972176e-11 -0.0013992403 0)
(3.2647033e-11 -0.00139924 0)
(-5.1040083e-10 -0.0035044798 0)
(-3.4306285e-10 -0.0049176523 0)
(-5.1071636e-10 -0.0056293846 0)
(5.6519996e-10 -0.0056293847 0)
(4.0030742e-10 -0.0049176525 0)
(5.3431591e-10 -0.00350448 0)
(-1.9201992e-11 -0.0013992401 0)
(-7.4070533e-11 -0.0013992399 0)
(-2.3399192e-10 -0.0035044796 0)
(-7.4340998e-10 -0.0049176523 0)
(7.8126344e-12 -0.0056293848 0)
(5.0503878e-11 -0.0056293848 0)
(7.8383929e-10 -0.0049176524 0)
(2.723018e-10 -0.0035044798 0)
(7.7577216e-11 -0.00139924 0)
(3.220414e-11 -0.0013992398 0)
(-4.9149143e-10 -0.0035044794 0)
(-3.2146266e-10 -0.0049176522 0)
(-4.9558346e-10 -0.0056293849 0)
(5.4795519e-10 -0.005629385 0)
(3.7682531e-10 -0.0049176524 0)
(5.1372186e-10 -0.0035044796 0)
(-1.9189635e-11 -0.0013992399 0)
(-7.2382921e-11 -0.0013992397 0)
(-2.1989328e-10 -0.0035044792 0)
(-7.162858e-10 -0.0049176522 0)
(1.582416e-11 -0.0056293851 0)
(4.042446e-11 -0.0056293851 0)
(7.5451596e-10 -0.0049176524 0)
(2.5684198e-10 -0.0035044794 0)
(7.529557e-11 -0.0013992397 0)
(3.1837748e-11 -0.0013992396 0)
(-4.7338016e-10 -0.0035044791 0)
(-3.0062604e-10 -0.0049176522 0)
(-4.8124118e-10 -0.0056293852 0)
(5.3137825e-10 -0.0056293853 0)
(3.5404087e-10 -0.0049176523 0)
(4.9394948e-10 -0.0035044792 0)
(-1.923443e-11 -0.0013992396 0)
(-7.0773143e-11 -0.0013992394 0)
(-2.062569e-10 -0.0035044789 0)
(-6.903399e-10 -0.0049176521 0)
(2.3552453e-11 -0.0056293854 0)
(3.0520392e-11 -0.0056293854 0)
(7.2633915e-10 -0.0049176523 0)
(2.4185361e-10 -0.003504479 0)
(7.3122858e-11 -0.0013992395 0)
(3.1542979e-11 -0.0013992393 0)
(-4.5603509e-10 -0.0035044787 0)
(-2.8052892e-10 -0.0049176521 0)
(-4.6764069e-10 -0.0056293855 0)
(5.1546401e-10 -0.0056293856 0)
(3.3196121e-10 -0.0049176523 0)
(4.7497929e-10 -0.0035044789 0)
(-1.9330516e-11 -0.0013992394 0)
(-6.9236498e-11 -0.0013992392 0)
(-1.930707e-10 -0.0035044786 0)
(-6.6551948e-10 -0.0049176521 0)
(3.1015617e-11 -0.0056293857 0)
(2.0815687e-11 -0.0056293857 0)
(6.9928484e-10 -0.0049176522 0)
(2.2733705e-10 -0.0035044787 0)
(7.1054526e-11 -0.0013992393 0)
(3.131469e-11 -0.0013992391 0)
(-4.3942291e-10 -0.0035044784 0)
(-2.6114489e-10 -0.0049176521 0)
(-4.5473345e-10 -0.0056293858 0)
(5.0020367e-10 -0.0056293859 0)
(3.105875e-10 -0.0049176522 0)
(4.5678859e-10 -0.0035044785 0)
(-1.9472454e-11 -0.0013992392 0)
(-6.7768508e-11 -0.001399239 0)
(-1.80321e-10 -0.0035044782 0)
(-6.4177072e-10 -0.0049176521 0)
(3.8231564e-11 -0.0056293859 0)
(1.1330169e-11 -0.005629386 0)
(6.7332431e-10 -0.0049176522 0)
(2.1328915e-10 -0.0035044784 0)
(6.9085837e-11 -0.0013992391 0)
(3.1147938e-11 -0.0013992389 0)
(-4.2350964e-10 -0.0035044781 0)
(-2.4244589e-10 -0.004917652 0)
(-4.4247231e-10 -0.0056293861 0)
(4.8558503e-10 -0.0056293861 0)
(2.8991596e-10 -0.0049176522 0)
(4.3935212e-10 -0.0035044782 0)
(-1.9655196e-11 -0.001399239 0)
(-6.6364912e-11 -0.0013992388 0)
(-1.6799327e-10 -0.0035044779 0)
(-6.1903946e-10 -0.004917652 0)
(4.5217473e-11 -0.0056293862 0)
(2.0795506e-12 -0.0056293862 0)
(6.4842507e-10 -0.0049176521 0)
(1.9970407e-10 -0.0035044781 0)
(6.7212055e-11 -0.0013992389 0)
(3.1037739e-11 -0.0013992387 0)
(-4.0826154e-10 -0.0035044778 0)
(-2.244036e-10 -0.004917652 0)
(-4.3081218e-10 -0.0056293863 0)
(4.7159309e-10 -0.0056293864 0)
(2.6993878e-10 -0.0049176521 0)
(4.2264286e-10 -0.0035044779 0)
(-1.9873959e-11 -0.0013992388 0)
(-6.5021847e-11 -0.0013992386 0)
(-1.5607285e-10 -0.0035044777 0)
(-5.9727283e-10 -0.004917652 0)
(5.1989142e-11 -0.0056293864 0)
(-6.924013e-12 -0.0056293865 0)
(6.2455203e-10 -0.0049176521 0)
(1.8657393e-10 -0.0035044778 0)
(6.542834e-11 -0.0013992387 0)
(3.097918e-11 -0.0013992385 0)
(-3.9364573e-10 -0.0035044775 0)
(-2.0699024e-10 -0.004917652 0)
(-4.1971053e-10 -0.0056293866 0)
(4.5821051e-10 -0.0056293866 0)
(2.5064506e-10 -0.0049176521 0)
(4.0663289e-10 -0.0035044776 0)
(-2.0124399e-11 -0.0013992386 0)
(-6.3735628e-11 -0.0013992384 0)
(-1.4454521e-10 -0.0035044774 0)
(-5.7641968e-10 -0.0049176519 0)
(5.8560625e-11 -0.0056293867 0)
(-1.5671437e-11 -0.0056293867 0)
(6.0166846e-10 -0.0049176521 0)
(1.738893e-10 -0.0035044775 0)
(6.3729937e-11 -0.0013992385 0)
(3.0967548e-11 -0.0013992383 0)
(-3.7963023e-10 -0.0035044773 0)
(-1.9017922e-10 -0.0049176519 0)
(-4.0912779e-10 -0.0056293868 0)
(4.454181e-10 -0.0056293868 0)
(2.3202171e-10 -0.004917652 0)
(3.9129366e-10 -0.0035044774 0)
(-2.0402408e-11 -0.0013992384 0)
(-6.2502827e-11 -0.0013992382 0)
(-1.333963e-10 -0.0035044771 0)
(-5.5643127e-10 -0.0049176519 0)
(6.4944141e-11 -0.0056293869 0)
(-2.4156487e-11 -0.005629387 0)
(5.7973658e-10 -0.004917652 0)
(1.6163986e-10 -0.0035044773 0)
(6.2112307e-11 -0.0013992383 0)
(3.0998156e-11 -0.0013992382 0)
(-3.6618473e-10 -0.003504477 0)
(-1.7394547e-10 -0.0049176519 0)
(-3.990273e-10 -0.005629387 0)
(4.3319525e-10 -0.0056293871 0)
(2.1405391e-10 -0.004917652 0)
(3.7659684e-10 -0.0035044771 0)
(-2.0704063e-11 -0.0013992382 0)
(-6.132028e-11 -0.0013992381 0)
(-1.2261313e-10 -0.0035044769 0)
(-5.372616e-10 -0.0049176519 0)
(7.115e-11 -0.0056293871 0)
(-3.2375157e-11 -0.0056293872 0)
(5.5871844e-10 -0.004917652 0)
(1.4981476e-10 -0.003504477 0)
(6.0570929e-11 -0.0013992381 0)
(3.1066481e-11 -0.001399238 0)
(-3.5328061e-10 -0.0035044768 0)
(-1.5826592e-10 -0.0049176519 0)
(-3.8937557e-10 -0.0056293872 0)
(4.2152035e-10 -0.0056293873 0)
(1.9672601e-10 -0.004917652 0)
(3.625145e-10 -0.0035044769 0)
(-2.1025706e-11 -0.001399238 0)
(-6.0184979e-11 -0.0013992379 0)
(-1.1218359e-10 -0.0035044767 0)
(-5.1886778e-10 -0.0049176519 0)
(7.718638e-11 -0.0056293873 0)
(-4.0325355e-11 -0.0056293874 0)
(5.3857643e-10 -0.004917652 0)
(1.3840301e-10 -0.0035044768 0)
(5.9101405e-11 -0.001399238 0)
(3.1168209e-11 -0.0013992378 0)
(-3.4089098e-10 -0.0035044765 0)
(-1.4311977e-10 -0.0049176518 0)
(-3.801421e-10 -0.0056293874 0)
(4.1037119e-10 -0.0056293875 0)
(1.8002203e-10 -0.0049176519 0)
(3.4901944e-10 -0.0035044767 0)
(-2.1363989e-11 -0.0013992379 0)
(-5.9094121e-11 -0.0013992378 0)
(-1.0209674e-10 -0.0035044764 0)
(-5.0121008e-10 -0.0049176518 0)
(8.3059587e-11 -0.0056293875 0)
(-4.800631e-11 -0.0056293876 0)
(5.1927379e-10 -0.0049176519 0)
(1.273937e-10 -0.0035044765 0)
(5.7699484e-11 -0.0013992378 0)
(3.129916e-11 -0.0013992377 0)
(-3.2899096e-10 -0.0035044763 0)
(-1.2848841e-10 -0.0049176518 0)
(-3.7129928e-10 -0.0056293876 0)
(3.9972547e-10 -0.0056293877 0)
(1.63926e-10 -0.0049176519 0)
(3.3608554e-10 -0.0035044764 0)
(-2.1715719e-11 -0.0013992377 0)
(-5.8045022e-11 -0.0013992376 0)
(-9.2343009e-11 -0.0035044762 0)
(-4.84252e-10 -0.0049176518 0)
(8.8774173e-11 -0.0056293877 0)
(-5.5418397e-11 -0.0056293878 0)
(5.0077491e-10 -0.0049176519 0)
(1.1677646e-10 -0.0035044763 0)
(5.636108e-11 -0.0013992377 0)
(3.1455278e-11 -0.0013992376 0)
(-3.1755756e-10 -0.0035044761 0)
(-1.143556e-10 -0.0049176518 0)
(-3.6282231e-10 -0.0056293878 0)
(3.8956091e-10 -0.0056293878 0)
(1.4842247e-10 -0.0049176519 0)
(3.2368789e-10 -0.0035044762 0)
(-2.2077842e-11 -0.0013992376 0)
(-5.7035256e-11 -0.0013992375 0)
(-8.2913958e-11 -0.003504476 0)
(-4.6796014e-10 -0.0049176518 0)
(9.4332897e-11 -0.0056293879 0)
(-6.2562709e-11 -0.0056293879 0)
(4.8304583e-10 -0.0049176519 0)
(1.0654148e-10 -0.0035044761 0)
(5.5082341e-11 -0.0013992375 0)
(3.1632668e-11 -0.0013992374 0)
(-3.0656972e-10 -0.0035044759 0)
(-1.0070733e-10 -0.0049176518 0)
(-3.5468892e-10 -0.005629388 0)
(3.7985563e-10 -0.005629388 0)
(1.334968e-10 -0.0049176519 0)
(3.1180301e-10 -0.003504476 0)
(-2.2447425e-11 -0.0013992375 0)
(-5.6062404e-11 -0.0013992374 0)
(-7.3802483e-11 -0.0035044759 0)
(-4.5230423e-10 -0.0049176518 0)
(9.9736949e-11 -0.0056293881 0)
(-6.9440736e-11 -0.0056293881 0)
(4.6605431e-10 -0.0049176518 0)
(9.6679769e-11 -0.0035044759 0)
(5.3859486e-11 -0.0013992374 0)
(3.1827662e-11 -0.0013992373 0)
(-2.9600824e-10 -0.0035044758 0)
(-8.7531955e-11 -0.0049176517 0)
(-3.4687918e-10 -0.0056293881 0)
(3.7058838e-10 -0.0056293882 0)
(1.1913551e-10 -0.0049176518 0)
(3.0040883e-10 -0.0035044758 0)
(-2.2821775e-11 -0.0013992373 0)
(-5.5124332e-11 -0.0013992372 0)
(-6.5002762e-11 -0.0035044757 0)
(-4.3725696e-10 -0.0049176517 0)
(1.0498619e-10 -0.0056293882 0)
(-7.6054119e-11 -0.0056293883 0)
(4.4977016e-10 -0.0049176518 0)
(8.7183223e-11 -0.0035044758 0)
(5.2689013e-11 -0.0013992373 0)
(3.2036573e-11 -0.0013992372 0)
(-2.8585569e-10 -0.0035044756 0)
(-7.4819833e-11 -0.0049176517 0)
(-3.3937532e-10 -0.0056293883 0)
(3.6173863e-10 -0.0056293883 0)
(1.0532624e-10 -0.0049176518 0)
(2.8948498e-10 -0.0035044757 0)
(-2.3198102e-11 -0.0013992372 0)
(-5.4218872e-11 -0.0013992371 0)
(-5.6510163e-11 -0.0035044755 0)
(-4.2279379e-10 -0.0049176517 0)
(1.1007934e-10 -0.0056293884 0)
(-8.2404614e-11 -0.0056293884 0)
(4.3416512e-10 -0.0049176518 0)
(7.8044815e-11 -0.0035044756 0)
(5.1567586e-11 -0.0013992372 0)
(3.225605e-11 -0.0013992371 0)
(-2.7609646e-10 -0.0035044754 0)
(-6.2563371e-11 -0.0049176517 0)
(-3.3216141e-10 -0.0056293885 0)
(3.5328684e-10 -0.0056293885 0)
(9.2058064e-11 -0.0049176518 0)
(2.790126e-10 -0.0035044755 0)
(-2.3573888e-11 -0.0013992371 0)
(-5.3344054e-11 -0.001399237 0)
(-4.832121e-11 -0.0035044754 0)
(-4.0889278e-10 -0.0049176517 0)
(1.1501394e-10 -0.0056293885 0)
(-8.8493533e-11 -0.0056293886 0)
(4.1921323e-10 -0.0049176518 0)
(6.9258416e-11 -0.0035044754 0)
(5.0491989e-11 -0.001399237 0)
(3.2482753e-11 -0.001399237 0)
(-2.6671652e-10 -0.0035044753 0)
(-5.0756926e-11 -0.0049176517 0)
(-3.2522335e-10 -0.0056293886 0)
(3.452145e-10 -0.0056293886 0)
(7.9321578e-11 -0.0049176518 0)
(2.6897435e-10 -0.0035044753 0)
(-2.3946629e-11 -0.001399237 0)
(-5.2497965e-11 -0.0013992369 0)
(-4.0433544e-11 -0.0035044752 0)
(-3.9553458e-10 -0.0049176517 0)
(1.1978657e-10 -0.0056293887 0)
(-9.4321969e-11 -0.0056293887 0)
(4.0489063e-10 -0.0049176518 0)
(6.0818993e-11 -0.0035044753 0)
(4.9459246e-11 -0.0013992369 0)
(3.2713512e-11 -0.0013992369 0)
(-2.5770334e-10 -0.0035044751 0)
(-3.9396613e-11 -0.0049176517 0)
(-3.1854866e-10 -0.0056293887 0)
(3.3750427e-10 -0.0056293888 0)
(6.7108847e-11 -0.0049176518 0)
(2.5935457e-10 -0.0035044752 0)
(-2.4313887e-11 -0.0013992369 0)
(-5.1678828e-11 -0.0013992368 0)
(-3.2845845e-11 -0.0035044751 0)
(-3.8270212e-10 -0.0049176517 0)
(1.2439316e-10 -0.0056293888 0)
(-9.9890653e-11 -0.0056293888 0)
(3.911757e-10 -0.0049176517 0)
(5.2722654e-11 -0.0035044751 0)
(4.8466523e-11 -0.0013992368 0)
(3.294531e-11 -0.0013992368 0)
(-2.4904598e-10 -0.003504475 0)
(-2.8480191e-11 -0.0049176517 0)
(-3.1212624e-10 -0.0056293889 0)
(3.3013989e-10 -0.0056293889 0)
(5.5413481e-11 -0.0049176517 0)
(2.5013912e-10 -0.0035044751 0)
(-2.4673307e-11 -0.0013992368 0)
(-5.0884881e-11 -0.0013992367 0)
(-2.5557752e-11 -0.0035044749 0)
(-3.7038061e-10 -0.0049176517 0)
(1.288288e-10 -0.0056293889 0)
(-1.0519977e-10 -0.0056293889 0)
(3.7804896e-10 -0.0049176517 0)
(4.4966467e-11 -0.003504475 0)
(4.7511135e-11 -0.0013992367 0)
(3.31752e-11 -0.0013992367 0)
(-2.407348e-10 -0.0035044749 0)
(-1.8006907e-11 -0.0049176517 0)
(-3.0594642e-10 -0.005629389 0)
(3.2310637e-10 -0.005629389 0)
(4.4230537e-11 -0.0049176517 0)
(2.4131536e-10 -0.0035044749 0)
(-2.5022565e-11 -0.0013992367 0)
(-5.0114555e-11 -0.0013992366 0)
(-1.8569794e-11 -0.0035044748 0)
(-3.5855725e-10 -0.0049176516 0)
(1.3308809e-10 -0.005629389 0)
(-1.1024903e-10 -0.0056293891 0)
(3.6549297e-10 -0.0049176517 0)
(3.7548484e-11 -0.0035044749 0)
(4.6590661e-11 -0.0013992367 0)
(3.340046e-11 -0.0013992366 0)
(-2.3276158e-10 -0.0035044747 0)
(-7.9774302e-12 -0.0049176516 0)
(-3.000007e-10 -0.0056293891 0)
(3.1638982e-10 -0.0056293891 0)
(3.3556476e-11 -0.0049176517 0)
(2.3287213e-10 -0.0035044748 0)
(-2.5359478e-11 -0.0013992366 0)
(-4.9366329e-11 -0.0013992365 0)
(-1.1883304e-11 -0.0035044747 0)
(-3.4722121e-10 -0.0049176516 0)
(1.3716504e-10 -0.0056293892 0)
(-1.1503782e-10 -0.0056293892 0)
(3.5349228e-10 -0.0049176517 0)
(3.0467662e-11 -0.0035044747 0)
(4.5702692e-11 -0.0013992366 0)
(3.3618379e-11 -0.0013992365 0)
(-2.2511927e-10 -0.0035044746 0)
(1.6062855e-12 -0.0049176516 0)
(-2.9428184e-10 -0.0056293892 0)
(3.0997747e-10 -0.0056293892 0)
(2.3388951e-11 -0.0049176517 0)
(2.2479957e-10 -0.0035044747 0)
(-2.5681832e-11 -0.0013992365 0)
(-4.8638797e-11 -0.0013992365 0)
(-5.5004139e-12 -0.0035044746 0)
(-3.3636361e-10 -0.0049176516 0)
(1.4105324e-10 -0.0056293893 0)
(-1.1956521e-10 -0.0056293893 0)
(3.4203329e-10 -0.0049176517 0)
(2.372379e-11 -0.0035044746 0)
(4.4845184e-11 -0.0013992365 0)
(3.3826435e-11 -0.0013992364 0)
(-2.1780216e-10 -0.0035044745 0)
(1.0741237e-11 -0.0049176516 0)
(-2.8878393e-10 -0.0056293893 0)
(3.0385747e-10 -0.0056293893 0)
(1.372676e-11 -0.0049176517 0)
(2.170892e-10 -0.0035044746 0)
(-2.5987572e-11 -0.0013992365 0)
(-4.7930636e-11 -0.0013992364 0)
(5.761196e-13 -0.0035044745 0)
(-3.2597729e-10 -0.0049176516 0)
(1.4474576e-10 -0.0056293894 0)
(-1.2383015e-10 -0.0056293894 0)
(3.3110402e-10 -0.0049176517 0)
(1.7317313e-11 -0.0035044745 0)
(4.401608e-11 -0.0013992364 0)
(3.4022248e-11 -0.0013992364 0)
(-2.1080551e-10 -0.0035044744 0)
(1.9423161e-11 -0.0049176516 0)
(-2.8350214e-10 -0.0056293894 0)
(2.9801892e-10 -0.0056293894 0)
(4.5694379e-12 -0.0049176517 0)
(2.0973347e-10 -0.0035044745 0)
(-2.6274752e-11 -0.0013992364 0)
(-4.7240663e-11 -0.0013992363 0)
(6.3429624e-12 -0.0035044744 0)
(-3.1605679e-10 -0.0049176516 0)
(1.4823532e-10 -0.0056293894 0)
(-1.2783165e-10 -0.0056293895 0)
(3.20694e-10 -0.0049176516 0)
(1.1249096e-11 -0.0035044744 0)
(4.3213497e-11 -0.0013992363 0)
(3.4203529e-11 -0.0013992363 0)
(-2.041257e-10 -0.0035044743 0)
(2.7647104e-11 -0.0049176516 0)
(-2.7843305e-10 -0.0056293895 0)
(2.9245158e-10 -0.0056293895 0)
(-4.0829391e-12 -0.0049176516 0)
(2.0272597e-10 -0.0035044744 0)
(-2.6541524e-11 -0.0013992363 0)
(-4.6567784e-11 -0.0013992363 0)
(1.1796442e-11 -0.0035044743 0)
(-3.065983e-10 -0.0049176516 0)
(1.5151412e-10 -0.0056293895 0)
(-1.3156909e-10 -0.0056293895 0)
(3.1079376e-10 -0.0049176516 0)
(5.5203725e-12 -0.0035044743 0)
(4.2435835e-11 -0.0013992363 0)
(3.4368325e-11 -0.0013992362 0)
(-1.9776011e-10 -0.0035044742 0)
(3.5407257e-11 -0.0049176516 0)
(-2.7357461e-10 -0.0056293896 0)
(2.8714546e-10 -0.0056293896 0)
(-1.2230254e-11 -0.0049176516 0)
(1.960611e-10 -0.0035044743 0)
(-2.6786118e-11 -0.0013992362 0)
(-4.5911001e-11 -0.0013992362 0)
(1.6932477e-11 -0.0035044742 0)
(-2.975997e-10 -0.0049176516 0)
(1.5457398e-10 -0.0056293896 0)
(-1.3504269e-10 -0.0056293896 0)
(3.0139467e-10 -0.0049176516 0)
(1.3241557e-13 -0.0035044742 0)
(4.168161e-11 -0.0013992362 0)
(3.451468e-11 -0.0013992362 0)
(-1.9170713e-10 -0.0035044741 0)
(4.2697204e-11 -0.0049176516 0)
(-2.6892652e-10 -0.0056293896 0)
(2.8209093e-10 -0.0056293897 0)
(-1.9872707e-11 -0.0049176516 0)
(1.8973381e-10 -0.0035044742 0)
(-2.7007031e-11 -0.0013992362 0)
(-4.526955e-11 -0.0013992361 0)
(2.1746844e-11 -0.0035044741 0)
(-2.8906036e-10 -0.0049176516 0)
(1.5740609e-10 -0.0056293897 0)
(-1.3825386e-10 -0.0056293897 0)
(2.9248857e-10 -0.0049176516 0)
(-4.9139039e-12 -0.0035044741 0)
(4.0949449e-11 -0.0013992362 0)
(3.4640944e-11 -0.0013992361 0)
(-1.8596595e-10 -0.003504474 0)
(4.950994e-11 -0.0049176516 0)
(-2.6449014e-10 -0.0056293897 0)
(2.772779e-10 -0.0056293897 0)
(-2.7011456e-11 -0.0049176516 0)
(1.837394e-10 -0.0035044741 0)
(-2.7202905e-11 -0.0013992361 0)
(-4.4642725e-11 -0.0013992361 0)
(2.6235195e-11 -0.003504474 0)
(-2.8098113e-10 -0.0049176516 0)
(1.6000086e-10 -0.0056293898 0)
(-1.4120577e-10 -0.0056293898 0)
(2.8406705e-10 -0.0049176516 0)
(-9.6181491e-12 -0.003504474 0)
(4.0238175e-11 -0.0013992361 0)
(3.4745693e-11 -0.0013992361 0)
(-1.8053655e-10 -0.003504474 0)
(5.5838104e-11 -0.0049176515 0)
(-2.6026895e-10 -0.0056293898 0)
(2.7269558e-10 -0.0056293898 0)
(-3.3649202e-11 -0.0049176516 0)
(1.7807329e-10 -0.003504474 0)
(-2.7372665e-11 -0.0013992361 0)
(-4.4030008e-11 -0.001399236 0)
(3.0393446e-11 -0.0035044739 0)
(-2.7336458e-10 -0.0049176515 0)
(1.623481e-10 -0.0056293898 0)
(-1.4390388e-10 -0.0056293898 0)
(2.7612112e-10 -0.0049176516 0)
(-1.3981094e-11 -0.003504474 0)
(3.9546763e-11 -0.001399236 0)
(3.482773e-11 -0.001399236 0)
(-1.7541972e-10 -0.0035044739 0)
(6.1674132e-11 -0.0049176515 0)
(-2.5626874e-10 -0.0056293899 0)
(2.6833208e-10 -0.0056293899 0)
(-3.979091e-11 -0.0049176516 0)
(1.7273049e-10 -0.0035044739 0)
(-2.7515582e-11 -0.001399236 0)
(-4.3431117e-11 -0.001399236 0)
(3.4217606e-11 -0.0035044739 0)
(-2.6621467e-10 -0.0049176515 0)
(1.6443657e-10 -0.0056293899 0)
(-1.463567e-10 -0.0056293899 0)
(2.686405e-10 -0.0049176516 0)
(-1.8004881e-11 -0.0035044739 0)
(3.8874342e-11 -0.001399236 0)
(3.4886188e-11 -0.001399236 0)
(-1.7061696e-10 -0.0035044738 0)
(6.70102e-11 -0.0049176515 0)
(-2.52498e-10 -0.0056293899 0)
(2.6417383e-10 -0.0056293899 0)
(-4.5444519e-11 -0.0049176516 0)
(1.6770552e-10 -0.0035044739 0)
(-2.7631176e-11 -0.001399236 0)
(-4.2845924e-11 -0.0013992359 0)
(3.7704184e-11 -0.0035044738 0)
(-2.5953694e-10 -0.0049176515 0)
(1.6625392e-10 -0.0056293899 0)
(-1.485764e-10 -0.00562939 0)
(2.6161313e-10 -0.0049176515 0)
(-2.1693624e-11 -0.0035044738 0)
(3.8220191e-11 -0.0013992359 0)
(3.4920389e-11 -0.0013992359 0)
(-1.6613027e-10 -0.0035044738 0)
(7.1838648e-11 -0.0049176515 0)
(-2.4896809e-10 -0.00562939 0)
(2.6020492e-10 -0.00562939 0)
(-5.0621768e-11 -0.0049176515 0)
(1.6299176e-10 -0.0035044738 0)
(-2.7719448e-11 -0.0013992359 0)
(-4.2274598e-11 -0.0013992359 0)
(4.0850206e-11 -0.0035044737 0)
(-2.5333836e-10 -0.0049176515 0)
(1.6778659e-10 -0.00562939 0)
(-1.5057961e-10 -0.00562939 0)
(2.5502428e-10 -0.0049176515 0)
(-2.5053767e-11 -0.0035044738 0)
(3.7583754e-11 -0.0013992359 0)
(3.4930009e-11 -0.0013992359 0)
(-1.6196238e-10 -0.0035044737 0)
(7.6151981e-11 -0.0049176515 0)
(-2.4569367e-10 -0.00562939 0)
(2.5640666e-10 -0.00562939 0)
(-5.5338909e-11 -0.0049176515 0)
(1.5858143e-10 -0.0035044737 0)
(-2.7780838e-11 -0.0013992359 0)
(-4.1717462e-11 -0.0013992358 0)
(4.3653538e-11 -0.0035044737 0)
(-2.4762741e-10 -0.0049176515 0)
(1.6901974e-10 -0.0056293901 0)
(-1.5238777e-10 -0.0056293901 0)
(2.4885615e-10 -0.0049176515 0)
(-2.8094646e-11 -0.0035044737 0)
(3.6964538e-11 -0.0013992359 0)
(3.491514e-11 -0.0013992358 0)
(-1.5811616e-10 -0.0035044736 0)
(7.9943166e-11 -0.0049176515 0)
(-2.426926e-10 -0.0056293901 0)
(2.5275733e-10 -0.0056293901 0)
(-5.9617587e-11 -0.0049176515 0)
(1.5446476e-10 -0.0035044737 0)
(-2.7816215e-11 -0.0013992358 0)
(-4.1175197e-11 -0.0013992358 0)
(4.6113047e-11 -0.0035044736 0)
(-2.4241352e-10 -0.0049176515 0)
(1.6993734e-10 -0.0056293901 0)
(-1.5402783e-10 -0.0056293901 0)
(2.4308713e-10 -0.0049176515 0)
(-3.0828867e-11 -0.0035044736 0)
(3.6362243e-11 -0.0013992358 0)
(3.4876082e-11 -0.0013992358 0)
(-1.5459484e-10 -0.0035044736 0)
(8.3206233e-11 -0.0049176515 0)
(-2.3998584e-10 -0.0056293901 0)
(2.4923163e-10 -0.0056293901 0)
(-6.3485076e-11 -0.0049176515 0)
(1.5062995e-10 -0.0035044736 0)
(-2.7827065e-11 -0.0013992358 0)
(-4.0648723e-11 -0.0013992358 0)
(4.8228978e-11 -0.0035044736 0)
(-2.3770672e-10 -0.0049176515 0)
(1.7052262e-10 -0.0056293901 0)
(-1.5553225e-10 -0.0056293901 0)
(2.3769153e-10 -0.0049176515 0)
(-3.3272827e-11 -0.0035044736 0)
(3.5776609e-11 -0.0013992358 0)
(3.4813593e-11 -0.0013992357 0)
(-1.5140134e-10 -0.0035044735 0)
(8.5936826e-11 -0.0049176515 0)
(-2.3759689e-10 -0.0056293902 0)
(2.4580123e-10 -0.0056293902 0)
(-6.6974904e-11 -0.0049176515 0)
(1.4706273e-10 -0.0035044735 0)
(-2.7815506e-11 -0.0013992358 0)
(-4.0139309e-11 -0.0013992357 0)
(5.0003403e-11 -0.0035044735 0)
(-2.3351669e-10 -0.0049176515 0)
(1.7075901e-10 -0.0056293902 0)
(-1.5693856e-10 -0.0056293902 0)
(2.3263936e-10 -0.0049176515 0)
(-3.5446742e-11 -0.0035044735 0)
(3.5207385e-11 -0.0013992357 0)
(3.4728723e-11 -0.0013992357 0)
(-1.4853775e-10 -0.0035044735 0)
(8.8133545e-11 -0.0049176515 0)
(-2.3555047e-10 -0.0056293902 0)
(2.4243508e-10 -0.0056293902 0)
(-7.0126582e-11 -0.0049176515 0)
(1.4374618e-10 -0.0035044735 0)
(-2.7784076e-11 -0.0013992357 0)
(-3.964836e-11 -0.0013992357 0)
(5.144108e-11 -0.0035044734 0)
(-2.2985122e-10 -0.0049176515 0)
(1.7063177e-10 -0.0056293902 0)
(-1.5828831e-10 -0.0056293902 0)
(2.2789666e-10 -0.0049176515 0)
(-3.7374662e-11 -0.0035044735 0)
(3.4654364e-11 -0.0013992357 0)
(3.4622976e-11 -0.0013992357 0)
(-1.4600433e-10 -0.0035044734 0)
(8.9799807e-11 -0.0049176515 0)
(-2.3387025e-10 -0.0056293902 0)
(2.3910112e-10 -0.0056293902 0)
(-7.2984778e-11 -0.0049176515 0)
(1.4066087e-10 -0.0035044734 0)
(-2.7736067e-11 -0.0013992357 0)
(-3.9177509e-11 -0.0013992357 0)
(5.255048e-11 -0.0035044734 0)
(-2.2671357e-10 -0.0049176515 0)
(1.7013057e-10 -0.0056293903 0)
(-1.5962466e-10 -0.0056293903 0)
(2.2342662e-10 -0.0049176515 0)
(-3.9084465e-11 -0.0035044734 0)
(3.4117259e-11 -0.0013992357 0)
(3.4498363e-11 -0.0013992356 0)
(-1.4379791e-10 -0.0035044734 0)
(9.0946637e-11 -0.0049176514 0)
(-2.3257536e-10 -0.0056293903 0)
(2.3576898e-10 -0.0056293903 0)
(-7.5597871e-11 -0.0049176515 0)
(1.377849e-10 -0.0035044734 0)
(-2.7675268e-11 -0.0013992356 0)
(-3.8728338e-11 -0.0013992356 0)
(5.3345624e-11 -0.0035044733 0)
(-2.2409904e-10 -0.0049176514 0)
(1.6925376e-10 -0.0056293903 0)
(-1.6098893e-10 -0.0056293903 0)
(2.1919113e-10 -0.0049176514 0)
(-4.0606909e-11 -0.0035044734 0)
(3.3595616e-11 -0.0013992356 0)
(3.4357569e-11 -0.0013992356 0)
(-1.4190974e-10 -0.0035044733 0)
(9.1596718e-11 -0.0049176514 0)
(-2.3167499e-10 -0.0056293903 0)
(2.32414e-10 -0.0056293903 0)
(-7.8015157e-11 -0.0049176514 0)
(1.3509485e-10 -0.0035044733 0)
(-2.7606025e-11 -0.0013992356 0)
(-3.8302058e-11 -0.0013992356 0)
(5.3848274e-11 -0.0035044733 0)
(-2.2198983e-10 -0.0049176514 0)
(1.6801398e-10 -0.0056293903 0)
(-1.6241483e-10 -0.0056293903 0)
(2.151541e-10 -0.0049176514 0)
(-4.1974415e-11 -0.0035044733 0)
(3.3088855e-11 -0.0013992356 0)
(3.4204088e-11 -0.0013992356 0)
(-1.4032268e-10 -0.0035044733 0)
(9.1789642e-11 -0.0049176514 0)
(-2.3116127e-10 -0.0056293903 0)
(2.2902337e-10 -0.0056293904 0)
(-8.0282443e-11 -0.0049176514 0)
(1.3256689e-10 -0.0035044733 0)
(-2.7532985e-11 -0.0013992356 0)
(-3.7899172e-11 -0.0013992356 0)
(5.4090952e-11 -0.0035044732 0)
(-2.2034881e-10 -0.0049176514 0)
(1.6644585e-10 -0.0056293904 0)
(-1.6392115e-10 -0.0056293904 0)
(2.1128594e-10 -0.0049176514 0)
(-4.3219089e-11 -0.0035044733 0)
(3.2596118e-11 -0.0013992356 0)
(3.4042652e-11 -0.0013992355 0)
(-1.3900728e-10 -0.0035044732 0)
(9.1588246e-11 -0.0049176514 0)
(-2.3100033e-10 -0.0056293904 0)
(2.2560401e-10 -0.0056293904 0)
(-8.2436266e-11 -0.0049176514 0)
(1.3017887e-10 -0.0035044732 0)
(-2.7460973e-11 -0.0013992355 0)
(-3.7518894e-11 -0.0013992355 0)
(5.4120287e-11 -0.0035044732 0)
(-2.1911191e-10 -0.0049176514 0)
(1.6461487e-10 -0.0056293904 0)
(-1.6550187e-10 -0.0056293904 0)
(2.0756965e-10 -0.0049176514 0)
(-4.4369494e-11 -0.0035044732 0)
(3.2116323e-11 -0.0013992355 0)
(3.3879413e-11 -0.0013992355 0)
(-1.3791797e-10 -0.0035044732 0)
(9.1085639e-11 -0.0049176514 0)
(-2.3112173e-10 -0.0056293904 0)
(2.2219197e-10 -0.0056293904 0)
(-8.4495814e-11 -0.0049176514 0)
(1.2791318e-10 -0.0035044732 0)
(-2.7394572e-11 -0.0013992355 0)
(-3.7158261e-11 -0.0013992355 0)
(5.4000403e-11 -0.0035044731 0)
(-2.1818029e-10 -0.0049176514 0)
(1.6262663e-10 -0.0056293904 0)
(-1.6711497e-10 -0.0056293904 0)
(2.0400838e-10 -0.0049176514 0)
(-4.5446893e-11 -0.0035044732 0)
(3.1648088e-11 -0.0013992355 0)
(3.3722447e-11 -0.0013992355 0)
(-1.3698849e-10 -0.0035044731 0)
(9.0410786e-11 -0.0049176514 0)
(-2.3140806e-10 -0.0056293904 0)
(2.1886254e-10 -0.0056293904 0)
(-8.6453593e-11 -0.0049176514 0)
(1.2575981e-10 -0.0035044731 0)
(-2.7337824e-11 -0.0013992355 0)
(-3.6811117e-11 -0.0013992355 0)
(5.381506e-11 -0.0035044731 0)
(-2.1741395e-10 -0.0049176514 0)
(1.6063419e-10 -0.0056293904 0)
(-1.6867041e-10 -0.0056293905 0)
(2.006334e-10 -0.0049176514 0)
(-4.6460265e-11 -0.0035044731 0)
(3.1189408e-11 -0.0013992355 0)
(3.3581662e-11 -0.0013992355 0)
(-1.3612855e-10 -0.0035044731 0)
(8.9730122e-11 -0.0049176514 0)
(-2.3168634e-10 -0.0056293905 0)
(2.1573817e-10 -0.0056293905 0)
(-8.8264478e-11 -0.0049176514 0)
(1.2371944e-10 -0.0035044731 0)
(-2.7293627e-11 -0.0013992355 0)
(-3.6466231e-11 -0.0013992354 0)
(5.3666718e-11 -0.003504473 0)
(-2.1662868e-10 -0.0049176514 0)
(1.5883896e-10 -0.0056293905 0)
(-1.7001902e-10 -0.0056293905 0)
(1.975108e-10 -0.0049176514 0)
(-4.7400618e-11 -0.0035044731 0)
(3.0736704e-11 -0.0013992354 0)
(3.346856e-11 -0.0013992354 0)
(-1.3522219e-10 -0.003504473 0)
(8.9240669e-11 -0.0049176513 0)
(-2.3172459e-10 -0.0056293905 0)
(2.1299137e-10 -0.0056293905 0)
(-8.9834027e-11 -0.0049176514 0)
(1.2180499e-10 -0.003504473 0)
(-2.7263001e-11 -0.0013992354 0)
(-3.6104847e-11 -0.0013992354 0)
(5.3669188e-11 -0.003504473 0)
(-2.1560055e-10 -0.0049176513 0)
(1.5747977e-10 -0.0056293905 0)
(-1.7094348e-10 -0.0056293905 0)
(1.9474528e-10 -0.0049176514 0)
(-4.8233793e-11 -0.003504473 0)
(3.0282746e-11 -0.0013992354 0)
(3.3394379e-11 -0.0013992354 0)
(-1.3413001e-10 -0.003504473 0)
(8.914675e-11 -0.0049176513 0)
(-2.3123716e-10 -0.0056293905 0)
(2.1083801e-10 -0.0056293905 0)
(-9.100379e-11 -0.0049176514 0)
(1.2004097e-10 -0.003504473 0)
(-2.7244131e-11 -0.0013992354 0)
(-3.5696471e-11 -0.0013992354 0)
(5.3928649e-11 -0.0035044729 0)
(-2.1408313e-10 -0.0049176513 0)
(1.5680111e-10 -0.0056293905 0)
(-1.7115045e-10 -0.0056293905 0)
(1.9248106e-10 -0.0049176514 0)
(-4.888998e-11 -0.003504473 0)
(2.9812059e-11 -0.0013992354 0)
(3.3366831e-11 -0.0013992354 0)
(-1.3269945e-10 -0.0035044729 0)
(8.9608203e-11 -0.0049176513 0)
(-2.2990327e-10 -0.0056293905 0)
(2.0952008e-10 -0.0056293905 0)
(-9.1527081e-11 -0.0049176513 0)
(1.1846185e-10 -0.003504473 0)
(-2.7230873e-11 -0.0013992354 0)
(-3.5192976e-11 -0.0013992353 0)
(5.4502653e-11 -0.0035044729 0)
(-2.1184964e-10 -0.0049176513 0)
(1.569903e-10 -0.0056293905 0)
(-1.7025726e-10 -0.0056293906 0)
(1.9090794e-10 -0.0049176513 0)
(-4.9241564e-11 -0.0035044729 0)
(2.9293888e-11 -0.0013992354 0)
(3.3382745e-11 -0.0013992353 0)
(-1.3079441e-10 -0.0035044729 0)
(9.0638506e-11 -0.0049176513 0)
(-2.2740648e-10 -0.0056293906 0)
(2.0928404e-10 -0.0056293906 0)
(-9.1013593e-11 -0.0049176513 0)
(1.1712017e-10 -0.0035044729 0)
(-2.7209278e-11 -0.0013992353 0)
(-3.4521908e-11 -0.0013992353 0)
(5.5316174e-11 -0.0035044728 0)
(-2.0878616e-10 -0.0049176513 0)
(1.5806847e-10 -0.0056293906 0)
(-1.6775387e-10 -0.0056293906 0)
(1.9030309e-10 -0.0049176513 0)
(-4.904733e-11 -0.0035044729 0)
(2.867289e-11 -0.0013992353 0)
(3.3414287e-11 -0.0013992353 0)
(-1.2837508e-10 -0.0035044728 0)
(9.1908805e-11 -0.0049176513 0)
(-2.2351071e-10 -0.0056293906 0)
(2.1038227e-10 -0.0056293906 0)
(-8.8791803e-11 -0.0049176513 0)
(1.1613921e-10 -0.0035044729 0)
(-2.7149039e-11 -0.0013992353 0)
(-3.3585343e-11 -0.0013992353 0)
(5.5986607e-11 -0.0035044728 0)
(-2.0510323e-10 -0.0049176513 0)
(1.5971245e-10 -0.0056293906 0)
(-1.6289915e-10 -0.0056293906 0)
(1.9118847e-10 -0.0049176513 0)
(-4.7808519e-11 -0.0035044729 0)
(2.7865278e-11 -0.0013992353 0)
(3.3379558e-11 -0.0013992353 0)
(-1.2570839e-10 -0.0035044728 0)
(9.236437e-11 -0.0049176513 0)
(-2.182177e-10 -0.0056293906 0)
(2.1316756e-10 -0.0056293906 0)
(-8.3575002e-11 -0.0049176513 0)
(1.1589928e-10 -0.0035044728 0)
(-2.6980153e-11 -0.0013992353 0)
(-3.2284162e-11 -0.0013992353 0)
(5.5446514e-11 -0.0035044727 0)
(-2.0182547e-10 -0.0049176512 0)
(1.6096122e-10 -0.0056293906 0)
(-1.5447039e-10 -0.0056293906 0)
(1.9478929e-10 -0.0049176513 0)
(-4.4413041e-11 -0.0035044728 0)
(2.6780599e-11 -0.0013992353 0)
(3.3075093e-11 -0.0013992352 0)
(-1.2390033e-10 -0.0035044727 0)
(8.9447179e-11 -0.0049176512 0)
(-2.1211336e-10 -0.0056293906 0)
(2.1843045e-10 -0.0056293906 0)
(-7.2695276e-11 -0.0049176513 0)
(1.1756503e-10 -0.0035044728 0)
(-2.6529777e-11 -0.0013992353 0)
(-3.061885e-11 -0.0013992352 0)
(5.1112976e-11 -0.0035044727 0)
(-2.0191105e-10 -0.0049176512 0)
(1.5970732e-10 -0.0056293906 0)
(-1.4022159e-10 -0.0056293907 0)
(2.0417854e-10 -0.0049176513 0)
(-3.629802e-11 -0.0035044728 0)
(2.5423233e-11 -0.0013992353 0)
(3.2010008e-11 -0.0013992352 0)
(-1.2617002e-10 -0.0035044727 0)
(7.7497478e-11 -0.0049176512 0)
(-2.0714406e-10 -0.0056293906 0)
(2.2826154e-10 -0.0056293907 0)
(-5.0444605e-11 -0.0049176513 0)
(1.2438996e-10 -0.0035044727 0)
(-2.535646e-11 -0.0013992352 0)
(-2.8985193e-11 -0.0013992352 0)
(3.7070185e-11 -0.0035044727 0)
(-2.1271075e-10 -0.0049176512 0)
(1.5176128e-10 -0.0056293907 0)
(-1.1581114e-10 -0.0056293907 0)
(2.2683893e-10 -0.0049176513 0)
(-1.7583892e-11 -0.0035044727 0)
(2.4193013e-11 -0.0013992352 0)
(2.9000354e-11 -0.0013992352 0)
(-1.4070815e-10 -0.0035044726 0)
(4.451743e-11 -0.0049176512 0)
(-2.0830409e-10 -0.0056293907 0)
(2.4791488e-10 -0.0056293907 0)
(-4.6989909e-12 -0.0049176512 0)
(1.4464417e-10 -0.0035044727 0)
(-2.2336184e-11 -0.0013992352 0)
(-2.8913606e-11 -0.0013992352 0)
(2.4849657e-13 -0.0035044726 0)
(-2.5103125e-10 -0.0049176512 0)
(1.2910853e-10 -0.0056293907 0)
(-7.2861474e-11 -0.0056293907 0)
(2.7989204e-10 -0.0049176512 0)
(2.4834948e-11 -0.0035044726 0)
(2.4634465e-11 -0.0013992352 0)
(2.1230801e-11 -0.0013992351 0)
(-1.866071e-10 -0.0035044725 0)
(-3.4002093e-11 -0.0049176512 0)
(-2.270082e-10 -0.0056293908 0)
(2.8938858e-10 -0.0056293908 0)
(8.9433914e-11 -0.0049176512 0)
(1.9763662e-10 -0.0035044726 0)
(-1.4706076e-11 -0.0013992351 0)
(-3.4730055e-11 -0.0013992351 0)
(-8.6990709e-11 -0.0035044725 0)
(-3.5262853e-10 -0.0049176512 0)
(7.695757e-11 -0.0056293909 0)
(4.1906579e-12 -0.0056293909 0)
(3.9973637e-10 -0.0049176512 0)
(1.1880513e-10 -0.0035044725 0)
(3.1109782e-11 -0.0013992351 0)
(2.3030479e-12 -0.001399235 0)
(-3.0497006e-10 -0.0035044724 0)
(-2.054602e-10 -0.0049176512 0)
(-2.8707213e-10 -0.005629391 0)
(3.7750421e-10 -0.005629391 0)
(2.8007675e-10 -0.0049176512 0)
(3.2488028e-10 -0.0035044724 0)
(3.9149304e-12 -0.001399235 0)
(-5.6934378e-11 -0.001399235 0)
(-2.7931397e-10 -0.0035044723 0)
(-5.8747734e-10 -0.0049176512 0)
(-3.0131429e-11 -0.0056293911 0)
(1.4188224e-10 -0.0056293911 0)
(6.5725806e-10 -0.0049176512 0)
(3.1940454e-10 -0.0035044723 0)
(5.4185402e-11 -0.001399235 0)
(-4.1203215e-11 -0.0013992348 0)
(-5.7657238e-10 -0.0035044722 0)
(-5.5318839e-10 -0.0049176513 0)
(-4.3335843e-10 -0.0056293913 0)
(5.5822192e-10 -0.0056293913 0)
(6.5143271e-10 -0.0049176512 0)
(6.0767166e-10 -0.0035044721 0)
(4.7000793e-11 -0.0013992348 0)
(-1.1825967e-10 -0.0013992347 0)
(-6.7372493e-10 -0.003504472 0)
(-1.0772521e-09 -0.0049176513 0)
(-2.2931676e-10 -0.0056293917 0)
(3.7820071e-10 -0.0056293916 0)
(1.1748592e-09 -0.0049176513 0)
(7.2411633e-10 -0.0035044719 0)
(1.1668841e-10 -0.0013992347 0)
(-1.342095e-10 -0.0013992344 0)
(-1.1412016e-09 -0.0035044717 0)
(-1.1992538e-09 -0.0049176515 0)
(-7.3870547e-10 -0.0056293921 0)
(9.045688e-10 -0.005629392 0)
(1.3258955e-09 -0.0049176514 0)
(1.1861089e-09 -0.0035044716 0)
(1.3963435e-10 -0.0013992344 0)
(-2.6244856e-10 -0.001399234 0)
(-1.4117363e-09 -0.0035044714 0)
(-1.9938103e-09 -0.0049176515 0)
(-5.5417075e-10 -0.0056293927 0)
(7.4583413e-10 -0.0056293926 0)
(2.1238684e-09 -0.0049176514 0)
(1.4746158e-09 -0.0035044713 0)
(2.6245881e-10 -0.001399234 0)
(-3.1494733e-10 -0.0013992336 0)
(-2.1925616e-09 -0.0035044708 0)
(-2.2529574e-09 -0.0049176518 0)
(-1.2913636e-09 -0.0056293934 0)
(1.5022392e-09 -0.0056293934 0)
(2.4112556e-09 -0.0049176516 0)
(2.2534069e-09 -0.0035044707 0)
(3.2034719e-10 -0.0013992335 0)
(-5.6142877e-10 -0.0013992328 0)
(-2.6174011e-09 -0.0035044703 0)
(-3.4719842e-09 -0.0049176519 0)
(-9.6761841e-10 -0.0056293946 0)
(1.203117e-09 -0.0056293945 0)
(3.6357848e-09 -0.0049176518 0)
(2.6942257e-09 -0.0035044701 0)
(5.6348503e-10 -0.0013992328 0)
(-6.2317564e-10 -0.001399232 0)
(-3.8719695e-09 -0.0035044693 0)
(-3.5973214e-09 -0.0049176526 0)
(-2.113992e-09 -0.0056293958 0)
(2.3664919e-09 -0.0056293957 0)
(3.7856573e-09 -0.0049176523 0)
(3.9488936e-09 -0.0035044691 0)
(6.2935566e-10 -0.0013992319 0)
(-1.1052979e-09 -0.0013992306 0)
(-4.1557038e-09 -0.0035044687 0)
(-5.283067e-09 -0.0049176528 0)
(-1.1732998e-09 -0.0056293976 0)
(1.4433747e-09 -0.0056293974 0)
(5.4742321e-09 -0.0049176526 0)
(4.2457309e-09 -0.0035044684 0)
(1.1098327e-09 -0.0013992305 0)
(-1.0532267e-09 -0.0013992293 0)
(-5.897993e-09 -0.0035044673 0)
(-4.3147209e-09 -0.004917654 0)
(-2.914065e-09 -0.0056293992 0)
(3.1909186e-09 -0.0056293991 0)
(4.5221066e-09 -0.0049176536 0)
(5.9871265e-09 -0.003504467 0)
(1.0615734e-09 -0.0013992291 0)
(-1.9403173e-09 -0.0013992272 0)
(-5.019578e-09 -0.0035044668 0)
(-6.0058541e-09 -0.0049176544 0)
(-2.0496468e-10 -0.0056294013 0)
(4.8357256e-10 -0.0056294011 0)
(6.2055115e-09 -0.0049176541 0)
(5.1181585e-09 -0.0035044664 0)
(1.9475541e-09 -0.0013992271 0)
(-1.4427475e-09 -0.0013992255 0)
(-6.6876173e-09 -0.0035044656 0)
(-1.4969941e-09 -0.0049176562 0)
(-2.5189408e-09 -0.0056294025 0)
(2.7830319e-09 -0.0056294025 0)
(1.6990446e-09 -0.0049176556 0)
(6.7791457e-09 -0.0035044652 0)
(1.4551979e-09 -0.0013992253 0)
(-2.9038286e-09 -0.0013992232 0)
(-2.1476823e-09 -0.0035044663 0)
(-1.4125352e-09 -0.0049176567 0)
(4.2833227e-09 -0.0056294035 0)
(-4.0433347e-09 -0.0056294032 0)
(1.5860991e-09 -0.0049176563 0)
(2.2449313e-09 -0.0035044658 0)
(2.9134404e-09 -0.001399223 0)
(-1.2788679e-09 -0.0013992223 0)
(-1.7850284e-09 -0.0035044671 0)
(1.1673178e-08 -0.004917659 0)
(2.1035488e-09 -0.0056294014 0)
(-1.911105e-09 -0.0056294014 0)
(-1.1515575e-08 -0.0049176584 0)
(1.8621265e-09 -0.0035044667 0)
(1.2974692e-09 -0.001399222 0)
(-3.3239525e-09 -0.0013992218 0)
(1.1297866e-08 -0.0035044721 0)
(1.7900167e-08 -0.0049176593 0)
(1.6943189e-08 -0.0056293966 0)
(-1.6808482e-08 -0.0056293963 0)
(-1.7801943e-08 -0.0049176589 0)
(-1.1217478e-08 -0.0035044715 0)
(3.3343996e-09 -0.0013992215 0)
(5.4825911e-10 -0.0013992248 0)
(1.8155342e-08 -0.0035044795 0)
(4.811995e-08 -0.0049176612 0)
(1.7052091e-08 -0.0056293845 0)
(-1.7005988e-08 -0.0056293844 0)
(-4.8056563e-08 -0.0049176605 0)
(-1.8116113e-08 -0.003504479 0)
(-5.2250912e-10 -0.0013992245 0)
(-1.6502165e-09 -0.001399231 0)
(4.7537026e-08 -0.0035044952 0)
(6.8694138e-08 -0.00491766 0)
(4.5430768e-08 -0.0056293638 0)
(-4.5476732e-08 -0.0056293635 0)
(-6.8727766e-08 -0.0049176596 0)
(-4.7494132e-08 -0.0035044945 0)
(1.6576087e-09 -0.0013992307 0)
(5.9220311e-09 -0.0013992448 0)
(6.8641783e-08 -0.0035045182 0)
(1.2782105e-07 -0.0049176593 0)
(5.213137e-08 -0.0056293279 0)
(-5.230629e-08 -0.0056293278 0)
(-1.2790266e-07 -0.0049176587 0)
(-6.8668862e-08 -0.0035045177 0)
(-5.8912616e-09 -0.0013992445 0)
(4.7342775e-09 -0.0013992673 0)
(1.2402615e-07 -0.0035045557 0)
(1.7471847e-07 -0.0049176541 0)
(9.9932892e-08 -0.0056292732 0)
(-1.002237e-07 -0.0056292729 0)
(-1.7493505e-07 -0.0049176537 0)
(-1.240459e-07 -0.0035045551 0)
(-4.7376374e-09 -0.0013992671 0)
(1.737423e-08 -0.0013993042 0)
(1.6953093e-07 -0.0035046091 0)
(2.7476198e-07 -0.0049176465 0)
(1.1942257e-07 -0.005629191 0)
(-1.1986956e-07 -0.0056291909 0)
(-2.750274e-07 -0.0049176461 0)
(-1.6965588e-07 -0.0035046086 0)
(-1.7346217e-08 -0.0013993039 0)
(1.9098534e-08 -0.0013993583 0)
(2.5912916e-07 -0.0035046854 0)
(3.6032594e-07 -0.0049176325 0)
(1.9022375e-07 -0.0056290749 0)
(-1.9078804e-07 -0.0056290747 0)
(-3.6075678e-07 -0.0049176322 0)
(-2.5924103e-07 -0.003504685 0)
(-1.9125053e-08 -0.001399358 0)
(3.7367039e-08 -0.0013994353 0)
(3.3739248e-07 -0.0035047887 0)
(5.0684929e-07 -0.004917612 0)
(2.2813971e-07 -0.0056289157 0)
(-2.2886299e-07 -0.0056289156 0)
(-5.0731365e-07 -0.0049176117 0)
(-3.3764701e-07 -0.0035047884 0)
(-3.735611e-08 -0.0013994351 0)
(4.3967647e-08 -0.0013995402 0)
(4.6153253e-07 -0.0035049239 0)
(6.353852e-07 -0.0049175828 0)
(3.1922909e-07 -0.0056287054 0)
(-3.2004185e-07 -0.0056287053 0)
(-6.3603125e-07 -0.0049175826 0)
(-4.6176674e-07 -0.0035049237 0)
(-4.4031778e-08 -0.0013995401 0)
(6.6804554e-08 -0.0013996765 0)
(5.7087389e-07 -0.0035050969 0)
(8.1755564e-07 -0.0049175419 0)
(3.7528096e-07 -0.0056284373 0)
(-3.7622927e-07 -0.0056284373 0)
(-8.1820582e-07 -0.0049175418 0)
(-5.7127993e-07 -0.0035050968 0)
(-6.6826341e-08 -0.0013996765 0)
(7.8871059e-08 -0.0013998495 0)
(7.13758e-07 -0.0035053074 0)
(9.725501e-07 -0.0049174909 0)
(4.7339221e-07 -0.0056281053 0)
(-4.7438624e-07 -0.0056281054 0)
(-9.7337953e-07 -0.004917491 0)
(-7.1412902e-07 -0.0035053076 0)
(-7.8978493e-08 -0.0013998496 0)
(1.0313822e-07 -0.0014000576 0)
(8.3180368e-07 -0.0035055601 0)
(1.1525341e-06 -0.0049174244 0)
(5.3413187e-07 -0.0056277106 0)
(-5.3523454e-07 -0.0056277107 0)
(-1.1533328e-06 -0.0049174248 0)
(-8.3234606e-07 -0.0035055604 0)
(-1.0319297e-07 -0.0014000577 0)
(1.1790823e-07 -0.0014003011 0)
(9.5358105e-07 -0.0035058444 0)
(1.2833361e-06 -0.0049173495 0)
(6.122132e-07 -0.005627259 0)
(-6.1333014e-07 -0.0056272593 0)
(-1.2842957e-06 -0.00491735 0)
(-9.5405583e-07 -0.0035058451 0)
(-1.1803737e-07 -0.0014003013 0)
(1.3674114e-07 -0.0014005713 0)
(1.0274535e-06 -0.0035061575 0)
(1.3861228e-06 -0.0049172588 0)
(6.43514e-07 -0.0056267648 0)
(-6.4470707e-07 -0.005626765 0)
(-1.3870174e-06 -0.0049172596 0)
(-1.0280755e-06 -0.0035061583 0)
(-1.3681373e-07 -0.0014005718 0)
(1.4924012e-07 -0.0014008721 0)
(1.060209e-06 -0.0035064815 0)
(1.3931887e-06 -0.0049171604 0)
(6.5491231e-07 -0.005626242 0)
(-6.5608196e-07 -0.0056262425 0)
(-1.3942068e-06 -0.0049171613 0)
(-1.0607446e-06 -0.0035064826 0)
(-1.493875e-07 -0.0014008727 0)
(1.8722467e-07 -0.0014012211 0)
(1.0142927e-06 -0.0035068752 0)
(1.3042418e-06 -0.0049170378 0)
(5.9750756e-07 -0.0056255961 0)
(-5.9870839e-07 -0.0056255965 0)
(-1.3051551e-06 -0.004917039 0)
(-1.0149289e-06 -0.0035068764 0)
(-1.8734039e-07 -0.0014012218 0)
)
;

boundaryField
{
    left
    {
        type            uniformFixedValue;
        uniformValue    sine;
        uniformValueCoeffs
        {
            t0              0;
            amplitude       constant 0.0125;
            frequency       constant 1;
            scale           constant (0 1 0);
            level           constant (0 0 0);
        }
        value           uniform (0 -0.0038627124 0);
    }
    right
    {
        type            zeroGradient;
    }
    walls
    {
        type            fixedValue;
        value           uniform (0 0 0);
    }
    frontAndBack
    {
        type            empty;
    }
}


// ************************************************************************* //
