/*--------------------------------*- C++ -*----------------------------------*\
| =========                 |                                                 |
| \\      /  F ield         | OpenFOAM: The Open Source CFD Toolbox           |
|  \\    /   O peration     | Version:  5.x                                   |
|   \\  /    A nd           | Web:      www.OpenFOAM.org                      |
|    \\/     M anipulation  |                                                 |
\*---------------------------------------------------------------------------*/
FoamFile
{
    version     2.0;
    format      ascii;
    class       surfaceScalarField;
    location    "7";
    object      phi;
}
// * * * * * * * * * * * * * * * * * * * * * * * * * * * * * * * * * * * * * //

dimensions      [0 3 -1 0 0 0 0];

internalField   nonuniform List<scalar> 
3592
(
-7.8104958e-10
7.8104957e-10
-1.8424247e-09
1.0613807e-09
-1.6254231e-09
-2.1699615e-10
1.0341284e-12
-1.6264523e-09
1.6264587e-09
-1.6254197e-09
1.8434654e-09
-2.1700164e-10
7.810538e-10
1.0624168e-09
7.8105914e-10
-1.3437747e-09
2.1248304e-09
-3.775067e-09
3.4926846e-09
-3.4737725e-09
-5.1827919e-10
1.6957813e-12
-5.1019096e-09
3.4780897e-09
-5.1018025e-09
3.7766243e-09
-5.1552479e-10
1.3446425e-09
3.4944101e-09
2.1257079e-09
-2.157413e-09
4.2822505e-09
-5.327289e-09
6.6625722e-09
-4.7687726e-09
-1.0767844e-09
3.2602387e-12
-9.8739316e-09
4.7731696e-09
-9.8717008e-09
5.3308067e-09
-1.0731504e-09
2.158228e-09
6.6670001e-09
4.2839413e-09
-2.7855609e-09
7.067818e-09
-6.3872989e-09
1.0264321e-08
-5.6180033e-09
-1.8460691e-09
2.971531e-12
-1.5494896e-08
5.6241769e-09
-1.5492896e-08
6.3904439e-09
-1.8394063e-09
2.786829e-09
1.0270626e-08
7.0707759e-09
-3.0992221e-09
1.0167046e-08
-6.9853877e-09
1.4150497e-08
-6.0581573e-09
-2.7732892e-09
3.3631797e-12
-2.1556407e-08
6.0632109e-09
-2.1552733e-08
6.9890859e-09
-2.7652709e-09
3.1003596e-09
1.4159363e-08
1.0171141e-08
-3.222895e-09
1.3389948e-08
-7.1143919e-09
1.8042005e-08
-6.1620915e-09
-3.7255788e-09
2.4500984e-12
-2.7720938e-08
6.1668714e-09
-2.7717144e-08
7.1171349e-09
-3.7155235e-09
3.223909e-09
1.8052599e-08
1.3395055e-08
-3.1046692e-09
1.6494623e-08
-6.9066495e-09
2.1843996e-08
-5.9522881e-09
-4.6799302e-09
1.8271257e-12
-3.3675043e-08
5.9552858e-09
-3.3670593e-08
6.9086749e-09
-4.6689024e-09
3.1054186e-09
2.1855865e-08
1.6500479e-08
-2.8952331e-09
1.9389862e-08
-6.3876926e-09
2.5336467e-08
-5.5270756e-09
-5.5405363e-09
8.090111e-13
-3.9202917e-08
5.5284155e-09
-3.9198189e-08
6.3886764e-09
-5.5291522e-09
2.8955189e-09
2.5349034e-08
1.9396004e-08
-2.54787e-09
2.1937738e-08
-5.7078744e-09
2.8496482e-08
-4.9330925e-09
-6.3153082e-09
-3.1101839e-13
-4.4135689e-08
4.9329023e-09
-4.4131392e-08
5.7075301e-09
-6.30377e-09
2.5479051e-09
2.8508669e-08
2.1943914e-08
-2.19087e-09
2.4128614e-08
-4.8991515e-09
3.1204775e-08
-4.2644154e-09
-6.9500333e-09
-1.0137294e-12
-4.839908e-08
4.2621513e-09
-4.8394547e-08
4.8981562e-09
-6.9397638e-09
2.1904091e-09
3.1216426e-08
2.4134328e-08
-1.7887518e-09
2.5917372e-08
-4.07752e-09
3.3493553e-08
-3.5558644e-09
-7.4716791e-09
-2.1246817e-12
-5.1952811e-08
3.5528294e-09
-5.1949491e-08
4.0752018e-09
-7.4621264e-09
1.7881593e-09
3.3503478e-08
2.5922493e-08
-1.426322e-09
2.73437e-08
-3.2654103e-09
3.5332653e-08
-2.8737736e-09
-7.8633047e-09
-2.3746274e-12
-5.4824199e-08
2.8689665e-09
-5.4820822e-08
3.2629599e-09
-7.8561087e-09
1.4253648e-09
3.5341084e-08
2.7347863e-08
-1.0799077e-09
2.8423614e-08
-2.5311049e-09
3.678386e-08
-2.2395472e-09
-8.1548529e-09
-3.2175033e-12
-5.706052e-08
2.2346899e-09
-5.705872e-08
2.5276413e-09
-8.1490505e-09
1.078943e-09
3.6789792e-08
2.8426811e-08
-7.9134559e-10
2.9214966e-08
-1.8830149e-09
3.7875541e-08
-1.6865306e-09
-8.3513261e-09
-3.157039e-12
-5.8743882e-08
1.6804096e-09
-5.8742276e-08
1.8797562e-09
-8.3483861e-09
7.9015969e-10
3.7879399e-08
2.9216976e-08
-5.4757709e-10
2.9762548e-08
-1.3457616e-09
3.8673735e-08
-1.2195291e-09
-8.4775492e-09
-3.7351243e-12
-5.9959667e-08
1.213692e-09
-5.9959694e-08
1.3417978e-09
-8.4764825e-09
5.464406e-10
3.8674766e-08
2.9763422e-08
-3.5780448e-10
3.0120359e-08
-9.1474551e-10
3.9230688e-08
-8.447082e-10
-8.5475752e-09
-3.591034e-12
-6.0800774e-08
8.3799964e-10
-6.0801274e-08
9.110494e-10
-8.5495211e-09
3.565262e-10
3.92293e-08
3.0119953e-08
-2.1579405e-10
3.0336159e-08
-5.8528361e-10
3.9600187e-08
-5.5503154e-10
-8.5778182e-09
-3.9881178e-12
-6.1351809e-08
5.4859216e-10
-6.1353845e-08
5.8108468e-10
-8.5820044e-09
2.1455915e-10
3.9595834e-08
3.0334517e-08
-1.1261381e-10
3.0448779e-08
-3.4586138e-10
3.9833446e-08
-3.4113823e-10
-8.5825301e-09
-3.8738354e-12
-6.1689062e-08
3.34105e-10
-6.1691813e-08
3.4184811e-10
-8.5897364e-09
1.1126827e-10
3.9826425e-08
3.0445791e-08
-4.6661592e-11
3.0495446e-08
-1.7877932e-10
3.9965573e-08
-1.913189e-10
-8.5699816e-09
-4.1257613e-12
-6.1876247e-08
1.844718e-10
-6.1880402e-08
1.7443458e-10
-8.5796902e-09
4.5346428e-11
3.9955522e-08
3.0491142e-08
-2.5275197e-12
3.049798e-08
-7.2198972e-11
4.0035256e-08
-9.1322186e-11
-8.5508471e-09
-4.0290402e-12
-6.1963529e-08
8.4168282e-11
-6.1968589e-08
6.7996834e-11
-8.5635076e-09
1.1347083e-12
4.0022395e-08
3.0492282e-08
1.7877255e-11
3.0480108e-08
-6.9979317e-12
4.0060141e-08
-3.047739e-11
-8.5273589e-09
-4.0806938e-12
-6.1989917e-08
2.3566147e-11
-6.1996227e-08
2.6794188e-12
-8.5426121e-09
-1.9216219e-11
4.0044299e-08
3.0473071e-08
2.9862309e-11
3.0450252e-08
2.4886371e-11
4.0065128e-08
3.8825972e-12
-8.5063438e-09
-3.8886049e-12
-6.1982135e-08
-1.069721e-11
-6.1989408e-08
-2.8971805e-11
-8.5243264e-09
-3.1215234e-11
4.0046553e-08
3.0441861e-08
2.8774097e-11
3.0421483e-08
3.8624615e-11
4.0055287e-08
1.869408e-11
-8.4864048e-09
-3.6965501e-12
-6.1959737e-08
-2.5026645e-11
-6.196807e-08
-4.2546247e-11
-8.5067982e-09
-3.0006221e-11
4.0034022e-08
3.0411859e-08
2.7514298e-11
3.0393976e-08
3.7466159e-11
4.0045347e-08
2.2835733e-11
-8.4717631e-09
-3.3248909e-12
-6.1933565e-08
-2.8617002e-11
-6.1942767e-08
-4.0971098e-11
-8.494433e-09
-2.8676568e-11
4.0021738e-08
3.0383188e-08
1.948557e-11
3.0374495e-08
3.1813666e-11
4.0033028e-08
1.9371215e-11
-8.4593123e-09
-2.8804081e-12
-6.1911306e-08
-2.4347338e-11
-6.1921292e-08
-3.4873417e-11
-8.4838986e-09
-2.0444714e-11
4.0007317e-08
3.0362747e-08
1.5251294e-11
3.035925e-08
2.1019691e-11
4.0027271e-08
1.3725e-11
-8.4520063e-09
-2.3430012e-12
-6.1895227e-08
-1.7763152e-11
-6.1905861e-08
-2.3475477e-11
-8.478175e-09
-1.6066219e-11
3.9999919e-08
3.0346687e-08
7.0579035e-12
3.0352197e-08
1.1981536e-11
4.0022356e-08
6.1753102e-12
-8.446192e-09
-1.7234793e-12
-6.188732e-08
-9.1718889e-12
-6.1898405e-08
-1.3798184e-11
-8.4735406e-09
-7.6084836e-12
3.9993737e-08
3.0339082e-08
3.9801928e-12
3.0348224e-08
1.6706351e-12
4.0024677e-08
-6.1797611e-14
-8.4444482e-09
-1.0970196e-12
-6.1886274e-08
-1.7893473e-12
-6.1897701e-08
-2.7852174e-12
-8.4725335e-09
-4.3497332e-12
3.9995312e-08
3.0334738e-08
-2.2767598e-12
3.0350505e-08
-4.9382922e-12
4.0027347e-08
-6.2636607e-12
-8.443115e-09
-4.1983711e-13
-6.1892111e-08
5.5131612e-12
-6.1903627e-08
4.523561e-12
-8.471536e-09
2.1905686e-12
3.9997653e-08
3.0336933e-08
-3.3394752e-12
3.0353851e-08
-1.1998909e-11
4.0036018e-08
-1.0292196e-11
-8.4448103e-09
1.8489067e-13
-6.1902577e-08
1.0679614e-11
-6.1914111e-08
1.2261637e-11
-8.4731068e-09
3.4251055e-12
4.00065e-08
3.0340364e-08
-7.671433e-12
3.0361527e-08
-1.5319407e-11
4.0043674e-08
-1.4091747e-11
-8.4460303e-09
8.0240041e-13
-6.1917464e-08
1.545033e-11
-6.1928751e-08
1.6212869e-11
-8.4738617e-09
8.0164335e-12
4.0014705e-08
3.0348384e-08
-7.1248783e-12
3.0368659e-08
-1.9424841e-11
4.0055986e-08
-1.5895244e-11
-8.4495485e-09
1.2891659e-12
-6.1934637e-08
1.8204924e-11
-6.1945656e-08
2.0865799e-11
-8.4765113e-09
7.5950519e-12
4.0027986e-08
3.0355985e-08
-1.0157919e-11
3.0378821e-08
-2.0306712e-11
4.0066143e-08
-1.783228e-11
-8.4520155e-09
1.7644874e-12
-6.1954227e-08
2.0848661e-11
-6.1964733e-08
2.2219478e-11
-8.4778746e-09
1.0833889e-11
4.0039379e-08
3.0366822e-08
-8.6394558e-12
3.0387467e-08
-2.2517594e-11
4.0080032e-08
-1.8176688e-11
-8.456345e-09
2.0778297e-12
-6.197447e-08
2.1854433e-11
-6.1984499e-08
2.4788354e-11
-8.4807973e-09
9.3739613e-12
4.0054804e-08
3.0376202e-08
-1.0966538e-11
3.0398438e-08
-2.2004041e-11
4.0091078e-08
-1.90458e-11
-8.459296e-09
2.3754959e-12
-6.1995885e-08
2.3109622e-11
-6.2005226e-08
2.4550809e-11
-8.4822312e-09
1.1841869e-11
4.0067521e-08
3.0388047e-08
-8.969219e-12
3.0407414e-08
-2.3237608e-11
4.0105357e-08
-1.8648809e-11
-8.4638734e-09
2.5042891e-12
-6.2017027e-08
2.3061704e-11
-6.2025772e-08
2.594279e-11
-8.485101e-09
9.8341594e-12
4.008364e-08
3.0397887e-08
-1.0978849e-11
3.0418397e-08
-2.2077236e-11
4.0116464e-08
-1.9040204e-11
-8.4669034e-09
2.6299895e-12
-6.203869e-08
2.3532592e-11
-6.2046668e-08
2.487138e-11
-8.4864327e-09
1.1923748e-11
4.0096595e-08
3.0409815e-08
-8.7950892e-12
3.0427199e-08
-2.2906042e-11
4.0130586e-08
-1.8359409e-11
-8.4714386e-09
2.5968368e-12
-6.2059636e-08
2.2926197e-11
-6.2066987e-08
2.5685779e-11
-8.489181e-09
9.6710244e-12
4.011262e-08
3.0419491e-08
-1.0692838e-11
3.0437896e-08
-2.1519261e-11
4.014142e-08
-1.8603851e-11
-8.4743472e-09
2.5830072e-12
-6.2080816e-08
2.3002989e-11
-6.20874e-08
2.4238463e-11
-8.4904096e-09
1.1601406e-11
4.0125264e-08
3.0431096e-08
-8.4657354e-12
3.0446368e-08
-2.223254e-11
4.0155198e-08
-1.7867596e-11
-8.4787008e-09
2.428907e-12
-6.2101101e-08
2.2136642e-11
-6.2107097e-08
2.4810571e-11
-8.4930723e-09
9.2633298e-12
4.0140822e-08
3.0440365e-08
-1.0340611e-11
3.0456713e-08
-2.0811649e-11
4.0165677e-08
-1.8109217e-11
-8.4813966e-09
2.3194322e-12
-6.2121524e-08
2.2041843e-11
-6.2126813e-08
2.3228721e-11
-8.4942525e-09
1.1140434e-11
4.0152917e-08
3.0451509e-08
-8.1266008e-12
3.0464846e-08
-2.1525448e-11
4.0179087e-08
-1.7402113e-11
-8.4855085e-09
2.0900109e-12
-6.2141005e-08
2.1078581e-11
-6.2145791e-08
2.3724715e-11
-8.4968874e-09
8.790877e-12
4.0167862e-08
3.0460305e-08
-1.0006832e-11
3.0474856e-08
-2.013635e-11
4.0189224e-08
-1.7681017e-11
-8.4879575e-09
1.928414e-12
-6.2160608e-08
2.0929213e-11
-6.2164785e-08
2.2121908e-11
-8.4980736e-09
1.0658868e-11
4.0179331e-08
3.0470967e-08
-7.820414e-12
3.0482684e-08
-2.0879719e-11
4.0202294e-08
-1.7015571e-11
-8.4918102e-09
1.6646676e-12
-6.2179278e-08
1.9951937e-11
-6.2183062e-08
2.2615036e-11
-8.5007255e-09
8.3272999e-12
4.019363e-08
3.04793e-08
-9.7079592e-12
3.0492395e-08
-1.9530433e-11
4.0212124e-08
-1.7325626e-11
-8.4940089e-09
1.4871892e-12
-6.2198084e-08
1.98055e-11
-6.2201374e-08
2.1038254e-11
-8.501952e-09
1.0200747e-11
4.0204474e-08
3.0489504e-08
-7.5471117e-12
3.0499949e-08
-2.0297089e-11
4.0224885e-08
-1.6686619e-11
-8.4976079e-09
1.2208652e-12
-6.2215981e-08
1.8853307e-11
-6.2218995e-08
2.1555779e-11
-8.5046433e-09
7.8962052e-12
4.0218144e-08
3.0497406e-08
-9.4354249e-12
3.0509388e-08
-1.8975339e-11
4.0234432e-08
-1.7007728e-11
-8.4995696e-09
1.0537232e-12
-6.2234037e-08
1.8735507e-11
-6.2236671e-08
2.0020351e-11
-8.5059221e-09
9.7771387e-12
4.0228393e-08
3.0507186e-08
-7.2938165e-12
3.0516688e-08
-1.9749621e-11
4.0246899e-08
-1.6374818e-11
-8.502933e-09
8.0623126e-13
-6.2251207e-08
1.7824434e-11
-6.2253679e-08
2.0568656e-11
-8.5086551e-09
7.5003201e-12
4.0241472e-08
3.0514692e-08
-9.1755647e-12
3.0525867e-08
-1.8440238e-11
4.025617e-08
-1.6687755e-11
-8.5046797e-09
6.6572417e-13
-6.2268555e-08
1.7744388e-11
-6.2270752e-08
1.9076081e-11
-8.509981e-09
9.3862581e-12
4.0251168e-08
3.0524081e-08
-7.0474273e-12
3.0532921e-08
-1.9207945e-11
4.0268342e-08
-1.6044723e-11
-8.5078316e-09
4.491839e-13
-6.2285038e-08
1.6878525e-11
-6.228717e-08
1.9652916e-11
-8.5127442e-09
7.1350016e-12
4.0263696e-08
3.0531222e-08
-8.9171096e-12
3.0541842e-08
-1.7899288e-11
4.027733e-08
-1.6336225e-11
-8.5093891e-09
3.4331752e-13
-6.2301712e-08
1.6836828e-11
-6.2303658e-08
1.8199282e-11
-8.514101e-09
9.0223547e-12
4.0272879e-08
3.0540247e-08
-6.7986063e-12
3.0548647e-08
-1.865093e-11
4.0289194e-08
-1.5673325e-11
-8.5123554e-09
1.625778e-13
-6.2317537e-08
1.6014206e-11
-6.2319499e-08
1.879938e-11
-8.5168751e-09
6.7938927e-12
4.0284895e-08
3.0547046e-08
-8.6529514e-12
3.0557303e-08
-1.7336183e-11
4.0297883e-08
-1.5936565e-11
-8.5137497e-09
9.3234078e-14
-6.2333562e-08
1.6007248e-11
-6.2335408e-08
1.7379143e-11
-8.5182416e-09
8.6792591e-12
4.0293601e-08
3.0555728e-08
-6.5421243e-12
3.0563852e-08
-1.8066979e-11
4.0309419e-08
-1.5249892e-11
-8.5165555e-09
-5.1922288e-14
-6.2348749e-08
1.5223058e-11
-6.2350672e-08
1.7996691e-11
-8.5210041e-09
6.4710398e-12
4.0305137e-08
3.0562205e-08
-8.3797024e-12
3.0572235e-08
-1.6743461e-11
4.0317789e-08
-1.5483186e-11
-8.5178107e-09
-8.6879586e-14
-6.236414e-08
1.5245441e-11
-6.2366e-08
1.6604314e-11
-8.5223578e-09
8.3516224e-12
4.0313395e-08
3.0570559e-08
-6.2759929e-12
3.0578517e-08
-1.7452258e-11
4.0328976e-08
-1.4773103e-11
-8.5204785e-09
-1.9977903e-13
-6.2378703e-08
1.4493852e-11
-6.2380682e-08
1.7234015e-11
-8.5250869e-09
6.1615565e-12
4.0324478e-08
3.0576726e-08
-8.0966709e-12
3.0586617e-08
-1.6120212e-11
4.0337006e-08
-1.4978252e-11
-8.5216156e-09
-2.0475678e-13
-6.2393472e-08
1.4539776e-11
-6.2395422e-08
1.5864654e-11
-8.5264068e-09
8.0352438e-12
4.0332312e-08
3.0584764e-08
-6.0004131e-12
3.0592624e-08
-1.6808272e-11
4.0347825e-08
-1.4247797e-11
-8.5241649e-09
-2.9030679e-13
-6.2407418e-08
1.3814992e-11
-6.2409517e-08
1.6502138e-11
-8.5290829e-09
5.8617337e-12
4.0342963e-08
3.0590631e-08
-7.8048776e-12
3.0600432e-08
-1.5469748e-11
4.0355495e-08
-1.4428636e-11
-8.5252013e-09
-2.7068498e-13
-6.2421572e-08
1.3879049e-11
-6.2423662e-08
1.5151891e-11
-8.5303509e-09
7.7270607e-12
4.0350393e-08
3.0598361e-08
-5.716897e-12
3.0606155e-08
-1.6139745e-11
4.0365929e-08
-1.3682249e-11
-8.5276476e-09
-3.3429591e-13
-6.2434909e-08
1.3175891e-11
-6.2437162e-08
1.5793839e-11
-8.532958e-09
5.5689533e-12
4.0360628e-08
3.0603935e-08
-7.5063019e-12
3.0613664e-08
-1.4797737e-11
4.0373226e-08
-1.3843558e-11
-8.5285973e-09
-2.9555728e-13
-6.2448453e-08
1.3253475e-11
-6.2450706e-08
1.4459777e-11
-8.5341597e-09
7.4250205e-12
4.0367668e-08
3.0611362e-08
-5.4276333e-12
3.0619098e-08
-1.5453028e-11
4.0383262e-08
-1.3086184e-11
-8.530953e-09
-3.4245576e-13
-6.2461186e-08
1.2567655e-11
-6.2463606e-08
1.5103883e-11
-8.536685e-09
5.2815352e-12
4.03775e-08
3.0616649e-08
-7.2033593e-12
3.0626304e-08
-1.4110881e-11
4.0390175e-08
-1.3232957e-11
-8.5318267e-09
-2.8966376e-13
-6.2474125e-08
1.2655125e-11
-6.2476546e-08
1.378398e-11
-8.5378095e-09
7.1279156e-12
4.0384161e-08
3.062378e-08
-5.1350676e-12
3.0631446e-08
-1.4755024e-11
4.0399805e-08
-1.2469469e-11
-8.5341012e-09
-3.2451113e-13
-6.2486259e-08
1.198332e-11
-6.2488844e-08
1.4428838e-11
-8.5402442e-09
4.9985646e-12
4.0393601e-08
3.0628783e-08
-6.8985697e-12
3.0638347e-08
-1.3416056e-11
4.0406328e-08
-1.2606472e-11
-8.5349068e-09
-2.6204633e-13
-6.24986e-08
1.2077998e-11
-6.250118e-08
1.3121835e-11
-8.5412838e-09
6.8352097e-12
4.0399893e-08
3.0635621e-08
-4.8416422e-12
3.0643195e-08
-1.4052513e-11
4.041555e-08
-1.1841343e-11
-8.5371069e-09
-2.8877083e-13
-6.2510142e-08
1.1417793e-11
-6.2512876e-08
1.3766782e-11
-8.5436221e-09
4.7197219e-12
4.0408949e-08
3.0640346e-08
-6.5943569e-12
3.0649791e-08
-1.2719799e-11
4.042168e-08
-1.1972876e-11
-8.53785e-09
-2.2024161e-13
-6.2521891e-08
1.1517869e-11
-6.252461e-08
1.2472034e-11
-8.5445723e-09
6.5468722e-12
4.0414879e-08
3.0646895e-08
-4.5496448e-12
3.0654347e-08
-1.3351766e-11
4.0430493e-08
-1.1210018e-11
-8.5399808e-09
-2.4200924e-13
-6.2532848e-08
1.0867639e-11
-6.2535709e-08
1.3116988e-11
-8.5468109e-09
4.4451227e-12
4.0423561e-08
3.0651345e-08
-6.2929362e-12
3.0660642e-08
-1.2028017e-11
4.0436232e-08
-1.1339806e-11
-8.5406654e-09
-1.7026994e-13
-6.2544014e-08
1.0972027e-11
-6.2546848e-08
1.1834307e-11
-8.5476694e-09
6.263228e-12
4.0429136e-08
3.065761e-08
-4.2611283e-12
3.066491e-08
-1.2658342e-11
4.044464e-08
-1.0582516e-11
-8.5427303e-09
-1.8953521e-13
-6.2554397e-08
1.0330783e-11
-6.2557358e-08
1.2479605e-11
-8.5498076e-09
4.175178e-12
4.043745e-08
3.0661791e-08
-5.99626e-12
3.0670908e-08
-1.1345866e-11
4.0449994e-08
-1.0713691e-11
-8.5433591e-09
-1.167613e-13
-6.2564991e-08
1.0438964e-11
-6.256791e-08
1.1209116e-11
-8.5505742e-09
5.9848287e-12
4.0442679e-08
3.0667777e-08
-3.9778746e-12
3.0674893e-08
-1.1977016e-11
4.0458004e-08
-9.9646584e-12
-8.5453606e-09
-1.3535787e-13
-6.257481e-08
9.8062004e-12
-6.2577842e-08
1.1855378e-11
-8.5526128e-09
3.9104763e-12
4.0450633e-08
3.0671693e-08
-5.7059966e-12
3.06806e-08
-1.0677702e-11
4.0462979e-08
-1.0099784e-11
-8.5459354e-09
-6.3145925e-14
-6.2584843e-08
9.9180737e-12
-6.258782e-08
1.0597397e-11
-8.5532888e-09
5.712347e-12
4.0455522e-08
3.0677407e-08
-3.7013855e-12
3.0684308e-08
-1.1311763e-11
4.04706e-08
-9.3611361e-12
-8.5478752e-09
-8.2388117e-14
-6.2594112e-08
9.2936294e-12
-6.2597185e-08
1.1245404e-11
-8.5552301e-09
3.6516895e-12
4.0463125e-08
3.0681064e-08
-5.4235303e-12
3.0689733e-08
-1.0027105e-11
4.0475208e-08
-9.5022548e-12
-8.5483971e-09
-1.1858967e-14
-6.2603599e-08
9.4093799e-12
-6.2606604e-08
1.0000337e-11
-8.555818e-09
5.446494e-12
4.0467683e-08
3.0686512e-08
-3.4328891e-12
3.0693173e-08
-1.0665802e-11
4.0482451e-08
-8.7756142e-12
-8.5502766e-09
-3.2642429e-14
-6.2612332e-08
8.7933203e-12
-6.2615419e-08
1.0650942e-11
-8.5576651e-09
3.3995008e-12
4.0474944e-08
3.0689917e-08
-5.1499734e-12
3.0698324e-08
-9.396922e-12
4.0486702e-08
-8.9243076e-12
-8.5507465e-09
3.5462119e-14
-6.2621289e-08
8.9133106e-12
-6.2624295e-08
9.4192104e-12
-8.5581681e-09
5.1879585e-12
4.0479179e-08
3.0695106e-08
-3.173355e-12
3.0701504e-08
-1.0041643e-11
4.049358e-08
-8.2108531e-12
-8.5525666e-09
1.2570662e-14
-6.2629502e-08
8.3058322e-12
-6.2632578e-08
1.0073267e-11
-8.5599252e-09
3.1545533e-12
4.0486107e-08
3.0698266e-08
-4.8861843e-12
3.0706391e-08
-8.7893295e-12
4.0497487e-08
-8.3683003e-12
-8.5529851e-09
7.7804067e-14
-6.2637946e-08
8.4305176e-12
-6.2640928e-08
8.8552529e-12
-8.5603472e-09
4.9373638e-12
4.0490028e-08
3.0703204e-08
-2.9235143e-12
3.0709321e-08
-9.4411576e-12
4.0504015e-08
-7.6688297e-12
-8.5547469e-09
5.2490701e-14
-6.2645657e-08
7.831876e-12
-6.2648697e-08
9.5135638e-12
-8.5620186e-09
2.9174138e-12
4.0496633e-08
3.0706127e-08
-4.6327895e-12
3.0713955e-08
-8.2059008e-12
4.0507591e-08
-7.8358636e-12
-8.5551146e-09
1.1463072e-13
-6.2653605e-08
7.9617406e-12
-6.2656542e-08
8.3095732e-12
-8.562364e-09
4.6952406e-12
4.0500251e-08
3.0710823e-08
-2.6838818e-12
3.0716645e-08
-8.8656458e-12
4.0513783e-08
-7.1508499e-12
-8.5568189e-09
8.6770418e-14
-6.2660833e-08
7.3721971e-12
-6.2663817e-08
8.9728567e-12
-8.5639544e-09
2.6885527e-12
4.0506544e-08
3.0713517e-08
-4.3902072e-12
3.0721037e-08
-7.6476755e-12
4.0517043e-08
-7.3280097e-12
-8.5571364e-09
1.4576193e-13
-6.2668305e-08
7.5077076e-12
-6.2671177e-08
7.7830977e-12
-8.5642275e-09
4.4620117e-12
4.0509868e-08
3.071798e-08
-2.4547796e-12
3.0723498e-08
-8.3159065e-12
4.0522915e-08
-6.6576537e-12
-8.5587843e-09
1.1536794e-13
-6.2675068e-08
6.9274927e-12
-6.2677979e-08
8.4519687e-12
-8.5657419e-09
2.4683315e-12
4.0515861e-08
3.0720454e-08
-4.1586712e-12
3.0727658e-08
-7.1152272e-12
4.0525874e-08
-6.8452319e-12
-8.5590523e-09
1.7127657e-13
-6.2682082e-08
7.0690673e-12
-6.2684875e-08
7.2765397e-12
-8.5659472e-09
4.2379851e-12
4.0518902e-08
3.0724693e-08
-2.2363608e-12
3.07299e-08
-7.7923038e-12
4.053144e-08
-6.1895084e-12
-8.5606448e-09
1.3845962e-13
-6.26884e-08
6.4983565e-12
-6.2691225e-08
7.9514982e-12
-8.5673903e-09
2.2570005e-12
4.0524606e-08
3.0726955e-08
-3.9382544e-12
3.0733839e-08
-6.608729e-12
4.0534113e-08
-6.3875933e-12
-8.5608642e-09
1.9143481e-13
-6.2694978e-08
6.6463449e-12
-6.2697678e-08
6.7903848e-12
-8.5675325e-09
4.0233545e-12
4.0527376e-08
3.0730979e-08
-2.0286313e-12
3.0735874e-08
-7.2948309e-12
4.0539389e-08
-5.7462927e-12
-8.5624025e-09
1.5637093e-13
-6.270087e-08
6.0852448e-12
-6.2703598e-08
7.4718137e-12
-8.5689091e-09
2.0547007e-12
4.0532802e-08
3.0733039e-08
-3.7288917e-12
3.0739604e-08
-6.1280139e-12
4.0541791e-08
-5.954805e-12
-8.5625742e-09
2.066177e-13
-6.270703e-08
6.2399173e-12
-6.2709629e-08
6.3248919e-12
-8.5689923e-09
3.8182047e-12
4.0535311e-08
3.0736858e-08
-1.8314723e-12
3.0741441e-08
-6.823168e-12
4.0546792e-08
-5.3275691e-12
-8.5640595e-09
1.695237e-13
-6.2712518e-08
5.6884588e-12
-6.2715139e-08
7.0130592e-12
-8.570307e-09
1.8614703e-12
4.0540471e-08
3.0738724e-08
-3.5304011e-12
3.0744972e-08
-5.6726311e-12
4.0548937e-08
-5.5462949e-12
-8.5641846e-09
2.172799e-13
-6.271828e-08
5.8500017e-12
-6.272077e-08
5.8801026e-12
-8.5703356e-09
3.6225187e-12
4.0542731e-08
3.0742347e-08
-1.6446603e-12
3.0746623e-08
-6.3767372e-12
4.0553678e-08
-4.9326494e-12
-8.5656185e-09
1.7839381e-13
-6.2723381e-08
5.3081386e-12
-6.272589e-08
6.5751683e-12
-8.5715928e-09
1.6772531e-12
4.0547638e-08
3.0744029e-08
-3.342504e-12
3.0749966e-08
-5.2418978e-12
4.055558e-08
-5.1612687e-12
-8.565698e-09
2.2391379e-13
-6.2728765e-08
5.4766549e-12
-6.2731142e-08
5.4558575e-12
-8.5715707e-09
3.4361888e-12
4.0549659e-08
3.0747466e-08
-1.4678858e-12
3.075144e-08
-5.9547517e-12
4.0560076e-08
-4.5606498e-12
-8.567082e-09
1.8348104e-13
-6.27335e-08
4.9442662e-12
-6.2735893e-08
6.1578817e-12
-8.5727745e-09
1.5019087e-12
4.0554324e-08
3.0748973e-08
-3.1648435e-12
3.0754605e-08
-4.8349451e-12
4.0561748e-08
-4.7987609e-12
-8.5671173e-09
2.2702207e-13
-6.2738525e-08
5.1197784e-12
-6.2740784e-08
5.0518154e-12
-8.5727054e-09
3.2590265e-12
4.0556119e-08
3.0752232e-08
-1.3007706e-12
3.0755912e-08
-5.5562583e-12
4.0566013e-08
-4.2105399e-12
-8.568453e-09
1.8528451e-13
-6.2742911e-08
4.5966741e-12
-6.2745186e-08
5.7607695e-12
-8.5738599e-09
1.3352236e-12
4.0560553e-08
3.0753572e-08
-2.9970007e-12
3.075891e-08
-4.4507591e-12
4.0567469e-08
-4.4576808e-12
-8.5684453e-09
2.2709825e-13
-6.2747595e-08
4.7791307e-12
-6.2749738e-08
4.6674763e-12
-8.5737472e-09
3.0907745e-12
4.0562131e-08
3.0756664e-08
-1.1428828e-12
3.0760058e-08
-5.1801781e-12
4.0571516e-08
-3.8811834e-12
-8.5697344e-09
1.8428703e-13
-6.2751651e-08
4.2650574e-12
-6.2753809e-08
5.3832527e-12
-8.5748558e-09
1.1769215e-12
4.0566346e-08
3.0757845e-08
-2.8385093e-12
3.0762897e-08
-4.0882171e-12
4.0572767e-08
-4.1368492e-12
-8.5696852e-09
2.2461239e-13
-6.2756012e-08
4.4543399e-12
-6.2758038e-08
4.3022027e-12
-8.5747029e-09
2.9311173e-12
4.0567719e-08
3.0760777e-08
-9.937499e-13
3.0763897e-08
-4.8253386e-12
4.0576608e-08
-3.5713724e-12
-8.5709293e-09
1.8094237e-13
-6.2759755e-08
3.9489893e-12
-6.2761797e-08
5.0246268e-12
-8.575769e-09
1.0266745e-12
4.0571725e-08
3.0761808e-08
-2.6888683e-12
3.0766586e-08
-3.7461186e-12
4.0577666e-08
-3.8350309e-12
-8.57084e-09
2.200011e-13
-6.2763809e-08
4.1449203e-12
-6.2765721e-08
3.9552428e-12
-8.5755787e-09
2.7796925e-12
4.0572902e-08
3.0764588e-08
-8.5287119e-13
3.0767444e-08
-4.4905036e-12
4.0581313e-08
-3.2798571e-12
-8.5720409e-09
1.7566776e-13
-6.2767255e-08
3.6479375e-12
-6.2769184e-08
4.6840835e-12
-8.5766054e-09
8.8411249e-13
4.057671e-08
3.0765477e-08
-2.5475533e-12
3.0769992e-08
-3.4232126e-12
4.058219e-08
-3.5509598e-12
-8.5719129e-09
2.1366227e-13
-6.277102e-08
3.8502886e-12
-6.277282e-08
3.6257523e-12
-8.5763804e-09
2.6360992e-12
4.0577701e-08
3.0768113e-08
-7.1972721e-13
3.0770718e-08
-4.1743981e-12
4.0585654e-08
-3.0053682e-12
-8.5730722e-09
1.6884019e-13
-6.2774185e-08
3.3612796e-12
-6.2776004e-08
4.3607321e-12
-8.5773705e-09
7.4883268e-13
4.0581322e-08
3.0768867e-08
-2.414026e-12
3.0773132e-08
-3.1182195e-12
4.0586359e-08
-3.2833622e-12
-8.572907e-09
2.0595183e-13
-6.2777674e-08
3.5697808e-12
-6.2779367e-08
3.3128137e-12
-8.5771132e-09
2.4999088e-12
4.0582136e-08
3.0771367e-08
-5.9378866e-13
3.0773731e-08
-3.8757284e-12
4.058965e-08
-2.7466372e-12
-8.5740265e-09
1.6079433e-13
-6.2780572e-08
3.0883203e-12
-6.2782286e-08
4.0536185e-12
-8.5780693e-09
6.2040839e-13
4.0585577e-08
3.0771992e-08
-2.2877422e-12
3.0776019e-08
-2.8298502e-12
4.0590193e-08
-3.0309718e-12
-8.5738254e-09
1.9718339e-13
-6.27838e-08
3.3026665e-12
-6.2785391e-08
3.0154555e-12
-8.5777819e-09
2.3706724e-12
4.0586223e-08
3.0774363e-08
-4.7452367e-13
3.0776499e-08
-3.5931996e-12
4.0593321e-08
-2.502411e-12
-8.5749067e-09
1.5182227e-13
-6.2786445e-08
2.8283064e-12
-6.2788058e-08
3.761743e-12
-8.5787061e-09
4.983958e-13
4.0589494e-08
3.0774866e-08
-2.1681583e-12
3.0778667e-08
-2.5568219e-12
4.059371e-08
-2.7925447e-12
-8.5746712e-09
1.8762798e-13
-6.2789426e-08
3.0481663e-12
-6.2790919e-08
2.7326685e-12
-8.5783906e-09
2.2479277e-12
4.058998e-08
3.0777113e-08
-3.6140349e-13
3.0779034e-08
-3.3255299e-12
4.0596683e-08
-2.2714641e-12
-8.5757158e-09
1.4217492e-13
-6.279183e-08
2.5804417e-12
-6.2793348e-08
3.4840767e-12
-8.5792851e-09
3.8234152e-13
4.0593089e-08
3.07775e-08
-2.0547372e-12
3.0781088e-08
-2.2978705e-12
4.0596927e-08
-2.5668696e-12
-8.5754472e-09
1.7751693e-13
-6.2794575e-08
2.8054642e-12
-6.2795977e-08
2.4634214e-12
-8.5789433e-09
2.1312063e-12
4.0593423e-08
3.0779631e-08
-2.5390735e-13
3.0781348e-08
-3.0714624e-12
4.0599753e-08
-2.0526078e-12
-8.5764566e-09
1.3206472e-13
-6.2796751e-08
2.3439004e-12
-6.279818e-08
3.2195754e-12
-8.5798099e-09
2.7178779e-13
4.0596378e-08
3.0779908e-08
-1.9469522e-12
3.0783294e-08
-2.0517615e-12
4.0599859e-08
-2.3527759e-12
-8.5761562e-09
1.6704449e-13
-6.2799271e-08
2.5737215e-12
-6.2800587e-08
2.2066735e-12
-8.5794431e-09
2.0200383e-12
4.0596565e-08
3.0781928e-08
-1.5152673e-13
3.0783452e-08
-2.8297738e-12
4.0602546e-08
-1.8446975e-12
-8.5771319e-09
1.216688e-13
-6.2801228e-08
2.1178397e-12
-6.2802574e-08
2.9671924e-12
-8.5802835e-09
1.6627797e-13
4.0599374e-08
3.0782098e-08
-1.8442913e-12
3.0785295e-08
-1.8172974e-12
4.0602519e-08
-2.1491398e-12
-8.5768007e-09
1.5637115e-13
-6.2803534e-08
2.3520881e-12
-6.280477e-08
1.9613879e-12
-8.5798932e-09
1.9139583e-12
4.0599422e-08
3.0784012e-08
-5.3768956e-14
3.0785355e-08
-2.5992822e-12
4.0605073e-08
-1.6466377e-12
-8.5777441e-09
1.1113225e-13
-6.2805283e-08
1.9014106e-12
-6.2806552e-08
2.72589e-12
-8.5807088e-09
6.536122e-14
4.060209e-08
3.0784082e-08
-1.7462609e-12
3.07871e-08
-1.5933254e-12
4.0604921e-08
-1.9548889e-12
-8.5773834e-09
1.45627e-13
-6.2807385e-08
2.1397137e-12
-6.2808546e-08
1.7265403e-12
-8.5802962e-09
1.8125092e-12
4.0602005e-08
3.0785894e-08
3.984015e-14
3.0787066e-08
-2.3788535e-12
4.0607348e-08
-1.4573854e-12
-8.5782957e-09
1.0057171e-13
-6.2808934e-08
1.6937688e-12
-6.2810131e-08
2.4946486e-12
-8.5810882e-09
-3.1403321e-14
4.0604538e-08
3.0785867e-08
-1.6523868e-12
3.0788718e-08
-1.3787425e-12
4.0607074e-08
-1.7690054e-12
-8.5779064e-09
1.3491575e-13
-6.2810839e-08
1.9357575e-12
-6.2811932e-08
1.5011297e-12
-8.5806543e-09
1.7152459e-12
4.0604325e-08
3.0787582e-08
1.297546e-13
3.0788593e-08
-2.1674061e-12
4.060938e-08
-1.2759541e-12
-8.5787887e-09
9.0079586e-14
-6.2812196e-08
1.4940841e-12
-6.2813328e-08
2.2724768e-12
-8.5814239e-09
-1.244438e-13
4.0606729e-08
3.0787462e-08
-1.5622176e-12
3.0790155e-08
-1.1724996e-12
4.060899e-08
-1.590529e-12
-8.5783717e-09
1.243188e-13
-6.2813912e-08
1.739397e-12
-6.2814944e-08
1.2841867e-12
-8.5809696e-09
1.6217386e-12
4.0606392e-08
3.0789083e-08
2.1640541e-13
3.0789944e-08
-1.9639147e-12
4.0611179e-08
-1.1014152e-12
-8.5792252e-09
7.9727375e-14
-6.2815084e-08
1.3015486e-12
-6.2816157e-08
2.0584191e-12
-8.5817177e-09
-2.1417205e-13
4.0608672e-08
3.0788873e-08
-1.4753261e-12
3.0791418e-08
-9.7360622e-13
4.0610677e-08
-1.4185582e-12
-8.5787814e-09
1.1389857e-13
-6.2816618e-08
1.5498371e-12
-6.2817594e-08
1.0747808e-12
-8.5812436e-09
1.5315764e-12
4.0608215e-08
3.0790404e-08
3.0019924e-13
3.0791124e-08
-1.7674148e-12
4.0612753e-08
-9.3289974e-13
-8.5796069e-09
6.9569923e-14
-6.2817612e-08
1.1153858e-12
-6.2818631e-08
1.8515626e-12
-8.5819711e-09
-3.0098025e-13
4.0610375e-08
3.0790107e-08
-1.3913108e-12
3.0792514e-08
-7.8113341e-13
4.0612142e-08
-1.2522525e-12
-8.5791372e-09
1.0370245e-13
-6.2818969e-08
1.3663179e-12
-6.2819895e-08
8.7202792e-13
-8.581478e-09
1.4443698e-12
4.0609803e-08
3.0791551e-08
3.8151666e-13
3.0792138e-08
-1.5770055e-12
4.0614109e-08
-7.696002e-13
-8.5799356e-09
5.964873e-14
-6.281979e-08
9.3485763e-13
-6.2820762e-08
1.6510454e-12
-8.5821855e-09
-3.8523859e-13
4.0611846e-08
3.079117e-08
-1.3097986e-12
3.0793447e-08
-5.9421734e-13
4.0613393e-08
-1.0908337e-12
-8.5794405e-09
9.3766523e-14
-6.2820975e-08
1.1881216e-12
-6.2821857e-08
6.7509821e-13
-8.5816738e-09
1.3597532e-12
4.0611161e-08
3.0792529e-08
4.6071021e-13
3.0792991e-08
-1.3918533e-12
4.0615254e-08
-6.107722e-13
-8.5802127e-09
4.9995622e-14
-6.2821628e-08
7.5927247e-13
-6.2822558e-08
1.4560632e-12
-8.582362e-09
-4.6729237e-13
4.0613092e-08
3.0792066e-08
-1.230445e-12
3.0794221e-08
-4.1206285e-13
4.0614435e-08
-9.3358757e-13
-8.5796928e-09
8.4118746e-14
-6.2822647e-08
1.0145816e-12
-6.282349e-08
4.8322207e-13
-8.581832e-09
1.2773886e-12
4.0612297e-08
3.0793343e-08
5.3810302e-13
3.0793688e-08
-1.2111953e-12
4.0616192e-08
-4.5573559e-13
-8.5804394e-09
4.0636285e-14
-6.2823135e-08
5.8799307e-13
-6.2824029e-08
1.2658758e-12
-8.5825014e-09
-5.4745869e-13
4.0614118e-08
3.07928e-08
-1.1529369e-12
3.079484e-08
-2.3394715e-13
4.0615273e-08
-7.7986559e-13
-8.5798952e-09
7.4782929e-14
-6.2823991e-08
8.4508878e-13
-6.2824801e-08
2.9569752e-13
-8.5819534e-09
1.1969676e-12
4.0613216e-08
3.0793996e-08
6.1398667e-13
3.0794231e-08
-1.0343432e-12
4.0616929e-08
-3.0387725e-13
-8.5806168e-09
3.1593565e-14
-6.2824318e-08
4.2044368e-13
-6.2825181e-08
1.0798153e-12
-8.5826044e-09
-6.2602477e-13
4.0614929e-08
3.0793374e-08
-1.0769943e-12
3.0795307e-08
-5.9223121e-14
4.061591e-08
-6.2908713e-13
-8.5800488e-09
6.578166e-14
-6.2825015e-08
6.791003e-13
-6.2825796e-08
1.1189807e-13
-8.5820387e-09
1.1182141e-12
4.0613923e-08
3.0794492e-08
6.8861936e-13
3.0794623e-08
-8.6068733e-13
4.0617468e-08
-1.5465255e-13
-8.5807461e-09
2.289115e-14
-6.2825184e-08
2.5611865e-13
-6.2826021e-08
8.9729241e-13
-8.5826715e-09
-7.032435e-13
4.061553e-08
3.0793792e-08
-1.0023722e-12
3.0795625e-08
1.1267519e-13
4.0616352e-08
-4.8074155e-13
-8.5801546e-09
5.7140116e-14
-6.2825723e-08
5.1614752e-13
-6.2826482e-08
-6.8720395e-14
-8.5820883e-09
1.0408884e-12
4.061442e-08
3.0794833e-08
7.6222328e-13
3.0794867e-08
-6.8970099e-13
4.0617812e-08
-7.5878946e-15
-8.580828e-09
1.4556614e-14
-6.2825737e-08
9.4590771e-14
-6.2826554e-08
7.1780536e-13
-8.5827032e-09
-7.7933143e-13
4.0615924e-08
3.0794057e-08
-9.2886302e-13
3.0795795e-08
2.8222904e-13
4.06166e-08
-3.343911e-13
-8.5802135e-09
4.8889424e-14
-6.2826122e-08
3.558444e-13
-6.2826863e-08
-2.4661051e-13
-8.5821025e-09
9.6478952e-13
4.0614712e-08
3.0795021e-08
8.3498276e-13
3.0794965e-08
-5.2094553e-13
4.0617963e-08
1.3771618e-13
-8.5808635e-09
6.6252607e-15
-6.2825983e-08
-6.4480128e-14
-6.2826783e-08
5.4094799e-13
-8.5826997e-09
-8.5446448e-13
4.0616115e-08
3.0794171e-08
-8.5629878e-13
3.079582e-08
4.4982959e-13
4.0616656e-08
-1.8967365e-13
-8.5802261e-09
4.1070124e-14
-6.2826216e-08
1.9789712e-13
-6.2826942e-08
-4.2212535e-13
-8.5820815e-09
8.8975887e-13
4.0614802e-08
3.079506e-08
9.0704122e-13
3.0794918e-08
-3.5407468e-13
4.0617925e-08
2.8158212e-13
-8.5808532e-09
-8.561817e-16
-6.2825925e-08
-2.2133761e-13
-6.2826714e-08
3.6641815e-13
-8.582661e-09
-9.2877483e-13
4.0616104e-08
3.0794135e-08
-7.8455342e-13
3.0795701e-08
6.1577258e-13
4.0616524e-08
-4.6305307e-14
-8.5801933e-09
3.3736435e-14
-6.2826007e-08
4.2112578e-14
-6.2826724e-08
-5.9550954e-13
-8.5820254e-09
8.1568412e-13
4.0614692e-08
3.079495e-08
9.7849939e-13
3.0794728e-08
-1.8884085e-13
4.0617699e-08
4.242528e-13
-8.5807979e-09
-7.8255026e-15
-6.2825567e-08
-3.7611945e-13
-6.2826347e-08
1.9402719e-13
-8.5825873e-09
-1.0023471e-12
4.0615895e-08
3.0793951e-08
-7.1354544e-13
3.079544e-08
7.8025306e-13
4.0616204e-08
9.5916462e-14
-8.5801159e-09
2.6959607e-14
-6.28255e-08
-1.1159106e-13
-6.2826211e-08
-7.6688969e-13
-8.5819341e-09
7.4250234e-13
4.0614385e-08
3.0794693e-08
1.049412e-12
3.0794396e-08
-2.509918e-14
4.0617286e-08
5.6588866e-13
-8.5806983e-09
-1.4201234e-14
-6.2824912e-08
-5.2884726e-13
-6.2825688e-08
2.3708718e-14
-8.5824785e-09
-1.0752142e-12
4.0615491e-08
3.0793622e-08
-6.4324051e-13
3.0795038e-08
9.4336171e-13
4.0615698e-08
2.371104e-13
-8.5799945e-09
2.0833471e-14
-6.2824698e-08
-2.631751e-13
-6.2825406e-08
-9.3626558e-13
-8.5818075e-09
6.7020454e-13
4.0613883e-08
3.0794291e-08
1.1197852e-12
3.0793923e-08
1.3718838e-13
4.0616688e-08
7.0656625e-13
-8.5805554e-09
-1.9877629e-14
-6.2823964e-08
-6.7941745e-13
-6.2824739e-08
-1.4447158e-13
-8.5823343e-09
-1.1473539e-12
4.0614893e-08
3.0793147e-08
-5.7365302e-13
3.0794495e-08
1.1050795e-12
4.0615008e-08
3.7731119e-13
-8.5798301e-09
1.5477611e-14
-6.2823604e-08
-4.124705e-13
-6.2824313e-08
-1.1035005e-12
-8.5816456e-09
5.9883843e-13
4.0613189e-08
3.0793745e-08
1.1895758e-12
3.079331e-08
2.9794919e-13
4.0615907e-08
8.462771e-13
-8.58037e-09
-2.4720002e-14
-6.2822725e-08
-8.2759116e-13
-6.2823502e-08
-3.1030831e-13
-8.5821547e-09
-1.218685e-12
4.0614105e-08
3.079253e-08
-5.0484748e-13
3.0793814e-08
1.2652763e-12
4.0614136e-08
5.1646814e-13
-8.5796238e-09
1.1044812e-14
-6.2822222e-08
-5.591688e-13
-6.2822934e-08
-1.2683144e-12
-8.5814479e-09
5.2851172e-13
4.0612307e-08
3.0793058e-08
1.258689e-12
3.079256e-08
4.5699835e-13
4.0614945e-08
9.8492875e-13
-8.5801433e-09
-2.8557924e-14
-6.28212e-08
-9.729856e-13
-6.2821982e-08
-4.7344895e-13
-8.5819394e-09
-1.2890646e-12
4.0613129e-08
3.0791773e-08
-4.3693958e-13
3.0792995e-08
1.4237095e-12
4.0613083e-08
6.5444857e-13
-8.5793767e-09
7.7252248e-15
-6.2820556e-08
-7.0281372e-13
-6.2821274e-08
-1.4302761e-12
-8.5812143e-09
4.5939492e-13
4.0611238e-08
3.0792231e-08
1.3269783e-12
3.0791673e-08
6.1404064e-13
4.0613803e-08
1.1223484e-12
-8.5798767e-09
-3.118067e-14
-6.2819395e-08
-1.1150669e-12
-6.2820182e-08
-6.3338754e-13
-8.581688e-09
-1.3582853e-12
4.061197e-08
3.0790877e-08
-3.7009536e-13
3.0792042e-08
1.5800274e-12
4.0611852e-08
7.9104217e-13
-8.5790904e-09
5.7535063e-15
-6.2818612e-08
-8.4279558e-13
-6.2819336e-08
-1.5887993e-12
-8.5809445e-09
3.9172288e-13
4.0609988e-08
3.0791267e-08
1.3942469e-12
3.0790652e-08
7.6867417e-13
4.0612485e-08
1.2582901e-12
-8.5795717e-09
-3.2329609e-14
-6.2817313e-08
-1.2531458e-12
-6.2818107e-08
-7.8946249e-13
-8.5814002e-09
-1.4260748e-12
4.0610631e-08
3.0789845e-08
-3.0452853e-13
3.0790955e-08
1.733775e-12
4.0610445e-08
9.2597037e-13
-8.5787667e-09
5.4160237e-15
-6.2816395e-08
-9.7834809e-13
-6.2817126e-08
-1.7431417e-12
-8.5806379e-09
3.2579429e-13
4.0608561e-08
3.0790169e-08
1.4602509e-12
3.07895e-08
9.2039986e-13
4.0610992e-08
1.3924451e-12
-8.5792305e-09
-3.1690705e-14
-6.2814963e-08
-1.3863754e-12
-6.2815764e-08
-9.4085883e-13
-8.5810755e-09
-1.4920953e-12
4.0609119e-08
3.0788681e-08
-2.4049576e-13
3.0789738e-08
1.8844069e-12
4.0608865e-08
1.0588999e-12
-8.5784078e-09
7.057738e-15
-6.2813914e-08
-1.1085491e-12
-6.2814651e-08
-1.8924094e-12
-8.5802942e-09
2.61971e-13
4.0606963e-08
3.0788942e-08
1.5247053e-12
3.0788219e-08
1.0686375e-12
4.0609329e-08
1.5244588e-12
-8.5788554e-09
-2.8887892e-14
-6.2812353e-08
-1.5137553e-12
-6.2813158e-08
-1.0866138e-12
-8.5807134e-09
-1.5559476e-12
4.0607439e-08
3.078739e-08
-1.7828885e-13
3.0788395e-08
2.0313052e-12
4.0607117e-08
1.1894627e-12
-8.5780165e-09
1.1089543e-14
-6.2811177e-08
-1.232327e-12
-6.2811917e-08
-2.0355665e-12
-8.5799129e-09
2.0067219e-13
4.0605201e-08
3.0787589e-08
1.5872931e-12
3.0786813e-08
1.212748e-12
4.0607499e-08
1.6539545e-12
-8.5784494e-09
-2.3475952e-14
-6.2809492e-08
-1.6341423e-12
-6.2810299e-08
-1.2256329e-12
-8.5803135e-09
-1.6171761e-12
4.0605599e-08
3.0785976e-08
-1.1822338e-13
3.0786929e-08
2.1738083e-12
4.0605205e-08
1.3172827e-12
-8.5775959e-09
1.7994509e-14
-6.2808195e-08
-1.3484775e-12
-6.2808935e-08
-2.1714551e-12
-8.5794932e-09
1.4236641e-13
4.0603284e-08
3.0786117e-08
1.6476783e-12
3.0785286e-08
1.3520675e-12
4.0605508e-08
1.7805625e-12
-8.5780162e-09
-1.4934668e-14
-6.2806392e-08
-1.7462713e-12
-6.2807196e-08
-1.356714e-12
-8.5798749e-09
-1.6752797e-12
4.0603609e-08
3.0784446e-08
-6.0622728e-14
3.0785345e-08
2.3112481e-12
4.0603134e-08
1.4420107e-12
-8.57715e-09
2.8331621e-14
-6.2804981e-08
-1.4556895e-12
-6.2805715e-08
-2.2988266e-12
-8.5790346e-09
8.7558703e-14
4.0601221e-08
3.0784532e-08
1.7055257e-12
3.0783644e-08
1.4859495e-12
4.0603361e-08
1.9039607e-12
-8.5775598e-09
-2.6679774e-15
-6.2803067e-08
-1.8487898e-12
-6.2803861e-08
-1.4785873e-12
-8.5793969e-09
-1.729727e-12
4.0601479e-08
3.0782806e-08
-5.7954857e-15
3.0783648e-08
2.4429985e-12
4.060091e-08
1.5633677e-12
-8.5766834e-09
4.2735446e-14
-6.2801549e-08
-1.5525894e-12
-6.2802268e-08
-2.4163888e-12
-8.578536e-09
3.6771023e-14
4.0599024e-08
3.0782841e-08
1.7605241e-12
3.0781893e-08
1.6138209e-12
4.0601064e-08
2.02392e-12
-8.5770853e-09
1.3992633e-14
-6.2799531e-08
-1.9403118e-12
-6.2800306e-08
-1.589972e-12
-8.5788785e-09
-1.7799799e-12
4.059922e-08
3.0781065e-08
4.5991553e-14
3.0781845e-08
2.5685389e-12
4.059854e-08
1.6811942e-12
-8.5762011e-09
6.1905162e-14
-6.2797915e-08
-1.6378065e-12
-6.279861e-08
-2.5228747e-12
-8.5779963e-09
-9.4856648e-15
4.0596705e-08
3.0781054e-08
1.8124177e-12
3.0780037e-08
1.735252e-12
4.0598624e-08
2.1403577e-12
-8.5765981e-09
3.5770128e-14
-6.2795803e-08
-2.0194968e-12
-6.2796547e-08
-1.6896581e-12
-8.5783184e-09
-1.8255252e-12
4.0596847e-08
3.0779233e-08
9.4548535e-14
3.0779941e-08
2.6875284e-12
4.0596029e-08
1.7955066e-12
-8.5757093e-09
8.6579907e-14
-6.2794097e-08
-1.710069e-12
-6.2794753e-08
-2.6171385e-12
-8.5774143e-09
-5.0749607e-14
4.0594279e-08
3.077918e-08
1.8610444e-12
3.0778084e-08
1.8500363e-12
4.0596047e-08
2.2533937e-12
-8.5761045e-09
6.3406803e-14
-6.2791899e-08
-2.0851662e-12
-6.2792597e-08
-1.7766188e-12
-8.577715e-09
-1.8659205e-12
4.0594375e-08
3.0777318e-08
1.3980405e-13
3.0777943e-08
2.7998927e-12
4.0593385e-08
1.9065514e-12
-8.5752145e-09
1.1748972e-13
-6.2790113e-08
-1.7683422e-12
-6.2790714e-08
-2.6982866e-12
-8.5767881e-09
-8.66612e-14
4.0591762e-08
3.077723e-08
1.9063798e-12
3.0776041e-08
1.9582831e-12
4.059334e-08
2.3634025e-12
-8.5756115e-09
9.7599171e-14
-6.278784e-08
-2.1364662e-12
-6.2788472e-08
-1.8501646e-12
-8.5770666e-09
-1.9008541e-12
4.0591819e-08
3.0775333e-08
1.818527e-13
3.0775857e-08
2.9059194e-12
4.0590614e-08
2.0148543e-12
-8.5747238e-09
1.5527023e-13
-6.2785983e-08
-1.8120211e-12
-6.2786508e-08
-2.7658565e-12
-8.5761159e-09
-1.1703297e-13
4.0589168e-08
3.0775214e-08
1.9485877e-12
3.0773913e-08
2.0605159e-12
4.0590509e-08
2.4710549e-12
-8.5751262e-09
1.3888856e-13
-6.2783643e-08
-2.173094e-12
-6.2784188e-08
-1.9101479e-12
-8.5763711e-09
-1.9302252e-12
4.0589194e-08
3.0773288e-08
2.21007e-13
3.077369e-08
3.0063577e-12
4.0587722e-08
2.1212498e-12
-8.5742445e-09
2.0032571e-13
-6.2781726e-08
-1.8411932e-12
-6.278215e-08
-2.8200505e-12
-8.5753954e-09
-1.4194086e-13
4.0586514e-08
3.0773145e-08
1.988074e-12
3.0771707e-08
2.1577677e-12
4.0587559e-08
2.5773325e-12
-8.574656e-09
1.8749237e-13
-6.2779328e-08
-2.1956007e-12
-6.2779759e-08
-1.9572299e-12
-8.575626e-09
-1.9542486e-12
4.0586518e-08
3.0771194e-08
2.5785175e-13
3.0771447e-08
3.1025089e-12
4.0584712e-08
2.2268775e-12
-8.5737839e-09
2.5262487e-13
-6.2777357e-08
-1.856987e-12
-6.2777653e-08
-2.8620382e-12
-8.5746241e-09
-1.6184249e-13
4.0583816e-08
3.0771031e-08
2.02554e-12
3.0769426e-08
2.2516664e-12
4.0584493e-08
2.6835025e-12
-8.5742076e-09
2.4306e-13
-6.2774909e-08
-2.2057883e-12
-6.2775196e-08
-1.99322e-12
-8.574829e-09
-1.9735875e-12
4.0583802e-08
3.0769061e-08
2.9329481e-13
3.0769131e-08
3.1963023e-12
4.0581588e-08
2.3331298e-12
-8.573348e-09
3.1141198e-13
-6.277289e-08
-1.8620178e-12
-6.2773026e-08
-2.8943337e-12
-8.5737999e-09
-1.777247e-13
4.0581084e-08
3.0768882e-08
2.0620308e-12
3.0767073e-08
2.344496e-12
4.0581312e-08
2.7910348e-12
-8.5737865e-09
3.0433658e-13
-6.2770396e-08
-2.2072059e-12
-6.2770507e-08
-2.0214913e-12
-8.5739779e-09
-1.9895158e-12
4.0581058e-08
3.0766896e-08
3.2860938e-13
3.0766743e-08
3.2903391e-12
4.0578348e-08
2.4415362e-12
-8.5729412e-09
3.7482536e-13
-6.2768333e-08
-1.860934e-12
-6.2768274e-08
-2.9212483e-12
-8.5729209e-09
-1.9127967e-13
4.0578326e-08
3.0766703e-08
2.0989715e-12
3.0764649e-08
2.4392178e-12
4.0578015e-08
2.9014516e-12
-8.5733954e-09
3.6873801e-13
-6.2765792e-08
-2.2057404e-12
-6.2765692e-08
-2.0474641e-12
-8.5730715e-09
-2.004109e-12
4.0578289e-08
3.0764703e-08
3.6546137e-13
3.0764281e-08
3.3878912e-12
4.057499e-08
2.5535746e-12
-8.5725647e-09
4.3943358e-13
-6.2763682e-08
-1.8610421e-12
-6.2763395e-08
-2.9493987e-12
-8.5719865e-09
-2.051059e-13
4.0575543e-08
3.0764496e-08
2.1381861e-12
3.0762147e-08
2.5394439e-12
4.0574596e-08
3.0161071e-12
-8.5730334e-09
4.3185534e-13
-6.276109e-08
-2.2102603e-12
-6.2760746e-08
-2.0791296e-12
-8.5721099e-09
-2.0204531e-12
4.057549e-08
3.0762479e-08
4.0591534e-13
3.0761739e-08
3.4928503e-12
4.0571507e-08
2.6704252e-12
-8.5722146e-09
4.9972603e-13
-6.2758922e-08
-1.8729525e-12
-6.2758376e-08
-2.9882293e-12
-8.570998e-09
-2.2291686e-13
4.0572723e-08
3.0762255e-08
2.1818921e-12
3.0759562e-08
2.6493597e-12
4.0571046e-08
3.1359253e-12
-8.5726932e-09
4.869542e-13
-6.2756266e-08
-2.2332363e-12
-6.2755648e-08
-2.1275476e-12
-8.571096e-09
-2.0428476e-12
4.0572644e-08
3.0760216e-08
4.524147e-13
3.0759107e-08
3.6096299e-12
4.0567886e-08
2.7927033e-12
-8.5718799e-09
5.4765278e-13
-6.2754024e-08
-1.9111361e-12
-6.2753193e-08
-3.0504594e-12
-8.5699601e-09
-2.4972696e-13
4.0569842e-08
3.0759964e-08
2.2326691e-12
3.075688e-08
2.7736092e-12
4.0567353e-08
3.2611542e-12
-8.5723595e-09
5.2458962e-13
-6.275128e-08
-2.291185e-12
-6.275037e-08
-2.2072082e-12
-8.5700365e-09
-2.0769645e-12
4.0569718e-08
3.0757891e-08
5.0773729e-13
3.075637e-08
3.743047e-12
4.0564115e-08
2.9202605e-12
-8.5715404e-09
5.7236761e-13
-6.2748936e-08
-1.9942021e-12
-6.2747807e-08
-3.1523159e-12
-8.5688818e-09
-2.9196292e-13
4.0566855e-08
3.0757597e-08
2.2934069e-12
3.0754081e-08
2.9171825e-12
4.0563498e-08
3.3912528e-12
-8.5720065e-09
5.3253498e-13
-6.2746069e-08
-2.4047114e-12
-6.2744862e-08
-2.3360831e-12
-8.5689428e-09
-2.1298964e-12
4.0566655e-08
3.0755471e-08
5.7493778e-13
3.0753504e-08
3.8982366e-12
4.0560172e-08
3.0521956e-12
-8.5711642e-09
5.6041477e-13
-6.2743581e-08
-2.1446252e-12
-6.274216e-08
-3.3133448e-12
-8.5677775e-09
-3.5742181e-13
4.0563697e-08
3.0755112e-08
2.3672511e-12
3.0751141e-08
3.0853738e-12
4.0559461e-08
3.5250807e-12
-8.5715959e-09
4.963009e-13
-6.2740545e-08
-2.5978302e-12
-6.2739059e-08
-2.5351305e-12
-8.5678326e-09
-2.2100039e-12
4.0563378e-08
3.0752906e-08
6.5729359e-13
3.0750482e-08
4.0806857e-12
4.0556035e-08
3.1872699e-12
-8.5707064e-09
4.9667157e-13
-6.2737858e-08
-2.3875699e-12
-6.2736178e-08
-3.5555391e-12
-8.5666681e-09
-4.5497198e-13
4.0560275e-08
3.0752449e-08
2.4575664e-12
3.0748029e-08
3.2839073e-12
4.0555216e-08
3.6616041e-12
-8.571076e-09
4.0058276e-13
-6.2734589e-08
-2.8961937e-12
-6.2732874e-08
-2.8269644e-12
-8.5667297e-09
-2.3264517e-12
4.0559781e-08
3.0750126e-08
7.5828095e-13
3.0747268e-08
4.2964842e-12
4.0551675e-08
3.3249488e-12
-8.5701083e-09
3.6638729e-13
-6.2731634e-08
-2.7484256e-12
-6.2729762e-08
-3.9014828e-12
-8.5655802e-09
-5.9387766e-13
4.0556471e-08
3.0749531e-08
2.567951e-12
3.0744705e-08
3.5193189e-12
4.055073e-08
3.8013245e-12
-8.5703823e-09
2.3195673e-13
-6.2728057e-08
-3.323857e-12
-6.2726199e-08
-3.2333959e-12
-8.565663e-09
-2.4883152e-12
4.0555732e-08
3.0747046e-08
8.8159644e-13
3.0743821e-08
4.5528673e-12
4.0547056e-08
3.4672251e-12
-8.5693006e-09
1.5858485e-13
-6.2724752e-08
-3.2487337e-12
-6.2722795e-08
-4.371253e-12
-8.564544e-09
-7.8262291e-13
4.0552142e-08
3.0746262e-08
2.7023089e-12
3.0741123e-08
3.7996135e-12
4.0545966e-08
3.9485075e-12
-8.5694414e-09
-1.7013698e-14
-6.2720779e-08
-3.8983533e-12
-6.2718906e-08
-3.7716304e-12
-8.5646631e-09
-2.7031569e-12
4.0551079e-08
3.0743563e-08
1.031191e-12
3.074009e-08
4.8589887e-12
4.0542136e-08
3.6211631e-12
-8.5682075e-09
-1.2917539e-13
-6.2717032e-08
-3.9004154e-12
-6.2715138e-08
-4.9779535e-12
-8.5635891e-09
-1.0271502e-12
4.0547126e-08
3.0742534e-08
2.8649204e-12
3.073723e-08
4.1349942e-12
4.0540873e-08
4.1139454e-12
-8.5681783e-09
-3.4249113e-13
-6.2712568e-08
-4.6241995e-12
-6.2710849e-08
-4.4491036e-12
-8.5637565e-09
-2.9750393e-12
4.0545658e-08
3.0739562e-08
1.2111519e-12
3.0736016e-08
5.2265386e-12
4.0536854e-08
3.8016009e-12
-8.5667573e-09
-4.8522121e-13
-6.2708285e-08
-4.6986731e-12
-6.2706639e-08
-5.7220248e-12
-8.5627367e-09
-1.3284877e-12
4.0541263e-08
3.0738232e-08
3.0602547e-12
3.0732961e-08
4.5379821e-12
4.0535384e-08
4.3173155e-12
-8.5665285e-09
-7.2385629e-13
-6.2703236e-08
-5.4855277e-12
-6.270187e-08
-5.2572449e-12
-8.5629572e-09
-3.3020137e-12
4.0539314e-08
3.0734934e-08
1.4249818e-12
3.0731533e-08
5.6691624e-12
4.0531137e-08
4.0325595e-12
-8.5648958e-09
-8.7882813e-13
-6.2698328e-08
-5.6146079e-12
-6.2697138e-08
-6.5848086e-12
-8.5619906e-09
-1.679801e-12
4.0534407e-08
3.0733253e-08
3.2918841e-12
3.0728246e-08
5.0213528e-12
4.0529415e-08
4.5870646e-12
-8.5644534e-09
-1.1199841e-12
-6.2692613e-08
-6.4392733e-12
-6.2691811e-08
-6.1647682e-12
-8.5622573e-09
-3.6731638e-12
4.0531921e-08
3.0729583e-08
1.6732674e-12
3.0726571e-08
6.1984855e-12
4.0524887e-08
4.3445427e-12
-8.5626033e-09
-1.2585354e-12
-6.2687014e-08
-6.5893198e-12
-6.2686484e-08
-7.5220625e-12
-8.5613281e-09
-2.0628577e-12
4.052646e-08
3.0727519e-08
3.5591076e-12
3.0723016e-08
5.5908952e-12
4.0522862e-08
4.9541914e-12
-8.5619584e-09
-1.4705345e-12
-6.2680581e-08
-7.4109544e-12
-6.2680535e-08
-7.1111176e-12
-8.5616201e-09
-4.0650878e-12
4.052342e-08
3.0723457e-08
1.9478111e-12
3.0721066e-08
6.8128553e-12
4.0517995e-08
4.7632697e-12
-8.5599126e-09
-1.5574703e-12
-6.2674264e-08
-7.5316429e-12
-6.2674565e-08
-8.4578169e-12
-8.5606974e-09
-2.4435182e-12
4.0517404e-08
3.0721012e-08
3.8487243e-12
3.0717222e-08
6.2282189e-12
4.0515622e-08
5.4347543e-12
-8.5591108e-09
-1.7063352e-12
-6.2667115e-08
-8.2950865e-12
-6.2667968e-08
-8.0000371e-12
-8.5609845e-09
-4.4370221e-12
4.0513847e-08
3.0716579e-08
2.2191189e-12
3.0715001e-08
7.4732662e-12
4.0510366e-08
5.2844137e-12
-8.5569257e-09
-1.7097282e-12
-6.2660125e-08
-8.3213083e-12
-6.266136e-08
-9.2778765e-12
-8.5600313e-09
-2.7650128e-12
4.0507332e-08
3.0713813e-08
4.1182059e-12
3.0710888e-08
6.8581346e-12
4.0507633e-08
5.9961909e-12
-8.5560554e-09
-1.7723453e-12
-6.2652348e-08
-8.961585e-12
-6.2654163e-08
-8.6921485e-12
-8.5602927e-09
-4.7226012e-12
4.0503369e-08
3.0709094e-08
2.4138032e-12
3.0708472e-08
8.0621437e-12
4.0501982e-08
5.8317614e-12
-8.5538287e-09
-1.6799791e-12
-6.264484e-08
-8.8189859e-12
-6.2647027e-08
-9.8216493e-12
-8.5592934e-09
-2.9369191e-12
4.0496483e-08
3.0706155e-08
4.2674139e-12
3.0704209e-08
7.300666e-12
4.0498957e-08
6.5097489e-12
-8.5530293e-09
-1.6630967e-12
-6.2636659e-08
-9.2705169e-12
-6.2639412e-08
-8.9972074e-12
-8.5595585e-09
-4.8159809e-12
4.0492308e-08
3.0701343e-08
2.3828914e-12
3.0701824e-08
8.3334725e-12
4.0493004e-08
6.2109588e-12
-8.5509103e-09
-1.5027648e-12
-6.2628948e-08
-8.8895562e-12
-6.2632028e-08
-9.8776827e-12
-8.5585737e-09
-2.8201645e-12
4.0485249e-08
3.0698522e-08
4.1056729e-12
3.0697724e-08
7.233404e-12
4.0489884e-08
6.7176186e-12
-8.5503859e-09
-1.4626629e-12
-6.262076e-08
-9.1100717e-12
-6.2624373e-08
-8.683614e-12
-8.5589918e-09
-4.5566473e-12
4.0481129e-08
3.0693969e-08
1.8813906e-12
3.069584e-08
7.9079948e-12
4.0483855e-08
6.1148531e-12
-8.5485962e-09
-1.3179482e-12
-6.261333e-08
-8.4710837e-12
-6.2617223e-08
-9.2219206e-12
-8.5582441e-09
-2.2235561e-12
4.0474129e-08
3.0691744e-08
3.3542742e-12
3.0692491e-08
6.2642723e-12
4.0480953e-08
6.3119846e-12
-8.548635e-09
-1.3688627e-12
-6.2605641e-08
-8.519413e-12
-6.2610064e-08
-7.5828418e-12
-8.5591721e-09
-3.7452726e-12
4.0470298e-08
3.0688003e-08
6.3226458e-13
3.0691857e-08
6.480777e-12
4.0475102e-08
5.337159e-12
-8.5474947e-09
-1.375001e-12
-6.2598932e-08
-7.7984505e-12
-6.2603643e-08
-7.8354602e-12
-8.5591381e-09
-9.7419967e-13
4.0463435e-08
3.0687028e-08
1.8030569e-12
3.0690059e-08
4.3755102e-12
4.0472538e-08
5.3614193e-12
-8.5484716e-09
-1.6688923e-12
-6.2591893e-08
-8.0739979e-12
-6.2597229e-08
-6.0120009e-12
-8.5611913e-09
-2.2956002e-12
4.0459726e-08
3.0684736e-08
-1.3475116e-12
3.0691404e-08
4.6205294e-12
4.0466568e-08
4.5260072e-12
-8.5483802e-09
-1.970116e-12
-6.25854e-08
-8.0492337e-12
-6.2591153e-08
-6.6388976e-12
-8.5626044e-09
7.7636871e-13
4.0452309e-08
3.0685512e-08
-1.287962e-13
3.0691539e-08
3.2501723e-12
4.0463197e-08
5.5216875e-12
-8.5506425e-09
-2.6307086e-12
-6.2577239e-08
-9.9068069e-12
-6.2583868e-08
-5.9827705e-12
-8.5665195e-09
-7.5595873e-13
4.044709e-08
3.068476e-08
-2.8430817e-12
3.069438e-08
5.7997113e-12
4.0454552e-08
7.0052232e-12
-8.551851e-09
-3.2869627e-12
-6.2566949e-08
-1.2886289e-11
-6.2574272e-08
-9.3455751e-12
-8.5700629e-09
1.7095413e-12
4.0436034e-08
3.0686468e-08
-5.6040539e-14
3.0694441e-08
9.1910504e-12
4.0445314e-08
1.2603436e-11
-8.555254e-09
-4.2948277e-12
-6.2550042e-08
-1.9910503e-11
-6.2558647e-08
-1.3885183e-11
-8.5760791e-09
-1.5622957e-12
4.0423718e-08
3.0684911e-08
4.0356136e-13
3.0694036e-08
2.0330763e-11
4.0425385e-08
2.2174009e-11
-8.5571002e-09
-5.1505196e-12
-6.252272e-08
-3.1422593e-11
-6.2532377e-08
-2.6115585e-11
-8.5813886e-09
-2.4025473e-12
4.0400004e-08
3.0682507e-08
8.7635347e-12
3.0685278e-08
3.8068501e-11
4.0396088e-08
4.0781309e-11
-8.5598034e-09
-6.2110468e-12
-6.2475719e-08
-5.1482433e-11
-6.2487097e-08
-4.512717e-11
-8.5877347e-09
-1.1314212e-11
4.0366199e-08
3.0671197e-08
1.8524448e-11
3.0666752e-08
7.1129375e-11
4.0343482e-08
7.0300436e-11
-8.5589774e-09
-6.7832141e-12
-6.2398637e-08
-8.2575332e-11
-6.2411307e-08
-7.9025258e-11
-8.5912873e-09
-2.1414082e-11
4.0308586e-08
3.0649782e-08
4.0510784e-11
3.0626246e-08
1.213351e-10
4.0262666e-08
1.1749579e-10
-8.5551286e-09
-7.2550361e-12
-6.2273878e-08
-1.300993e-10
-6.2288454e-08
-1.2991648e-10
-8.5914609e-09
-4.3762453e-11
4.022244e-08
3.0606024e-08
7.0378569e-11
3.0555866e-08
1.9906532e-10
4.0133977e-08
1.8667925e-10
-8.5427456e-09
-6.7420661e-12
-6.2080459e-08
-1.9909525e-10
-6.2096103e-08
-2.073161e-10
-8.5832427e-09
-7.3606497e-11
4.0088729e-08
3.0532416e-08
1.1881796e-10
3.0437054e-08
3.0925996e-10
3.9943543e-08
2.8567425e-10
-8.5191506e-09
-5.7365025e-12
-6.1789039e-08
-2.9572153e-10
-6.180611e-08
-3.1658153e-10
-8.5623737e-09
-1.2183616e-10
3.9893991e-08
3.0410584e-08
1.8379855e-10
3.0253253e-08
4.6226617e-10
3.9665073e-08
4.2034065e-10
-8.4772286e-09
-3.252907e-12
-6.1365449e-08
-4.2684287e-10
-6.1382523e-08
-4.6703847e-10
-8.5221812e-09
-1.8603696e-10
3.9612988e-08
3.0224545e-08
2.7422778e-10
2.9979031e-08
6.6412323e-10
3.9275186e-08
5.9717145e-10
-8.4102681e-09
2.063971e-14
-6.076829e-08
-5.9724266e-10
-6.0785251e-08
-6.6538403e-10
-8.4540314e-09
-2.7530432e-10
3.9222915e-08
2.9949245e-08
3.8916902e-10
2.9589859e-08
9.2104861e-10
3.8743303e-08
8.2046105e-10
-8.3096848e-09
4.9700614e-12
-5.9952802e-08
-8.1262748e-10
-5.9967657e-08
-9.1687273e-10
-8.34979e-09
-3.8841564e-10
3.8694455e-08
2.9560827e-08
5.3293706e-10
2.9056927e-08
1.23508e-09
3.8041167e-08
1.0907626e-09
-8.1653594e-09
1.0674631e-11
-5.8872707e-08
-1.0722245e-09
-5.888475e-08
-1.2244821e-09
-8.1975249e-09
-5.298917e-10
3.7999871e-08
2.9030939e-08
7.0279141e-10
2.8354133e-08
1.60169e-09
3.7142265e-08
1.4052455e-09
-7.9689202e-09
1.7657655e-11
-5.7485124e-08
-1.3749651e-09
-5.7492132e-08
-1.583074e-09
-7.9894209e-09
-6.9686641e-10
3.7113659e-08
2.833407e-08
8.9484049e-10
2.7459297e-08
2.011232e-09
3.6025879e-08
1.7523706e-09
-7.7100522e-09
2.4882664e-11
-5.5757629e-08
-1.708822e-09
-5.5758421e-08
-1.9840866e-09
-7.71415e-09
-8.8568279e-10
3.6015261e-08
2.744839e-08
1.1007194e-09
2.6358574e-08
2.4409568e-09
3.4685636e-08
2.1154513e-09
-7.3845533e-09
3.2297879e-11
-5.3674482e-08
-2.0588587e-09
-5.3667271e-08
-2.4047808e-09
-7.3682341e-09
-1.0880138e-09
3.4698489e-08
2.6360372e-08
1.3048056e-09
2.5053771e-08
2.8616573e-09
3.3128789e-08
2.4655406e-09
-6.9884311e-09
3.9043299e-11
-5.124798e-08
-2.3967563e-09
-5.1231466e-08
-2.8168326e-09
-6.9481529e-09
-1.2884865e-09
3.3170146e-08
2.5071888e-08
1.4878901e-09
2.3565877e-08
3.2266392e-09
3.1390034e-08
2.7673224e-09
-6.5291217e-09
4.4453152e-11
-4.8525117e-08
-2.6882999e-09
-4.849872e-08
-3.1742717e-09
-6.4621881e-09
-1.4680126e-09
3.1463881e-08
2.3603872e-08
1.6189904e-09
2.1946889e-08
3.4778939e-09
2.9531134e-08
2.9668313e-09
-6.0180555e-09
4.8321834e-11
-4.5606605e-08
-2.8811662e-09
-4.5569229e-08
-3.4192835e-09
-5.9240674e-09
-1.5958307e-09
2.9640431e-08
2.2008042e-08
1.6815138e-09
2.0265371e-08
3.5375627e-09
2.7675081e-08
2.9933145e-09
-5.4738116e-09
4.9821166e-11
-4.2663116e-08
-2.9040402e-09
-4.2615372e-08
-3.4752824e-09
-5.3528299e-09
-1.6552694e-09
2.7820415e-08
2.0352772e-08
1.7003874e-09
3.3274973e-09
2.7612369e-09
5.0156998e-11
-2.673062e-09
-3.2634046e-09
-1.6723552e-09
)
;

boundaryField
{
    left
    {
        type            calculated;
        value           nonuniform List<scalar> 8(6.7684947e-18 6.7684947e-18 6.7684947e-18 6.7684947e-18 6.7684947e-18 6.7684947e-18 6.7684947e-18 6.7684947e-18);
    }
    right
    {
        type            calculated;
        value           nonuniform List<scalar> 8(1.8564985e-08 2.6047972e-08 -4.9075499e-09 -3.9952035e-08 -3.9892152e-08 -4.7624859e-09 2.6229365e-08 1.8680417e-08);
    }
    walls
    {
        type            calculated;
        value           uniform 0;
    }
    frontAndBack
    {
        type            empty;
        value           nonuniform 0();
    }
}


// ************************************************************************* //
