/*--------------------------------*- C++ -*----------------------------------*\
| =========                 |                                                 |
| \\      /  F ield         | OpenFOAM: The Open Source CFD Toolbox           |
|  \\    /   O peration     | Version:  5.x                                   |
|   \\  /    A nd           | Web:      www.OpenFOAM.org                      |
|    \\/     M anipulation  |                                                 |
\*---------------------------------------------------------------------------*/
FoamFile
{
    version     2.0;
    format      ascii;
    class       surfaceScalarField;
    location    "7";
    object      phi_0;
}
// * * * * * * * * * * * * * * * * * * * * * * * * * * * * * * * * * * * * * //

dimensions      [0 3 -1 0 0 0 0];

internalField   nonuniform List<scalar> 
3592
(
-1.8379063e-06
-1.7475656e-05
-1.1785009e-06
-1.9972966e-05
-5.8260091e-07
-1.9909459e-05
3.8193941e-13
-1.9896161e-05
5.8260166e-07
-1.9896161e-05
1.1785008e-06
-1.9909459e-05
1.8379059e-06
-1.9972965e-05
-1.7475654e-05
-2.4550292e-06
-1.5020624e-05
-2.2248574e-06
-2.0203133e-05
-1.1931043e-06
-2.0941205e-05
7.3180973e-13
-2.108926e-05
1.1931056e-06
-2.1089259e-05
2.2248574e-06
-2.0941205e-05
2.4550291e-06
-2.0203132e-05
-1.5020622e-05
-2.144733e-06
-1.2875887e-05
-2.366263e-06
-1.9981598e-05
-1.3756867e-06
-2.1931775e-05
9.6643691e-13
-2.2464942e-05
1.3756883e-06
-2.2464942e-05
2.3662633e-06
-2.1931775e-05
2.1447332e-06
-1.9981598e-05
-1.2875886e-05
-1.6988489e-06
-1.1177034e-05
-2.1029529e-06
-1.9577489e-05
-1.3040916e-06
-2.2730629e-05
1.0798512e-12
-2.3769029e-05
1.3040934e-06
-2.3769029e-05
2.1029534e-06
-2.273063e-05
1.6988493e-06
-1.9577488e-05
-1.1177033e-05
-1.2794058e-06
-9.8976239e-06
-1.7146293e-06
-1.914226e-05
-1.1175915e-06
-2.3327662e-05
1.0354019e-12
-2.4886617e-05
1.1175932e-06
-2.4886618e-05
1.71463e-06
-2.3327662e-05
1.2794063e-06
-1.9142259e-05
-9.8976237e-06
-9.2886902e-07
-8.9687507e-06
-1.3247341e-06
-1.8746389e-05
-8.9890091e-07
-2.3753489e-05
8.8793184e-13
-2.5785515e-05
8.9890237e-07
-2.5785515e-05
1.324735e-06
-2.3753489e-05
9.2886962e-07
-1.8746389e-05
-8.9687505e-06
-6.5540578e-07
-8.3133413e-06
-9.8474649e-07
-1.8417043e-05
-6.9112873e-07
-2.4047102e-05
6.7901272e-13
-2.647664e-05
6.911299e-07
-2.647664e-05
9.8474749e-07
-2.4047102e-05
6.5540646e-07
-1.8417042e-05
-8.3133409e-06
-4.5218775e-07
-7.8611495e-06
-7.1054197e-07
-1.8158683e-05
-5.133656e-07
-2.4244273e-05
4.854613e-13
-2.6990002e-05
5.1336647e-07
-2.6990001e-05
7.1054301e-07
-2.4244273e-05
4.5218847e-07
-1.8158682e-05
-7.8611491e-06
-3.0612545e-07
-7.5550209e-06
-5.004497e-07
-1.7964354e-05
-3.7083986e-07
-2.4373879e-05
2.711255e-13
-2.7360838e-05
3.7084044e-07
-2.7360838e-05
5.004507e-07
-2.4373878e-05
3.0612619e-07
-1.7964353e-05
-7.5550203e-06
-2.0379004e-07
-7.3512273e-06
-3.4521014e-07
-1.7822929e-05
-2.6166336e-07
-2.4457422e-05
1.0773422e-13
-2.7622498e-05
2.6166366e-07
-2.7622497e-05
3.4521107e-07
-2.445742e-05
2.0379075e-07
-1.7822927e-05
-7.3512267e-06
-1.3347362e-07
-7.2177513e-06
-2.3371558e-07
-1.7722683e-05
-1.8083262e-07
-2.4510302e-05
-5.4305133e-14
-2.7803328e-05
1.8083269e-07
-2.7803327e-05
2.3371638e-07
-2.45103e-05
1.3347429e-07
-1.7722681e-05
-7.2177506e-06
-8.6043418e-08
-7.1317051e-06
-1.5544722e-07
-1.7653275e-05
-1.2262149e-07
-2.4543124e-05
-1.68065e-13
-2.7925946e-05
1.2262135e-07
-2.7925945e-05
1.5544787e-07
-2.4543122e-05
8.6044013e-08
-1.7653273e-05
-7.1317045e-06
-5.4536302e-08
-7.0771672e-06
-1.0161581e-07
-1.7606193e-05
-8.1648952e-08
-2.4563089e-05
-2.6027504e-13
-2.8007592e-05
8.1648651e-08
-2.8007591e-05
1.0161628e-07
-2.4563087e-05
5.453681e-08
-1.7606191e-05
-7.0771665e-06
-3.3955324e-08
-7.0432098e-06
-6.5247864e-08
-1.7574897e-05
-5.3398955e-08
-2.4574935e-05
-3.3326351e-13
-2.8060988e-05
5.3398528e-08
-2.8060987e-05
6.5248182e-08
-2.4574933e-05
3.3955742e-08
-1.7574895e-05
-7.0432092e-06
-2.0706069e-08
-7.0225028e-06
-4.1109365e-08
-1.7554491e-05
-3.4277198e-08
-2.4581766e-05
-3.7267921e-13
-2.8095263e-05
3.4276662e-08
-2.8095262e-05
4.1109526e-08
-2.4581764e-05
2.0706391e-08
-1.755449e-05
-7.0225022e-06
-1.2327201e-08
-7.010174e-06
-2.5353684e-08
-1.7541462e-05
-2.1567065e-08
-2.458555e-05
-4.1801263e-13
-2.8116827e-05
2.1566468e-08
-2.8116826e-05
2.5353709e-08
-2.4585548e-05
1.232744e-08
-1.7541461e-05
-7.0101736e-06
-7.1169447e-09
-7.0030565e-06
-1.5253678e-08
-1.7533324e-05
-1.3266156e-08
-2.4587536e-05
-4.2180266e-13
-2.8130091e-05
1.3265487e-08
-2.8130091e-05
1.5253587e-08
-2.4587535e-05
7.1170996e-09
-1.7533323e-05
-7.0030561e-06
-3.9472523e-09
-6.9991079e-06
-8.8990146e-09
-1.752837e-05
-7.9457903e-09
-2.4588487e-05
-4.3479323e-13
-2.8138034e-05
7.9451159e-09
-2.8138034e-05
8.8988311e-09
-2.4588486e-05
3.9473489e-09
-1.7528369e-05
-6.9991078e-06
-2.0641141e-09
-6.9970434e-06
-4.9868876e-09
-1.7525446e-05
-4.6030862e-09
-2.458887e-05
-4.2087853e-13
-2.8142636e-05
4.6023875e-09
-2.8142636e-05
4.9866466e-09
-2.458887e-05
2.0641529e-09
-1.7525446e-05
-6.9970434e-06
-9.8087434e-10
-6.9960614e-06
-2.6380008e-09
-1.7523787e-05
-2.5507854e-09
-2.4588955e-05
-4.1678493e-13
-2.8145184e-05
2.550116e-09
-2.8145184e-05
2.637722e-09
-2.4588955e-05
9.8088509e-10
-1.7523787e-05
-6.9960617e-06
-3.8297804e-10
-6.9956782e-06
-1.2718557e-09
-1.7522897e-05
-1.324353e-09
-2.4588902e-05
-3.7972006e-13
-2.8146507e-05
1.3237076e-09
-2.8146507e-05
1.2715689e-09
-2.4588902e-05
3.8295919e-10
-1.7522898e-05
-6.9956785e-06
-7.3149544e-11
-6.9956039e-06
-5.0959888e-10
-1.7522459e-05
-6.1638997e-10
-2.4588793e-05
-3.482531e-13
-2.8147121e-05
6.1581699e-10
-2.8147121e-05
5.0933084e-10
-2.4588794e-05
7.3130976e-11
-1.752246e-05
-6.9956046e-06
7.182701e-11
-6.9956755e-06
-1.095872e-10
-1.7522276e-05
-2.2603038e-10
-2.4588676e-05
-3.013255e-13
-2.8147346e-05
2.2552822e-10
-2.8147346e-05
1.0935375e-10
-2.4588677e-05
-7.1850323e-11
-1.7522278e-05
-6.9956762e-06
1.2579458e-10
-6.9958002e-06
8.0693618e-11
-1.7522229e-05
-2.5347766e-11
-2.4588567e-05
-2.3796118e-13
-2.8147369e-05
2.4949752e-11
-2.814737e-05
-8.0866684e-11
-2.4588569e-05
-1.2579691e-10
-1.7522232e-05
-6.9958012e-06
1.3358716e-10
-6.9959335e-06
1.5396987e-10
-1.7522249e-05
6.6511096e-11
-2.4588479e-05
-1.7414795e-13
-2.8147301e-05
-6.6788886e-11
-2.8147302e-05
-1.5407707e-10
-2.4588482e-05
-1.3357637e-10
-1.7522251e-05
-6.9959346e-06
1.1943774e-10
-6.9960518e-06
1.6683261e-10
-1.7522295e-05
9.829628e-11
-2.4588409e-05
-9.493659e-14
-2.8147201e-05
-9.8448164e-11
-2.8147202e-05
-1.6684986e-10
-2.4588411e-05
-1.1939352e-10
-1.7522297e-05
-6.9960531e-06
9.8247426e-11
-6.9961498e-06
1.5077247e-10
-1.7522346e-05
9.9857301e-11
-2.4588357e-05
-2.4251991e-14
-2.81471e-05
-9.9864678e-11
-2.8147102e-05
-1.5071141e-10
-2.458836e-05
-9.8181207e-11
-1.7522349e-05
-6.9961511e-06
7.5774318e-11
-6.9962245e-06
1.2457319e-10
-1.7522393e-05
8.7425007e-11
-2.4588318e-05
6.2597746e-14
-2.8147011e-05
-8.7301815e-11
-2.8147012e-05
-1.2441265e-10
-2.4588321e-05
-7.5671371e-11
-1.7522396e-05
-6.9962259e-06
5.654302e-11
-6.9962807e-06
9.6525622e-11
-1.7522433e-05
7.0784705e-11
-2.4588292e-05
1.3150453e-13
-2.814694e-05
-7.0515945e-11
-2.8146941e-05
-9.6289714e-11
-2.4588295e-05
-5.6417107e-11
-1.7522436e-05
-6.9962822e-06
4.0202708e-11
-6.9963199e-06
7.188906e-11
-1.7522462e-05
5.3944606e-11
-2.4588272e-05
2.1292312e-13
-2.8146884e-05
-5.3558015e-11
-2.8146886e-05
-7.1561174e-11
-2.4588275e-05
-4.0043756e-11
-1.7522466e-05
-6.9963214e-06
2.8227926e-11
-6.9963478e-06
5.1176966e-11
-1.7522485e-05
3.9582789e-11
-2.458826e-05
2.704004e-13
-2.8146845e-05
-3.9071426e-11
-2.8146846e-05
-5.0788441e-11
-2.4588263e-05
-2.8050656e-11
-1.7522488e-05
-6.9963492e-06
1.8681972e-11
-6.9963655e-06
3.5523928e-11
-1.75225e-05
2.7692283e-11
-2.458825e-05
3.3524956e-13
-2.8146815e-05
-2.709061e-11
-2.8146817e-05
-3.5063309e-11
-2.4588253e-05
-1.8479714e-11
-1.7522503e-05
-6.9963669e-06
1.2447439e-11
-6.9963777e-06
2.3388932e-11
-1.752251e-05
1.8839543e-11
-2.4588245e-05
3.7439036e-13
-2.8146797e-05
-1.8149394e-11
-2.8146798e-05
-2.2889792e-11
-2.4588248e-05
-1.2234693e-11
-1.7522513e-05
-6.9963789e-06
7.4479386e-12
-6.9963841e-06
1.5045119e-11
-1.7522516e-05
1.2014759e-11
-2.4588241e-05
4.1629062e-13
-2.8146783e-05
-1.1270263e-11
-2.8146784e-05
-1.4500244e-11
-2.4588243e-05
-7.2200725e-12
-1.7522519e-05
-6.9963854e-06
4.6436426e-12
-6.9963885e-06
8.7438418e-12
-1.752252e-05
7.3834531e-12
-2.4588239e-05
4.3439941e-13
-2.8146776e-05
-6.5930163e-12
-2.8146777e-05
-8.1848201e-12
-2.4588241e-05
-4.41394e-12
-1.7522522e-05
-6.9963896e-06
2.1621054e-12
-6.9963897e-06
4.8302325e-12
-1.7522521e-05
3.8807279e-12
-2.4588236e-05
4.5215473e-13
-2.8146771e-05
-3.0727195e-12
-2.8146772e-05
-4.2522777e-12
-2.4588238e-05
-1.9267829e-12
-1.7522523e-05
-6.9963908e-06
1.1325258e-12
-6.9963906e-06
1.7911619e-12
-1.7522521e-05
1.7431619e-12
-2.4588236e-05
4.5048132e-13
-2.8146769e-05
-9.2951244e-13
-2.814677e-05
-1.221165e-12
-2.4588238e-05
-9.0299649e-13
-1.7522523e-05
-6.9963915e-06
-1.0646762e-13
-6.9963896e-06
1.9574513e-13
-1.7522519e-05
6.099971e-14
-2.4588234e-05
4.4711011e-13
-2.8146768e-05
7.3881673e-13
-2.8146769e-05
3.7046094e-13
-2.4588236e-05
3.3395393e-13
-1.7522521e-05
-6.9963904e-06
-3.0888407e-13
-6.9963891e-06
-1.2221817e-12
-1.7522518e-05
-7.937579e-13
-2.4588234e-05
4.2983943e-13
-2.8146769e-05
1.5670698e-12
-2.8146769e-05
1.763612e-12
-2.4588236e-05
5.2507002e-13
-1.752252e-05
-6.9963897e-06
-9.8682059e-13
-6.9963871e-06
-1.723698e-12
-1.7522516e-05
-1.584683e-12
-2.4588232e-05
4.1094945e-13
-2.8146769e-05
2.3219008e-12
-2.814677e-05
2.2452194e-12
-2.4588234e-05
1.1958262e-12
-1.7522517e-05
-6.9963878e-06
-8.3924537e-13
-6.9963861e-06
-2.4059292e-12
-1.7522514e-05
-1.8423593e-12
-2.4588233e-05
3.8373781e-13
-2.8146771e-05
2.5319024e-12
-2.8146772e-05
2.8924221e-12
-2.4588234e-05
1.033937e-12
-1.7522515e-05
-6.9963866e-06
-1.2826702e-12
-6.9963839e-06
-2.4359188e-12
-1.7522511e-05
-2.2336859e-12
-2.4588231e-05
3.5572666e-13
-2.8146772e-05
2.8751103e-12
-2.8146772e-05
2.8935759e-12
-2.4588232e-05
1.4675856e-12
-1.7522512e-05
-6.9963844e-06
-1.0031545e-12
-6.9963828e-06
-2.8101829e-12
-1.7522509e-05
-2.2365522e-12
-2.4588232e-05
3.2423941e-13
-2.8146774e-05
2.8200589e-12
-2.8146775e-05
3.2288549e-12
-2.4588232e-05
1.1730299e-12
-1.752251e-05
-6.9963831e-06
-1.3547065e-12
-6.9963805e-06
-2.6553496e-12
-1.7522506e-05
-2.4615973e-12
-2.458823e-05
2.9291407e-13
-2.8146775e-05
2.9941464e-12
-2.8146776e-05
3.0425709e-12
-2.4588231e-05
1.5143078e-12
-1.7522507e-05
-6.9963808e-06
-1.0342724e-12
-6.9963793e-06
-2.9099715e-12
-1.7522504e-05
-2.3643812e-12
-2.458823e-05
2.618382e-13
-2.8146778e-05
2.8377635e-12
-2.8146778e-05
3.2592703e-12
-2.4588231e-05
1.1798486e-12
-1.7522504e-05
-6.9963795e-06
-1.3505867e-12
-6.996377e-06
-2.690918e-12
-1.7522501e-05
-2.5238803e-12
-2.4588229e-05
2.3161025e-13
-2.8146779e-05
2.9503511e-12
-2.8146779e-05
3.0107939e-12
-2.458823e-05
1.48683e-12
-1.7522501e-05
-6.9963773e-06
-1.0235722e-12
-6.9963759e-06
-2.9013977e-12
-1.7522498e-05
-2.3902335e-12
-2.4588229e-05
2.0417363e-13
-2.8146781e-05
2.7624785e-12
-2.8146782e-05
3.187724e-12
-2.458823e-05
1.1478829e-12
-1.7522499e-05
-6.996376e-06
-1.3246192e-12
-6.9963737e-06
-2.6640539e-12
-1.7522496e-05
-2.5236631e-12
-2.4588228e-05
1.778045e-13
-2.8146783e-05
2.857242e-12
-2.8146783e-05
2.9257614e-12
-2.4588228e-05
1.441305e-12
-1.7522496e-05
-6.9963739e-06
-1.0023114e-12
-6.9963726e-06
-2.8574679e-12
-1.7522493e-05
-2.377222e-12
-2.4588228e-05
1.5573886e-13
-2.8146785e-05
2.6648768e-12
-2.8146785e-05
3.0916403e-12
-2.4588229e-05
1.109625e-12
-1.7522494e-05
-6.9963727e-06
-1.2939579e-12
-6.9963704e-06
-2.6172366e-12
-1.7522491e-05
-2.498457e-12
-2.4588227e-05
1.344879e-13
-2.8146786e-05
2.7574589e-12
-2.8146786e-05
2.8327309e-12
-2.4588227e-05
1.3955653e-12
-1.7522491e-05
-6.9963706e-06
-9.7925782e-13
-6.9963693e-06
-2.8019112e-12
-1.7522488e-05
-2.3470502e-12
-2.4588227e-05
1.1828501e-13
-2.8146788e-05
2.5694686e-12
-2.8146788e-05
2.9961913e-12
-2.4588227e-05
1.0740579e-12
-1.7522489e-05
-6.9963694e-06
-1.262669e-12
-6.9963671e-06
-2.5630678e-12
-1.7522486e-05
-2.4604579e-12
-2.4588226e-05
1.022749e-13
-2.8146789e-05
2.6641786e-12
-2.814679e-05
2.7445456e-12
-2.4588226e-05
1.3535093e-12
-1.7522486e-05
-6.9963673e-06
-9.5589384e-13
-6.9963661e-06
-2.7410165e-12
-1.7522484e-05
-2.3064728e-12
-2.4588226e-05
9.156963e-14
-2.8146791e-05
2.482395e-12
-2.8146792e-05
2.9070217e-12
-2.4588226e-05
1.0422064e-12
-1.7522484e-05
-6.9963662e-06
-1.2310458e-12
-6.996364e-06
-2.5044217e-12
-1.7522481e-05
-2.413443e-12
-2.4588224e-05
8.0209326e-14
-2.8146793e-05
2.5794376e-12
-2.8146793e-05
2.6627131e-12
-2.4588225e-05
1.3147637e-12
-1.7522481e-05
-6.9963642e-06
-9.3195099e-13
-6.996363e-06
-2.6760046e-12
-1.7522479e-05
-2.2577658e-12
-2.4588225e-05
7.416146e-14
-2.8146795e-05
2.4033098e-12
-2.8146795e-05
2.8235273e-12
-2.4588225e-05
1.0130031e-12
-1.7522479e-05
-6.9963631e-06
-1.1987429e-12
-6.9963609e-06
-2.441787e-12
-1.7522476e-05
-2.3590133e-12
-2.4588223e-05
6.6519459e-14
-2.8146796e-05
2.5017001e-12
-2.8146796e-05
2.5855839e-12
-2.4588224e-05
1.2781153e-12
-1.7522477e-05
-6.9963612e-06
-9.0708844e-13
-6.9963599e-06
-2.6071829e-12
-1.7522474e-05
-2.2022767e-12
-2.4588223e-05
6.412172e-14
-2.8146798e-05
2.3301098e-12
-2.8146798e-05
2.7437511e-12
-2.4588224e-05
9.8522205e-13
-1.7522475e-05
-6.9963601e-06
-1.1655855e-12
-6.9963579e-06
-2.3754771e-12
-1.7522472e-05
-2.2984729e-12
-2.4588222e-05
5.9197474e-14
-2.8146799e-05
2.4287495e-12
-2.8146799e-05
2.5111816e-12
-2.4588223e-05
1.242529e-12
-1.7522472e-05
-6.9963582e-06
-8.8121725e-13
-6.996357e-06
-2.5350006e-12
-1.752247e-05
-2.1413189e-12
-2.4588222e-05
5.9481554e-14
-2.8146801e-05
2.2606485e-12
-2.8146801e-05
2.6659397e-12
-2.4588223e-05
9.5796576e-13
-1.752247e-05
-6.9963572e-06
-1.1316339e-12
-6.996355e-06
-2.3060401e-12
-1.7522467e-05
-2.233165e-12
-2.4588221e-05
5.6370996e-14
-2.8146802e-05
2.3586648e-12
-2.8146802e-05
2.4379935e-12
-2.4588222e-05
1.2073308e-12
-1.7522468e-05
-6.9963554e-06
-8.5444408e-13
-6.9963541e-06
-2.4601203e-12
-1.7522465e-05
-2.0762217e-12
-2.4588221e-05
5.8516188e-14
-2.8146804e-05
2.1932516e-12
-2.8146804e-05
2.5888882e-12
-2.4588222e-05
9.3068828e-13
-1.7522466e-05
-6.9963544e-06
-1.097083e-12
-6.9963522e-06
-2.2341765e-12
-1.7522463e-05
-2.1643925e-12
-2.458822e-05
5.6486619e-14
-2.8146805e-05
2.2900585e-12
-2.8146805e-05
2.3650633e-12
-2.4588221e-05
1.1721536e-12
-1.7522464e-05
-6.9963526e-06
-8.269657e-13
-6.9963514e-06
-2.3832827e-12
-1.7522461e-05
-2.008215e-12
-2.458822e-05
5.9857084e-14
-2.8146807e-05
2.1267858e-12
-2.8146807e-05
2.5119014e-12
-2.4588221e-05
9.0311002e-13
-1.7522462e-05
-6.9963517e-06
-1.0621715e-12
-6.9963495e-06
-2.1606034e-12
-1.7522459e-05
-2.0933103e-12
-2.4588219e-05
5.8361569e-14
-2.8146807e-05
2.2220496e-12
-2.8146808e-05
2.291888e-12
-2.458822e-05
1.1368435e-12
-1.7522459e-05
-6.9963499e-06
-7.9899725e-13
-6.9963487e-06
-2.3051943e-12
-1.7522457e-05
-1.9383492e-12
-2.4588219e-05
6.2497851e-14
-2.8146809e-05
2.0605781e-12
-2.814681e-05
2.434668e-12
-2.458822e-05
8.7512684e-13
-1.7522458e-05
-6.996349e-06
-1.0271294e-12
-6.9963469e-06
-2.0859753e-12
-1.7522455e-05
-2.0208768e-12
-2.4588218e-05
6.1154329e-14
-2.814681e-05
2.1541583e-12
-2.8146811e-05
2.2182871e-12
-2.4588219e-05
1.1013811e-12
-1.7522456e-05
-6.9963473e-06
-7.707385e-13
-6.9963461e-06
-2.2264767e-12
-1.7522453e-05
-1.8674775e-12
-2.4588218e-05
6.5742078e-14
-2.8146812e-05
1.9943004e-12
-2.8146812e-05
2.3571358e-12
-2.4588219e-05
8.4674522e-13
-1.7522454e-05
-6.9963465e-06
-9.9216001e-13
-6.9963444e-06
-2.0108555e-12
-1.7522451e-05
-1.9478595e-12
-2.4588217e-05
6.4297253e-14
-2.8146813e-05
2.0861925e-12
-2.8146813e-05
2.1442896e-12
-2.4588218e-05
1.0658275e-12
-1.7522452e-05
-6.9963448e-06
-7.4236329e-13
-6.9963436e-06
-2.1476583e-12
-1.7522449e-05
-1.7962773e-12
-2.4588218e-05
6.9130482e-14
-2.8146815e-05
1.927862e-12
-2.8146815e-05
2.2794148e-12
-2.4588219e-05
8.1803522e-13
-1.752245e-05
-6.996344e-06
-9.5743612e-13
-6.9963419e-06
-1.9357207e-12
-1.7522447e-05
-1.8748672e-12
-2.4588216e-05
6.7424597e-14
-2.8146815e-05
2.0181488e-12
-2.8146816e-05
2.0700516e-12
-2.4588217e-05
1.0302859e-12
-1.7522448e-05
-6.9963424e-06
-7.1402115e-13
-6.9963413e-06
-2.0691841e-12
-1.7522446e-05
-1.7252872e-12
-2.4588217e-05
7.2371223e-14
-2.8146817e-05
1.8613217e-12
-2.8146818e-05
2.2017078e-12
-2.4588218e-05
7.8910088e-13
-1.7522447e-05
-6.9963417e-06
-9.2310444e-13
-6.9963396e-06
-1.860975e-12
-1.7522443e-05
-1.8023861e-12
-2.4588216e-05
7.0306822e-14
-2.8146818e-05
1.9501376e-12
-2.8146818e-05
1.995797e-12
-2.4588217e-05
9.9487882e-13
-1.7522445e-05
-6.9963401e-06
-6.8584144e-13
-6.996339e-06
-1.9914331e-12
-1.7522442e-05
-1.6549413e-12
-2.4588216e-05
7.5283572e-14
-2.814682e-05
1.7948232e-12
-2.814682e-05
2.1242618e-12
-2.4588217e-05
7.6006033e-13
-1.7522443e-05
-6.9963394e-06
-8.8928968e-13
-6.9963374e-06
-1.7869646e-12
-1.752244e-05
-1.7308114e-12
-2.4588215e-05
7.2803653e-14
-2.814682e-05
1.8823289e-12
-2.8146821e-05
1.9217786e-12
-2.4588216e-05
9.5973251e-13
-1.7522441e-05
-6.9963379e-06
-6.5793681e-13
-6.9963368e-06
-1.9147289e-12
-1.7522439e-05
-1.5855955e-12
-2.4588215e-05
7.7757487e-14
-2.8146822e-05
1.7285518e-12
-2.8146823e-05
2.0473356e-12
-2.4588216e-05
7.3103432e-13
-1.752244e-05
-6.9963372e-06
-8.5609798e-13
-6.9963352e-06
-1.7139873e-12
-1.7522437e-05
-1.6604686e-12
-2.4588214e-05
7.4831298e-14
-2.8146823e-05
1.8149177e-12
-2.8146823e-05
1.8482519e-12
-2.4588215e-05
9.2496841e-13
-1.7522438e-05
-6.9963358e-06
-6.3040511e-13
-6.9963347e-06
-1.8393491e-12
-1.7522436e-05
-1.5175443e-12
-2.4588215e-05
7.9728355e-14
-2.8146824e-05
1.6627055e-12
-2.8146825e-05
1.9711815e-12
-2.4588216e-05
7.0213933e-13
-1.7522437e-05
-6.9963351e-06
-8.2361923e-13
-6.9963332e-06
-1.6422987e-12
-1.7522434e-05
-1.5916266e-12
-2.4588213e-05
7.6341502e-14
-2.8146825e-05
1.7481019e-12
-2.8146825e-05
1.7754607e-12
-2.4588215e-05
8.9069844e-13
-1.7522435e-05
-6.9963337e-06
-6.0333171e-13
-6.9963327e-06
-1.7655288e-12
-1.7522433e-05
-1.4510308e-12
-2.4588214e-05
8.1160941e-14
-2.8146827e-05
1.5974796e-12
-2.8146827e-05
1.8960339e-12
-2.4588215e-05
6.7348259e-13
-1.7522434e-05
-6.9963331e-06
-7.9192832e-13
-6.9963312e-06
-1.5721144e-12
-1.7522431e-05
-1.5245045e-12
-2.4588213e-05
7.7311233e-14
-2.8146827e-05
1.6820706e-12
-2.8146828e-05
1.703629e-12
-2.4588214e-05
8.5702136e-13
-1.7522432e-05
-6.9963318e-06
-5.7678819e-13
-6.9963308e-06
-1.6934626e-12
-1.752243e-05
-1.3862508e-12
-2.4588213e-05
8.2041315e-14
-2.8146829e-05
1.5330575e-12
-2.8146829e-05
1.8221022e-12
-2.4588214e-05
6.4516052e-13
-1.7522431e-05
-6.9963312e-06
-7.6108429e-13
-6.9963294e-06
-1.5036113e-12
-1.7522428e-05
-1.4592751e-12
-2.4588212e-05
7.7736139e-14
-2.8146829e-05
1.6169976e-12
-2.814683e-05
1.632955e-12
-2.4588213e-05
8.2402279e-13
-1.7522429e-05
-6.9963299e-06
-5.5083382e-13
-6.996329e-06
-1.6233055e-12
-1.7522427e-05
-1.323356e-12
-2.4588213e-05
8.2373136e-14
-2.8146831e-05
1.4696055e-12
-2.8146831e-05
1.7495693e-12
-2.4588214e-05
6.1725847e-13
-1.7522428e-05
-6.9963294e-06
-7.3113203e-13
-6.9963276e-06
-1.4369284e-12
-1.7522425e-05
-1.3960678e-12
-2.4588212e-05
7.7627784e-14
-2.8146831e-05
1.5530386e-12
-2.8146832e-05
1.5636112e-12
-2.4588213e-05
7.9177442e-13
-1.7522426e-05
-6.9963281e-06
-5.2551403e-13
-6.9963272e-06
-1.5551744e-12
-1.7522424e-05
-1.2624557e-12
-2.4588212e-05
8.2175143e-14
-2.8146833e-05
1.4072718e-12
-2.8146833e-05
1.6785906e-12
-2.4588213e-05
5.8984869e-13
-1.7522425e-05
-6.9963276e-06
-7.02102e-13
-6.9963259e-06
-1.3721683e-12
-1.7522423e-05
-1.3349699e-12
-2.4588211e-05
7.7011883e-14
-2.8146833e-05
1.4903298e-12
-2.8146834e-05
1.4957433e-12
-2.4588212e-05
7.6033392e-13
-1.7522424e-05
-6.9963264e-06
-5.0086277e-13
-6.9963256e-06
-1.4891495e-12
-1.7522422e-05
-1.2036202e-12
-2.4588212e-05
8.1478918e-14
-2.8146835e-05
1.3461854e-12
-2.8146835e-05
1.6092938e-12
-2.4588213e-05
5.6299229e-13
-1.7522423e-05
-6.996326e-06
-6.7401196e-13
-6.9963243e-06
-1.3093989e-12
-1.752242e-05
-1.2760312e-12
-2.4588211e-05
7.5925452e-14
-2.8146835e-05
1.4289887e-12
-2.8146836e-05
1.4294707e-12
-2.4588212e-05
7.2974626e-13
-1.7522421e-05
-6.9963248e-06
-4.7690196e-13
-6.996324e-06
-1.4252778e-12
-1.752242e-05
-1.1468834e-12
-2.4588211e-05
8.0326038e-14
-2.8146837e-05
1.2864568e-12
-2.8146837e-05
1.5417805e-12
-2.4588212e-05
5.3673834e-13
-1.7522421e-05
-6.9963244e-06
-6.4686772e-13
-6.9963227e-06
-1.2486568e-12
-1.7522418e-05
-1.2192664e-12
-2.458821e-05
7.4414498e-14
-2.8146837e-05
1.369113e-12
-2.8146837e-05
1.3648877e-12
-2.4588211e-05
7.000443e-13
-1.7522419e-05
-6.9963232e-06
-4.5364353e-13
-6.9963225e-06
-1.3635758e-12
-1.7522417e-05
-1.0922476e-12
-2.4588211e-05
7.8766336e-14
-2.8146839e-05
1.2281768e-12
-2.8146839e-05
1.4761276e-12
-2.4588212e-05
5.1112569e-13
-1.7522418e-05
-6.9963229e-06
-6.2066502e-13
-6.9963213e-06
-1.1899512e-12
-1.7522416e-05
-1.1646614e-12
-2.458821e-05
7.2532336e-14
-2.8146839e-05
1.3107819e-12
-2.8146839e-05
1.3020648e-12
-2.4588211e-05
6.7125005e-13
-1.7522417e-05
-6.9963217e-06
-4.3108992e-13
-6.9963211e-06
-1.3040345e-12
-1.7522415e-05
-1.0396883e-12
-2.4588211e-05
7.6855752e-14
-2.814684e-05
1.1714182e-12
-2.8146841e-05
1.4123884e-12
-2.4588212e-05
4.8618304e-13
-1.7522416e-05
-6.9963214e-06
-5.9539047e-13
-6.9963199e-06
-1.1332676e-12
-1.7522414e-05
-1.1121769e-12
-2.458821e-05
7.0335941e-14
-2.814684e-05
1.2540561e-12
-2.8146841e-05
1.2410511e-12
-2.4588211e-05
6.4337515e-13
-1.7522415e-05
-6.9963203e-06
-4.0923655e-13
-6.9963197e-06
-1.2466227e-12
-1.7522413e-05
-9.8915899e-13
-2.458821e-05
7.4652539e-14
-2.8146842e-05
1.1162361e-12
-2.8146842e-05
1.3505953e-12
-2.4588211e-05
4.6192974e-13
-1.7522414e-05
-6.99632e-06
-5.7102408e-13
-6.9963186e-06
-1.0785716e-12
-1.7522412e-05
-1.0617545e-12
-2.4588209e-05
6.7884233e-14
-2.8146842e-05
1.1989787e-12
-2.8146842e-05
1.181875e-12
-2.458821e-05
6.164223e-13
-1.7522413e-05
-6.996319e-06
-3.8807177e-13
-6.9963184e-06
-1.1912917e-12
-1.7522411e-05
-9.4059626e-13
-2.458821e-05
7.2215672e-14
-2.8146843e-05
1.0626682e-12
-2.8146844e-05
1.2907617e-12
-2.4588211e-05
4.3837708e-13
-1.7522412e-05
-6.9963187e-06
-5.4753977e-13
-6.9963173e-06
-1.0258141e-12
-1.752241e-05
-1.0133204e-12
-2.4588209e-05
6.5235281e-14
-2.8146844e-05
1.145577e-12
-2.8146844e-05
1.1245477e-12
-2.458821e-05
5.9038663e-13
-1.7522411e-05
-6.9963177e-06
-3.6757972e-13
-6.9963172e-06
-1.1379798e-12
-1.752241e-05
-8.9392379e-13
-2.458821e-05
6.9602408e-14
-2.8146845e-05
1.0107368e-12
-2.8146845e-05
1.2328841e-12
-2.4588211e-05
4.1552898e-13
-1.752241e-05
-6.9963175e-06
-5.2490783e-13
-6.9963161e-06
-9.7493392e-13
-1.7522408e-05
-9.6679134e-13
-2.4588209e-05
6.2445233e-14
-2.8146845e-05
1.0938627e-12
-2.8146845e-05
1.0690643e-12
-2.458821e-05
5.6525639e-13
-1.7522409e-05
-6.9963165e-06
-3.4774056e-13
-6.996316e-06
-1.086615e-12
-1.7522408e-05
-8.4905805e-13
-2.458821e-05
6.6867291e-14
-2.8146846e-05
9.6044986e-13
-2.8146847e-05
1.1769443e-12
-2.458821e-05
3.9338319e-13
-1.7522409e-05
-6.9963163e-06
-5.0309541e-13
-6.996315e-06
-9.2586188e-13
-1.7522407e-05
-9.2207705e-13
-2.4588209e-05
5.9565554e-14
-2.8146847e-05
1.0438344e-12
-2.8146847e-05
1.0154063e-12
-2.4588209e-05
5.4101444e-13
-1.7522407e-05
-6.9963153e-06
-3.2853242e-13
-6.9963149e-06
-1.037119e-12
-1.7522406e-05
-8.0590952e-13
-2.4588209e-05
6.4059674e-14
-2.8146848e-05
9.1180262e-13
-2.8146848e-05
1.1229118e-12
-2.458821e-05
3.7193235e-13
-1.7522407e-05
-6.9963152e-06
-4.8206819e-13
-6.9963139e-06
-8.7852401e-13
-1.7522405e-05
-8.7908405e-13
-2.4588208e-05
5.6643202e-14
-2.8146848e-05
9.9547837e-13
-2.8146848e-05
9.6354427e-13
-2.4588209e-05
5.1763901e-13
-1.7522406e-05
-6.9963142e-06
-3.0993153e-13
-6.9963139e-06
-9.8941029e-13
-1.7522405e-05
-7.6438775e-13
-2.4588209e-05
6.122436e-14
-2.8146849e-05
8.6477864e-13
-2.8146849e-05
1.0707461e-12
-2.458821e-05
3.5116481e-13
-1.7522405e-05
-6.9963141e-06
-4.617912e-13
-6.9963129e-06
-8.3284344e-13
-1.7522403e-05
-8.3771874e-13
-2.4588208e-05
5.3719643e-14
-2.8146849e-05
9.4877107e-13
-2.814685e-05
9.1343899e-13
-2.4588209e-05
4.9510497e-13
-1.7522404e-05
-6.9963132e-06
-2.9191362e-13
-6.9963129e-06
-9.4340512e-13
-1.7522403e-05
-7.2440285e-13
-2.4588209e-05
5.8399697e-14
-2.814685e-05
8.193529e-13
-2.8146851e-05
1.0203985e-12
-2.458821e-05
3.3106548e-13
-1.7522404e-05
-6.9963131e-06
-4.4222902e-13
-6.9963119e-06
-7.8874275e-13
-1.7522402e-05
-7.9788924e-13
-2.4588208e-05
5.0829854e-14
-2.814685e-05
9.0368008e-13
-2.8146851e-05
8.6504504e-13
-2.4588209e-05
4.7338478e-13
-1.7522403e-05
-6.9963122e-06
-2.7445392e-13
-6.9963119e-06
-8.9902082e-13
-1.7522402e-05
-6.8586725e-13
-2.4588209e-05
5.5618436e-14
-2.8146852e-05
7.7549145e-13
-2.8146852e-05
9.7181482e-13
-2.4588209e-05
3.1161684e-13
-1.7522402e-05
-6.9963121e-06
-4.2334695e-13
-6.996311e-06
-7.4614566e-13
-1.7522401e-05
-7.5950711e-13
-2.4588208e-05
4.8003848e-14
-2.8146852e-05
8.6016574e-13
-2.8146852e-05
8.1831108e-13
-2.4588209e-05
4.5244875e-13
-1.7522401e-05
-6.9963113e-06
-2.5752878e-13
-6.996311e-06
-8.561765e-13
-1.75224e-05
-6.4869751e-13
-2.4588209e-05
5.2907762e-14
-2.8146853e-05
7.3315487e-13
-2.8146853e-05
9.2493634e-13
-2.4588209e-05
2.9279936e-13
-1.7522401e-05
-6.9963112e-06
-4.0511186e-13
-6.9963101e-06
-7.049784e-13
-1.7522399e-05
-7.2248789e-13
-2.4588208e-05
4.5265093e-14
-2.8146853e-05
8.1818392e-13
-2.8146853e-05
7.7318237e-13
-2.4588208e-05
4.3226629e-13
-1.75224e-05
-6.9963104e-06
-2.4111505e-13
-6.9963102e-06
-8.1479482e-13
-1.7522399e-05
-6.1281469e-13
-2.4588208e-05
5.0288932e-14
-2.8146854e-05
6.9229923e-13
-2.8146854e-05
8.7970154e-13
-2.4588209e-05
2.7459243e-13
-1.75224e-05
-6.9963104e-06
-3.8749159e-13
-6.9963093e-06
-6.651708e-13
-1.7522398e-05
-6.8675312e-13
-2.4588208e-05
4.2632337e-14
-2.8146854e-05
7.7768669e-13
-2.8146854e-05
7.2960213e-13
-2.4588208e-05
4.1280666e-13
-1.7522399e-05
-6.9963096e-06
-2.2519076e-13
-6.9963094e-06
-7.748023e-13
-1.7522398e-05
-5.7814609e-13
-2.4588208e-05
4.7778633e-14
-2.8146855e-05
6.5287755e-13
-2.8146855e-05
8.3604838e-13
-2.4588209e-05
2.5697539e-13
-1.7522399e-05
-6.9963096e-06
-3.7045605e-13
-6.9963085e-06
-6.2665687e-13
-1.7522397e-05
-6.5222999e-13
-2.4588207e-05
4.011954e-14
-2.8146855e-05
7.3862342e-13
-2.8146855e-05
6.875133e-13
-2.4588208e-05
3.9403962e-13
-1.7522398e-05
-6.9963088e-06
-2.0973571e-13
-6.9963086e-06
-7.3613027e-13
-1.7522397e-05
-5.4462466e-13
-2.4588208e-05
4.5388586e-14
-2.8146856e-05
6.1484131e-13
-2.8146856e-05
7.9391465e-13
-2.4588209e-05
2.3992731e-13
-1.7522397e-05
-6.9963088e-06
-3.5397703e-13
-6.9963077e-06
-5.8937543e-13
-1.7522396e-05
-6.1885212e-13
-2.4588207e-05
3.7736261e-14
-2.8146856e-05
7.0094337e-13
-2.8146856e-05
6.4685878e-13
-2.4588208e-05
3.7593473e-13
-1.7522397e-05
-6.996308e-06
-1.9473122e-13
-6.9963079e-06
-6.9871495e-13
-1.7522396e-05
-5.1218974e-13
-2.4588208e-05
4.3127343e-14
-2.8146857e-05
5.7814101e-13
-2.8146857e-05
7.5323952e-13
-2.4588209e-05
2.2342756e-13
-1.7522396e-05
-6.9963081e-06
-3.380284e-13
-6.996307e-06
-5.5327007e-13
-1.7522395e-05
-5.8655925e-13
-2.4588207e-05
3.5488434e-14
-2.8146857e-05
6.6459484e-13
-2.8146857e-05
6.0758374e-13
-2.4588208e-05
3.5846339e-13
-1.7522396e-05
-6.9963073e-06
-1.8016011e-13
-6.9963072e-06
-6.6249799e-13
-1.7522395e-05
-4.8078667e-13
-2.4588208e-05
4.0998883e-14
-2.8146858e-05
5.4272822e-13
-2.8146858e-05
7.1396437e-13
-2.4588208e-05
2.0745664e-13
-1.7522395e-05
-6.9963074e-06
-3.2258587e-13
-6.9963064e-06
-5.1828987e-13
-1.7522394e-05
-5.552977e-13
-2.4588207e-05
3.3378959e-14
-2.8146858e-05
6.2952799e-13
-2.8146858e-05
5.6963516e-13
-2.4588208e-05
3.4159801e-13
-1.7522395e-05
-6.9963066e-06
-1.6600729e-13
-6.9963066e-06
-6.2742684e-13
-1.7522394e-05
-4.5036703e-13
-2.4588208e-05
3.9005396e-14
-2.8146859e-05
5.085556e-13
-2.8146859e-05
6.7603335e-13
-2.4588208e-05
1.9199573e-13
-1.7522394e-05
-6.9963067e-06
-3.0762778e-13
-6.9963058e-06
-4.8438948e-13
-1.7522393e-05
-5.2501938e-13
-2.4588207e-05
3.1408258e-14
-2.8146858e-05
5.9569477e-13
-2.8146859e-05
5.3296343e-13
-2.4588207e-05
3.2531255e-13
-1.7522394e-05
-6.996306e-06
-1.522595e-13
-6.996306e-06
-5.9345428e-13
-1.7522393e-05
-4.208885e-13
-2.4588208e-05
3.7146617e-14
-2.8146859e-05
4.7557842e-13
-2.814686e-05
6.3939432e-13
-2.4588208e-05
1.7702799e-13
-1.7522394e-05
-6.9963061e-06
-2.931347e-13
-6.9963052e-06
-4.5152862e-13
-1.7522392e-05
-4.9568285e-13
-2.4588207e-05
2.9575073e-14
-2.8146859e-05
5.6305003e-13
-2.8146859e-05
4.9752253e-13
-2.4588207e-05
3.0958323e-13
-1.7522393e-05
-6.9963054e-06
-1.3890582e-13
-6.9963054e-06
-5.6053875e-13
-1.7522392e-05
-3.9231434e-13
-2.4588208e-05
3.542068e-14
-2.814686e-05
4.4375504e-13
-2.814686e-05
6.0399973e-13
-2.4588208e-05
1.6253797e-13
-1.7522393e-05
-6.9963055e-06
-2.7908958e-13
-6.9963046e-06
-4.1967273e-13
-1.7522391e-05
-4.6725203e-13
-2.4588207e-05
2.7876425e-14
-2.814686e-05
5.3155171e-13
-2.814686e-05
4.6327142e-13
-2.4588207e-05
2.9438829e-13
-1.7522392e-05
-6.9963049e-06
-1.2593657e-13
-6.9963049e-06
-5.2864427e-13
-1.7522392e-05
-3.6461376e-13
-2.4588207e-05
3.3824152e-14
-2.8146861e-05
4.1304723e-13
-2.8146861e-05
5.6980642e-13
-2.4588208e-05
1.4851234e-13
-1.7522392e-05
-6.996305e-06
-2.6547705e-13
-6.9963041e-06
-3.8879253e-13
-1.7522391e-05
-4.3969659e-13
-2.4588207e-05
2.6308291e-14
-2.814686e-05
5.0116266e-13
-2.8146861e-05
4.3017297e-13
-2.4588207e-05
2.7970822e-13
-1.7522391e-05
-6.9963043e-06
-1.1334479e-13
-6.9963044e-06
-4.9774058e-13
-1.7522391e-05
-3.3776114e-13
-2.4588207e-05
3.2353338e-14
-2.8146861e-05
3.8342169e-13
-2.8146862e-05
5.3677648e-13
-2.4588208e-05
1.3493939e-13
-1.7522391e-05
-6.9963045e-06
-2.5228459e-13
-6.9963036e-06
-3.588643e-13
-1.752239e-05
-4.1299156e-13
-2.4588206e-05
2.4866487e-14
-2.8146861e-05
4.7184958e-13
-2.8146861e-05
3.9819591e-13
-2.4588207e-05
2.6552564e-13
-1.752239e-05
-6.9963039e-06
-1.0112476e-13
-6.9963039e-06
-4.6780288e-13
-1.752239e-05
-3.1173603e-13
-2.4588207e-05
3.1003851e-14
-2.8146862e-05
3.5484909e-13
-2.8146862e-05
5.0487742e-13
-2.4588208e-05
1.2180963e-13
-1.752239e-05
-6.996304e-06
-2.3950189e-13
-6.9963032e-06
-3.2986997e-13
-1.7522389e-05
-3.8711728e-13
-2.4588206e-05
2.3546424e-14
-2.8146862e-05
4.4358412e-13
-2.8146862e-05
3.6731404e-13
-2.4588207e-05
2.5182599e-13
-1.752239e-05
-6.9963034e-06
-8.9273681e-14
-6.9963035e-06
-4.3881215e-13
-1.7522389e-05
-2.8652353e-13
-2.4588207e-05
2.9771368e-14
-2.8146863e-05
3.2730535e-13
-2.8146863e-05
4.7408247e-13
-2.4588208e-05
1.0911611e-13
-1.752239e-05
-6.9963036e-06
-2.27121e-13
-6.9963028e-06
-3.0179637e-13
-1.7522389e-05
-3.6205949e-13
-2.4588206e-05
2.2343465e-14
-2.8146862e-05
4.1634331e-13
-2.8146862e-05
3.3750717e-13
-2.4588207e-05
2.3859731e-13
-1.7522389e-05
-6.996303e-06
-7.7790061e-14
-6.9963031e-06
-4.1075472e-13
-1.7522389e-05
-2.6211355e-13
-2.4588207e-05
2.8651398e-14
-2.8146863e-05
3.007717e-13
-2.8146863e-05
4.4437118e-13
-2.4588207e-05
9.6854098e-14
-1.7522389e-05
-6.9963032e-06
-2.1513589e-13
-6.9963024e-06
-2.7463613e-13
-1.7522388e-05
-3.3780836e-13
-2.4588206e-05
2.125286e-14
-2.8146863e-05
3.9010971e-13
-2.8146863e-05
3.0876076e-13
-2.4588207e-05
2.2583004e-13
-1.7522389e-05
-6.9963026e-06
-6.6675098e-14
-6.9963027e-06
-3.8362223e-13
-1.7522388e-05
-2.3850054e-13
-2.4588207e-05
2.763965e-14
-2.8146863e-05
2.7523469e-13
-2.8146864e-05
4.1572868e-13
-2.4588207e-05
8.5020924e-14
-1.7522389e-05
-6.9963028e-06
-2.0354353e-13
-6.996302e-06
-2.48387e-13
-1.7522388e-05
-3.143595e-13
-2.4588206e-05
2.0270763e-14
-2.8146863e-05
3.6487092e-13
-2.8146863e-05
2.8106623e-13
-2.4588206e-05
2.135175e-13
-1.7522388e-05
-6.9963022e-06
-5.5931573e-14
-6.9963023e-06
-3.5741229e-13
-1.7522388e-05
-2.1568435e-13
-2.4588207e-05
2.6732561e-14
-2.8146864e-05
2.5068644e-13
-2.8146864e-05
3.8814612e-13
-2.4588207e-05
7.3616791e-14
-1.7522388e-05
-6.9963024e-06
-1.9234284e-13
-6.9963017e-06
-2.2305218e-13
-1.7522387e-05
-2.9171341e-13
-2.4588206e-05
1.9392865e-14
-2.8146864e-05
3.4062052e-13
-2.8146864e-05
2.5442075e-13
-2.4588206e-05
2.0165569e-13
-1.7522388e-05
-6.9963019e-06
-4.5564725e-14
-6.996302e-06
-3.3212775e-13
-1.7522387e-05
-1.9366949e-13
-2.4588207e-05
2.592607e-14
-2.8146864e-05
2.271239e-13
-2.8146864e-05
3.6162119e-13
-2.4588207e-05
6.2644165e-14
-1.7522388e-05
-6.9963021e-06
-1.8153504e-13
-6.9963014e-06
-1.9864031e-13
-1.7522387e-05
-2.6987549e-13
-2.4588206e-05
1.86152e-14
-2.8146864e-05
3.1735661e-13
-2.8146864e-05
2.2882758e-13
-2.4588206e-05
1.9024323e-13
-1.7522387e-05
-6.9963015e-06
-3.5581127e-14
-6.9963017e-06
-3.0777723e-13
-1.7522387e-05
-1.7246524e-13
-2.4588207e-05
2.5216155e-14
-2.8146865e-05
2.0454906e-13
-2.8146865e-05
3.3615661e-13
-2.4588207e-05
5.2107361e-14
-1.7522387e-05
-6.9963018e-06
-1.7112359e-13
-6.9963011e-06
-1.751651e-13
-1.7522386e-05
-2.4885606e-13
-2.4588206e-05
1.793343e-14
-2.8146864e-05
2.9508228e-13
-2.8146864e-05
2.0429459e-13
-2.4588206e-05
1.7928101e-13
-1.7522387e-05
-6.9963012e-06
-2.5990194e-14
-6.9963014e-06
-2.8437413e-13
-1.7522387e-05
-1.5208611e-13
-2.4588207e-05
2.4598535e-14
-2.8146865e-05
1.8296814e-13
-2.8146865e-05
3.1176032e-13
-2.4588207e-05
4.2013126e-14
-1.7522387e-05
-6.9963015e-06
-1.6111484e-13
-6.9963008e-06
-1.5264527e-13
-1.7522386e-05
-2.2867077e-13
-2.4588206e-05
1.7342662e-14
-2.8146864e-05
2.7380457e-13
-2.8146865e-05
1.8083452e-13
-2.4588206e-05
1.6877219e-13
-1.7522386e-05
-6.996301e-06
-1.6802932e-14
-6.9963012e-06
-2.6193743e-13
-1.7522386e-05
-1.325512e-13
-2.4588207e-05
2.4067837e-14
-2.8146865e-05
1.6239079e-13
-2.8146865e-05
2.8844471e-13
-2.4588207e-05
3.2369501e-14
-1.7522386e-05
-6.9963012e-06
-1.5151658e-13
-6.9963006e-06
-1.311045e-13
-1.7522386e-05
-2.0933994e-13
-2.4588206e-05
1.68366e-14
-2.8146865e-05
2.535331e-13
-2.8146865e-05
1.5846388e-13
-2.4588206e-05
1.5872206e-13
-1.7522386e-05
-6.9963007e-06
-8.0315184e-15
-6.9963009e-06
-2.4049085e-13
-1.7522386e-05
-1.1388491e-13
-2.4588207e-05
2.3617019e-14
-2.8146865e-05
1.4282864e-13
-2.8146866e-05
2.6622588e-13
-2.4588207e-05
2.3186155e-14
-1.7522386e-05
-6.996301e-06
-1.4233854e-13
-6.9963004e-06
-1.1057076e-13
-1.7522385e-05
-1.9088945e-13
-2.4588206e-05
1.6407063e-14
-2.8146865e-05
2.3427976e-13
-2.8146865e-05
1.3720163e-13
-2.4588206e-05
1.4913707e-13
-1.7522385e-05
-6.9963005e-06
3.1019707e-16
-6.9963007e-06
-2.2006288e-13
-1.7522386e-05
-9.6116151e-14
-2.4588206e-05
2.3236598e-14
-2.8146866e-05
1.2429435e-13
-2.8146866e-05
2.4512166e-13
-2.4588207e-05
1.4473494e-14
-1.7522386e-05
-6.9963008e-06
-1.3359273e-13
-6.9963002e-06
-9.1076298e-14
-1.7522385e-05
-1.7334975e-13
-2.4588206e-05
1.6042629e-14
-2.8146865e-05
2.1605581e-13
-2.8146865e-05
1.1706814e-13
-2.4588206e-05
1.400252e-13
-1.7522385e-05
-6.9963003e-06
8.2066816e-15
-6.9963005e-06
-2.0068567e-13
-1.7522385e-05
-7.9279032e-14
-2.4588206e-05
2.2913554e-14
-2.8146866e-05
1.0679916e-13
-2.8146866e-05
2.2515102e-13
-2.4588207e-05
6.2426896e-15
-1.7522385e-05
-6.9963006e-06
-1.2529262e-13
-6.9963e-06
-7.2656506e-14
-1.7522385e-05
-1.5675667e-13
-2.4588206e-05
1.5728166e-14
-2.8146865e-05
1.9887093e-13
-2.8146865e-05
9.8083099e-14
-2.4588206e-05
1.3139472e-13
-1.7522385e-05
-6.9963001e-06
1.5642207e-14
-6.9963004e-06
-1.8239519e-13
-1.7522385e-05
-6.3412435e-14
-2.4588206e-05
2.2630168e-14
-2.8146866e-05
9.0351324e-14
-2.8146866e-05
2.0633138e-13
-2.4588206e-05
-1.4964489e-15
-1.7522385e-05
-6.9963004e-06
-1.1745266e-13
-6.9962998e-06
-5.5349614e-14
-1.7522384e-05
-1.4115115e-13
-2.4588205e-05
1.544291e-14
-2.8146865e-05
1.827302e-13
-2.8146866e-05
8.0263719e-14
-2.4588206e-05
1.2325319e-13
-1.7522385e-05
-6.9962999e-06
2.2600213e-14
-6.9963002e-06
-1.6522992e-13
-1.7522385e-05
-4.8559741e-14
-2.4588206e-05
2.2362382e-14
-2.8146866e-05
7.4953341e-14
-2.8146866e-05
1.8867679e-13
-2.4588206e-05
-8.7349557e-15
-1.7522385e-05
-6.9963002e-06
-1.1008797e-13
-6.9962997e-06
-3.9195827e-14
-1.7522384e-05
-1.2657807e-13
-2.4588205e-05
1.5159285e-14
-2.8146866e-05
1.6763217e-13
-2.8146866e-05
6.3621833e-14
-2.4588206e-05
1.1560741e-13
-1.7522384e-05
-6.9962998e-06
2.9064838e-14
-6.9963001e-06
-1.4923006e-13
-1.7522385e-05
-3.4768102e-14
-2.4588206e-05
2.2079072e-14
-2.8146866e-05
6.0599122e-14
-2.8146866e-05
1.7219563e-13
-2.4588206e-05
-1.5466525e-14
-1.7522385e-05
-6.9963001e-06
-1.0321432e-13
-6.9962995e-06
-2.4235406e-14
-1.7522384e-05
-1.1308674e-13
-2.4588205e-05
1.4842196e-14
-2.8146866e-05
1.5356564e-13
-2.8146866e-05
4.8162163e-14
-2.4588205e-05
1.0846128e-13
-1.7522384e-05
-6.9962996e-06
3.5020149e-14
-6.9963e-06
-1.3443598e-13
-1.7522384e-05
-2.2088341e-14
-2.4588206e-05
2.1740837e-14
-2.8146866e-05
4.7271529e-14
-2.8146866e-05
1.5688761e-13
-2.4588206e-05
-2.1688319e-14
-1.7522384e-05
-6.9963e-06
-9.6847076e-14
-6.9962994e-06
-1.0508216e-14
-1.7522384e-05
-1.0072939e-13
-2.4588205e-05
1.4447547e-14
-2.8146866e-05
1.40507e-13
-2.8146866e-05
3.3878823e-14
-2.4588205e-05
1.0181599e-13
-1.7522384e-05
-6.9962995e-06
4.0452369e-14
-6.9962998e-06
-1.2088677e-13
-1.7522384e-05
-1.0573321e-14
-2.4588206e-05
2.1298631e-14
-2.8146866e-05
3.493936e-14
-2.8146866e-05
1.4274123e-13
-2.4588206e-05
-2.7401987e-14
-1.7522384e-05
-6.9962998e-06
-9.1000134e-14
-6.9962993e-06
1.9492635e-15
-1.7522384e-05
-8.9559886e-14
-2.4588205e-05
1.3921652e-14
-2.8146866e-05
1.2841736e-13
-2.8146866e-05
2.075288e-14
-2.4588205e-05
9.5668434e-14
-1.7522384e-05
-6.9962994e-06
4.5349682e-14
-6.9962997e-06
-1.0861776e-13
-1.7522384e-05
-2.7584145e-16
-2.4588206e-05
2.0694094e-14
-2.8146866e-05
2.3554538e-14
-2.8146866e-05
1.2973119e-13
-2.4588206e-05
-3.261506e-14
-1.7522384e-05
-6.9962997e-06
-8.5685834e-14
-6.9962992e-06
1.3105946e-14
-1.7522383e-05
-7.9630946e-14
-2.4588205e-05
1.3201329e-14
-2.8146866e-05
1.1724083e-13
-2.8146866e-05
8.749545e-15
-2.4588205e-05
9.0009071e-14
-1.7522384e-05
-6.9962993e-06
4.9704352e-14
-6.9962997e-06
-9.7657836e-14
-1.7522384e-05
8.7538614e-15
-2.4588206e-05
1.9859491e-14
-2.8146866e-05
1.3050947e-14
-2.8146866e-05
1.1781494e-13
-2.4588206e-05
-3.7342474e-14
-1.7522384e-05
-6.9962996e-06
-8.0912423e-14
-6.9962991e-06
2.2940122e-14
-1.7522383e-05
-7.0991096e-14
-2.4588205e-05
1.2215176e-14
-2.8146866e-05
1.0690207e-13
-2.8146866e-05
-2.1846414e-15
-2.4588205e-05
8.4822128e-14
-1.7522383e-05
-6.9962992e-06
5.3513737e-14
-6.9962996e-06
-8.8024772e-14
-1.7522384e-05
1.647298e-14
-2.4588206e-05
1.8719955e-14
-2.8146866e-05
3.3419063e-15
-2.8146866e-05
1.0693152e-13
-2.4588206e-05
-4.1606942e-14
-1.7522384e-05
-6.9962996e-06
-7.6682814e-14
-6.9962991e-06
3.1443524e-14
-1.7522383e-05
-6.3678743e-14
-2.4588205e-05
1.0885756e-14
-2.8146866e-05
9.7305753e-14
-2.8146866e-05
-1.212355e-14
-2.4588205e-05
8.0083891e-14
-1.7522383e-05
-6.9962991e-06
5.6782945e-14
-6.9962995e-06
-7.9720479e-14
-1.7522384e-05
2.2852265e-14
-2.4588206e-05
1.7197156e-14
-2.8146866e-05
-5.6791455e-15
-2.8146866e-05
9.6998613e-14
-2.4588206e-05
-4.544098e-14
-1.7522384e-05
-6.9962995e-06
-7.2992059e-14
-6.996299e-06
3.8628089e-14
-1.7522383e-05
-5.7714812e-14
-2.4588205e-05
9.1352948e-15
-2.8146866e-05
8.8337777e-14
-2.8146866e-05
-2.1163441e-14
-2.4588205e-05
7.5761236e-14
-1.7522383e-05
-6.9962991e-06
5.9526417e-14
-6.9962994e-06
-7.2723427e-14
-1.7522383e-05
2.788466e-14
-2.4588206e-05
1.5215661e-14
-2.8146866e-05
-1.4137207e-14
-2.8146866e-05
8.7912065e-14
-2.4588206e-05
-4.8887107e-14
-1.7522383e-05
-6.9962994e-06
-6.9824922e-14
-6.9962989e-06
4.4533711e-14
-1.7522383e-05
-5.3092957e-14
-2.4588205e-05
6.8926097e-15
-2.8146866e-05
7.9867025e-14
-2.8146866e-05
-2.9422925e-14
-2.4588205e-05
7.1811704e-14
-1.7522383e-05
-6.996299e-06
6.1772765e-14
-6.9962994e-06
-6.6979808e-14
-1.7522383e-05
3.1596957e-14
-2.4588206e-05
1.2711849e-14
-2.8146866e-05
-2.217178e-14
-2.8146866e-05
7.954587e-14
-2.4588206e-05
-5.1998722e-14
-1.7522383e-05
-6.9962994e-06
-6.7150389e-14
-6.9962989e-06
4.9238053e-14
-1.7522383e-05
-4.9765674e-14
-2.4588205e-05
4.1041521e-15
-2.8146866e-05
7.175204e-14
-2.8146866e-05
-3.7042491e-14
-2.4588205e-05
6.818206e-14
-1.7522383e-05
-6.9962989e-06
6.3567727e-14
-6.9962993e-06
-6.2392088e-14
-1.7522383e-05
3.4065232e-14
-2.4588205e-05
9.6465426e-15
-2.8146866e-05
-2.9929472e-14
-2.8146866e-05
7.1753979e-14
-2.4588205e-05
-5.4839963e-14
-1.7522383e-05
-6.9962993e-06
-6.4918308e-14
-6.9962988e-06
5.2869224e-14
-1.7522383e-05
-4.7627605e-14
-2.4588205e-05
7.4887097e-16
-2.8146866e-05
6.3848941e-14
-2.8146866e-05
-4.4180916e-14
-2.4588205e-05
6.480902e-14
-1.7522383e-05
-6.9962989e-06
6.4980661e-14
-6.9962993e-06
-5.8805802e-14
-1.7522383e-05
3.5432041e-14
-2.4588205e-05
6.0227244e-15
-2.8146866e-05
-3.7553226e-14
-2.8146866e-05
6.4375039e-14
-2.4588205e-05
-5.7485691e-14
-1.7522383e-05
-6.9962992e-06
-6.3052668e-14
-6.9962988e-06
5.561989e-14
-1.7522383e-05
-4.6496972e-14
-2.4588205e-05
-3.1428677e-15
-2.8146866e-05
5.6025496e-14
-2.8146866e-05
-5.1009576e-14
-2.4588205e-05
6.1619615e-14
-1.7522383e-05
-6.9962988e-06
6.6108902e-14
-6.9962992e-06
-5.5994546e-14
-1.7522383e-05
3.5927063e-14
-2.4588205e-05
1.9057044e-15
-2.8146866e-05
-4.5167041e-14
-2.8146866e-05
5.7239321e-14
-2.4588205e-05
-6.0019056e-14
-1.7522383e-05
-6.9962992e-06
-6.144634e-14
-6.9962987e-06
5.7760117e-14
-1.7522383e-05
-4.6093474e-14
-2.4588204e-05
-7.4676902e-15
-2.8146865e-05
4.8177266e-14
-2.8146866e-05
-5.7702888e-14
-2.4588204e-05
5.8533973e-14
-1.7522383e-05
-6.9962988e-06
6.7083515e-14
-6.9962992e-06
-5.3648333e-14
-1.7522383e-05
3.5887555e-14
-2.4588205e-05
-2.5549366e-15
-2.8146866e-05
-5.2856608e-14
-2.8146866e-05
5.018079e-14
-2.4588205e-05
-6.2528384e-14
-1.7522383e-05
-6.9962992e-06
-5.9955446e-14
-6.9962987e-06
5.9649382e-14
-1.7522382e-05
-4.6021999e-14
-2.4588204e-05
-1.2026613e-14
-2.8146865e-05
4.0250247e-14
-2.8146865e-05
-6.4424027e-14
-2.4588204e-05
5.5467593e-14
-1.7522383e-05
-6.9962988e-06
6.8072968e-14
-6.9962991e-06
-5.1363241e-14
-1.7522383e-05
3.5770975e-14
-2.4588205e-05
-7.1028559e-15
-2.8146866e-05
-6.0644943e-14
-2.8146866e-05
4.3051988e-14
-2.4588205e-05
-6.5103009e-14
-1.7522383e-05
-6.9962991e-06
-5.8396339e-14
-6.9962986e-06
6.1739852e-14
-1.7522382e-05
-4.5762179e-14
-2.4588204e-05
-1.6505112e-14
-2.8146865e-05
3.2263983e-14
-2.8146865e-05
-7.1307437e-14
-2.4588204e-05
5.2336547e-14
-1.7522383e-05
-6.9962987e-06
6.9282519e-14
-6.9962991e-06
-4.8644711e-14
-1.7522383e-05
3.6158643e-14
-2.4588205e-05
-1.1360568e-14
-2.8146866e-05
-6.8468494e-14
-2.8146866e-05
3.5742547e-14
-2.4588205e-05
-6.782595e-14
-1.7522383e-05
-6.9962991e-06
-5.6545159e-14
-6.9962986e-06
6.4565271e-14
-1.7522382e-05
-4.4676924e-14
-2.4588204e-05
-2.0464618e-14
-2.8146865e-05
2.4336137e-14
-2.8146865e-05
-7.8437236e-14
-2.4588204e-05
4.9061302e-14
-1.7522382e-05
-6.9962987e-06
7.0947579e-14
-6.9962991e-06
-4.4926404e-14
-1.7522383e-05
3.7732551e-14
-2.4588205e-05
-1.4828348e-14
-2.8146866e-05
-7.6151225e-14
-2.8146866e-05
2.8201556e-14
-2.4588205e-05
-7.0766161e-14
-1.7522383e-05
-6.9962991e-06
-5.4145809e-14
-6.9962986e-06
6.8704572e-14
-1.7522382e-05
-4.205086e-14
-2.4588204e-05
-2.334957e-14
-2.8146865e-05
1.6705361e-14
-2.8146865e-05
-8.5816643e-14
-2.4588204e-05
4.5571421e-14
-1.7522382e-05
-6.9962987e-06
7.3313395e-14
-6.996299e-06
-3.9623551e-14
-1.7522383e-05
4.1213674e-14
-2.4588205e-05
-1.6904119e-14
-2.8146866e-05
-8.3375649e-14
-2.8146866e-05
2.0468894e-14
-2.4588205e-05
-7.3965629e-14
-1.7522383e-05
-6.9962991e-06
-5.0929189e-14
-6.9962985e-06
7.4699194e-14
-1.7522382e-05
-3.7179786e-14
-2.4588204e-05
-2.4519549e-14
-2.8146865e-05
9.7642429e-15
-2.8146865e-05
-9.3320676e-14
-2.4588204e-05
4.1812303e-14
-1.7522382e-05
-6.9962987e-06
7.6590833e-14
-6.996299e-06
-3.22424e-14
-1.7522383e-05
4.723262e-14
-2.4588205e-05
-1.6929671e-14
-2.8146865e-05
-8.9630079e-14
-2.8146866e-05
1.2734782e-14
-2.4588205e-05
-7.7413958e-14
-1.7522383e-05
-6.996299e-06
-4.6660881e-14
-6.9962985e-06
8.2885927e-14
-1.7522382e-05
-2.9545499e-14
-2.4588204e-05
-2.3303811e-14
-2.8146865e-05
4.1335311e-15
-2.8146865e-05
-1.0059075e-13
-2.4588204e-05
3.7768426e-14
-1.7522382e-05
-6.9962987e-06
8.0863943e-14
-6.996299e-06
-2.2607168e-14
-1.7522382e-05
5.6082059e-14
-2.4588204e-05
-1.4256496e-14
-2.8146865e-05
-9.407328e-14
-2.8146865e-05
5.4909487e-15
-2.4588205e-05
-8.0983873e-14
-1.7522383e-05
-6.996299e-06
-4.1253725e-14
-6.9962985e-06
9.3052636e-14
-1.7522382e-05
-1.9152841e-14
-2.4588204e-05
-1.9069575e-14
-2.8146865e-05
8.7511664e-16
-2.8146865e-05
-1.0676825e-13
-2.4588204e-05
3.3545938e-14
-1.7522382e-05
-6.9962987e-06
8.5883378e-14
-6.996299e-06
-1.1345548e-14
-1.7522382e-05
6.7237693e-14
-2.4588204e-05
-8.3135957e-15
-2.8146865e-05
-9.5168143e-14
-2.8146865e-05
-6.3022895e-17
-2.4588205e-05
-8.4255757e-14
-1.7522383e-05
-6.996299e-06
-3.5055817e-14
-6.9962985e-06
1.0370203e-13
-1.7522382e-05
-7.2008784e-15
-2.4588203e-05
-1.1273219e-14
-2.8146864e-05
2.0662049e-15
-2.8146865e-05
-1.0982038e-13
-2.4588204e-05
2.9631157e-14
-1.7522382e-05
-6.9962987e-06
9.0590026e-14
-6.996299e-06
-9.6617727e-16
-1.7522382e-05
7.8386079e-14
-2.4588204e-05
1.3615512e-15
-2.8146865e-05
-8.97607e-14
-2.8146865e-05
-9.8160287e-16
-2.4588204e-05
-8.6062322e-14
-1.7522383e-05
-6.9962991e-06
-2.956677e-14
-6.9962985e-06
1.1042819e-13
-1.7522382e-05
2.5126204e-15
-2.4588203e-05
5.4589446e-16
-2.8146864e-05
1.2209796e-14
-2.8146864e-05
-1.049154e-13
-2.4588204e-05
2.7601166e-14
-1.7522382e-05
-6.9962987e-06
9.2002813e-14
-6.996299e-06
1.7140997e-15
-1.7522382e-05
8.3386742e-14
-2.4588204e-05
1.5170274e-14
-2.8146865e-05
-7.0948465e-14
-2.8146865e-05
9.9021774e-15
-2.4588204e-05
-8.3362858e-14
-1.7522383e-05
-6.9962991e-06
-2.9172816e-14
-6.9962985e-06
1.0234391e-13
-1.7522382e-05
6.0333116e-16
-2.4588203e-05
1.6868755e-14
-2.8146864e-05
4.1404007e-14
-2.8146864e-05
-8.0736905e-14
-2.4588203e-05
3.1896128e-14
-1.7522382e-05
-6.9962987e-06
8.2672191e-14
-6.996299e-06
-1.9763332e-14
-1.7522382e-05
6.8000083e-14
-2.4588204e-05
3.360889e-14
-2.8146865e-05
-2.3527713e-14
-2.8146865e-05
4.9487888e-14
-2.4588204e-05
-6.8633258e-14
-1.7522382e-05
-6.9962991e-06
-4.5110075e-14
-6.9962985e-06
5.4475826e-14
-1.7522382e-05
-3.4102878e-14
-2.4588203e-05
3.839708e-14
-2.8146864e-05
1.1191694e-13
-2.8146864e-05
-1.164521e-14
-2.4588203e-05
5.3872832e-14
-1.7522382e-05
-6.9962987e-06
4.5129997e-14
-6.9962989e-06
-1.0261008e-13
-1.7522382e-05
1.3145745e-15
-2.4588204e-05
5.7497949e-14
-2.8146865e-05
8.500058e-14
-2.8146865e-05
1.5579484e-13
-2.4588204e-05
-2.4207817e-14
-1.7522382e-05
-6.996299e-06
-1.0388423e-13
-6.9962984e-06
-8.738426e-14
-1.7522381e-05
-1.4661711e-13
-2.4588203e-05
6.6267545e-14
-2.8146864e-05
2.7065933e-13
-2.8146864e-05
1.5774138e-13
-2.4588203e-05
1.2034486e-13
-1.7522382e-05
-6.9962985e-06
-5.9274922e-14
-6.9962987e-06
-3.259892e-13
-1.7522382e-05
-1.7997589e-13
-2.4588204e-05
8.8146042e-14
-2.8146865e-05
3.2046024e-13
-2.8146865e-05
4.0938942e-13
-2.4588204e-05
8.9001695e-14
-1.7522382e-05
-6.9962987e-06
-2.6343193e-13
-6.996298e-06
-4.3366489e-13
-1.7522381e-05
-4.2646117e-13
-2.4588203e-05
1.0206965e-13
-2.8146865e-05
6.0997982e-13
-2.8146865e-05
5.3961098e-13
-2.4588203e-05
2.8983798e-13
-1.7522381e-05
-6.9962981e-06
-3.1013683e-13
-6.9962981e-06
-8.4584926e-13
-1.7522381e-05
-5.9580677e-13
-2.4588204e-05
1.2718268e-13
-2.8146866e-05
8.0595848e-13
-2.8146866e-05
9.6811181e-13
-2.4588204e-05
3.5130086e-13
-1.7522381e-05
-6.996298e-06
-6.3958205e-13
-6.996297e-06
-1.1898133e-12
-1.752238e-05
-1.0351059e-12
-2.4588203e-05
1.4737393e-13
-2.8146867e-05
1.2943972e-12
-2.8146867e-05
1.3413043e-12
-2.4588203e-05
6.7900277e-13
-1.752238e-05
-6.996297e-06
-8.5539443e-13
-6.9962965e-06
-1.9362755e-12
-1.7522379e-05
-1.446503e-12
-2.4588205e-05
1.7577035e-13
-2.8146869e-05
1.7441991e-12
-2.8146869e-05
2.1076024e-12
-2.4588204e-05
9.1144221e-13
-1.7522379e-05
-6.9962964e-06
-1.4368769e-12
-6.9962946e-06
-2.6850397e-12
-1.7522377e-05
-2.2185457e-12
-2.4588204e-05
2.0236642e-13
-2.8146871e-05
2.5708687e-12
-2.8146871e-05
2.8926507e-12
-2.4588204e-05
1.4931193e-12
-1.7522377e-05
-6.9962946e-06
-1.9279116e-12
-6.9962931e-06
-3.9908718e-12
-1.7522376e-05
-2.9926416e-12
-2.4588206e-05
2.3274069e-13
-2.8146875e-05
3.3939481e-12
-2.8146874e-05
4.2208149e-12
-2.4588205e-05
2.0027337e-12
-1.7522375e-05
-6.9962928e-06
-2.9482285e-12
-6.9962897e-06
-5.3037813e-12
-1.7522373e-05
-4.2271809e-12
-2.4588206e-05
2.635828e-13
-2.8146878e-05
4.6846875e-12
-2.8146878e-05
5.5750907e-12
-2.4588205e-05
3.025146e-12
-1.7522372e-05
-6.9962894e-06
-3.7851143e-12
-6.9962863e-06
-7.337088e-12
-1.752237e-05
-5.363069e-12
-2.4588209e-05
2.9215925e-13
-2.8146885e-05
5.8734207e-12
-2.8146884e-05
7.6298017e-12
-2.4588208e-05
3.8819718e-12
-1.7522369e-05
-6.9962858e-06
-5.4174286e-12
-6.9962804e-06
-9.0898318e-12
-1.7522365e-05
-6.9465599e-12
-2.458821e-05
3.2126508e-13
-2.8146891e-05
7.5053286e-12
-2.8146891e-05
9.4231237e-12
-2.4588209e-05
5.5174517e-12
-1.7522364e-05
-6.9962799e-06
-6.4126415e-12
-6.9962743e-06
-1.1527335e-11
-1.7522361e-05
-7.9107203e-12
-2.4588214e-05
3.4086378e-13
-2.81469e-05
8.5112996e-12
-2.81469e-05
1.1874432e-11
-2.4588213e-05
6.5323405e-12
-1.7522359e-05
-6.9962737e-06
-8.5398515e-12
-6.9962653e-06
-1.2570689e-11
-1.7522356e-05
-8.8635304e-12
-2.4588217e-05
3.5738997e-13
-2.8146909e-05
9.4888762e-12
-2.8146908e-05
1.2947029e-11
-2.4588216e-05
8.6618335e-12
-1.7522355e-05
-6.9962646e-06
-8.7140125e-12
-6.9962569e-06
-1.3539138e-11
-1.7522352e-05
-7.6588298e-12
-2.4588224e-05
3.5758292e-13
-2.8146917e-05
8.2914083e-12
-2.8146917e-05
1.3912184e-11
-2.4588222e-05
8.8526181e-12
-1.752235e-05
-6.996256e-06
-1.0265879e-11
-6.9962461e-06
-1.0176413e-11
-1.7522351e-05
-4.8644895e-12
-2.4588228e-05
3.4675433e-13
-2.8146922e-05
5.4776686e-12
-2.8146921e-05
1.0553031e-11
-2.4588226e-05
1.0402593e-11
-1.7522349e-05
-6.9962451e-06
-6.8757616e-12
-6.9962395e-06
-4.2853048e-12
-1.7522354e-05
3.6162216e-12
-2.4588237e-05
3.1607525e-13
-2.8146919e-05
-3.0592927e-12
-2.8146918e-05
4.6310688e-12
-2.4588234e-05
7.0221818e-12
-1.7522352e-05
-6.9962383e-06
-4.6540298e-12
-6.9962343e-06
1.212327e-11
-1.7522371e-05
1.7400511e-11
-2.4588241e-05
2.6216007e-13
-2.8146901e-05
-1.6926933e-11
-2.81469e-05
-1.1814639e-11
-2.4588239e-05
4.7895752e-12
-1.7522368e-05
-6.9962331e-06
8.1091823e-12
-6.9962428e-06
3.6492053e-11
-1.75224e-05
4.352746e-11
-2.4588249e-05
1.9203657e-13
-2.8146859e-05
-4.3199312e-11
-2.8146858e-05
-3.6249677e-11
-2.4588246e-05
-7.9755406e-12
-1.7522397e-05
-6.9962413e-06
2.0901218e-11
-6.9962631e-06
8.2099811e-11
-1.752246e-05
8.1791242e-11
-2.4588248e-05
8.4302639e-14
-2.8146776e-05
-8.1619615e-11
-2.8146775e-05
-8.1946014e-11
-2.4588245e-05
-2.0794115e-11
-1.7522457e-05
-6.9962617e-06
5.2893755e-11
-6.9963164e-06
1.449533e-10
-1.7522553e-05
1.4271261e-10
-2.4588246e-05
-2.504932e-14
-2.8146634e-05
-1.4278544e-10
-2.8146633e-05
-1.4490316e-10
-2.4588244e-05
-5.2805691e-11
-1.752255e-05
-6.9963148e-06
8.7482819e-11
-6.9964034e-06
2.4407224e-10
-1.7522709e-05
2.2567771e-10
-2.4588227e-05
-1.8535972e-13
-2.8146408e-05
-2.2596914e-10
-2.8146407e-05
-2.4416468e-10
-2.4588225e-05
-8.7446106e-11
-1.7522706e-05
-6.9964019e-06
1.5191264e-10
-6.9965558e-06
3.7253439e-10
-1.7522931e-05
3.438059e-10
-2.45882e-05
-3.200603e-13
-2.8146064e-05
-3.4442374e-10
-2.8146063e-05
-3.7276409e-10
-2.4588197e-05
-1.5191856e-10
-1.7522928e-05
-6.9965543e-06
2.2237587e-10
-6.9967778e-06
5.5288698e-10
-1.7523261e-05
4.9435703e-10
-2.4588141e-05
-5.1472174e-13
-2.8145569e-05
-4.952202e-10
-2.8145568e-05
-5.5330746e-10
-2.4588139e-05
-2.224695e-10
-1.7523259e-05
-6.9967766e-06
3.3170571e-10
-6.9971102e-06
7.7263053e-10
-1.7523703e-05
6.897844e-10
-2.4588059e-05
-6.4741938e-13
-2.814488e-05
-6.9100958e-10
-2.8144879e-05
-7.7321564e-10
-2.4588057e-05
-3.3187158e-10
-1.7523701e-05
-6.9971091e-06
4.4899803e-10
-6.9975591e-06
1.0518521e-09
-1.7524306e-05
9.2202313e-10
-2.4587929e-05
-8.4377661e-13
-2.8143957e-05
-9.2346837e-10
-2.8143956e-05
-1.0526634e-09
-2.4587928e-05
-4.4929559e-10
-1.7524304e-05
-6.9975585e-06
6.0639e-10
-6.9981665e-06
1.3686573e-09
-1.7525069e-05
1.1970413e-09
-2.4587759e-05
-9.4231083e-13
-2.814276e-05
-1.198818e-09
-2.814276e-05
-1.3696507e-09
-2.4587759e-05
-6.067842e-10
-1.7525068e-05
-6.998166e-06
7.6734067e-10
-6.998934e-06
1.7316197e-09
-1.7526033e-05
1.4971283e-09
-2.4587525e-05
-1.104153e-12
-2.8141262e-05
-1.4990443e-09
-2.8141262e-05
-1.732844e-09
-2.4587525e-05
-7.6789665e-10
-1.7526033e-05
-6.998934e-06
9.5484731e-10
-6.9998899e-06
2.1052501e-09
-1.7527185e-05
1.8148454e-09
-2.4587236e-05
-1.1495338e-12
-2.8139447e-05
-1.817014e-09
-2.8139447e-05
-2.1066523e-09
-2.4587237e-05
-9.5548703e-10
-1.7527186e-05
-6.9998903e-06
1.128532e-09
-7.0010187e-06
2.4776213e-09
-1.7528534e-05
2.1189199e-09
-2.4586877e-05
-1.2771095e-12
-2.8137326e-05
-2.1211596e-09
-2.8137327e-05
-2.4792141e-09
-2.4586879e-05
-1.1293042e-09
-1.7528536e-05
-7.0010197e-06
1.2937413e-09
-7.0023133e-06
2.796096e-09
-1.7530037e-05
2.3838101e-09
-2.4586466e-05
-1.3038345e-12
-2.8134942e-05
-2.3862404e-09
-2.8134944e-05
-2.7978128e-09
-2.4586469e-05
-1.2945109e-09
-1.753004e-05
-7.0023148e-06
1.4051915e-09
-7.0037184e-06
3.019564e-09
-1.753165e-05
2.5577524e-09
-2.4586004e-05
-1.3933292e-12
-2.8132383e-05
-2.5602042e-09
-2.8132385e-05
-3.0213797e-09
-2.4586008e-05
-1.4060443e-09
-1.7531655e-05
-7.0037208e-06
1.4620415e-09
-7.005181e-06
3.0710509e-09
-1.753326e-05
2.5824776e-09
-2.4585516e-05
-1.3797923e-12
-2.81298e-05
-2.5850393e-09
-2.8129802e-05
-3.0729157e-09
-2.4585521e-05
-1.4628606e-09
-1.7533265e-05
-7.0051837e-06
1.4749703e-09
2.8896373e-09
2.3785465e-09
-1.3979254e-12
-2.3810728e-09
-2.891457e-09
-1.4758684e-09
)
;

boundaryField
{
    left
    {
        type            calculated;
        value           nonuniform List<scalar> 8(1.9313562e-05 1.9313562e-05 1.9313562e-05 1.9313562e-05 1.9313562e-05 1.9313562e-05 1.9313562e-05 1.9313562e-05);
    }
    right
    {
        type            calculated;
        value           nonuniform List<scalar> 8(-7.0066557e-06 -1.7534674e-05 -2.4585005e-05 -2.812742e-05 -2.8127422e-05 -2.458501e-05 -1.753468e-05 -7.0066596e-06);
    }
    walls
    {
        type            calculated;
        value           uniform 0;
    }
    frontAndBack
    {
        type            empty;
        value           nonuniform 0();
    }
}


// ************************************************************************* //
