/*--------------------------------*- C++ -*----------------------------------*\
| =========                 |                                                 |
| \\      /  F ield         | OpenFOAM: The Open Source CFD Toolbox           |
|  \\    /   O peration     | Version:  5.x                                   |
|   \\  /    A nd           | Web:      www.OpenFOAM.org                      |
|    \\/     M anipulation  |                                                 |
\*---------------------------------------------------------------------------*/
FoamFile
{
    version     2.0;
    format      ascii;
    class       volSymmTensorField;
    location    "7";
    object      sigma;
}
// * * * * * * * * * * * * * * * * * * * * * * * * * * * * * * * * * * * * * //

dimensions      [0 2 -2 0 0 0 0];

internalField   nonuniform List<symmTensor> 
1920
(
(0.0029334049 0.015625171 0 -0.0096267629 0 0)
(-0.00047365573 0.0061632321 0 0.0017247511 0 0)
(-0.0019422852 0.0037983205 0 0.0015036632 0 0)
(-0.0015031837 0.0011995646 0 0.0014983953 0 0)
(-0.0015031505 -0.0011995753 0 0.0014983614 0 0)
(-0.0019422931 -0.0037982852 0 0.0015036723 0 0)
(-0.00047366024 -0.0061632244 0 0.0017247557 0 0)
(0.0029334036 -0.015625171 0 -0.0096267593 0 0)
(0.0052597827 0.010855023 0 -0.0053386786 0 0)
(0.00058136059 0.002181232 0 0.00058262839 0 0)
(-0.003240201 0.00083160912 0 0.0027489822 0 0)
(-0.0032421952 0.00043627339 0 0.0029702943 0 0)
(-0.0032421759 -0.000436277 0 0.0029702734 0 0)
(-0.003240211 -0.00083158567 0 0.0027489922 0 0)
(0.00058136403 -0.0021812296 0 0.00058262122 0 0)
(0.0052597828 -0.010855025 0 -0.0053386793 0 0)
(0.0047621934 0.0093208309 0 -0.0062407668 0 0)
(0.0012010526 0.0012977055 0 -0.00065338698 0 0)
(-0.0027366646 0.00031730238 0 0.0024439466 0 0)
(-0.0034703762 0.00011126293 0 0.0033023546 0 0)
(-0.0034704011 -0.00011125834 0 0.0033023817 0 0)
(-0.0027366486 -0.00031731886 0 0.0024439271 0 0)
(0.0012010595 -0.0012977176 0 -0.00065339256 0 0)
(0.0047621959 -0.0093208321 0 -0.0062407712 0 0)
(0.0037102939 0.0086589252 0 -0.0051992359 0 0)
(0.0013599305 0.0017996682 0 -0.0011527118 0 0)
(-0.0020426133 0.0003659023 0 0.0019121123 0 0)
(-0.0031777458 3.6177332e-05 0 0.0031221549 0 0)
(-0.0031776915 -3.6190014e-05 0 0.0031221023 0 0)
(-0.0020427188 -0.0003657923 0 0.0019122159 0 0)
(0.0013599351 -0.001799657 0 -0.0011527162 0 0)
(0.0037102997 -0.008658925 0 -0.0051992417 0 0)
(0.0028071637 0.0082995873 0 -0.0039319079 0 0)
(0.001252556 0.0024774219 0 -0.0012128789 0 0)
(-0.001452361 0.0007681873 0 0.0013649263 0 0)
(-0.0027007627 0.00012859261 0 0.0026665056 0 0)
(-0.0027009014 -0.0001285918 0 0.0026666456 0 0)
(-0.0014527405 -0.00076791399 0 0.0013653028 0 0)
(0.0012525507 -0.0024774165 0 -0.0012128734 0 0)
(0.002807175 -0.008299585 0 -0.0039319198 0 0)
(0.0021492497 0.0080578179 0 -0.0030424769 0 0)
(0.001060658 0.0031798161 0 -0.0011242061 0 0)
(-0.0010693737 0.0011589997 0 0.00099599862 0 0)
(-0.0019807859 0.00029160869 0 0.0019599443 0 0)
(-0.0019807272 -0.00029163762 0 0.0019598826 0 0)
(-0.0010688539 -0.0011594613 0 0.00099548168 0 0)
(0.001060693 -0.0031798094 0 -0.0011242414 0 0)
(0.0021492538 -0.0080578105 0 -0.0030424799 0 0)
(0.0014723315 0.0078111535 0 -0.0022442554 0 0)
(0.00081659298 0.0038189669 0 -0.00095950646 0 0)
(-0.00069250222 0.0016377507 0 0.00062492583 0 0)
(-0.0015173853 0.00043969888 0 0.0015071527 0 0)
(-0.001517353 -0.00043971457 0 0.001507121 0 0)
(-0.00069242051 -0.001637806 0 0.00062484313 0 0)
(0.00081661353 -0.0038189571 0 -0.00095952597 0 0)
(0.0014723326 -0.0078111396 0 -0.0022442557 0 0)
(0.0010288427 0.0076533455 0 -0.0017391625 0 0)
(0.00063793895 0.0041912278 0 -0.00083109367 0 0)
(-0.00043966018 0.0020427535 0 0.00036984787 0 0)
(-0.0011273129 0.00057622007 0 0.0011235297 0 0)
(-0.0011273798 -0.00057620267 0 0.0011235954 0 0)
(-0.00043966803 -0.0020427167 0 0.00036985599 0 0)
(0.00063794104 -0.0041912467 0 -0.00083109777 0 0)
(0.0010288408 -0.0076533314 0 -0.0017391589 0 0)
(0.00070744019 0.0075454025 0 -0.0013799326 0 0)
(0.00046017835 0.0045319003 0 -0.00069293084 0 0)
(-0.00028955197 0.0023333766 0 0.00021253651 0 0)
(-0.00083138185 0.00068695718 0 0.00082905253 0 0)
(-0.00083125274 -0.00068701026 0 0.00082892614 0 0)
(-0.00028950776 -0.0023334271 0 0.00021249207 0 0)
(0.00046020929 -0.0045318627 0 -0.00069296081 0 0)
(0.00070745705 -0.0075453879 0 -0.0013799486 0 0)
(0.00047592135 0.0074699971 0 -0.0011251517 0 0)
(0.00033328812 0.0047498492 0 -0.0005930996 0 0)
(-0.00018462032 0.0025676743 0 9.901375e-05 0 0)
(-0.00057050367 0.00079045904 0 0.00056729534 0 0)
(-0.0005706549 -0.00079040509 0 0.00056744498 0 0)
(-0.00018463783 -0.0025676155 0 9.9032766e-05 0 0)
(0.00033328395 -0.0047498632 0 -0.00059309631 0 0)
(0.00047591656 -0.0074699759 0 -0.0011251445 0 0)
(0.00031288552 0.0074187598 0 -0.00094828441 0 0)
(0.00023632226 0.0049059524 0 -0.00051507587 0 0)
(-0.00011524765 0.002743333 0 2.2061196e-05 0 0)
(-0.00038963212 0.00086586833 0 0.00038454537 0 0)
(-0.00038949673 -0.00086593542 0 0.00038440996 0 0)
(-0.0001152153 -0.0027433906 0 2.2027015e-05 0 0)
(0.00023634554 -0.0049059134 0 -0.00051509724 0 0)
(0.00031290195 -0.0074187413 0 -0.00094829894 0 0)
(0.00020186567 0.0073849073 0 -0.00082918125 0 0)
(0.00016278602 0.0050177262 0 -0.00045447133 0 0)
(-7.0509762e-05 0.0028704468 0 -2.8667303e-05 0 0)
(-0.00026037434 0.00092215625 0 0.00025337455 0 0)
(-0.00026038773 -0.00092215569 0 0.00025338759 0 0)
(-7.0526833e-05 -0.0028703966 0 -2.8648778e-05 0 0)
(0.00016277608 -0.0050177345 0 -0.00045446201 0 0)
(0.00020185905 -0.0073848827 0 -0.00082917187 0 0)
(0.00012815167 0.0073630201 0 -0.00075079802 0 0)
(0.00010954742 0.0050944148 0 -0.00040977042 0 0)
(-4.2252305e-05 0.0029599675 0 -6.1417704e-05 0 0)
(-0.00017143852 0.00096230691 0 0.00016280252 0 0)
(-0.00017159109 -0.00096226043 0 0.00016295523 0 0)
(-4.2238814e-05 -0.0029600132 0 -6.1432948e-05 0 0)
(0.00010956041 -0.0050943822 0 -0.00040978144 0 0)
(0.00012816243 -0.0073629993 0 -0.00075080608 0 0)
(7.9922893e-05 0.0073490632 0 -0.00069989813 0 0)
(7.228405e-05 0.0051454699 0 -0.00037803546 0 0)
(-2.468032e-05 0.0030217165 0 -8.2209542e-05 0 0)
(-0.00011102305 0.00099039867 0 0.00010113033 0 0)
(-0.00011075502 -0.00099052137 0 0.00010086104 0 0)
(-2.469566e-05 -0.0030216848 0 -8.2193251e-05 0 0)
(7.2270631e-05 -0.0051454734 0 -0.00037802198 0 0)
(7.9917105e-05 -0.0073490393 0 -0.0006998894 0 0)
(4.8847703e-05 0.0073403165 0 -0.00066733391 0 0)
(4.6809405e-05 0.0051788264 0 -0.00035606832 0 0)
(-1.3993727e-05 0.0030634305 0 -9.5126051e-05 0 0)
(-7.0358016e-05 0.0010098167 0 5.9555221e-05 0 0)
(-7.0706135e-05 -0.0010096855 0 5.9904517e-05 0 0)
(-1.3993438e-05 -0.0030634624 0 -9.5127741e-05 0 0)
(4.6812586e-05 -0.0051788042 0 -0.00035606985 0 0)
(4.8852423e-05 -0.007340296 0 -0.00066733563 0 0)
(2.9180558e-05 0.0073349513 0 -0.00064686407 0 0)
(2.9740115e-05 0.0052002225 0 -0.00034118983 0 0)
(-7.5956876e-06 0.0030912031 0 -0.00010302114 0 0)
(-4.4151114e-05 0.0010226861 0 3.2718352e-05 0 0)
(-4.3615352e-05 -0.0010229402 0 3.2179491e-05 0 0)
(-7.6086878e-06 -0.0030911893 0 -0.00010300778 0 0)
(2.9727021e-05 -0.0052002224 0 -0.00034117626 0 0)
(2.9175201e-05 -0.0073349299 0 -0.00064685581 0 0)
(1.6936076e-05 0.0073317386 0 -0.00063421082 0 0)
(1.8493444e-05 0.0052137481 0 -0.0003312858 0 0)
(-3.8892921e-06 0.0031092917 0 -0.00010770503 0 0)
(-2.7169075e-05 0.0010312137 0 1.5314408e-05 0 0)
(-2.7541478e-05 -0.0010310649 0 1.5688575e-05 0 0)
(-3.8953718e-06 -0.0031093121 0 -0.00010770003 0 0)
(1.8490149e-05 -0.0052137354 0 -0.00033128129 0 0)
(1.6936217e-05 -0.0073317199 0 -0.00063420808 0 0)
(9.4878177e-06 0.0073298784 0 -0.00062657307 0 0)
(1.1242167e-05 0.005222104 0 -0.00032483922 0 0)
(-1.7937177e-06 0.0031209279 0 -0.00011042492 0 0)
(-1.6326088e-05 0.0010367811 0 4.1962207e-06 0 0)
(-1.6187474e-05 -0.0010368643 0 4.0562042e-06 0 0)
(-1.8038635e-06 -0.0031209268 0 -0.00011041486 0 0)
(1.1231456e-05 -0.0052221021 0 -0.00032482795 0 0)
(9.4830674e-06 -0.0073298603 0 -0.00062656568 0 0)
(5.0437198e-06 0.007328844 0 -0.00062205601 0 0)
(6.6317236e-06 0.0052271916 0 -0.00032070319 0 0)
(-6.715253e-07 0.0031282199 0 -0.00011193296 0 0)
(-9.3613432e-06 0.0010404342 0 -2.9449769e-06 0 0)
(-9.5376551e-06 -0.0010403684 0 -2.7679655e-06 0 0)
(-6.79159e-07 -0.0031282319 0 -0.00011192614 0 0)
(6.6255184e-06 -0.0052271855 0 -0.00032069617 0 0)
(5.0413025e-06 -0.007328828 0 -0.00062205107 0 0)
(2.5311297e-06 0.0073283148 0 -0.00061953095 0 0)
(3.7827459e-06 0.0052301886 0 -0.00031812236 0 0)
(-1.0341645e-07 0.0031327314 0 -0.00011273595 0 0)
(-5.2154062e-06 0.0010426703 0 -7.1992274e-06 0 0)
(-4.9431018e-06 -0.0010428215 0 -7.473724e-06 0 0)
(-1.1083371e-07 -0.0031327371 0 -0.00011272894 0 0)
(3.7750239e-06 -0.0052301858 0 -0.00031811412 0 0)
(2.52774e-06 -0.0073283 0 -0.00061952528 0 0)
(1.0723679e-06 0.0073280558 0 -0.0006180845 0 0)
(2.0449144e-06 0.0052319208 0 -0.00031653496 0 0)
(1.5097744e-07 0.0031354292 0 -0.00011312575 0 0)
(-2.4701562e-06 0.0010441808 0 -1.001196e-05 0 0)
(-2.8284939e-06 -0.0010440151 0 -9.6512711e-06 0 0)
(1.4418657e-07 -0.003135436 0 -0.00011311961 0 0)
(2.0381383e-06 -0.0052319182 0 -0.00031652765 0 0)
(1.0689003e-06 -0.0073280423 0 -0.00061807889 0 0)
(3.1462125e-07 0.0073279604 0 -0.00061734993 0 0)
(1.0312466e-06 0.0052328674 0 -0.00031559772 0 0)
(2.3909631e-07 0.0031370105 0 -0.00011329147 0 0)
(-1.3068556e-06 0.0010448662 0 -1.1210814e-05 0 0)
(-1.0567707e-06 -0.0010450132 0 -1.1463434e-05 0 0)
(2.3349936e-07 -0.0031370182 0 -0.00011328639 0 0)
(1.0259551e-06 -0.0052328644 0 -0.000315592 0 0)
(3.1193316e-07 -0.0073279481 0 -0.00061734533 0 0)
(-5.0460821e-08 0.0073279518 0 -0.00061700807 0 0)
(4.4830209e-07 0.0052333634 0 -0.00031505475 0 0)
(2.4589599e-07 0.0031378928 0 -0.00011333779 0 0)
(-3.5603111e-07 0.0010454283 0 -1.2184441e-05 0 0)
(-4.0472455e-07 -0.0010454164 0 -1.2135563e-05 0 0)
(2.405456e-07 -0.0031378971 0 -0.00011333301 0 0)
(4.4211855e-07 -0.005233362 0 -0.00031504821 0 0)
(-5.3668163e-08 -0.0073279405 0 -0.00061700312 0 0)
(-2.086526e-07 0.0073279827 0 -0.00061687164 0 0)
(1.3964315e-07 0.0052335946 0 -0.00031476055 0 0)
(2.1547011e-07 0.0031383628 0 -0.00011332786 0 0)
(-2.7094343e-09 0.0010456622 0 -1.254812e-05 0 0)
(-5.384643e-08 -0.0010456454 0 -1.2497043e-05 0 0)
(2.1083242e-07 -0.0031383699 0 -0.00011332371 0 0)
(1.358123e-07 -0.005233592 0 -0.00031475639 0 0)
(-2.1127178e-07 -0.0073279723 0 -0.00061686742 0 0)
(-2.4658824e-07 0.0073280242 0 -0.00061685061 0 0)
(-1.4408225e-08 0.0052336878 0 -0.00031461221 0 0)
(1.7571528e-07 0.00313859 0 -0.00011329496 0 0)
(1.4779555e-07 0.0010457744 0 -1.2703935e-05 0 0)
(1.366543e-07 -0.001045779 0 -1.2692976e-05 0 0)
(1.716311e-07 -0.0031385938 0 -0.00011329134 0 0)
(-1.9504593e-08 -0.0052336865 0 -0.00031460682 0 0)
(-2.4923816e-07 -0.0073280145 0 -0.00061684655 0 0)
(-2.3179416e-07 0.0073280679 0 -0.00061687984 0 0)
(-9.0209786e-08 0.0052337126 0 -0.00031453396 0 0)
(1.3765029e-07 0.0031386819 0 -0.00011325918 0 0)
(1.9817544e-07 0.0010458264 0 -1.2756124e-05 0 0)
(1.830346e-07 -0.0010458245 0 -1.2741168e-05 0 0)
(1.3339621e-07 -0.0031386871 0 -0.00011325531 0 0)
(-9.3991231e-08 -0.0052337109 0 -0.00031452993 0 0)
(-2.3437483e-07 -0.0073280588 0 -0.0006168759 0 0)
(-1.961177e-07 0.0073281023 0 -0.00061692507 0 0)
(-1.0578643e-07 0.0052336963 0 -0.00031451667 0 0)
(1.0147071e-07 0.0031387099 0 -0.00011322093 0 0)
(1.9780242e-07 0.00104584 0 -1.2756401e-05 0 0)
(1.9905026e-07 -0.0010458497 0 -1.2757888e-05 0 0)
(9.757894e-08 -0.0031387139 0 -0.00011321744 0 0)
(-1.1044963e-07 -0.0052336946 0 -0.00031451164 0 0)
(-1.9805189e-07 -0.0073280944 0 -0.000616922 0 0)
(-1.5460333e-07 0.0073281332 0 -0.0006169743 0 0)
(-1.0199786e-07 0.0052336646 0 -0.0003145169 0 0)
(7.2482087e-08 0.0031386952 0 -0.00011319012 0 0)
(1.784294e-07 0.001045845 0 -1.2736634e-05 0 0)
(1.7837884e-07 -0.0010458514 0 -1.2736869e-05 0 0)
(6.8861313e-08 -0.0031386994 0 -0.00011318677 0 0)
(-1.0559363e-07 -0.0052336634 0 -0.00031451306 0 0)
(-1.5643164e-07 -0.007328126 0 -0.00061697139 0 0)
(-1.184717e-07 0.0073281547 0 -0.00061701527 0 0)
(-8.5501969e-08 0.0052336355 0 -0.00031453049 0 0)
(5.1087873e-08 0.0031386682 0 -0.00011316574 0 0)
(1.5197821e-07 0.0010458356 0 -1.2709772e-05 0 0)
(1.49803e-07 -0.0010458434 0 -1.2707737e-05 0 0)
(4.7605908e-08 -0.0031386715 0 -0.00011316256 0 0)
(-8.9395382e-08 -0.005233635 0 -0.00031452633 0 0)
(-1.204038e-07 -0.0073281476 0 -0.00061701235 0 0)
(-8.9377227e-08 0.007328172 0 -0.00061704846 0 0)
(-6.9738429e-08 0.0052336097 0 -0.00031454275 0 0)
(3.4131126e-08 0.0031386365 0 -0.0001131469 0 0)
(1.1701033e-07 0.0010458251 0 -1.2673929e-05 0 0)
(1.1584829e-07 -0.001045831 0 -1.2672996e-05 0 0)
(3.1352128e-08 -0.0031386407 0 -0.00011314437 0 0)
(-7.2940191e-08 -0.0052336087 0 -0.00031453937 0 0)
(-9.101739e-08 -0.007328166 0 -0.00061704591 0 0)
(-6.3801385e-08 0.0073281846 0 -0.00061707618 0 0)
(-5.3719164e-08 0.0052335874 0 -0.00031455729 0 0)
(2.4097664e-08 0.0031386077 0 -0.00011313459 0 0)
(9.4295494e-08 0.0010458157 0 -1.2650794e-05 0 0)
(9.1088712e-08 -0.0010458205 0 -1.2647693e-05 0 0)
(2.0980085e-08 -0.0031386103 0 -0.00011313174 0 0)
(-5.7101133e-08 -0.0052335867 0 -0.00031455367 0 0)
(-6.5430069e-08 -0.0073281788 0 -0.00061707372 0 0)
(-4.6837034e-08 0.0073281943 0 -0.00061709528 0 0)
(-4.0952602e-08 0.0052335702 0 -0.00031456766 0 0)
(1.6475511e-08 0.0031385867 0 -0.00011312575 0 0)
(6.6723123e-08 0.0010458035 0 -1.2622484e-05 0 0)
(6.5229565e-08 -0.0010458083 0 -1.2621175e-05 0 0)
(1.3546502e-08 -0.0031385896 0 -0.00011312301 0 0)
(-4.3825689e-08 -0.0052335696 0 -0.00031456463 0 0)
(-4.8283505e-08 -0.0073281894 0 -0.00061709308 0 0)
(-3.2333759e-08 0.0073282007 0 -0.00061711058 0 0)
(-3.0241754e-08 0.0052335564 0 -0.00031457791 0 0)
(1.2855873e-08 0.0031385686 0 -0.0001131204 0 0)
(5.039987e-08 0.0010457968 0 -1.2605931e-05 0 0)
(4.9137452e-08 -0.0010458008 0 -1.2604769e-05 0 0)
(1.0257709e-08 -0.0031385709 0 -0.00011311802 0 0)
(-3.3093502e-08 -0.0052335559 0 -0.00031457485 0 0)
(-3.3748663e-08 -0.007328196 0 -0.00061710847 0 0)
(-2.3436282e-08 0.0073282058 0 -0.00061712061 0 0)
(-2.22413e-08 0.0052335466 0 -0.00031458443 0 0)
(8.3136343e-09 0.0031385551 0 -0.00011311544 0 0)
(3.4739826e-08 0.0010457888 0 -1.2589788e-05 0 0)
(3.3481775e-08 -0.0010457921 0 -1.2588664e-05 0 0)
(5.8308949e-09 -0.0031385573 0 -0.0001131131 0 0)
(-2.4698662e-08 -0.0052335464 0 -0.00031458183 0 0)
(-2.4690884e-08 -0.0073282019 0 -0.00061711874 0 0)
(-1.6192441e-08 0.007328209 0 -0.00061712807 0 0)
(-1.6409481e-08 0.0052335389 0 -0.0003145903 0 0)
(6.4866631e-09 0.0031385439 0 -0.00011311252 0 0)
(2.6038613e-08 0.0010457856 0 -1.2581033e-05 0 0)
(2.5531212e-08 -0.0010457889 0 -1.2580613e-05 0 0)
(4.4138966e-09 -0.0031385458 0 -0.0001131106 0 0)
(-1.8748532e-08 -0.0052335387 0 -0.00031458779 0 0)
(-1.7408858e-08 -0.0073282053 0 -0.00061712628 0 0)
(-1.1820694e-08 0.0073282118 0 -0.00061713313 0 0)
(-1.1686539e-08 0.0052335336 0 -0.000314594 0 0)
(4.3209178e-09 0.0031385362 0 -0.00011311029 0 0)
(1.8826062e-08 0.0010457813 0 -1.2573518e-05 0 0)
(1.7811722e-08 -0.0010457837 0 -1.2572605e-05 0 0)
(2.3804054e-09 -0.0031385382 0 -0.00011310846 0 0)
(-1.3730944e-08 -0.0052335336 0 -0.00031459182 0 0)
(-1.2911635e-08 -0.0073282086 0 -0.00061713152 0 0)
(-8.4858611e-09 0.0073282136 0 -0.00061713644 0 0)
(-9.1095251e-09 0.0052335296 0 -0.00031459688 0 0)
(3.5696868e-09 0.0031385299 0 -0.0001131088 0 0)
(1.4421075e-08 0.0010457797 0 -1.2569151e-05 0 0)
(1.4086588e-08 -0.0010457826 0 -1.256889e-05 0 0)
(1.9522991e-09 -0.0031385316 0 -0.0001131073 0 0)
(-1.0978398e-08 -0.0052335295 0 -0.00031459486 0 0)
(-9.517117e-09 -0.0073282106 0 -0.00061713493 0 0)
(-6.558178e-09 0.0073282151 0 -0.00061713885 0 0)
(-6.4220007e-09 0.0052335267 0 -0.00031459874 0 0)
(2.482738e-09 0.0031385254 0 -0.00011310783 0 0)
(1.1271792e-08 0.0010457777 0 -1.2565791e-05 0 0)
(1.070261e-08 -0.0010457799 0 -1.256531e-05 0 0)
(1.0208482e-09 -0.0031385272 0 -0.00011310646 0 0)
(-8.0476215e-09 -0.0052335268 0 -0.000314597 0 0)
(-7.4727438e-09 -0.0073282126 0 -0.00061713751 0 0)
(-5.0176349e-09 0.0073282162 0 -0.00061714027 0 0)
(-5.6090243e-09 0.0052335247 0 -0.00031459999 0 0)
(2.3234212e-09 0.0031385217 0 -0.00011310708 0 0)
(9.1411513e-09 0.0010457767 0 -1.2563746e-05 0 0)
(8.9365175e-09 -0.0010457794 0 -1.2563603e-05 0 0)
(1.1106547e-09 -0.0031385232 0 -0.00011310597 0 0)
(-7.0501136e-09 -0.0052335247 0 -0.00031459844 0 0)
(-5.8616988e-09 -0.007328214 0 -0.00061713903 0 0)
(-4.322803e-09 0.0073282172 0 -0.00061714137 0 0)
(-4.0464674e-09 0.0052335232 0 -0.00031460082 0 0)
(1.6623249e-09 0.0031385194 0 -0.00011310665 0 0)
(7.7553206e-09 0.0010457755 0 -1.2562189e-05 0 0)
(7.4077893e-09 -0.0010457775 0 -1.2561919e-05 0 0)
(6.0872043e-10 -0.0031385209 0 -0.00011310568 0 0)
(-5.2824272e-09 -0.0052335233 0 -0.00031459948 0 0)
(-5.0596895e-09 -0.0073282153 0 -0.00061714027 0 0)
(-3.5135095e-09 0.0073282181 0 -0.00061714201 0 0)
(-4.0594999e-09 0.0052335221 0 -0.00031460133 0 0)
(1.7799847e-09 0.0031385169 0 -0.00011310625 0 0)
(6.6959862e-09 0.0010457749 0 -1.2561239e-05 0 0)
(6.5442628e-09 -0.0010457772 0 -1.2561137e-05 0 0)
(9.1839633e-10 -0.0031385181 0 -0.00011310548 0 0)
(-5.1290712e-09 -0.0052335222 0 -0.00031460016 0 0)
(-4.1799776e-09 -0.0073282163 0 -0.00061714101 0 0)
(-3.3701189e-09 0.0073282188 0 -0.00061714252 0 0)
(-3.0311189e-09 0.0052335212 0 -0.00031460166 0 0)
(1.2613954e-09 0.0031385157 0 -0.00011310603 0 0)
(6.1001502e-09 0.0010457741 0 -1.2560489e-05 0 0)
(5.8712583e-09 -0.0010457758 0 -1.2560331e-05 0 0)
(5.4335025e-10 -0.003138517 0 -0.00011310538 0 0)
(-3.9350118e-09 -0.0052335213 0 -0.00031460068 0 0)
(-3.9464645e-09 -0.0073282173 0 -0.00061714165 0 0)
(-2.8514802e-09 0.0073282196 0 -0.00061714285 0 0)
(-3.3898688e-09 0.0052335205 0 -0.00031460186 0 0)
(1.4937777e-09 0.0031385138 0 -0.00011310579 0 0)
(5.5054019e-09 0.0010457737 0 -1.2560016e-05 0 0)
(5.3985059e-09 -0.0010457756 0 -1.2559949e-05 0 0)
(9.1622892e-10 -0.0031385148 0 -0.00011310529 0 0)
(-4.1550741e-09 -0.0052335206 0 -0.00031460102 0 0)
(-3.3628616e-09 -0.0073282182 0 -0.00061714207 0 0)
(-2.9361191e-09 0.0073282202 0 -0.00061714312 0 0)
(-2.5860246e-09 0.0052335199 0 -0.00031460199 0 0)
(1.0263982e-09 0.0031385132 0 -0.00011310565 0 0)
(5.2566757e-09 0.001045773 0 -1.255962e-05 0 0)
(5.1081533e-09 -0.0010457744 0 -1.2559536e-05 0 0)
(5.6536921e-10 -0.0031385142 0 -0.00011310525 0 0)
(-3.223962e-09 -0.0052335199 0 -0.00031460129 0 0)
(-3.3751835e-09 -0.007328219 0 -0.00061714243 0 0)
(-2.5283125e-09 0.007328221 0 -0.00061714333 0 0)
(-3.0785555e-09 0.0052335194 0 -0.00031460208 0 0)
(1.309041e-09 0.0031385116 0 -0.00011310548 0 0)
(4.8532121e-09 0.0010457727 0 -1.2559345e-05 0 0)
(4.7906225e-09 -0.0010457743 0 -1.2559314e-05 0 0)
(9.4262958e-10 -0.0031385124 0 -0.00011310519 0 0)
(-3.6098887e-09 -0.0052335194 0 -0.00031460149 0 0)
(-2.9114446e-09 -0.0073282198 0 -0.00061714271 0 0)
(-2.7013393e-09 0.0073282215 0 -0.0006171435 0 0)
(-2.35748e-09 0.0052335189 0 -0.00031460214 0 0)
(8.664182e-10 0.0031385112 0 -0.00011310539 0 0)
(4.752386e-09 0.0010457721 0 -1.25591e-05 0 0)
(4.6615851e-09 -0.0010457733 0 -1.255907e-05 0 0)
(5.8705466e-10 -0.003138512 0 -0.00011310516 0 0)
(-2.7952929e-09 -0.0052335189 0 -0.00031460165 0 0)
(-3.0287928e-09 -0.0073282205 0 -0.00061714296 0 0)
(-2.3318974e-09 0.0073282223 0 -0.00061714366 0 0)
(-2.8962568e-09 0.0052335184 0 -0.00031460219 0 0)
(1.1757995e-09 0.0031385098 0 -0.00011310526 0 0)
(4.4250894e-09 0.0010457718 0 -1.2558905e-05 0 0)
(4.398056e-09 -0.0010457732 0 -1.2558903e-05 0 0)
(9.5322524e-10 -0.0031385105 0 -0.0001131051 0 0)
(-3.2591016e-09 -0.0052335184 0 -0.00031460179 0 0)
(-2.6137872e-09 -0.0073282212 0 -0.00061714318 0 0)
(-2.5372756e-09 0.0073282228 0 -0.00061714379 0 0)
(-2.1992212e-09 0.005233518 0 -0.00031460224 0 0)
(7.4924665e-10 0.0031385094 0 -0.00011310519 0 0)
(4.3872013e-09 0.0010457713 0 -1.2558726e-05 0 0)
(4.3343325e-09 -0.0010457724 0 -1.255873e-05 0 0)
(5.874822e-10 -0.0031385101 0 -0.00011310507 0 0)
(-2.4962836e-09 -0.005233518 0 -0.0003146019 0 0)
(-2.7783878e-09 -0.0073282218 0 -0.00061714338 0 0)
(-2.1788568e-09 0.0073282235 0 -0.00061714393 0 0)
(-2.7500538e-09 0.0052335176 0 -0.00031460228 0 0)
(1.0758702e-09 0.0031385081 0 -0.00011310508 0 0)
(4.0905564e-09 0.001045771 0 -1.2558564e-05 0 0)
(4.0859454e-09 -0.0010457723 0 -1.255858e-05 0 0)
(9.4170347e-10 -0.0031385087 0 -0.00011310501 0 0)
(-2.9990059e-09 -0.0052335175 0 -0.00031460201 0 0)
(-2.3844274e-09 -0.0073282225 0 -0.00061714356 0 0)
(-2.3958586e-09 0.007328224 0 -0.00061714405 0 0)
(-2.0560335e-09 0.0052335172 0 -0.00031460233 0 0)
(6.6127678e-10 0.0031385078 0 -0.00011310503 0 0)
(4.0812094e-09 0.0010457705 0 -1.2558416e-05 0 0)
(4.049337e-09 -0.0010457716 0 -1.2558438e-05 0 0)
(5.6743219e-10 -0.0031385084 0 -0.00011310498 0 0)
(-2.2608664e-09 -0.0052335171 0 -0.0003146021 0 0)
(-2.5734103e-09 -0.0073282231 0 -0.00061714373 0 0)
(-2.0392953e-09 0.0073282246 0 -0.00061714419 0 0)
(-2.6077419e-09 0.0052335169 0 -0.00031460238 0 0)
(1.00007e-09 0.0031385066 0 -0.00011310495 0 0)
(3.7983732e-09 0.0010457703 0 -1.255827e-05 0 0)
(3.8036995e-09 -0.0010457714 0 -1.2558291e-05 0 0)
(9.1263471e-10 -0.0031385071 0 -0.00011310492 0 0)
(-2.7853466e-09 -0.0052335168 0 -0.00031460219 0 0)
(-2.1900326e-09 -0.0073282238 0 -0.00061714389 0 0)
(-2.2611277e-09 0.0073282251 0 -0.00061714429 0 0)
(-1.9112553e-09 0.0052335165 0 -0.00031460243 0 0)
(5.9441687e-10 0.0031385063 0 -0.00011310491 0 0)
(3.8041513e-09 0.0010457698 0 -1.2558138e-05 0 0)
(3.7803541e-09 -0.0010457708 0 -1.2558167e-05 0 0)
(5.3285387e-10 -0.0031385068 0 -0.00011310489 0 0)
(-2.0606977e-09 -0.0052335164 0 -0.00031460227 0 0)
(-2.3942124e-09 -0.0073282243 0 -0.00061714404 0 0)
(-1.9040994e-09 0.0073282257 0 -0.00061714442 0 0)
(-2.4617654e-09 0.0052335162 0 -0.0003146025 0 0)
(9.4178452e-10 0.0031385052 0 -0.00011310484 0 0)
(3.5293213e-09 0.0010457696 0 -1.2558002e-05 0 0)
(3.5352259e-09 -0.0010457706 0 -1.2558021e-05 0 0)
(8.7226506e-10 -0.0031385056 0 -0.00011310483 0 0)
(-2.5991611e-09 -0.005233516 0 -0.00031460234 0 0)
(-2.0173703e-09 -0.0073282249 0 -0.00061714419 0 0)
(-2.1290124e-09 0.0073282261 0 -0.00061714453 0 0)
(-1.7629635e-09 0.0052335159 0 -0.00031460255 0 0)
(5.4244955e-10 0.0031385049 0 -0.00011310481 0 0)
(3.5450171e-09 0.0010457691 0 -1.2557882e-05 0 0)
(3.5206132e-09 -0.0010457701 0 -1.2557909e-05 0 0)
(4.8976781e-10 -0.0031385054 0 -0.0001131048 0 0)
(-1.8830545e-09 -0.0052335157 0 -0.00031460242 0 0)
(-2.2326308e-09 -0.0073282254 0 -0.00061714431 0 0)
(-1.77154e-09 0.0073282267 0 -0.00061714465 0 0)
(-2.3131775e-09 0.0052335156 0 -0.00031460262 0 0)
(8.9552992e-10 0.0031385038 0 -0.00011310476 0 0)
(3.2763485e-09 0.0010457689 0 -1.2557754e-05 0 0)
(3.2770374e-09 -0.0010457699 0 -1.2557765e-05 0 0)
(8.2598416e-10 -0.0031385042 0 -0.00011310474 0 0)
(-2.4313421e-09 -0.0052335154 0 -0.00031460249 0 0)
(-1.8605405e-09 -0.007328226 0 -0.00061714445 0 0)
(-1.9993826e-09 0.0073282271 0 -0.00061714475 0 0)
(-1.6137846e-09 0.0052335153 0 -0.00031460268 0 0)
(5.0034231e-10 0.0031385036 0 -0.00011310473 0 0)
(3.2998205e-09 0.0010457685 0 -1.2557644e-05 0 0)
(3.2698099e-09 -0.0010457695 0 -1.2557663e-05 0 0)
(4.428797e-10 -0.003138504 0 -0.00011310471 0 0)
(-1.7213564e-09 -0.005233515 0 -0.00031460256 0 0)
(-2.0846096e-09 -0.0073282264 0 -0.00061714457 0 0)
(-1.6421067e-09 0.0073282277 0 -0.00061714486 0 0)
(-2.1651973e-09 0.005233515 0 -0.00031460274 0 0)
(8.5692251e-10 0.0031385026 0 -0.00011310469 0 0)
(3.0367855e-09 0.0010457683 0 -1.2557522e-05 0 0)
(3.0295086e-09 -0.0010457692 0 -1.2557523e-05 0 0)
(7.777073e-10 -0.003138503 0 -0.00011310466 0 0)
(-2.2770724e-09 -0.0052335148 0 -0.00031460263 0 0)
(-1.7163137e-09 -0.007328227 0 -0.0006171447 0 0)
(-1.8731249e-09 0.007328228 0 -0.00061714495 0 0)
(-1.4670266e-09 0.0052335147 0 -0.0003146028 0 0)
(4.642613e-10 0.0031385024 0 -0.00011310467 0 0)
(3.0670206e-09 0.0010457679 0 -1.255742e-05 0 0)
(3.0292148e-09 -0.0010457689 0 -1.255743e-05 0 0)
(3.9543512e-10 -0.0031385028 0 -0.00011310464 0 0)
(-1.5719682e-09 -0.0052335144 0 -0.00031460269 0 0)
(-1.9476629e-09 -0.0073282273 0 -0.0006171448 0 0)
(-1.5167393e-09 0.0073282286 0 -0.00061714507 0 0)
(-2.0209016e-09 0.0052335144 0 -0.00031460287 0 0)
(8.2272923e-10 0.0031385015 0 -0.00011310463 0 0)
(2.8095073e-09 0.0010457677 0 -1.2557305e-05 0 0)
(2.7937215e-09 -0.0010457686 0 -1.2557295e-05 0 0)
(7.3003197e-10 -0.0031385018 0 -0.00011310459 0 0)
(-2.1335431e-09 -0.0052335142 0 -0.00031460276 0 0)
(-1.5825458e-09 -0.0073282279 0 -0.00061714492 0 0)
(-1.7511804e-09 0.0073282289 0 -0.00061714515 0 0)
(-1.3253647e-09 0.0052335141 0 -0.00031460293 0 0)
(4.3150686e-10 0.0031385013 0 -0.00011310462 0 0)
(2.8459294e-09 0.0010457674 0 -1.2557211e-05 0 0)
(2.800064e-09 -0.0010457683 0 -1.2557211e-05 0 0)
(3.495114e-10 -0.0031385016 0 -0.00011310456 0 0)
(-1.4326195e-09 -0.0052335139 0 -0.00031460282 0 0)
(-1.8200121e-09 -0.0073282282 0 -0.00061714501 0 0)
(-1.396269e-09 0.0073282294 0 -0.00061714526 0 0)
(-1.8824895e-09 0.0052335139 0 -0.000314603 0 0)
(7.9076429e-10 0.0031385004 0 -0.00011310458 0 0)
(2.5939592e-09 0.0010457672 0 -1.2557102e-05 0 0)
(2.5705164e-09 -0.001045768 0 -1.2557082e-05 0 0)
(6.8454083e-10 -0.0031385007 0 -0.00011310452 0 0)
(-1.9989557e-09 -0.0052335137 0 -0.00031460289 0 0)
(-1.4576521e-09 -0.0073282287 0 -0.00061714512 0 0)
(-1.6342732e-09 0.0073282296 0 -0.00061714534 0 0)
(-1.1905051e-09 0.0052335136 0 -0.00031460306 0 0)
(4.0034369e-10 0.0031385002 0 -0.00011310457 0 0)
(2.6361867e-09 0.0010457669 0 -1.2557015e-05 0 0)
(2.5831648e-09 -0.0010457678 0 -1.2557006e-05 0 0)
(3.0629557e-10 -0.0031385005 0 -0.0001131045 0 0)
(-1.3018195e-09 -0.0052335134 0 -0.00031460294 0 0)
(-1.7003375e-09 -0.007328229 0 -0.00061714521 0 0)
(-1.2812849e-09 0.0073282301 0 -0.00061714544 0 0)
(-1.7512951e-09 0.0052335134 0 -0.00031460312 0 0)
(7.5970171e-10 0.0031384994 0 -0.00011310453 0 0)
(2.3898262e-09 0.0010457667 0 -1.2556912e-05 0 0)
(2.3603166e-09 -0.0010457675 0 -1.2556884e-05 0 0)
(6.420685e-10 -0.0031384997 0 -0.00011310446 0 0)
(-1.8721463e-09 -0.0052335132 0 -0.00031460301 0 0)
(-1.3404561e-09 -0.0073282295 0 -0.00061714532 0 0)
(-1.522882e-09 0.0073282304 0 -0.00061714551 0 0)
(-1.0634807e-09 0.0052335131 0 -0.00031460318 0 0)
(3.6978877e-10 0.0031384992 0 -0.00011310453 0 0)
(2.4375808e-09 0.0010457665 0 -1.2556831e-05 0 0)
(2.3788942e-09 -0.0010457673 0 -1.2556815e-05 0 0)
(2.663408e-10 -0.0031384996 0 -0.00011310445 0 0)
(-1.1786115e-09 -0.0052335129 0 -0.00031460306 0 0)
(-1.587694e-09 -0.0073282297 0 -0.0006171454 0 0)
(-1.1721483e-09 0.0073282308 0 -0.00061714561 0 0)
(-1.6281706e-09 0.0052335129 0 -0.00031460324 0 0)
(7.2886194e-10 0.0031384985 0 -0.0001131045 0 0)
(2.1969065e-09 0.0010457663 0 -1.2556734e-05 0 0)
(2.1631886e-09 -0.001045767 0 -1.25567e-05 0 0)
(6.029367e-10 -0.0031384988 0 -0.00011310441 0 0)
(-1.7523971e-09 -0.0052335127 0 -0.00031460312 0 0)
(-1.23013e-09 -0.0073282302 0 -0.00061714549 0 0)
(-1.4172852e-09 0.007328231 0 -0.00061714568 0 0)
(-9.4488521e-10 0.0052335127 0 -0.0003146033 0 0)
(3.3939692e-10 0.0031384984 0 -0.00011310449 0 0)
(2.2499665e-09 0.0010457661 0 -1.2556659e-05 0 0)
(2.1872946e-09 -0.0010457669 0 -1.2556638e-05 0 0)
(2.2978229e-10 -0.0031384987 0 -0.0001131044 0 0)
(-1.0624133e-09 -0.0052335125 0 -0.00031460318 0 0)
(-1.4814275e-09 -0.0073282304 0 -0.00061714557 0 0)
(-1.0690309e-09 0.0073282314 0 -0.00061714577 0 0)
(-1.5134171e-09 0.0052335125 0 -0.00031460336 0 0)
(6.9800727e-10 0.0031384977 0 -0.00011310446 0 0)
(2.0150445e-09 0.0010457659 0 -1.2556568e-05 0 0)
(1.9789443e-09 -0.0010457666 0 -1.255653e-05 0 0)
(5.6714215e-10 -0.0031384979 0 -0.00011310437 0 0)
(-1.6392941e-09 -0.0052335123 0 -0.00031460323 0 0)
(-1.1261086e-09 -0.0073282309 0 -0.00061714566 0 0)
(-1.3176059e-09 0.0073282316 0 -0.00061714583 0 0)
(-8.3478702e-10 0.0052335123 0 -0.0003146034 0 0)
(3.0907163e-10 0.0031384975 0 -0.00011310445 0 0)
(2.0732166e-09 0.0010457657 0 -1.2556498e-05 0 0)
(2.008175e-09 -0.0010457664 0 -1.2556473e-05 0 0)
(1.9650339e-10 -0.0031384978 0 -0.00011310436 0 0)
(-9.5288611e-10 -0.0052335121 0 -0.00031460329 0 0)
(-1.3810986e-09 -0.0073282311 0 -0.00061714573 0 0)
(-9.7196051e-10 0.007328232 0 -0.00061714592 0 0)
(-1.4069597e-09 0.0052335121 0 -0.00031460346 0 0)
(6.6717235e-10 0.0031384969 0 -0.00011310443 0 0)
(1.8440856e-09 0.0010457655 0 -1.2556413e-05 0 0)
(1.8072246e-09 -0.0010457662 0 -1.2556372e-05 0 0)
(5.3449617e-10 -0.0031384971 0 -0.00011310434 0 0)
(-1.532607e-09 -0.0052335119 0 -0.00031460334 0 0)
(-1.0280133e-09 -0.0073282315 0 -0.00061714581 0 0)
(-1.2238521e-09 0.0073282322 0 -0.00061714597 0 0)
(-7.329776e-10 0.0052335119 0 -0.00031460351 0 0)
(2.789193e-10 0.0031384968 0 -0.00011310442 0 0)
(1.9071838e-09 0.0010457654 0 -1.2556348e-05 0 0)
(1.8411867e-09 -0.0010457661 0 -1.2556321e-05 0 0)
(1.6625459e-10 -0.0031384971 0 -0.00011310433 0 0)
(-8.4983021e-10 -0.0052335117 0 -0.00031460339 0 0)
(-1.286415e-09 -0.0073282317 0 -0.00061714588 0 0)
(-8.8087101e-10 0.0073282325 0 -0.00061714606 0 0)
(-1.3085333e-09 0.0052335117 0 -0.00031460356 0 0)
(6.3653864e-10 0.0031384962 0 -0.0001131044 0 0)
(1.683846e-09 0.0010457652 0 -1.2556268e-05 0 0)
(1.647565e-09 -0.0010457658 0 -1.2556226e-05 0 0)
(5.0472239e-10 -0.0031384964 0 -0.0001131043 0 0)
(-1.4322e-09 -0.0052335115 0 -0.00031460344 0 0)
(-9.3558561e-10 -0.007328232 0 -0.00061714596 0 0)
(-1.1359423e-09 0.0073282326 0 -0.00061714611 0 0)
(-6.3910397e-10 0.0052335115 0 -0.0003146036 0 0)
(2.4914483e-10 0.0031384961 0 -0.00011310439 0 0)
(1.7516796e-09 0.0010457651 0 -1.2556209e-05 0 0)
(1.6858811e-09 -0.0010457657 0 -1.255618e-05 0 0)
(1.3873383e-10 -0.0031384964 0 -0.0001131043 0 0)
(-7.5310826e-10 -0.0052335113 0 -0.00031460349 0 0)
(-1.1971743e-09 -0.0073282322 0 -0.00061714602 0 0)
(-7.9563286e-10 0.007328233 0 -0.00061714618 0 0)
(-1.2177532e-09 0.0052335114 0 -0.00031460366 0 0)
(6.063482e-10 0.0031384955 0 -0.00011310437 0 0)
(1.5340942e-09 0.0010457649 0 -1.2556134e-05 0 0)
(1.499438e-09 -0.0010457655 0 -1.2556092e-05 0 0)
(4.7751991e-10 -0.0031384958 0 -0.00011310428 0 0)
(-1.3379686e-09 -0.0052335112 0 -0.00031460354 0 0)
(-8.4863735e-10 -0.0073282325 0 -0.00061714609 0 0)
(-1.053725e-09 0.0073282331 0 -0.00061714623 0 0)
(-5.5272996e-10 0.0052335112 0 -0.00031460369 0 0)
(2.1998304e-10 0.0031384955 0 -0.00011310437 0 0)
(1.6064611e-09 0.0010457648 0 -1.2556078e-05 0 0)
(1.5417501e-09 -0.0010457654 0 -1.2556049e-05 0 0)
(1.1363626e-10 -0.0031384957 0 -0.00011310427 0 0)
(-6.6259579e-10 -0.005233511 0 -0.00031460358 0 0)
(-1.1132214e-09 -0.0073282327 0 -0.00061714615 0 0)
(-7.1607111e-10 0.0073282334 0 -0.0006171463 0 0)
(-1.1341761e-09 0.0052335111 0 -0.00031460374 0 0)
(5.7684767e-10 0.003138495 0 -0.00011310435 0 0)
(1.3945433e-09 0.0010457647 0 -1.2556009e-05 0 0)
(1.3622786e-09 -0.0010457652 0 -1.2555968e-05 0 0)
(4.5260054e-10 -0.0031384952 0 -0.00011310425 0 0)
(-1.2498009e-09 -0.0052335109 0 -0.00031460363 0 0)
(-7.6701328e-10 -0.007328233 0 -0.00061714622 0 0)
(-9.7700782e-10 0.0073282335 0 -0.00061714635 0 0)
(-4.7338485e-10 0.0052335109 0 -0.00031460378 0 0)
(1.916566e-10 0.0031384949 0 -0.00011310434 0 0)
(1.4712285e-09 0.0010457645 0 -1.2555957e-05 0 0)
(1.4082513e-09 -0.0010457651 0 -1.2555929e-05 0 0)
(9.0680952e-11 -0.0031384951 0 -0.00011310425 0 0)
(-5.7815079e-10 -0.0052335107 0 -0.00031460367 0 0)
(-1.0344185e-09 -0.0073282331 0 -0.00061714627 0 0)
(-6.4197918e-10 0.0073282338 0 -0.00061714642 0 0)
(-1.0573407e-09 0.0052335108 0 -0.00031460382 0 0)
(5.482578e-10 0.0031384944 0 -0.00011310432 0 0)
(1.2648518e-09 0.0010457644 0 -1.2555893e-05 0 0)
(1.2355042e-09 -0.0010457649 0 -1.2555853e-05 0 0)
(4.2970711e-10 -0.0031384946 0 -0.00011310423 0 0)
(-1.1675576e-09 -0.0052335106 0 -0.00031460372 0 0)
(-6.9056624e-10 -0.0073282334 0 -0.00061714634 0 0)
(-9.0557515e-10 0.0073282339 0 -0.00061714646 0 0)
(-4.0059352e-10 0.0052335106 0 -0.00031460386 0 0)
(1.6435485e-10 0.0031384944 0 -0.00011310432 0 0)
(1.3456288e-09 0.0010457643 0 -1.2555845e-05 0 0)
(1.2848255e-09 -0.0010457648 0 -1.2555817e-05 0 0)
(6.9622815e-11 -0.0031384946 0 -0.00011310423 0 0)
(-4.9960107e-10 -0.0052335105 0 -0.00031460376 0 0)
(-9.6062712e-10 -0.0073282335 0 -0.00061714638 0 0)
(-5.7312895e-10 0.0073282342 0 -0.00061714652 0 0)
(-9.8678771e-10 0.0052335105 0 -0.0003146039 0 0)
(5.2075841e-10 0.0031384939 0 -0.0001131043 0 0)
(1.1446292e-09 0.0010457642 0 -1.2555785e-05 0 0)
(1.118525e-09 -0.0010457647 0 -1.2555748e-05 0 0)
(4.0861912e-10 -0.0031384941 0 -0.00011310422 0 0)
(-1.0910629e-09 -0.0052335104 0 -0.0003146038 0 0)
(-6.1914292e-10 -0.0073282338 0 -0.00061714645 0 0)
(-8.3919778e-10 0.0073282342 0 -0.00061714655 0 0)
(-3.3389007e-10 0.0052335103 0 -0.00031460393 0 0)
(1.3822536e-10 0.0031384939 0 -0.0001131043 0 0)
(1.2292632e-09 0.0010457641 0 -1.2555741e-05 0 0)
(1.1709082e-09 -0.0010457646 0 -1.2555715e-05 0 0)
(5.0254796e-11 -0.0031384941 0 -0.00011310422 0 0)
(-4.2673871e-10 -0.0052335102 0 -0.00031460383 0 0)
(-8.9169818e-10 -0.0073282339 0 -0.00061714649 0 0)
(-5.0927953e-10 0.0073282345 0 -0.00061714662 0 0)
(-9.2207124e-10 0.0052335102 0 -0.00031460397 0 0)
(4.9448496e-10 0.0031384935 0 -0.00011310428 0 0)
(1.0334448e-09 0.001045764 0 -1.2555686e-05 0 0)
(1.0107516e-09 -0.0010457644 0 -1.255565e-05 0 0)
(3.8915294e-10 -0.0031384937 0 -0.0001131042 0 0)
(-1.0201057e-09 -0.0052335101 0 -0.00031460387 0 0)
(-5.5257622e-10 -0.0073282342 0 -0.00061714655 0 0)
(-7.7763765e-10 0.0073282345 0 -0.00061714665 0 0)
(-2.7282773e-10 0.0052335101 0 -0.00031460399 0 0)
(1.13373e-10 0.0031384935 0 -0.00011310428 0 0)
(1.1216955e-09 0.0010457639 0 -1.2555645e-05 0 0)
(1.0659346e-09 -0.0010457643 0 -1.255562e-05 0 0)
(3.2404808e-11 -0.0031384937 0 -0.0001131042 0 0)
(-3.5932514e-10 -0.00523351 0 -0.00031460391 0 0)
(-8.2746579e-10 -0.0073282342 0 -0.00061714658 0 0)
(-4.5018014e-10 0.0073282348 0 -0.0006171467 0 0)
(-8.6276519e-10 0.00523351 0 -0.00031460403 0 0)
(4.6952978e-10 0.0031384931 0 -0.00011310426 0 0)
(9.308372e-10 0.0010457638 0 -1.2555594e-05 0 0)
(9.1160238e-10 -0.0010457642 0 -1.2555561e-05 0 0)
(3.71156e-10 -0.0031384932 0 -0.00011310419 0 0)
(-9.5444446e-10 -0.0052335099 0 -0.00031460394 0 0)
(-4.9068215e-10 -0.0073282345 0 -0.00061714664 0 0)
(-7.2065072e-10 0.0073282348 0 -0.00061714673 0 0)
(-2.1698088e-10 0.0052335098 0 -0.00031460406 0 0)
(8.986383e-11 0.0031384931 0 -0.00011310426 0 0)
(1.0224636e-09 0.0010457637 0 -1.2555556e-05 0 0)
(9.6934682e-10 -0.0010457641 0 -1.2555532e-05 0 0)
(1.5930249e-11 -0.0031384933 0 -0.00011310419 0 0)
(-2.9709527e-10 -0.0052335098 0 -0.00031460397 0 0)
(-7.6774799e-10 -0.0073282345 0 -0.00061714667 0 0)
(-3.9557635e-10 0.007328235 0 -0.00061714679 0 0)
(-8.0846262e-10 0.0052335098 0 -0.00031460409 0 0)
(4.45948e-10 0.0031384927 0 -0.00011310425 0 0)
(8.3632398e-10 0.0010457637 0 -1.2555509e-05 0 0)
(8.2050492e-10 -0.0010457641 0 -1.2555478e-05 0 0)
(3.545018e-10 -0.0031384929 0 -0.00011310418 0 0)
(-8.9381269e-10 -0.0052335097 0 -0.00031460401 0 0)
(-4.3326157e-10 -0.0073282348 0 -0.00061714673 0 0)
(-6.6798921e-10 0.007328235 0 -0.00061714681 0 0)
(-1.6594572e-10 0.0052335096 0 -0.00031460411 0 0)
(6.7730784e-11 0.0031384928 0 -0.00011310425 0 0)
(9.3108725e-10 0.0010457636 0 -1.2555474e-05 0 0)
(8.8059532e-10 -0.0010457639 0 -1.2555452e-05 0 0)
(7.1208424e-13 -0.0031384929 0 -0.00011310418 0 0)
(-2.3976508e-10 -0.0052335096 0 -0.00031460403 0 0)
(-7.1234765e-10 -0.0073282348 0 -0.00061714676 0 0)
(-3.4521022e-10 0.0073282353 0 -0.00061714686 0 0)
(-7.5877803e-10 0.0052335096 0 -0.00031460414 0 0)
(4.2376331e-10 0.0031384924 0 -0.00011310423 0 0)
(7.4941155e-10 0.0010457635 0 -1.255543e-05 0 0)
(7.3690216e-10 -0.0010457639 0 -1.2555402e-05 0 0)
(3.390833e-10 -0.0031384925 0 -0.00011310417 0 0)
(-8.3792787e-10 -0.0052335095 0 -0.00031460407 0 0)
(-3.8010118e-10 -0.007328235 0 -0.00061714681 0 0)
(-6.1940438e-10 0.0073282352 0 -0.00061714688 0 0)
(-1.1933893e-10 0.0052335094 0 -0.00031460416 0 0)
(4.6979844e-11 0.0031384924 0 -0.00011310423 0 0)
(8.4707776e-10 0.0010457634 0 -1.2555398e-05 0 0)
(7.9914246e-10 -0.0010457638 0 -1.2555377e-05 0 0)
(-1.3351106e-11 -0.0031384926 0 -0.00011310417 0 0)
(-1.8703839e-10 -0.0052335094 0 -0.00031460409 0 0)
(-6.6105504e-10 -0.007328235 0 -0.00061714683 0 0)
(-2.9882704e-10 0.0073282355 0 -0.00061714693 0 0)
(-7.1334352e-10 0.0052335094 0 -0.00031460419 0 0)
(4.0297409e-10 0.0031384921 0 -0.00011310422 0 0)
(6.6960237e-10 0.0010457634 0 -1.2555358e-05 0 0)
(6.6025329e-10 -0.0010457637 0 -1.2555332e-05 0 0)
(3.2480826e-10 -0.0031384922 0 -0.00011310416 0 0)
(-7.864973e-10 -0.0052335093 0 -0.00031460412 0 0)
(-3.3097804e-10 -0.0073282352 0 -0.00061714688 0 0)
(-5.7464779e-10 0.0073282354 0 -0.00061714695 0 0)
(-7.6798483e-11 0.0052335093 0 -0.00031460421 0 0)
(2.7595001e-11 0.0031384922 0 -0.00011310422 0 0)
(7.6994487e-10 0.0010457633 0 -1.2555328e-05 0 0)
(7.2446525e-10 -0.0010457636 0 -1.2555309e-05 0 0)
(-2.6347611e-11 -0.0031384923 0 -0.00011310416 0 0)
(-1.3861354e-10 -0.0052335092 0 -0.00031460414 0 0)
(-6.1365153e-10 -0.0073282352 0 -0.0006171469 0 0)
(-2.5616964e-10 0.0073282357 0 -0.00061714699 0 0)
(-6.7181509e-10 0.0052335092 0 -0.00031460424 0 0)
(3.8355896e-10 0.0031384919 0 -0.0001131042 0 0)
(5.964024e-10 0.0010457633 0 -1.2555291e-05 0 0)
(5.9003619e-10 -0.0010457636 0 -1.2555268e-05 0 0)
(3.1159474e-10 -0.003138492 0 -0.00011310415 0 0)
(-7.3922446e-10 -0.0052335092 0 -0.00031460417 0 0)
(-2.8566375e-10 -0.0073282354 0 -0.00061714695 0 0)
(-5.3347175e-10 0.0073282356 0 -0.00061714701 0 0)
(-3.798349e-11 0.0052335091 0 -0.00031460425 0 0)
(9.5444156e-12 0.0031384919 0 -0.0001131042 0 0)
(6.9920373e-10 0.0010457632 0 -1.2555263e-05 0 0)
(6.5605714e-10 -0.0010457635 0 -1.2555246e-05 0 0)
(-3.8356232e-11 -0.003138492 0 -0.00011310415 0 0)
(-9.4189021e-11 -0.0052335091 0 -0.00031460419 0 0)
(-5.6991377e-10 -0.0073282354 0 -0.00061714697 0 0)
(-2.1698592e-10 0.0073282358 0 -0.00061714705 0 0)
(-6.3386567e-10 0.0052335091 0 -0.00031460428 0 0)
(3.6548188e-10 0.0031384916 0 -0.00011310419 0 0)
(5.293269e-10 0.0010457632 0 -1.255523e-05 0 0)
(5.2575009e-10 -0.0010457635 0 -1.2555209e-05 0 0)
(2.9936863e-10 -0.0031384917 0 -0.00011310414 0 0)
(-6.958175e-10 -0.005233509 0 -0.00031460422 0 0)
(-2.4392367e-10 -0.0073282356 0 -0.00061714701 0 0)
(-4.9563197e-10 0.0073282357 0 -0.00061714707 0 0)
(-2.5722796e-12 0.005233509 0 -0.00031460429 0 0)
(-7.2168538e-12 0.0031384917 0 -0.00011310419 0 0)
(6.3437901e-10 0.0010457631 0 -1.2555204e-05 0 0)
(5.934297e-10 -0.0010457634 0 -1.2555188e-05 0 0)
(-4.944878e-11 -0.0031384918 0 -0.00011310414 0 0)
(-5.3470579e-11 -0.0052335089 0 -0.00031460424 0 0)
(-5.2961375e-10 -0.0073282356 0 -0.00061714703 0 0)
(-1.8102936e-10 0.007328236 0 -0.00061714711 0 0)
(-5.9918674e-10 0.0052335089 0 -0.00031460432 0 0)
(3.4869466e-10 0.0031384914 0 -0.00011310418 0 0)
(4.6790455e-10 0.0010457631 0 -1.2555173e-05 0 0)
(4.6691565e-10 -0.0010457634 0 -1.2555154e-05 0 0)
(2.8806063e-10 -0.0031384915 0 -0.00011310413 0 0)
(-6.5598928e-10 -0.0052335089 0 -0.00031460426 0 0)
(-2.0552474e-10 -0.0073282358 0 -0.00061714707 0 0)
(-4.6089062e-10 0.0073282359 0 -0.00061714712 0 0)
(2.9738337e-11 0.0052335088 0 -0.00031460433 0 0)
(-2.2742214e-11 0.0031384915 0 -0.00011310418 0 0)
(5.7501051e-10 0.001045763 0 -1.2555149e-05 0 0)
(5.3611561e-10 -0.0010457632 0 -1.2555135e-05 0 0)
(-5.9692772e-11 -0.0031384916 0 -0.00011310414 0 0)
(-1.6170825e-11 -0.0052335088 0 -0.00031460428 0 0)
(-4.9252542e-10 -0.0073282357 0 -0.00061714708 0 0)
(-1.4806031e-10 0.0073282361 0 -0.00061714716 0 0)
(-5.6748771e-10 0.0052335088 0 -0.00031460435 0 0)
(3.3314333e-10 0.0031384912 0 -0.00011310417 0 0)
(4.1168119e-10 0.001045763 0 -1.2555121e-05 0 0)
(4.1307699e-10 -0.0010457633 0 -1.2555104e-05 0 0)
(2.7760535e-10 -0.0031384913 0 -0.00011310413 0 0)
(-6.1946101e-10 -0.0052335088 0 -0.0003146043 0 0)
(-1.7023633e-10 -0.0073282359 0 -0.00061714712 0 0)
(-4.2901604e-10 0.007328236 0 -0.00061714716 0 0)
(5.9232655e-11 0.0052335087 0 -0.00031460436 0 0)
(-3.7088557e-11 0.0031384913 0 -0.00011310417 0 0)
(5.2065509e-10 0.001045763 0 -1.2555099e-05 0 0)
(4.8366871e-10 -0.0010457631 0 -1.2555085e-05 0 0)
(-6.915082e-11 -0.0031384914 0 -0.00011310413 0 0)
(1.7986191e-11 -0.0052335087 0 -0.00031460432 0 0)
(-4.5842553e-10 -0.0073282359 0 -0.00061714713 0 0)
(-1.1784681e-10 0.0073282362 0 -0.0006171472 0 0)
(-5.3849618e-10 0.0052335087 0 -0.00031460438 0 0)
(3.1876759e-10 0.0031384911 0 -0.00011310416 0 0)
(3.6022262e-10 0.001045763 0 -1.2555073e-05 0 0)
(3.6380277e-10 -0.0010457632 0 -1.2555057e-05 0 0)
(2.6794193e-10 -0.0031384911 0 -0.00011310412 0 0)
(-5.8596664e-10 -0.0052335087 0 -0.00031460434 0 0)
(-1.3783218e-10 -0.0073282361 0 -0.00061714717 0 0)
(-3.9978426e-10 0.0073282361 0 -0.00061714721 0 0)
(8.6176311e-11 0.0052335086 0 -0.00031460439 0 0)
(-5.0323568e-11 0.0031384911 0 -0.00011310416 0 0)
(4.7089005e-10 0.0010457629 0 -1.2555052e-05 0 0)
(4.3566686e-10 -0.0010457631 0 -1.255504e-05 0 0)
(-7.7881695e-11 -0.0031384912 0 -0.00011310413 0 0)
(4.9262028e-11 -0.0052335086 0 -0.00031460435 0 0)
(-4.2709557e-10 -0.007328236 0 -0.00061714718 0 0)
(-9.0166232e-11 0.0073282363 0 -0.00061714724 0 0)
(-5.1195823e-10 0.0052335086 0 -0.00031460441 0 0)
(3.0549748e-10 0.0031384909 0 -0.00011310415 0 0)
(3.1311664e-10 0.0010457629 0 -1.2555028e-05 0 0)
(3.186869e-10 -0.0010457631 0 -1.2555015e-05 0 0)
(2.5901102e-10 -0.003138491 0 -0.00011310412 0 0)
(-5.5525411e-10 -0.0052335086 0 -0.00031460437 0 0)
(-1.0809158e-10 -0.0073282362 0 -0.00061714721 0 0)
(-3.7298095e-10 0.0073282362 0 -0.00061714725 0 0)
(1.1081577e-10 0.0052335085 0 -0.00031460442 0 0)
(-6.2512978e-11 0.003138491 0 -0.00011310415 0 0)
(4.2531459e-10 0.0010457628 0 -1.2555009e-05 0 0)
(3.917115e-10 -0.001045763 0 -1.2554998e-05 0 0)
(-8.5943079e-11 -0.003138491 0 -0.00011310412 0 0)
(7.7903037e-11 -0.0052335085 0 -0.00031460438 0 0)
(-3.9832243e-10 -0.0073282361 0 -0.00061714722 0 0)
(-6.480631e-11 0.0073282364 0 -0.00061714728 0 0)
(-4.8763762e-10 0.0052335085 0 -0.00031460444 0 0)
(2.9327376e-10 0.0031384908 0 -0.00011310414 0 0)
(2.6997408e-10 0.0010457629 0 -1.2554987e-05 0 0)
(2.7734829e-10 -0.001045763 0 -1.2554975e-05 0 0)
(2.5075653e-10 -0.0031384908 0 -0.00011310411 0 0)
(-5.2708486e-10 -0.0052335085 0 -0.0003146044 0 0)
(-8.080008e-11 -0.0073282363 0 -0.00061714725 0 0)
(-3.4840143e-10 0.0073282363 0 -0.00061714728 0 0)
(1.333806e-10 0.0052335084 0 -0.00031460445 0 0)
(-7.3717101e-11 0.0031384908 0 -0.00011310415 0 0)
(3.8355103e-10 0.0010457628 0 -1.2554969e-05 0 0)
(3.5142965e-10 -0.0010457629 0 -1.255496e-05 0 0)
(-9.3387234e-11 -0.0031384909 0 -0.00011310412 0 0)
(1.0414613e-10 -0.0052335084 0 -0.00031460441 0 0)
(-3.7189939e-10 -0.0073282362 0 -0.00061714726 0 0)
(-4.1565132e-11 0.0073282365 0 -0.00061714731 0 0)
(-4.6531516e-10 0.0052335084 0 -0.00031460446 0 0)
(2.8202607e-10 0.0031384907 0 -0.00011310414 0 0)
(2.3042989e-10 0.0010457628 0 -1.2554949e-05 0 0)
(2.3943208e-10 -0.001045763 0 -1.2554939e-05 0 0)
(2.4312609e-10 -0.0031384907 0 -0.00011310411 0 0)
(-5.0122263e-10 -0.0052335084 0 -0.00031460443 0 0)
(-5.5749924e-11 -0.0073282364 0 -0.00061714729 0 0)
(-3.2585207e-10 0.0073282364 0 -0.00061714732 0 0)
(1.5408177e-10 0.0052335083 0 -0.00031460447 0 0)
(-8.4013344e-11 0.0031384907 0 -0.00011310414 0 0)
(3.4524549e-10 0.0010457627 0 -1.2554933e-05 0 0)
(3.1447277e-10 -0.0010457629 0 -1.2554924e-05 0 0)
(-1.0026523e-10 -0.0031384908 0 -0.00011310411 0 0)
(1.282312e-10 -0.0052335083 0 -0.00031460444 0 0)
(-3.4762818e-10 -0.0073282363 0 -0.00061714729 0 0)
(-2.0253153e-11 0.0073282366 0 -0.00061714735 0 0)
(-4.4478963e-10 0.0052335083 0 -0.00031460449 0 0)
(2.716832e-10 0.0031384906 0 -0.00011310413 0 0)
(1.9414342e-10 0.0010457628 0 -1.2554914e-05 0 0)
(2.0460829e-10 -0.0010457629 0 -1.2554905e-05 0 0)
(2.3606833e-10 -0.0031384906 0 -0.00011310411 0 0)
(-4.7743262e-10 -0.0052335083 0 -0.00031460446 0 0)
(-3.274679e-11 -0.0073282365 0 -0.00061714732 0 0)
(-3.0515072e-10 0.0073282364 0 -0.00061714734 0 0)
(1.731131e-10 0.0052335083 0 -0.00031460449 0 0)
(-9.3461859e-11 0.0031384906 0 -0.00011310413 0 0)
(3.1006881e-10 0.0010457627 0 -1.2554899e-05 0 0)
(2.8051765e-10 -0.0010457628 0 -1.2554891e-05 0 0)
(-1.0662519e-10 -0.0031384907 0 -0.00011310411 0 0)
(1.5038673e-10 -0.0052335083 0 -0.00031460447 0 0)
(-3.2533008e-10 -0.0073282363 0 -0.00061714733 0 0)
(-6.9212325e-13 0.0073282366 0 -0.00061714737 0 0)
(-4.2587595e-10 0.0052335083 0 -0.00031460451 0 0)
(2.6218574e-10 0.0031384905 0 -0.00011310413 0 0)
(1.6079888e-10 0.0010457627 0 -1.2554882e-05 0 0)
(1.7257196e-10 -0.0010457629 0 -1.2554873e-05 0 0)
(2.2953604e-10 -0.0031384905 0 -0.0001131041 0 0)
(-4.5552086e-10 -0.0052335082 0 -0.00031460448 0 0)
(-1.1623118e-11 -0.0073282365 0 -0.00061714735 0 0)
(-2.8612647e-10 0.0073282365 0 -0.00061714737 0 0)
(1.9065184e-10 0.0052335082 0 -0.00031460451 0 0)
(-1.0212682e-10 0.0031384905 0 -0.00011310413 0 0)
(2.7771539e-10 0.0010457627 0 -1.2554867e-05 0 0)
(2.4926572e-10 -0.0010457628 0 -1.255486e-05 0 0)
(-1.1251112e-10 -0.0031384906 0 -0.00011310411 0 0)
(1.7078585e-10 -0.0052335082 0 -0.00031460449 0 0)
(-3.0484601e-10 -0.0073282364 0 -0.00061714735 0 0)
(1.7284321e-11 0.0073282367 0 -0.0006171474 0 0)
(-4.0840514e-10 0.0052335082 0 -0.00031460453 0 0)
(2.5346593e-10 0.0031384904 0 -0.00011310412 0 0)
(1.3010418e-10 0.0010457627 0 -1.2554852e-05 0 0)
(1.4304189e-10 -0.0010457629 0 -1.2554844e-05 0 0)
(2.234855e-10 -0.0031384905 0 -0.0001131041 0 0)
(-4.3532018e-10 -0.0052335082 0 -0.0003146045 0 0)
(7.7616699e-12 -0.0073282366 0 -0.00061714738 0 0)
(-2.6862023e-10 0.0073282365 0 -0.0006171474 0 0)
(2.0685942e-10 0.0052335081 0 -0.00031460453 0 0)
(-1.1007409e-10 0.0031384904 0 -0.00011310412 0 0)
(2.4790347e-10 0.0010457626 0 -1.2554838e-05 0 0)
(2.2044177e-10 -0.0010457627 0 -1.2554832e-05 0 0)
(-1.1796451e-10 -0.0031384905 0 -0.0001131041 0 0)
(1.8958162e-10 -0.0052335081 0 -0.00031460451 0 0)
(-2.8600656e-10 -0.0073282365 0 -0.00061714738 0 0)
(3.3830612e-11 0.0073282367 0 -0.00061714742 0 0)
(-3.9222384e-10 0.0052335082 0 -0.00031460454 0 0)
(2.4546088e-10 0.0031384903 0 -0.00011310412 0 0)
(1.0179031e-10 0.0010457627 0 -1.2554824e-05 0 0)
(1.1576e-10 -0.0010457628 0 -1.2554817e-05 0 0)
(2.1787446e-10 -0.0031384904 0 -0.0001131041 0 0)
(-4.1667472e-10 -0.0052335081 0 -0.00031460452 0 0)
(2.5564194e-11 -0.0073282366 0 -0.00061714741 0 0)
(-2.5248417e-10 0.0073282366 0 -0.00061714742 0 0)
(2.2188119e-10 0.0052335081 0 -0.00031460455 0 0)
(-1.1736222e-10 0.0031384904 0 -0.00011310412 0 0)
(2.2037311e-10 0.0010457626 0 -1.2554811e-05 0 0)
(1.9379358e-10 -0.0010457627 0 -1.2554805e-05 0 0)
(-1.2302516e-10 -0.0031384905 0 -0.0001131041 0 0)
(2.0693032e-10 -0.0052335081 0 -0.00031460453 0 0)
(-2.6865056e-10 -0.0073282365 0 -0.0006171474 0 0)
(4.9089559e-11 0.0073282368 0 -0.00061714744 0 0)
(-3.771937e-10 0.0052335081 0 -0.00031460456 0 0)
(2.3811261e-10 0.0031384903 0 -0.00011310411 0 0)
(7.5610277e-11 0.0010457627 0 -1.2554798e-05 0 0)
(9.0490163e-11 -0.0010457628 0 -1.2554792e-05 0 0)
(2.1266404e-10 -0.0031384903 0 -0.0001131041 0 0)
(-3.9943111e-10 -0.0052335081 0 -0.00031460454 0 0)
(4.1962765e-11 -0.0073282367 0 -0.00061714743 0 0)
(-2.3758175e-10 0.0073282366 0 -0.00061714744 0 0)
(2.3584836e-10 0.005233508 0 -0.00031460457 0 0)
(-1.2404835e-10 0.0031384903 0 -0.00011310412 0 0)
(1.9488731e-10 0.0010457626 0 -1.2554785e-05 0 0)
(1.6909191e-10 -0.0010457627 0 -1.255478e-05 0 0)
(-1.2772881e-10 -0.0031384904 0 -0.0001131041 0 0)
(2.2298391e-10 -0.005233508 0 -0.00031460455 0 0)
(-2.5262801e-10 -0.0073282365 0 -0.00061714742 0 0)
(6.3192265e-11 0.0073282368 0 -0.00061714746 0 0)
(-3.6318837e-10 0.0052335081 0 -0.00031460458 0 0)
(2.3136414e-10 0.0031384902 0 -0.00011310411 0 0)
(5.1339093e-11 0.0010457626 0 -1.2554773e-05 0 0)
(6.7018424e-11 -0.0010457628 0 -1.2554768e-05 0 0)
(2.0781853e-10 -0.0031384903 0 -0.0001131041 0 0)
(-3.8344132e-10 -0.005233508 0 -0.00031460456 0 0)
(5.7109245e-11 -0.0073282367 0 -0.00061714745 0 0)
(-2.2378793e-10 0.0073282366 0 -0.00061714745 0 0)
(2.4888072e-10 0.005233508 0 -0.00031460458 0 0)
(-1.3018685e-10 0.0031384903 0 -0.00011310411 0 0)
(1.7122919e-10 0.0010457626 0 -1.2554762e-05 0 0)
(1.4612807e-10 -0.0010457627 0 -1.2554757e-05 0 0)
(-1.321092e-10 -0.0031384903 0 -0.0001131041 0 0)
(2.3788393e-10 -0.005233508 0 -0.00031460457 0 0)
(-2.3780905e-10 -0.0073282366 0 -0.00061714744 0 0)
(7.6258352e-11 0.0073282368 0 -0.00061714748 0 0)
(-3.500935e-10 0.005233508 0 -0.00031460459 0 0)
(2.2516199e-10 0.0031384902 0 -0.00011310411 0 0)
(2.8771871e-11 0.0010457626 0 -1.255475e-05 0 0)
(4.5150676e-11 -0.0010457628 0 -1.2554746e-05 0 0)
(2.03304e-10 -0.0031384903 0 -0.0001131041 0 0)
(-3.6856938e-10 -0.005233508 0 -0.00031460458 0 0)
(7.1128062e-11 -0.0073282367 0 -0.00061714746 0 0)
(-2.1098945e-10 0.0073282366 0 -0.00061714747 0 0)
(2.6108678e-10 0.005233508 0 -0.0003146046 0 0)
(-1.3582826e-10 0.0031384902 0 -0.00011310411 0 0)
(1.4920279e-10 0.0010457626 0 -1.255474e-05 0 0)
(1.2471382e-10 -0.0010457627 0 -1.2554736e-05 0 0)
(-1.3619762e-10 -0.0031384903 0 -0.0001131041 0 0)
(2.5175857e-10 -0.005233508 0 -0.00031460458 0 0)
(-2.2407874e-10 -0.0073282366 0 -0.00061714746 0 0)
(8.8398483e-11 0.0073282368 0 -0.00061714749 0 0)
(-3.378099e-10 0.005233508 0 -0.00031460461 0 0)
(2.1945682e-10 0.0031384902 0 -0.00011310411 0 0)
(7.7238612e-12 0.0010457626 0 -1.2554729e-05 0 0)
(2.4711941e-11 -0.0010457627 0 -1.2554725e-05 0 0)
(1.9908938e-10 -0.0031384902 0 -0.0001131041 0 0)
(-3.5469872e-10 -0.005233508 0 -0.00031460459 0 0)
(8.4132645e-11 -0.0073282368 0 -0.00061714748 0 0)
(-1.9907931e-10 0.0073282366 0 -0.00061714748 0 0)
(2.7255751e-10 0.0052335079 0 -0.00031460461 0 0)
(-1.4101954e-10 0.0031384902 0 -0.00011310411 0 0)
(1.2863084e-10 0.0010457626 0 -1.2554719e-05 0 0)
(1.046793e-10 -0.0010457626 0 -1.2554715e-05 0 0)
(-1.4002311e-10 -0.0031384903 0 -0.0001131041 0 0)
(2.6471455e-10 -0.0052335079 0 -0.0003146046 0 0)
(-2.1132502e-10 -0.0073282366 0 -0.00061714747 0 0)
(9.9712803e-11 0.0073282368 0 -0.0006171475 0 0)
(-3.2624777e-10 0.005233508 0 -0.00031460462 0 0)
(2.1420215e-10 0.0031384902 0 -0.00011310411 0 0)
(-1.1971761e-11 0.0010457626 0 -1.2554709e-05 0 0)
(5.544525e-12 -0.0010457627 0 -1.2554706e-05 0 0)
(1.9514559e-10 -0.0031384902 0 -0.0001131041 0 0)
(-3.417255e-10 -0.0052335079 0 -0.00031460461 0 0)
(9.6228033e-11 -0.0073282368 0 -0.00061714749 0 0)
(-1.8796275e-10 0.0073282367 0 -0.00061714749 0 0)
(2.8337788e-10 0.0052335079 0 -0.00031460463 0 0)
(-1.4580445e-10 0.0031384902 0 -0.00011310411 0 0)
(1.093539e-10 0.0010457626 0 -1.2554699e-05 0 0)
(8.5871779e-11 -0.0010457626 0 -1.2554696e-05 0 0)
(-1.4361267e-10 -0.0031384903 0 -0.0001131041 0 0)
(2.768483e-10 -0.0052335079 0 -0.00031460461 0 0)
(-1.9944546e-10 -0.0073282366 0 -0.00061714749 0 0)
(1.1029228e-10 0.0073282369 0 -0.00061714751 0 0)
(-3.1532766e-10 0.0052335079 0 -0.00031460463 0 0)
(2.0935528e-10 0.0031384902 0 -0.00011310411 0 0)
(-3.0464604e-11 0.0010457626 0 -1.255469e-05 0 0)
(-1.249291e-11 -0.0010457627 0 -1.2554687e-05 0 0)
(1.9144577e-10 -0.0031384902 0 -0.0001131041 0 0)
(-3.2955593e-10 -0.0052335079 0 -0.00031460462 0 0)
(1.0750965e-10 -0.0073282368 0 -0.00061714751 0 0)
(-1.7755264e-10 0.0073282367 0 -0.0006171475 0 0)
(2.9362066e-10 0.0052335079 0 -0.00031460464 0 0)
(-1.5022327e-10 0.0031384902 0 -0.00011310411 0 0)
(9.1229199e-11 0.0010457626 0 -1.2554681e-05 0 0)
(6.8154639e-11 -0.0010457626 0 -1.2554678e-05 0 0)
(-1.4699114e-10 -0.0031384902 0 -0.0001131041 0 0)
(2.8824669e-10 -0.0052335079 0 -0.00031460463 0 0)
(-1.8834842e-10 -0.0073282366 0 -0.0006171475 0 0)
(1.2021923e-10 0.0073282369 0 -0.00061714752 0 0)
(-3.0497957e-10 0.0052335079 0 -0.00031460465 0 0)
(2.0487654e-10 0.0031384902 0 -0.00011310411 0 0)
(-4.788848e-11 0.0010457626 0 -1.2554672e-05 0 0)
(-2.95267e-11 -0.0010457627 0 -1.255467e-05 0 0)
(1.8796491e-10 -0.0031384902 0 -0.0001131041 0 0)
(-3.1810647e-10 -0.0052335079 0 -0.00031460464 0 0)
(1.1806503e-10 -0.0073282368 0 -0.00061714752 0 0)
(-1.6777041e-10 0.0073282367 0 -0.00061714751 0 0)
(3.0335061e-10 0.0052335079 0 -0.00031460465 0 0)
(-1.5431325e-10 0.0031384902 0 -0.00011310411 0 0)
(7.4129057e-11 0.0010457626 0 -1.2554664e-05 0 0)
(5.1405787e-11 -0.0010457626 0 -1.2554661e-05 0 0)
(-1.5018171e-10 -0.0031384902 0 -0.0001131041 0 0)
(2.9898714e-10 -0.0052335079 0 -0.00031460464 0 0)
(-1.7794955e-10 -0.0073282366 0 -0.00061714751 0 0)
(1.2956765e-10 0.0073282369 0 -0.00061714753 0 0)
(-2.9514127e-10 0.0052335079 0 -0.00031460466 0 0)
(2.0072952e-10 0.0031384902 0 -0.00011310411 0 0)
(-6.4362777e-11 0.0010457626 0 -1.2554656e-05 0 0)
(-4.5669602e-11 -0.0010457627 0 -1.2554653e-05 0 0)
(1.8467959e-10 -0.0031384902 0 -0.0001131041 0 0)
(-3.0730023e-10 -0.0052335079 0 -0.00031460465 0 0)
(1.2797457e-10 -0.0073282368 0 -0.00061714752 0 0)
(-1.5854562e-10 0.0073282367 0 -0.00061714752 0 0)
(3.1262483e-10 0.0052335079 0 -0.00031460466 0 0)
(-1.581087e-10 0.0031384902 0 -0.00011310411 0 0)
(5.7939901e-11 0.0010457626 0 -1.2554647e-05 0 0)
(3.5516515e-11 -0.0010457626 0 -1.2554645e-05 0 0)
(-1.5320612e-10 -0.0031384902 0 -0.0001131041 0 0)
(3.0914655e-10 -0.0052335079 0 -0.00031460466 0 0)
(-1.6817177e-10 -0.0073282366 0 -0.00061714751 0 0)
(1.3840407e-10 0.0073282369 0 -0.00061714754 0 0)
(-2.8575721e-10 0.0052335079 0 -0.00031460467 0 0)
(1.9688077e-10 0.0031384902 0 -0.00011310411 0 0)
(-7.9993209e-11 0.0010457626 0 -1.255464e-05 0 0)
(-6.1021881e-11 -0.0010457627 0 -1.2554638e-05 0 0)
(1.8156811e-10 -0.0031384902 0 -0.0001131041 0 0)
(-2.9706206e-10 -0.0052335079 0 -0.00031460466 0 0)
(1.3731009e-10 -0.0073282368 0 -0.00061714753 0 0)
(-1.4981493e-10 0.0073282367 0 -0.00061714752 0 0)
(3.2149642e-10 0.0052335078 0 -0.00031460468 0 0)
(-1.6164048e-10 0.0031384902 0 -0.00011310411 0 0)
(4.2561178e-11 0.0010457626 0 -1.2554632e-05 0 0)
(2.0390412e-11 -0.0010457627 0 -1.255463e-05 0 0)
(-1.5608457e-10 -0.0031384902 0 -0.0001131041 0 0)
(3.1880745e-10 -0.0052335078 0 -0.00031460467 0 0)
(-1.5894706e-10 -0.0073282366 0 -0.00061714752 0 0)
(1.4678785e-10 0.0073282368 0 -0.00061714754 0 0)
(-2.7677334e-10 0.0052335079 0 -0.00031460468 0 0)
(1.9330017e-10 0.0031384902 0 -0.00011310411 0 0)
(-9.4873688e-11 0.0010457626 0 -1.2554625e-05 0 0)
(-7.5672429e-11 -0.0010457627 0 -1.2554623e-05 0 0)
(1.786101e-10 -0.0031384902 0 -0.0001131041 0 0)
(-2.8732584e-10 -0.0052335079 0 -0.00031460468 0 0)
(1.4613638e-10 -0.0073282368 0 -0.00061714754 0 0)
(-1.4152114e-10 0.0073282366 0 -0.00061714753 0 0)
(3.3001847e-10 0.0052335078 0 -0.00031460469 0 0)
(-1.6493578e-10 0.0031384902 0 -0.00011310411 0 0)
(2.7903432e-11 0.0010457626 0 -1.2554617e-05 0 0)
(5.9415684e-12 -0.0010457627 0 -1.2554615e-05 0 0)
(-1.5883532e-10 -0.0031384903 0 -0.00011310411 0 0)
(3.280334e-10 -0.0052335078 0 -0.00031460468 0 0)
(-1.5021369e-10 -0.0073282366 0 -0.00061714752 0 0)
(1.5477137e-10 0.0073282368 0 -0.00061714755 0 0)
(-2.6813785e-10 0.0052335079 0 -0.0003146047 0 0)
(1.8996164e-10 0.0031384902 0 -0.00011310411 0 0)
(-1.0908749e-10 0.0010457627 0 -1.255461e-05 0 0)
(-8.9700741e-11 -0.0010457628 0 -1.2554609e-05 0 0)
(1.7578784e-10 -0.0031384902 0 -0.00011310411 0 0)
(-2.7804188e-10 -0.0052335078 0 -0.00031460469 0 0)
(1.5451164e-10 -0.0073282368 0 -0.00061714754 0 0)
(-1.3361376e-10 0.0073282366 0 -0.00061714753 0 0)
(3.3824303e-10 0.0052335078 0 -0.0003146047 0 0)
(-1.6801918e-10 0.0031384902 0 -0.00011310411 0 0)
(1.3888041e-11 0.0010457626 0 -1.2554603e-05 0 0)
(-7.9061528e-12 -0.0010457627 0 -1.2554602e-05 0 0)
(-1.6147437e-10 -0.0031384903 0 -0.00011310411 0 0)
(3.3685735e-10 -0.0052335078 0 -0.00031460469 0 0)
(-1.4191671e-10 -0.0073282366 0 -0.00061714753 0 0)
(1.6240082e-10 0.0073282368 0 -0.00061714755 0 0)
(-2.5980695e-10 0.0052335078 0 -0.00031460471 0 0)
(1.8684044e-10 0.0031384902 0 -0.00011310411 0 0)
(-1.2270637e-10 0.0010457627 0 -1.2554597e-05 0 0)
(-1.0317697e-10 -0.0010457628 0 -1.2554595e-05 0 0)
(1.7308452e-10 -0.0031384903 0 -0.00011310411 0 0)
(-2.6917267e-10 -0.0052335078 0 -0.0003146047 0 0)
(1.6248749e-10 -0.0073282368 0 -0.00061714754 0 0)
(-1.2604702e-10 0.0073282366 0 -0.00061714753 0 0)
(3.4620662e-10 0.0052335078 0 -0.00031460471 0 0)
(-1.7091408e-10 0.0031384903 0 -0.00011310412 0 0)
(4.4636996e-13 0.0010457627 0 -1.255459e-05 0 0)
(-2.1220208e-11 -0.0010457627 0 -1.2554588e-05 0 0)
(-1.6401881e-10 -0.0031384903 0 -0.00011310411 0 0)
(3.4530776e-10 -0.0052335078 0 -0.00031460471 0 0)
(-1.3400674e-10 -0.0073282366 0 -0.00061714753 0 0)
(1.6971657e-10 0.0073282368 0 -0.00061714755 0 0)
(-2.5174719e-10 0.0052335078 0 -0.00031460472 0 0)
(1.839145e-10 0.0031384903 0 -0.00011310412 0 0)
(-1.3579711e-10 0.0010457627 0 -1.2554584e-05 0 0)
(-1.1616318e-10 -0.0010457628 0 -1.2554583e-05 0 0)
(1.7048247e-10 -0.0031384903 0 -0.00011310411 0 0)
(-2.6068232e-10 -0.0052335078 0 -0.00031460471 0 0)
(1.7011052e-10 -0.0073282368 0 -0.00061714755 0 0)
(-1.1877932e-10 0.0073282366 0 -0.00061714753 0 0)
(3.5393212e-10 0.0052335078 0 -0.00031460472 0 0)
(-1.7363968e-10 0.0031384903 0 -0.00011310412 0 0)
(-1.2486939e-11 0.0010457627 0 -1.2554577e-05 0 0)
(-3.4061734e-11 -0.0010457627 0 -1.2554576e-05 0 0)
(-1.6648409e-10 -0.0031384903 0 -0.00011310412 0 0)
(3.5341857e-10 -0.0052335078 0 -0.00031460472 0 0)
(-1.2643921e-10 -0.0073282366 0 -0.00061714753 0 0)
(1.7675701e-10 0.0073282368 0 -0.00061714755 0 0)
(-2.4393391e-10 0.0052335078 0 -0.00031460473 0 0)
(1.8116499e-10 0.0031384903 0 -0.00011310412 0 0)
(-1.4842079e-10 0.0010457627 0 -1.2554571e-05 0 0)
(-1.2871836e-10 -0.0010457628 0 -1.255457e-05 0 0)
(1.6796737e-10 -0.0031384903 0 -0.00011310412 0 0)
(-2.5253342e-10 -0.0052335078 0 -0.00031460473 0 0)
(1.7742272e-10 -0.0073282367 0 -0.00061714755 0 0)
(-1.1177213e-10 0.0073282366 0 -0.00061714753 0 0)
(3.6144087e-10 0.0052335078 0 -0.00031460473 0 0)
(-1.7621381e-10 0.0031384903 0 -0.00011310412 0 0)
(-2.4969795e-11 0.0010457627 0 -1.2554565e-05 0 0)
(-4.6488321e-11 -0.0010457627 0 -1.2554564e-05 0 0)
(-1.6888353e-10 -0.0031384904 0 -0.00011310412 0 0)
(3.6122584e-10 -0.0052335078 0 -0.00031460473 0 0)
(-1.1917371e-10 -0.0073282366 0 -0.00061714753 0 0)
(1.8355958e-10 0.0073282368 0 -0.00061714755 0 0)
(-2.3634177e-10 0.0052335079 0 -0.00031460474 0 0)
(1.7857409e-10 0.0031384903 0 -0.00011310412 0 0)
(-1.6063236e-10 0.0010457627 0 -1.255456e-05 0 0)
(-1.4089603e-10 -0.0010457628 0 -1.2554559e-05 0 0)
(1.6552495e-10 -0.0031384904 0 -0.00011310412 0 0)
(-2.446887e-10 -0.0052335078 0 -0.00031460474 0 0)
(1.844622e-10 -0.0073282367 0 -0.00061714755 0 0)
(-1.0498899e-10 0.0073282365 0 -0.00061714753 0 0)
(3.6875883e-10 0.0052335078 0 -0.00031460475 0 0)
(-1.7865197e-10 0.0031384904 0 -0.00011310413 0 0)
(-3.7057615e-11 0.0010457627 0 -1.2554554e-05 0 0)
(-5.8554488e-11 -0.0010457628 0 -1.2554552e-05 0 0)
(-1.7122927e-10 -0.0031384904 0 -0.00011310412 0 0)
(3.6876504e-10 -0.0052335078 0 -0.00031460474 0 0)
(-1.1217271e-10 -0.0073282365 0 -0.00061714753 0 0)
(1.9016109e-10 0.0073282367 0 -0.00061714755 0 0)
(-2.2894221e-10 0.0052335079 0 -0.00031460475 0 0)
(1.7612728e-10 0.0031384904 0 -0.00011310413 0 0)
(-1.7248674e-10 0.0010457628 0 -1.2554548e-05 0 0)
(-1.5274987e-10 -0.0010457628 0 -1.2554547e-05 0 0)
(1.6314419e-10 -0.0031384904 0 -0.00011310413 0 0)
(-2.3711294e-10 -0.0052335079 0 -0.00031460475 0 0)
(1.912649e-10 -0.0073282367 0 -0.00061714754 0 0)
(-9.8395504e-11 0.0073282365 0 -0.00061714753 0 0)
(3.7591512e-10 0.0052335078 0 -0.00031460476 0 0)
(-1.8096704e-10 0.0031384904 0 -0.00011310413 0 0)
(-4.8807337e-11 0.0010457628 0 -1.2554543e-05 0 0)
(-7.0316095e-11 -0.0010457628 0 -1.2554541e-05 0 0)
(-1.7353106e-10 -0.0031384904 0 -0.00011310413 0 0)
(3.7607046e-10 -0.0052335078 0 -0.00031460475 0 0)
(-1.0540065e-10 -0.0073282365 0 -0.00061714753 0 0)
(1.965964e-10 0.0073282367 0 -0.00061714755 0 0)
(-2.2170278e-10 0.0052335079 0 -0.00031460477 0 0)
(1.738104e-10 0.0031384904 0 -0.00011310413 0 0)
(-1.8404156e-10 0.0010457628 0 -1.2554538e-05 0 0)
(-1.6433589e-10 -0.0010457629 0 -1.2554536e-05 0 0)
(1.6081359e-10 -0.0031384905 0 -0.00011310413 0 0)
(-2.2976897e-10 -0.0052335079 0 -0.00031460476 0 0)
(1.9786529e-10 -0.0073282367 0 -0.00061714754 0 0)
(-9.1958221e-11 0.0073282365 0 -0.00061714753 0 0)
(3.8294348e-10 0.0052335078 0 -0.00031460477 0 0)
(-1.8317308e-10 0.0031384905 0 -0.00011310414 0 0)
(-6.0277426e-11 0.0010457628 0 -1.2554532e-05 0 0)
(-8.1830259e-11 -0.0010457628 0 -1.2554531e-05 0 0)
(-1.7579929e-10 -0.0031384905 0 -0.00011310413 0 0)
(3.8318002e-10 -0.0052335078 0 -0.00031460477 0 0)
(-9.8822432e-11 -0.0073282365 0 -0.00061714753 0 0)
(2.0290007e-10 0.0073282367 0 -0.00061714754 0 0)
(-2.1458709e-10 0.0052335079 0 -0.00031460478 0 0)
(1.716084e-10 0.0031384905 0 -0.00011310414 0 0)
(-1.9535738e-10 0.0010457628 0 -1.2554527e-05 0 0)
(-1.7571289e-10 -0.0010457629 0 -1.2554526e-05 0 0)
(1.5852352e-10 -0.0031384905 0 -0.00011310414 0 0)
(-2.2261624e-10 -0.0052335079 0 -0.00031460477 0 0)
(2.0429841e-10 -0.0073282366 0 -0.00061714754 0 0)
(-8.5643204e-11 0.0073282364 0 -0.00061714752 0 0)
(3.8988202e-10 0.0052335079 0 -0.00031460478 0 0)
(-1.8528442e-10 0.0031384905 0 -0.00011310414 0 0)
(-7.1533189e-11 0.0010457628 0 -1.2554522e-05 0 0)
(-9.3160097e-11 -0.0010457629 0 -1.255452e-05 0 0)
(-1.7804203e-10 -0.0031384905 0 -0.00011310414 0 0)
(3.9013581e-10 -0.0052335079 0 -0.00031460478 0 0)
(-9.2401693e-11 -0.0073282364 0 -0.00061714752 0 0)
(2.0910666e-10 0.0073282366 0 -0.00061714754 0 0)
(-2.0755224e-10 0.0052335079 0 -0.00031460479 0 0)
(1.6950647e-10 0.0031384906 0 -0.00011310415 0 0)
(-2.0650418e-10 0.0010457629 0 -1.2554517e-05 0 0)
(-1.8694753e-10 -0.0010457629 0 -1.2554516e-05 0 0)
(1.5626586e-10 -0.0031384906 0 -0.00011310414 0 0)
(-2.1560773e-10 -0.0052335079 0 -0.00031460479 0 0)
(2.1060095e-10 -0.0073282366 0 -0.00061714753 0 0)
(-7.9414668e-11 0.0073282364 0 -0.00061714752 0 0)
(3.9677949e-10 0.0052335079 0 -0.0003146048 0 0)
(-1.8731525e-10 0.0031384906 0 -0.00011310415 0 0)
(-8.2650797e-11 0.0010457629 0 -1.2554512e-05 0 0)
(-1.0437742e-10 -0.0010457629 0 -1.255451e-05 0 0)
(-1.8026571e-10 -0.0031384906 0 -0.00011310415 0 0)
(3.9698772e-10 -0.0052335079 0 -0.00031460479 0 0)
(-8.6099019e-11 -0.0073282364 0 -0.00061714752 0 0)
(2.1525322e-10 0.0073282366 0 -0.00061714753 0 0)
(-2.0054471e-10 0.0052335079 0 -0.0003146048 0 0)
(1.6748883e-10 0.0031384906 0 -0.00011310415 0 0)
(-2.1756458e-10 0.0010457629 0 -1.2554507e-05 0 0)
(-1.9811755e-10 -0.0010457629 0 -1.2554506e-05 0 0)
(1.5403422e-10 -0.0031384906 0 -0.00011310415 0 0)
(-2.0868687e-10 -0.0052335079 0 -0.0003146048 0 0)
(2.1681403e-10 -0.0073282365 0 -0.00061714753 0 0)
(-7.3232381e-11 0.0073282364 0 -0.00061714751 0 0)
(4.0369698e-10 0.0052335079 0 -0.00031460481 0 0)
(-1.8928188e-10 0.0031384907 0 -0.00011310416 0 0)
(-9.3721646e-11 0.0010457629 0 -1.2554502e-05 0 0)
(-1.1556929e-10 -0.0010457629 0 -1.2554501e-05 0 0)
(-1.8247471e-10 -0.0031384907 0 -0.00011310415 0 0)
(4.037969e-10 -0.0052335079 0 -0.0003146048 0 0)
(-7.9869256e-11 -0.0073282363 0 -0.00061714751 0 0)
(2.2138169e-10 0.0073282365 0 -0.00061714753 0 0)
(-1.9350203e-10 0.0052335079 0 -0.00031460482 0 0)
(1.6553687e-10 0.0031384907 0 -0.00011310416 0 0)
(-2.2863922e-10 0.0010457629 0 -1.2554497e-05 0 0)
(-2.0931809e-10 -0.001045763 0 -1.2554496e-05 0 0)
(1.5182429e-10 -0.0031384907 0 -0.00011310416 0 0)
(-2.0178403e-10 -0.0052335079 0 -0.00031460481 0 0)
(2.2298523e-10 -0.0073282365 0 -0.00061714752 0 0)
(-6.7050781e-11 0.0073282363 0 -0.00061714751 0 0)
(4.1070337e-10 0.0052335079 0 -0.00031460482 0 0)
(-1.9120274e-10 0.0031384907 0 -0.00011310416 0 0)
(-1.0485736e-10 0.0010457629 0 -1.2554492e-05 0 0)
(-1.2684109e-10 -0.001045763 0 -1.2554491e-05 0 0)
(-1.8467178e-10 -0.0031384907 0 -0.00011310416 0 0)
(4.106386e-10 -0.0052335079 0 -0.00031460482 0 0)
(-7.3659846e-11 -0.0073282363 0 -0.0006171475 0 0)
(2.2754004e-10 0.0073282365 0 -0.00061714752 0 0)
(-1.8635276e-10 0.0052335079 0 -0.00031460483 0 0)
(1.6363034e-10 0.0031384908 0 -0.00011310417 0 0)
(-2.3985169e-10 0.001045763 0 -1.2554488e-05 0 0)
(-2.2066556e-10 -0.001045763 0 -1.2554486e-05 0 0)
(1.4963225e-10 -0.0031384908 0 -0.00011310416 0 0)
(-1.9481364e-10 -0.0052335079 0 -0.00031460483 0 0)
(2.2917061e-10 -0.0073282365 0 -0.00061714751 0 0)
(-6.0815707e-11 0.0073282363 0 -0.0006171475 0 0)
(4.1786864e-10 0.0052335079 0 -0.00031460484 0 0)
(-1.9309834e-10 0.0031384908 0 -0.00011310417 0 0)
(-1.1619589e-10 0.001045763 0 -1.2554483e-05 0 0)
(-1.3832297e-10 -0.001045763 0 -1.2554481e-05 0 0)
(-1.8685896e-10 -0.0031384908 0 -0.00011310417 0 0)
(4.1760551e-10 -0.0052335079 0 -0.00031460483 0 0)
(-6.7407769e-11 -0.0073282363 0 -0.0006171475 0 0)
(2.3378651e-10 0.0073282364 0 -0.00061714751 0 0)
(-1.7901486e-10 0.005233508 0 -0.00031460484 0 0)
(1.6174588e-10 0.0031384908 0 -0.00011310418 0 0)
(-2.5135488e-10 0.001045763 0 -1.2554478e-05 0 0)
(-2.3230394e-10 -0.0010457631 0 -1.2554476e-05 0 0)
(1.474555e-10 -0.0031384908 0 -0.00011310417 0 0)
(-1.8766969e-10 -0.005233508 0 -0.00031460484 0 0)
(2.3543791e-10 -0.0073282364 0 -0.00061714751 0 0)
(-5.4461786e-11 0.0073282362 0 -0.00061714749 0 0)
(4.2527625e-10 0.0052335079 0 -0.00031460485 0 0)
(-1.9499217e-10 0.0031384909 0 -0.00011310418 0 0)
(-1.2790734e-10 0.001045763 0 -1.2554473e-05 0 0)
(-1.5017551e-10 -0.0010457631 0 -1.2554471e-05 0 0)
(-1.8903722e-10 -0.0031384909 0 -0.00011310418 0 0)
(4.2481311e-10 -0.0052335079 0 -0.00031460484 0 0)
(-6.1037679e-11 -0.0073282362 0 -0.00061714749 0 0)
(2.4019066e-10 0.0073282364 0 -0.0006171475 0 0)
(-1.713857e-10 0.005233508 0 -0.00031460486 0 0)
(1.5985714e-10 0.0031384909 0 -0.00011310419 0 0)
(-2.6333714e-10 0.0010457631 0 -1.2554468e-05 0 0)
(-2.44411e-10 -0.0010457631 0 -1.2554466e-05 0 0)
(1.4529098e-10 -0.0031384909 0 -0.00011310418 0 0)
(-1.802217e-10 -0.005233508 0 -0.00031460485 0 0)
(2.4186844e-10 -0.0073282363 0 -0.0006171475 0 0)
(-4.7909891e-11 0.0073282361 0 -0.00061714748 0 0)
(4.3303739e-10 0.005233508 0 -0.00031460487 0 0)
(-1.9691092e-10 0.003138491 0 -0.00011310419 0 0)
(-1.4020076e-10 0.0010457631 0 -1.2554462e-05 0 0)
(-1.6259749e-10 -0.0010457631 0 -1.255446e-05 0 0)
(-1.9120868e-10 -0.003138491 0 -0.00011310419 0 0)
(4.3240369e-10 -0.005233508 0 -0.00031460486 0 0)
(-5.4458068e-11 -0.0073282361 0 -0.00061714748 0 0)
(2.4683848e-10 0.0073282363 0 -0.00061714749 0 0)
(-1.633332e-10 0.005233508 0 -0.00031460488 0 0)
(1.5793435e-10 0.003138491 0 -0.0001131042 0 0)
(-2.7602912e-10 0.0010457631 0 -1.2554457e-05 0 0)
(-2.5720748e-10 -0.0010457631 0 -1.2554455e-05 0 0)
(1.4313457e-10 -0.003138491 0 -0.00011310419 0 0)
(-1.7230937e-10 -0.005233508 0 -0.00031460487 0 0)
(2.4856098e-10 -0.0073282363 0 -0.00061714749 0 0)
(-4.1062431e-11 0.0073282361 0 -0.00061714747 0 0)
(4.4129748e-10 0.005233508 0 -0.00031460488 0 0)
(-1.9888386e-10 0.0031384911 0 -0.0001131042 0 0)
(-1.5333105e-10 0.0010457631 0 -1.2554451e-05 0 0)
(-1.7583413e-10 -0.0010457632 0 -1.2554449e-05 0 0)
(-1.9337666e-10 -0.0031384911 0 -0.0001131042 0 0)
(4.4055103e-10 -0.005233508 0 -0.00031460488 0 0)
(-4.755856e-11 -0.0073282361 0 -0.00061714747 0 0)
(2.538356e-10 0.0073282363 0 -0.00061714748 0 0)
(-1.5468993e-10 0.005233508 0 -0.00031460489 0 0)
(1.5594519e-10 0.0031384911 0 -0.00011310421 0 0)
(-2.8971111e-10 0.0010457632 0 -1.2554445e-05 0 0)
(-2.7096337e-10 -0.0010457632 0 -1.2554443e-05 0 0)
(1.4097882e-10 -0.0031384911 0 -0.0001131042 0 0)
(-1.637386e-10 -0.005233508 0 -0.00031460489 0 0)
(2.5563415e-10 -0.0073282362 0 -0.00061714748 0 0)
(-3.3801485e-11 0.007328236 0 -0.00061714746 0 0)
(4.5024072e-10 0.005233508 0 -0.0003146049 0 0)
(-2.0094241e-10 0.0031384911 0 -0.00011310421 0 0)
(-1.6760672e-10 0.0010457632 0 -1.2554439e-05 0 0)
(-1.9018423e-10 -0.0010457632 0 -1.2554436e-05 0 0)
(-1.9554877e-10 -0.0031384912 0 -0.00011310421 0 0)
(4.494636e-10 -0.005233508 0 -0.00031460489 0 0)
(-4.0208056e-11 -0.007328236 0 -0.00061714746 0 0)
(2.6130892e-10 0.0073282362 0 -0.00061714747 0 0)
(-1.4524633e-10 0.0052335081 0 -0.00031460491 0 0)
(1.5385484e-10 0.0031384912 0 -0.00011310422 0 0)
(-3.0472057e-10 0.0010457632 0 -1.2554432e-05 0 0)
(-2.8600712e-10 -0.0010457632 0 -1.255443e-05 0 0)
(1.3881148e-10 -0.0031384912 0 -0.00011310421 0 0)
(-1.5427704e-10 -0.0052335081 0 -0.0003146049 0 0)
(2.6322791e-10 -0.0073282362 0 -0.00061714747 0 0)
(-2.5982012e-11 0.007328236 0 -0.00061714745 0 0)
(4.6009276e-10 0.0052335081 0 -0.00031460492 0 0)
(-2.0312007e-10 0.0031384912 0 -0.00011310422 0 0)
(-1.8339774e-10 0.0010457632 0 -1.2554425e-05 0 0)
(-2.0600919e-10 -0.0010457633 0 -1.2554423e-05 0 0)
(-1.9773693e-10 -0.0031384913 0 -0.00011310422 0 0)
(4.5939071e-10 -0.0052335081 0 -0.00031460491 0 0)
(-3.2252374e-11 -0.007328236 0 -0.00061714745 0 0)
(2.6941674e-10 0.0073282361 0 -0.00061714746 0 0)
(-1.3474995e-10 0.0052335081 0 -0.00031460493 0 0)
(1.5162681e-10 0.0031384913 0 -0.00011310423 0 0)
(-3.2146204e-10 0.0010457633 0 -1.2554417e-05 0 0)
(-3.0273462e-10 -0.0010457633 0 -1.2554415e-05 0 0)
(1.3661518e-10 -0.0031384913 0 -0.00011310422 0 0)
(-1.4365037e-10 -0.0052335081 0 -0.00031460492 0 0)
(2.7150745e-10 -0.0073282361 0 -0.00061714746 0 0)
(-1.7427427e-11 0.0073282359 0 -0.00061714744 0 0)
(4.7112754e-10 0.0052335081 0 -0.00031460494 0 0)
(-2.0545196e-10 0.0031384914 0 -0.00011310423 0 0)
(-2.0114685e-10 0.0010457633 0 -1.255441e-05 0 0)
(-2.2374407e-10 -0.0010457633 0 -1.2554407e-05 0 0)
(-1.9995904e-10 -0.0031384914 0 -0.00011310423 0 0)
(4.7062108e-10 -0.0052335081 0 -0.00031460493 0 0)
(-2.3508008e-11 -0.0073282359 0 -0.00061714744 0 0)
(2.7834952e-10 0.007328236 0 -0.00061714745 0 0)
(-1.228941e-10 0.0052335081 0 -0.00031460495 0 0)
(1.4922132e-10 0.0031384914 0 -0.00011310424 0 0)
(-3.4041757e-10 0.0010457634 0 -1.2554401e-05 0 0)
(-3.2161993e-10 -0.0010457634 0 -1.2554399e-05 0 0)
(1.3436567e-10 -0.0031384914 0 -0.00011310423 0 0)
(-1.3154113e-10 -0.0052335081 0 -0.00031460495 0 0)
(2.8066901e-10 -0.007328236 0 -0.00061714745 0 0)
(-7.9253416e-12 0.0073282358 0 -0.00061714743 0 0)
(4.8367686e-10 0.0052335081 0 -0.00031460496 0 0)
(-2.0797738e-10 0.0031384915 0 -0.00011310425 0 0)
(-2.2137918e-10 0.0010457634 0 -1.2554392e-05 0 0)
(-2.4390598e-10 -0.0010457634 0 -1.2554389e-05 0 0)
(-2.0223803e-10 -0.0031384915 0 -0.00011310424 0 0)
(4.8349555e-10 -0.0052335081 0 -0.00031460496 0 0)
(-1.3761015e-11 -0.0073282358 0 -0.00061714742 0 0)
(2.883357e-10 0.007328236 0 -0.00061714744 0 0)
(-1.0931037e-10 0.0052335082 0 -0.00031460497 0 0)
(1.4659222e-10 0.0031384915 0 -0.00011310425 0 0)
(-3.6215773e-10 0.0010457634 0 -1.2554381e-05 0 0)
(-3.4322489e-10 -0.0010457634 0 -1.2554379e-05 0 0)
(1.3203465e-10 -0.0031384915 0 -0.00011310425 0 0)
(-1.1757262e-10 -0.0052335082 0 -0.00031460497 0 0)
(2.9093972e-10 -0.0073282359 0 -0.00061714743 0 0)
(2.7772858e-12 0.0073282357 0 -0.00061714741 0 0)
(4.9813448e-10 0.0052335082 0 -0.00031460499 0 0)
(-2.1074379e-10 0.0031384916 0 -0.00011310426 0 0)
(-2.4471552e-10 0.0010457634 0 -1.2554371e-05 0 0)
(-2.6710569e-10 -0.0010457634 0 -1.2554368e-05 0 0)
(-2.0460008e-10 -0.0031384916 0 -0.00011310425 0 0)
(4.9841628e-10 -0.0052335082 0 -0.00031460498 0 0)
(-2.762137e-12 -0.0073282357 0 -0.00061714741 0 0)
(2.9964713e-10 0.0073282359 0 -0.00061714743 0 0)
(-9.3566546e-11 0.0052335082 0 -0.000314605 0 0)
(1.4368249e-10 0.0031384917 0 -0.00011310427 0 0)
(-3.8735652e-10 0.0010457635 0 -1.2554358e-05 0 0)
(-3.6820983e-10 -0.0010457635 0 -1.2554357e-05 0 0)
(1.2959133e-10 -0.0031384917 0 -0.00011310426 0 0)
(-1.0130188e-10 -0.0052335082 0 -0.000314605 0 0)
(3.0258601e-10 -0.0073282359 0 -0.00061714742 0 0)
(1.4979224e-11 0.0073282356 0 -0.0006171474 0 0)
(5.1495887e-10 0.0052335082 0 -0.00031460501 0 0)
(-2.1381257e-10 0.0031384917 0 -0.00011310427 0 0)
(-2.718883e-10 0.0010457635 0 -1.2554346e-05 0 0)
(-2.9405683e-10 -0.0010457635 0 -1.2554344e-05 0 0)
(-2.0706978e-10 -0.0031384917 0 -0.00011310427 0 0)
(5.1585875e-10 -0.0052335082 0 -0.00031460501 0 0)
(9.78045e-12 -0.0073282356 0 -0.0006171474 0 0)
(3.1260212e-10 0.0073282358 0 -0.00061714741 0 0)
(-7.5162884e-11 0.0052335083 0 -0.00031460503 0 0)
(1.4041641e-10 0.0031384918 0 -0.00011310428 0 0)
(-4.1680882e-10 0.0010457636 0 -1.2554331e-05 0 0)
(-3.9734426e-10 -0.0010457636 0 -1.255433e-05 0 0)
(1.2701038e-10 -0.0031384918 0 -0.00011310428 0 0)
(-8.2203542e-11 -0.0052335083 0 -0.00031460503 0 0)
(3.1592046e-10 -0.0073282358 0 -0.00061714741 0 0)
(2.9028478e-11 0.0073282355 0 -0.00061714739 0 0)
(5.3467561e-10 0.0052335082 0 -0.00031460504 0 0)
(-2.1726842e-10 0.0031384919 0 -0.00011310429 0 0)
(-3.0375945e-10 0.0010457636 0 -1.2554316e-05 0 0)
(-3.2558861e-10 -0.0010457636 0 -1.2554314e-05 0 0)
(-2.0966243e-10 -0.0031384919 0 -0.00011310428 0 0)
(5.3638946e-10 -0.0052335083 0 -0.00031460504 0 0)
(2.4209683e-11 -0.0073282355 0 -0.00061714739 0 0)
(3.2757034e-10 0.0073282357 0 -0.0006171474 0 0)
(-5.353128e-11 0.0052335083 0 -0.00031460506 0 0)
(1.3668995e-10 0.003138492 0 -0.00011310429 0 0)
(-4.5144856e-10 0.0010457637 0 -1.2554299e-05 0 0)
(-4.3151991e-10 -0.0010457637 0 -1.2554298e-05 0 0)
(1.242777e-10 -0.003138492 0 -0.00011310429 0 0)
(-5.9650794e-11 -0.0052335083 0 -0.00031460506 0 0)
(3.3131188e-10 -0.0073282357 0 -0.0006171474 0 0)
(4.5325715e-11 0.0073282354 0 -0.00061714738 0 0)
(5.5787916e-10 0.0052335083 0 -0.00031460508 0 0)
(-2.2122819e-10 0.0031384921 0 -0.0001131043 0 0)
(-3.4133954e-10 0.0010457637 0 -1.2554281e-05 0 0)
(-3.6265794e-10 -0.0010457637 0 -1.255428e-05 0 0)
(-2.1237858e-10 -0.0031384921 0 -0.0001131043 0 0)
(5.6068575e-10 -0.0052335083 0 -0.00031460508 0 0)
(4.0930394e-11 -0.0073282354 0 -0.00061714737 0 0)
(3.449753e-10 0.0073282355 0 -0.00061714739 0 0)
(-2.8032493e-11 0.0052335084 0 -0.0003146051 0 0)
(1.3236283e-10 0.0031384922 0 -0.00011310431 0 0)
(-4.92369e-10 0.0010457638 0 -1.2554261e-05 0 0)
(-4.7176483e-10 -0.0010457638 0 -1.2554261e-05 0 0)
(1.2139521e-10 -0.0031384922 0 -0.00011310431 0 0)
(-3.2896047e-11 -0.0052335084 0 -0.0003146051 0 0)
(3.491984e-10 -0.0073282355 0 -0.00061714738 0 0)
(6.432745e-11 0.0073282353 0 -0.00061714736 0 0)
(5.8523763e-10 0.0052335084 0 -0.00031460512 0 0)
(-2.258472e-10 0.0031384923 0 -0.00011310432 0 0)
(-3.858069e-10 0.0010457638 0 -1.255424e-05 0 0)
(-4.0636718e-10 -0.0010457638 0 -1.2554239e-05 0 0)
(-2.1520206e-10 -0.0031384923 0 -0.00011310432 0 0)
(5.895548e-10 -0.0052335084 0 -0.00031460512 0 0)
(6.0422965e-11 -0.0073282353 0 -0.00061714736 0 0)
(3.6529824e-10 0.0073282354 0 -0.00061714737 0 0)
(2.0530677e-12 0.0052335084 0 -0.00031460515 0 0)
(1.2725695e-10 0.0031384923 0 -0.00011310433 0 0)
(-5.408395e-10 0.0010457639 0 -1.2554215e-05 0 0)
(-5.1926487e-10 -0.0010457639 0 -1.2554216e-05 0 0)
(1.1837786e-10 -0.0031384923 0 -0.00011310433 0 0)
(-1.0545006e-12 -0.0052335084 0 -0.00031460515 0 0)
(3.701e-10 -0.0073282354 0 -0.00061714737 0 0)
(8.6551259e-11 0.0073282352 0 -0.00061714735 0 0)
(6.1750716e-10 0.0052335084 0 -0.00031460517 0 0)
(-2.3131329e-10 0.0031384925 0 -0.00011310433 0 0)
(-4.3851977e-10 0.0010457639 0 -1.255419e-05 0 0)
(-4.5798589e-10 -0.0010457639 0 -1.255419e-05 0 0)
(-2.1811091e-10 -0.0031384925 0 -0.00011310434 0 0)
(6.2394355e-10 -0.0052335084 0 -0.00031460517 0 0)
(8.3255751e-11 -0.0073282352 0 -0.00061714735 0 0)
(3.8908659e-10 0.0073282353 0 -0.00061714736 0 0)
(3.7546222e-11 0.0052335085 0 -0.0003146052 0 0)
(1.2117249e-10 0.0031384926 0 -0.00011310434 0 0)
(-5.983136e-10 0.001045764 0 -1.2554161e-05 0 0)
(-5.7539044e-10 -0.001045764 0 -1.2554163e-05 0 0)
(1.1523115e-10 -0.0031384926 0 -0.00011310435 0 0)
(3.6896604e-11 -0.0052335085 0 -0.0003146052 0 0)
(3.9463114e-10 -0.0073282353 0 -0.00061714736 0 0)
(1.1258977e-10 0.007328235 0 -0.00061714734 0 0)
(6.5556074e-10 0.0052335085 0 -0.00031460522 0 0)
(-2.3781726e-10 0.0031384927 0 -0.00011310435 0 0)
(-5.0101857e-10 0.001045764 0 -1.2554131e-05 0 0)
(-5.1898381e-10 -0.001045764 0 -1.2554133e-05 0 0)
(-2.2111452e-10 -0.0031384927 0 -0.00011310436 0 0)
(6.6492598e-10 -0.0052335085 0 -0.00031460523 0 0)
(1.1009479e-10 -0.007328235 0 -0.00061714734 0 0)
(4.169744e-10 0.0073282351 0 -0.00061714735 0 0)
(7.9413407e-11 0.0052335086 0 -0.00031460526 0 0)
(1.1393424e-10 0.0031384928 0 -0.00011310436 0 0)
(-6.6642343e-10 0.0010457641 0 -1.2554096e-05 0 0)
(-6.4173816e-10 -0.0010457641 0 -1.25541e-05 0 0)
(1.1189702e-10 -0.0031384928 0 -0.00011310437 0 0)
(8.2088787e-11 -0.0052335086 0 -0.00031460526 0 0)
(4.2350684e-10 -0.0073282351 0 -0.00061714735 0 0)
(1.4313246e-10 0.0073282348 0 -0.00061714732 0 0)
(7.0045832e-10 0.0052335086 0 -0.00031460529 0 0)
(-2.4548608e-10 0.003138493 0 -0.00011310437 0 0)
(-5.7500819e-10 0.0010457642 0 -1.2554061e-05 0 0)
(-5.9107651e-10 -0.0010457642 0 -1.2554064e-05 0 0)
(-2.2432984e-10 -0.003138493 0 -0.00011310438 0 0)
(7.1365743e-10 -0.0052335086 0 -0.0003146053 0 0)
(1.4169914e-10 -0.0073282348 0 -0.00061714733 0 0)
(4.4971328e-10 0.0073282349 0 -0.00061714734 0 0)
(1.2886069e-10 0.0052335087 0 -0.00031460532 0 0)
(1.0548322e-10 0.0031384931 0 -0.00011310438 0 0)
(-7.4695016e-10 0.0010457642 0 -1.255402e-05 0 0)
(-7.2018717e-10 -0.0010457643 0 -1.2554026e-05 0 0)
(1.0815302e-10 -0.0031384931 0 -0.0001131044 0 0)
(1.3569363e-10 -0.0052335087 0 -0.00031460534 0 0)
(4.5752845e-10 -0.0073282349 0 -0.00061714734 0 0)
(1.7900909e-10 0.0073282346 0 -0.00061714731 0 0)
(7.5356315e-10 0.0052335086 0 -0.00031460536 0 0)
(-2.5426321e-10 0.0031384933 0 -0.00011310439 0 0)
(-6.6231516e-10 0.0010457643 0 -1.2553978e-05 0 0)
(-6.7628953e-10 -0.0010457643 0 -1.2553984e-05 0 0)
(-2.2811165e-10 -0.0031384933 0 -0.00011310441 0 0)
(7.7127391e-10 -0.0052335087 0 -0.00031460537 0 0)
(1.7889658e-10 -0.0073282346 0 -0.00061714732 0 0)
(4.8822983e-10 0.0073282347 0 -0.00061714732 0 0)
(1.874761e-10 0.0052335087 0 -0.0003146054 0 0)
(9.602427e-11 0.0031384934 0 -0.00011310441 0 0)
(-8.4176648e-10 0.0010457644 0 -1.255393e-05 0 0)
(-8.1297604e-10 -0.0010457644 0 -1.2553938e-05 0 0)
(1.0345447e-10 -0.0031384934 0 -0.00011310443 0 0)
(1.987882e-10 -0.0052335087 0 -0.00031460542 0 0)
(4.9754641e-10 -0.0073282347 0 -0.00061714733 0 0)
(2.2126362e-10 0.0073282344 0 -0.0006171473 0 0)
(8.1671341e-10 0.0052335087 0 -0.00031460545 0 0)
(-2.63734e-10 0.0031384936 0 -0.00011310442 0 0)
(-7.648133e-10 0.0010457645 0 -1.2553881e-05 0 0)
(-7.7703696e-10 -0.0010457645 0 -1.2553889e-05 0 0)
(-2.3324226e-10 -0.0031384936 0 -0.00011310444 0 0)
(8.387198e-10 -0.0052335088 0 -0.00031460547 0 0)
(2.2253291e-10 -0.0073282344 0 -0.00061714731 0 0)
(5.3372241e-10 0.0073282345 0 -0.00061714731 0 0)
(2.5742569e-10 0.0052335088 0 -0.0003146055 0 0)
(8.622216e-11 0.0031384938 0 -0.00011310444 0 0)
(-9.5274759e-10 0.0010457646 0 -1.2553825e-05 0 0)
(-9.2278672e-10 -0.0010457646 0 -1.2553835e-05 0 0)
(9.6723864e-11 -0.0031384938 0 -0.00011310446 0 0)
(2.7214951e-10 -0.0052335088 0 -0.00031460552 0 0)
(5.4439619e-10 -0.0073282345 0 -0.00061714732 0 0)
(2.712576e-10 0.0073282342 0 -0.00061714729 0 0)
(8.9244172e-10 0.0052335089 0 -0.00031460555 0 0)
(-2.7291824e-10 0.003138494 0 -0.00011310445 0 0)
(-8.8432111e-10 0.0010457647 0 -1.2553769e-05 0 0)
(-8.9619697e-10 -0.0010457647 0 -1.2553777e-05 0 0)
(-2.4116271e-10 -0.003138494 0 -0.00011310447 0 0)
(9.1651465e-10 -0.0052335089 0 -0.00031460557 0 0)
(2.7338307e-10 -0.0073282342 0 -0.0006171473 0 0)
(5.8777979e-10 0.0073282342 0 -0.0006171473 0 0)
(3.4167425e-10 0.005233509 0 -0.00031460561 0 0)
(7.7407601e-11 0.0031384942 0 -0.00011310447 0 0)
(-1.0816527e-09 0.0010457648 0 -1.2553704e-05 0 0)
(-1.052804e-09 -0.0010457648 0 -1.2553712e-05 0 0)
(8.6125791e-11 -0.0031384942 0 -0.00011310449 0 0)
(3.5599755e-10 -0.005233509 0 -0.00031460563 0 0)
(5.9879072e-10 -0.0073282342 0 -0.00061714731 0 0)
(3.307968e-10 0.0073282339 0 -0.00061714728 0 0)
(9.8417568e-10 0.005233509 0 -0.00031460567 0 0)
(-2.8008795e-10 0.0031384944 0 -0.00011310449 0 0)
(-1.0224673e-09 0.0010457649 0 -1.2553639e-05 0 0)
(-1.0371299e-09 -0.001045765 0 -1.2553644e-05 0 0)
(-2.5418418e-10 -0.0031384944 0 -0.00011310451 0 0)
(1.0044815e-09 -0.005233509 0 -0.00031460569 0 0)
(3.320312e-10 -0.0073282339 0 -0.00061714729 0 0)
(6.5251314e-10 0.0073282339 0 -0.0006171473 0 0)
(4.4411775e-10 0.0052335091 0 -0.00031460574 0 0)
(7.1705485e-11 0.0031384947 0 -0.00011310451 0 0)
(-1.2299698e-09 0.0010457651 0 -1.2553565e-05 0 0)
(-1.2066579e-09 -0.0010457651 0 -1.2553568e-05 0 0)
(6.8916543e-11 -0.0031384947 0 -0.00011310452 0 0)
(4.4971876e-10 -0.0052335091 0 -0.00031460576 0 0)
(6.6119465e-10 -0.0073282339 0 -0.0006171473 0 0)
(4.0223707e-10 0.0073282336 0 -0.00061714728 0 0)
(1.0962543e-09 0.0052335091 0 -0.00031460582 0 0)
(-2.8274257e-10 0.003138495 0 -0.00011310454 0 0)
(-1.1805156e-09 0.0010457652 0 -1.2553492e-05 0 0)
(-1.203508e-09 -0.0010457652 0 -1.2553489e-05 0 0)
(-2.7555528e-10 -0.0031384949 0 -0.00011310454 0 0)
(1.1014908e-09 -0.0052335091 0 -0.00031460582 0 0)
(3.9873793e-10 -0.0073282335 0 -0.00061714728 0 0)
(7.3062265e-10 0.0073282336 0 -0.00061714729 0 0)
(5.6939734e-10 0.0052335093 0 -0.0003146059 0 0)
(7.1912786e-11 0.0031384952 0 -0.00011310457 0 0)
(-1.3986952e-09 0.0010457654 0 -1.2553408e-05 0 0)
(-1.3880451e-09 -0.0010457653 0 -1.2553398e-05 0 0)
(4.1537244e-11 -0.0031384952 0 -0.00011310455 0 0)
(5.5163008e-10 -0.0052335092 0 -0.00031460589 0 0)
(7.3169418e-10 -0.0073282335 0 -0.00061714729 0 0)
(4.8846383e-10 0.0073282332 0 -0.00061714727 0 0)
(1.2334367e-09 0.0052335093 0 -0.000314606 0 0)
(-2.7795664e-10 0.0031384956 0 -0.0001131046 0 0)
(-1.3590795e-09 0.0010457656 0 -1.2553327e-05 0 0)
(-1.3986776e-09 -0.0010457655 0 -1.2553306e-05 0 0)
(-3.0916003e-10 -0.0031384955 0 -0.00011310456 0 0)
(1.2052841e-09 -0.0052335093 0 -0.00031460597 0 0)
(4.7331191e-10 -0.0073282332 0 -0.00061714727 0 0)
(8.2523888e-10 0.0073282331 0 -0.00061714729 0 0)
(7.2196014e-10 0.0052335094 0 -0.0003146061 0 0)
(8.0858537e-11 0.0031384959 0 -0.00011310465 0 0)
(-1.5879099e-09 0.0010457658 0 -1.2553233e-05 0 0)
(-1.5996347e-09 -0.0010457656 0 -1.25532e-05 0 0)
(2.1846079e-13 -0.0031384958 0 -0.00011310457 0 0)
(6.5881959e-10 -0.0052335094 0 -0.00031460604 0 0)
(8.0987932e-10 -0.0073282331 0 -0.00061714728 0 0)
(5.9252501e-10 0.0073282327 0 -0.00061714728 0 0)
(1.3993177e-09 0.0052335095 0 -0.00031460621 0 0)
(-2.6345146e-10 0.0031384962 0 -0.00011310469 0 0)
(-1.5574845e-09 0.001045766 0 -1.2553145e-05 0 0)
(-1.6240688e-09 -0.0010457659 0 -1.2553096e-05 0 0)
(-3.5851821e-10 -0.0031384962 0 -0.00011310458 0 0)
(1.3123767e-09 -0.0052335094 0 -0.00031460612 0 0)
(5.5498825e-10 -0.0073282327 0 -0.00061714725 0 0)
(9.3922536e-10 0.0073282327 0 -0.0006171473 0 0)
(9.0364273e-10 0.0052335096 0 -0.00031460633 0 0)
(9.9853043e-11 0.0031384966 0 -0.00011310474 0 0)
(-1.795723e-09 0.0010457662 0 -1.2553043e-05 0 0)
(-1.8406525e-09 -0.001045766 0 -1.2552977e-05 0 0)
(-5.7524558e-11 -0.0031384965 0 -0.00011310459 0 0)
(7.6698017e-10 -0.0052335096 0 -0.0003146062 0 0)
(8.9469807e-10 -0.0073282326 0 -0.00061714726 0 0)
(7.1652455e-10 0.0073282322 0 -0.00061714728 0 0)
(1.592754e-09 0.0052335097 0 -0.00031460646 0 0)
(-2.3969856e-10 0.003138497 0 -0.00011310479 0 0)
(-1.7721925e-09 0.0010457665 0 -1.255295e-05 0 0)
(-1.8760079e-09 -0.0010457663 0 -1.2552863e-05 0 0)
(-4.2460815e-10 -0.0031384969 0 -0.0001131046 0 0)
(1.4178641e-09 -0.0052335097 0 -0.00031460628 0 0)
(6.4221712e-10 -0.0073282322 0 -0.00061714723 0 0)
(1.0734014e-09 0.0073282321 0 -0.00061714731 0 0)
(1.1087813e-09 0.0052335098 0 -0.00031460659 0 0)
(1.2621419e-10 0.0031384974 0 -0.00011310486 0 0)
(-2.0158977e-09 0.0010457667 0 -1.2552843e-05 0 0)
(-2.1024978e-09 -0.0010457664 0 -1.2552736e-05 0 0)
(-1.299992e-10 -0.0031384973 0 -0.00011310461 0 0)
(8.6995519e-10 -0.0052335098 0 -0.00031460636 0 0)
(9.8408208e-10 -0.0073282321 0 -0.00061714723 0 0)
(8.5914285e-10 0.0073282316 0 -0.00061714729 0 0)
(1.8012422e-09 0.0052335099 0 -0.00031460673 0 0)
(-2.1261186e-10 0.0031384979 0 -0.00011310492 0 0)
(-1.9939045e-09 0.0010457669 0 -1.2552752e-05 0 0)
(-2.1408095e-09 -0.0010457667 0 -1.2552619e-05 0 0)
(-5.0192929e-10 -0.0031384978 0 -0.00011310462 0 0)
(1.5147737e-09 -0.0052335099 0 -0.00031460644 0 0)
(7.3209752e-10 -0.0073282317 0 -0.0006171472 0 0)
(1.2228216e-09 0.0073282314 0 -0.00061714731 0 0)
(1.3157401e-09 0.00523351 0 -0.00031460686 0 0)
(1.5062906e-10 0.0031384984 0 -0.00011310499 0 0)
(-2.2343105e-09 0.0010457672 0 -1.2552648e-05 0 0)
(-2.3634316e-09 -0.0010457669 0 -1.2552502e-05 0 0)
(-2.0647839e-10 -0.0031384983 0 -0.00011310463 0 0)
(9.5875389e-10 -0.00523351 0 -0.00031460652 0 0)
(1.0739209e-09 -0.0073282316 0 -0.00061714718 0 0)
(1.0109494e-09 0.0073282309 0 -0.00061714728 0 0)
(1.9907438e-09 0.0052335101 0 -0.00031460699 0 0)
(-1.9589512e-10 0.0031384989 0 -0.00011310504 0 0)
(-2.2048067e-09 0.0010457674 0 -1.255257e-05 0 0)
(-2.3924672e-09 -0.0010457673 0 -1.255239e-05 0 0)
(-5.719475e-10 -0.0031384988 0 -0.00011310466 0 0)
(1.5930425e-09 -0.0052335102 0 -0.00031460658 0 0)
(8.1910445e-10 -0.0073282311 0 -0.00061714714 0 0)
(1.3701152e-09 0.0073282306 0 -0.00061714729 0 0)
(1.4743586e-09 0.0052335102 0 -0.00031460709 0 0)
(1.5513437e-10 0.0031384993 0 -0.00011310511 0 0)
(-2.4279845e-09 0.0010457676 0 -1.2552479e-05 0 0)
(-2.5901022e-09 -0.0010457676 0 -1.2552308e-05 0 0)
(-2.5928437e-10 -0.0031384993 0 -0.00011310468 0 0)
(1.0211749e-09 -0.0052335103 0 -0.00031460666 0 0)
(1.1559011e-09 -0.007328231 0 -0.00061714711 0 0)
(1.1472355e-09 0.0073282301 0 -0.00061714723 0 0)
(2.0961696e-09 0.0052335103 0 -0.00031460717 0 0)
(-2.1160871e-10 0.0031384999 0 -0.00011310514 0 0)
(-2.3830359e-09 0.0010457679 0 -1.2552425e-05 0 0)
(-2.6024806e-09 -0.001045768 0 -1.2552203e-05 0 0)
(-5.9180659e-10 -0.0031384999 0 -0.00011310477 0 0)
(1.64126e-09 -0.0052335105 0 -0.0003146067 0 0)
(8.9321156e-10 -0.0073282305 0 -0.00061714705 0 0)
(1.476063e-09 0.0073282298 0 -0.00061714719 0 0)
(1.5000218e-09 0.0052335104 0 -0.0003146072 0 0)
(1.1438334e-10 0.0031385003 0 -0.0001131052 0 0)
(-2.5685756e-09 0.0010457682 0 -1.2552365e-05 0 0)
(-2.7145723e-09 -0.0010457684 0 -1.2552223e-05 0 0)
(-2.3079035e-10 -0.0031385005 0 -0.00011310483 0 0)
(1.0493069e-09 -0.0052335106 0 -0.00031460679 0 0)
(1.2145945e-09 -0.0073282303 0 -0.00061714698 0 0)
(1.2212573e-09 0.0073282293 0 -0.00061714709 0 0)
(2.0279412e-09 0.0052335104 0 -0.00031460719 0 0)
(-2.8333883e-10 0.0031385009 0 -0.0001131052 0 0)
(-2.4922189e-09 0.0010457686 0 -1.2552364e-05 0 0)
(-2.6079355e-09 -0.0010457683 0 -1.2552222e-05 0 0)
(-4.7561156e-10 -0.0031385012 0 -0.00011310504 0 0)
(1.665076e-09 -0.0052335108 0 -0.00031460681 0 0)
(9.4017039e-10 -0.0073282299 0 -0.00061714691 0 0)
(1.4731215e-09 0.007328229 0 -0.00061714696 0 0)
(1.3080392e-09 0.0052335106 0 -0.00031460709 0 0)
(9.1679931e-12 0.0031385014 0 -0.00011310524 0 0)
(-2.6936294e-09 0.0010457688 0 -1.255227e-05 0 0)
(-2.6579964e-09 -0.0010457696 0 -1.2552346e-05 0 0)
(-1.6355661e-11 -0.0031385019 0 -0.00011310519 0 0)
(1.0804541e-09 -0.0052335109 0 -0.00031460693 0 0)
(1.2287169e-09 -0.0073282297 0 -0.00061714678 0 0)
(1.1701243e-09 0.0073282286 0 -0.0006171468 0 0)
(1.7374756e-09 0.0052335106 0 -0.000314607 0 0)
(-4.0895103e-10 0.0031385021 0 -0.00011310523 0 0)
(-2.7187347e-09 0.0010457693 0 -1.2552185e-05 0 0)
(-2.5543597e-09 -0.0010457694 0 -1.2552312e-05 0 0)
(-6.691491e-11 -0.0031385026 0 -0.00011310564 0 0)
(1.7620071e-09 -0.005233511 0 -0.000314607 0 0)
(9.5484784e-10 -0.0073282294 0 -0.0006171467 0 0)
(1.2838624e-09 0.0073282285 0 -0.00061714652 0 0)
(9.4722868e-10 0.0052335108 0 -0.00031460683 0 0)
(-1.3224066e-10 0.0031385027 0 -0.00011310528 0 0)
(-3.1391408e-09 0.0010457694 0 -1.2551859e-05 0 0)
(-2.7212356e-09 -0.0010457714 0 -1.2552355e-05 0 0)
(5.5373393e-10 -0.0031385037 0 -0.00011310594 0 0)
(1.3351888e-09 -0.0052335111 0 -0.00031460733 0 0)
(1.1952791e-09 -0.0073282293 0 -0.00061714648 0 0)
(9.6305756e-10 0.0073282282 0 -0.0006171463 0 0)
(1.4543857e-09 0.0052335109 0 -0.00031460685 0 0)
(-4.9180228e-10 0.0031385038 0 -0.00011310533 0 0)
(-3.6265716e-09 0.00104577 0 -1.2551326e-05 0 0)
(-3.018309e-09 -0.0010457715 0 -1.2551894e-05 0 0)
(9.1079269e-10 -0.0031385048 0 -0.00011310685 0 0)
(2.3371715e-09 -0.0052335113 0 -0.00031460772 0 0)
(9.9297745e-10 -0.0073282289 0 -0.00061714645 0 0)
(9.1779473e-10 0.0073282283 0 -0.00061714586 0 0)
(9.8575927e-10 0.0052335113 0 -0.00031460702 0 0)
(-1.5709209e-10 0.0031385051 0 -0.00011310548 0 0)
(-4.9062491e-09 0.0010457706 0 -1.255014e-05 0 0)
(-3.9040044e-09 -0.0010457742 0 -1.255126e-05 0 0)
(1.7795544e-09 -0.0031385067 0 -0.00011310744 0 0)
(2.5751086e-09 -0.0052335115 0 -0.00031460874 0 0)
(1.2240214e-09 -0.0073282289 0 -0.00061714618 0 0)
(7.3936134e-10 0.0073282282 0 -0.00061714574 0 0)
(2.2084678e-09 0.0052335116 0 -0.00031460783 0 0)
(-2.8082889e-10 0.0031385071 0 -0.00011310581 0 0)
(-6.6254458e-09 0.0010457716 0 -1.2548376e-05 0 0)
(-5.6596039e-09 -0.0010457753 0 -1.2549364e-05 0 0)
(2.8797872e-09 -0.0031385094 0 -0.00011310916 0 0)
(4.579872e-09 -0.0052335119 0 -0.00031461024 0 0)
(1.2943729e-09 -0.0073282284 0 -0.00061714634 0 0)
(7.4851435e-10 0.0073282284 0 -0.00061714534 0 0)
(3.3409933e-09 0.0052335127 0 -0.00031460965 0 0)
(3.0369214e-10 0.0031385104 0 -0.00011310632 0 0)
(-1.0505756e-08 0.0010457736 0 -1.2544622e-05 0 0)
(-1.008941e-08 -0.0010457795 0 -1.2545152e-05 0 0)
(4.2157452e-09 -0.0031385134 0 -0.0001131104 0 0)
(6.8942098e-09 -0.0052335125 0 -0.00031461334 0 0)
(1.7946518e-09 -0.0073282282 0 -0.0006171463 0 0)
(1.1051311e-09 0.0073282281 0 -0.00061714563 0 0)
(6.8143628e-09 0.0052335138 0 -0.00031461289 0 0)
(8.07437e-10 0.0031385164 0 -0.00011310747 0 0)
(-1.7239946e-08 0.0010457775 0 -1.2537862e-05 0 0)
(-1.5597344e-08 -0.0010457834 0 -1.2539637e-05 0 0)
(6.2976123e-09 -0.0031385207 0 -0.00011311315 0 0)
(1.1339385e-08 -0.0052335134 0 -0.00031461756 0 0)
(2.5521194e-09 -0.0073282272 0 -0.00061714695 0 0)
(2.1400553e-09 0.0073282276 0 -0.0006171462 0 0)
(1.3092624e-08 0.0052335164 0 -0.00031461999 0 0)
(2.0619785e-09 0.0031385249 0 -0.00011310886 0 0)
(-2.8793176e-08 0.0010457851 0 -1.2526577e-05 0 0)
(-2.7219232e-08 -0.0010457913 0 -1.2528066e-05 0 0)
(8.5114675e-09 -0.0031385302 0 -0.00011311576 0 0)
(1.9058616e-08 -0.0052335153 0 -0.00031462602 0 0)
(4.2940534e-09 -0.0073282256 0 -0.00061714812 0 0)
(3.8780963e-09 0.0073282258 0 -0.00061714759 0 0)
(2.1574626e-08 0.0052335185 0 -0.00031462858 0 0)
(3.7025086e-09 0.0031385404 0 -0.00011311157 0 0)
(-4.7053361e-08 0.0010457952 0 -1.2508139e-05 0 0)
(-4.2272166e-08 -0.0010458011 0 -1.2513338e-05 0 0)
(1.1715837e-08 -0.0031385476 0 -0.00011311967 0 0)
(2.8679403e-08 -0.005233517 0 -0.00031463607 0 0)
(6.5745155e-09 -0.0073282229 0 -0.00061714981 0 0)
(8.3475859e-09 0.0073282216 0 -0.00061715135 0 0)
(3.9617015e-08 0.0052335245 0 -0.00031464785 0 0)
(6.9092559e-09 0.0031385615 0 -0.00011311545 0 0)
(-6.9633512e-08 0.0010458099 0 -1.2486147e-05 0 0)
(-6.766289e-08 -0.0010458168 0 -1.2487676e-05 0 0)
(1.5150164e-08 -0.0031385687 0 -0.00011312457 0 0)
(4.8491291e-08 -0.0052335222 0 -0.00031465646 0 0)
(1.17547e-08 -0.0073282167 0 -0.00061715432 0 0)
(1.3413343e-08 0.0073282156 0 -0.0006171555 0 0)
(5.7065214e-08 0.0052335276 0 -0.00031466592 0 0)
(1.0289709e-08 0.0031385967 0 -0.0001131207 0 0)
(-1.0477705e-07 0.0010458295 0 -1.2450566e-05 0 0)
(-1.030343e-07 -0.0010458377 0 -1.2453245e-05 0 0)
(1.9560128e-08 -0.0031386064 0 -0.00011312971 0 0)
(6.7866395e-08 -0.0052335247 0 -0.00031467746 0 0)
(1.7308589e-08 -0.0073282092 0 -0.00061715832 0 0)
(2.3890609e-08 0.0073282012 0 -0.00061716467 0 0)
(9.8216718e-08 0.0052335398 0 -0.00031470897 0 0)
(1.6086888e-08 0.003138638 0 -0.00011312792 0 0)
(-1.5389221e-07 0.0010458601 0 -1.2402583e-05 0 0)
(-1.5185914e-07 -0.0010458663 0 -1.2403534e-05 0 0)
(2.4093046e-08 -0.0031386472 0 -0.00011313753 0 0)
(1.0957514e-07 -0.0052335351 0 -0.00031471963 0 0)
(2.8674272e-08 -0.0073281925 0 -0.00061716876 0 0)
(3.6719626e-08 0.0073281843 0 -0.00061717519 0 0)
(1.2940791e-07 0.0052335421 0 -0.0003147416 0 0)
(2.2206966e-08 0.0031387105 0 -0.00011313753 0 0)
(-2.1238521e-07 0.0010458947 0 -1.2343234e-05 0 0)
(-2.2130819e-07 -0.001045906 0 -1.233591e-05 0 0)
(2.9237789e-08 -0.0031387201 0 -0.00011314364 0 0)
(1.4237652e-07 -0.0052335376 0 -0.00031475579 0 0)
(4.1252417e-08 -0.0073281743 0 -0.00061717792 0 0)
(5.6575749e-08 0.0073281502 0 -0.00061719264 0 0)
(2.0778064e-07 0.005233563 0 -0.00031482282 0 0)
(3.041052e-08 0.003138782 0 -0.00011314823 0 0)
(-3.032788e-07 0.0010459508 0 -1.2254191e-05 0 0)
(-3.0004636e-07 -0.0010459522 0 -1.2255449e-05 0 0)
(3.4298012e-08 -0.0031387914 0 -0.00011315463 0 0)
(2.1741398e-07 -0.0052335555 0 -0.00031483107 0 0)
(6.1549571e-08 -0.0073281372 0 -0.00061719662 0 0)
(8.1469253e-08 0.0073281105 0 -0.00061721264 0 0)
(2.5530099e-07 0.0052335608 0 -0.0003148728 0 0)
(3.7374738e-08 0.003138908 0 -0.0001131609 0 0)
(-3.8399892e-07 0.0010460024 0 -1.2172031e-05 0 0)
(-4.1184204e-07 -0.0010460174 0 -1.2146582e-05 0 0)
(3.7743272e-08 -0.0031389137 0 -0.00011315935 0 0)
(2.6511745e-07 -0.0052335548 0 -0.00031488422 0 0)
(8.6108476e-08 -0.0073280975 0 -0.00061721468 0 0)
(1.149669e-07 0.0073280429 0 -0.00061724167 0 0)
(3.8003944e-07 0.0052335924 0 -0.00031500157 0 0)
(4.8248232e-08 0.0031390163 0 -0.0001131757 0 0)
(-5.3036081e-07 0.0010460948 0 -1.2028286e-05 0 0)
(-5.1953901e-07 -0.001046084 0 -1.2036201e-05 0 0)
(4.2197641e-08 -0.0031390254 0 -0.00011317295 0 0)
(3.815167e-07 -0.0052335814 0 -0.00031500078 0 0)
(1.1752681e-07 -0.0073280271 0 -0.00061724305 0 0)
(1.5350727e-07 0.0073279657 0 -0.00061727131 0 0)
(4.3621694e-07 0.0052335746 0 -0.00031506076 0 0)
(5.1821542e-08 0.0031392057 0 -0.00011318753 0 0)
(-6.1702232e-07 0.0010461593 0 -1.1939528e-05 0 0)
(-6.8107784e-07 -0.0010461844 0 -1.1878641e-05 0 0)
(3.9411602e-08 -0.0031392087 0 -0.00011317216 0 0)
(4.3774723e-07 -0.005233572 0 -0.00031506432 0 0)
(1.5613159e-07 -0.0073279523 0 -0.00061727081 0 0)
(2.0169553e-07 0.0073278498 0 -0.00061731155 0 0)
(6.099641e-07 0.0052336215 0 -0.0003152403 0 0)
(6.2573563e-08 0.0031393486 0 -0.00011320379 0 0)
(-8.2353945e-07 0.0010462979 0 -1.1736175e-05 0 0)
(-8.0365241e-07 -0.0010462698 0 -1.1752469e-05 0 0)
(4.1805202e-08 -0.0031393617 0 -0.00011318663 0 0)
(5.8896151e-07 -0.0052336057 0 -0.00031521592 0 0)
(2.0080471e-07 -0.0073278349 0 -0.00061730959 0 0)
(2.4770707e-07 0.0073277232 0 -0.00061734367 0 0)
(6.5488122e-07 0.0052335729 0 -0.00031528807 0 0)
(6.1929984e-08 0.0031395788 0 -0.00011321294 0 0)
(-9.0871358e-07 0.0010463773 0 -1.1647992e-05 0 0)
(-1.0103109e-06 -0.0010464135 0 -1.1550389e-05 0 0)
(2.7574907e-08 -0.0031395959 0 -0.00011317558 0 0)
(6.2971362e-07 -0.0052335708 0 -0.00031526422 0 0)
(2.4375392e-07 -0.0073277148 0 -0.00061733683 0 0)
(3.1105317e-07 0.0073275513 0 -0.00061739406 0 0)
(8.4891196e-07 0.005233624 0 -0.00031549 0 0)
(5.3823734e-08 0.0031398091 0 -0.00011321395 0 0)
(-1.1469497e-06 0.0010465586 0 -1.141268e-05 0 0)
(-1.0948797e-06 -0.0010464937 0 -1.1461829e-05 0 0)
(3.7096538e-08 -0.0031397363 0 -0.00011319755 0 0)
(8.2044401e-07 -0.0052336301 0 -0.00031545809 0 0)
(3.0575169e-07 -0.0073275405 0 -0.00061738817 0 0)
(3.64514e-07 0.0073273623 0 -0.00061742779 0 0)
(8.6870307e-07 0.0052335728 0 -0.00031551234 0 0)
(4.2079861e-08 0.0031400552 0 -0.00011321427 0 0)
(-1.1382459e-06 0.0010465949 0 -1.1419455e-05 0 0)
(-1.1126747e-06 -0.001046574 0 -1.14495e-05 0 0)
(4.2421697e-09 -0.0031400091 0 -0.00011317057 0 0)
(8.0467225e-07 -0.0052335576 0 -0.00031544668 0 0)
(3.444123e-07 -0.0073273697 0 -0.00061740645 0 0)
(4.091233e-07 0.0073271452 0 -0.00061745187 0 0)
(8.863269e-07 0.0052335447 0 -0.00031552752 0 0)
(1.5186608e-08 0.0031402542 0 -0.00011319721 0 0)
(-1.3257176e-06 0.0010467929 0 -1.1245205e-05 0 0)
(-1.2664942e-06 -0.0010467226 0 -1.1298994e-05 0 0)
(-1.3175439e-08 -0.0031401732 0 -0.0001131679 0 0)
(8.5456677e-07 -0.0052335574 0 -0.00031549419 0 0)
(3.900039e-07 -0.0073271564 0 -0.00061743396 0 0)
(4.2773207e-07 0.0073269391 0 -0.00061744785 0 0)
(8.618205e-07 0.0052335134 0 -0.00031550138 0 0)
(-2.8576197e-09 0.0031402987 0 -0.00011318243 0 0)
(-1.1204753e-06 0.0010468196 0 -1.1468595e-05 0 0)
(-1.1706812e-06 -0.0010468037 0 -1.1419453e-05 0 0)
(-4.6554301e-08 -0.0031403026 0 -0.00011313675 0 0)
(8.2371468e-07 -0.0052335249 0 -0.00031546298 0 0)
(4.0633255e-07 -0.007326958 0 -0.00061742743 0 0)
(4.2169203e-07 0.0073267454 0 -0.00061743111 0 0)
(7.1008154e-07 0.0052334457 0 -0.00031534625 0 0)
(-4.3005969e-08 0.0031403418 0 -0.00011314733 0 0)
(-8.858691e-07 0.0010468245 0 -1.1741988e-05 0 0)
(-8.8599907e-07 -0.001046797 0 -1.1738826e-05 0 0)
(-8.1718547e-08 -0.0031403472 0 -0.00011310712 0 0)
(6.6209953e-07 -0.0052334631 0 -0.0003152958 0 0)
(3.9838219e-07 -0.0073267704 0 -0.00061740871 0 0)
(4.0298645e-07 0.0073266184 0 -0.00061740544 0 0)
(4.4605241e-07 0.0052334524 0 -0.00031504949 0 0)
(-1.3382645e-07 0.0031404859 0 -0.00011311387 0 0)
(-7.1449527e-07 0.0010469195 0 -1.2075916e-05 0 0)
(-7.3496647e-07 -0.0010468935 0 -1.2043411e-05 0 0)
(-1.6734168e-07 -0.0031404763 0 -0.00011308927 0 0)
(3.9414416e-07 -0.0052334608 0 -0.00031499105 0 0)
(3.741821e-07 -0.0073266556 0 -0.00061737867 0 0)
(4.019781e-07 0.0073264444 0 -0.00061715672 0 0)
(1.5732923e-07 0.0052335879 0 -0.00031437015 0 0)
(-2.0421727e-07 0.0031406855 0 -0.00011329557 0 0)
(-3.4246484e-07 0.0010469625 0 -1.3468345e-05 0 0)
(-3.5307584e-07 -0.001046933 0 -1.3445708e-05 0 0)
(-2.336698e-07 -0.0031406681 0 -0.00011330512 0 0)
(1.1979231e-07 -0.0052336089 0 -0.0003143514 0 0)
(3.7119341e-07 -0.0073264908 0 -0.00061713691 0 0)
(3.7861836e-07 0.0073266673 0 -0.0006169616 0 0)
(1.4065723e-07 0.0052336115 0 -0.00031420363 0 0)
(-1.9307361e-07 0.0031403905 0 -0.00011329706 0 0)
(-3.6188174e-07 0.0010467979 0 -1.3531026e-05 0 0)
(-3.7550751e-07 -0.0010467641 0 -1.3488147e-05 0 0)
(-2.202924e-07 -0.0031403869 0 -0.00011334471 0 0)
(1.0139824e-07 -0.0052336249 0 -0.00031418663 0 0)
(3.4714049e-07 -0.0073267226 0 -0.00061696895 0 0)
)
;

boundaryField
{
    left
    {
        type            fixedValue;
        value           uniform (0 0 0 0 0 0);
    }
    right
    {
        type            zeroGradient;
    }
    walls
    {
        type            zeroGradient;
    }
    frontAndBack
    {
        type            empty;
    }
}


// ************************************************************************* //
