/*--------------------------------*- C++ -*----------------------------------*\
| =========                 |                                                 |
| \\      /  F ield         | OpenFOAM: The Open Source CFD Toolbox           |
|  \\    /   O peration     | Version:  5.x                                   |
|   \\  /    A nd           | Web:      www.OpenFOAM.org                      |
|    \\/     M anipulation  |                                                 |
\*---------------------------------------------------------------------------*/
FoamFile
{
    version     2.0;
    format      ascii;
    class       volVectorField;
    location    "7";
    object      U;
}
// * * * * * * * * * * * * * * * * * * * * * * * * * * * * * * * * * * * * * //

dimensions      [0 1 -1 0 0 0 0];

internalField   nonuniform List<vector> 
1920
(
(-2.254084e-07 1.3317331e-07 0)
(-5.3174436e-07 6.0713654e-08 0)
(-8.3529528e-07 -2.8066821e-08 0)
(-3.9982317e-07 -8.167334e-08 0)
(4.004983e-07 -8.2814866e-08 0)
(8.3570119e-07 -2.7032529e-08 0)
(5.3196806e-07 6.0029309e-08 0)
(2.2533689e-07 1.3341817e-07 0)
(-6.9690206e-08 2.3306936e-07 0)
(-1.1382505e-06 4.2915383e-07 0)
(-1.7945356e-06 -6.4785315e-08 0)
(-9.1121489e-07 -6.228111e-07 0)
(9.1280887e-07 -6.2062507e-07 0)
(1.7959161e-06 -6.6345383e-08 0)
(1.1384909e-06 4.3066424e-07 0)
(6.9981412e-08 2.3269398e-07 0)
(-1.3439397e-07 6.1990564e-07 0)
(-1.6809694e-06 9.8918301e-07 0)
(-2.5490235e-06 -1.4707156e-07 0)
(-1.2110675e-06 -1.4399813e-06 0)
(1.2134762e-06 -1.4429755e-06 0)
(2.5504796e-06 -1.4364692e-07 0)
(1.6820403e-06 9.8783308e-07 0)
(1.3418045e-07 6.2086288e-07 0)
(-1.8732858e-07 1.1119453e-06 0)
(-2.1238524e-06 1.668626e-06 0)
(-2.9769434e-06 -2.7840208e-07 0)
(-1.4770897e-06 -2.5021112e-06 0)
(1.4796012e-06 -2.4975327e-06 0)
(2.9790923e-06 -2.8099221e-07 0)
(2.1244401e-06 1.6722006e-06 0)
(1.8767158e-07 1.1114839e-06 0)
(-2.4943087e-07 1.7107304e-06 0)
(-2.3096445e-06 2.4349788e-06 0)
(-3.2851522e-06 -4.6007543e-07 0)
(-1.5274432e-06 -3.6862017e-06 0)
(1.5300251e-06 -3.6904816e-06 0)
(3.2867964e-06 -4.5437619e-07 0)
(2.3108033e-06 2.4335876e-06 0)
(2.493109e-07 1.7125157e-06 0)
(-2.4411703e-07 2.3561325e-06 0)
(-2.4161214e-06 3.2182671e-06 0)
(-3.2859775e-06 -6.4620879e-07 0)
(-1.6169952e-06 -4.93266e-06 0)
(1.6190013e-06 -4.9265963e-06 0)
(3.2876891e-06 -6.4898289e-07 0)
(2.4166899e-06 3.2234253e-06 0)
(2.4434069e-07 2.355887e-06 0)
(-2.6082498e-07 2.9942709e-06 0)
(-2.3006375e-06 4.0002185e-06 0)
(-3.2410835e-06 -8.4595092e-07 0)
(-1.4975873e-06 -6.1532623e-06 0)
(1.4990344e-06 -6.1579404e-06 0)
(3.2420508e-06 -8.3903137e-07 0)
(2.3012692e-06 3.9991879e-06 0)
(2.608312e-07 2.9966027e-06 0)
(-2.2284042e-07 3.602495e-06 0)
(-2.1697243e-06 4.7310047e-06 0)
(-2.9546523e-06 -1.0243688e-06 0)
(-1.4499528e-06 -7.3171558e-06 0)
(1.4505689e-06 -7.3107316e-06 0)
(2.955155e-06 -1.0268593e-06 0)
(2.1699716e-06 4.7367773e-06 0)
(2.2285591e-07 3.6025018e-06 0)
(-2.1183821e-07 4.1478189e-06 0)
(-1.8953717e-06 5.4039404e-06 0)
(-2.6866218e-06 -1.1947666e-06 0)
(-1.245415e-06 -8.3635698e-06 0)
(1.2452228e-06 -8.3679304e-06 0)
(2.6865497e-06 -1.1878683e-06 0)
(1.8952568e-06 5.4032917e-06 0)
(2.119366e-07 4.1502256e-06 0)
(-1.6461586e-07 4.6250878e-06 0)
(-1.651309e-06 5.989219e-06 0)
(-2.2805906e-06 -1.3312308e-06 0)
(-1.120552e-06 -9.291453e-06 0)
(1.1196583e-06 -9.2856547e-06 0)
(2.2798238e-06 -1.3332722e-06 0)
(1.6511604e-06 5.9945669e-06 0)
(1.644573e-07 4.6252208e-06 0)
(-1.4177192e-07 5.0214056e-06 0)
(-1.3428849e-06 6.4921816e-06 0)
(-1.9315149e-06 -1.4512582e-06 0)
(-9.0475186e-07 -1.0068669e-05 0)
(9.0314565e-07 -1.0072299e-05 0)
(1.9305165e-06 -1.4454181e-06 0)
(1.3421736e-06 6.4917195e-06 0)
(1.4191287e-07 5.0234623e-06 0)
(-1.0136975e-07 5.3433566e-06 0)
(-1.0855789e-06 6.9013118e-06 0)
(-1.5364308e-06 -1.5381657e-06 0)
(-7.5683732e-07 -1.0713581e-05 0)
(7.5483617e-07 -1.0709019e-05 0)
(1.5347776e-06 -1.5398401e-06 0)
(1.085121e-06 6.9054868e-06 0)
(1.0112617e-07 5.3434542e-06 0)
(-7.7860598e-08 5.5908959e-06 0)
(-8.2296064e-07 7.2306749e-06 0)
(-1.2105179e-06 -1.6090284e-06 0)
(-5.7698886e-07 -1.1217167e-05 0)
(5.7451374e-07 -1.1219971e-05 0)
(1.2089236e-06 -1.6048323e-06 0)
(8.2193735e-07 7.2301386e-06 0)
(7.7997729e-08 5.5923525e-06 0)
(-5.039558e-08 5.7768621e-06 0)
(-6.1211085e-07 7.4805687e-06 0)
(-9.0098668e-07 -1.6539781e-06 0)
(-4.456717e-07 -1.1608016e-05 0)
(4.4305175e-07 -1.1604887e-05 0)
(8.9889062e-07 -1.655507e-06 0)
(6.1145808e-07 7.4832175e-06 0)
(5.014896e-08 5.7767922e-06 0)
(-3.2158722e-08 5.907517e-06 0)
(-4.2835709e-07 7.6685278e-06 0)
(-6.5361842e-07 -1.6877086e-06 0)
(-3.2061908e-07 -1.1890614e-05 0)
(3.1771589e-07 -1.1892734e-05 0)
(6.5169668e-07 -1.6853246e-06 0)
(4.2723817e-07 7.6676638e-06 0)
(3.2259335e-08 5.9082922e-06 0)
(-1.7421053e-08 5.9964798e-06 0)
(-2.8542705e-07 7.7999699e-06 0)
(-4.5060605e-07 -1.7043412e-06 0)
(-2.2448451e-07 -1.2093956e-05 0)
(2.2153843e-07 -1.2092173e-05 0)
(4.4832821e-07 -1.7060126e-06 0)
(2.8463682e-07 7.8010312e-06 0)
(1.7214494e-08 5.9961419e-06 0)
(-5.9547589e-09 6.0512184e-06 0)
(-1.7870099e-07 7.8913814e-06 0)
(-2.9256173e-07 -1.7152662e-06 0)
(-1.5153261e-07 -1.2227238e-05 0)
(1.4840417e-07 -1.2228942e-05 0)
(2.9042717e-07 -1.71462e-06 0)
(1.7757181e-07 7.889949e-06 0)
(6.0024602e-09 6.0513196e-06 0)
(-5.7101078e-10 6.0827629e-06 0)
(-9.7634752e-08 7.9485313e-06 0)
(-1.8153508e-07 -1.716679e-06 0)
(-9.1604786e-08 -1.2313921e-05 0)
(8.8454097e-08 -1.2313267e-05 0)
(1.7916181e-07 -1.7187934e-06 0)
(9.6720292e-08 7.9480691e-06 0)
(4.1139914e-10 6.082066e-06 0)
(5.3663236e-09 6.0969412e-06 0)
(-4.8262173e-08 7.9841796e-06 0)
(-9.6301619e-08 -1.7165197e-06 0)
(-5.7385926e-08 -1.2362328e-05 0)
(5.4127092e-08 -1.2363889e-05 0)
(9.4011299e-08 -1.7174553e-06 0)
(4.7138704e-08 7.9819569e-06 0)
(-5.3717436e-09 6.0963939e-06 0)
(5.3078514e-09 6.1010677e-06 0)
(-1.062627e-08 8.0023141e-06 0)
(-4.8486847e-08 -1.7120495e-06 0)
(-2.5074561e-08 -1.2388395e-05 0)
(2.1819356e-08 -1.2388651e-05 0)
(4.6085609e-08 -1.7148643e-06 0)
(9.6180179e-09 8.0004184e-06 0)
(-5.4297264e-09 6.0999302e-06 0)
(7.8788515e-09 6.0985586e-06 0)
(4.2681591e-09 8.0113217e-06 0)
(-1.0545882e-08 -1.7082565e-06 0)
(-1.4528821e-08 -1.2397415e-05 0)
(1.1289805e-08 -1.2399063e-05 0)
(8.2155211e-09 -1.7106101e-06 0)
(-5.3556888e-09 8.0081469e-06 0)
(-7.9246311e-09 6.0973887e-06 0)
(5.4174087e-09 6.0934297e-06 0)
(1.7482154e-08 8.0131554e-06 0)
(1.7225072e-09 -1.7030717e-06 0)
(9.254894e-10 -1.2398639e-05 0)
(-4.0549778e-09 -1.2399609e-05 0)
(-4.0027482e-09 -1.7067383e-06 0)
(-1.8497875e-08 8.0099375e-06 0)
(-5.5096394e-09 6.0918044e-06 0)
(6.5043421e-09 6.0871256e-06 0)
(1.5850091e-08 8.0125447e-06 0)
(1.4814849e-08 -1.6993293e-06 0)
(-4.0551072e-10 -1.2394452e-05 0)
(-2.5357602e-09 -1.2396319e-05 0)
(-1.6961862e-08 -1.7029181e-06 0)
(-1.6818938e-08 8.0083735e-06 0)
(-6.5700536e-09 6.0853805e-06 0)
(3.4449932e-09 6.0814116e-06 0)
(1.8444359e-08 8.0100096e-06 0)
(1.1157916e-08 -1.6954937e-06 0)
(6.8086637e-09 -1.2389448e-05 0)
(-9.4801464e-09 -1.2390973e-05 0)
(-1.3084119e-08 -1.7000145e-06 0)
(-1.9337294e-08 8.0056453e-06 0)
(-3.5083794e-09 6.0793163e-06 0)
(4.2086198e-09 6.0765673e-06 0)
(1.118916e-08 8.0078259e-06 0)
(1.4228309e-08 -1.6930386e-06 0)
(9.0790445e-10 -1.2384118e-05 0)
(-3.2025247e-09 -1.2386228e-05 0)
(-1.5926293e-08 -1.6976219e-06 0)
(-1.1926736e-08 8.0027678e-06 0)
(-4.2732387e-09 6.0743428e-06 0)
(1.3510898e-09 6.0731299e-06 0)
(1.091489e-08 8.0057932e-06 0)
(5.6796218e-09 -1.6908807e-06 0)
(5.152286e-09 -1.238037e-05 0)
(-7.0338994e-09 -1.2382291e-05 0)
(-7.0110614e-09 -1.6961031e-06 0)
(-1.1556105e-08 8.0005535e-06 0)
(-1.3818236e-09 6.0706589e-06 0)
(2.2999357e-09 6.0708842e-06 0)
(3.1946572e-09 8.0048223e-06 0)
(6.4328092e-09 -1.6897429e-06 0)
(-1.7047867e-09 -1.2377808e-05 0)
(3.3264988e-10 -1.2380111e-05 0)
(-7.4658719e-09 -1.6950104e-06 0)
(-3.6071057e-09 7.9991314e-06 0)
(-2.34779e-09 6.0683304e-06 0)
(-1.5558617e-10 6.0698477e-06 0)
(3.3439795e-09 8.0044907e-06 0)
(-2.1744431e-09 -1.6888986e-06 0)
(2.0892951e-09 -1.2377068e-05 0)
(-2.9723086e-09 -1.2379225e-05 0)
(1.5879406e-09 -1.6945516e-06 0)
(-3.6530909e-09 7.9987291e-06 0)
(1.6008117e-10 6.0671559e-06 0)
(1.0899364e-09 6.0697012e-06 0)
(-3.1544352e-09 8.0050827e-06 0)
(-7.35107e-10 -1.6887069e-06 0)
(-4.3915456e-09 -1.2377506e-05 0)
(4.0604393e-09 -1.2379896e-05 0)
(4.5878535e-10 -1.6943034e-06 0)
(3.104782e-09 7.9991026e-06 0)
(-1.1138138e-09 6.0670023e-06 0)
(-1.0241871e-09 6.0703216e-06 0)
(-1.7493932e-09 8.0061993e-06 0)
(-8.0044739e-09 -1.6886935e-06 0)
(-1.9704471e-10 -1.2379281e-05 0)
(3.4015903e-10 -1.2381518e-05 0)
(8.1787746e-09 -1.6944515e-06 0)
(1.7836642e-09 8.0003013e-06 0)
(1.061919e-09 6.0675897e-06 0)
(4.6040982e-10 6.0714466e-06 0)
(-6.9347125e-09 8.0079032e-06 0)
(-5.261576e-09 -1.6890636e-06 0)
(-6.0743911e-09 -1.2381804e-05 0)
(6.720015e-09 -1.2384162e-05 0)
(5.6953576e-09 -1.6946361e-06 0)
(7.2207075e-09 8.0019949e-06 0)
(-4.6112004e-10 6.0687881e-06 0)
(-1.4354578e-09 6.0729671e-06 0)
(-4.447325e-09 8.0098933e-06 0)
(-1.1249589e-08 -1.6895011e-06 0)
(-1.3994818e-09 -1.2385124e-05 0)
(2.4261953e-09 -1.2387299e-05 0)
(1.2075483e-08 -1.6950497e-06 0)
(4.7740138e-09 8.0042154e-06 0)
(1.4996756e-09 6.0703648e-06 0)
(1.9529783e-10 6.0747088e-06 0)
(-8.7195604e-09 8.0121908e-06 0)
(-7.4729908e-09 -1.6901567e-06 0)
(-6.8304421e-09 -1.2388784e-05 0)
(8.2451821e-09 -1.2390998e-05 0)
(8.4631742e-09 -1.6954034e-06 0)
(9.2643541e-09 8.0066674e-06 0)
(-1.7913306e-10 6.0722466e-06 0)
(-1.5845588e-09 6.0766144e-06 0)
(-5.5544193e-09 8.0145846e-06 0)
(-1.262152e-08 -1.6908029e-06 0)
(-1.8377739e-09 -1.2392851e-05 0)
(3.4954579e-09 -1.2394856e-05 0)
(1.3909358e-08 -1.6958897e-06 0)
(6.0839044e-09 8.0094054e-06 0)
(1.6657503e-09 6.0742725e-06 0)
(1.1821909e-10 6.0785786e-06 0)
(-9.3180512e-09 8.0171152e-06 0)
(-8.2375589e-09 -1.6915769e-06 0)
(-7.0271622e-09 -1.239699e-05 0)
(8.9304714e-09 -1.239898e-05 0)
(9.5766718e-09 -1.6962806e-06 0)
(1.0021088e-08 8.0122004e-06 0)
(-9.3745115e-11 6.0764198e-06 0)
(-1.6087337e-09 6.0805889e-06 0)
(-5.8112843e-09 8.0196303e-06 0)
(-1.2943947e-08 -1.6922959e-06 0)
(-1.8883513e-09 -1.2401309e-05 0)
(3.8872374e-09 -1.2403072e-05 0)
(1.4478074e-08 -1.6967568e-06 0)
(6.4425553e-09 8.0151256e-06 0)
(1.697124e-09 6.0785859e-06 0)
(1.207055e-10 6.0825808e-06 0)
(-9.3379118e-09 8.0221988e-06 0)
(-8.2790325e-09 -1.6930974e-06 0)
(-6.9788909e-09 -1.2405555e-05 0)
(9.0857819e-09 -1.2407273e-05 0)
(9.7573816e-09 -1.6971368e-06 0)
(1.0099633e-08 8.0180128e-06 0)
(-9.6109872e-11 6.0807786e-06 0)
(-1.5850156e-09 6.0845704e-06 0)
(-5.6971403e-09 8.0246991e-06 0)
(-1.2793926e-08 -1.6938189e-06 0)
(-1.8065949e-09 -1.2409867e-05 0)
(3.8795993e-09 -1.2411357e-05 0)
(1.4377114e-08 -1.6975821e-06 0)
(6.339265e-09 8.0209413e-06 0)
(1.6724652e-09 6.0829335e-06 0)
(1.4794222e-10 6.0865128e-06 0)
(-9.1326934e-09 8.0272218e-06 0)
(-8.03867e-09 -1.6946018e-06 0)
(-6.8705842e-09 -1.2414041e-05 0)
(8.9400221e-09 -1.2415475e-05 0)
(9.4802175e-09 -1.6979448e-06 0)
(9.871252e-09 8.023789e-06 0)
(-1.294577e-10 6.0850721e-06 0)
(-1.5492916e-09 6.0884389e-06 0)
(-5.4634113e-09 8.0296575e-06 0)
(-1.2488251e-08 -1.6952921e-06 0)
(-1.7200483e-09 -1.2418231e-05 0)
(3.6588303e-09 -1.2419448e-05 0)
(1.3968003e-08 -1.6983651e-06 0)
(6.0476788e-09 8.0266318e-06 0)
(1.630211e-09 6.0871532e-06 0)
(1.7726177e-10 6.0903116e-06 0)
(-8.8718302e-09 8.0321093e-06 0)
(-7.7330129e-09 -1.6960343e-06 0)
(-6.7816259e-09 -1.2422263e-05 0)
(8.640414e-09 -1.2423428e-05 0)
(9.0126023e-09 -1.6987193e-06 0)
(9.5305695e-09 8.02938e-06 0)
(-1.6863076e-10 6.0892017e-06 0)
(-1.5148842e-09 6.0921681e-06 0)
(-5.2178858e-09 8.0344714e-06 0)
(-1.2166474e-08 -1.6966789e-06 0)
(-1.6709157e-09 -1.2426293e-05 0)
(3.3387257e-09 -1.2427261e-05 0)
(1.3443915e-08 -1.6991273e-06 0)
(5.701374e-09 8.032101e-06 0)
(1.5862966e-09 6.0911898e-06 0)
(2.0190798e-10 6.093973e-06 0)
(-8.6196176e-09 8.0368523e-06 0)
(-7.4439345e-09 -1.6973714e-06 0)
(-6.7291545e-09 -1.2430163e-05 0)
(8.2753611e-09 -1.2431092e-05 0)
(8.48928e-09 -1.699484e-06 0)
(9.1672482e-09 8.0347279e-06 0)
(-2.0457438e-10 6.0931409e-06 0)
(-1.4848045e-09 6.0957656e-06 0)
(-4.9939181e-09 8.039146e-06 0)
(-1.1871703e-08 -1.6979656e-06 0)
(-1.6577857e-09 -1.2434027e-05 0)
(2.9854679e-09 -1.2434786e-05 0)
(1.2898036e-08 -1.6998904e-06 0)
(5.3571797e-09 8.0373176e-06 0)
(1.5458866e-09 6.0950353e-06 0)
(2.2159243e-10 6.09751e-06 0)
(-8.3902903e-09 8.0414622e-06 0)
(-7.1872337e-09 -1.6986061e-06 0)
(-6.7023027e-09 -1.2437738e-05 0)
(7.8957458e-09 -1.2438475e-05 0)
(7.9714041e-09 -1.7002569e-06 0)
(8.8167087e-09 8.0398199e-06 0)
(-2.3525962e-10 6.0968929e-06 0)
(-1.4583053e-09 6.0992453e-06 0)
(-4.7929315e-09 8.0436946e-06 0)
(-1.1604206e-08 -1.6991507e-06 0)
(-1.6632783e-09 -1.2441443e-05 0)
(2.6360498e-09 -1.2442039e-05 0)
(1.2370489e-08 -1.700668e-06 0)
(5.0347126e-09 8.0422812e-06 0)
(1.5097272e-09 6.0986993e-06 0)
(2.3791994e-10 6.1009354e-06 0)
(-8.178937e-09 8.0459515e-06 0)
(-6.9531695e-09 -1.6997409e-06 0)
(-6.6826062e-09 -1.2445004e-05 0)
(7.5294526e-09 -1.2445596e-05 0)
(7.4828996e-09 -1.7010472e-06 0)
(8.4893137e-09 8.0446637e-06 0)
(-2.6119457e-10 6.1004704e-06 0)
(-1.4338264e-09 6.1026182e-06 0)
(-4.6062367e-09 8.0481269e-06 0)
(-1.1350473e-08 -1.7002394e-06 0)
(-1.668624e-09 -1.2448559e-05 0)
(2.3097936e-09 -1.2449038e-05 0)
(1.1875346e-08 -1.7014648e-06 0)
(4.7374565e-09 8.0470037e-06 0)
(1.4771099e-09 6.1021958e-06 0)
(2.5255549e-10 6.1042572e-06 0)
(-7.9762085e-09 8.0503265e-06 0)
(-6.7265034e-09 -1.7007831e-06 0)
(-6.6537421e-09 -1.2451978e-05 0)
(7.190315e-09 -1.245247e-05 0)
(7.030108e-09 -1.7018561e-06 0)
(8.1851264e-09 8.0492742e-06 0)
(-2.8351279e-10 6.1038874e-06 0)
(-1.4100584e-09 6.1058893e-06 0)
(-4.4244826e-09 8.0524456e-06 0)
(-1.1096419e-08 -1.7012403e-06 0)
(-1.65963e-09 -1.2455391e-05 0)
(2.0152377e-09 -1.2455796e-05 0)
(1.1414683e-08 -1.7022785e-06 0)
(4.4628198e-09 8.0515016e-06 0)
(1.447065e-09 6.105538e-06 0)
(2.6668872e-10 6.1074782e-06 0)
(-7.7740876e-09 8.0545867e-06 0)
(-6.4945955e-09 -1.7017425e-06 0)
(-6.6048422e-09 -1.2458677e-05 0)
(6.8835657e-09 -1.2459108e-05 0)
(6.6116065e-09 -1.7026788e-06 0)
(7.9006748e-09 8.0536678e-06 0)
(-3.0329108e-10 6.107156e-06 0)
(-1.3861776e-09 6.1090593e-06 0)
(-4.2408216e-09 8.0566477e-06 0)
(-1.0832003e-08 -1.7021637e-06 0)
(-1.6279841e-09 -1.2461955e-05 0)
(1.7543557e-09 -1.2462321e-05 0)
(1.0985481e-08 -1.7031028e-06 0)
(4.2065099e-09 8.0557907e-06 0)
(1.4187567e-09 6.1087369e-06 0)
(2.8101046e-10 6.1105972e-06 0)
(-7.5674132e-09 8.0587273e-06 0)
(-6.2495526e-09 -1.7026295e-06 0)
(-6.5305879e-09 -1.2465113e-05 0)
(6.6092772e-09 -1.2465515e-05 0)
(6.222917e-09 -1.7035077e-06 0)
(7.6317913e-09 8.05786e-06 0)
(-3.2137379e-10 6.1102859e-06 0)
(-1.3617813e-09 6.112126e-06 0)
(-4.0513296e-09 8.0607266e-06 0)
(-1.0551869e-08 -1.70302e-06 0)
(-1.5704794e-09 -1.246826e-05 0)
(1.5252773e-09 -1.2468614e-05 0)
(1.058292e-08 -1.7039292e-06 0)
(3.9642705e-09 8.0598855e-06 0)
(1.3915651e-09 6.1118008e-06 0)
(2.9583955e-10 6.1136112e-06 0)
(-7.3536975e-09 8.0627404e-06 0)
(-5.9878742e-09 -1.7034543e-06 0)
(-6.4300306e-09 -1.2471293e-05 0)
(6.3646274e-09 -1.247169e-05 0)
(5.8587347e-09 -1.7043339e-06 0)
(7.3746941e-09 8.0618637e-06 0)
(-3.3837241e-10 6.1132842e-06 0)
(-1.3367563e-09 6.1150857e-06 0)
(-3.8544582e-09 8.0646739e-06 0)
(-1.0254493e-08 -1.7038187e-06 0)
(-1.4875886e-09 -1.2474312e-05 0)
(1.3241115e-09 -1.2474676e-05 0)
(1.0201939e-08 -1.7047485e-06 0)
(3.7324912e-09 8.0637976e-06 0)
(1.3650668e-09 6.114736e-06 0)
(3.1125786e-10 6.1165164e-06 0)
(-7.1324395e-09 8.0666178e-06 0)
(-5.7093192e-09 -1.7042258e-06 0)
(-6.305148e-09 -1.2477222e-05 0)
(6.1454174e-09 -1.2477632e-05 0)
(5.513984e-09 -1.7051486e-06 0)
(7.1263331e-09 8.0656898e-06 0)
(-3.5470891e-10 6.1161563e-06 0)
(-1.3111624e-09 6.1179347e-06 0)
(-3.6502994e-09 8.0684813e-06 0)
(-9.9409839e-09 -1.7045681e-06 0)
(-1.3820663e-09 -1.2480116e-05 0)
(1.1461678e-09 -1.2480503e-05 0)
(9.8379752e-09 -1.7055525e-06 0)
(3.5083622e-09 8.0675368e-06 0)
(1.3389942e-09 6.1175471e-06 0)
(3.2721311e-10 6.1193089e-06 0)
(-6.9044259e-09 8.0703515e-06 0)
(-5.4157405e-09 -1.7049518e-06 0)
(-6.1595812e-09 -1.2482904e-05 0)
(5.9470667e-09 -1.2483339e-05 0)
(5.1843018e-09 -1.7059439e-06 0)
(6.8844441e-09 8.0693466e-06 0)
(-3.7066058e-10 6.1189061e-06 0)
(-1.285149e-09 6.1206692e-06 0)
(-3.4399473e-09 8.0721415e-06 0)
(-9.6140289e-09 -1.7052754e-06 0)
(-1.2578336e-09 -1.2485674e-05 0)
(9.8674065e-10 -1.2486092e-05 0)
(9.4872777e-09 -1.7063339e-06 0)
(3.2898538e-09 8.0711104e-06 0)
(1.3131969e-09 6.1202372e-06 0)
(3.4358631e-10 6.1219856e-06 0)
(-6.6711768e-09 8.0739348e-06 0)
(-5.1101475e-09 -1.7056386e-06 0)
(-5.9976884e-09 -1.2488342e-05 0)
(5.7652261e-09 -1.2488807e-05 0)
(4.8662227e-09 -1.7067134e-06 0)
(6.647488e-09 8.0728408e-06 0)
(-3.8639637e-10 6.1215363e-06 0)
(-1.2589031e-09 6.1232867e-06 0)
(-3.2250267e-09 8.0756487e-06 0)
(-9.2770893e-09 -1.705946e-06 0)
(-1.1191932e-09 -1.2490988e-05 0)
(8.4156926e-10 -1.2491442e-05 0)
(9.1470007e-09 -1.707087e-06 0)
(3.0756264e-09 8.0745243e-06 0)
(1.2876108e-09 6.1228088e-06 0)
(3.6023266e-10 6.1245441e-06 0)
(-6.4345547e-09 8.0773627e-06 0)
(-4.7960394e-09 -1.7062911e-06 0)
(-5.8239118e-09 -1.2493538e-05 0)
(5.5961108e-09 -1.2494035e-05 0)
(4.5571957e-09 -1.707452e-06 0)
(6.4145457e-09 8.0761775e-06 0)
(-4.0200529e-10 6.1240492e-06 0)
(-1.2326187e-09 6.1257853e-06 0)
(-3.0073739e-09 8.0789986e-06 0)
(-8.9338592e-09 -1.7065843e-06 0)
(-9.7033175e-10 -1.2496062e-05 0)
(7.0706352e-10 -1.2496551e-05 0)
(8.8151655e-09 -1.7078075e-06 0)
(2.8649144e-09 8.0777831e-06 0)
(1.2622331e-09 6.125264e-06 0)
(3.770042e-10 6.1269833e-06 0)
(-6.1965091e-09 8.0806319e-06 0)
(-4.4769716e-09 -1.706913e-06 0)
(-5.6423986e-09 -1.2498493e-05 0)
(5.4366382e-09 -1.2499021e-05 0)
(4.2555059e-09 -1.7081561e-06 0)
(6.1851988e-09 8.079361e-06 0)
(-4.1751856e-10 6.1264465e-06 0)
(-1.2064802e-09 6.1281643e-06 0)
(-2.7888359e-09 8.0821889e-06 0)
(-8.5879261e-09 -1.7071935e-06 0)
(-8.1504126e-10 -1.2500897e-05 0)
(5.8037007e-10 -1.2501418e-05 0)
(8.4905526e-09 -1.7084922e-06 0)
(2.6574061e-09 8.0808905e-06 0)
(1.2371034e-09 6.1276044e-06 0)
(3.9376159e-10 6.1293029e-06 0)
(-5.9589211e-09 8.083741e-06 0)
(-4.1562965e-09 -1.7075071e-06 0)
(-5.4568057e-09 -1.2503211e-05 0)
(5.2844378e-09 -1.2503767e-05 0)
(3.9601454e-09 -1.7088233e-06 0)
(5.9594101e-09 8.0823946e-06 0)
(-4.3292736e-10 6.1287299e-06 0)
(-1.1806549e-09 6.1304238e-06 0)
(-2.571151e-09 8.0852188e-06 0)
(-8.2425784e-09 -1.7077757e-06 0)
(-6.5659125e-10 -1.2505495e-05 0)
(4.5933977e-10 -1.2506045e-05 0)
(8.1725604e-09 -1.7091395e-06 0)
(2.4531266e-09 8.0838498e-06 0)
(1.2122874e-09 6.1298317e-06 0)
(4.1037981e-10 6.1315033e-06 0)
(-5.7235147e-09 8.08669e-06 0)
(-3.8370245e-09 -1.7080753e-06 0)
(-5.2702263e-09 -1.2507695e-05 0)
(5.1377878e-09 -1.2508273e-05 0)
(3.6706658e-09 -1.7094524e-06 0)
(5.7374132e-09 8.0852815e-06 0)
(-4.4819689e-10 6.1309011e-06 0)
(-1.1552889e-09 6.1325649e-06 0)
(-2.3558852e-09 8.0880892e-06 0)
(-7.9007099e-09 -1.7083328e-06 0)
(-4.9769729e-10 -1.2509862e-05 0)
(3.4244103e-10 -1.2510434e-05 0)
(7.8610574e-09 -1.7097485e-06 0)
(2.2523342e-09 8.0866641e-06 0)
(1.1878651e-09 6.1319478e-06 0)
(4.2675016e-10 6.1335862e-06 0)
(-5.4918119e-09 8.0894803e-06 0)
(-3.5217626e-09 -1.7086189e-06 0)
(-5.0851905e-09 -1.2511947e-05 0)
(4.9955144e-09 -1.2512543e-05 0)
(3.3870326e-09 -1.7100429e-06 0)
(5.5196163e-09 8.0880247e-06 0)
(-4.6327722e-10 6.1329622e-06 0)
(-1.1305069e-09 6.1345895e-06 0)
(-2.1444008e-09 8.090802e-06 0)
(-7.5647863e-09 -1.7088658e-06 0)
(-3.4054473e-10 -1.2514e-05 0)
(2.2865155e-10 -1.2514588e-05 0)
(7.556243e-09 -1.7103191e-06 0)
(2.0554313e-09 8.0893362e-06 0)
(1.1639213e-09 6.1339546e-06 0)
(4.4278052e-10 6.1355537e-06 0)
(-5.2651153e-09 8.0921145e-06 0)
(-3.2127014e-09 -1.7091389e-06 0)
(-4.9037068e-09 -1.2515974e-05 0)
(4.8568821e-09 -1.2516582e-05 0)
(3.1094936e-09 -1.7105951e-06 0)
(5.3065227e-09 8.0906273e-06 0)
(-4.7811184e-10 6.1349152e-06 0)
(-1.1064124e-09 6.1364999e-06 0)
(-1.937849e-09 8.0933604e-06 0)
(-7.2368479e-09 -1.7093754e-06 0)
(-1.8684001e-10 -1.2517914e-05 0)
(1.1734835e-10 -1.2518514e-05 0)
(7.2585267e-09 -1.7108519e-06 0)
(1.8628929e-09 8.0918694e-06 0)
(1.1405389e-09 6.1358546e-06 0)
(4.5839484e-10 6.1374085e-06 0)
(-5.044507e-09 8.0945963e-06 0)
(-2.9116283e-09 -1.7096359e-06 0)
(-4.7273206e-09 -1.251978e-05 0)
(4.7214878e-09 -1.2520394e-05 0)
(2.8384682e-09 -1.71111e-06 0)
(5.0986675e-09 8.0930925e-06 0)
(-4.9264353e-10 6.1367626e-06 0)
(-1.0830888e-09 6.1382993e-06 0)
(-1.737173e-09 8.0957685e-06 0)
(-6.9185329e-09 -1.7098623e-06 0)
(-3.7873023e-11 -1.2521611e-05 0)
(8.2072174e-12 -1.2522216e-05 0)
(6.9684293e-09 -1.711348e-06 0)
(1.6752112e-09 8.0942671e-06 0)
(1.1177939e-09 6.1376502e-06 0)
(4.7353212e-10 6.139154e-06 0)
(-4.830857e-09 8.09693e-06 0)
(-2.6199564e-09 -1.7101104e-06 0)
(-4.5571792e-09 -1.2523371e-05 0)
(4.5891685e-09 -1.2523985e-05 0)
(2.5744588e-09 -1.7115886e-06 0)
(4.8965715e-09 8.0954238e-06 0)
(-5.0681866e-10 6.138507e-06 0)
(-1.0606012e-09 6.1399911e-06 0)
(-1.5431189e-09 8.0980309e-06 0)
(-6.6111103e-09 -1.7103267e-06 0)
(1.0541991e-10 -1.2525096e-05 0)
(-9.8883233e-11 -1.25257e-05 0)
(6.6865063e-09 -1.7118087e-06 0)
(1.4928553e-09 8.0965326e-06 0)
(1.0957529e-09 6.1393444e-06 0)
(4.8814528e-10 6.1407937e-06 0)
(-4.6248376e-09 8.0991207e-06 0)
(-2.3387592e-09 -1.7105627e-06 0)
(-4.3940941e-09 -1.2526754e-05 0)
(4.4599246e-09 -1.2527364e-05 0)
(2.3179839e-09 -1.7120326e-06 0)
(4.7007076e-09 8.0976248e-06 0)
(-5.2058982e-10 6.1401516e-06 0)
(-1.0389973e-09 6.1415792e-06 0)
(-1.3562512e-09 8.1001529e-06 0)
(-6.3155178e-09 -1.7107691e-06 0)
(2.4239754e-10 -1.2528376e-05 0)
(-2.0389114e-10 -1.2528976e-05 0)
(6.4132918e-09 -1.7122357e-06 0)
(1.3162431e-09 8.0986699e-06 0)
(1.0744708e-09 6.1409402e-06 0)
(5.0219978e-10 6.1423317e-06 0)
(-4.4269399e-09 8.1011738e-06 0)
(-2.0688077e-09 -1.7109931e-06 0)
(-4.2385976e-09 -1.2529935e-05 0)
(4.3338591e-09 -1.2530536e-05 0)
(2.0695299e-09 -1.7124436e-06 0)
(4.5114797e-09 8.0996995e-06 0)
(-5.3391744e-10 6.1416994e-06 0)
(-1.0183097e-09 6.1430676e-06 0)
(-1.1769693e-09 8.1021402e-06 0)
(-6.0324003e-09 -1.7111897e-06 0)
(3.7266102e-10 -1.2531459e-05 0)
(-3.0669604e-10 -1.2532049e-05 0)
(6.1492596e-09 -1.7126307e-06 0)
(1.1457242e-09 8.1006831e-06 0)
(1.0539905e-09 6.1424409e-06 0)
(5.1567264e-10 6.1437722e-06 0)
(-4.2374922e-09 8.1030951e-06 0)
(-1.8106081e-09 -1.711402e-06 0)
(-4.0909931e-09 -1.2532923e-05 0)
(4.2111309e-09 -1.2533511e-05 0)
(1.8295182e-09 -1.7128235e-06 0)
(4.3292098e-09 8.1016521e-06 0)
(-5.4677033e-10 6.1431539e-06 0)
(-9.9855709e-10 6.1444606e-06 0)
(-1.0055255e-09 8.1039986e-06 0)
(-5.7621471e-09 -1.7115888e-06 0)
(4.9600856e-10 -1.2534351e-05 0)
(-4.0713037e-10 -1.2534928e-05 0)
(5.8947984e-09 -1.7129956e-06 0)
(9.8157008e-10 8.1025763e-06 0)
(1.0343431e-09 6.14385e-06 0)
(5.2855094e-10 6.1451194e-06 0)
(-4.0566788e-09 8.1048906e-06 0)
(-1.5644369e-09 -1.7117897e-06 0)
(-3.9513984e-09 -1.2535724e-05 0)
(4.0919206e-09 -1.2536296e-05 0)
(1.5982857e-09 -1.7131741e-06 0)
(4.1541335e-09 8.1034869e-06 0)
(-5.5912605e-10 6.1445185e-06 0)
(-9.7974608e-10 6.1457625e-06 0)
(-8.4204263e-10 8.1057342e-06 0)
(-5.5049282e-09 -1.7119669e-06 0)
(6.1239631e-10 -1.2537062e-05 0)
(-5.050098e-10 -1.2537622e-05 0)
(5.6501978e-09 -1.7133323e-06 0)
(8.239711e-10 8.1043539e-06 0)
(1.0155479e-09 6.1451711e-06 0)
(5.4083067e-10 6.1463776e-06 0)
(-3.8845583e-09 8.1065663e-06 0)
(-1.330375e-09 -1.7121565e-06 0)
(-3.8197833e-09 -1.2538347e-05 0)
(3.976406e-09 -1.25389e-05 0)
(1.3760738e-09 -1.7134974e-06 0)
(3.986399e-09 8.1052084e-06 0)
(-5.7097034e-10 6.1457971e-06 0)
(-9.6187265e-10 6.1469777e-06 0)
(-6.8653169e-10 8.107353e-06 0)
(-5.2607273e-09 -1.7123242e-06 0)
(7.2190489e-10 -1.2539597e-05 0)
(-6.0015506e-10 -1.2540139e-05 0)
(5.4156433e-09 -1.7136425e-06 0)
(6.7303725e-10 8.1060206e-06 0)
(9.976136e-10 6.1464079e-06 0)
(5.5251567e-10 6.1475513e-06 0)
(-3.7210817e-09 8.1081283e-06 0)
(-1.1083384e-09 -1.7125028e-06 0)
(-3.6960009e-09 -1.2540799e-05 0)
(3.8647449e-09 -1.2541332e-05 0)
(1.1630256e-09 -1.7137951e-06 0)
(3.8260713e-09 8.1068211e-06 0)
(-5.8229667e-10 6.1469931e-06 0)
(-9.4492378e-10 6.1481105e-06 0)
(-5.3890827e-10 8.108861e-06 0)
(-5.0293728e-09 -1.7126612e-06 0)
(8.2471173e-10 -1.2541966e-05 0)
(-6.924065e-10 -1.2542488e-05 0)
(5.1912162e-09 -1.7139282e-06 0)
(5.2880228e-10 8.1075809e-06 0)
(9.8053959e-10 6.147564e-06 0)
(5.6361634e-10 6.1486448e-06 0)
(-3.5661087e-09 8.1095826e-06 0)
(-8.9810648e-10 -1.7128292e-06 0)
(-3.5798149e-09 -1.2543088e-05 0)
(3.7570646e-09 -1.2543599e-05 0)
(9.5918725e-10 -1.7140691e-06 0)
(3.6731378e-09 8.1083297e-06 0)
(-5.9310543e-10 6.1481104e-06 0)
(-9.2887886e-10 6.1491652e-06 0)
(-3.9900786e-10 8.1102642e-06 0)
(-4.8105653e-09 -1.7129785e-06 0)
(9.2106714e-10 -1.2544177e-05 0)
(-7.8163387e-10 -1.2544677e-05 0)
(4.9768986e-09 -1.714191e-06 0)
(3.9122973e-10 8.1090393e-06 0)
(9.643167e-10 6.1486433e-06 0)
(5.7414864e-10 6.1496622e-06 0)
(-3.4194237e-09 8.1109349e-06 0)
(-6.9934796e-10 -1.713136e-06 0)
(-3.470922e-09 -1.2545223e-05 0)
(3.6534554e-09 -1.2545711e-05 0)
(7.6451355e-10 -1.714321e-06 0)
(3.5275154e-09 8.1097389e-06 0)
(-6.0340326e-10 6.1491527e-06 0)
(-9.1371098e-10 6.1501459e-06 0)
(-2.6660058e-10 8.1115683e-06 0)
(-4.6039033e-09 -1.7132764e-06 0)
(1.011275e-09 -1.2546237e-05 0)
(-8.6774146e-10 -1.2546714e-05 0)
(4.7725814e-09 -1.7144327e-06 0)
(2.6022e-10 8.1104007e-06 0)
(9.4892846e-10 6.1496493e-06 0)
(5.8413315e-10 6.1506077e-06 0)
(-3.2807501e-09 8.1121909e-06 0)
(-5.116432e-10 -1.713424e-06 0)
(-3.3689705e-09 -1.254721e-05 0)
(3.553968e-09 -1.2547675e-05 0)
(5.7887557e-10 -1.7145525e-06 0)
(3.3890597e-09 8.111053e-06 0)
(-6.1320212e-10 6.1501235e-06 0)
(-8.9938833e-10 6.1510567e-06 0)
(-1.4140369e-10 8.1127788e-06 0)
(-4.4089048e-09 -1.7135557e-06 0)
(1.0956759e-09 -1.2548153e-05 0)
(-9.5067074e-10 -1.2548607e-05 0)
(4.5780728e-09 -1.7146546e-06 0)
(1.3561852e-10 8.1116693e-06 0)
(9.3435243e-10 6.1505856e-06 0)
(5.9359408e-10 6.1514851e-06 0)
(-3.1497629e-09 8.1133561e-06 0)
(-3.3450459e-10 -1.7136935e-06 0)
(-3.2735763e-09 -1.2549058e-05 0)
(3.458613e-09 -1.2549499e-05 0)
(4.0206988e-10 -1.7147651e-06 0)
(3.2575729e-09 8.1122768e-06 0)
(-6.2251843e-10 6.1510264e-06 0)
(-8.8587513e-10 6.1519015e-06 0)
(-2.3093615e-11 8.113901e-06 0)
(-4.225027e-09 -1.7138169e-06 0)
(1.1746348e-09 -1.2549933e-05 0)
(-1.0304005e-09 -1.2550364e-05 0)
(4.3931093e-09 -1.7148584e-06 0)
(1.7223366e-11 8.1128498e-06 0)
(9.2056104e-10 6.1514558e-06 0)
(6.0255856e-10 6.1522984e-06 0)
(-3.0261004e-09 8.1144356e-06 0)
(-1.6739396e-10 -1.7139453e-06 0)
(-3.1843356e-09 -1.2550774e-05 0)
(3.3673623e-09 -1.2551191e-05 0)
(2.3382775e-10 -1.7149601e-06 0)
(3.1328121e-09 8.1134145e-06 0)
(-6.3137239e-10 6.1518649e-06 0)
(-8.7313262e-10 6.1526838e-06 0)
(8.8684228e-11 8.11494e-06 0)
(-4.0516834e-09 -1.7140606e-06 0)
(1.2485293e-09 -1.2551585e-05 0)
(-1.1069453e-09 -1.2551993e-05 0)
(4.2173655e-09 -1.7150453e-06 0)
(-9.520673e-11 8.1139463e-06 0)
(9.0752285e-10 6.1522632e-06 0)
(6.1105587e-10 6.153051e-06 0)
(-2.9093738e-09 8.1154342e-06 0)
(-9.7376764e-12 -1.71418e-06 0)
(-3.1008347e-09 -1.2552364e-05 0)
(3.2801519e-09 -1.2552758e-05 0)
(7.3825579e-11 -1.7151388e-06 0)
(3.0144981e-09 8.1144704e-06 0)
(-6.3978711e-10 6.1526422e-06 0)
(-8.6112011e-10 6.1534071e-06 0)
(1.9430635e-10 8.1159004e-06 0)
(-3.888258e-09 -1.7142874e-06 0)
(1.3177414e-09 -1.2553114e-05 0)
(-1.1803534e-09 -1.2553499e-05 0)
(4.050465e-09 -1.7152165e-06 0)
(-2.0194508e-10 8.114963e-06 0)
(8.9520319e-10 6.153011e-06 0)
(6.1911681e-10 6.1537463e-06 0)
(-2.7991763e-09 8.1163567e-06 0)
(1.3906074e-10 -1.7143982e-06 0)
(-3.022659e-09 -1.2553834e-05 0)
(3.1968853e-09 -1.2554206e-05 0)
(-7.8305881e-11 -1.7153025e-06 0)
(2.9023224e-09 8.1154485e-06 0)
(-6.4778824e-10 6.1533614e-06 0)
(-8.4979558e-10 6.1540748e-06 0)
(2.9416335e-10 8.1167868e-06 0)
(-3.7341177e-09 -1.714498e-06 0)
(1.3826512e-09 -1.2554528e-05 0)
(-1.250703e-09 -1.2554891e-05 0)
(3.8919902e-09 -1.7153732e-06 0)
(-3.0329001e-10 8.115904e-06 0)
(8.8356521e-10 6.1537022e-06 0)
(6.2677325e-10 6.1543874e-06 0)
(-2.6950905e-09 8.1172072e-06 0)
(2.7960967e-10 -1.7146004e-06 0)
(-2.9493988e-09 -1.2555193e-05 0)
(3.1174375e-09 -1.2555542e-05 0)
(-2.2297209e-10 -1.7154521e-06 0)
(2.7959546e-09 8.1163527e-06 0)
(-6.5540304e-10 6.1540256e-06 0)
(-8.3911626e-10 6.1546899e-06 0)
(3.8865371e-10 8.1176033e-06 0)
(-3.5886221e-09 -1.714693e-06 0)
(1.4436312e-09 -1.2555831e-05 0)
(-1.3180992e-09 -1.2556173e-05 0)
(3.7414915e-09 -1.7155164e-06 0)
(-3.9955859e-10 8.1167728e-06 0)
(8.7257049e-10 6.1543399e-06 0)
(6.3405745e-10 6.1549774e-06 0)
(-2.5966941e-09 8.1179898e-06 0)
(4.1252068e-10 -1.7147874e-06 0)
(-2.8806539e-09 -1.2556444e-05 0)
(3.0416593e-09 -1.2556772e-05 0)
(-3.6060637e-10 -1.7155887e-06 0)
(2.6950485e-09 8.1171866e-06 0)
(-6.6266002e-10 6.1546376e-06 0)
(-8.2903951e-10 6.1552551e-06 0)
(4.7817813e-10 8.1183538e-06 0)
(-3.4511322e-09 -1.7148731e-06 0)
(1.5010429e-09 -1.2557031e-05 0)
(-1.3826696e-09 -1.2557353e-05 0)
(3.5984957e-09 -1.715647e-06 0)
(-4.9108115e-10 8.1175732e-06 0)
(8.6217968e-10 6.1549266e-06 0)
(6.4100192e-10 6.1555189e-06 0)
(-2.5035659e-09 8.1187082e-06 0)
(5.3840117e-10 -1.7149598e-06 0)
(-2.8160379e-09 -1.2557593e-05 0)
(2.969381e-09 -1.2557902e-05 0)
(-4.9166195e-10 -1.7157131e-06 0)
(2.5992475e-09 8.1179537e-06 0)
(-6.6958851e-10 6.1551999e-06 0)
(-8.1952285e-10 6.1557732e-06 0)
(5.6313495e-10 8.1190417e-06 0)
(-3.3210172e-09 -1.7150387e-06 0)
(1.5552338e-09 -1.2558131e-05 0)
(-1.4445609e-09 -1.2558434e-05 0)
(3.4625144e-09 -1.7157658e-06 0)
(-5.7819583e-10 8.1183084e-06 0)
(8.523531e-10 6.155465e-06 0)
(6.476389e-10 6.1560145e-06 0)
(-2.4152894e-09 8.1193657e-06 0)
(6.5784847e-10 -1.7151181e-06 0)
(-2.7551804e-09 -1.2558647e-05 0)
(2.9004173e-09 -1.2558937e-05 0)
(-6.166049e-10 -1.7158261e-06 0)
(2.5081904e-09 8.1186572e-06 0)
(-6.7621823e-10 6.1557151e-06 0)
(-8.1052459e-10 6.1562466e-06 0)
(6.439166e-10 8.1196704e-06 0)
(-3.19766e-09 -1.7151906e-06 0)
(1.6065357e-09 -1.2559138e-05 0)
(-1.5039347e-09 -1.2559423e-05 0)
(3.3330504e-09 -1.7158736e-06 0)
(-6.6124453e-10 8.1189814e-06 0)
(8.4305115e-10 6.1559574e-06 0)
(6.5400036e-10 6.1564664e-06 0)
(-2.3314569e-09 8.1199656e-06 0)
(7.7144512e-10 -1.7152628e-06 0)
(-2.6977286e-09 -1.2559608e-05 0)
(2.8345709e-09 -1.255988e-05 0)
(-7.3590762e-10 -1.7159284e-06 0)
(2.4215146e-09 8.1193001e-06 0)
(-6.8257891e-10 6.1561854e-06 0)
(-8.0200411e-10 6.1566774e-06 0)
(7.2090641e-10 8.1202428e-06 0)
(-3.0804616e-09 -1.7153291e-06 0)
(1.6552634e-09 -1.2560055e-05 0)
(-1.5609642e-09 -1.2560323e-05 0)
(3.2096043e-09 -1.715971e-06 0)
(-7.4056863e-10 8.1195953e-06 0)
(8.3423474e-10 6.1564059e-06 0)
(6.6011738e-10 6.1568768e-06 0)
(-2.2516721e-09 8.1205105e-06 0)
(8.7975504e-10 -1.7153946e-06 0)
(-2.6433486e-09 -1.2560482e-05 0)
(2.771636e-09 -1.2560738e-05 0)
(-8.5004331e-10 -1.7160207e-06 0)
(2.3388612e-09 8.1198851e-06 0)
(-6.8870011e-10 6.1566128e-06 0)
(-7.9392206e-10 6.1570676e-06 0)
(7.944759e-10 8.1207616e-06 0)
(-2.9688445e-09 -1.7154549e-06 0)
(1.7017142e-09 -1.2560886e-05 0)
(-1.6158304e-09 -1.2561139e-05 0)
(3.0916797e-09 -1.7160586e-06 0)
(-8.1650565e-10 8.1201525e-06 0)
(8.2586557e-10 6.1568125e-06 0)
(6.660202e-10 6.1572476e-06 0)
(-2.1755525e-09 8.1210031e-06 0)
(9.8332056e-10 -1.7155139e-06 0)
(-2.5917258e-09 -1.2561272e-05 0)
(2.7114024e-09 -1.2561513e-05 0)
(-9.5948079e-10 -1.7161034e-06 0)
(2.2598773e-09 8.1204147e-06 0)
(-6.9461068e-10 6.1569993e-06 0)
(-7.8624065e-10 6.1574191e-06 0)
(8.6498276e-10 8.1212292e-06 0)
(-2.8622555e-09 -1.7155685e-06 0)
(1.7461672e-09 -1.2561636e-05 0)
(-1.6687192e-09 -1.2561874e-05 0)
(2.9787886e-09 -1.7161369e-06 0)
(-8.8938628e-10 8.1206556e-06 0)
(8.1790662e-10 6.1571791e-06 0)
(6.71738e-10 6.1575804e-06 0)
(-2.1027317e-09 8.1214456e-06 0)
(1.08266e-09 -1.7156211e-06 0)
(-2.5425656e-09 -1.2561983e-05 0)
(2.6536583e-09 -1.256221e-05 0)
(-1.0646797e-09 -1.716177e-06 0)
(2.1842196e-09 8.1208913e-06 0)
(-7.003389e-10 6.1573465e-06 0)
(-7.7892382e-10 6.1577334e-06 0)
(9.3276937e-10 8.1216479e-06 0)
(-2.7601682e-09 -1.7156702e-06 0)
(1.7888837e-09 -1.2562307e-05 0)
(-1.7198176e-09 -1.2562532e-05 0)
(2.8704556e-09 -1.7162063e-06 0)
(-9.5953162e-10 8.1211066e-06 0)
(8.103221e-10 6.1575072e-06 0)
(6.7729881e-10 6.1578768e-06 0)
(-2.0328605e-09 8.1218401e-06 0)
(1.1782656e-09 -1.7157168e-06 0)
(-2.4955928e-09 -1.2562616e-05 0)
(2.5981935e-09 -1.256283e-05 0)
(-1.1660867e-09 -1.716242e-06 0)
(2.1115566e-09 8.1213168e-06 0)
(-7.0591202e-10 6.1576561e-06 0)
(-7.7193725e-10 6.1580121e-06 0)
(9.9816091e-10 8.1220194e-06 0)
(-2.6620847e-09 -1.7157606e-06 0)
(1.830107e-09 -1.2562903e-05 0)
(-1.7693118e-09 -1.2563116e-05 0)
(2.766222e-09 -1.7162673e-06 0)
(-1.0272507e-09 8.1215076e-06 0)
(8.0307781e-10 6.1577984e-06 0)
(6.8272921e-10 6.1581382e-06 0)
(-1.9656089e-09 8.1221885e-06 0)
(1.270602e-09 -1.7158012e-06 0)
(-2.450552e-09 -1.2563176e-05 0)
(2.5448025e-09 -1.2563378e-05 0)
(-1.2641313e-09 -1.7162987e-06 0)
(2.0415713e-09 8.1216932e-06 0)
(-7.1135631e-10 6.1579293e-06 0)
(-7.652487e-10 6.1582563e-06 0)
(1.0614642e-09 8.1223455e-06 0)
(-2.567537e-09 -1.7158399e-06 0)
(1.8700627e-09 -1.2563426e-05 0)
(-1.8173834e-09 -1.2563629e-05 0)
(2.6656496e-09 -1.7163201e-06 0)
(-1.0928382e-09 8.1218602e-06 0)
(7.9614141e-10 6.1580538e-06 0)
(6.8805443e-10 6.1583657e-06 0)
(-1.9006668e-09 8.1224922e-06 0)
(1.3601045e-09 -1.7158748e-06 0)
(-2.4072068e-09 -1.2563663e-05 0)
(2.4932871e-09 -1.2563855e-05 0)
(-1.3592223e-09 -1.7163474e-06 0)
(1.9739635e-09 8.1220221e-06 0)
(-7.166966e-10 6.1581674e-06 0)
(-7.5882798e-10 6.1584671e-06 0)
(1.1229664e-09 8.1226278e-06 0)
(-2.4760886e-09 -1.7159084e-06 0)
(1.9089592e-09 -1.2563879e-05 0)
(-1.8642073e-09 -1.2564072e-05 0)
(2.5683241e-09 -1.716365e-06 0)
(-1.1565724e-09 8.1221661e-06 0)
(7.8948245e-10 6.1582747e-06 0)
(6.9329792e-10 6.1585604e-06 0)
(-1.8377461e-09 8.1227527e-06 0)
(1.4471776e-09 -1.7159378e-06 0)
(-2.3653402e-09 -1.2564082e-05 0)
(2.4434587e-09 -1.2564265e-05 0)
(-1.4517441e-09 -1.7163883e-06 0)
(1.9084515e-09 8.122305e-06 0)
(-7.2195628e-10 6.1583715e-06 0)
(-7.5264713e-10 6.1586456e-06 0)
(1.1829336e-09 8.1228674e-06 0)
(-2.3873364e-09 -1.7159666e-06 0)
(1.9469872e-09 -1.2564263e-05 0)
(-1.909949e-09 -1.2564447e-05 0)
(2.4738592e-09 -1.7164023e-06 0)
(-1.2187128e-09 8.1224266e-06 0)
(7.8307271e-10 6.1584621e-06 0)
(6.9848152e-10 6.1587232e-06 0)
(-1.7765809e-09 8.1229711e-06 0)
(1.5321935e-09 -1.7159906e-06 0)
(-2.3247538e-09 -1.2564433e-05 0)
(2.3951417e-09 -1.2564607e-05 0)
(-1.5420536e-09 -1.7164217e-06 0)
(1.8447747e-09 8.122543e-06 0)
(-7.271571e-10 6.1585424e-06 0)
(-7.4668061e-10 6.1587926e-06 0)
(1.2416094e-09 8.1230655e-06 0)
(-2.3009113e-09 -1.7160147e-06 0)
(1.9843207e-09 -1.2564581e-05 0)
(-1.9547616e-09 -1.2564758e-05 0)
(2.381899e-09 -1.7164321e-06 0)
(-1.279498e-09 8.1226428e-06 0)
(7.7688624e-10 6.1586167e-06 0)
(7.0362502e-10 6.1588547e-06 0)
(-1.7169298e-09 8.1231485e-06 0)
(1.6154906e-09 -1.7160333e-06 0)
(-2.285268e-09 -1.2564718e-05 0)
(2.3481751e-09 -1.2564885e-05 0)
(-1.6304763e-09 -1.7164477e-06 0)
(1.7826955e-09 8.1227374e-06 0)
(-7.3231889e-10 6.158681e-06 0)
(-7.4090524e-10 6.1589087e-06 0)
(1.299214e-09 8.1232231e-06 0)
(-2.2164806e-09 -1.7160528e-06 0)
(2.0211164e-09 -1.2564834e-05 0)
(-1.9987836e-09 -1.2565004e-05 0)
(2.2921226e-09 -1.7164546e-06 0)
(-1.3391437e-09 8.1228159e-06 0)
(7.7089946e-10 6.1587394e-06 0)
(7.0874613e-10 6.1589558e-06 0)
(-1.6585766e-09 8.1232858e-06 0)
(1.6973717e-09 -1.7160663e-06 0)
(-2.2467214e-09 -1.2564939e-05 0)
(2.3024159e-09 -1.25651e-05 0)
(-1.7173027e-09 -1.7164665e-06 0)
(1.7220014e-09 8.122889e-06 0)
(-7.3745946e-10 6.158788e-06 0)
(-7.3530054e-10 6.1589946e-06 0)
(1.355942e-09 8.1233408e-06 0)
(-2.1337493e-09 -1.7160812e-06 0)
(2.0575142e-09 -1.2565022e-05 0)
(-2.0421358e-09 -1.2565187e-05 0)
(2.2042473e-09 -1.7164699e-06 0)
(-1.3978402e-09 8.1229466e-06 0)
(7.6509164e-10 6.1588307e-06 0)
(7.1386034e-10 6.1590268e-06 0)
(-1.6013322e-09 8.1233836e-06 0)
(1.7781018e-09 -1.7160896e-06 0)
(-2.2089714e-09 -1.2565096e-05 0)
(2.2577414e-09 -1.2565253e-05 0)
(-1.8027843e-09 -1.7164781e-06 0)
(1.6625078e-09 8.1229987e-06 0)
(-7.4259436e-10 6.158864e-06 0)
(-7.2984875e-10 6.1590507e-06 0)
(1.4119611e-09 8.1234194e-06 0)
(-2.052462e-09 -1.7161001e-06 0)
(2.0936365e-09 -1.2565148e-05 0)
(-2.0849184e-09 -1.2565309e-05 0)
(2.1180322e-09 -1.7164781e-06 0)
(-1.4557497e-09 8.1230358e-06 0)
(7.5944474e-10 6.1588912e-06 0)
(7.189804e-10 6.1590683e-06 0)
(-1.545036e-09 8.1234426e-06 0)
(1.8579064e-09 -1.7161035e-06 0)
(-2.1718935e-09 -1.2565191e-05 0)
(2.214052e-09 -1.2565344e-05 0)
(-1.8871295e-09 -1.7164826e-06 0)
(1.6040599e-09 8.1230672e-06 0)
(-7.4773655e-10 6.1589093e-06 0)
(-7.2453499e-10 6.1590775e-06 0)
(1.4674098e-09 8.1234595e-06 0)
(-1.972405e-09 -1.7161097e-06 0)
(2.1295885e-09 -1.2565213e-05 0)
(-2.1272084e-09 -1.256537e-05 0)
(2.0332828e-09 -1.7164792e-06 0)
(-1.513004e-09 8.1230841e-06 0)
(7.5394376e-10 6.1589214e-06 0)
(7.2411649e-10 6.1590806e-06 0)
(-1.4895578e-09 8.1234633e-06 0)
(1.9369687e-09 -1.7161082e-06 0)
(-2.1353816e-09 -1.2565225e-05 0)
(2.1712741e-09 -1.2565375e-05 0)
(-1.9704998e-09 -1.7164801e-06 0)
(1.5465356e-09 8.1230951e-06 0)
(-7.5289626e-10 6.1589245e-06 0)
(-7.1934759e-10 6.1590752e-06 0)
(1.5223963e-09 8.1234614e-06 0)
(-1.8934084e-09 -1.71611e-06 0)
(2.1654577e-09 -1.2565216e-05 0)
(-2.1690557e-09 -1.2565371e-05 0)
(1.9498549e-09 -1.7164733e-06 0)
(-1.5697014e-09 8.123092e-06 0)
(7.4857697e-10 6.1589216e-06 0)
(7.2927569e-10 6.1590641e-06 0)
(-1.4347993e-09 8.1234461e-06 0)
(2.0154277e-09 -1.7161037e-06 0)
(-2.0993478e-09 -1.2565199e-05 0)
(2.1293631e-09 -1.2565346e-05 0)
(-2.0530044e-09 -1.7164706e-06 0)
(1.4898482e-09 8.1230829e-06 0)
(-7.5808057e-10 6.1589099e-06 0)
(-7.1427787e-10 6.1590443e-06 0)
(1.5769957e-09 8.1234256e-06 0)
(-1.8153484e-09 -1.7161014e-06 0)
(2.2013141e-09 -1.2565159e-05 0)
(-2.2104805e-09 -1.2565313e-05 0)
(1.8676587e-09 -1.7164604e-06 0)
(-1.6259041e-09 8.1230602e-06 0)
(7.4333603e-10 6.1588922e-06 0)
(7.3446182e-10 6.1590189e-06 0)
(-1.3806964e-09 8.1233913e-06 0)
(2.0933756e-09 -1.7160903e-06 0)
(-2.0637226e-09 -1.2565112e-05 0)
(2.0883067e-09 -1.2565258e-05 0)
(-2.1346962e-09 -1.716454e-06 0)
(1.4339489e-09 8.1230312e-06 0)
(-7.6329321e-10 6.1588659e-06 0)
(-7.0932065e-10 6.1589848e-06 0)
(1.6312483e-09 8.1233525e-06 0)
(-1.7381488e-09 -1.7160838e-06 0)
(2.2372097e-09 -1.2565043e-05 0)
(-2.2514695e-09 -1.2565195e-05 0)
(1.7866637e-09 -1.7164405e-06 0)
(-1.6816347e-09 8.1229891e-06 0)
(7.3821629e-10 6.1588335e-06 0)
(7.3967508e-10 6.1589455e-06 0)
(-1.3272202e-09 8.1232993e-06 0)
(2.1708556e-09 -1.7160681e-06 0)
(-2.0284538e-09 -1.2564967e-05 0)
(2.0481274e-09 -1.2565111e-05 0)
(-2.215567e-09 -1.7164304e-06 0)
(1.37883e-09 8.1229405e-06 0)
(-7.6853412e-10 6.1587927e-06 0)
(-7.0447437e-10 6.1588972e-06 0)
(1.6851581e-09 8.1232422e-06 0)
(-1.661783e-09 -1.7160575e-06 0)
(2.2731787e-09 -1.2564868e-05 0)
(-2.2919724e-09 -1.256502e-05 0)
(1.7069029e-09 -1.7164135e-06 0)
(-1.7368739e-09 8.1228792e-06 0)
(7.3321695e-10 6.1587458e-06 0)
(7.4491183e-10 6.1588439e-06 0)
(-1.2743786e-09 8.1231704e-06 0)
(2.2478605e-09 -1.7160372e-06 0)
(-1.9935065e-09 -1.2564762e-05 0)
(2.0088864e-09 -1.2564907e-05 0)
(-2.2955428e-09 -1.7163997e-06 0)
(1.324527e-09 8.1228112e-06 0)
(-7.7379918e-10 6.1586907e-06 0)
(-6.9974087e-10 6.1587817e-06 0)
(1.7386908e-09 8.1230952e-06 0)
(-1.5862749e-09 -1.7160226e-06 0)
(2.3092383e-09 -1.2564635e-05 0)
(-2.3318984e-09 -1.2564787e-05 0)
(1.6284763e-09 -1.7163794e-06 0)
(-1.7915572e-09 8.122731e-06 0)
(7.283413e-10 6.1586295e-06 0)
(7.5016437e-10 6.1587146e-06 0)
(-1.2222176e-09 8.123005e-06 0)
(2.3243311e-09 -1.715998e-06 0)
(-1.9588616e-09 -1.25645e-05 0)
(1.9706864e-09 -1.2564646e-05 0)
(-2.3744798e-09 -1.7163619e-06 0)
(1.2711212e-09 8.122644e-06 0)
(-7.7907987e-10 6.1585603e-06 0)
(-6.9512578e-10 6.1586384e-06 0)
(1.791773e-09 8.1229118e-06 0)
(-1.5116993e-09 -1.7159793e-06 0)
(2.3453898e-09 -1.2564344e-05 0)
(-2.3711125e-09 -1.2564497e-05 0)
(1.551555e-09 -1.7163381e-06 0)
(-1.8455727e-09 8.1225452e-06 0)
(7.2359668e-10 6.1584849e-06 0)
(7.554207e-10 6.1585577e-06 0)
(-1.1708211e-09 8.1228034e-06 0)
(2.4001561e-09 -1.7159505e-06 0)
(-1.9245134e-09 -1.2564181e-05 0)
(1.9336743e-09 -1.2564328e-05 0)
(-2.4521604e-09 -1.716317e-06 0)
(1.2187413e-09 8.1224395e-06 0)
(-7.8436308e-10 6.1584018e-06 0)
(-6.9063836e-10 6.1584679e-06 0)
(1.8442921e-09 8.1226924e-06 0)
(-1.4381808e-09 -1.715928e-06 0)
(2.3816197e-09 -1.2563997e-05 0)
(-2.4094326e-09 -1.2564151e-05 0)
(1.4763833e-09 -1.7162897e-06 0)
(-1.8987594e-09 8.1223225e-06 0)
(7.1899481e-10 6.1583126e-06 0)
(7.6066444e-10 6.1583737e-06 0)
(-1.1203102e-09 8.122566e-06 0)
(2.4751739e-09 -1.7158951e-06 0)
(-1.890468e-09 -1.2563806e-05 0)
(1.8980436e-09 -1.2563954e-05 0)
(-2.5282915e-09 -1.7162647e-06 0)
(1.1675646e-09 8.1221984e-06 0)
(-7.8963057e-10 6.1582158e-06 0)
(-6.8629141e-10 6.1582704e-06 0)
(1.8960972e-09 8.1224374e-06 0)
(-1.3658909e-09 -1.7158689e-06 0)
(2.4179029e-09 -1.2563594e-05 0)
(-2.4466266e-09 -1.2563749e-05 0)
(1.4032804e-09 -1.7162341e-06 0)
(-1.9509058e-09 8.1220636e-06 0)
(7.1455159e-10 6.1581129e-06 0)
(7.6587474e-10 6.1581629e-06 0)
(-1.0708417e-09 8.1222933e-06 0)
(2.5491753e-09 -1.7158322e-06 0)
(-1.856738e-09 -1.2563376e-05 0)
(1.8640364e-09 -1.2563525e-05 0)
(-2.6025027e-09 -1.7162052e-06 0)
(1.1178166e-09 8.1219216e-06 0)
(-7.9485917e-10 6.1580029e-06 0)
(-6.821009e-10 6.1580464e-06 0)
(1.9470013e-09 8.1221475e-06 0)
(-1.2950428e-09 -1.7158024e-06 0)
(2.4542067e-09 -1.2563137e-05 0)
(-2.4824106e-09 -1.2563294e-05 0)
(1.3326389e-09 -1.7161711e-06 0)
(-2.0017509e-09 8.1217697e-06 0)
(7.1028718e-10 6.1578867e-06 0)
(7.7102649e-10 6.157926e-06 0)
(-1.0226033e-09 8.121986e-06 0)
(2.6219097e-09 -1.7157621e-06 0)
(-1.8233385e-09 -1.2562893e-05 0)
(1.8319434e-09 -1.2563043e-05 0)
(-2.6743486e-09 -1.7161383e-06 0)
(1.0697696e-09 8.1216104e-06 0)
(-8.0002032e-10 6.1577638e-06 0)
(-6.7808549e-10 6.1577966e-06 0)
(1.996786e-09 8.1218232e-06 0)
(-1.2258839e-09 -1.715729e-06 0)
(2.4904953e-09 -1.2562628e-05 0)
(-2.5164481e-09 -1.2562786e-05 0)
(1.2649216e-09 -1.7161006e-06 0)
(-2.0509858e-09 8.1214419e-06 0)
(7.0622553e-10 6.1576347e-06 0)
(7.7609074e-10 6.1576635e-06 0)
(-9.7580849e-10 8.1216448e-06 0)
(2.6930939e-09 -1.7156854e-06 0)
(-1.7902795e-09 -1.2562358e-05 0)
(1.8021038e-09 -1.2562509e-05 0)
(-2.7433127e-09 -1.7160638e-06 0)
(1.0237386e-09 8.121266e-06 0)
(-8.0508051e-10 6.1574993e-06 0)
(-6.742658e-10 6.1575216e-06 0)
(2.0452081e-09 8.1214654e-06 0)
(-1.1586836e-09 -1.7156492e-06 0)
(2.5267374e-09 -1.2562068e-05 0)
(-2.5483516e-09 -1.2562226e-05 0)
(1.2006545e-09 -1.7160226e-06 0)
(-2.0982588e-09 8.1210818e-06 0)
(7.0239413e-10 6.157358e-06 0)
(7.810353e-10 6.1573762e-06 0)
(-9.3068663e-10 8.1212706e-06 0)
(2.7624252e-09 -1.7156028e-06 0)
(-1.757558e-09 -1.2561774e-05 0)
(1.7749008e-09 -1.2561925e-05 0)
(-2.8088168e-09 -1.7159817e-06 0)
(9.8007473e-10 8.1208901e-06 0)
(-8.1000117e-10 6.1572107e-06 0)
(-6.7066343e-10 6.1572223e-06 0)
(2.0920104e-09 8.121075e-06 0)
(-1.0937177e-09 -1.7155637e-06 0)
(2.5629143e-09 -1.256146e-05 0)
(-2.5776865e-09 -1.2561617e-05 0)
(1.1404138e-09 -1.715937e-06 0)
(-2.1431828e-09 8.120691e-06 0)
(6.9882325e-10 6.1570576e-06 0)
(7.8582572e-10 6.1570651e-06 0)
(-8.8747094e-10 8.1208644e-06 0)
(2.8295994e-09 -1.7155149e-06 0)
(-1.7251476e-09 -1.2561142e-05 0)
(1.7507554e-09 -1.2561293e-05 0)
(-2.8702353e-09 -1.7158918e-06 0)
(9.3915475e-10 8.1204845e-06 0)
(-8.1473957e-10 6.1568991e-06 0)
(-6.6729918e-10 6.1568997e-06 0)
(2.136935e-09 8.1206531e-06 0)
(-1.0312468e-09 -1.7154733e-06 0)
(2.5990295e-09 -1.2560806e-05 0)
(-2.6039797e-09 -1.2560961e-05 0)
(1.084807e-09 -1.7158435e-06 0)
(-2.1853477e-09 8.1202717e-06 0)
(6.955448e-10 6.1567349e-06 0)
(7.9042695e-10 6.1567312e-06 0)
(-8.4638171e-10 8.1204273e-06 0)
(2.8943332e-09 -1.7154226e-06 0)
(-1.6929873e-09 -1.2560466e-05 0)
(1.7301141e-09 -1.2560615e-05 0)
(-2.9269183e-09 -1.715794e-06 0)
(9.0136562e-10 8.1200515e-06 0)
(-8.1924962e-10 6.156566e-06 0)
(-6.6419137e-10 6.1565548e-06 0)
(2.1797423e-09 8.1202008e-06 0)
(-9.7149051e-10 -1.715379e-06 0)
(2.6351201e-09 -1.2560109e-05 0)
(-2.6267342e-09 -1.2560261e-05 0)
(1.0344445e-09 -1.715742e-06 0)
(-2.224338e-09 8.1198261e-06 0)
(6.9259088e-10 6.1563917e-06 0)
(7.9480521e-10 6.1563755e-06 0)
(-8.0760506e-10 8.1199606e-06 0)
(2.9563937e-09 -1.7153271e-06 0)
(-1.6609699e-09 -1.2559748e-05 0)
(1.7134289e-09 -1.2559894e-05 0)
(-2.9782241e-09 -1.715688e-06 0)
(8.670826e-10 8.1195935e-06 0)
(-8.2348329e-10 6.1562131e-06 0)
(-6.6135311e-10 6.1561888e-06 0)
(2.2202337e-09 8.1197195e-06 0)
(-9.1459499e-10 -1.7152818e-06 0)
(2.6712667e-09 -1.2559373e-05 0)
(-2.6454525e-09 -1.2559519e-05 0)
(9.8989982e-10 -1.7156322e-06 0)
(-2.2597584e-09 8.1193569e-06 0)
(6.8999188e-10 6.1560295e-06 0)
(7.9893073e-10 6.1559994e-06 0)
(-7.7126677e-10 8.1194656e-06 0)
(3.0156316e-09 -1.7152293e-06 0)
(-1.6289324e-09 -1.2558993e-05 0)
(1.7011282e-09 -1.2559132e-05 0)
(-3.0235666e-09 -1.7155736e-06 0)
(8.3663918e-10 8.1191133e-06 0)
(-8.2739277e-10 6.1558424e-06 0)
(-6.5878931e-10 6.1558031e-06 0)
(2.2582803e-09 8.1192105e-06 0)
(-8.6059625e-10 -1.7151829e-06 0)
(2.707601e-09 -1.2558601e-05 0)
(-2.6596733e-09 -1.2558737e-05 0)
(9.516529e-10 -1.7155139e-06 0)
(-2.2912679e-09 8.1188671e-06 0)
(6.8777349e-10 6.1556505e-06 0)
(8.0278112e-10 6.1556042e-06 0)
(-7.3740112e-10 8.1189436e-06 0)
(3.0720199e-09 -1.7151306e-06 0)
(-1.5966497e-09 -1.2558204e-05 0)
(1.6935706e-09 -1.2558333e-05 0)
(-3.06248e-09 -1.7154504e-06 0)
(8.1028638e-10 8.1186139e-06 0)
(-8.3093362e-10 6.1554559e-06 0)
(-6.5649275e-10 6.155399e-06 0)
(2.2938563e-09 8.1186752e-06 0)
(-8.0937974e-10 -1.7150837e-06 0)
(2.7443079e-09 -1.2557796e-05 0)
(-2.6690253e-09 -1.2557921e-05 0)
(9.2001431e-10 -1.7153867e-06 0)
(-2.318627e-09 8.1183596e-06 0)
(6.8595295e-10 6.1552568e-06 0)
(8.0634542e-10 6.1551911e-06 0)
(-7.0591534e-10 8.118396e-06 0)
(3.1256954e-09 -1.7150325e-06 0)
(-1.5638382e-09 -1.2557384e-05 0)
(1.6909802e-09 -1.25575e-05 0)
(-3.0947076e-09 -1.7153181e-06 0)
(7.8813834e-10 8.1180986e-06 0)
(-8.3406906e-10 6.1550557e-06 0)
(-6.5443983e-10 6.1549777e-06 0)
(2.3270761e-09 8.1181147e-06 0)
(-7.6063884e-10 -1.7149857e-06 0)
(2.781616e-09 -1.2556964e-05 0)
(-2.6733055e-09 -1.2557071e-05 0)
(8.9502255e-10 -1.7152502e-06 0)
(-2.3417596e-09 8.1178378e-06 0)
(6.8453403e-10 6.1548506e-06 0)
(8.0962859e-10 6.1547615e-06 0)
(-6.7655062e-10 8.1178238e-06 0)
(3.1769991e-09 -1.7149363e-06 0)
(-1.5301714e-09 -1.2556538e-05 0)
(1.6933535e-09 -1.2556636e-05 0)
(-3.1203186e-09 -1.7151763e-06 0)
(7.7010169e-10 8.1175705e-06 0)
(-8.3677582e-10 6.1546442e-06 0)
(-6.5258592e-10 6.1545404e-06 0)
(2.3582347e-09 8.1175301e-06 0)
(-7.1383722e-10 -1.7148903e-06 0)
(2.8197723e-09 -1.2556107e-05 0)
(-2.6725878e-09 -1.2556192e-05 0)
(8.7631053e-10 -1.715104e-06 0)
(-2.3608334e-09 8.1173048e-06 0)
(6.8350019e-10 6.154434e-06 0)
(8.126567e-10 6.1543164e-06 0)
(-6.4884293e-10 8.1172281e-06 0)
(3.2265103e-09 -1.7148435e-06 0)
(-1.4953184e-09 -1.255567e-05 0)
(1.7003336e-09 -1.2555744e-05 0)
(-3.1398605e-09 -1.7150244e-06 0)
(7.5578524e-10 8.1170326e-06 0)
(-8.3905205e-10 6.1542233e-06 0)
(-6.5086027e-10 6.1540881e-06 0)
(2.3878463e-09 8.1169222e-06 0)
(-6.6817989e-10 -1.7147989e-06 0)
(2.8589923e-09 -1.2555228e-05 0)
(-2.6673696e-09 -1.2555285e-05 0)
(8.6293527e-10 -1.7149474e-06 0)
(-2.3763615e-09 8.1167634e-06 0)
(6.8280585e-10 6.1540091e-06 0)
(8.1548217e-10 6.1538566e-06 0)
(-6.2208561e-10 8.1166094e-06 0)
(3.2750705e-09 -1.7147554e-06 0)
(-1.4590085e-09 -1.255478e-05 0)
(1.7110442e-09 -1.2554825e-05 0)
(-3.1545499e-09 -1.7148621e-06 0)
(7.4438782e-10 8.1164876e-06 0)
(-8.4092789e-10 6.1537951e-06 0)
(-6.4916161e-10 6.1536213e-06 0)
(2.4166805e-09 8.1162914e-06 0)
(-6.225995e-10 -1.7147127e-06 0)
(2.89938e-09 -1.2554331e-05 0)
(-2.65876e-09 -1.2554353e-05 0)
(8.5316885e-10 -1.7147802e-06 0)
(-2.3893266e-09 8.1162158e-06 0)
(6.8236506e-10 6.1535776e-06 0)
(8.181882e-10 6.1533824e-06 0)
(-5.9529901e-10 8.1159678e-06 0)
(3.3237878e-09 -1.7146731e-06 0)
(-1.4211293e-09 -1.2553873e-05 0)
(1.7238828e-09 -1.2553881e-05 0)
(-3.1665011e-09 -1.7146888e-06 0)
(7.3456489e-10 8.1159373e-06 0)
(-8.4247873e-10 6.1533607e-06 0)
(-6.4735435e-10 6.1531402e-06 0)
(2.4457881e-09 8.1156374e-06 0)
(-5.7576463e-10 -1.7146324e-06 0)
(2.9408157e-09 -1.2553415e-05 0)
(-2.6487071e-09 -1.2553396e-05 0)
(8.4425555e-10 -1.7146019e-06 0)
(-2.4013258e-09 8.1156633e-06 0)
(6.8203761e-10 6.1531404e-06 0)
(8.2089227e-10 6.1528936e-06 0)
(-5.6721147e-10 8.1153027e-06 0)
(3.3740183e-09 -1.7145969e-06 0)
(-1.3818578e-09 -1.2552947e-05 0)
(1.7362797e-09 -1.2552913e-05 0)
(-3.1789842e-09 -1.7145045e-06 0)
(7.2427828e-10 8.115382e-06 0)
(-8.4384125e-10 6.1529208e-06 0)
(-6.4526643e-10 6.1526441e-06 0)
(2.4765143e-09 8.1149593e-06 0)
(-5.2611344e-10 -1.7145581e-06 0)
(2.9828139e-09 -1.2552481e-05 0)
(-2.6402517e-09 -1.2552414e-05 0)
(8.3214978e-10 -1.7144125e-06 0)
(-2.4147268e-09 8.1151054e-06 0)
(6.8161303e-10 6.1526974e-06 0)
(8.2374787e-10 6.1523893e-06 0)
(-5.3625626e-10 8.1146129e-06 0)
(3.427322e-09 -1.7145263e-06 0)
(-1.3418136e-09 -1.2552001e-05 0)
(1.7444456e-09 -1.2551917e-05 0)
(-3.1966881e-09 -1.7143092e-06 0)
(7.1064177e-10 8.1148203e-06 0)
(-8.4523158e-10 6.1524745e-06 0)
(-6.4268947e-10 6.1521317e-06 0)
(2.510494e-09 8.1142557e-06 0)
(-4.7191087e-10 -1.7144887e-06 0)
(3.02437e-09 -1.2551523e-05 0)
(-2.6377746e-09 -1.2551402e-05 0)
(8.1126853e-10 -1.7142125e-06 0)
(-2.4328196e-09 8.1145393e-06 0)
(6.8079354e-10 6.1522471e-06 0)
(8.2694322e-10 6.1518676e-06 0)
(-5.0058663e-10 8.1138966e-06 0)
(3.4853999e-09 -1.7144597e-06 0)
(-1.3022088e-09 -1.2551028e-05 0)
(1.7431523e-09 -1.2550889e-05 0)
(-3.2259448e-09 -1.7141037e-06 0)
(6.8978684e-10 8.1142479e-06 0)
(-8.4696363e-10 6.1520194e-06 0)
(-6.3938195e-10 6.1516006e-06 0)
(2.5496293e-09 8.113524e-06 0)
(-4.1131731e-10 -1.7144215e-06 0)
(3.0638328e-09 -1.2550536e-05 0)
(-2.6471759e-09 -1.2550356e-05 0)
(7.7431659e-10 -1.7140029e-06 0)
(-2.4599299e-09 8.1139592e-06 0)
(6.7917826e-10 6.1517859e-06 0)
(8.3069687e-10 6.1513256e-06 0)
(-4.581079e-10 8.1131507e-06 0)
(3.550031e-09 -1.7143934e-06 0)
(-1.2649436e-09 -1.2550021e-05 0)
(1.7256232e-09 -1.2549824e-05 0)
(-3.2748413e-09 -1.7138895e-06 0)
(6.5678837e-10 8.1136572e-06 0)
(-8.4946464e-10 6.1515508e-06 0)
(-6.3507522e-10 6.1510475e-06 0)
(2.5960528e-09 8.112761e-06 0)
(-3.4244257e-10 -1.714352e-06 0)
(3.0988687e-09 -1.2549508e-05 0)
(-2.6758958e-09 -1.2549267e-05 0)
(7.1227411e-10 -1.7137858e-06 0)
(-2.5014472e-09 8.1133553e-06 0)
(6.7625387e-10 6.1513078e-06 0)
(8.3525111e-10 6.1507593e-06 0)
(-4.0651852e-10 8.1123719e-06 0)
(3.6230446e-09 -1.7143218e-06 0)
(-1.2325701e-09 -1.2548965e-05 0)
(1.6836465e-09 -1.254871e-05 0)
(-3.3531133e-09 -1.7136692e-06 0)
(6.0570971e-10 8.1130361e-06 0)
(-8.5328159e-10 6.151061e-06 0)
(-6.2948203e-10 6.1504675e-06 0)
(2.6520905e-09 8.1119627e-06 0)
(-2.6334233e-10 -1.7142732e-06 0)
(3.1266089e-09 -1.2548422e-05 0)
(-2.7326461e-09 -1.2548122e-05 0)
(6.1466957e-10 -1.7135644e-06 0)
(-2.5636993e-09 8.1127131e-06 0)
(6.7139908e-10 6.1508034e-06 0)
(8.4086449e-10 6.1501632e-06 0)
(-3.433468e-10 8.1115555e-06 0)
(3.7063829e-09 -1.7142366e-06 0)
(-1.2080212e-09 -1.2547841e-05 0)
(1.6080579e-09 -1.2547533e-05 0)
(-3.4716876e-09 -1.7134466e-06 0)
(5.298454e-10 8.1123674e-06 0)
(-8.5907137e-10 6.1505391e-06 0)
(-6.2230734e-10 6.1498547e-06 0)
(2.7202437e-09 8.111124e-06 0)
(-1.7190181e-10 -1.7141752e-06 0)
(3.1440989e-09 -1.2547257e-05 0)
(-2.8267016e-09 -1.2546906e-05 0)
(4.7028719e-10 -1.7133434e-06 0)
(-2.6535914e-09 8.1120129e-06 0)
(6.6391315e-10 6.1502601e-06 0)
(8.4780739e-10 6.1495308e-06 0)
(-2.6596675e-10 8.1106962e-06 0)
(3.802317e-09 -1.7141269e-06 0)
(-1.193995e-09 -1.2546624e-05 0)
(1.4897548e-09 -1.2546276e-05 0)
(-3.6417275e-09 -1.7132266e-06 0)
(4.222523e-10 8.1116287e-06 0)
(-8.6756549e-10 6.1499705e-06 0)
(-6.1326082e-10 6.1492019e-06 0)
(2.8032135e-09 8.1102388e-06 0)
(-6.5558444e-11 -1.7140455e-06 0)
(3.1491638e-09 -1.2545985e-05 0)
(-2.9666105e-09 -1.2545598e-05 0)
(2.6846026e-10 -1.7131283e-06 0)
(-2.7779276e-09 8.1112298e-06 0)
(6.5308227e-10 6.1496613e-06 0)
(8.5636616e-10 6.1488538e-06 0)
(-1.7158606e-10 8.1097875e-06 0)
(3.913867e-09 -1.7139793e-06 0)
(-1.1919175e-09 -1.2545283e-05 0)
(1.3213798e-09 -1.2544915e-05 0)
(-3.8730614e-09 -1.7130151e-06 0)
(2.766596e-10 8.1107923e-06 0)
(-8.7949981e-10 6.149337e-06 0)
(-6.0207484e-10 6.1485002e-06 0)
(2.9039802e-09 8.1092997e-06 0)
(5.9137968e-11 -1.7138698e-06 0)
(3.1417532e-09 -1.2544573e-05 0)
(-3.158255e-09 -1.2544172e-05 0)
(1.0614576e-12 -1.7129255e-06 0)
(-2.9423512e-09 8.1103341e-06 0)
(6.3830165e-10 6.1489872e-06 0)
(8.6686104e-10 6.1481227e-06 0)
(-5.7240923e-11 8.1088213e-06 0)
(4.0454157e-09 -1.7137791e-06 0)
(-1.2005242e-09 -1.2543784e-05 0)
(1.0997103e-09 -1.2543423e-05 0)
(-4.1719636e-09 -1.7128179e-06 0)
(8.8822909e-11 8.1098266e-06 0)
(-8.9550346e-10 6.1486174e-06 0)
(-5.8854292e-10 6.1477391e-06 0)
(3.0258984e-09 8.1082971e-06 0)
(2.0700221e-10 -1.7136325e-06 0)
(3.1256803e-09 -1.2542985e-05 0)
(-3.4023659e-09 -1.25426e-05 0)
(-3.3480258e-10 -1.7127409e-06 0)
(-3.1498973e-09 8.1092935e-06 0)
(6.1927218e-10 6.1482154e-06 0)
(8.7967392e-10 6.1473259e-06 0)
(8.0068241e-11 8.1077868e-06 0)
(4.2033428e-09 -1.7135116e-06 0)
(-1.2143343e-09 -1.2542087e-05 0)
(8.2859044e-10 -1.2541773e-05 0)
(-4.5384188e-09 -1.7126398e-06 0)
(-1.416607e-10 8.1086987e-06 0)
(-9.1594578e-10 6.1477889e-06 0)
(-5.726193e-10 6.1469065e-06 0)
(3.1726454e-09 8.1072186e-06 0)
(3.8434467e-10 -1.7133197e-06 0)
(3.1103912e-09 -1.2541183e-05 0)
(-3.6918894e-09 -1.2540851e-05 0)
(-7.3355512e-10 -1.7125785e-06 0)
(-3.3992253e-09 8.1080761e-06 0)
(5.9629919e-10 6.147323e-06 0)
(8.9525723e-10 6.1464505e-06 0)
(2.4275584e-10 8.1066701e-06 0)
(4.3961931e-09 -1.713165e-06 0)
(-1.2226899e-09 -1.2540156e-05 0)
(5.2192208e-10 -1.2539931e-05 0)
(-4.9632257e-09 -1.7124821e-06 0)
(-4.0911292e-10 8.1073778e-06 0)
(-9.4073998e-10 6.1468298e-06 0)
(-5.5467348e-10 6.1459889e-06 0)
(3.3475869e-09 8.106048e-06 0)
(5.9793185e-10 -1.7129215e-06 0)
(3.1119478e-09 -1.2539133e-05 0)
(-4.0099948e-09 -1.2538892e-05 0)
(-1.1777336e-09 -1.7124385e-06 0)
(-3.68265e-09 8.106655e-06 0)
(5.7073709e-10 6.1462899e-06 0)
(9.1402418e-10 6.1454822e-06 0)
(4.3082159e-10 8.105453e-06 0)
(4.6333547e-09 -1.7127333e-06 0)
(-1.2105768e-09 -1.2537957e-05 0)
(2.0583401e-10 -1.2537867e-05 0)
(-5.4254743e-09 -1.7123413e-06 0)
(-6.9913643e-10 8.1058409e-06 0)
(-9.6907752e-10 6.1457229e-06 0)
(-5.3609442e-10 6.1449718e-06 0)
(3.5516317e-09 8.1047652e-06 0)
(8.5131576e-10 -1.7124363e-06 0)
(3.151797e-09 -1.2536806e-05 0)
(-4.3298792e-09 -1.2536693e-05 0)
(-1.634876e-09 -1.7123156e-06 0)
(-3.9839957e-09 8.1050145e-06 0)
(5.456737e-10 6.1451025e-06 0)
(9.3587175e-10 6.1444076e-06 0)
(6.3750508e-10 8.104114e-06 0)
(4.9204577e-09 -1.7122203e-06 0)
(-1.1629838e-09 -1.2535471e-05 0)
(-8.1212396e-11 -1.2535557e-05 0)
(-5.8908895e-09 -1.7122077e-06 0)
(-9.8541678e-10 8.104079e-06 0)
(-9.9897333e-10 6.1444609e-06 0)
(-5.2060197e-10 6.1438439e-06 0)
(3.7778819e-09 8.1033488e-06 0)
(1.136427e-09 -1.7118739e-06 0)
(3.2513239e-09 -1.2534193e-05 0)
(-4.6176231e-09 -1.2534234e-05 0)
(-2.0551097e-09 -1.7121992e-06 0)
(-4.2758701e-09 8.1031569e-06 0)
(5.2705613e-10 6.1437607e-06 0)
(9.5881314e-10 6.1432194e-06 0)
(8.4048525e-10 8.1026321e-06 0)
(5.2490304e-09 -1.7116423e-06 0)
(-1.0746367e-09 -1.2532698e-05 0)
(-2.9178123e-10 -1.2532991e-05 0)
(-6.3111003e-09 -1.7120668e-06 0)
(-1.2253706e-09 8.1021037e-06 0)
(-1.0262762e-09 6.1430537e-06 0)
(-5.1681964e-10 6.1426042e-06 0)
(4.000678e-09 8.1017831e-06 0)
(1.4185071e-09 -1.7112594e-06 0)
(3.4202119e-09 -1.253131e-05 0)
(-4.8389079e-09 -1.2531517e-05 0)
(-2.3697398e-09 -1.7120775e-06 0)
(-4.5152123e-09 8.1011093e-06 0)
(5.2563609e-10 6.1422858e-06 0)
(9.7583563e-10 6.1419287e-06 0)
(9.869063e-10 8.1009971e-06 0)
(5.5787085e-09 -1.7110311e-06 0)
(-9.6542191e-10 -1.2529675e-05 0)
(-3.7770785e-10 -1.2530189e-05 0)
(-6.6236135e-09 -1.7119066e-06 0)
(-1.3538484e-09 8.0999537e-06 0)
(-1.0424262e-09 6.1415392e-06 0)
(-5.4268678e-10 6.1412801e-06 0)
(4.1575646e-09 8.1000728e-06 0)
(1.6160237e-09 -1.7106365e-06 0)
(3.6388145e-09 -1.2528218e-05 0)
(-4.96971e-09 -1.2528583e-05 0)
(-2.49263e-09 -1.7119492e-06 0)
(-4.6359802e-09 8.0989295e-06 0)
(5.6021006e-10 6.1407338e-06 0)
(9.6900435e-10 6.1405889e-06 0)
(9.7449234e-10 8.0992278e-06 0)
(5.8165965e-09 -1.7104372e-06 0)
(-8.963231e-10 -1.2526494e-05 0)
(-3.0558675e-10 -1.2527226e-05 0)
(-6.7552499e-09 -1.7117328e-06 0)
(-1.2765212e-09 8.0976982e-06 0)
(-1.0300122e-09 6.1399998e-06 0)
(-6.3147498e-10 6.1399566e-06 0)
(4.1300713e-09 8.098265e-06 0)
(1.590474e-09 -1.7100717e-06 0)
(3.8424267e-09 -1.2525041e-05 0)
(-5.012505e-09 -1.2525543e-05 0)
(-2.3346838e-09 -1.7118456e-06 0)
(-4.5429273e-09 8.096708e-06 0)
(6.6205917e-10 6.1392146e-06 0)
(9.0119409e-10 6.1393317e-06 0)
(6.4586999e-10 8.0973926e-06 0)
(5.819776e-09 -1.7099344e-06 0)
(-9.6712758e-10 -1.2523316e-05 0)
(-8.7453483e-11 -1.2524259e-05 0)
(-6.6470042e-09 -1.7115972e-06 0)
(-8.7632367e-10 8.0954316e-06 0)
(-9.5621179e-10 6.1385842e-06 0)
(-8.3602818e-10 6.1388155e-06 0)
(3.7536615e-09 8.0964631e-06 0)
(1.1961043e-09 -1.7096627e-06 0)
(3.9348887e-09 -1.2521971e-05 0)
(-5.0291779e-09 -1.2522584e-05 0)
(-1.8693191e-09 -1.711866e-06 0)
(-4.1310292e-09 8.0945515e-06 0)
(8.7781072e-10 6.1379131e-06 0)
(7.1116001e-10 6.1384023e-06 0)
(-1.4856793e-10 8.0956029e-06 0)
(5.4996943e-09 -1.709629e-06 0)
(-1.2497102e-09 -1.2520348e-05 0)
(1.490176e-10 -1.2521505e-05 0)
(-6.3627899e-09 -1.7116324e-06 0)
(-8.0192365e-11 8.0932333e-06 0)
(-7.6897884e-10 6.137523e-06 0)
(-1.2201277e-09 6.1381491e-06 0)
(2.9439828e-09 8.0947821e-06 0)
(5.1138431e-10 -1.709548e-06 0)
(3.8972568e-09 -1.251918e-05 0)
(-5.2301398e-09 -1.2519903e-05 0)
(-1.3508125e-09 -1.712213e-06 0)
(-3.4076001e-09 8.092506e-06 0)
(1.2607914e-09 6.1370826e-06 0)
(3.2997771e-10 6.1381286e-06 0)
(-1.2909854e-09 8.0938948e-06 0)
(5.2040445e-09 -1.7096637e-06 0)
(-1.5684049e-09 -1.2517655e-05 0)
(-8.9171349e-12 -1.2519072e-05 0)
(-6.4353685e-09 -1.7120743e-06 0)
(8.9719551e-10 8.0910213e-06 0)
(-4.1259279e-10 6.1370806e-06 0)
(-1.8124156e-09 6.1382453e-06 0)
(2.1200585e-09 8.0931103e-06 0)
(4.8068286e-10 -1.7098963e-06 0)
(4.111325e-09 -1.2516467e-05 0)
(-6.210942e-09 -1.2517341e-05 0)
(-1.8915968e-09 -1.713193e-06 0)
(-2.8856838e-09 8.0903063e-06 0)
(1.8277962e-09 6.1369173e-06 0)
(-2.4467517e-10 6.138664e-06 0)
(-1.7185157e-09 8.0918049e-06 0)
(6.6665367e-09 -1.7101759e-06 0)
(-9.9772266e-10 -1.251453e-05 0)
(-1.6340308e-09 -1.2516322e-05 0)
(-8.7208438e-09 -1.7132101e-06 0)
(9.2203385e-10 8.0881322e-06 0)
(1.0260077e-10 6.1372963e-06 0)
(-2.4839931e-09 6.1389094e-06 0)
(3.1877377e-09 8.0904189e-06 0)
(4.269967e-09 -1.7108114e-06 0)
(6.0501597e-09 -1.2512233e-05 0)
(-9.476374e-09 -1.2513349e-05 0)
(-6.6923847e-09 -1.7150907e-06 0)
(-4.5050401e-09 8.0867181e-06 0)
(2.4433544e-09 6.1370868e-06 0)
(-7.6865163e-10 6.1391932e-06 0)
(1.9172416e-09 8.0873134e-06 0)
(1.4819254e-08 -1.7111173e-06 0)
(3.0338505e-09 -1.2507922e-05 0)
(-7.1584519e-09 -1.2510276e-05 0)
(-1.8060761e-08 -1.7151351e-06 0)
(-3.3233891e-09 8.0823286e-06 0)
(5.2932228e-10 6.1372222e-06 0)
(-2.7138377e-09 6.1382471e-06 0)
(1.1268134e-08 8.0832357e-06 0)
(1.949885e-08 -1.7120232e-06 0)
(1.3399054e-08 -1.2501194e-05 0)
(-1.8351285e-08 -1.2502664e-05 0)
(-2.3113085e-08 -1.717767e-06 0)
(-1.3275494e-08 8.0781159e-06 0)
(2.5945696e-09 6.1355717e-06 0)
(-4.4521465e-10 6.136182e-06 0)
(1.725858e-08 8.0747615e-06 0)
(4.0396421e-08 -1.7117747e-06 0)
(1.5955979e-08 -1.2489284e-05 0)
(-2.1390411e-08 -1.2492416e-05 0)
(-4.4731129e-08 -1.7171504e-06 0)
(-1.926809e-08 8.06786e-06 0)
(8.8947725e-11 6.1332501e-06 0)
(-1.2589501e-09 6.1303105e-06 0)
(3.6877075e-08 8.0629513e-06 0)
(6.0868553e-08 -1.7121916e-06 0)
(3.3328676e-08 -1.2470275e-05 0)
(-3.9107507e-08 -1.2472148e-05 0)
(-6.5184798e-08 -1.719809e-06 0)
(-3.9387079e-08 8.0559618e-06 0)
(1.0690783e-09 6.1264103e-06 0)
(2.4274194e-09 6.1204017e-06 0)
(5.8194109e-08 8.0415923e-06 0)
(1.022543e-07 -1.7098417e-06 0)
(4.7039663e-08 -1.2439538e-05 0)
(-5.2446464e-08 -1.2443573e-05 0)
(-1.0671198e-07 -1.7166784e-06 0)
(-6.0372626e-08 8.0324061e-06 0)
(-2.8723055e-09 6.1162484e-06 0)
(4.1249347e-09 6.1016042e-06 0)
(9.7244541e-08 8.0121334e-06 0)
(1.5141091e-07 -1.7077329e-06 0)
(7.7002111e-08 -1.2392857e-05 0)
(-8.1558051e-08 -1.2394988e-05 0)
(-1.5491686e-07 -1.7171882e-06 0)
(-9.9541795e-08 8.0033099e-06 0)
(-4.3248722e-09 6.0963268e-06 0)
(1.0604877e-08 6.073158e-06 0)
(1.4484104e-07 7.9646055e-06 0)
(2.2680164e-07 -1.7000793e-06 0)
(1.0891574e-07 -1.2323102e-05 0)
(-1.1153662e-07 -1.2327902e-05 0)
(-2.2930558e-07 -1.7078101e-06 0)
(-1.4619458e-07 7.9535081e-06 0)
(-1.1035284e-08 6.0678964e-06 0)
(1.6590744e-08 6.0275019e-06 0)
(2.1423482e-07 7.9012257e-06 0)
(3.1907776e-07 -1.6914064e-06 0)
(1.5772707e-07 -1.2223404e-05 0)
(-1.5767348e-07 -1.2225323e-05 0)
(-3.1922716e-07 -1.7017649e-06 0)
(-2.1502776e-07 7.8915952e-06 0)
(-1.6680084e-08 6.021231e-06 0)
(2.7444269e-08 5.9635482e-06 0)
(2.986326e-07 7.807927e-06 0)
(4.407899e-07 -1.6730729e-06 0)
(2.1391124e-07 -1.208431e-05 0)
(-2.0995589e-07 -1.2089287e-05 0)
(-4.38412e-07 -1.6801067e-06 0)
(-2.9770269e-07 7.7965501e-06 0)
(-2.7676719e-08 5.9579646e-06 0)
(3.9313719e-08 5.8712595e-06 0)
(4.0590232e-07 7.6887201e-06 0)
(5.8498601e-07 -1.6514936e-06 0)
(2.8510749e-07 -1.1897219e-05 0)
(-2.7653474e-07 -1.1898076e-05 0)
(-5.7877927e-07 -1.660603e-06 0)
(-4.0356105e-07 7.6806621e-06 0)
(-3.9127596e-08 5.8651948e-06 0)
(5.5488059e-08 5.7502365e-06 0)
(5.3000427e-07 7.5265409e-06 0)
(7.5453208e-07 -1.6152437e-06 0)
(3.6594592e-07 -1.1652247e-05 0)
(-3.5183385e-07 -1.1656298e-05 0)
(-7.4439109e-07 -1.6189068e-06 0)
(-5.2526008e-07 7.5180097e-06 0)
(-5.5284542e-08 5.7459672e-06 0)
(7.357953e-08 5.5896233e-06 0)
(6.7033169e-07 7.3291436e-06 0)
(9.4190821e-07 -1.5729863e-06 0)
(4.5476642e-07 -1.1342133e-05 0)
(-4.3483997e-07 -1.1340816e-05 0)
(-9.2704697e-07 -1.5775804e-06 0)
(-6.6341594e-07 7.3263086e-06 0)
(-7.2938496e-08 5.5858646e-06 0)
(9.4184456e-08 5.3918083e-06 0)
(8.1915899e-07 7.0795737e-06 0)
(1.1366224e-06 -1.5116588e-06 0)
(5.4869454e-07 -1.0960686e-05 0)
(-5.2285169e-07 -1.0962348e-05 0)
(-1.1172208e-06 -1.5086704e-06 0)
(-8.0958053e-07 7.0781493e-06 0)
(-9.3296795e-08 5.3912526e-06 0)
(1.1637388e-07 5.1490226e-06 0)
(9.6458092e-07 6.7923689e-06 0)
(1.3270736e-06 -1.4425168e-06 0)
(6.3580744e-07 -1.0507878e-05 0)
(-6.045753e-07 -1.0503355e-05 0)
(-1.3032974e-06 -1.438992e-06 0)
(-9.5246023e-07 6.7989063e-06 0)
(-1.1510335e-07 5.1503091e-06 0)
(1.3724748e-07 4.8714003e-06 0)
(1.0945876e-06 6.4582334e-06 0)
(1.4870232e-06 -1.3542047e-06 0)
(7.1347512e-07 -9.9922694e-06 0)
(-6.7788592e-07 -9.9901371e-06 0)
(-1.4594526e-06 -1.3417761e-06 0)
(-1.0801723e-06 6.4682126e-06 0)
(-1.3547267e-07 4.877297e-06 0)
(1.5626581e-07 4.5572505e-06 0)
(1.1844466e-06 6.1018744e-06 0)
(1.5955695e-06 -1.2587763e-06 0)
(7.5884084e-07 -9.4278279e-06 0)
(-7.2024478e-07 -9.4194927e-06 0)
(-1.5654569e-06 -1.2442471e-06 0)
(-1.1677245e-06 6.1214777e-06 0)
(-1.5419432e-07 4.5667385e-06 0)
(1.7236379e-07 4.2144242e-06 0)
(1.2177425e-06 5.7241173e-06 0)
(1.6086908e-06 -1.1437515e-06 0)
(7.6528292e-07 -8.8313939e-06 0)
(-7.2546352e-07 -8.8242691e-06 0)
(-1.5768434e-06 -1.1197933e-06 0)
(-1.1998052e-06 5.7496797e-06 0)
(-1.6926131e-07 4.2304794e-06 0)
(2.1565094e-07 3.8103452e-06 0)
(1.1681854e-06 5.2739425e-06 0)
(1.5025052e-06 -1.0120978e-06 0)
(7.0461479e-07 -8.097429e-06 0)
(-6.6485618e-07 -8.0856761e-06 0)
(-1.4707923e-06 -9.8583268e-07 0)
(-1.1492217e-06 5.3076377e-06 0)
(-2.1195787e-07 3.8307024e-06 0)
)
;

boundaryField
{
    left
    {
        type            uniformFixedValue;
        uniformValue    sine;
        uniformValueCoeffs
        {
            t0              0;
            amplitude       constant 0.0125;
            frequency       constant 1;
            scale           constant (0 1 0);
            level           constant (0 0 0);
        }
        value           uniform (0 -1.3536989e-15 0);
    }
    right
    {
        type            zeroGradient;
    }
    walls
    {
        type            fixedValue;
        value           uniform (0 0 0);
    }
    frontAndBack
    {
        type            empty;
    }
}


// ************************************************************************* //
