/*--------------------------------*- C++ -*----------------------------------*\
| =========                 |                                                 |
| \\      /  F ield         | OpenFOAM: The Open Source CFD Toolbox           |
|  \\    /   O peration     | Version:  5.x                                   |
|   \\  /    A nd           | Web:      www.OpenFOAM.org                      |
|    \\/     M anipulation  |                                                 |
\*---------------------------------------------------------------------------*/
FoamFile
{
    version     2.0;
    format      ascii;
    class       volVectorField;
    location    "7";
    object      U_0;
}
// * * * * * * * * * * * * * * * * * * * * * * * * * * * * * * * * * * * * * //

dimensions      [0 1 -1 0 0 0 0];

internalField   nonuniform List<vector> 
1920
(
(-0.00037676054 -0.0034628058 0)
(-0.00068712013 -0.0039251441 0)
(-0.0003737219 -0.0038939795 0)
(-0.00011734693 -0.0038905137 0)
(0.00011734724 -0.0038905137 0)
(0.00037372203 -0.0038939794 0)
(0.00068712001 -0.003925144 0)
(0.00037676045 -0.0034628056 0)
(-0.0005200934 -0.0032076314 0)
(-0.0011327877 -0.0040335489 0)
(-0.00072317257 -0.0040869566 0)
(-0.00024537539 -0.004089387 0)
(0.00024537597 -0.004089387 0)
(0.00072317284 -0.0040869566 0)
(0.0011327876 -0.0040335487 0)
(0.00052009337 -0.0032076309 0)
(-0.00043556045 -0.0027956865 0)
(-0.0011199995 -0.0040309279 0)
(-0.00080800385 -0.0042920121 0)
(-0.00029028813 -0.0043526388 0)
(0.00029028887 -0.0043526387 0)
(0.00080800422 -0.004292012 0)
(0.0011199996 -0.0040309277 0)
(0.00043556049 -0.0027956862 0)
(-0.00032285651 -0.0023989137 0)
(-0.0009489731 -0.0039611542 0)
(-0.00075238192 -0.0044737295 0)
(-0.0002827053 -0.0046283773 0)
(0.00028270611 -0.0046283772 0)
(0.00075238238 -0.0044737296 0)
(0.00094897325 -0.003961154 0)
(0.00032285659 -0.0023989135 0)
(-0.00022968494 -0.002093745 0)
(-0.00074541204 -0.0038717462 0)
(-0.00063716631 -0.0046139639 0)
(-0.00024797215 -0.0048749051 0)
(0.00024797292 -0.0048749052 0)
(0.0006371668 -0.004613964 0)
(0.00074541228 -0.0038717461 0)
(0.00022968503 -0.002093745 0)
(-0.00015894664 -0.001874088 0)
(-0.00055827539 -0.0037862683 0)
(-0.00050766647 -0.0047150807 0)
(-0.00020349021 -0.0050773921 0)
(0.00020349088 -0.0050773921 0)
(0.00050766695 -0.0047150808 0)
(0.0005582757 -0.0037862681 0)
(0.00015894676 -0.001874088 0)
(-0.00010735469 -0.0017186577 0)
(-0.00040398127 -0.0037131373 0)
(-0.00038733773 -0.0047853715 0)
(-0.00015905586 -0.0052354222 0)
(0.00015905638 -0.0052354223 0)
(0.00038733818 -0.0047853715 0)
(0.00040398163 -0.0037131372 0)
(0.00010735482 -0.0017186576 0)
(-7.0997886e-05 -0.0016104303 0)
(-0.00028477793 -0.0036545012 0)
(-0.00028574138 -0.0048329709 0)
(-0.00011993171 -0.0053542917 0)
(0.00011993208 -0.0053542917 0)
(0.00028574177 -0.0048329708 0)
(0.00028477831 -0.0036545009 0)
(7.0998026e-05 -0.0016104302 0)
(-4.6167011e-05 -0.0015365476 0)
(-0.00019639831 -0.0036096592 0)
(-0.00020525298 -0.0048644965 0)
(-8.7708604e-05 -0.0054410734 0)
(8.7708825e-05 -0.0054410733 0)
(0.00020525331 -0.0048644963 0)
(0.00019639869 -0.003609659 0)
(4.6167164e-05 -0.0015365475 0)
(-2.9524098e-05 -0.0014870447 0)
(-0.0001329609 -0.0035766042 0)
(-0.00014403736 -0.0048849579 0)
(-6.2640204e-05 -0.0055028566 0)
(6.2640296e-05 -0.0055028566 0)
(0.00014403761 -0.0048849576 0)
(0.00013296126 -0.0035766039 0)
(2.9524246e-05 -0.0014870445 0)
(-1.8596692e-05 -0.0014544279 0)
(-8.8427264e-05 -0.0035529354 0)
(-9.910172e-05 -0.0048979937 0)
(-4.3714845e-05 -0.0055458929 0)
(4.3714818e-05 -0.0055458928 0)
(9.9101901e-05 -0.0048979934 0)
(8.8427594e-05 -0.003552935 0)
(1.8596841e-05 -0.0014544278 0)
(-1.1501976e-05 -0.0014332729 0)
(-5.786098e-05 -0.003536397 0)
(-6.688035e-05 -0.0049061424 0)
(-2.9957276e-05 -0.0055752894 0)
(2.9957156e-05 -0.0055752893 0)
(6.6880459e-05 -0.004906142 0)
(5.7861269e-05 -0.0035363966 0)
(1.1502112e-05 -0.0014332728 0)
(-6.9889099e-06 -0.001419774 0)
(-3.7203729e-05 -0.0035250868 0)
(-4.4361306e-05 -0.0049111369 0)
(-2.0116764e-05 -0.0055950024 0)
(2.0116573e-05 -0.0055950022 0)
(4.4361342e-05 -0.0049111365 0)
(3.7203967e-05 -0.0035250864 0)
(6.9890337e-06 -0.0014197738 0)
(-4.1463931e-06 -0.0014113076 0)
(-2.3514137e-05 -0.0035175074 0)
(-2.8879562e-05 -0.0049141283 0)
(-1.328944e-05 -0.0056079867 0)
(1.3289188e-05 -0.0056079866 0)
(2.8879544e-05 -0.0049141279 0)
(2.351432e-05 -0.003517507 0)
(4.1465044e-06 -0.0014113074 0)
(-2.3978715e-06 -0.0014061006 0)
(-1.4562963e-05 -0.0035125262 0)
(-1.8466583e-05 -0.004915873 0)
(-8.6019459e-06 -0.0056163836 0)
(8.6016589e-06 -0.0056163834 0)
(1.8466503e-05 -0.0049158727 0)
(1.4563098e-05 -0.0035125259 0)
(2.3979615e-06 -0.0014061005 0)
(-1.335339e-06 -0.0014029688 0)
(-8.8242373e-06 -0.0035093185 0)
(-1.1561694e-05 -0.0049168548 0)
(-5.4700146e-06 -0.00562171 0)
(5.469691e-06 -0.0056217099 0)
(1.1561582e-05 -0.0049168545 0)
(8.8243179e-06 -0.0035093182 0)
(1.3354207e-06 -0.0014029687 0)
(-7.0864452e-07 -0.0014011371 0)
(-5.1990741e-06 -0.0035072958 0)
(-7.0786423e-06 -0.0049173823 0)
(-3.3977939e-06 -0.0056250166 0)
(3.3974583e-06 -0.0056250165 0)
(7.0784812e-06 -0.004917382 0)
(5.1991209e-06 -0.0035072956 0)
(7.0870333e-07 -0.001401137 0)
(-3.4686061e-07 -0.0014001028 0)
(-2.9597698e-06 -0.0035060516 0)
(-4.2132877e-06 -0.0049176445 0)
(-2.0616255e-06 -0.0056270194 0)
(2.0612807e-06 -0.0056270193 0)
(4.2131134e-06 -0.0049176444 0)
(2.9597752e-06 -0.0035060515 0)
(3.4691571e-07 -0.0014001028 0)
(-1.4686542e-07 -0.0013995477 0)
(-1.604687e-06 -0.0035053068 0)
(-2.4233899e-06 -0.0049177594 0)
(-1.2116298e-06 -0.0056281957 0)
(1.211289e-06 -0.0056281957 0)
(2.4231921e-06 -0.0049177594 0)
(1.6046737e-06 -0.0035053067 0)
(1.4690236e-07 -0.0013995477 0)
(-4.157655e-08 -0.0013992715 0)
(-8.0876414e-07 -0.0035048773 0)
(-1.3289964e-06 -0.0049177947 0)
(-6.851963e-07 -0.0056288603 0)
(6.8486122e-07 -0.0056288603 0)
(1.3288023e-06 -0.0049177948 0)
(8.087299e-07 -0.0035048773 0)
(4.1612234e-08 -0.0013992715 0)
(9.1459186e-09 -0.0013991525 0)
(-3.5727167e-07 -0.0035046405 0)
(-6.7945036e-07 -0.0049177917 0)
(-3.6612112e-07 -0.0056292152 0)
(3.6580934e-07 -0.0056292153 0)
(6.7925592e-07 -0.0049177918 0)
(3.5723074e-07 -0.0035046407 0)
(-9.1202827e-09 -0.0013991525 0)
(2.9883734e-08 -0.001399117 0)
(-1.1412176e-07 -0.0035045196 0)
(-3.0694617e-07 -0.0049177717 0)
(-1.7949561e-07 -0.0056293891 0)
(1.7921238e-07 -0.0056293891 0)
(3.0677151e-07 -0.0049177719 0)
(1.1408241e-07 -0.0035045198 0)
(-2.9859311e-08 -0.0013991171 0)
(3.4907784e-08 -0.0013991227 0)
(7.2823358e-09 -0.0035044645 0)
(-1.0418668e-07 -0.0049177475 0)
(-7.3962347e-08 -0.0056294607 0)
(7.3713342e-08 -0.0056294609 0)
(1.0403704e-07 -0.0049177477 0)
(-7.3201687e-09 -0.0035044648 0)
(-3.4884888e-08 -0.0013991229 0)
(3.2664355e-08 -0.0013991456 0)
(5.9307335e-08 -0.003504446 0)
(-1.0375316e-09 -0.0049177239 0)
(-1.8659039e-08 -0.0056294785 0)
(1.8462013e-08 -0.0056294786 0)
(9.1644104e-10 -0.0049177243 0)
(-5.9324808e-08 -0.0035044464 0)
(-3.2644278e-08 -0.0013991458 0)
(2.7272592e-08 -0.0013991731 0)
(7.5007282e-08 -0.0035044457 0)
(4.3905355e-08 -0.0049177041 0)
(8.9215396e-09 -0.0056294699 0)
(-9.0679824e-09 -0.0056294702 0)
(-4.3980563e-08 -0.0049177044 0)
(-7.5018216e-08 -0.0035044461 0)
(-2.7247304e-08 -0.0013991733 0)
(2.161369e-08 -0.001399199 0)
(7.1727303e-08 -0.0035044536 0)
(5.8914868e-08 -0.004917688 0)
(1.8947671e-08 -0.0056294511 0)
(-1.9029892e-08 -0.0056294512 0)
(-5.8953483e-08 -0.0049176885 0)
(-7.1705349e-08 -0.0035044541 0)
(-2.1593104e-08 -0.0013991993 0)
(1.6070894e-08 -0.001399221 0)
(6.1694434e-08 -0.003504464 0)
(5.7024969e-08 -0.004917676 0)
(2.204702e-08 -0.0056294299 0)
(-2.2071568e-08 -0.0056294301 0)
(-5.7007415e-08 -0.0049176765 0)
(-6.1664473e-08 -0.0035044646 0)
(-1.6041269e-08 -0.0013992212 0)
(1.1870558e-08 -0.0013992382 0)
(4.8600914e-08 -0.0035044743 0)
(4.9845003e-08 -0.0049176669 0)
(1.9338767e-08 -0.0056294105 0)
(-1.9294198e-08 -0.0056294107 0)
(-4.9789455e-08 -0.0049176676 0)
(-4.8533458e-08 -0.0035044748 0)
(-1.1847091e-08 -0.0013992385 0)
(8.1670518e-09 -0.0013992512 0)
(3.72838e-08 -0.003504483 0)
(3.911195e-08 -0.0049176606 0)
(1.6919536e-08 -0.0056293943 0)
(-1.6817945e-08 -0.0056293946 0)
(-3.9000042e-08 -0.0049176611 0)
(-3.7209536e-08 -0.0035044836 0)
(-8.1334945e-09 -0.0013992515 0)
(5.8280188e-09 -0.0013992606 0)
(2.6642201e-08 -0.0035044899 0)
(3.0371238e-08 -0.004917656 0)
(1.2299757e-08 -0.0056293817 0)
(-1.213401e-08 -0.0056293819 0)
(-3.0225554e-08 -0.0049176567 0)
(-2.6532622e-08 -0.0035044905 0)
(-5.8012007e-09 -0.0013992609 0)
(3.6950663e-09 -0.0013992672 0)
(1.9240174e-08 -0.003504495 0)
(2.134099e-08 -0.004917653 0)
(9.9918829e-09 -0.0056293723 0)
(-9.7780644e-09 -0.0056293725 0)
(-2.1147131e-08 -0.0049176536 0)
(-1.9126762e-08 -0.0035044957 0)
(-3.6591556e-09 -0.0013992675 0)
(2.6325348e-09 -0.0013992717 0)
(1.2593834e-08 -0.0035044987 0)
(1.5628581e-08 -0.0049176509 0)
(6.2633345e-09 -0.0056293655 0)
(-5.9987592e-09 -0.0056293657 0)
(-1.5409593e-08 -0.0049176515 0)
(-1.2451974e-08 -0.0035044993 0)
(-2.6031269e-09 -0.0013992719 0)
(1.4662719e-09 -0.0013992746 0)
(8.7484378e-09 -0.0035045012 0)
(9.7926145e-09 -0.0049176494 0)
(5.1235245e-09 -0.0056293608 0)
(-4.825821e-09 -0.0056293611 0)
(-9.539244e-09 -0.00491765 0)
(-8.6067283e-09 -0.0035045018 0)
(-1.4299156e-09 -0.0013992748 0)
(1.1140142e-09 -0.0013992763 0)
(5.0090542e-09 -0.0035045028 0)
(6.9499047e-09 -0.0049176485 0)
(2.5341397e-09 -0.0056293577 0)
(-2.2038801e-09 -0.0056293579 0)
(-6.6825548e-09 -0.004917649 0)
(-4.8480795e-09 -0.0035045033 0)
(-1.0833271e-09 -0.0013992766 0)
(4.5900569e-10 -0.0013992774 0)
(3.4021215e-09 -0.0035045037 0)
(3.4962464e-09 -0.0049176479 0)
(2.3533467e-09 -0.0056293557 0)
(-2.0072753e-09 -0.0056293559 0)
(-3.2104671e-09 -0.0049176484 0)
(-3.245383e-09 -0.0035045042 0)
(-4.2388028e-10 -0.0013992776 0)
(4.5466366e-10 -0.0013992779 0)
(1.3454932e-09 -0.0035045041 0)
(2.4858232e-09 -0.0049176475 0)
(5.6045908e-10 -0.0056293545 0)
(-2.0081623e-10 -0.0056293547 0)
(-2.197323e-09 -0.0049176479 0)
(-1.17883e-09 -0.0035045046 0)
(-4.2404253e-10 -0.0013992781 0)
(4.4569499e-11 -0.0013992781 0)
(9.3196208e-10 -0.0035045042 0)
(4.3061762e-10 -0.0049176471 0)
(9.5483984e-10 -0.0056293539 0)
(-5.9573452e-10 -0.0056293541 0)
(-1.3869009e-10 -0.0049176476 0)
(-7.7293443e-10 -0.0035045046 0)
(-1.1847382e-11 -0.0013992783 0)
(1.9318185e-10 -0.0013992781 0)
(-2.6534011e-10 -0.003504504 0)
(4.0402109e-10 -0.0049176469 0)
(-3.8116859e-10 -0.0056293536 0)
(7.373156e-10 -0.0056293538 0)
(-1.1879764e-10 -0.0049176473 0)
(4.2631162e-10 -0.0035045044 0)
(-1.6368264e-10 -0.0013992782 0)
(-1.0785753e-10 -0.0013992779 0)
(-1.115552e-10 -0.0035045038 0)
(-9.2778337e-10 -0.0049176468 0)
(3.0501109e-10 -0.0056293536 0)
(3.7657846e-11 -0.0056293538 0)
(1.2044713e-09 -0.0049176471 0)
(2.6270393e-10 -0.0035045041 0)
(1.3757156e-10 -0.001399278 0)
(9.9923177e-11 -0.0013992776 0)
(-9.0658019e-10 -0.0035045034 0)
(-4.8586604e-10 -0.0049176466 0)
(-7.9409763e-10 -0.0056293537 0)
(1.121718e-09 -0.0056293539 0)
(7.4942551e-10 -0.0049176469 0)
(1.053828e-09 -0.0035045037 0)
(-7.217539e-11 -0.0013992778 0)
(-1.5468111e-10 -0.0013992773 0)
(-5.1059846e-10 -0.003504503 0)
(-1.4729406e-09 -0.0049176465 0)
(1.9788694e-11 -0.005629354 0)
(2.8604353e-10 -0.0056293541 0)
(1.7199709e-09 -0.0049176468 0)
(6.472475e-10 -0.0035045032 0)
(1.8128102e-10 -0.0013992774 0)
(7.1101034e-11 -0.001399277 0)
(-1.1286382e-09 -0.0035045025 0)
(-8.3252812e-10 -0.0049176464 0)
(-9.6135639e-10 -0.0056293543 0)
(1.2450851e-09 -0.0056293544 0)
(1.0633312e-09 -0.0049176466 0)
(1.2578037e-09 -0.0035045027 0)
(-4.5312471e-11 -0.0013992771 0)
(-1.6333279e-10 -0.0013992767 0)
(-6.4302021e-10 -0.003504502 0)
(-1.6628258e-09 -0.0049176463 0)
(-1.0277112e-10 -0.0056293546 0)
(3.6104394e-10 -0.0056293547 0)
(1.873e-09 -0.0049176465 0)
(7.6211693e-10 -0.0035045022 0)
(1.8707493e-10 -0.0013992767 0)
(6.3928768e-11 -0.0013992763 0)
(-1.1849931e-09 -0.0035045015 0)
(-9.5153872e-10 -0.0049176462 0)
(-1.0228788e-09 -0.005629355 0)
(1.2565506e-09 -0.0056293551 0)
(1.1453488e-09 -0.0049176463 0)
(1.2949635e-09 -0.0035045016 0)
(-3.9977821e-11 -0.0013992764 0)
(-1.6022469e-10 -0.001399276 0)
(-6.752358e-10 -0.003504501 0)
(-1.7096502e-09 -0.004917646 0)
(-1.5753963e-10 -0.0056293553 0)
(3.6593286e-10 -0.0056293554 0)
(1.8818999e-09 -0.0049176462 0)
(7.7666587e-10 -0.0035045011 0)
(1.8157523e-10 -0.001399276 0)
(6.253969e-11 -0.0013992756 0)
(-1.1822683e-09 -0.0035045004 0)
(-9.8265297e-10 -0.004917646 0)
(-1.041088e-09 -0.0056293557 0)
(1.2258367e-09 -0.0056293558 0)
(1.1405997e-09 -0.0049176461 0)
(1.2743271e-09 -0.0035045006 0)
(-4.0101741e-11 -0.0013992757 0)
(-1.545245e-10 -0.0013992753 0)
(-6.7398516e-10 -0.0035044999 0)
(-1.7031775e-09 -0.0049176458 0)
(-1.8484025e-10 -0.0056293561 0)
(3.4714365e-10 -0.0056293561 0)
(1.8407904e-09 -0.004917646 0)
(7.5964112e-10 -0.0035045 0)
(1.7402344e-10 -0.0013992753 0)
(6.1881406e-11 -0.001399275 0)
(-1.1610578e-09 -0.0035044994 0)
(-9.8223457e-10 -0.0049176457 0)
(-1.0412476e-09 -0.0056293564 0)
(1.1830169e-09 -0.0056293564 0)
(1.10892e-09 -0.0049176458 0)
(1.2379191e-09 -0.0035044995 0)
(-4.054977e-11 -0.001399275 0)
(-1.4885243e-10 -0.0013992746 0)
(-6.6315511e-10 -0.0035044989 0)
(-1.677865e-09 -0.0049176456 0)
(-2.0015829e-10 -0.0056293568 0)
(3.2375342e-10 -0.0056293568 0)
(1.7866002e-09 -0.0049176457 0)
(7.3599027e-10 -0.003504499 0)
(1.6701305e-10 -0.0013992747 0)
(6.077294e-11 -0.0013992743 0)
(-1.1349201e-09 -0.0035044984 0)
(-9.7068593e-10 -0.0049176455 0)
(-1.0326565e-09 -0.0056293571 0)
(1.139799e-09 -0.0056293571 0)
(1.072389e-09 -0.0049176456 0)
(1.1998696e-09 -0.0035044985 0)
(-4.0151883e-11 -0.0013992743 0)
(-1.4366615e-10 -0.001399274 0)
(-6.4996418e-10 -0.0035044979 0)
(-1.6454948e-09 -0.0049176454 0)
(-2.0888694e-10 -0.0056293574 0)
(3.0255478e-10 -0.0056293575 0)
(1.7319768e-09 -0.0049176455 0)
(7.1321593e-10 -0.003504498 0)
(1.6091382e-10 -0.001399274 0)
(5.91892e-11 -0.0013992736 0)
(-1.1075197e-09 -0.0035044974 0)
(-9.5443472e-10 -0.0049176453 0)
(-1.0185556e-09 -0.0056293577 0)
(1.0999288e-09 -0.0056293578 0)
(1.037708e-09 -0.0049176453 0)
(1.163779e-09 -0.0035044975 0)
(-3.8951779e-11 -0.0013992737 0)
(-1.3887159e-10 -0.0013992733 0)
(-6.3596227e-10 -0.0035044969 0)
(-1.6095743e-09 -0.0049176451 0)
(-2.1286839e-10 -0.0056293581 0)
(2.8519633e-10 -0.0056293581 0)
(1.6801509e-09 -0.0049176452 0)
(6.9262258e-10 -0.003504497 0)
(1.55517e-10 -0.0013992734 0)
(5.7326767e-11 -0.001399273 0)
(-1.0794638e-09 -0.0035044964 0)
(-9.3518398e-10 -0.004917645 0)
(-1.0002487e-09 -0.0056293584 0)
(1.0639561e-09 -0.0056293585 0)
(1.005943e-09 -0.0049176451 0)
(1.1298056e-09 -0.0035044965 0)
(-3.7240163e-11 -0.001399273 0)
(-1.343247e-10 -0.0013992727 0)
(-6.2118042e-10 -0.003504496 0)
(-1.5710689e-09 -0.0049176449 0)
(-2.1294586e-10 -0.0056293587 0)
(2.7137824e-10 -0.0056293588 0)
(1.6311512e-09 -0.004917645 0)
(6.7371039e-10 -0.0035044961 0)
(1.5056393e-10 -0.0013992727 0)
(5.5347086e-11 -0.0013992724 0)
(-1.0507053e-09 -0.0035044955 0)
(-9.1337924e-10 -0.0049176448 0)
(-9.7857458e-10 -0.005629359 0)
(1.0313101e-09 -0.0056293591 0)
(9.7644527e-10 -0.0049176449 0)
(1.0972874e-09 -0.0035044956 0)
(-3.5273316e-11 -0.0013992724 0)
(-1.2994055e-10 -0.0013992721 0)
(-6.0546654e-10 -0.003504495 0)
(-1.5303914e-09 -0.0049176447 0)
(-2.0978251e-10 -0.0056293594 0)
(2.6021498e-10 -0.0056293594 0)
(1.5841937e-09 -0.0049176448 0)
(6.5570495e-10 -0.0035044951 0)
(1.4587118e-10 -0.0013992721 0)
(5.3342834e-11 -0.0013992718 0)
(-1.0212227e-09 -0.0035044946 0)
(-8.8929808e-10 -0.0049176446 0)
(-9.5430331e-10 -0.0056293596 0)
(1.0011606e-09 -0.0056293597 0)
(9.4828274e-10 -0.0049176447 0)
(1.0655788e-09 -0.0035044947 0)
(-3.3224607e-11 -0.0013992718 0)
(-1.2568781e-10 -0.0013992715 0)
(-5.887924e-10 -0.0035044941 0)
(-1.4879414e-09 -0.0049176444 0)
(-2.0402747e-10 -0.00562936 0)
(2.507825e-10 -0.00562936 0)
(1.538495e-09 -0.0049176446 0)
(6.3799178e-10 -0.0035044942 0)
(1.4133253e-10 -0.0013992715 0)
(5.135887e-11 -0.0013992712 0)
(-9.9112052e-10 -0.0035044937 0)
(-8.6328044e-10 -0.0049176443 0)
(-9.2817099e-10 -0.0056293602 0)
(9.7274911e-10 -0.0056293603 0)
(9.2068526e-10 -0.0049176445 0)
(1.0342413e-09 -0.0035044938 0)
(-3.119926e-11 -0.0013992713 0)
(-1.2156397e-10 -0.0013992709 0)
(-5.7124983e-10 -0.0035044932 0)
(-1.4441684e-09 -0.0049176442 0)
(-1.9629139e-10 -0.0056293605 0)
(2.4231303e-10 -0.0056293606 0)
(1.4934884e-09 -0.0049176444 0)
(6.2017812e-10 -0.0035044934 0)
(1.3689478e-10 -0.001399271 0)
(4.9416085e-11 -0.0013992706 0)
(-9.6058129e-10 -0.0035044928 0)
(-8.3571064e-10 -0.0049176441 0)
(-9.0083477e-10 -0.0056293608 0)
(9.4549243e-10 -0.0056293609 0)
(8.9312989e-10 -0.0049176443 0)
(1.0030346e-09 -0.0035044929 0)
(-2.9257716e-11 -0.0013992707 0)
(-1.1757691e-10 -0.0013992704 0)
(-5.5298976e-10 -0.0035044924 0)
(-1.3995246e-09 -0.004917644 0)
(-1.8710167e-10 -0.0056293611 0)
(2.3424013e-10 -0.0056293612 0)
(1.4488347e-09 -0.0049176442 0)
(6.0205227e-10 -0.0035044925 0)
(1.3253649e-10 -0.0013992704 0)
(4.7525686e-11 -0.0013992701 0)
(-9.2981036e-10 -0.0035044919 0)
(-8.0696461e-10 -0.0049176439 0)
(-8.7284024e-10 -0.0056293614 0)
(9.1899086e-10 -0.0056293615 0)
(8.6531257e-10 -0.0049176441 0)
(9.7186312e-10 -0.0035044921 0)
(-2.7433241e-11 -0.0013992702 0)
(-1.1373524e-10 -0.0013992698 0)
(-5.3417621e-10 -0.0035044916 0)
(-1.3544219e-09 -0.0049176438 0)
(-1.7688232e-10 -0.0056293617 0)
(2.2618278e-10 -0.0056293618 0)
(1.4043755e-09 -0.004917644 0)
(5.8352889e-10 -0.0035044917 0)
(1.2825296e-10 -0.0013992699 0)
(4.5696465e-11 -0.0013992696 0)
(-8.9900328e-10 -0.0035044911 0)
(-7.7737803e-10 -0.0049176437 0)
(-8.4461581e-10 -0.0056293619 0)
(8.9299965e-10 -0.005629362 0)
(8.3709362e-10 -0.0049176439 0)
(9.4072515e-10 -0.0035044913 0)
(-2.574326e-11 -0.0013992696 0)
(-1.1004473e-10 -0.0013992693 0)
(-5.1496346e-10 -0.0035044908 0)
(-1.3092137e-09 -0.0049176436 0)
(-1.6595814e-10 -0.0056293622 0)
(2.1790803e-10 -0.0056293623 0)
(1.3600787e-09 -0.0049176438 0)
(5.6460424e-10 -0.0035044909 0)
(1.2404817e-10 -0.0013992694 0)
(4.3936698e-11 -0.001399269 0)
(-8.683328e-10 -0.0035044904 0)
(-7.4723696e-10 -0.0049176436 0)
(-8.1648663e-10 -0.0056293625 0)
(8.673896e-10 -0.0056293626 0)
(8.0844631e-10 -0.0049176437 0)
(9.0967504e-10 -0.0035044906 0)
(-2.419564e-11 -0.0013992691 0)
(-1.0650748e-10 -0.0013992688 0)
(-4.9548882e-10 -0.00350449 0)
(-1.2641948e-09 -0.0049176435 0)
(-1.5457253e-10 -0.0056293628 0)
(2.0929112e-10 -0.0056293628 0)
(1.3159932e-09 -0.0049176437 0)
(5.4532375e-10 -0.0035044902 0)
(1.1992973e-10 -0.0013992689 0)
(4.2254797e-11 -0.0013992686 0)
(-8.3794705e-10 -0.0035044896 0)
(-7.167824e-10 -0.0049176434 0)
(-7.8869589e-10 -0.005629363 0)
(8.4211018e-10 -0.0056293631 0)
(7.7941586e-10 -0.0049176436 0)
(8.7879698e-10 -0.0035044898 0)
(-2.2792875e-11 -0.0013992686 0)
(-1.0312282e-10 -0.0013992683 0)
(-4.7587297e-10 -0.0035044893 0)
(-1.2196097e-09 -0.0049176433 0)
(-1.4290841e-10 -0.0056293633 0)
(2.0028055e-10 -0.0056293633 0)
(1.2722141e-09 -0.0049176435 0)
(5.2576045e-10 -0.0035044895 0)
(1.1590615e-10 -0.0013992684 0)
(4.0658299e-11 -0.0013992681 0)
(-8.079723e-10 -0.0035044889 0)
(-6.8621865e-10 -0.0049176432 0)
(-7.6142607e-10 -0.0056293635 0)
(8.1715966e-10 -0.0056293636 0)
(7.5008941e-10 -0.0049176434 0)
(8.4818784e-10 -0.0035044891 0)
(-2.1533967e-11 -0.0013992682 0)
(-9.9888093e-11 -0.0013992679 0)
(-4.5622276e-10 -0.0035044886 0)
(-1.1756622e-09 -0.0049176431 0)
(-1.3110647e-10 -0.0056293638 0)
(1.9087115e-10 -0.0056293638 0)
(1.2288585e-09 -0.0049176434 0)
(5.0600031e-10 -0.0035044888 0)
(1.1198566e-10 -0.0013992679 0)
(3.9153801e-11 -0.0013992676 0)
(-7.7851636e-10 -0.0035044882 0)
(-6.5572149e-10 -0.0049176431 0)
(-7.348155e-10 -0.005629364 0)
(7.9256314e-10 -0.0056293641 0)
(7.2057522e-10 -0.0049176433 0)
(8.1794613e-10 -0.0035044884 0)
(-2.0415789e-11 -0.0013992677 0)
(-9.6799358e-11 -0.0013992674 0)
(-4.3663322e-10 -0.0035044879 0)
(-1.1325233e-09 -0.004917643 0)
(-1.1927809e-10 -0.0056293642 0)
(1.8108548e-10 -0.0056293643 0)
(1.1860491e-09 -0.0049176432 0)
(4.8613307e-10 -0.0035044881 0)
(1.0817543e-10 -0.0013992675 0)
(3.7746422e-11 -0.0013992672 0)
(-7.496708e-10 -0.0035044876 0)
(-6.2544355e-10 -0.0049176429 0)
(-7.0897013e-10 -0.0056293645 0)
(7.6835848e-10 -0.0056293646 0)
(6.9098875e-10 -0.0049176432 0)
(7.8816539e-10 -0.0035044878 0)
(-1.9433862e-11 -0.0013992673 0)
(-9.3851804e-11 -0.001399267 0)
(-4.1718895e-10 -0.0035044873 0)
(-1.0903361e-09 -0.0049176429 0)
(-1.0751414e-10 -0.0056293647 0)
(1.7096142e-10 -0.0056293648 0)
(1.1439041e-09 -0.0049176431 0)
(4.6624657e-10 -0.0035044875 0)
(1.044814e-10 -0.0013992671 0)
(3.6439749e-11 -0.0013992668 0)
(-7.2151258e-10 -0.0035044869 0)
(-5.9551752e-10 -0.0049176428 0)
(-6.8397097e-10 -0.0056293649 0)
(7.4458745e-10 -0.005629365 0)
(6.6144443e-10 -0.004917643 0)
(7.5893056e-10 -0.0035044872 0)
(-1.8582624e-11 -0.0013992669 0)
(-9.1040336e-11 -0.0013992666 0)
(-3.9796485e-10 -0.0035044866 0)
(-1.0492186e-09 -0.0049176427 0)
(-9.588935e-11 -0.0056293652 0)
(1.6054468e-10 -0.0056293653 0)
(1.1025321e-09 -0.004917643 0)
(4.4642357e-10 -0.0035044869 0)
(1.0090801e-10 -0.0013992667 0)
(3.5235835e-11 -0.0013992664 0)
(-6.94105e-10 -0.0035044863 0)
(-5.6605724e-10 -0.0049176427 0)
(-6.598782e-10 -0.0056293654 0)
(7.2129093e-10 -0.0056293655 0)
(6.320508e-10 -0.0049176429 0)
(7.3031575e-10 -0.0035044866 0)
(-1.7855982e-11 -0.0013992665 0)
(-8.835941e-11 -0.0013992662 0)
(-3.7902556e-10 -0.0035044861 0)
(-1.0092657e-09 -0.0049176426 0)
(-8.4464935e-11 -0.0056293656 0)
(1.4988475e-10 -0.0056293657 0)
(1.0620288e-09 -0.0049176428 0)
(4.2673934e-10 -0.0035044863 0)
(9.7458455e-11 -0.0013992663 0)
(3.4135499e-11 -0.001399266 0)
(-6.6749758e-10 -0.0035044858 0)
(-5.3715839e-10 -0.0049176426 0)
(-6.367336e-10 -0.0056293658 0)
(6.9850678e-10 -0.0056293659 0)
(6.0290742e-10 -0.0049176428 0)
(7.0238367e-10 -0.003504486 0)
(-1.7247191e-11 -0.0013992661 0)
(-8.5803377e-11 -0.0013992658 0)
(-3.6042577e-10 -0.0035044855 0)
(-9.7054951e-10 -0.0049176425 0)
(-7.328927e-11 -0.005629366 0)
(1.3903232e-10 -0.0056293661 0)
(1.0224754e-09 -0.0049176427 0)
(4.0726146e-10 -0.0035044857 0)
(9.413472e-11 -0.0013992659 0)
(3.3138329e-11 -0.0013992657 0)
(-6.4172701e-10 -0.0035044852 0)
(-5.0889857e-10 -0.0049176425 0)
(-6.1456204e-10 -0.0056293662 0)
(6.7626867e-10 -0.0056293663 0)
(5.7410391e-10 -0.0049176427 0)
(6.751855e-10 -0.0035044854 0)
(-1.674917e-11 -0.0013992657 0)
(-8.3366277e-11 -0.0013992655 0)
(-3.4220986e-10 -0.003504485 0)
(-9.3312092e-10 -0.0049176424 0)
(-6.2398855e-11 -0.0056293664 0)
(1.2803839e-10 -0.0056293665 0)
(9.8393902e-10 -0.0049176426 0)
(3.8804878e-10 -0.0035044852 0)
(9.093758e-11 -0.0013992656 0)
(3.2243e-11 -0.0013992653 0)
(-6.168174e-10 -0.0035044847 0)
(-4.8133795e-10 -0.0049176424 0)
(-5.9337297e-10 -0.0056293666 0)
(6.5460612e-10 -0.0056293667 0)
(5.457192e-10 -0.0049176426 0)
(6.4876113e-10 -0.0035044849 0)
(-1.6354787e-11 -0.0013992654 0)
(-8.1042234e-11 -0.0013992651 0)
(-3.2441242e-10 -0.0035044845 0)
(-8.9701086e-10 -0.0049176423 0)
(-5.1818766e-11 -0.0056293668 0)
(1.169528e-10 -0.0056293669 0)
(9.4647282e-10 -0.0049176425 0)
(3.6915177e-10 -0.0035044847 0)
(8.7866815e-11 -0.0013992652 0)
(3.1447262e-11 -0.001399265 0)
(-5.9278149e-10 -0.0035044842 0)
(-4.5452e-10 -0.0049176423 0)
(-5.7316214e-10 -0.005629367 0)
(6.3354414e-10 -0.0056293671 0)
(5.1782133e-10 -0.0049176425 0)
(6.2314e-10 -0.0035044844 0)
(-1.6056788e-11 -0.0013992651 0)
(-7.8825375e-11 -0.0013992648 0)
(-3.0705858e-10 -0.003504484 0)
(-8.6223196e-10 -0.0049176422 0)
(-4.1564005e-11 -0.0056293672 0)
(1.0582385e-10 -0.0056293673 0)
(9.1011671e-10 -0.0049176424 0)
(3.5061251e-10 -0.0035044842 0)
(8.4921183e-11 -0.0013992649 0)
(3.0748228e-11 -0.0013992647 0)
(-5.6962161e-10 -0.0035044838 0)
(-4.2847289e-10 -0.0049176422 0)
(-5.5391316e-10 -0.0056293674 0)
(6.131032e-10 -0.0056293675 0)
(4.9046775e-10 -0.0049176424 0)
(5.9834164e-10 -0.003504484 0)
(-1.5847894e-11 -0.0013992648 0)
(-7.6709819e-11 -0.0013992645 0)
(-2.9016499e-10 -0.0035044835 0)
(-8.2878072e-10 -0.0049176422 0)
(-3.1640404e-11 -0.0056293676 0)
(9.4697221e-11 -0.0056293676 0)
(8.748981e-10 -0.0049176424 0)
(3.3246517e-10 -0.0035044837 0)
(8.2098938e-11 -0.0013992646 0)
(3.0142404e-11 -0.0013992644 0)
(-5.4733097e-10 -0.0035044833 0)
(-4.0321134e-10 -0.0049176421 0)
(-5.3559984e-10 -0.0056293677 0)
(5.9329938e-10 -0.0056293678 0)
(4.6370549e-10 -0.0049176423 0)
(5.7437674e-10 -0.0035044835 0)
(-1.5721033e-11 -0.0013992645 0)
(-7.4689849e-11 -0.0013992642 0)
(-2.7374072e-10 -0.0035044831 0)
(-7.9664e-10 -0.0049176421 0)
(-2.2046166e-11 -0.0056293679 0)
(8.3615576e-11 -0.005629368 0)
(8.4083294e-10 -0.0049176423 0)
(3.1473644e-10 -0.0035044833 0)
(7.9397508e-11 -0.0013992643 0)
(2.9625936e-11 -0.0013992641 0)
(-5.2589525e-10 -0.0035044829 0)
(-3.7873837e-10 -0.0049176421 0)
(-5.1818793e-10 -0.0056293681 0)
(5.7414417e-10 -0.0056293681 0)
(4.3757158e-10 -0.0049176422 0)
(5.5124794e-10 -0.0035044831 0)
(-1.5669325e-11 -0.0013992642 0)
(-7.2759981e-11 -0.001399264 0)
(-2.5778837e-10 -0.0035044827 0)
(-7.6578123e-10 -0.004917642 0)
(-1.2773498e-11 -0.0056293682 0)
(7.2617952e-11 -0.0056293683 0)
(8.0792678e-10 -0.0049176422 0)
(2.9744608e-10 -0.0035044829 0)
(7.6813734e-11 -0.001399264 0)
(2.9194601e-11 -0.0013992638 0)
(-5.0529384e-10 -0.0035044825 0)
(-3.5504719e-10 -0.004917642 0)
(-5.0163743e-10 -0.0056293684 0)
(5.5564453e-10 -0.0056293685 0)
(4.1209392e-10 -0.0049176422 0)
(5.2895085e-10 -0.0035044827 0)
(-1.5686263e-11 -0.0013992639 0)
(-7.0914831e-11 -0.0013992637 0)
(-2.4230504e-10 -0.0035044823 0)
(-7.3616684e-10 -0.004917642 0)
(-3.8101017e-12 -0.0056293686 0)
(6.1739188e-11 -0.0056293686 0)
(7.7617588e-10 -0.0049176421 0)
(2.8060757e-10 -0.0035044825 0)
(7.4344067e-11 -0.0013992638 0)
(2.8843948e-11 -0.0013992636 0)
(-4.8550125e-10 -0.0035044821 0)
(-3.3212343e-10 -0.0049176419 0)
(-4.8590423e-10 -0.0056293687 0)
(5.3780289e-10 -0.0056293688 0)
(3.8729181e-10 -0.0049176421 0)
(5.0747504e-10 -0.0035044823 0)
(-1.5765565e-11 -0.0013992636 0)
(-6.9149347e-11 -0.0013992634 0)
(-2.2728364e-10 -0.0035044819 0)
(-7.0775258e-10 -0.0049176419 0)
(4.8595671e-12 -0.0056293689 0)
(5.10098e-11 -0.0056293689 0)
(7.4556831e-10 -0.0049176421 0)
(2.6422883e-10 -0.0035044821 0)
(7.1984618e-11 -0.0013992635 0)
(2.8569312e-11 -0.0013992633 0)
(-4.6648845e-10 -0.0035044818 0)
(-3.0994673e-10 -0.0049176419 0)
(-4.7094188e-10 -0.005629369 0)
(5.2061753e-10 -0.0056293691 0)
(3.6317683e-10 -0.004917642 0)
(4.8680495e-10 -0.0035044819 0)
(-1.5901343e-11 -0.0013992634 0)
(-6.7458688e-11 -0.0013992632 0)
(-2.1271374e-10 -0.0035044816 0)
(-6.8048956e-10 -0.0049176419 0)
(1.3252836e-11 -0.0056293692 0)
(4.0456059e-11 -0.0056293692 0)
(7.1608511e-10 -0.004917642 0)
(2.4831295e-10 -0.0035044818 0)
(6.9731104e-11 -0.0013992633 0)
(2.8365999e-11 -0.0013992631 0)
(-4.4822381e-10 -0.0035044814 0)
(-2.8849271e-10 -0.0049176418 0)
(-4.567032e-10 -0.0056293693 0)
(5.0408268e-10 -0.0056293694 0)
(3.3975389e-10 -0.004917642 0)
(4.6692079e-10 -0.0035044816 0)
(-1.6088103e-11 -0.0013992632 0)
(-6.5838305e-11 -0.001399263 0)
(-1.9858264e-10 -0.0035044813 0)
(-6.5432572e-10 -0.0049176418 0)
(2.1387795e-11 -0.0056293694 0)
(3.0099745e-11 -0.0056293695 0)
(6.8770146e-10 -0.004917642 0)
(2.3285889e-10 -0.0035044814 0)
(6.7579198e-11 -0.0013992631 0)
(2.8229249e-11 -0.0013992629 0)
(-4.3067439e-10 -0.0035044811 0)
(-2.6773406e-10 -0.0049176418 0)
(-4.4314103e-10 -0.0056293696 0)
(4.8818885e-10 -0.0056293696 0)
(3.1702196e-10 -0.0049176419 0)
(4.4779945e-10 -0.0035044813 0)
(-1.6320677e-11 -0.0013992629 0)
(-6.4283981e-11 -0.0013992628 0)
(-1.8487603e-10 -0.003504481 0)
(-6.2920775e-10 -0.0049176418 0)
(2.9282593e-11 -0.0056293697 0)
(1.995858e-11 -0.0056293698 0)
(6.6038773e-10 -0.0049176419 0)
(2.1786222e-10 -0.0035044811 0)
(6.5524321e-11 -0.0013992628 0)
(2.8154202e-11 -0.0013992627 0)
(-4.1380656e-10 -0.0035044808 0)
(-2.4764207e-10 -0.0049176417 0)
(-4.3020947e-10 -0.0056293698 0)
(4.729233e-10 -0.0056293699 0)
(2.949752e-10 -0.0049176419 0)
(4.2941526e-10 -0.003504481 0)
(-1.659427e-11 -0.0013992627 0)
(-6.2791672e-11 -0.0013992626 0)
(-1.7157863e-10 -0.0035044807 0)
(-6.0508203e-10 -0.0049176417 0)
(3.6954497e-11 -0.00562937 0)
(1.0046297e-11 -0.00562937 0)
(6.3411074e-10 -0.0049176419 0)
(2.0331581e-10 -0.0035044808 0)
(6.3561797e-11 -0.0013992626 0)
(2.8136208e-11 -0.0013992625 0)
(-3.9758652e-10 -0.0035044805 0)
(-2.2818754e-10 -0.0049176417 0)
(-4.1786467e-10 -0.0056293701 0)
(4.5827037e-10 -0.0056293701 0)
(2.7360377e-10 -0.0049176418 0)
(4.1174089e-10 -0.0035044807 0)
(-1.6904387e-11 -0.0013992625 0)
(-6.1357563e-11 -0.0013992624 0)
(-1.5867469e-10 -0.0035044804 0)
(-5.8189581e-10 -0.0049176417 0)
(4.4419639e-11 -0.0056293702 0)
(3.7308691e-13 -0.0056293703 0)
(6.0883433e-10 -0.0049176418 0)
(1.8921049e-10 -0.0035044805 0)
(6.1687058e-11 -0.0013992624 0)
(2.8170655e-11 -0.0013992623 0)
(-3.8198116e-10 -0.0035044802 0)
(-2.0934157e-10 -0.0049176417 0)
(-4.0606486e-10 -0.0056293703 0)
(4.4421212e-10 -0.0056293704 0)
(2.5289453e-10 -0.0049176418 0)
(3.9474783e-10 -0.0035044804 0)
(-1.7246953e-11 -0.0013992623 0)
(-5.9978146e-11 -0.0013992622 0)
(-1.4614889e-10 -0.0035044801 0)
(-5.5959772e-10 -0.0049176416 0)
(5.1692641e-11 -0.0056293704 0)
(-9.0538946e-12 -0.0056293705 0)
(5.8452069e-10 -0.0049176418 0)
(1.7553537e-10 -0.0035044802 0)
(5.9895431e-11 -0.0013992623 0)
(2.8253e-11 -0.0013992621 0)
(-3.6695848e-10 -0.00350448 0)
(-1.9107615e-10 -0.0049176416 0)
(-3.9477111e-10 -0.0056293706 0)
(4.3072872e-10 -0.0056293706 0)
(2.3283221e-10 -0.0049176418 0)
(3.784069e-10 -0.0035044801 0)
(-1.7618115e-11 -0.0013992622 0)
(-5.8650108e-11 -0.001399262 0)
(-1.3398609e-10 -0.0035044799 0)
(-5.3813873e-10 -0.0049176416 0)
(5.8786384e-11 -0.0056293707 0)
(-1.8230064e-11 -0.0056293707 0)
(5.6113091e-10 -0.0049176417 0)
(1.6227872e-10 -0.00350448 0)
(5.8182356e-11 -0.0013992621 0)
(2.837886e-11 -0.0013992619 0)
(-3.5248762e-10 -0.0035044797 0)
(-1.7336495e-10 -0.0049176416 0)
(-3.8394713e-10 -0.0056293708 0)
(4.1779902e-10 -0.0056293708 0)
(2.1339998e-10 -0.0049176417 0)
(3.6268899e-10 -0.0035044799 0)
(-1.8014251e-11 -0.001399262 0)
(-5.7370287e-11 -0.0013992619 0)
(-1.2217211e-10 -0.0035044796 0)
(-5.1747229e-10 -0.0049176416 0)
(6.5711757e-11 -0.0056293709 0)
(-2.7152952e-11 -0.0056293709 0)
(5.3862584e-10 -0.0049176417 0)
(1.4942836e-10 -0.0035044797 0)
(5.6543414e-11 -0.0013992619 0)
(2.8543954e-11 -0.0013992618 0)
(-3.3853947e-10 -0.0035044795 0)
(-1.5618335e-10 -0.0049176416 0)
(-3.7355965e-10 -0.005629371 0)
(4.054008e-10 -0.005629371 0)
(1.9458007e-10 -0.0049176417 0)
(3.4756556e-10 -0.0035044796 0)
(-1.843192e-11 -0.0013992618 0)
(-5.6135797e-11 -0.0013992617 0)
(-1.1069368e-10 -0.0035044794 0)
(-4.9755479e-10 -0.0049176416 0)
(7.2477831e-11 -0.0056293711 0)
(-3.5821915e-11 -0.0056293711 0)
(5.1696667e-10 -0.0049176417 0)
(1.3697188e-10 -0.0035044795 0)
(5.4974248e-11 -0.0013992618 0)
(2.8744156e-11 -0.0013992616 0)
(-3.2508659e-10 -0.0035044793 0)
(-1.395089e-10 -0.0049176415 0)
(-3.6357826e-10 -0.0056293712 0)
(3.9351154e-10 -0.0056293712 0)
(1.7635447e-10 -0.0049176416 0)
(3.3300846e-10 -0.0035044794 0)
(-1.8868021e-11 -0.0013992617 0)
(-5.4943871e-11 -0.0013992616 0)
(-9.9538691e-11 -0.0035044792 0)
(-4.7834559e-10 -0.0049176415 0)
(7.9091852e-11 -0.0056293713 0)
(-4.4237548e-11 -0.0056293713 0)
(4.961154e-10 -0.0049176416 0)
(1.2489704e-10 -0.0035044793 0)
(5.3470658e-11 -0.0013992616 0)
(2.8975466e-11 -0.0013992615 0)
(-3.1210333e-10 -0.0035044791 0)
(-1.2332136e-10 -0.0049176415 0)
(-3.5397522e-10 -0.0056293714 0)
(3.8210831e-10 -0.0056293714 0)
(1.5870538e-10 -0.0049176416 0)
(3.1899093e-10 -0.0035044792 0)
(-1.9319575e-11 -0.0013992615 0)
(-5.379183e-11 -0.0013992614 0)
(-8.8696267e-11 -0.003504479 0)
(-4.5980713e-10 -0.0049176415 0)
(8.5559094e-11 -0.0056293714 0)
(-5.240136e-11 -0.0056293715 0)
(4.7603533e-10 -0.0049176416 0)
(1.1319223e-10 -0.0035044791 0)
(5.2028579e-11 -0.0013992615 0)
(2.9234152e-11 -0.0013992614 0)
(-2.9956597e-10 -0.0035044789 0)
(-1.0760293e-10 -0.0049176415 0)
(-3.4472555e-10 -0.0056293715 0)
(3.7116852e-10 -0.0056293716 0)
(1.4161562e-10 -0.0049176416 0)
(3.0548724e-10 -0.003504479 0)
(-1.9783733e-11 -0.0013992614 0)
(-5.2677172e-11 -0.0013992613 0)
(-7.815696e-11 -0.0035044788 0)
(-4.4190512e-10 -0.0049176415 0)
(9.1883306e-11 -0.0056293716 0)
(-6.0315453e-11 -0.0056293717 0)
(4.5669146e-10 -0.0049176416 0)
(1.0184648e-10 -0.0035044789 0)
(5.0644099e-11 -0.0013992613 0)
(2.9516435e-11 -0.0013992612 0)
(-2.8745286e-10 -0.0035044787 0)
(-9.2338117e-11 -0.0049176415 0)
(-3.3580662e-10 -0.0056293717 0)
(3.6067001e-10 -0.0056293717 0)
(1.2506916e-10 -0.0049176416 0)
(2.9247329e-10 -0.0035044788 0)
(-2.0257796e-11 -0.0013992613 0)
(-5.1597652e-11 -0.0013992612 0)
(-6.7912673e-11 -0.0035044786 0)
(-4.246084e-10 -0.0049176415 0)
(9.8066605e-11 -0.0056293718 0)
(-6.7981919e-11 -0.0056293718 0)
(4.3805082e-10 -0.0049176415 0)
(9.0849806e-11 -0.0035044787 0)
(4.931351e-11 -0.0013992612 0)
(2.9818809e-11 -0.0013992611 0)
(-2.7574432e-10 -0.0035044785 0)
(-7.7513985e-11 -0.0049176414 0)
(-3.2719817e-10 -0.0056293718 0)
(3.5059154e-10 -0.0056293719 0)
(1.0905138e-10 -0.0049176415 0)
(2.7992657e-10 -0.0035044786 0)
(-2.0739171e-11 -0.0013992612 0)
(-5.0551051e-11 -0.0013992611 0)
(-5.7956818e-11 -0.0035044785 0)
(-4.07889e-10 -0.0049176414 0)
(1.041097e-10 -0.0056293719 0)
(-7.5402946e-11 -0.005629372 0)
(4.2008275e-10 -0.0049176415 0)
(8.019357e-11 -0.0035044785 0)
(4.8033334e-11 -0.0013992611 0)
(3.0137724e-11 -0.001399261 0)
(-2.644226e-10 -0.0035044784 0)
(-6.3119965e-11 -0.0049176414 0)
(-3.188822e-10 -0.005629372 0)
(3.4091276e-10 -0.005629372 0)
(9.3549367e-11 -0.0049176415 0)
(2.678266e-10 -0.0035044785 0)
(-2.1225271e-11 -0.001399261 0)
(-4.9535268e-11 -0.0013992609 0)
(-4.8284146e-11 -0.0035044783 0)
(-3.9172207e-10 -0.0049176414 0)
(1.1001185e-10 -0.0056293721 0)
(-8.2580347e-11 -0.0056293721 0)
(4.0275922e-10 -0.0049176415 0)
(6.9870356e-11 -0.0035044784 0)
(4.6800259e-11 -0.001399261 0)
(3.046995e-11 -0.0013992609 0)
(-2.5347196e-10 -0.0035044782 0)
(-4.9147902e-11 -0.0049176414 0)
(-3.1084269e-10 -0.0056293721 0)
(3.3161478e-10 -0.0056293722 0)
(7.8552123e-11 -0.0049176415 0)
(2.5615461e-10 -0.0035044783 0)
(-2.1713554e-11 -0.0013992609 0)
(-4.8548378e-11 -0.0013992608 0)
(-3.889114e-11 -0.0035044782 0)
(-3.760857e-10 -0.0049176414 0)
(1.1577117e-10 -0.0056293722 0)
(-8.951505e-11 -0.0056293722 0)
(3.8605488e-10 -0.0049176415 0)
(5.9874079e-11 -0.0035044782 0)
(4.5611189e-11 -0.0013992609 0)
(3.0812169e-11 -0.0013992608 0)
(-2.4287866e-10 -0.0035044781 0)
(-3.5592085e-11 -0.0049176414 0)
(-3.030655e-10 -0.0056293722 0)
(3.2267996e-10 -0.0056293723 0)
(6.4050959e-11 -0.0049176415 0)
(2.4489389e-10 -0.0035044782 0)
(-2.2201638e-11 -0.0013992608 0)
(-4.7588583e-11 -0.0013992608 0)
(-2.9775557e-11 -0.003504478 0)
(-3.6096121e-10 -0.0049176414 0)
(1.213847e-10 -0.0056293723 0)
(-9.620752e-11 -0.0056293723 0)
(3.6994723e-10 -0.0049176415 0)
(5.0200291e-11 -0.0035044781 0)
(4.4463193e-11 -0.0013992608 0)
(3.1161288e-11 -0.0013992607 0)
(-2.3263111e-10 -0.0035044779 0)
(-2.2449262e-11 -0.0049176414 0)
(-2.9553826e-10 -0.0056293724 0)
(3.1409237e-10 -0.0056293724 0)
(5.0039247e-11 -0.0049176414 0)
(2.3402986e-10 -0.003504478 0)
(-2.2687066e-11 -0.0013992607 0)
(-4.6654216e-11 -0.0013992607 0)
(-2.0936962e-11 -0.0035044779 0)
(-3.4633284e-10 -0.0049176414 0)
(1.2684836e-10 -0.0056293724 0)
(-1.026571e-10 -0.0056293724 0)
(3.5441691e-10 -0.0049176414 0)
(4.0846169e-11 -0.003504478 0)
(4.3353669e-11 -0.0013992607 0)
(3.1514147e-11 -0.0013992606 0)
(-2.2271948e-10 -0.0035044778 0)
(-9.7185171e-12 -0.0049176413 0)
(-2.8825028e-10 -0.0056293725 0)
(3.0583763e-10 -0.0056293725 0)
(3.6513064e-11 -0.0049176414 0)
(2.2355019e-10 -0.0035044779 0)
(-2.3167417e-11 -0.0013992607 0)
(-4.5743774e-11 -0.0013992606 0)
(-1.2376159e-11 -0.0035044778 0)
(-3.3218786e-10 -0.0049176413 0)
(1.3215703e-10 -0.0056293725 0)
(-1.0886225e-10 -0.0056293725 0)
(3.3944772e-10 -0.0049176414 0)
(3.1810716e-11 -0.0035044778 0)
(4.2280119e-11 -0.0013992606 0)
(3.1867771e-11 -0.0013992605 0)
(-2.1313609e-10 -0.0035044777 0)
(2.5987616e-12 -0.0049176413 0)
(-2.8119269e-10 -0.0056293726 0)
(2.9790328e-10 -0.0056293726 0)
(2.3470921e-11 -0.0049176414 0)
(2.1344463e-10 -0.0035044778 0)
(-2.3640253e-11 -0.0013992606 0)
(-4.485597e-11 -0.0013992605 0)
(-4.0957668e-12 -0.0035044777 0)
(-3.1851629e-10 -0.0049176413 0)
(1.3730484e-10 -0.0056293726 0)
(-1.1482024e-10 -0.0056293726 0)
(3.2502652e-10 -0.0049176414 0)
(2.3094423e-11 -0.0035044777 0)
(4.1240388e-11 -0.0013992605 0)
(3.2219164e-11 -0.0013992605 0)
(-2.0387525e-10 -0.0035044776 0)
(1.4498782e-11 -0.0049176413 0)
(-2.7435797e-10 -0.0056293727 0)
(2.902786e-10 -0.0056293727 0)
(1.0913801e-11 -0.0049176414 0)
(2.0370519e-10 -0.0035044777 0)
(-2.410318e-11 -0.0013992605 0)
(-4.3989552e-11 -0.0013992604 0)
(3.9002198e-12 -0.0035044776 0)
(-3.0531137e-10 -0.0049176413 0)
(1.4228481e-10 -0.0056293727 0)
(-1.2052717e-10 -0.0056293727 0)
(3.1114343e-10 -0.0049176414 0)
(1.4699617e-11 -0.0035044776 0)
(4.0232528e-11 -0.0013992605 0)
(3.2565424e-11 -0.0013992604 0)
(-1.9493327e-10 -0.0035044775 0)
(2.5975403e-11 -0.0049176413 0)
(-2.6774047e-10 -0.0056293727 0)
(2.8295468e-10 -0.0056293728 0)
(-1.1546755e-12 -0.0049176414 0)
(1.943261e-10 -0.0035044776 0)
(-2.4553673e-11 -0.0013992604 0)
(-4.3143554e-11 -0.0013992604 0)
(1.1606178e-11 -0.0035044775 0)
(-2.9256925e-10 -0.0049176413 0)
(1.4708922e-10 -0.0056293728 0)
(-1.2597829e-10 -0.0056293728 0)
(2.9779161e-10 -0.0049176413 0)
(6.6304964e-12 -0.0035044775 0)
(3.9254889e-11 -0.0013992604 0)
(3.2903724e-11 -0.0013992603 0)
(-1.8630852e-10 -0.0035044774 0)
(3.7020264e-11 -0.0049176413 0)
(-2.6133607e-10 -0.0056293728 0)
(2.7592423e-10 -0.0056293728 0)
(-1.2728596e-11 -0.0049176413 0)
(1.8530384e-10 -0.0035044775 0)
(-2.4989272e-11 -0.0013992604 0)
(-4.2317036e-11 -0.0013992603 0)
(1.9015054e-11 -0.0035044774 0)
(-2.8028891e-10 -0.0049176413 0)
(1.5170924e-10 -0.0056293729 0)
(-1.31168e-10 -0.0056293729 0)
(2.8496734e-10 -0.0049176413 0)
(-1.1074227e-12 -0.0035044774 0)
(3.8305904e-11 -0.0013992603 0)
(3.3231273e-11 -0.0013992603 0)
(-1.7800123e-10 -0.0035044773 0)
(4.7622726e-11 -0.0049176413 0)
(-2.5514249e-10 -0.0056293729 0)
(2.6918157e-10 -0.0056293729 0)
(-2.3799908e-11 -0.0049176413 0)
(1.7663681e-10 -0.0035044774 0)
(-2.5407631e-11 -0.0013992603 0)
(-4.1509459e-11 -0.0013992602 0)
(2.6118346e-11 -0.0035044773 0)
(-2.6847231e-10 -0.0049176413 0)
(1.5613518e-10 -0.0056293729 0)
(-1.3609004e-10 -0.0056293729 0)
(2.7266957e-10 -0.0049176413 0)
(-8.5071505e-12 -0.0035044773 0)
(3.7384465e-11 -0.0013992603 0)
(3.354525e-11 -0.0013992602 0)
(-1.7001367e-10 -0.0035044772 0)
(5.7770001e-11 -0.0049176413 0)
(-2.4915932e-10 -0.0056293729 0)
(2.6272243e-10 -0.005629373 0)
(-3.4358701e-11 -0.0049176413 0)
(1.6832533e-10 -0.0035044773 0)
(-2.5806248e-11 -0.0013992602 0)
(-4.0720422e-11 -0.0013992602 0)
(3.2906248e-11 -0.0035044772 0)
(-2.5712435e-10 -0.0049176412 0)
(1.6035637e-10 -0.005629373 0)
(-1.4073794e-10 -0.005629373 0)
(2.6089963e-10 -0.0049176413 0)
(-1.5560531e-11 -0.0035044773 0)
(3.6489653e-11 -0.0013992602 0)
(3.3843064e-11 -0.0013992602 0)
(-1.6235001e-10 -0.0035044772 0)
(6.7447408e-11 -0.0049176412 0)
(-2.4338822e-10 -0.005629373 0)
(2.565434e-10 -0.005629373 0)
(-4.439382e-11 -0.0049176413 0)
(1.6037148e-10 -0.0035044772 0)
(-2.6182804e-11 -0.0013992602 0)
(-3.9949657e-11 -0.0013992602 0)
(3.9367883e-11 -0.0035044771 0)
(-2.4625276e-10 -0.0049176412 0)
(1.6436094e-10 -0.005629373 0)
(-1.4510546e-10 -0.005629373 0)
(2.4966094e-10 -0.0049176413 0)
(-2.2258481e-11 -0.0035044772 0)
(3.5620672e-11 -0.0013992602 0)
(3.4122253e-11 -0.0013992601 0)
(-1.5501604e-10 -0.0035044771 0)
(7.6638316e-11 -0.0049176412 0)
(-2.3783304e-10 -0.005629373 0)
(2.5064183e-10 -0.0056293731 0)
(-5.3893325e-11 -0.0049176413 0)
(1.5277865e-10 -0.0035044771 0)
(-2.6535095e-11 -0.0013992601 0)
(-3.9197177e-11 -0.0013992601 0)
(4.549134e-11 -0.0035044771 0)
(-2.3586795e-10 -0.0049176412 0)
(1.6813599e-10 -0.0056293731 0)
(-1.4918726e-10 -0.0056293731 0)
(2.3895823e-10 -0.0049176413 0)
(-2.8591585e-11 -0.0035044771 0)
(3.4777118e-11 -0.0013992601 0)
(3.4380303e-11 -0.0013992601 0)
(-1.4801937e-10 -0.003504477 0)
(8.5324588e-11 -0.0049176412 0)
(-2.3250007e-10 -0.0056293731 0)
(2.4501499e-10 -0.0056293731 0)
(-6.2845436e-11 -0.0049176412 0)
(1.4555132e-10 -0.0035044771 0)
(-2.6860915e-11 -0.0013992601 0)
(-3.8463217e-11 -0.0013992601 0)
(5.1263835e-11 -0.003504477 0)
(-2.2598295e-10 -0.0049176412 0)
(1.7166728e-10 -0.0056293731 0)
(-1.5297946e-10 -0.0056293731 0)
(2.2879684e-10 -0.0049176412 0)
(-3.4550287e-11 -0.0035044771 0)
(3.3958867e-11 -0.0013992601 0)
(3.4615029e-11 -0.0013992601 0)
(-1.4136899e-10 -0.003504477 0)
(9.3486717e-11 -0.0049176412 0)
(-2.273983e-10 -0.0056293731 0)
(2.3965965e-10 -0.0056293731 0)
(-7.1239176e-11 -0.0049176412 0)
(1.3869446e-10 -0.003504477 0)
(-2.7158351e-11 -0.0013992601 0)
(-3.7748266e-11 -0.00139926 0)
(5.6672442e-11 -0.003504477 0)
(-2.1661323e-10 -0.0049176412 0)
(1.7493911e-10 -0.0056293731 0)
(-1.5648061e-10 -0.0056293732 0)
(2.1918194e-10 -0.0049176412 0)
(-4.0125971e-11 -0.003504477 0)
(3.3165821e-11 -0.00139926 0)
(3.482437e-11 -0.00139926 0)
(-1.3507503e-10 -0.0035044769 0)
(1.011042e-10 -0.0049176412 0)
(-2.2253979e-10 -0.0056293732 0)
(2.3457126e-10 -0.0056293732 0)
(-7.9065889e-11 -0.0049176412 0)
(1.32213e-10 -0.003504477 0)
(-2.7425795e-11 -0.00139926 0)
(-3.705303e-11 -0.00139926 0)
(6.170397e-11 -0.0035044769 0)
(-2.0777635e-10 -0.0049176412 0)
(1.7793436e-10 -0.0056293732 0)
(-1.5969269e-10 -0.0056293732 0)
(2.101175e-10 -0.0049176412 0)
(-4.5311329e-11 -0.0035044769 0)
(3.2398209e-11 -0.00139926 0)
(3.500665e-11 -0.00139926 0)
(-1.2914856e-10 -0.0035044769 0)
(1.0815609e-10 -0.0049176412 0)
(-2.1793968e-10 -0.0056293732 0)
(2.2974305e-10 -0.0056293732 0)
(-8.6320133e-11 -0.0049176412 0)
(1.2611128e-10 -0.0035044769 0)
(-2.7661952e-11 -0.00139926 0)
(-3.6378314e-11 -0.00139926 0)
(6.6345715e-11 -0.0035044769 0)
(-1.9949156e-10 -0.0049176412 0)
(1.8063445e-10 -0.0056293732 0)
(-1.6262191e-10 -0.0056293732 0)
(2.0160482e-10 -0.0049176412 0)
(-5.0101164e-11 -0.0035044769 0)
(3.1656317e-11 -0.00139926 0)
(3.5160415e-11 -0.00139926 0)
(-1.2360121e-10 -0.0035044768 0)
(1.1462165e-10 -0.0049176411 0)
(-2.1361637e-10 -0.0056293732 0)
(2.2516529e-10 -0.0056293732 0)
(-9.3001049e-11 -0.0049176412 0)
(1.2039192e-10 -0.0035044769 0)
(-2.7865992e-11 -0.00139926 0)
(-3.572534e-11 -0.0013992599 0)
(7.0585783e-11 -0.0035044768 0)
(-1.9177941e-10 -0.0049176411 0)
(1.8301945e-10 -0.0056293732 0)
(-1.6527984e-10 -0.0056293732 0)
(1.9364177e-10 -0.0049176412 0)
(-5.4493519e-11 -0.0035044769 0)
(3.094055e-11 -0.00139926 0)
(3.5284551e-11 -0.0013992599 0)
(-1.1844471e-10 -0.0035044768 0)
(1.2048084e-10 -0.0049176411 0)
(-2.0959165e-10 -0.0056293732 0)
(2.208245e-10 -0.0056293732 0)
(-9.9114024e-11 -0.0049176412 0)
(1.150556e-10 -0.0035044768 0)
(-2.8037531e-11 -0.0013992599 0)
(-3.5095424e-11 -0.0013992599 0)
(7.4413934e-11 -0.0035044768 0)
(-1.8466079e-10 -0.0049176411 0)
(1.8506807e-10 -0.0056293732 0)
(-1.676844e-10 -0.0056293732 0)
(1.8622117e-10 -0.0049176412 0)
(-5.8490356e-11 -0.0035044768 0)
(3.0251447e-11 -0.0013992599 0)
(3.5378462e-11 -0.0013992599 0)
(-1.1369007e-10 -0.0035044768 0)
(1.2571558e-10 -0.0049176411 0)
(-2.0589037e-10 -0.0056293732 0)
(2.1670256e-10 -0.0056293732 0)
(-1.0467184e-10 -0.0049176411 0)
(1.1009976e-10 -0.0035044768 0)
(-2.8176874e-11 -0.0013992599 0)
(-3.4490101e-11 -0.0013992599 0)
(7.7822133e-11 -0.0035044768 0)
(-1.7815612e-10 -0.0049176411 0)
(1.8675859e-10 -0.0056293732 0)
(-1.6986057e-10 -0.0056293732 0)
(1.7932961e-10 -0.0049176411 0)
(-6.2098589e-11 -0.0035044768 0)
(2.9589452e-11 -0.0013992599 0)
(3.5441916e-11 -0.0013992599 0)
(-1.0934711e-10 -0.0035044767 0)
(1.3031104e-10 -0.0049176411 0)
(-2.0253989e-10 -0.0056293732 0)
(2.1277629e-10 -0.0056293732 0)
(-1.0969606e-10 -0.0049176411 0)
(1.0551784e-10 -0.0035044768 0)
(-2.8285083e-11 -0.0013992599 0)
(-3.3911051e-11 -0.0013992599 0)
(8.0805776e-11 -0.0035044767 0)
(-1.7228381e-10 -0.0049176411 0)
(1.8806947e-10 -0.0056293732 0)
(-1.7184074e-10 -0.0056293732 0)
(1.7294626e-10 -0.0049176411 0)
(-6.5331183e-11 -0.0035044767 0)
(2.8954917e-11 -0.0013992599 0)
(3.5475431e-11 -0.0013992599 0)
(-1.0542313e-10 -0.0035044767 0)
(1.3425724e-10 -0.0049176411 0)
(-1.995689e-10 -0.0056293732 0)
(2.0901719e-10 -0.0056293732 0)
(-1.1421822e-10 -0.0049176411 0)
(1.0129831e-10 -0.0035044767 0)
(-2.8364023e-11 -0.0013992599 0)
(-3.3360007e-11 -0.0013992599 0)
(8.3364804e-11 -0.0035044767 0)
(-1.670582e-10 -0.0049176411 0)
(1.8898091e-10 -0.0056293732 0)
(-1.7366502e-10 -0.0056293732 0)
(1.6704182e-10 -0.0049176411 0)
(-6.8207703e-11 -0.0035044767 0)
(2.8348057e-11 -0.0013992599 0)
(3.548016e-11 -0.0013992599 0)
(-1.0192156e-10 -0.0035044767 0)
(1.3755154e-10 -0.0049176411 0)
(-1.970056e-10 -0.0056293732 0)
(2.0539164e-10 -0.0056293732 0)
(-1.1828069e-10 -0.0049176411 0)
(9.7423871e-11 -0.0035044767 0)
(-2.8416327e-11 -0.0013992599 0)
(-3.2838506e-11 -0.0013992599 0)
(8.5505351e-11 -0.0035044767 0)
(-1.624868e-10 -0.0049176411 0)
(1.894772e-10 -0.0056293732 0)
(-1.7538022e-10 -0.0056293732 0)
(1.6157779e-10 -0.0049176411 0)
(-7.0755452e-11 -0.0035044767 0)
(2.776872e-11 -0.0013992599 0)
(3.5458094e-11 -0.0013992598 0)
(-9.884011e-11 -0.0035044767 0)
(1.4020177e-10 -0.0049176411 0)
(-1.9487473e-10 -0.0056293732 0)
(2.0186218e-10 -0.0056293732 0)
(-1.2193719e-10 -0.0049176411 0)
(9.3870741e-11 -0.0035044767 0)
(-2.844582e-11 -0.0013992599 0)
(-3.2348048e-11 -0.0013992598 0)
(8.7241648e-11 -0.0035044767 0)
(-1.5856667e-10 -0.004917641 0)
(1.8955002e-10 -0.0056293732 0)
(-1.7703844e-10 -0.0056293732 0)
(1.5650618e-10 -0.0049176411 0)
(-7.3009832e-11 -0.0035044767 0)
(2.7216363e-11 -0.0013992598 0)
(3.5412135e-11 -0.0013992598 0)
(-9.6168554e-11 -0.0035044766 0)
(1.422302e-10 -0.004917641 0)
(-1.9319358e-10 -0.0056293732 0)
(1.9838908e-10 -0.0056293732 0)
(-1.2525233e-10 -0.004917641 0)
(9.0607824e-11 -0.0035044767 0)
(-2.8457154e-11 -0.0013992598 0)
(-3.1889488e-11 -0.0013992598 0)
(8.8598818e-11 -0.0035044766 0)
(-1.5527981e-10 -0.004917641 0)
(1.8920285e-10 -0.0056293732 0)
(-1.7869405e-10 -0.0056293732 0)
(1.5176988e-10 -0.004917641 0)
(-7.5014723e-11 -0.0035044766 0)
(2.6689807e-11 -0.0013992598 0)
(3.5346637e-11 -0.0013992598 0)
(-9.3885517e-11 -0.0035044766 0)
(1.4367863e-10 -0.004917641 0)
(-1.9196644e-10 -0.0056293732 0)
(1.9493386e-10 -0.0056293732 0)
(-1.2830055e-10 -0.004917641 0)
(8.7596581e-11 -0.0035044766 0)
(-2.8456255e-11 -0.0013992598 0)
(-3.1462921e-11 -0.0013992598 0)
(8.9615753e-11 -0.0035044766 0)
(-1.5258677e-10 -0.004917641 0)
(1.8845695e-10 -0.0056293732 0)
(-1.8039959e-10 -0.0056293732 0)
(1.4730419e-10 -0.004917641 0)
(-7.682224e-11 -0.0035044766 0)
(2.6187165e-11 -0.0013992598 0)
(3.5267337e-11 -0.0013992598 0)
(-9.1954874e-11 -0.0035044766 0)
(1.4461469e-10 -0.004917641 0)
(-1.9117743e-10 -0.0056293732 0)
(1.9146392e-10 -0.0056293732 0)
(-1.3116377e-10 -0.004917641 0)
(8.4790986e-11 -0.0035044766 0)
(-2.8450012e-11 -0.0013992598 0)
(-3.1066925e-11 -0.0013992598 0)
(9.0348965e-11 -0.0035044766 0)
(-1.5042002e-10 -0.004917641 0)
(1.8735875e-10 -0.0056293732 0)
(-1.8219936e-10 -0.0056293732 0)
(1.4303934e-10 -0.004917641 0)
(-7.8492132e-11 -0.0035044766 0)
(2.5705546e-11 -0.0013992598 0)
(3.5182081e-11 -0.0013992598 0)
(-9.0321544e-11 -0.0035044766 0)
(1.4513858e-10 -0.004917641 0)
(-1.9078198e-10 -0.0056293732 0)
(1.8795894e-10 -0.0056293732 0)
(-1.3392718e-10 -0.004917641 0)
(8.2138317e-11 -0.0035044766 0)
(-2.844635e-11 -0.0013992598 0)
(-3.0698232e-11 -0.0013992598 0)
(9.087629e-11 -0.0035044766 0)
(-1.4867598e-10 -0.004917641 0)
(1.8598825e-10 -0.0056293732 0)
(-1.8412149e-10 -0.0056293732 0)
(1.3890465e-10 -0.004917641 0)
(-8.0089728e-11 -0.0035044766 0)
(2.5240995e-11 -0.0013992598 0)
(3.5100904e-11 -0.0013992598 0)
(-8.8907241e-11 -0.0035044766 0)
(1.4538994e-10 -0.004917641 0)
(-1.9069705e-10 -0.0056293732 0)
(1.8441864e-10 -0.0056293732 0)
(-1.3667328e-10 -0.004917641 0)
(7.9580889e-11 -0.0035044766 0)
(-2.8453958e-11 -0.0013992598 0)
(-3.0350741e-11 -0.0013992598 0)
(9.1300016e-11 -0.0035044766 0)
(-1.4720779e-10 -0.004917641 0)
(1.8446721e-10 -0.0056293732 0)
(-1.861683e-10 -0.0056293732 0)
(1.3483474e-10 -0.004917641 0)
(-8.1683059e-11 -0.0035044766 0)
(2.4788273e-11 -0.0013992598 0)
(3.5036542e-11 -0.0013992598 0)
(-8.7606493e-11 -0.0035044765 0)
(1.4555273e-10 -0.0049176409 0)
(-1.9079214e-10 -0.0056293731 0)
(1.808717e-10 -0.0056293731 0)
(-1.394733e-10 -0.004917641 0)
(7.7058629e-11 -0.0035044766 0)
(-2.8482122e-11 -0.0013992598 0)
(-3.0014359e-11 -0.0013992598 0)
(9.1748686e-11 -0.0035044765 0)
(-1.458199e-10 -0.0049176409 0)
(1.8296492e-10 -0.0056293731 0)
(-1.883047e-10 -0.0056293731 0)
(1.3077713e-10 -0.0049176409 0)
(-8.3338175e-11 -0.0035044766 0)
(2.4340476e-11 -0.0013992598 0)
(3.5004264e-11 -0.0013992598 0)
(-8.6284198e-11 -0.0035044765 0)
(1.4585513e-10 -0.0049176409 0)
(-1.9088126e-10 -0.0056293731 0)
(1.7738354e-10 -0.0056293731 0)
(-1.4237592e-10 -0.0049176409 0)
(7.4512323e-11 -0.0035044765 0)
(-2.8540004e-11 -0.0013992598 0)
(-2.9673612e-11 -0.0013992598 0)
(9.2374317e-11 -0.0035044765 0)
(-1.4426705e-10 -0.0049176409 0)
(1.8169879e-10 -0.0056293731 0)
(-1.9044654e-10 -0.0056293731 0)
(1.2670019e-10 -0.0049176409 0)
(-8.5112356e-11 -0.0035044765 0)
(2.3888154e-11 -0.0013992598 0)
(3.5021422e-11 -0.0013992598 0)
(-8.4775469e-11 -0.0035044765 0)
(1.4656057e-10 -0.0049176409 0)
(-1.9072072e-10 -0.0056293731 0)
(1.7406086e-10 -0.0056293731 0)
(-1.4539268e-10 -0.0049176409 0)
(7.1886871e-11 -0.0035044765 0)
(-2.8636049e-11 -0.0013992598 0)
(-2.9305051e-11 -0.0013992598 0)
(9.3343622e-11 -0.0035044765 0)
(-1.4226089e-10 -0.0049176409 0)
(1.8092262e-10 -0.0056293731 0)
(-1.9244847e-10 -0.0056293731 0)
(1.2260165e-10 -0.0049176409 0)
(-8.704442e-11 -0.0035044765 0)
(2.3417326e-11 -0.0013992598 0)
(3.5105286e-11 -0.0013992598 0)
(-8.2890187e-11 -0.0035044765 0)
(1.479416e-10 -0.0049176409 0)
(-1.9001317e-10 -0.0056293731 0)
(1.710499e-10 -0.0056293731 0)
(-1.4847694e-10 -0.0049176409 0)
(6.9134607e-11 -0.0035044765 0)
(-2.8776403e-11 -0.0013992598 0)
(-2.8873508e-11 -0.0013992598 0)
(9.4815864e-11 -0.0035044765 0)
(-1.3949006e-10 -0.0049176409 0)
(1.8089635e-10 -0.0056293731 0)
(-1.9408899e-10 -0.0056293731 0)
(1.1851754e-10 -0.0049176409 0)
(-8.913875e-11 -0.0035044765 0)
(2.2905449e-11 -0.0013992598 0)
(3.5269285e-11 -0.0013992598 0)
(-8.0426116e-11 -0.0035044765 0)
(1.5022557e-10 -0.0049176408 0)
(-1.8842457e-10 -0.005629373 0)
(1.6852741e-10 -0.0056293731 0)
(-1.5148899e-10 -0.0049176409 0)
(6.6220008e-11 -0.0035044765 0)
(-2.8963011e-11 -0.0013992598 0)
(-2.8326485e-11 -0.0013992598 0)
(9.6898813e-11 -0.0035044765 0)
(-1.3566438e-10 -0.0049176408 0)
(1.8182623e-10 -0.005629373 0)
(-1.9504728e-10 -0.005629373 0)
(1.1454106e-10 -0.0049176409 0)
(-9.1335758e-11 -0.0035044765 0)
(2.2315183e-11 -0.0013992598 0)
(3.5515293e-11 -0.0013992598 0)
(-7.7201686e-11 -0.0035044765 0)
(1.5349046e-10 -0.0049176408 0)
(-1.8561863e-10 -0.005629373 0)
(1.6669097e-10 -0.005629373 0)
(-1.5412672e-10 -0.0049176409 0)
(6.3136665e-11 -0.0035044765 0)
(-2.9189212e-11 -0.0013992598 0)
(-2.7587914e-11 -0.0013992597 0)
(9.9561908e-11 -0.0035044764 0)
(-1.3060986e-10 -0.0049176408 0)
(1.837611e-10 -0.005629373 0)
(-1.9485151e-10 -0.005629373 0)
(1.1087947e-10 -0.0049176409 0)
(-9.3446452e-11 -0.0035044765 0)
(2.1586054e-11 -0.0013992598 0)
(3.5819483e-11 -0.0013992597 0)
(-7.3138201e-11 -0.0035044764 0)
(1.5746787e-10 -0.0049176408 0)
(-1.8132745e-10 -0.005629373 0)
(1.6577481e-10 -0.005629373 0)
(-1.5577185e-10 -0.0049176408 0)
(5.9969837e-11 -0.0035044765 0)
(-2.9430069e-11 -0.0013992598 0)
(-2.655732e-11 -0.0013992597 0)
(1.0245906e-10 -0.0035044764 0)
(-1.2448107e-10 -0.0049176408 0)
(1.864214e-10 -0.005629373 0)
(-1.9276121e-10 -0.005629373 0)
(1.0802807e-10 -0.0049176408 0)
(-9.4998945e-11 -0.0035044765 0)
(2.0631933e-11 -0.0013992598 0)
(3.6102717e-11 -0.0013992597 0)
(-6.8472598e-11 -0.0035044764 0)
(1.6116046e-10 -0.0049176408 0)
(-1.7550193e-10 -0.005629373 0)
(1.6615867e-10 -0.005629373 0)
(-1.5514205e-10 -0.0049176408 0)
(5.7092612e-11 -0.0035044765 0)
(-2.9618228e-11 -0.0013992598 0)
(-2.5134574e-11 -0.0013992597 0)
(1.0455149e-10 -0.0035044764 0)
(-1.1824964e-10 -0.0049176408 0)
(1.8891373e-10 -0.0056293729 0)
(-1.8750615e-10 -0.005629373 0)
(1.072417e-10 -0.0049176408 0)
(-9.4875891e-11 -0.0035044765 0)
(1.9364036e-11 -0.0013992598 0)
(3.6163762e-11 -0.0013992597 0)
(-6.429002e-11 -0.0035044764 0)
(1.6206946e-10 -0.0049176407 0)
(-1.6865405e-10 -0.0056293729 0)
(1.6871477e-10 -0.0056293729 0)
(-1.4951798e-10 -0.0049176408 0)
(5.569883e-11 -0.0035044765 0)
(-2.9580939e-11 -0.0013992598 0)
(-2.3321391e-11 -0.0013992597 0)
(1.0328092e-10 -0.0035044764 0)
(-1.1482229e-10 -0.0049176407 0)
(1.8922877e-10 -0.0056293729 0)
(-1.7674456e-10 -0.0056293729 0)
(1.1168428e-10 -0.0049176408 0)
(-9.0477733e-11 -0.0035044765 0)
(1.7793458e-11 -0.0013992598 0)
(3.5515041e-11 -0.0013992597 0)
(-6.3797496e-11 -0.0035044764 0)
(1.5460467e-10 -0.0049176407 0)
(-1.6263731e-10 -0.0056293729 0)
(1.7567139e-10 -0.0056293729 0)
(-1.3309294e-10 -0.0049176408 0)
(5.9107922e-11 -0.0035044765 0)
(-2.8875365e-11 -0.0013992598 0)
(-2.1517922e-11 -0.0013992597 0)
(9.2761313e-11 -0.0035044764 0)
(-1.2149929e-10 -0.0049176407 0)
(1.8330976e-10 -0.0056293729 0)
(-1.5600668e-10 -0.0056293729 0)
(1.2898446e-10 -0.0049176408 0)
(-7.5867121e-11 -0.0035044765 0)
(1.6332821e-11 -0.0013992598 0)
(3.2980307e-11 -0.0013992597 0)
(-7.5179769e-11 -0.0035044764 0)
(1.2686148e-10 -0.0049176407 0)
(-1.62343e-10 -0.0056293729 0)
(1.9247149e-10 -0.0056293729 0)
(-9.3622146e-11 -0.0049176407 0)
(7.5685804e-11 -0.0035044764 0)
(-2.6378405e-11 -0.0013992598 0)
(-2.1264188e-11 -0.0013992597 0)
(5.9973653e-11 -0.0035044764 0)
(-1.5504123e-10 -0.0049176407 0)
(1.6332045e-10 -0.0056293729 0)
(-1.1677751e-10 -0.0056293729 0)
(1.7644742e-10 -0.0049176407 0)
(-3.7883691e-11 -0.0035044764 0)
(1.6546515e-11 -0.0013992598 0)
(2.5761693e-11 -0.0013992597 0)
(-1.1752881e-10 -0.0035044763 0)
(5.4465653e-11 -0.0049176407 0)
(-1.7909409e-10 -0.0056293729 0)
(2.3134371e-10 -0.0056293729 0)
(-6.1190327e-12 -0.0049176407 0)
(1.2485265e-10 -0.0035044764 0)
(-1.9336833e-11 -0.0013992598 0)
(-2.6903619e-11 -0.0013992597 0)
(-2.2629068e-11 -0.0035044763 0)
(-2.5117109e-10 -0.0049176407 0)
(1.1469158e-10 -0.0056293729 0)
(-4.341167e-11 -0.0056293729 0)
(2.9066401e-10 -0.0049176407 0)
(5.1333329e-11 -0.0035044764 0)
(2.2824773e-11 -0.0013992597 0)
(7.4960677e-12 -0.0013992597 0)
(-2.3195612e-10 -0.0035044763 0)
(-1.0978121e-10 -0.0049176407 0)
(-2.3666798e-10 -0.005629373 0)
(3.1734874e-10 -0.005629373 0)
(1.7754873e-10 -0.0049176407 0)
(2.482311e-10 -0.0035044763 0)
(-1.3963962e-12 -0.0013992597 0)
(-4.8965737e-11 -0.0013992596 0)
(-2.0955925e-10 -0.0035044762 0)
(-4.7986239e-10 -0.0049176407 0)
(1.2258349e-11 -0.0056293731 0)
(9.0595249e-11 -0.0056293731 0)
(5.4270728e-10 -0.0049176407 0)
(2.4679508e-10 -0.0035044762 0)
(4.5773177e-11 -0.0013992596 0)
(-3.5175935e-11 -0.0013992595 0)
(-4.9926798e-10 -0.0035044761 0)
(-4.4893016e-10 -0.0049176408 0)
(-3.7997982e-10 -0.0056293733 0)
(4.9670195e-10 -0.0056293733 0)
(5.4145368e-10 -0.0049176407 0)
(5.2722027e-10 -0.0035044761 0)
(4.0862973e-11 -0.0013992595 0)
(-1.1023328e-10 -0.0013992594 0)
(-5.9759069e-10 -0.0035044759 0)
(-9.6286553e-10 -0.0049176408 0)
(-1.8080646e-10 -0.0056293736 0)
(3.2303848e-10 -0.0056293735 0)
(1.0551515e-09 -0.0049176407 0)
(6.4580261e-10 -0.0035044759 0)
(1.0827383e-10 -0.0013992594 0)
(-1.2708043e-10 -0.0013992592 0)
(-1.0593408e-09 -0.0035044756 0)
(-1.0846887e-09 -0.0049176409 0)
(-6.8210386e-10 -0.0056293739 0)
(8.4270198e-10 -0.0056293739 0)
(1.2076602e-09 -0.0049176408 0)
(1.1020244e-09 -0.0035044756 0)
(1.324317e-10 -0.0013992591 0)
(-2.5453087e-10 -0.0013992588 0)
(-1.327932e-09 -0.0035044754 0)
(-1.8722601e-09 -0.0049176409 0)
(-4.9770047e-10 -0.0056293745 0)
(6.8618092e-10 -0.0056293744 0)
(1.9995153e-09 -0.0049176409 0)
(1.3897139e-09 -0.0035044753 0)
(2.5424806e-10 -0.0013992588 0)
(-3.0630854e-10 -0.0013992583 0)
(-2.1060883e-09 -0.0035044748 0)
(-2.1259341e-09 -0.0049176413 0)
(-1.231746e-09 -0.0056293752 0)
(1.4413751e-09 -0.0056293752 0)
(2.2834422e-09 -0.0049176411 0)
(2.1660214e-09 -0.0035044747 0)
(3.1169872e-10 -0.0013992583 0)
(-5.5392408e-10 -0.0013992576 0)
(-2.5242763e-09 -0.0035044744 0)
(-3.3433702e-09 -0.0049176414 0)
(-9.0090517e-10 -0.0056293763 0)
(1.1376759e-09 -0.0056293762 0)
(3.5076179e-09 -0.0049176412 0)
(2.6014104e-09 -0.0035044742 0)
(5.5581468e-10 -0.0013992575 0)
(-6.1241991e-10 -0.0013992568 0)
(-3.7812715e-09 -0.0035044734 0)
(-3.455262e-09 -0.004917642 0)
(-2.0523842e-09 -0.0056293774 0)
(2.308454e-09 -0.0056293774 0)
(3.6462603e-09 -0.0049176417 0)
(3.8588658e-09 -0.0035044732 0)
(6.1867011e-10 -0.0013992567 0)
(-1.09874e-09 -0.0013992554 0)
(-4.0512351e-09 -0.0035044728 0)
(-5.1484055e-09 -0.0049176422 0)
(-1.0935991e-09 -0.0056293792 0)
(1.3699411e-09 -0.005629379 0)
(5.3436703e-09 -0.004917642 0)
(4.143153e-09 -0.0035044725 0)
(1.1032541e-09 -0.0013992554 0)
(-1.0394719e-09 -0.0013992541 0)
(-5.804272e-09 -0.0035044715 0)
(-4.1546841e-09 -0.0049176434 0)
(-2.8527543e-09 -0.0056293808 0)
(3.1382266e-09 -0.0056293807 0)
(4.3683878e-09 -0.004917643 0)
(5.8957611e-09 -0.0035044712 0)
(1.0479657e-09 -0.001399254 0)
(-1.935593e-09 -0.0013992521 0)
(-4.9014591e-09 -0.003504471 0)
(-5.8676369e-09 -0.0049176438 0)
(-1.0905492e-10 -0.0056293829 0)
(3.9886767e-10 -0.0056293826 0)
(6.0750805e-09 -0.0049176435 0)
(5.0035004e-09 -0.0035044706 0)
(1.9429543e-09 -0.001399252 0)
(-1.4247838e-09 -0.0013992504 0)
(-6.5933886e-09 -0.0035044698 0)
(-1.3160506e-09 -0.0049176455 0)
(-2.4617538e-09 -0.005629384 0)
(2.739279e-09 -0.0056293839 0)
(1.52785e-09 -0.004917645 0)
(6.6888797e-09 -0.0035044694 0)
(1.4374347e-09 -0.0013992502 0)
(-2.902277e-09 -0.0013992482 0)
(-2.0137737e-09 -0.0035044706 0)
(-1.2754306e-09 -0.0049176461 0)
(4.3989555e-09 -0.0056293849 0)
(-4.1432352e-09 -0.0056293846 0)
(1.4600726e-09 -0.0049176457 0)
(2.115832e-09 -0.0035044701 0)
(2.9121501e-09 -0.001399248 0)
(-1.2552535e-09 -0.0013992473 0)
(-1.6946006e-09 -0.0035044714 0)
(1.1877019e-08 -0.0049176483 0)
(2.1511753e-09 -0.0056293828 0)
(-1.9410493e-09 -0.0056293827 0)
(-1.170679e-08 -0.0049176478 0)
(1.7770279e-09 -0.003504471 0)
(1.2740792e-09 -0.001399247 0)
(-3.3272871e-09 -0.0013992468 0)
(1.1448394e-08 -0.0035044765 0)
(1.8029037e-08 -0.0049176486 0)
(1.7081246e-08 -0.0056293779 0)
(-1.6926949e-08 -0.0056293775 0)
(-1.7917003e-08 -0.0049176482 0)
(-1.1362193e-08 -0.0035044759 0)
(3.3381346e-09 -0.0013992465 0)
(5.7872416e-10 -0.0013992498 0)
(1.8235722e-08 -0.0035044839 0)
(4.8345503e-08 -0.0049176505 0)
(1.7083907e-08 -0.0056293657 0)
(-1.701639e-08 -0.0056293656 0)
(-4.8267188e-08 -0.0049176499 0)
(-1.8190004e-08 -0.0035044834 0)
(-5.5277892e-10 -0.0013992495 0)
(-1.6601158e-09 -0.001399256 0)
(4.7701407e-08 -0.0035044996 0)
(6.8805432e-08 -0.0049176494 0)
(4.5591018e-08 -0.005629345 0)
(-4.5613784e-08 -0.0056293446 0)
(-6.8822699e-08 -0.0049176489 0)
(-4.7651933e-08 -0.0035044989 0)
(1.6680501e-09 -0.0013992558 0)
(5.9593135e-09 -0.0013992699 0)
(6.8704297e-08 -0.0035045227 0)
(1.2806051e-07 -0.0049176487 0)
(5.2142104e-08 -0.005629309 0)
(-5.2291544e-08 -0.0056293089 0)
(-1.2812474e-07 -0.004917648 0)
(-6.8723656e-08 -0.0035045221 0)
(-5.9284353e-09 -0.0013992696 0)
(4.7169346e-09 -0.0013992925 0)
(1.2419491e-07 -0.0035045602 0)
(1.748015e-07 -0.0049176434 0)
(1.0010901e-07 -0.0056292543 0)
(-1.0037199e-07 -0.005629254 0)
(-1.7499832e-07 -0.004917643 0)
(-1.2420714e-07 -0.0035045596 0)
(-4.7195909e-09 -0.0013992922 0)
(1.7415844e-08 -0.0013993293 0)
(1.6956694e-07 -0.0035046136 0)
(2.7499696e-07 -0.0049176359 0)
(1.1940997e-07 -0.005629172 0)
(-1.1982571e-07 -0.0056291719 0)
(-2.7524156e-07 -0.0049176354 0)
(-1.6968237e-07 -0.0035046132 0)
(-1.7387891e-08 -0.001399329 0)
(1.9074339e-08 -0.0013993834 0)
(2.592837e-07 -0.00350469 0)
(3.6036959e-07 -0.0049176219 0)
(1.9040074e-07 -0.0056290559 0)
(-1.909306e-07 -0.0056290556 0)
(-3.6077566e-07 -0.0049176215 0)
(-2.5938645e-07 -0.0035046895 0)
(-1.9100011e-08 -0.0013993832 0)
(3.7407303e-08 -0.0013994605 0)
(3.3739319e-07 -0.0035047933 0)
(5.07049e-07 -0.0049176013 0)
(2.2810508e-07 -0.0056288966 0)
(-2.2878948e-07 -0.0056288965 0)
(-5.0748852e-07 -0.0049176009 0)
(-3.3763492e-07 -0.003504793 0)
(-3.7396624e-08 -0.0013994603 0)
(4.393877e-08 -0.0013995654 0)
(4.6164651e-07 -0.0035049285 0)
(6.3537737e-07 -0.0049175721 0)
(3.193832e-07 -0.0056286862 0)
(-3.2015446e-07 -0.0056286861 0)
(-6.3599123e-07 -0.0049175719 0)
(-4.6186842e-07 -0.0035049283 0)
(-4.400137e-08 -0.0013995653 0)
(6.6836282e-08 -0.0013997017 0)
(5.7083208e-07 -0.0035051016 0)
(8.1768518e-07 -0.0049175312 0)
(3.7522548e-07 -0.0056284182 0)
(-3.7612568e-07 -0.0056284181 0)
(-8.1830013e-07 -0.0049175311 0)
(-5.7121974e-07 -0.0035051015 0)
(-6.685775e-08 -0.0013997017 0)
(7.8841096e-08 -0.0013998748 0)
(7.1380597e-07 -0.0035053121 0)
(9.7248109e-07 -0.0049174802 0)
(4.7350005e-07 -0.0056280861 0)
(-4.7444073e-07 -0.0056280862 0)
(-9.732671e-07 -0.0049174803 0)
(-7.1415921e-07 -0.0035053122 0)
(-7.8945622e-08 -0.0013998748 0)
(1.0315506e-07 -0.0014000828 0)
(8.3171081e-07 -0.0035055648 0)
(1.152562e-06 -0.0049174137 0)
(5.3405822e-07 -0.0056276915 0)
(-5.3510015e-07 -0.0056276916 0)
(-1.1533171e-06 -0.004917414 0)
(-8.3222887e-07 -0.003505565 0)
(-1.0320859e-07 -0.0014000829 0)
(1.1787647e-07 -0.0014003263 0)
(9.5354688e-07 -0.0035058491 0)
(1.2831864e-06 -0.0049173389 0)
(6.1225831e-07 -0.0056272399 0)
(-6.1331315e-07 -0.0056272402 0)
(-1.2840956e-06 -0.0049173393 0)
(-9.5399907e-07 -0.0035058496 0)
(-1.1800156e-07 -0.0014003265 0)
(1.3674177e-07 -0.0014005965 0)
(1.0273121e-06 -0.0035061621 0)
(1.3860393e-06 -0.0049172482 0)
(6.4341342e-07 -0.0056267457 0)
(-6.4454091e-07 -0.005626746 0)
(-1.3868855e-06 -0.0049172489 0)
(-1.0279046e-06 -0.0035061628 0)
(-1.3681186e-07 -0.0014005969 0)
(1.4920905e-07 -0.0014008972 0)
(1.0601195e-06 -0.003506486 0)
(1.3929885e-06 -0.0049171498 0)
(6.5491174e-07 -0.005626223 0)
(-6.5601739e-07 -0.0056262234 0)
(-1.393953e-06 -0.0049171506 0)
(-1.0606276e-06 -0.0035064871 0)
(-1.4935019e-07 -0.0014008978 0)
(1.8721275e-07 -0.0014012462 0)
(1.0141446e-06 -0.0035068797 0)
(1.3041343e-06 -0.0049170272 0)
(5.974074e-07 -0.0056255772 0)
(-5.9854356e-07 -0.0056255776 0)
(-1.3049981e-06 -0.0049170283 0)
(-1.0147482e-06 -0.0035068808 0)
(-1.8732255e-07 -0.0014012468 0)
)
;

boundaryField
{
    left
    {
        type            uniformFixedValue;
        uniformValue    sine;
        uniformValueCoeffs
        {
            t0              0;
            amplitude       constant 0.0125;
            frequency       constant 1;
            scale           constant (0 1 0);
            level           constant (0 0 0);
        }
        value           uniform (0 -0.0038627124 0);
    }
    right
    {
        type            zeroGradient;
    }
    walls
    {
        type            fixedValue;
        value           uniform (0 0 0);
    }
    frontAndBack
    {
        type            empty;
    }
}


// ************************************************************************* //
