/*--------------------------------*- C++ -*----------------------------------*\
| =========                 |                                                 |
| \\      /  F ield         | OpenFOAM: The Open Source CFD Toolbox           |
|  \\    /   O peration     | Version:  5.x                                   |
|   \\  /    A nd           | Web:      www.OpenFOAM.org                      |
|    \\/     M anipulation  |                                                 |
\*---------------------------------------------------------------------------*/
FoamFile
{
    version     2.0;
    format      ascii;
    class       surfaceScalarField;
    location    "5";
    object      phi;
}
// * * * * * * * * * * * * * * * * * * * * * * * * * * * * * * * * * * * * * //

dimensions      [0 3 -1 0 0 0 0];

internalField   nonuniform List<scalar> 
3592
(
-7.418268e-10
7.418268e-10
-1.8014312e-09
1.0596099e-09
-1.6047938e-09
-1.9663193e-10
1.0328285e-12
-1.6058217e-09
1.605829e-09
-1.6047913e-09
1.8024688e-09
-1.9663477e-10
7.4183075e-10
1.0606434e-09
7.4183608e-10
-1.3746357e-09
2.1164687e-09
-3.7863876e-09
3.4713734e-09
-3.4754421e-09
-5.0756605e-10
1.6966644e-12
-5.0829494e-09
3.4797565e-09
-5.08284e-09
3.7879462e-09
-5.0481315e-10
1.375502e-09
3.4730991e-09
2.1173444e-09
-2.1907092e-09
4.307185e-09
-5.3538094e-09
6.6344852e-09
-4.7804828e-09
-1.0808815e-09
3.2585704e-12
-9.8666799e-09
4.7848808e-09
-9.8644512e-09
5.3573262e-09
-1.0772471e-09
2.1915248e-09
6.6389117e-09
4.3088747e-09
-2.8077448e-09
7.1149364e-09
-6.4126223e-09
1.0239374e-08
-5.6310579e-09
-1.862435e-09
2.9729974e-12
-1.55007e-08
5.6372292e-09
-1.5498697e-08
6.4157695e-09
-1.8557762e-09
2.809013e-09
1.0245679e-08
7.1178934e-09
-3.10994e-09
1.0224882e-08
-7.0025519e-09
1.4131996e-08
-6.0684336e-09
-2.7965432e-09
3.3667042e-12
-2.1572491e-08
6.0734964e-09
-2.1568816e-08
7.0062538e-09
-2.7885232e-09
3.1110785e-09
1.4140865e-08
1.0228977e-08
-3.2263383e-09
1.3451227e-08
-7.1241044e-09
1.8029774e-08
-6.170199e-09
-3.7504378e-09
2.4620195e-12
-2.7745141e-08
6.1749979e-09
-2.7741342e-08
7.1268574e-09
-3.7403717e-09
3.2273545e-09
1.8040378e-08
1.3456337e-08
-3.1041694e-09
1.6555402e-08
-6.9120674e-09
2.1837682e-08
-5.9576002e-09
-4.7048949e-09
1.8451908e-12
-3.3704577e-08
5.96063e-09
-3.3700117e-08
6.9141102e-09
-4.6938416e-09
3.1049237e-09
2.1849575e-08
1.6561266e-08
-2.8918549e-09
1.9447264e-08
-6.3885554e-09
2.5334394e-08
-5.5288907e-09
-5.5645486e-09
8.3142514e-13
-3.9234289e-08
5.5302704e-09
-3.9229545e-08
6.3895629e-09
-5.5531232e-09
2.8921486e-09
2.5347e-08
1.945342e-08
-2.5434425e-09
2.1990712e-08
-5.7062566e-09
2.8497218e-08
-4.9331515e-09
-6.3376438e-09
-2.8534003e-13
-4.4167145e-08
4.9330043e-09
-4.4162825e-08
5.7059401e-09
-6.326049e-09
2.5434866e-09
2.8509463e-08
2.1996912e-08
-2.1864239e-09
2.4177142e-08
-4.896283e-09
3.1207089e-08
-4.2633276e-09
-6.9705882e-09
-9.8849658e-13
-4.8429474e-08
4.2611086e-09
-4.8424912e-08
4.8953149e-09
-6.9602442e-09
2.1859728e-09
3.1218816e-08
2.418289e-08
-1.7847684e-09
2.5961916e-08
-4.0742879e-09
3.3496618e-08
-3.5542522e-09
-7.4906142e-09
-2.0990715e-12
-5.1981618e-08
3.5512584e-09
-5.197826e-08
4.071997e-09
-7.4809729e-09
1.7841846e-09
3.3506638e-08
2.596708e-08
-1.4230229e-09
2.7384946e-08
-3.26232e-09
3.5335927e-08
-2.8720118e-09
-7.8809112e-09
-2.3547011e-12
-5.4851264e-08
2.8672431e-09
-5.4847847e-08
3.2598918e-09
-7.8736106e-09
1.4220738e-09
3.5344467e-08
2.7389159e-08
-1.07729e-09
2.8462241e-08
-2.5283995e-09
3.6787047e-08
-2.237872e-09
-8.1714292e-09
-3.2013095e-12
-5.7085926e-08
2.2330415e-09
-5.708408e-08
2.5249544e-09
-8.1655139e-09
1.0763309e-09
3.67931e-08
2.8465495e-08
-7.8934933e-10
2.9251597e-08
-1.8807707e-09
3.7878479e-08
-1.6850481e-09
-8.3671406e-09
-3.1462441e-12
-5.8767817e-08
1.6789465e-09
-5.8766162e-08
1.8775222e-09
-8.3640785e-09
7.8816729e-10
3.7882465e-08
2.9253668e-08
-5.4609193e-10
2.9797695e-08
-1.343985e-09
3.8676382e-08
-1.2182962e-09
-8.4928201e-09
-3.7276112e-12
-5.9982376e-08
1.212468e-09
-5.9982349e-08
1.3400274e-09
-8.4916284e-09
5.4495676e-10
3.8677545e-08
2.9798629e-08
-3.5673746e-10
3.0154439e-08
-9.1339589e-10
3.9233052e-08
-8.4375266e-10
-8.5624521e-09
-3.5901765e-12
-6.0822528e-08
8.370464e-10
-6.0822975e-08
9.0969969e-10
-8.5642706e-09
3.5545919e-10
3.9231796e-08
3.0154094e-08
-2.1503703e-10
3.0369481e-08
-5.8429052e-10
3.9602316e-08
-5.5431145e-10
-8.592422e-09
-3.990138e-12
-6.1372841e-08
5.4786727e-10
-6.1374823e-08
5.8008837e-10
-8.5964825e-09
2.1380031e-10
3.9598094e-08
3.0367899e-08
-1.120942e-10
3.0481582e-08
-3.4514058e-10
3.9835373e-08
-3.4060571e-10
-8.5969456e-09
-3.8827349e-12
-6.1709553e-08
3.3356264e-10
-6.1712258e-08
3.4112084e-10
-8.6040295e-09
1.1074624e-10
3.9828479e-08
3.0478651e-08
-4.6303191e-11
3.052789e-08
-1.7826796e-10
3.9967348e-08
-1.9092965e-10
-8.584275e-09
-4.1344218e-12
-6.1896339e-08
1.8406585e-10
-6.190045e-08
1.739136e-10
-8.5938684e-09
4.4984358e-11
3.9957417e-08
3.052364e-08
-2.29073e-12
3.0530188e-08
-7.183542e-11
4.0036904e-08
-9.1038497e-11
-8.5650607e-09
-4.0340991e-12
-6.1983333e-08
8.3871532e-11
-6.1988345e-08
6.7623114e-11
-8.5776088e-09
8.9456311e-13
4.0024156e-08
3.052454e-08
1.8039662e-11
3.0512153e-08
-6.7435894e-12
4.0061697e-08
-3.0272465e-11
-8.5415231e-09
-4.08852e-12
-6.2009509e-08
2.3349249e-11
-6.2015774e-08
2.4178122e-12
-8.5566686e-09
-1.9381683e-11
4.0045964e-08
3.0505163e-08
2.9966636e-11
3.0482193e-08
2.5067281e-11
4.0066607e-08
4.0286585e-12
-8.5204732e-09
-3.8957286e-12
-6.2001573e-08
-1.0854699e-11
-6.2008804e-08
-2.9160091e-11
-8.538352e-09
-3.1321844e-11
4.0048137e-08
3.0473846e-08
2.8848342e-11
3.045335e-08
3.8752646e-11
4.0056712e-08
1.8802436e-11
-8.5005145e-09
-3.7016176e-12
-6.1979061e-08
-2.5143834e-11
-6.1987354e-08
-4.2679472e-11
-8.5208079e-09
-3.0082419e-11
4.0035548e-08
3.0443768e-08
2.7561598e-11
3.0425795e-08
3.7562877e-11
4.0046722e-08
2.2917974e-11
-8.4858582e-09
-3.3277571e-12
-6.1952805e-08
-2.8705312e-11
-6.1961965e-08
-4.1071679e-11
-8.5084303e-09
-2.8724853e-11
4.0023212e-08
3.0415049e-08
1.9523354e-11
3.0406276e-08
3.1886101e-11
4.0034369e-08
1.9436706e-11
-8.4734006e-09
-2.882189e-12
-6.1930478e-08
-2.4415693e-11
-6.1940424e-08
-3.4947611e-11
-8.4978901e-09
-2.0483152e-11
4.0008756e-08
3.039457e-08
1.5275957e-11
3.0391007e-08
2.1079749e-11
4.0028576e-08
1.3777283e-11
-8.4660868e-09
-2.3443348e-12
-6.1914345e-08
-1.7817424e-11
-6.192494e-08
-2.3536317e-11
-8.49216e-09
-1.6090783e-11
4.0001321e-08
3.0378485e-08
7.081547e-12
3.038393e-08
1.2030205e-11
4.0023636e-08
6.2205989e-12
-8.4602691e-09
-1.7243622e-12
-6.1906393e-08
-9.2181286e-12
-6.1917438e-08
-1.3847172e-11
-8.4875228e-09
-7.6321632e-12
3.9995114e-08
3.0370857e-08
3.9964572e-12
3.0379941e-08
1.715314e-12
4.0025929e-08
-2.2795451e-14
-8.4585196e-09
-1.0975736e-12
-6.1905307e-08
-1.8295429e-12
-6.1916696e-08
-2.8301493e-12
-8.486511e-09
-4.365689e-12
3.999666e-08
3.0366497e-08
-2.2583148e-12
3.0382203e-08
-4.8996766e-12
4.0028579e-08
-6.2276416e-12
-8.4571838e-09
-4.2100969e-13
-6.1911106e-08
5.4756106e-12
-6.1922585e-08
4.4841866e-12
-8.4855117e-09
2.1719515e-12
3.9998981e-08
3.0368673e-08
-3.3261962e-12
3.0385536e-08
-1.1961141e-11
4.0037225e-08
-1.0260096e-11
-8.4588735e-09
1.8318023e-13
-6.1921539e-08
1.0644298e-11
-6.1933035e-08
1.2222335e-11
-8.4870785e-09
3.4116881e-12
4.0007802e-08
3.037209e-08
-7.6549734e-12
3.0393196e-08
-1.5285631e-11
4.0044864e-08
-1.4061224e-11
-8.4600902e-09
7.9943373e-13
-6.1936392e-08
1.5415137e-11
-6.1947643e-08
1.6176333e-11
-8.487832e-09
7.9991129e-12
4.0015987e-08
3.0380093e-08
-7.1127716e-12
3.0400315e-08
-1.9390773e-11
4.0057154e-08
-1.5867621e-11
-8.463602e-09
1.285228e-12
-6.1953534e-08
1.8170185e-11
-6.1964517e-08
2.0827726e-11
-8.4904783e-09
7.5819445e-12
4.0029243e-08
3.0387681e-08
-1.0142415e-11
3.0410462e-08
-2.0275753e-11
4.0067295e-08
-1.7805566e-11
-8.4660647e-09
1.7590393e-12
-6.1973091e-08
2.0812983e-11
-6.1983564e-08
2.2183053e-11
-8.4918408e-09
1.0816591e-11
4.0040618e-08
3.0398501e-08
-8.6279335e-12
3.0419097e-08
-2.2485873e-11
4.0081165e-08
-1.8152307e-11
-8.4703869e-09
2.0713773e-12
-6.1993304e-08
2.1818584e-11
-6.20033e-08
2.474989e-11
-8.4947609e-09
9.36049e-12
4.0056018e-08
3.0407867e-08
-1.0951617e-11
3.0430053e-08
-2.1974932e-11
4.0092196e-08
-1.9021871e-11
-8.4733327e-09
2.3677019e-12
-6.2014687e-08
2.3072629e-11
-6.2023998e-08
2.4513661e-11
-8.4961946e-09
1.1824277e-11
4.0068714e-08
3.0419695e-08
-8.9580215e-12
3.0439017e-08
-2.3207416e-11
4.0106457e-08
-1.862667e-11
-8.4779021e-09
2.4957923e-12
-6.2035798e-08
2.3024539e-11
-6.2044516e-08
2.5903613e-11
-8.4990625e-09
9.8202439e-12
4.0084808e-08
3.0429521e-08
-1.0964272e-11
3.0449986e-08
-2.2049205e-11
4.011755e-08
-1.9018022e-11
-8.4809262e-09
2.6205611e-12
-6.205743e-08
2.3494481e-11
-6.2065383e-08
2.4833521e-11
-8.5003944e-09
1.1905898e-11
4.0097743e-08
3.044143e-08
-8.7839912e-12
3.0458776e-08
-2.2876609e-11
4.0131654e-08
-1.8338442e-11
-8.485453e-09
2.5871554e-12
-6.2078345e-08
2.288816e-11
-6.2085673e-08
2.5646084e-11
-8.5031411e-09
9.6567752e-12
4.0113743e-08
3.0451093e-08
-1.0678366e-11
3.0469459e-08
-2.1491547e-11
4.0142475e-08
-1.8582319e-11
-8.4883554e-09
2.5729044e-12
-6.2099493e-08
2.2964344e-11
-6.2106058e-08
2.4200194e-11
-8.5043701e-09
1.1583426e-11
4.0126367e-08
3.046268e-08
-8.4545045e-12
3.047792e-08
-2.2203117e-11
4.0156235e-08
-1.7846714e-11
-8.4927004e-09
2.4190432e-12
-6.2119748e-08
2.2098391e-11
-6.2125727e-08
2.4770703e-11
-8.5070311e-09
9.2488887e-12
4.0141899e-08
3.0471934e-08
-1.0326017e-11
3.048825e-08
-2.0783546e-11
4.0166699e-08
-1.8087304e-11
-8.49539e-09
2.309628e-12
-6.2140139e-08
2.2003327e-11
-6.2145414e-08
2.3190397e-11
-8.5082115e-09
1.1122456e-11
4.0153974e-08
3.048306e-08
-8.1150321e-12
3.0496372e-08
-2.1495399e-11
4.0180091e-08
-1.7380386e-11
-8.4994936e-09
2.0808643e-12
-6.2159589e-08
2.1040751e-11
-6.2164363e-08
2.3685012e-11
-8.5108446e-09
8.7763664e-12
4.0168893e-08
3.0491842e-08
-9.9919346e-12
3.0506367e-08
-2.0107313e-11
4.0190214e-08
-1.7657917e-11
-8.5019366e-09
1.9197011e-12
-6.2179161e-08
2.0891398e-11
-6.2183328e-08
2.208384e-11
-8.5120305e-09
1.0640994e-11
4.0180343e-08
3.0502486e-08
-7.8083661e-12
3.0514182e-08
-2.0848601e-11
4.0203265e-08
-1.6992337e-11
-8.5057815e-09
1.656903e-12
-6.2197799e-08
1.991502e-11
-6.2201576e-08
2.2575767e-11
-8.5146801e-09
8.3128115e-12
4.0194616e-08
3.0510805e-08
-9.6926541e-12
3.0523879e-08
-1.9500133e-11
4.021308e-08
-1.7300832e-11
-8.5079746e-09
1.480095e-12
-6.2216574e-08
1.9768792e-11
-6.2219858e-08
2.1000671e-11
-8.5159057e-09
1.0183051e-11
4.0205441e-08
3.0520991e-08
-7.5345224e-12
3.053142e-08
-2.0264683e-11
4.0225821e-08
-1.6661527e-11
-8.5115664e-09
1.2148705e-12
-6.2234439e-08
1.8817619e-11
-6.223745e-08
2.151713e-11
-8.518594e-09
7.8818029e-12
4.0219086e-08
3.0528878e-08
-9.4196856e-12
3.0540843e-08
-1.8943671e-11
4.0235352e-08
-1.6981038e-11
-8.5135231e-09
1.0484999e-12
-6.2252463e-08
1.8700136e-11
-6.2255096e-08
1.9983401e-11
-8.5198712e-09
9.7596707e-12
4.0229316e-08
3.0538641e-08
-7.2806987e-12
3.0548131e-08
-1.9715922e-11
4.0247799e-08
-1.6347806e-11
-8.5168798e-09
8.0213323e-13
-6.2269602e-08
1.7790125e-11
-6.2272073e-08
2.0530739e-11
-8.5226007e-09
7.4860476e-12
4.0242371e-08
3.0546133e-08
-9.1594338e-12
3.0557293e-08
-1.8407287e-11
4.0257053e-08
-1.6659231e-11
-8.5186221e-09
6.6238536e-13
-6.2286918e-08
1.7710435e-11
-6.2289116e-08
1.9039847e-11
-8.5239242e-09
9.3690513e-12
4.0252048e-08
3.0555505e-08
-7.0338554e-12
3.0564334e-08
-1.9173116e-11
4.0269204e-08
-1.6015963e-11
-8.5217679e-09
4.4689959e-13
-6.230337e-08
1.6845616e-11
-6.2305503e-08
1.961579e-11
-8.5266833e-09
7.1208904e-12
4.0264554e-08
3.0562631e-08
-8.9006824e-12
3.0573238e-08
-1.7865286e-11
4.0278175e-08
-1.6306129e-11
-8.5233215e-09
3.4169938e-13
-6.2320013e-08
1.6804264e-11
-6.2321961e-08
1.8163807e-11
-8.5280371e-09
9.0054343e-12
4.0273718e-08
3.0571639e-08
-6.7846975e-12
3.0580029e-08
-1.8615255e-11
4.0290016e-08
-1.5643153e-11
-8.5262823e-09
1.6187986e-13
-6.2335807e-08
1.5982634e-11
-6.2337771e-08
1.8763072e-11
-8.5308065e-09
6.7799697e-12
4.0285711e-08
3.0578425e-08
-8.6363558e-12
3.0588669e-08
-1.7301457e-11
4.0298688e-08
-1.5905287e-11
-8.5276732e-09
9.3061135e-14
-6.23518e-08
1.5975984e-11
-6.2353648e-08
1.7344447e-11
-8.5321695e-09
8.6626478e-12
4.0294399e-08
3.058709e-08
-6.5280204e-12
3.0595203e-08
-1.8030813e-11
4.0310202e-08
-1.5218739e-11
-8.5304739e-09
-5.1342004e-14
-6.2366957e-08
1.5192715e-11
-6.2368882e-08
1.7961218e-11
-8.5349269e-09
6.4573322e-12
4.0305913e-08
3.0593553e-08
-8.3630821e-12
3.0603569e-08
-1.6708384e-11
4.0318553e-08
-1.545118e-11
-8.531726e-09
-8.5935167e-14
-6.2382317e-08
1.5215359e-11
-6.2384178e-08
1.6570417e-11
-8.5362768e-09
8.3353447e-12
4.0314154e-08
3.0601891e-08
-6.2618443e-12
3.0609838e-08
-1.7415978e-11
4.0329718e-08
-1.4741433e-11
-8.5343893e-09
-1.982559e-13
-6.239685e-08
1.4464621e-11
-6.239883e-08
1.7199395e-11
-8.5390005e-09
6.1480945e-12
4.0325215e-08
3.0608045e-08
-8.0801712e-12
3.0617921e-08
-1.6085165e-11
4.0337729e-08
-1.4945983e-11
-8.5355236e-09
-2.0302839e-13
-6.2411588e-08
1.4510763e-11
-6.2413539e-08
1.5831579e-11
-8.5403163e-09
8.0193278e-12
4.0333033e-08
3.0616066e-08
-5.9863664e-12
3.0623914e-08
-1.6772251e-11
4.0348526e-08
-1.4216066e-11
-8.5380686e-09
-2.8816413e-13
-6.2425505e-08
1.3786768e-11
-6.2427603e-08
1.6468399e-11
-8.542987e-09
5.8485521e-12
4.0343663e-08
3.062192e-08
-7.788635e-12
3.0631705e-08
-1.5435092e-11
4.0356178e-08
-1.439654e-11
-8.5391024e-09
-2.6848007e-13
-6.2439629e-08
1.385101e-11
-6.2441718e-08
1.5119673e-11
-8.5442508e-09
7.7115381e-12
4.0351076e-08
3.0629634e-08
-5.7030859e-12
3.0637415e-08
-1.6104322e-11
4.036659e-08
-1.3650873e-11
-8.5415447e-09
-3.3182002e-13
-6.2452937e-08
1.3148593e-11
-6.2455188e-08
1.5761019e-11
-8.5468523e-09
5.5560902e-12
4.0361291e-08
3.0635196e-08
-7.4904365e-12
3.0644908e-08
-1.4763792e-11
4.0373869e-08
-1.381202e-11
-8.542492e-09
-2.9313796e-13
-6.2466451e-08
1.3226344e-11
-6.2468703e-08
1.4428464e-11
-8.5480498e-09
7.4099257e-12
4.0368315e-08
3.0642608e-08
-5.4141742e-12
3.0650329e-08
-1.5418499e-11
4.0383884e-08
-1.3055516e-11
-8.5448439e-09
-3.3988237e-13
-6.2479157e-08
1.2541233e-11
-6.2481574e-08
1.5072033e-11
-8.5505697e-09
5.2690302e-12
4.0378128e-08
3.0647883e-08
-7.1879728e-12
3.0657519e-08
-1.4077918e-11
4.0390779e-08
-1.3202299e-11
-8.5457152e-09
-2.872388e-13
-6.2492067e-08
1.2628864e-11
-6.2494485e-08
1.3753627e-11
-8.5516901e-09
7.1132832e-12
4.0384773e-08
3.0654998e-08
-5.122057e-12
3.0662648e-08
-1.4721629e-11
4.0400389e-08
-1.2439797e-11
-8.547986e-09
-3.220216e-13
-6.2504175e-08
1.195775e-11
-6.2506755e-08
1.4398014e-11
-8.5541196e-09
4.9864576e-12
4.0394195e-08
3.065999e-08
-6.8837433e-12
3.0669534e-08
-1.3384294e-11
4.0406895e-08
-1.2576946e-11
-8.5487893e-09
-2.5977027e-13
-6.2516488e-08
1.2052594e-11
-6.2519063e-08
1.3092503e-11
-8.5551553e-09
6.8210732e-12
4.0400471e-08
3.0666813e-08
-4.829156e-12
3.067437e-08
-1.4020442e-11
4.0416097e-08
-1.1812889e-11
-8.5509858e-09
-2.8649417e-13
-6.2528004e-08
1.1393074e-11
-6.2530732e-08
1.3737041e-11
-8.5574885e-09
4.70805e-12
4.040951e-08
3.0671526e-08
-6.580151e-12
3.0680952e-08
-1.2689401e-11
4.0422211e-08
-1.1944669e-11
-8.5517268e-09
-2.1821999e-13
-6.2539726e-08
1.1493331e-11
-6.254244e-08
1.2443782e-11
-8.558435e-09
6.5332617e-12
4.0415425e-08
3.0678062e-08
-4.5377393e-12
3.0685496e-08
-1.3321155e-11
4.0431005e-08
-1.1182938e-11
-8.553854e-09
-2.4002868e-13
-6.2550659e-08
1.0843786e-11
-6.2553513e-08
1.3088386e-11
-8.5606689e-09
4.4339191e-12
4.0424089e-08
3.0682501e-08
-6.2793931e-12
3.0691778e-08
-1.1999101e-11
4.0436729e-08
-1.1313046e-11
-8.5545365e-09
-1.6856595e-13
-6.25618e-08
1.0948374e-11
-6.2564627e-08
1.1807191e-11
-8.561524e-09
6.250169e-12
4.042965e-08
3.0688753e-08
-4.2498419e-12
3.0696034e-08
-1.2629283e-11
4.0445119e-08
-1.0556911e-11
-8.5565979e-09
-1.8789592e-13
-6.2572159e-08
1.0307822e-11
-6.2575112e-08
1.2452192e-11
-8.5636577e-09
4.1644705e-12
4.0437948e-08
3.0692923e-08
-5.9834052e-12
3.0702019e-08
-1.1318503e-11
4.0450459e-08
-1.0688452e-11
-8.5572246e-09
-1.1540436e-13
-6.2582728e-08
1.0416224e-11
-6.258564e-08
1.1183183e-11
-8.5644211e-09
5.9723409e-12
4.0443163e-08
3.0698897e-08
-3.9672302e-12
3.0705993e-08
-1.1949558e-11
4.0458452e-08
-9.9405824e-12
-8.5592227e-09
-1.3407495e-13
-6.2592524e-08
9.7841602e-12
-6.2595548e-08
1.1829192e-11
-8.5664556e-09
3.9002864e-12
4.0451101e-08
3.0702802e-08
-5.6938413e-12
3.0711689e-08
-1.0651928e-11
4.0463414e-08
-1.0076098e-11
-8.5597954e-09
-6.2139194e-14
-6.2602535e-08
9.8962741e-12
-6.2605504e-08
1.0572682e-11
-8.5671286e-09
5.7004435e-12
4.0455977e-08
3.0708504e-08
-3.6913926e-12
3.0715387e-08
-1.1285926e-11
4.0471019e-08
-9.3386042e-12
-8.5617319e-09
-8.1454638e-14
-6.2611782e-08
9.272538e-12
-6.2614847e-08
1.1220474e-11
-8.5690661e-09
3.6420319e-12
4.0463565e-08
3.0712152e-08
-5.4120735e-12
3.07208e-08
-1.0002925e-11
4.0475614e-08
-9.4801209e-12
-8.5622518e-09
-1.1187528e-14
-6.2621248e-08
9.388546e-12
-6.2624244e-08
9.9768637e-12
-8.5696513e-09
5.4351814e-12
4.0468111e-08
3.0717588e-08
-3.4235458e-12
3.072423e-08
-1.0641573e-11
4.0482842e-08
-8.7546103e-12
-8.564128e-09
-3.203627e-14
-6.2629961e-08
8.7732002e-12
-6.2633039e-08
1.0627282e-11
-8.5714949e-09
3.3903836e-12
4.0475357e-08
3.0720984e-08
-5.1392042e-12
3.0729371e-08
-9.3743147e-12
4.0487081e-08
-8.9036955e-12
-8.5645959e-09
3.582574e-14
-6.2638897e-08
8.893461e-12
-6.2641894e-08
9.3969893e-12
-8.5719956e-09
5.1772367e-12
4.047958e-08
3.0726163e-08
-3.1646505e-12
3.0732542e-08
-1.0018989e-11
4.0493945e-08
-8.1913375e-12
-8.5664129e-09
1.2881219e-14
-6.2647091e-08
8.2866989e-12
-6.2650158e-08
1.0050878e-11
-8.5737494e-09
3.1459778e-12
4.0486494e-08
3.0729314e-08
-4.8760841e-12
3.0737419e-08
-8.7682543e-12
4.0497841e-08
-8.3491595e-12
-8.5668295e-09
7.7894223e-14
-6.2655516e-08
8.4116629e-12
-6.2658489e-08
8.8342809e-12
-8.5741693e-09
4.9272269e-12
4.0490405e-08
3.0734242e-08
-2.9154307e-12
3.0740341e-08
-9.4200274e-12
4.0504356e-08
-7.6507448e-12
-8.5685882e-09
5.2542496e-14
-6.2663209e-08
7.8137356e-12
-6.266624e-08
9.4924351e-12
-8.5758377e-09
2.9093758e-12
4.0496997e-08
3.0737157e-08
-4.6233335e-12
3.0744966e-08
-8.1863015e-12
4.0507922e-08
-7.8181287e-12
-8.5689541e-09
1.1448545e-13
-6.2671139e-08
7.9438817e-12
-6.2674067e-08
8.2898349e-12
-8.5761812e-09
4.6856771e-12
4.0500604e-08
3.0741844e-08
-2.6763956e-12
3.0747648e-08
-8.8459756e-12
4.0514102e-08
-7.1341255e-12
-8.5706554e-09
8.6602226e-14
-6.267835e-08
7.3550466e-12
-6.2681326e-08
8.9529656e-12
-8.5777689e-09
2.6810419e-12
4.0506886e-08
3.074453e-08
-4.3813661e-12
3.0752031e-08
-7.6294847e-12
4.0517353e-08
-7.3116051e-12
-8.5709712e-09
1.4541964e-13
-6.2685805e-08
7.490836e-12
-6.2688669e-08
7.7645669e-12
-8.5780403e-09
4.4530051e-12
4.05102e-08
3.0748984e-08
-2.4478632e-12
3.0754485e-08
-8.2976228e-12
4.0523213e-08
-6.6422112e-12
-8.5726162e-09
1.1501816e-13
-6.2692552e-08
6.9113191e-12
-6.2695455e-08
8.4332819e-12
-8.5795521e-09
2.4613333e-12
4.0516181e-08
3.075145e-08
-4.1504123e-12
3.0758637e-08
-7.0983697e-12
4.0526164e-08
-6.8300756e-12
-8.5728825e-09
1.7077453e-13
-6.2699551e-08
7.0531651e-12
-6.2702336e-08
7.2591797e-12
-8.5797561e-09
4.2295148e-12
4.0519214e-08
3.0755681e-08
-2.2299834e-12
3.0760873e-08
-7.7753267e-12
4.0531719e-08
-6.1752646e-12
-8.5744723e-09
1.3796438e-13
-6.2705855e-08
6.4831382e-12
-6.2708671e-08
7.9339732e-12
-8.5811968e-09
2.2504961e-12
4.0524906e-08
3.0757936e-08
-3.930543e-12
3.0764804e-08
-6.5931239e-12
4.0534384e-08
-6.3735995e-12
-8.5746901e-09
1.9080763e-13
-6.2712417e-08
6.6313861e-12
-6.271511e-08
6.7741507e-12
-8.5813377e-09
4.0153967e-12
4.0527667e-08
3.0761953e-08
-2.0227603e-12
3.0766833e-08
-7.2790762e-12
4.053965e-08
-5.7331613e-12
-8.5762257e-09
1.5576341e-13
-6.2718296e-08
6.0709522e-12
-6.2721015e-08
7.4554003e-12
-8.5827122e-09
2.0486683e-12
4.0533083e-08
3.0764006e-08
-3.7216911e-12
3.0770556e-08
-6.1135772e-12
4.0542045e-08
-5.9418862e-12
-8.5763959e-09
2.0589626e-13
-6.2724443e-08
6.2258682e-12
-6.2727034e-08
6.3097318e-12
-8.5827943e-09
3.8107327e-12
4.0535585e-08
3.0767818e-08
-1.8260737e-12
3.0772388e-08
-6.8085494e-12
4.0547037e-08
-5.3154635e-12
-8.5778788e-09
1.6883309e-13
-6.2729917e-08
5.6750554e-12
-6.273253e-08
6.9977013e-12
-8.5841071e-09
1.8558853e-12
4.0540735e-08
3.0769679e-08
-3.5236746e-12
3.0775912e-08
-5.6592774e-12
4.0549175e-08
-5.5343642e-12
-8.5780023e-09
2.1649154e-13
-6.2735667e-08
5.8368226e-12
-6.2738149e-08
5.865959e-12
-8.5841347e-09
3.6155041e-12
4.0542988e-08
3.0773295e-08
-1.6396995e-12
3.0777558e-08
-6.363168e-12
4.0553908e-08
-4.9214837e-12
-8.5794339e-09
1.7764595e-13
-6.2740756e-08
5.2955821e-12
-6.2743257e-08
6.5608049e-12
-8.5853901e-09
1.6720891e-12
4.0547885e-08
3.0774972e-08
-3.3362147e-12
3.0780895e-08
-5.2295415e-12
4.0555803e-08
-5.1502405e-12
-8.5795121e-09
2.2308193e-13
-6.2746128e-08
5.4643007e-12
-6.2748497e-08
5.4426687e-12
-8.5853671e-09
3.4296015e-12
4.0549901e-08
3.0778402e-08
-1.4633285e-12
3.0782364e-08
-5.9421452e-12
4.0560292e-08
-4.5503403e-12
-8.5808938e-09
1.8269757e-13
-6.2750852e-08
4.9325097e-12
-6.2753238e-08
6.1444486e-12
-8.5865693e-09
1.4971378e-12
4.0554556e-08
3.0779904e-08
-3.1589548e-12
3.0785523e-08
-4.8235016e-12
4.0561958e-08
-4.7885521e-12
-8.5809278e-09
2.2616639e-13
-6.2755866e-08
5.1082002e-12
-6.2758119e-08
5.039517e-12
-8.5864995e-09
3.2528357e-12
4.0556345e-08
3.0783158e-08
-1.2965823e-12
3.0786826e-08
-5.5445301e-12
4.0566216e-08
-4.2010053e-12
-8.5822614e-09
1.8448376e-13
-6.2760242e-08
4.5856668e-12
-6.276251e-08
5.7481998e-12
-8.5876523e-09
1.330817e-12
4.0560771e-08
3.0784493e-08
-2.9914765e-12
3.0789818e-08
-4.4401455e-12
4.0567666e-08
-4.4482111e-12
-8.5822525e-09
2.2623507e-13
-6.2764915e-08
4.7682758e-12
-6.2767052e-08
4.6560015e-12
-8.5875391e-09
3.084949e-12
4.0562344e-08
3.0787579e-08
-1.1390297e-12
3.0790963e-08
-5.169245e-12
4.0571706e-08
-3.8723454e-12
-8.5835395e-09
1.8348356e-13
-6.2768962e-08
4.2547462e-12
-6.2771113e-08
5.3714785e-12
-8.5886462e-09
1.1728501e-12
4.0566551e-08
3.0788756e-08
-2.8333147e-12
3.0793796e-08
-4.0783526e-12
4.0572952e-08
-4.1280417e-12
-8.5834892e-09
2.2375455e-13
-6.2773313e-08
4.4441543e-12
-6.2775333e-08
4.2914838e-12
-8.5884928e-09
2.9256259e-12
4.0567919e-08
3.0791682e-08
-9.9019921e-13
3.0794792e-08
-4.8151206e-12
4.0576786e-08
-3.5631566e-12
-8.5847314e-09
1.8014779e-13
-6.2777047e-08
3.9393193e-12
-6.2779083e-08
5.0135795e-12
-8.5895575e-09
1.0229087e-12
4.0571918e-08
3.079271e-08
-2.6839695e-12
3.0797477e-08
-3.7369254e-12
4.0577841e-08
-3.826812e-12
-8.584641e-09
2.1915868e-13
-6.2781092e-08
4.1353482e-12
-6.2782999e-08
3.9452121e-12
-8.5893668e-09
2.7745037e-12
4.057309e-08
3.0795485e-08
-8.4959087e-13
3.0798332e-08
-4.4809236e-12
4.0581481e-08
-3.2721918e-12
-8.58584e-09
1.7489125e-13
-6.278453e-08
3.6388522e-12
-6.2786453e-08
4.6736946e-12
-8.5903922e-09
8.8062319e-13
4.0576891e-08
3.079637e-08
-2.5429174e-12
3.0800875e-08
-3.4146154e-12
4.0582354e-08
-3.5432601e-12
-8.5857111e-09
2.1284309e-13
-6.2788286e-08
3.8412734e-12
-6.2790081e-08
3.6163419e-12
-8.5901668e-09
2.6311826e-12
4.0577878e-08
3.0799001e-08
-7.1668645e-13
3.0801597e-08
-4.1653814e-12
4.0585812e-08
-2.9981859e-12
-8.5868686e-09
1.6808855e-13
-6.2791443e-08
3.3527224e-12
-6.2793257e-08
4.3509336e-12
-8.5911556e-09
7.4559087e-13
4.0581491e-08
3.0799751e-08
-2.4096216e-12
3.0804007e-08
-3.1101459e-12
4.0586514e-08
-3.2761149e-12
-8.5867026e-09
2.051614e-13
-6.2794924e-08
3.5612653e-12
-6.2796613e-08
3.3039568e-12
-8.590898e-09
2.4952342e-12
4.0582301e-08
3.0802247e-08
-5.9095767e-13
3.0804604e-08
-3.8672037e-12
4.0589799e-08
-2.7398735e-12
-8.5878203e-09
1.6007206e-13
-6.2797815e-08
3.0802346e-12
-6.2799524e-08
4.0443434e-12
-8.5918528e-09
6.1738539e-13
4.0585736e-08
3.0802869e-08
-2.283539e-12
3.0806887e-08
-2.8222308e-12
4.0590339e-08
-3.0241142e-12
-8.5876185e-09
1.9642505e-13
-6.2801035e-08
3.2945946e-12
-6.2802622e-08
3.0070861e-12
-8.5915652e-09
2.3662103e-12
4.0586378e-08
3.0805235e-08
-4.7187347e-13
3.0807365e-08
-3.5850985e-12
4.0593461e-08
-2.4960048e-12
-8.5886981e-09
1.5113223e-13
-6.2803673e-08
2.820636e-12
-6.2805282e-08
3.7529257e-12
-8.5924883e-09
4.9556392e-13
4.0589643e-08
3.0805735e-08
-2.1641273e-12
3.0809529e-08
-2.5495902e-12
4.0593847e-08
-2.786017e-12
-8.5884619e-09
1.8690392e-13
-6.2806646e-08
3.0404819e-12
-6.2808136e-08
2.7247222e-12
-8.5921725e-09
2.2436496e-12
4.0590125e-08
3.0807979e-08
-3.589065e-13
3.0809893e-08
-3.3177869e-12
4.0596815e-08
-2.2653575e-12
-8.5895048e-09
1.415187e-13
-6.2809044e-08
2.5731308e-12
-6.2810559e-08
3.4756531e-12
-8.5930659e-09
3.796734e-13
4.0593229e-08
3.0808363e-08
-2.0508503e-12
3.0811944e-08
-2.2909627e-12
4.0597056e-08
-2.5606152e-12
-8.5892356e-09
1.7682793e-13
-6.2811782e-08
2.7981118e-12
-6.281318e-08
2.455835e-12
-8.5927238e-09
2.1270843e-12
4.0593559e-08
3.081049e-08
-2.5153682e-13
3.0812201e-08
-3.0640146e-12
4.0599877e-08
-2.0467458e-12
-8.5902434e-09
1.3144269e-13
-6.2813951e-08
2.336894e-12
-6.2815377e-08
3.2114827e-12
-8.5935893e-09
2.692568e-13
4.0596509e-08
3.0810764e-08
-1.943183e-12
3.0814144e-08
-2.0451164e-12
4.0599979e-08
-2.3467406e-12
-8.5899423e-09
1.6639019e-13
-6.2816465e-08
2.5666468e-12
-6.2817777e-08
2.1993856e-12
-8.5932224e-09
2.0160456e-12
4.0596693e-08
3.081278e-08
-1.492573e-13
3.0814298e-08
-2.8225611e-12
4.0602661e-08
-1.8390275e-12
-8.5909165e-09
1.2108037e-13
-6.2818416e-08
2.111084e-12
-6.2819759e-08
2.9593697e-12
-8.5940616e-09
1.6385831e-13
4.0599496e-08
3.0812948e-08
-1.8406145e-12
3.0816139e-08
-1.8108564e-12
4.0602632e-08
-2.1432722e-12
-8.5905848e-09
1.5575044e-13
-6.2820715e-08
2.3452379e-12
-6.2821949e-08
1.9543383e-12
-8.5936712e-09
1.9100686e-12
4.0599541e-08
3.0814858e-08
-5.1575786e-14
3.0816196e-08
-2.592247e-12
4.0605181e-08
-1.6411093e-12
-8.5915267e-09
1.1057608e-13
-6.2822458e-08
1.894853e-12
-6.2823724e-08
2.7182779e-12
-8.5944857e-09
6.3027786e-14
4.0602204e-08
3.0814925e-08
-1.7426513e-12
3.0817938e-08
-1.587032e-12
4.0605026e-08
-1.9491398e-12
-8.5911654e-09
1.4503812e-13
-6.2824553e-08
2.1330359e-12
-6.2825713e-08
1.7196708e-12
-8.5940729e-09
1.8086972e-12
4.0602115e-08
3.0816734e-08
4.1981109e-14
3.0817901e-08
-2.3719401e-12
4.0607448e-08
-1.4519508e-12
-8.5920762e-09
1.0004599e-13
-6.2826096e-08
1.6873577e-12
-6.2827291e-08
2.4871895e-12
-8.5948639e-09
-3.3675146e-14
4.0604644e-08
3.0816704e-08
-1.6488209e-12
3.0819549e-08
-1.3725421e-12
4.0607172e-08
-1.7633277e-12
-8.5916864e-09
1.343566e-13
-6.2827995e-08
1.929201e-12
-6.2829087e-08
1.4943835e-12
-8.5944298e-09
1.7114871e-12
4.0604427e-08
3.0818415e-08
1.3186641e-13
3.0819423e-08
-2.1605607e-12
4.0609473e-08
-1.2705671e-12
-8.5925672e-09
8.9581753e-14
-6.2829346e-08
1.4877692e-12
-6.2830476e-08
2.2651147e-12
-8.5951984e-09
-1.2667809e-13
4.0606826e-08
3.0818293e-08
-1.5586725e-12
3.0820981e-08
-1.1663397e-12
4.0609081e-08
-1.5848772e-12
-8.5921498e-09
1.2378662e-13
-6.2831056e-08
1.7329124e-12
-6.2832086e-08
1.2775084e-12
-8.5947438e-09
1.6180091e-12
4.0606486e-08
3.0819911e-08
2.1851048e-13
3.0820768e-08
-1.9570857e-12
4.0611265e-08
-1.0960312e-12
-8.5930018e-09
7.9254951e-14
-6.2832223e-08
1.2952807e-12
-6.2833294e-08
2.0510989e-12
-8.5954909e-09
-2.1639194e-13
4.0608761e-08
3.0819699e-08
-1.4717796e-12
3.0822239e-08
-9.6743605e-13
4.061076e-08
-1.4128884e-12
-8.5925576e-09
1.133906e-13
-6.283375e-08
1.5433756e-12
-6.2834725e-08
1.0681163e-12
-8.5950166e-09
1.527853e-12
4.0608301e-08
3.0821226e-08
3.0231939e-13
3.0821942e-08
-1.7605519e-12
4.0612831e-08
-9.2747581e-13
-8.5933816e-09
6.9120012e-14
-6.2834738e-08
1.1091168e-12
-6.2835756e-08
1.8442313e-12
-8.5957431e-09
-3.0320855e-13
4.0610456e-08
3.0820927e-08
-1.3877417e-12
3.0823329e-08
-7.7490346e-13
4.0612218e-08
-1.2465224e-12
-8.5929114e-09
1.0321576e-13
-6.2836089e-08
1.359832e-12
-6.2837014e-08
8.6532494e-13
-8.5952497e-09
1.44063e-12
4.0609881e-08
3.0822367e-08
3.8367311e-13
3.082295e-08
-1.5700601e-12
4.061418e-08
-7.6409463e-13
-8.5937084e-09
5.9218489e-14
-6.2836904e-08
9.2854052e-13
-6.2837875e-08
1.6436513e-12
-8.5959562e-09
-3.8749738e-13
4.0611919e-08
3.0821984e-08
-1.3061857e-12
3.0824256e-08
-5.8787939e-13
4.0613461e-08
-1.0850022e-12
-8.5932127e-09
9.3297873e-14
-6.2838083e-08
1.1815653e-12
-6.2838965e-08
6.6830553e-13
-8.5954441e-09
1.3559753e-12
4.0611231e-08
3.0823339e-08
4.6292367e-13
3.0823798e-08
-1.3847779e-12
4.0615317e-08
-6.0514443e-13
-8.5939835e-09
4.9581872e-14
-6.283873e-08
7.5286178e-13
-6.2839659e-08
1.4485557e-12
-8.5961313e-09
-4.6960312e-13
4.0613157e-08
3.0822874e-08
-1.2267681e-12
3.0825024e-08
-4.0557006e-13
4.0614495e-08
-9.2761468e-13
-8.593463e-09
8.3665192e-14
-6.2839742e-08
1.0079098e-12
-6.2840585e-08
4.7628975e-13
-8.595601e-09
1.2735514e-12
4.0612359e-08
3.0824147e-08
5.403938e-13
3.0824489e-08
-1.2039436e-12
4.0616248e-08
-4.4994643e-13
-8.5942082e-09
4.0236173e-14
-6.2840224e-08
5.814443e-13
-6.2841118e-08
1.258206e-12
-8.5962693e-09
-5.4984265e-13
4.0614175e-08
3.0823601e-08
-1.1491764e-12
3.0825637e-08
-2.2725368e-13
4.0615325e-08
-7.7371251e-13
-8.5936634e-09
7.4341713e-14
-6.2841074e-08
8.3825793e-13
-6.2841883e-08
2.8857704e-13
-8.5957211e-09
1.1930503e-12
4.061327e-08
3.0824793e-08
6.1637448e-13
3.0825026e-08
-1.0268703e-12
4.0616977e-08
-2.9788809e-13
-8.5943836e-09
3.1204703e-14
-6.2841394e-08
4.1371374e-13
-6.2842258e-08
1.0719352e-12
-8.5963708e-09
-6.2850247e-13
4.0614977e-08
3.0824169e-08
-1.0731312e-12
3.0826098e-08
-5.2284678e-14
4.0615955e-08
-6.2271586e-13
-8.593815e-09
6.5350323e-14
-6.2842084e-08
6.7206792e-13
-6.2842866e-08
1.0454221e-13
-8.5958049e-09
1.1141967e-12
4.0613967e-08
3.0825282e-08
6.911233e-13
3.0825412e-08
-8.5294961e-13
4.0617507e-08
-1.4842587e-13
-8.5945108e-09
2.2510904e-14
-6.2842247e-08
2.4916558e-13
-6.2843084e-08
8.8915601e-13
-8.5964365e-09
-7.05835e-13
4.0615569e-08
3.0824581e-08
-9.9838775e-13
3.0826409e-08
1.1990181e-13
4.0616388e-08
-4.7411516e-13
-8.5939187e-09
5.6716233e-14
-6.2842779e-08
5.0887255e-13
-6.2843538e-08
-7.6357035e-14
-8.5958529e-09
1.0367516e-12
4.0614456e-08
3.0825617e-08
7.6486202e-13
3.0825649e-08
-6.8165608e-13
4.0617842e-08
-1.0870933e-15
-8.5945906e-09
1.4182749e-14
-6.2842786e-08
8.7374423e-14
-6.2843603e-08
7.0936806e-13
-8.5964666e-09
-7.8205618e-13
4.0615954e-08
3.0824839e-08
-9.2473925e-13
3.0826573e-08
2.8978582e-13
4.0616627e-08
-3.2747347e-13
-8.5939754e-09
4.8471002e-14
-6.2843164e-08
3.4828762e-13
-6.2843905e-08
-2.5457209e-13
-8.5958655e-09
9.6051445e-13
4.0614738e-08
3.0825798e-08
8.3777453e-13
3.082574e-08
-5.1255218e-13
4.0617985e-08
1.4452674e-13
-8.5946238e-09
6.2561896e-15
-6.2843018e-08
-7.199836e-14
-6.2843818e-08
5.3216649e-13
-8.5964614e-09
-8.5734116e-13
4.0616135e-08
3.0824945e-08
-8.5201827e-13
3.0826591e-08
4.5775719e-13
4.0616674e-08
-1.8242966e-13
-8.5939858e-09
4.0655698e-14
-6.2843243e-08
1.9002083e-13
-6.284397e-08
-4.3045425e-13
-8.5958428e-09
8.8532773e-13
4.0614818e-08
3.0825829e-08
9.1000362e-13
3.0825686e-08
-3.4529347e-13
4.0617937e-08
2.8873693e-13
-8.5946112e-09
-1.2216329e-15
-6.2842944e-08
-2.291945e-13
-6.2843733e-08
3.5725162e-13
-8.596421e-09
-9.3182147e-13
4.0616114e-08
3.0824902e-08
-7.8009955e-13
3.0826464e-08
6.2410993e-13
4.0616532e-08
-3.8701254e-14
-8.5939506e-09
3.3324996e-14
-6.2843018e-08
3.38813e-14
-6.2843736e-08
-6.0424585e-13
-8.5957848e-09
8.1107983e-13
4.0614698e-08
3.0825712e-08
9.8164908e-13
3.0825488e-08
-1.7963362e-13
4.0617701e-08
4.3178509e-13
-8.5945535e-09
-8.1881051e-15
-6.284257e-08
-3.843494e-13
-6.2843352e-08
1.8443676e-13
-8.5963454e-09
-1.0055805e-12
4.0615895e-08
3.082471e-08
-7.0890242e-13
3.0826195e-08
7.8903779e-13
4.0616202e-08
1.0391311e-13
-8.5938707e-09
2.6550789e-14
-6.2842495e-08
-1.202106e-13
-6.2843207e-08
-7.7607121e-13
-8.5956916e-09
7.377091e-13
4.061438e-08
3.0825447e-08
1.052765e-12
3.0825148e-08
-1.5429872e-14
4.0617278e-08
5.7383079e-13
-8.5944515e-09
-1.4561104e-14
-6.2841899e-08
-5.3748257e-13
-6.2842676e-08
1.3658245e-14
-8.5962346e-09
-1.0786506e-12
4.0615479e-08
3.0824372e-08
-6.3839324e-13
3.0825785e-08
9.5262909e-13
4.0615685e-08
2.4553116e-13
-8.5937468e-09
2.0427462e-14
-6.2841676e-08
-2.7221368e-13
-6.2842386e-08
-9.459275e-13
-8.595563e-09
6.6520736e-13
4.0613867e-08
3.0825036e-08
1.1233568e-12
3.0824666e-08
1.4735415e-13
4.0616669e-08
7.149485e-13
-8.5943059e-09
-2.0233912e-14
-6.2840933e-08
-6.8848736e-13
-6.2841709e-08
-1.5501568e-13
-8.5960884e-09
-1.1510081e-12
4.061487e-08
3.0823889e-08
-5.6858754e-13
3.0825233e-08
1.1148632e-12
4.0614984e-08
3.8618529e-13
-8.5935797e-09
1.5075981e-14
-6.2840564e-08
-4.2195555e-13
-6.2841275e-08
-1.1136752e-12
-8.5953989e-09
5.9362355e-13
4.0613162e-08
3.0824482e-08
1.19338e-12
3.0824045e-08
3.0864323e-13
4.0615876e-08
8.5512842e-13
-8.5941178e-09
-2.5070818e-14
-6.2839675e-08
-8.3712151e-13
-6.2840455e-08
-3.2137638e-13
-8.5959066e-09
-1.2225706e-12
4.061407e-08
3.0823263e-08
-4.995511e-13
3.0824543e-08
1.2756072e-12
4.06141e-08
5.2582383e-13
-8.5933706e-09
1.0649591e-14
-6.2839163e-08
-5.6912431e-13
-6.2839877e-08
-1.2790305e-12
-8.595199e-09
5.23067e-13
4.0612266e-08
3.0823785e-08
1.2627384e-12
3.0823285e-08
4.6825013e-13
4.0614902e-08
9.942763e-13
-8.5938882e-09
-2.8900681e-14
-6.2838132e-08
-9.8299875e-13
-6.2838915e-08
-4.8506744e-13
-8.5956888e-09
-1.2931937e-12
4.0613081e-08
3.0822496e-08
-4.314007e-13
3.0823715e-08
1.4346158e-12
4.0613034e-08
6.6431177e-13
-8.5931206e-09
7.3399396e-15
-6.2837477e-08
-7.1326015e-13
-6.2838197e-08
-1.4415585e-12
-8.5949629e-09
4.5370974e-13
4.0611185e-08
3.0822948e-08
1.3312845e-12
3.0822389e-08
6.2587643e-13
4.0613747e-08
1.1322176e-12
-8.5936185e-09
-3.1511329e-14
-6.2836305e-08
-1.1255813e-12
-6.2837095e-08
-6.4557889e-13
-8.5954349e-09
-1.3626684e-12
4.0611908e-08
3.082159e-08
-3.6430373e-13
3.0822751e-08
1.5915344e-12
4.061179e-08
8.0143692e-13
-8.5928312e-09
5.3829669e-15
-6.2835512e-08
-8.5374871e-13
-6.2836238e-08
-1.6006686e-12
-8.5946905e-09
3.8578823e-13
4.0609921e-08
3.0821974e-08
1.39882e-12
3.0821357e-08
7.8111731e-13
4.0612415e-08
1.2687039e-12
-8.5933104e-09
-3.2642351e-14
-6.2834203e-08
-1.2641747e-12
-6.2834999e-08
-8.0224493e-13
-8.5951444e-09
-1.4307204e-12
4.0610556e-08
3.0820548e-08
-2.9847536e-13
3.0821654e-08
1.7459047e-12
4.0610369e-08
9.3691855e-13
-8.5925042e-09
5.0668944e-15
-6.2833273e-08
-9.8981889e-13
-6.2834006e-08
-1.7556139e-12
-8.5943812e-09
3.1960332e-13
4.0608479e-08
3.0820866e-08
1.4650995e-12
3.0820194e-08
9.334705e-13
4.0610908e-08
1.4034245e-12
-8.5929659e-09
-3.1978335e-14
-6.283183e-08
-1.3979272e-12
-6.2832633e-08
-9.5424519e-13
-8.5948169e-09
-1.4970099e-12
4.0609029e-08
3.0819373e-08
-2.3417365e-13
3.0820426e-08
1.8971779e-12
4.0608775e-08
1.0704212e-12
-8.592142e-09
6.7381214e-15
-6.2830769e-08
-1.1205431e-12
-6.2831508e-08
-1.9054948e-12
-8.5940345e-09
2.5551872e-13
4.0606866e-08
3.0819627e-08
1.5298365e-12
3.0818901e-08
1.0823524e-12
4.060923e-08
1.5360225e-12
-8.5925874e-09
-2.9141134e-14
-6.2829196e-08
-1.5258329e-12
-6.2830004e-08
-1.1006115e-12
-8.5944518e-09
-1.5611355e-12
4.0607333e-08
3.081807e-08
-1.7169231e-13
3.0819071e-08
2.0447331e-12
4.0607011e-08
1.2015746e-12
-8.5917472e-09
1.0809944e-14
-6.2828008e-08
-1.2448441e-12
-6.2828751e-08
-2.04927e-12
-8.5936501e-09
1.9395595e-13
4.0605089e-08
3.0818262e-08
1.5927117e-12
3.0817483e-08
1.2271209e-12
4.0607384e-08
1.6661191e-12
-8.592178e-09
-2.3683237e-14
-6.282631e-08
-1.6467427e-12
-6.282712e-08
-1.2402438e-12
-8.5940487e-09
-1.6226391e-12
4.0605478e-08
3.0816644e-08
-1.1134857e-13
3.0817593e-08
2.1879054e-12
4.0605083e-08
1.3300011e-12
-8.5913231e-09
1.7767729e-14
-6.2825001e-08
-1.3615118e-12
-6.2825743e-08
-2.1857758e-12
-8.5932271e-09
1.3538616e-13
4.0603155e-08
3.0816778e-08
1.6533882e-12
3.0815944e-08
1.3671087e-12
4.0605377e-08
1.7933435e-12
-8.5917411e-09
-1.5081948e-14
-6.2823184e-08
-1.7593856e-12
-6.2823991e-08
-1.3719341e-12
-8.5936067e-09
-1.6810173e-12
4.060347e-08
3.0815101e-08
-5.3466806e-14
3.0815996e-08
2.3260232e-12
4.0602995e-08
1.4553503e-12
-8.5908735e-09
2.8173568e-14
-6.282176e-08
-1.4692289e-12
-6.2822496e-08
-2.3137577e-12
-8.592765e-09
8.0316661e-14
4.0601075e-08
3.0815179e-08
1.711529e-12
3.0814289e-08
1.5016665e-12
4.0603213e-08
1.9173723e-12
-8.591281e-09
-2.7379613e-15
-6.2819832e-08
-1.8624026e-12
-6.2820629e-08
-1.4944071e-12
-8.5931251e-09
-1.7357361e-12
4.0601323e-08
3.0813448e-08
1.6430573e-15
3.0814286e-08
2.4584584e-12
4.0600754e-08
1.5773418e-12
-8.590403e-09
4.2664758e-14
-6.28183e-08
-1.5666156e-12
-6.2819023e-08
-2.4319182e-12
-8.5922627e-09
2.9271526e-14
4.059886e-08
3.0813475e-08
1.7668218e-12
3.0812524e-08
1.6302198e-12
4.0600898e-08
2.0379756e-12
-8.5908026e-09
1.4019877e-14
-6.2816269e-08
-1.9544017e-12
-6.2817047e-08
-1.6063766e-12
-8.5926029e-09
-1.7862551e-12
4.0599046e-08
3.0811693e-08
5.3713325e-14
3.0812468e-08
2.5846887e-12
4.0598365e-08
1.6958165e-12
-8.5899169e-09
6.1943467e-14
-6.2814638e-08
-1.6522954e-12
-6.2815335e-08
-2.5389851e-12
-8.5917191e-09
-1.723623e-14
4.0596523e-08
3.0811674e-08
1.8190103e-12
3.0810654e-08
1.7523375e-12
4.0598439e-08
2.1550712e-12
-8.5903115e-09
3.5917921e-14
-6.2812511e-08
-2.0340376e-12
-6.2813258e-08
-1.7066282e-12
-8.5920387e-09
-1.8320596e-12
4.0596655e-08
3.0809846e-08
1.0255392e-13
3.0810549e-08
2.7043729e-12
4.0595835e-08
1.8107916e-12
-8.5894212e-09
8.6752298e-14
-6.281079e-08
-1.7249925e-12
-6.2811449e-08
-2.6338086e-12
-8.5911329e-09
-5.8743758e-14
4.0594078e-08
3.0809786e-08
1.8679316e-12
3.0808686e-08
1.8678136e-12
4.0595842e-08
2.2687805e-12
-8.589814e-09
6.3701488e-14
-6.2808577e-08
-2.1001277e-12
-6.2809277e-08
-1.7941324e-12
-8.5914311e-09
-1.8727057e-12
4.0594163e-08
3.0807917e-08
1.4809384e-13
3.0808536e-08
2.8174378e-12
4.059317e-08
1.9225159e-12
-8.5889224e-09
1.1782392e-13
-6.2806775e-08
-1.7836694e-12
-6.2807379e-08
-2.7154935e-12
-8.5905023e-09
-9.4890376e-14
4.059154e-08
3.0807821e-08
1.9135625e-12
3.0806627e-08
1.9767599e-12
4.0593114e-08
2.3794812e-12
-8.589317e-09
9.806954e-14
-6.2804486e-08
-2.1518172e-12
-6.2805121e-08
-1.8681986e-12
-8.5907781e-09
-1.9078808e-12
4.0591586e-08
3.0805917e-08
1.9042902e-13
3.0806435e-08
2.9241744e-12
4.0590378e-08
2.031519e-12
-8.5884277e-09
1.5579601e-13
-6.2802614e-08
-1.8277214e-12
-6.2803141e-08
-2.7835774e-12
-8.5898254e-09
-1.2548883e-13
4.0588926e-08
3.080579e-08
1.9560683e-12
3.0804484e-08
2.0797039e-12
4.0590262e-08
2.4878483e-12
-8.5888277e-09
1.3956457e-13
-6.2800258e-08
-2.1888045e-12
-6.2800805e-08
-1.9286819e-12
-8.5900777e-09
-1.9374853e-12
4.0588942e-08
3.0803856e-08
2.2987464e-13
3.0804252e-08
3.025337e-12
4.0587464e-08
2.1386403e-12
-8.5879445e-09
2.0107344e-13
-6.2798323e-08
-1.8572397e-12
-6.279875e-08
-2.8382672e-12
-8.5890999e-09
-1.5061705e-13
4.0586252e-08
3.0803704e-08
1.9958576e-12
3.0802261e-08
2.177686e-12
4.058729e-08
2.5948696e-12
-8.5883535e-09
1.8840403e-13
-6.2795909e-08
-2.2116476e-12
-6.2796342e-08
-1.9762503e-12
-8.5893275e-09
-1.9617363e-12
4.0586244e-08
3.0801746e-08
2.6701926e-13
3.0801992e-08
3.1222355e-12
4.0584432e-08
2.2450265e-12
-8.5874798e-09
2.536232e-13
-6.2793921e-08
-1.8733625e-12
-6.2794218e-08
-2.8807422e-12
-8.5883233e-09
-1.7073667e-13
4.0583532e-08
3.0801574e-08
2.0336362e-12
3.0799963e-08
2.2723445e-12
4.05842e-08
2.7018193e-12
-8.5879012e-09
2.4423323e-13
-6.2791456e-08
-2.2221614e-12
-6.2791744e-08
-2.0127264e-12
-8.588525e-09
-1.9813019e-12
4.0583507e-08
3.0799596e-08
3.0277626e-13
3.0799658e-08
3.2168112e-12
4.0581284e-08
2.3520778e-12
-8.58704e-09
3.1268348e-13
-6.278942e-08
-1.8787226e-12
-6.2789556e-08
-2.9135331e-12
-8.5874935e-09
-1.8684115e-13
4.0580778e-08
3.0799408e-08
2.0704552e-12
3.0797592e-08
2.3659762e-12
4.0580996e-08
2.8101756e-12
-8.5874762e-09
3.0578913e-13
-6.2786908e-08
-2.2239176e-12
-6.2787019e-08
-2.0415044e-12
-8.5876682e-09
-1.997464e-12
4.0580741e-08
3.0797414e-08
3.3842634e-13
3.0797251e-08
3.3116792e-12
4.057802e-08
2.4613317e-12
-8.5866294e-09
3.7638178e-13
-6.2784826e-08
-1.8779959e-12
-6.2784767e-08
-2.9409767e-12
-8.5866085e-09
-2.0063298e-13
4.0577998e-08
3.0797212e-08
2.1077477e-12
3.0795149e-08
2.4615591e-12
4.0577673e-08
2.9214691e-12
-8.5870813e-09
3.7047302e-13
-6.2782267e-08
-2.2228357e-12
-6.2782167e-08
-2.0680353e-12
-8.5867556e-09
-2.0123105e-12
4.0577949e-08
3.0795203e-08
3.7564461e-13
3.0794771e-08
3.41013e-12
4.0574636e-08
2.5742752e-12
-8.586249e-09
4.4126778e-13
-6.2780138e-08
-1.8785286e-12
-6.277985e-08
-2.9697261e-12
-8.5856677e-09
-2.1472522e-13
4.0575192e-08
3.0794987e-08
2.1473476e-12
3.0792628e-08
2.5627252e-12
4.0574228e-08
3.0370622e-12
-8.5867153e-09
4.3385327e-13
-6.2777527e-08
-2.2278316e-12
-6.2777181e-08
-2.1003535e-12
-8.5857875e-09
-2.0289432e-12
4.0575127e-08
3.0792962e-08
4.1650679e-13
3.0792209e-08
3.5160764e-12
4.0571126e-08
2.6920959e-12
-8.585895e-09
5.0180397e-13
-6.277534e-08
-1.8909862e-12
-6.2774791e-08
-3.009275e-12
-8.5846726e-09
-2.3285069e-13
4.0572348e-08
3.0792727e-08
2.1914838e-12
3.0790023e-08
2.6736832e-12
4.0570651e-08
3.1578857e-12
-8.5863712e-09
4.8916329e-13
-6.2772664e-08
-2.2514384e-12
-6.2772043e-08
-2.1495749e-12
-8.5847668e-09
-2.0516841e-12
4.0572256e-08
3.0790679e-08
4.6346923e-13
3.0789557e-08
3.6339562e-12
4.0567478e-08
2.8154155e-12
-8.5855564e-09
5.4990291e-13
-6.2770402e-08
-1.92991e-12
-6.2769567e-08
-3.0724057e-12
-8.5836277e-09
-2.6004952e-13
4.0569442e-08
3.0790417e-08
2.2427493e-12
3.0787319e-08
2.7991028e-12
4.0566928e-08
3.2841934e-12
-8.5860334e-09
5.2691581e-13
-6.2767637e-08
-2.3102516e-12
-6.2766722e-08
-2.2302599e-12
-8.5837001e-09
-2.086233e-12
4.0569304e-08
3.0788335e-08
5.1932448e-13
3.0786797e-08
3.7686135e-12
4.0563677e-08
2.9440909e-12
-8.5852127e-09
5.7467131e-13
-6.2765271e-08
-2.0139962e-12
-6.2764137e-08
-3.1754221e-12
-8.5825421e-09
-3.0277922e-13
4.0566429e-08
3.0788031e-08
2.3040496e-12
3.0784498e-08
2.9440028e-12
4.0563044e-08
3.4154491e-12
-8.5856761e-09
5.348327e-13
-6.2762383e-08
-2.4249698e-12
-6.276117e-08
-2.3604641e-12
-8.582599e-09
-2.1397153e-12
4.0566215e-08
3.0785895e-08
5.8714388e-13
3.0783909e-08
3.9252141e-12
4.0559703e-08
3.0772256e-12
-8.5848319e-09
5.6259894e-13
-6.2759871e-08
-2.1658192e-12
-6.2758445e-08
-3.3379597e-12
-8.5814303e-09
-3.6887251e-13
4.0563243e-08
3.0785524e-08
2.3785474e-12
3.0781535e-08
3.1137104e-12
4.0558975e-08
3.5505188e-12
-8.5852607e-09
4.9836835e-13
-6.2756812e-08
-2.6197116e-12
-6.2755319e-08
-2.5612394e-12
-8.5814811e-09
-2.2205294e-12
4.0562909e-08
3.0783307e-08
6.7022329e-13
3.0780862e-08
4.1092797e-12
4.0555533e-08
3.2135901e-12
-8.5843688e-09
4.9850696e-13
-6.27541e-08
-2.4106496e-12
-6.2752413e-08
-3.5821077e-12
-8.5803132e-09
-4.6723767e-13
4.0559792e-08
3.0782838e-08
2.4696263e-12
3.0778397e-08
3.3139877e-12
4.0554696e-08
3.6883809e-12
-8.5847352e-09
4.0216464e-13
-6.2750806e-08
-2.9202355e-12
-6.2749083e-08
-2.8552974e-12
-8.5803705e-09
-2.3378799e-12
4.0559281e-08
3.0780504e-08
7.7205956e-13
3.0777623e-08
4.326942e-12
4.0551138e-08
3.3526677e-12
-8.5837648e-09
3.6759668e-13
-6.2747825e-08
-2.7739798e-12
-6.2745945e-08
-3.9305457e-12
-8.5792175e-09
-6.0717783e-13
4.0555955e-08
3.0779895e-08
2.5809061e-12
3.0775047e-08
3.5514176e-12
4.0550175e-08
3.8295632e-12
-8.5840349e-09
2.327584e-13
-6.274422e-08
-3.3506916e-12
-6.2742354e-08
-3.2645401e-12
-8.5792959e-09
-2.5008794e-12
4.0555198e-08
3.0777398e-08
8.9637325e-13
3.0774148e-08
4.5854894e-12
4.0546483e-08
3.4964875e-12
-8.5829498e-09
1.588648e-13
-6.2740886e-08
-3.2774347e-12
-6.2738922e-08
-4.4034344e-12
-8.5781735e-09
-7.972133e-13
4.0551589e-08
3.0776599e-08
2.7163169e-12
3.0771437e-08
3.8340649e-12
4.0545372e-08
3.9783806e-12
-8.5830861e-09
-1.7296581e-14
-6.2736883e-08
-3.9286811e-12
-6.2735003e-08
-3.8062475e-12
-8.5782882e-09
-2.7171227e-12
4.0550506e-08
3.0773886e-08
1.0471439e-12
3.0770387e-08
4.8941434e-12
4.0541522e-08
3.6521788e-12
-8.581848e-09
-1.3011827e-13
-6.2733104e-08
-3.9329845e-12
-6.2731203e-08
-5.0139388e-12
-8.5772109e-09
-1.0433141e-12
4.0546533e-08
3.0772841e-08
2.8801691e-12
3.0767512e-08
4.1722115e-12
4.0540238e-08
4.1457088e-12
-8.5818134e-09
-3.4413013e-13
-6.2728607e-08
-4.6587468e-12
-6.2726881e-08
-4.4879006e-12
-8.577374e-09
-2.990693e-12
4.0545043e-08
3.0769854e-08
1.2284941e-12
3.0766281e-08
5.2646841e-12
4.0536199e-08
3.8346842e-12
-8.5803873e-09
-4.8762137e-13
-6.2724288e-08
-4.7358337e-12
-6.2722636e-08
-5.7625269e-12
-8.5763509e-09
-1.3465236e-12
4.0540624e-08
3.0768506e-08
3.0769699e-12
3.0763209e-08
4.5784823e-12
4.0534704e-08
4.3513514e-12
-8.5801521e-09
-7.2703662e-13
-6.2719202e-08
-5.5249976e-12
-6.2717831e-08
-5.3009402e-12
-8.5765672e-09
-3.3196492e-12
4.0538649e-08
3.076519e-08
1.4439711e-12
3.0761762e-08
5.7108743e-12
4.0530435e-08
4.0681742e-12
-8.5785132e-09
-8.828069e-13
-6.2714255e-08
-5.6570367e-12
-6.271306e-08
-6.6305358e-12
-8.5755972e-09
-1.7000116e-12
4.0533717e-08
3.0763488e-08
3.3103384e-12
3.0758457e-08
5.0657867e-12
4.0528686e-08
4.6239268e-12
-8.5780632e-09
-1.1247551e-12
-6.2708498e-08
-6.4843029e-12
-6.2707693e-08
-6.2140668e-12
-8.5758597e-09
-3.6930719e-12
4.0531202e-08
3.0759799e-08
1.6942185e-12
3.075676e-08
6.2444861e-12
4.0524133e-08
4.3833455e-12
-8.5762059e-09
-1.2640613e-12
-6.2702855e-08
-6.6376208e-12
-6.2702323e-08
-7.5737023e-12
-8.5749271e-09
-2.0855445e-12
4.0525712e-08
3.0757712e-08
3.5796315e-12
3.0753185e-08
5.6400795e-12
4.052208e-08
4.9946399e-12
-8.5755523e-09
-1.4767862e-12
-6.2696375e-08
-7.46211e-12
-6.269633e-08
-7.1667129e-12
-8.5752147e-09
-4.0875562e-12
4.0522639e-08
3.0753628e-08
1.9711103e-12
3.0751212e-08
6.8640423e-12
4.0517185e-08
4.8061356e-12
-8.5734982e-09
-1.5643593e-12
-6.2690008e-08
-7.5863715e-12
-6.2690311e-08
-8.5160615e-12
-8.5742885e-09
-2.4689943e-12
4.051659e-08
3.0751157e-08
3.8717183e-12
3.0747345e-08
6.2831646e-12
4.051478e-08
5.4797668e-12
-8.5726865e-09
-1.7138273e-12
-6.2682807e-08
-8.3529222e-12
-6.2683664e-08
-8.0626697e-12
-8.5745708e-09
-4.4623557e-12
4.0512996e-08
3.0746699e-08
2.245242e-12
3.0745098e-08
7.5307337e-12
4.0509492e-08
5.3324339e-12
-8.570492e-09
-1.7177059e-12
-6.267576e-08
-8.3830765e-12
-6.2677002e-08
-9.3435121e-12
-8.5736138e-09
-2.7936422e-12
4.0506444e-08
3.0743904e-08
4.1441518e-12
3.0740958e-08
6.9200697e-12
4.0506724e-08
6.0469353e-12
-8.5696104e-09
-1.7808087e-12
-6.2667925e-08
-9.0267952e-12
-6.2669749e-08
-8.762741e-12
-8.5738698e-09
-4.7511732e-12
4.0502439e-08
3.0739156e-08
2.4433364e-12
3.0738513e-08
8.1271914e-12
4.0501037e-08
5.8861997e-12
-8.5673731e-09
-1.6888245e-12
-6.2660353e-08
-8.8886683e-12
-6.2662552e-08
-9.8957242e-12
-8.5728661e-09
-2.969195e-12
4.049551e-08
3.0736186e-08
4.2968845e-12
3.0734221e-08
7.3710507e-12
4.0497971e-08
6.5675168e-12
-8.5665611e-09
-1.6724067e-12
-6.2652105e-08
-9.3441743e-12
-6.2654872e-08
-9.0770781e-12
-8.573125e-09
-4.8483147e-12
4.0491288e-08
3.0731341e-08
2.4165595e-12
3.0731802e-08
8.4076048e-12
4.0491977e-08
6.2731841e-12
-8.5644302e-09
-1.5125002e-12
-6.2644323e-08
-8.9685626e-12
-6.2647419e-08
-9.9617342e-12
-8.5721351e-09
-2.856822e-12
4.0484182e-08
3.0728483e-08
4.1393367e-12
3.0727668e-08
7.3139484e-12
4.0488811e-08
6.7837377e-12
-8.5638913e-09
-1.4730379e-12
-6.2636058e-08
-9.1938997e-12
-6.263969e-08
-8.774732e-12
-8.5725459e-09
-4.5935114e-12
4.0480007e-08
3.0723894e-08
1.9201014e-12
3.0725746e-08
7.9929086e-12
4.0482735e-08
6.1862627e-12
-8.5620882e-09
-1.3290372e-12
-6.2628545e-08
-8.5616263e-12
-6.2632461e-08
-9.3181898e-12
-8.5717924e-09
-2.2657038e-12
4.0472953e-08
3.0721627e-08
3.3928823e-12
3.0722358e-08
6.3569509e-12
4.0479779e-08
6.3877346e-12
-8.5621101e-09
-1.381014e-12
-6.2620768e-08
-8.6159626e-12
-6.2625218e-08
-7.6880203e-12
-8.5727118e-09
-3.7877409e-12
4.046906e-08
3.0717843e-08
6.771668e-13
3.0721679e-08
6.5783186e-12
4.0473876e-08
5.4191424e-12
-8.5609542e-09
-1.3883926e-12
-6.2613964e-08
-7.9035932e-12
-6.2618705e-08
-7.9469333e-12
-8.5726715e-09
-1.0234237e-12
4.0462135e-08
3.0716818e-08
1.8473739e-12
3.0719837e-08
4.4825407e-12
4.0471249e-08
5.4479881e-12
-8.5619106e-09
-1.683939e-12
-6.2606823e-08
-8.186468e-12
-6.2612194e-08
-6.134824e-12
-8.5747144e-09
-2.3449828e-12
4.0458352e-08
3.0714478e-08
-1.2949855e-12
3.072113e-08
4.7325384e-12
4.0465219e-08
4.61993e-12
-8.5618012e-09
-1.986995e-12
-6.2600219e-08
-8.1724592e-12
-6.2606012e-08
-6.7689158e-12
-8.5761207e-09
7.1802447e-13
4.0450864e-08
3.0715194e-08
-7.8190479e-14
3.0721213e-08
3.373802e-12
4.0461776e-08
5.6200822e-12
-8.5640382e-09
-2.6496966e-12
-6.2591941e-08
-1.0038188e-11
-6.2598614e-08
-6.1269371e-12
-8.580023e-09
-8.1346166e-13
4.0445558e-08
3.0714385e-08
-2.7813091e-12
3.0723992e-08
5.9275292e-12
4.0453065e-08
7.1122663e-12
-8.565226e-09
-3.3080583e-12
-6.2581523e-08
-1.3030203e-11
-6.2588895e-08
-9.4966502e-12
-8.5835592e-09
1.6398977e-12
4.043442e-08
3.0716024e-08
8.1758743e-16
3.0723997e-08
9.3328773e-12
4.0443741e-08
1.2714175e-11
-8.5685978e-09
-4.3178813e-12
-6.2564482e-08
-2.006171e-11
-6.2573142e-08
-1.4052807e-11
-8.589559e-09
-1.6282395e-12
4.0422003e-08
3.07144e-08
4.7590041e-13
3.0723519e-08
2.0474108e-11
4.0423741e-08
2.2294605e-11
-8.5704213e-09
-5.1750265e-12
-6.2537015e-08
-3.1586318e-11
-6.2546733e-08
-2.6286901e-11
-8.594861e-09
-2.4848467e-12
4.03982e-08
3.0711914e-08
8.8251557e-12
3.07147e-08
3.8227689e-11
4.0394348e-08
4.0903482e-11
-8.5730875e-09
-6.2359769e-12
-6.2489866e-08
-5.1648871e-11
-6.2501311e-08
-4.5315377e-11
-8.6011852e-09
-1.1386624e-11
4.0364279e-08
3.0700532e-08
1.8606991e-11
3.0696091e-08
7.128395e-11
4.0341669e-08
7.0432682e-11
-8.5722392e-09
-6.8071995e-12
-6.2412629e-08
-8.2750176e-11
-6.2425371e-08
-7.9208496e-11
-8.6047294e-09
-2.1507539e-11
4.0306576e-08
3.0679023e-08
4.0572871e-11
3.0655524e-08
1.2150479e-10
4.0260745e-08
1.1762482e-10
-8.5683497e-09
-7.2758327e-12
-6.2287719e-08
-1.3026603e-10
-6.2302372e-08
-1.3011213e-10
-8.6048741e-09
-4.3835025e-11
4.0220307e-08
3.0635193e-08
7.0466621e-11
3.0585055e-08
1.9921863e-10
4.0131991e-08
1.8681557e-10
-8.5559498e-09
-6.7572628e-12
-6.2094149e-08
-1.9925927e-10
-6.2109872e-08
-2.0748987e-10
-8.5966462e-09
-7.3703502e-11
4.0086519e-08
3.0561488e-08
1.1887159e-10
3.0466189e-08
3.0942187e-10
3.9941449e-08
2.8579819e-10
-8.5323168e-09
-5.7425798e-12
-6.18026e-08
-2.9585817e-10
-6.1819748e-08
-3.1675471e-10
-8.5757407e-09
-1.2189593e-10
3.9891668e-08
3.0439596e-08
1.8387969e-10
3.0282307e-08
4.6239269e-10
3.9662934e-08
4.2046344e-10
-8.490391e-09
-3.2466919e-12
-6.1378893e-08
-4.2695616e-10
-6.1396041e-08
-4.6716294e-10
-8.535537e-09
-1.8612008e-10
3.9610623e-08
3.0253474e-08
2.7425785e-10
3.0008055e-08
6.6424248e-10
3.9272957e-08
5.9726682e-10
-8.4234066e-09
4.360813e-14
-6.0781661e-08
-5.9730044e-10
-6.0798689e-08
-6.6548344e-10
-8.4673455e-09
-2.7533001e-10
3.9220476e-08
2.9978148e-08
3.8922083e-10
2.9618832e-08
9.2110625e-10
3.8741069e-08
8.2053898e-10
-8.3228436e-09
5.012787e-12
-5.9966139e-08
-8.126319e-10
-5.9981048e-08
-9.1688837e-10
-8.3630929e-09
-3.8845587e-10
3.8692041e-08
2.958969e-08
5.3292216e-10
2.9085915e-08
1.2351051e-09
3.8038893e-08
1.0907938e-09
-8.1785243e-09
1.074158e-11
-5.8886079e-08
-1.0721408e-09
-5.8898158e-08
-1.2244381e-09
-8.210788e-09
-5.2985516e-10
3.7997464e-08
2.9059839e-08
7.0278371e-10
2.8383128e-08
1.6016251e-09
3.7140047e-08
1.405237e-09
-7.9821415e-09
1.7750181e-11
-5.7498597e-08
-1.3747957e-09
-5.7505617e-08
-1.5829111e-09
-8.0026776e-09
-6.9682755e-10
3.7111377e-08
2.8363008e-08
8.9475622e-10
2.7488376e-08
2.0111037e-09
3.6023706e-08
1.7522932e-09
-7.7233243e-09
2.5002683e-11
-5.57713e-08
-1.7085383e-09
-5.577207e-08
-1.9838292e-09
-7.7273804e-09
-8.8555468e-10
3.6013107e-08
2.7477456e-08
1.1006237e-09
2.6387749e-08
2.4407207e-09
3.4683604e-08
2.115314e-09
-7.3979243e-09
3.2442061e-11
-5.3688434e-08
-2.058468e-09
-5.3681166e-08
-2.4043839e-09
-7.3814707e-09
-1.0878625e-09
3.4696581e-08
2.638959e-08
1.3046392e-09
2.5083113e-08
2.8613444e-09
3.3126903e-08
2.4653264e-09
-7.0019008e-09
3.9210637e-11
-5.1262313e-08
-2.3962481e-09
-5.1245702e-08
-2.8163283e-09
-6.9613855e-09
-1.2882505e-09
3.3168507e-08
2.5101342e-08
1.4877057e-09
2.3595403e-08
3.2262338e-09
3.1388369e-08
2.7670558e-09
-6.5427303e-09
4.4638267e-11
-4.8539902e-08
-2.6877032e-09
-4.8513367e-08
-3.1736482e-09
-6.4754475e-09
-1.4677471e-09
3.14626e-08
2.3633591e-08
1.6187596e-09
2.1976646e-08
3.4774364e-09
2.9529696e-08
2.9665096e-09
-6.0317999e-09
4.8519592e-11
-4.5621909e-08
-2.8804935e-09
-4.5584351e-08
-3.4185877e-09
-5.9373499e-09
-1.5955042e-09
2.9639519e-08
2.2038088e-08
1.6812814e-09
2.029536e-08
3.5370707e-09
2.7673902e-08
2.9929777e-09
-5.4877112e-09
5.0022093e-11
-4.2678958e-08
-2.9033405e-09
-4.2630993e-08
-3.4745394e-09
-5.3661555e-09
-1.6549311e-09
2.7819908e-08
2.0383156e-08
1.700139e-09
3.3270495e-09
2.7609261e-09
5.0357189e-11
-2.6723914e-09
-3.2627021e-09
-1.6719909e-09
)
;

boundaryField
{
    left
    {
        type            calculated;
        value           nonuniform List<scalar> 8(3.8512987e-18 3.8512987e-18 3.8512987e-18 3.8512987e-18 3.8512987e-18 3.8512987e-18 3.8512987e-18 3.8512987e-18);
    }
    right
    {
        type            calculated;
        value           nonuniform List<scalar> 8(1.8595223e-08 2.6046993e-08 -4.9215866e-09 -3.9968388e-08 -3.9908243e-08 -4.7758435e-09 2.6229196e-08 1.8711165e-08);
    }
    walls
    {
        type            calculated;
        value           uniform 0;
    }
    frontAndBack
    {
        type            empty;
        value           nonuniform 0();
    }
}


// ************************************************************************* //
