/*--------------------------------*- C++ -*----------------------------------*\
| =========                 |                                                 |
| \\      /  F ield         | OpenFOAM: The Open Source CFD Toolbox           |
|  \\    /   O peration     | Version:  5.x                                   |
|   \\  /    A nd           | Web:      www.OpenFOAM.org                      |
|    \\/     M anipulation  |                                                 |
\*---------------------------------------------------------------------------*/
FoamFile
{
    version     2.0;
    format      ascii;
    class       surfaceScalarField;
    location    "5";
    object      phi_0;
}
// * * * * * * * * * * * * * * * * * * * * * * * * * * * * * * * * * * * * * //

dimensions      [0 3 -1 0 0 0 0];

internalField   nonuniform List<scalar> 
3592
(
-1.8378667e-06
-1.7475695e-05
-1.1784595e-06
-1.9972967e-05
-5.8258009e-07
-1.9909438e-05
3.813811e-13
-1.989614e-05
5.8258084e-07
-1.989614e-05
1.1784593e-06
-1.9909438e-05
1.8378663e-06
-1.9972967e-05
-1.7475693e-05
-2.45506e-06
-1.5020633e-05
-2.2248687e-06
-2.0203155e-05
-1.193106e-06
-2.0941194e-05
7.3126298e-13
-2.1089241e-05
1.1931073e-06
-2.108924e-05
2.2248687e-06
-2.0941194e-05
2.45506e-06
-2.0203154e-05
-1.5020631e-05
-2.1447667e-06
-1.2875862e-05
-2.3662901e-06
-1.9981626e-05
-1.3756988e-06
-2.1931779e-05
9.6314574e-13
-2.2464935e-05
1.3757004e-06
-2.2464935e-05
2.3662903e-06
-2.1931779e-05
2.1447669e-06
-1.9981626e-05
-1.2875861e-05
-1.6988716e-06
-1.1176986e-05
-2.102979e-06
-1.9577513e-05
-1.3041052e-06
-2.2730646e-05
1.0746271e-12
-2.3769036e-05
1.304107e-06
-2.3769036e-05
2.1029794e-06
-2.2730646e-05
1.698872e-06
-1.9577513e-05
-1.1176986e-05
-1.2794169e-06
-9.8975652e-06
-1.7146472e-06
-1.9142278e-05
-1.1176024e-06
-2.3327685e-05
1.0287562e-12
-2.4886635e-05
1.117604e-06
-2.4886635e-05
1.714648e-06
-2.3327685e-05
1.2794174e-06
-1.9142277e-05
-9.897565e-06
-9.288728e-07
-8.9686882e-06
-1.3247445e-06
-1.87464e-05
-8.9890959e-07
-2.3753514e-05
8.8381433e-13
-2.5785541e-05
8.9891104e-07
-2.5785541e-05
1.3247453e-06
-2.3753514e-05
9.2887339e-07
-1.87464e-05
-8.968688e-06
-6.5540556e-07
-8.3132789e-06
-9.8475255e-07
-1.8417048e-05
-6.9113461e-07
-2.4047127e-05
6.7643916e-13
-2.6476672e-05
6.9113577e-07
-2.6476672e-05
9.8475354e-07
-2.4047127e-05
6.5540624e-07
-1.8417047e-05
-8.3132786e-06
-4.5218461e-07
-7.8610903e-06
-7.1054341e-07
-1.8158684e-05
-5.1336791e-07
-2.4244298e-05
4.8357534e-13
-2.6990036e-05
5.1336878e-07
-2.6990036e-05
7.1054444e-07
-2.4244297e-05
4.5218533e-07
-1.8158682e-05
-7.8610899e-06
-3.0612123e-07
-7.5549659e-06
-5.0044857e-07
-1.7964351e-05
-3.7084035e-07
-2.4373902e-05
2.6972782e-13
-2.7360873e-05
3.7084093e-07
-2.7360873e-05
5.0044957e-07
-2.4373901e-05
3.0612196e-07
-1.796435e-05
-7.5549654e-06
-2.0378576e-07
-7.3511767e-06
-3.452077e-07
-1.7822924e-05
-2.6166266e-07
-2.4457443e-05
1.066157e-13
-2.7622532e-05
2.6166296e-07
-2.7622531e-05
3.4520862e-07
-2.4457441e-05
2.0378647e-07
-1.7822923e-05
-7.3511761e-06
-1.3346978e-07
-7.2177045e-06
-2.3371271e-07
-1.7722678e-05
-1.8083133e-07
-2.4510322e-05
-5.413958e-14
-2.780336e-05
1.808314e-07
-2.780336e-05
2.3371351e-07
-2.451032e-05
1.3347045e-07
-1.7722676e-05
-7.2177038e-06
-8.6040237e-08
-7.1316615e-06
-1.5544443e-07
-1.7653269e-05
-1.2262001e-07
-2.4543142e-05
-1.6865437e-13
-2.7925977e-05
1.2261987e-07
-2.7925976e-05
1.5544508e-07
-2.454314e-05
8.6040832e-08
-1.7653267e-05
-7.1316609e-06
-5.4533785e-08
-7.0771261e-06
-1.0161336e-07
-1.7606187e-05
-8.164751e-08
-2.4563106e-05
-2.6062712e-13
-2.8007622e-05
8.1647209e-08
-2.8007621e-05
1.0161383e-07
-2.4563104e-05
5.4534294e-08
-1.7606185e-05
-7.0771254e-06
-3.3953408e-08
-7.0431706e-06
-6.5245828e-08
-1.7574891e-05
-5.3397664e-08
-2.4574951e-05
-3.3225304e-13
-2.8061016e-05
5.3397237e-08
-2.8061015e-05
6.5246147e-08
-2.457495e-05
3.3953827e-08
-1.7574889e-05
-7.04317e-06
-2.0704652e-08
-7.022465e-06
-4.1107757e-08
-1.7554486e-05
-3.4276118e-08
-2.4581782e-05
-3.7002205e-13
-2.809529e-05
3.4275584e-08
-2.809529e-05
4.1107919e-08
-2.458178e-05
2.0704974e-08
-1.7554484e-05
-7.0224644e-06
-1.2326186e-08
-7.0101372e-06
-2.535247e-08
-1.7541457e-05
-2.1566231e-08
-2.4585565e-05
-4.1623103e-13
-2.8116853e-05
2.1565638e-08
-2.8116853e-05
2.5352497e-08
-2.4585564e-05
1.2326425e-08
-1.7541455e-05
-7.0101368e-06
-7.1162315e-09
-7.0030204e-06
-1.5252792e-08
-1.7533319e-05
-1.3265531e-08
-2.4587551e-05
-4.1924607e-13
-2.8130117e-05
1.3264867e-08
-2.8130117e-05
1.5252703e-08
-2.458755e-05
7.1163872e-09
-1.7533318e-05
-7.00302e-06
-3.9467653e-09
-6.9990723e-06
-8.8983794e-09
-1.7528365e-05
-7.9453325e-09
-2.4588502e-05
-4.3612847e-13
-2.813806e-05
7.9446614e-09
-2.8138059e-05
8.8981987e-09
-2.4588502e-05
3.9468628e-09
-1.7528364e-05
-6.9990722e-06
-2.0637837e-09
-6.9970082e-06
-4.9864437e-09
-1.7525441e-05
-4.6027555e-09
-2.4588885e-05
-4.2065945e-13
-2.8142661e-05
4.602056e-09
-2.8142661e-05
4.9862034e-09
-2.4588885e-05
2.0638229e-09
-1.7525441e-05
-6.9970082e-06
-9.8065819e-10
-6.9960264e-06
-2.6376921e-09
-1.7523782e-05
-2.5505479e-09
-2.458897e-05
-4.1269457e-13
-2.8145209e-05
2.5498818e-09
-2.8145209e-05
2.6374137e-09
-2.458897e-05
9.8066921e-10
-1.7523782e-05
-6.9960267e-06
-3.8283448e-10
-6.9956433e-06
-1.2716456e-09
-1.7522892e-05
-1.3241857e-09
-2.4588916e-05
-3.789796e-13
-2.8146532e-05
1.3235431e-09
-2.8146532e-05
1.2713612e-09
-2.4588917e-05
3.8281611e-10
-1.7522893e-05
-6.9956436e-06
-7.3059261e-11
-6.9955691e-06
-5.0945568e-10
-1.7522454e-05
-6.1627528e-10
-2.4588808e-05
-3.4844156e-13
-2.8147146e-05
6.1570346e-10
-2.8147146e-05
5.0918803e-10
-2.4588809e-05
7.3040925e-11
-1.7522455e-05
-6.9955698e-06
7.1887388e-11
-6.9956407e-06
-1.0949099e-10
-1.7522272e-05
-2.2594936e-10
-2.458869e-05
-3.0080249e-13
-2.814737e-05
2.2544752e-10
-2.8147371e-05
1.0925825e-10
-2.4588692e-05
-7.1910584e-11
-1.7522273e-05
-6.9956415e-06
1.2583127e-10
-6.9957655e-06
8.07618e-11
-1.7522225e-05
-2.5289645e-11
-2.4588582e-05
-2.372229e-13
-2.8147393e-05
2.4892312e-11
-2.8147394e-05
-8.0934983e-11
-2.4588584e-05
-1.2583361e-10
-1.7522227e-05
-6.9957665e-06
1.3361377e-10
-6.9958988e-06
1.5401723e-10
-1.7522244e-05
6.6554481e-11
-2.4588494e-05
-1.7336131e-13
-2.8147326e-05
-6.6831439e-11
-2.8147327e-05
-1.5412389e-10
-2.4588497e-05
-1.3360294e-10
-1.7522247e-05
-6.9958999e-06
1.1945371e-10
-6.9960172e-06
1.6686938e-10
-1.752229e-05
9.8328434e-11
-2.4588424e-05
-9.5066817e-14
-2.8147226e-05
-9.8479785e-11
-2.8147227e-05
-1.668865e-10
-2.4588426e-05
-1.1940946e-10
-1.7522293e-05
-6.9960185e-06
9.8261572e-11
-6.9961152e-06
1.5080027e-10
-1.7522342e-05
9.9883944e-11
-2.4588372e-05
-2.4044614e-14
-2.8147125e-05
-9.9891185e-11
-2.8147126e-05
-1.5073897e-10
-2.4588375e-05
-9.8195357e-11
-1.7522345e-05
-6.9961165e-06
7.5783202e-11
-6.9961898e-06
1.2459831e-10
-1.7522389e-05
8.7447166e-11
-2.4588333e-05
6.2833817e-14
-2.8147036e-05
-8.7323435e-11
-2.8147037e-05
-1.2443764e-10
-2.4588336e-05
-7.5680238e-11
-1.7522392e-05
-6.9961913e-06
5.6553271e-11
-6.9962461e-06
9.6546712e-11
-1.7522428e-05
7.0805472e-11
-2.4588307e-05
1.3200011e-13
-2.8146964e-05
-7.0536116e-11
-2.8146966e-05
-9.6310402e-11
-2.458831e-05
-5.6427299e-11
-1.7522431e-05
-6.9962475e-06
4.020971e-11
-6.9962853e-06
7.1910471e-11
-1.7522458e-05
5.396334e-11
-2.4588287e-05
2.1349592e-13
-2.8146909e-05
-5.3575676e-11
-2.814691e-05
-7.1582089e-11
-2.458829e-05
-4.0050622e-11
-1.7522461e-05
-6.9962868e-06
2.8237318e-11
-6.9963132e-06
5.1196179e-11
-1.752248e-05
3.9601653e-11
-2.4588275e-05
2.7126085e-13
-2.8146869e-05
-3.9089003e-11
-2.814687e-05
-5.0806856e-11
-2.4588278e-05
-2.8059844e-11
-1.7522483e-05
-6.9963146e-06
1.8688747e-11
-6.9963309e-06
3.5544439e-11
-1.7522495e-05
2.7710069e-11
-2.4588265e-05
3.3624797e-13
-2.814684e-05
-2.7106632e-11
-2.8146841e-05
-3.5082855e-11
-2.4588268e-05
-1.8486193e-11
-1.7522498e-05
-6.9963323e-06
1.2456792e-11
-6.9963431e-06
2.3407804e-11
-1.7522506e-05
1.8857983e-11
-2.458826e-05
3.7561664e-13
-2.8146821e-05
-1.8165815e-11
-2.8146822e-05
-2.2907416e-11
-2.4588263e-05
-1.2243681e-11
-1.7522508e-05
-6.9963444e-06
7.454826e-12
-6.9963495e-06
1.5065447e-11
-1.7522511e-05
1.2032339e-11
-2.4588255e-05
4.1764379e-13
-2.8146808e-05
-1.1285459e-11
-2.8146809e-05
-1.4519178e-11
-2.4588258e-05
-7.2265176e-12
-1.7522514e-05
-6.9963508e-06
4.6530196e-12
-6.996354e-06
8.7625676e-12
-1.7522515e-05
7.4017088e-12
-2.4588254e-05
4.3592025e-13
-2.81468e-05
-6.6086969e-12
-2.8146801e-05
-8.201958e-12
-2.4588256e-05
-4.4228303e-12
-1.7522517e-05
-6.996355e-06
2.16902e-12
-6.9963551e-06
4.8502888e-12
-1.7522516e-05
3.8980758e-12
-2.4588251e-05
4.5376436e-13
-2.8146795e-05
-3.0872651e-12
-2.8146796e-05
-4.2706614e-12
-2.4588253e-05
-1.9331609e-12
-1.7522518e-05
-6.9963562e-06
1.1417851e-12
-6.9963561e-06
1.8095227e-12
-1.7522516e-05
1.7610588e-12
-2.4588251e-05
4.5216769e-13
-2.8146793e-05
-9.4452662e-13
-2.8146794e-05
-1.2377607e-12
-2.4588253e-05
-9.1170669e-13
-1.7522518e-05
-6.9963569e-06
-9.9687651e-14
-6.996355e-06
2.1526136e-13
-1.7522515e-05
7.7871937e-14
-2.4588249e-05
4.488033e-13
-2.8146792e-05
7.2488024e-13
-2.8146793e-05
3.5271225e-13
-2.4588251e-05
3.2774136e-13
-1.7522517e-05
-6.9963558e-06
-2.9989178e-13
-6.9963545e-06
-1.2044543e-12
-1.7522513e-05
-7.7647943e-13
-2.4588249e-05
4.3151953e-13
-2.8146793e-05
1.5526779e-12
-2.8146794e-05
1.7476425e-12
-2.458825e-05
5.1662502e-13
-1.7522515e-05
-6.9963552e-06
-9.8030675e-13
-6.9963526e-06
-1.7049634e-12
-1.7522511e-05
-1.5685265e-12
-2.4588247e-05
4.1256767e-13
-2.8146793e-05
2.3085354e-12
-2.8146794e-05
2.2281673e-12
-2.4588249e-05
1.1898501e-12
-1.7522513e-05
-6.9963532e-06
-8.3062405e-13
-6.9963516e-06
-2.3890376e-12
-1.7522509e-05
-1.8259118e-12
-2.4588248e-05
3.8526597e-13
-2.8146795e-05
2.5180847e-12
-2.8146796e-05
2.8771212e-12
-2.4588249e-05
1.0258071e-12
-1.752251e-05
-6.9963521e-06
-1.2765046e-12
-6.9963494e-06
-2.4181295e-12
-1.7522506e-05
-2.2184245e-12
-2.4588246e-05
3.5713788e-13
-2.8146796e-05
2.862271e-12
-2.8146797e-05
2.8772426e-12
-2.4588247e-05
1.4618822e-12
-1.7522508e-05
-6.9963498e-06
-9.9496319e-13
-6.9963483e-06
-2.7942521e-12
-1.7522504e-05
-2.2210795e-12
-2.4588246e-05
3.2550593e-13
-2.8146799e-05
2.8067682e-12
-2.8146799e-05
3.2142326e-12
-2.4588247e-05
1.1652365e-12
-1.7522505e-05
-6.9963486e-06
-1.3489314e-12
-6.996346e-06
-2.6385924e-12
-1.7522501e-05
-2.4473363e-12
-2.4588245e-05
2.9402982e-13
-2.81468e-05
2.9817905e-12
-2.81468e-05
3.0269529e-12
-2.4588246e-05
1.5088903e-12
-1.7522502e-05
-6.9963463e-06
-1.0265359e-12
-6.9963448e-06
-2.895057e-12
-1.7522499e-05
-2.3499539e-12
-2.4588245e-05
2.6278211e-13
-2.8146802e-05
2.824964e-12
-2.8146802e-05
3.2453207e-12
-2.4588246e-05
1.1723964e-12
-1.75225e-05
-6.996345e-06
-1.3452147e-12
-6.9963425e-06
-2.6752189e-12
-1.7522496e-05
-2.5106559e-12
-2.4588244e-05
2.3239332e-13
-2.8146803e-05
2.9384532e-12
-2.8146803e-05
2.9958801e-12
-2.4588245e-05
1.4817002e-12
-1.7522497e-05
-6.9963428e-06
-1.0162902e-12
-6.9963414e-06
-2.8875003e-12
-1.7522494e-05
-2.376857e-12
-2.4588244e-05
2.0478194e-13
-2.8146806e-05
2.7501528e-12
-2.8146806e-05
3.1744365e-12
-2.4588245e-05
1.1407697e-12
-1.7522494e-05
-6.9963416e-06
-1.3196426e-12
-6.9963392e-06
-2.6493911e-12
-1.7522491e-05
-2.5114544e-12
-2.4588243e-05
1.7826178e-13
-2.8146807e-05
2.8457947e-12
-2.8146807e-05
2.9115399e-12
-2.4588243e-05
1.4364603e-12
-1.7522492e-05
-6.9963394e-06
-9.9546747e-13
-6.9963381e-06
-2.8445491e-12
-1.7522489e-05
-2.3648534e-12
-2.4588243e-05
1.560361e-13
-2.8146809e-05
2.6530243e-12
-2.8146809e-05
3.0790048e-12
-2.4588243e-05
1.1028453e-12
-1.7522489e-05
-6.9963382e-06
-1.289356e-12
-6.9963359e-06
-2.6035567e-12
-1.7522486e-05
-2.487204e-12
-2.4588242e-05
1.3465696e-13
-2.814681e-05
2.7464689e-12
-2.814681e-05
2.8191907e-12
-2.4588242e-05
1.3910005e-12
-1.7522487e-05
-6.9963361e-06
-9.7282619e-13
-6.9963348e-06
-2.7899082e-12
-1.7522484e-05
-2.335616e-12
-2.4588242e-05
1.1831934e-13
-2.8146812e-05
2.5580991e-12
-2.8146813e-05
2.9841986e-12
-2.4588242e-05
1.0676041e-12
-1.7522484e-05
-6.9963349e-06
-1.2584152e-12
-6.9963327e-06
-2.5503003e-12
-1.7522481e-05
-2.4500783e-12
-2.458824e-05
1.0221064e-13
-2.8146813e-05
2.6536595e-12
-2.8146814e-05
2.7316766e-12
-2.4588241e-05
1.3492178e-12
-1.7522482e-05
-6.9963329e-06
-9.4984429e-13
-6.9963316e-06
-2.7298558e-12
-1.7522479e-05
-2.295885e-12
-2.4588241e-05
9.1399733e-14
-2.8146816e-05
2.4715224e-12
-2.8146816e-05
2.8956622e-12
-2.4588241e-05
1.0360699e-12
-1.7522479e-05
-6.9963318e-06
-1.2271106e-12
-6.9963295e-06
-2.4924898e-12
-1.7522476e-05
-2.4038471e-12
-2.4588239e-05
7.9971836e-14
-2.8146817e-05
2.5694041e-12
-2.8146817e-05
2.6505033e-12
-2.458824e-05
1.3107377e-12
-1.7522477e-05
-6.9963298e-06
-9.2625285e-13
-6.9963285e-06
-2.6656106e-12
-1.7522474e-05
-2.2479339e-12
-2.4588239e-05
7.384699e-14
-2.8146819e-05
2.3929467e-12
-2.8146819e-05
2.8127892e-12
-2.458824e-05
1.0071741e-12
-1.7522475e-05
-6.9963287e-06
-1.1950979e-12
-6.9963265e-06
-2.4306157e-12
-1.7522472e-05
-2.3501132e-12
-2.4588238e-05
6.6165736e-14
-2.814682e-05
2.4921635e-12
-2.814682e-05
2.5740189e-12
-2.4588239e-05
1.2743463e-12
-1.7522472e-05
-6.9963267e-06
-9.0171248e-13
-6.9963255e-06
-2.5974842e-12
-1.752247e-05
-2.1931157e-12
-2.4588238e-05
6.3716588e-14
-2.8146822e-05
2.3202643e-12
-2.8146822e-05
2.7336196e-12
-2.4588239e-05
9.7969001e-13
-1.752247e-05
-6.9963257e-06
-1.1622045e-12
-6.9963235e-06
-2.3649973e-12
-1.7522467e-05
-2.2901888e-12
-2.4588237e-05
5.8777384e-14
-2.8146823e-05
2.4197156e-12
-2.8146823e-05
2.5002442e-12
-2.4588238e-05
1.2390074e-12
-1.7522468e-05
-6.9963238e-06
-8.7613734e-13
-6.9963226e-06
-2.525933e-12
-1.7522465e-05
-2.1327533e-12
-2.4588237e-05
5.9030847e-14
-2.8146825e-05
2.2513228e-12
-2.8146825e-05
2.6563976e-12
-2.4588238e-05
9.5271922e-13
-1.7522466e-05
-6.9963228e-06
-1.1284944e-12
-6.9963206e-06
-2.2961904e-12
-1.7522463e-05
-2.2254278e-12
-2.4588236e-05
5.5924614e-14
-2.8146826e-05
2.3501339e-12
-2.8146826e-05
2.427664e-12
-2.4588237e-05
1.2040468e-12
-1.7522463e-05
-6.9963209e-06
-8.49637e-13
-6.9963197e-06
-2.4516286e-12
-1.7522461e-05
-2.0681878e-12
-2.4588236e-05
5.8055184e-14
-2.8146828e-05
2.1844426e-12
-2.8146828e-05
2.5799164e-12
-2.4588237e-05
9.257154e-13
-1.7522462e-05
-6.99632e-06
-1.0941661e-12
-6.9963178e-06
-2.2249045e-12
-1.7522458e-05
-2.157145e-12
-2.4588235e-05
5.6044535e-14
-2.8146829e-05
2.2820259e-12
-2.8146829e-05
2.3553209e-12
-2.4588236e-05
1.1690972e-12
-1.7522459e-05
-6.9963182e-06
-8.224119e-13
-6.996317e-06
-2.3753206e-12
-1.7522457e-05
-2.00066e-12
-2.4588235e-05
5.9412032e-14
-2.8146831e-05
2.1184858e-12
-2.8146831e-05
2.5034801e-12
-2.4588236e-05
8.9839853e-13
-1.7522457e-05
-6.9963173e-06
-1.0594614e-12
-6.9963151e-06
-2.1518658e-12
-1.7522454e-05
-2.086506e-12
-2.4588234e-05
5.7946057e-14
-2.8146831e-05
2.2145066e-12
-2.8146832e-05
2.2827112e-12
-2.4588235e-05
1.134005e-12
-1.7522455e-05
-6.9963155e-06
-7.9467982e-13
-6.9963143e-06
-2.2977239e-12
-1.7522452e-05
-1.9312311e-12
-2.4588234e-05
6.2087228e-14
-2.8146833e-05
2.0527759e-12
-2.8146834e-05
2.4267772e-12
-2.4588235e-05
8.7066568e-13
-1.7522453e-05
-6.9963146e-06
-1.0246133e-12
-6.9963125e-06
-2.077736e-12
-1.752245e-05
-2.0144793e-12
-2.4588233e-05
6.0780172e-14
-2.8146834e-05
2.1470939e-12
-2.8146835e-05
2.2096542e-12
-2.4588234e-05
1.0987524e-12
-1.7522451e-05
-6.9963129e-06
-7.666434e-13
-6.9963117e-06
-2.2194678e-12
-1.7522449e-05
-1.8607634e-12
-2.4588233e-05
6.5377694e-14
-2.8146836e-05
1.9869833e-12
-2.8146836e-05
2.3497566e-12
-2.4588234e-05
8.4252358e-13
-1.752245e-05
-6.9963121e-06
-9.8982816e-13
-6.99631e-06
-2.003086e-12
-1.7522446e-05
-1.9418416e-12
-2.4588232e-05
6.3973566e-14
-2.8146837e-05
2.0795944e-12
-2.8146837e-05
2.1361811e-12
-2.4588233e-05
1.0634007e-12
-1.7522447e-05
-6.9963104e-06
-7.3847926e-13
-6.9963093e-06
-2.1410874e-12
-1.7522445e-05
-1.7899427e-12
-2.4588232e-05
6.8818784e-14
-2.8146839e-05
1.9210166e-12
-2.8146839e-05
2.2725301e-12
-2.4588233e-05
8.1404336e-13
-1.7522446e-05
-6.9963096e-06
-9.5528151e-13
-6.9963075e-06
-1.9283993e-12
-1.7522443e-05
-1.8692087e-12
-2.4588231e-05
6.7155431e-14
-2.8146839e-05
2.0120045e-12
-2.814684e-05
2.0624491e-12
-2.4588232e-05
1.0280549e-12
-1.7522444e-05
-6.996308e-06
-7.1033936e-13
-6.9963069e-06
-2.0630347e-12
-1.7522441e-05
-1.7193145e-12
-2.4588232e-05
7.2114664e-14
-2.8146841e-05
1.8549339e-12
-2.8146842e-05
2.1953026e-12
-2.4588233e-05
7.8533003e-13
-1.7522442e-05
-6.9963073e-06
-9.2112208e-13
-6.9963052e-06
-1.8540856e-12
-1.7522439e-05
-1.7970737e-12
-2.458823e-05
7.0092999e-14
-2.8146842e-05
1.9444344e-12
-2.8146842e-05
1.9886848e-12
-2.4588231e-05
9.9283836e-13
-1.752244e-05
-6.9963057e-06
-6.8235488e-13
-6.9963046e-06
-1.9856933e-12
-1.7522438e-05
-1.6493188e-12
-2.4588231e-05
7.5081364e-14
-2.8146844e-05
1.78888e-12
-2.8146844e-05
2.1183227e-12
-2.4588232e-05
7.5650301e-13
-1.7522439e-05
-6.996305e-06
-8.8747644e-13
-6.996303e-06
-1.7804959e-12
-1.7522436e-05
-1.7258369e-12
-2.458823e-05
7.2643294e-14
-2.8146844e-05
1.8770554e-12
-2.8146845e-05
1.9151424e-12
-2.4588231e-05
9.5787881e-13
-1.7522437e-05
-6.9963035e-06
-6.546405e-13
-6.9963024e-06
-1.9093913e-12
-1.7522434e-05
-1.5803165e-12
-2.458823e-05
7.7606884e-14
-2.8146846e-05
1.723041e-12
-2.8146846e-05
2.0418521e-12
-2.4588231e-05
7.2768417e-13
-1.7522436e-05
-6.9963029e-06
-8.5445255e-13
-6.9963009e-06
-1.7079321e-12
-1.7522432e-05
-1.6558284e-12
-2.4588229e-05
7.4720507e-14
-2.8146847e-05
1.8100635e-12
-2.8146847e-05
1.8420806e-12
-2.458823e-05
9.2329851e-13
-1.7522434e-05
-6.9963014e-06
-6.272958e-13
-6.9963003e-06
-1.83441e-12
-1.7522431e-05
-1.5126061e-12
-2.4588229e-05
7.962477e-14
-2.8146848e-05
1.657617e-12
-2.8146849e-05
1.9661453e-12
-2.458823e-05
6.9899124e-13
-1.7522432e-05
-6.9963008e-06
-8.2214162e-13
-6.9962988e-06
-1.6366532e-12
-1.7522429e-05
-1.5873206e-12
-2.4588228e-05
7.6275503e-14
-2.8146849e-05
1.7436585e-12
-2.8146849e-05
1.7697455e-12
-2.4588229e-05
8.8921046e-13
-1.7522431e-05
-6.9962993e-06
-6.0040751e-13
-6.9962983e-06
-1.7609875e-12
-1.7522428e-05
-1.4464338e-12
-2.4588229e-05
8.1099143e-14
-2.8146851e-05
1.5928048e-12
-2.8146851e-05
1.8914386e-12
-2.458823e-05
6.7053281e-13
-1.7522429e-05
-6.9962988e-06
-7.9061898e-13
-6.9962969e-06
-1.5668779e-12
-1.7522426e-05
-1.520535e-12
-2.4588228e-05
7.7284545e-14
-2.8146851e-05
1.6780311e-12
-2.8146852e-05
1.6983629e-12
-2.4588229e-05
8.5571446e-13
-1.7522428e-05
-6.9962974e-06
-5.7404819e-13
-6.9962964e-06
-1.6893209e-12
-1.7522425e-05
-1.3819977e-12
-2.4588228e-05
8.2015903e-14
-2.8146853e-05
1.5287893e-12
-2.8146853e-05
1.8179438e-12
-2.4588229e-05
6.4240634e-13
-1.7522426e-05
-6.9962969e-06
-7.5994485e-13
-6.996295e-06
-1.4987853e-12
-1.7522424e-05
-1.4556467e-12
-2.4588227e-05
7.7743184e-14
-2.8146853e-05
1.6133567e-12
-2.8146854e-05
1.6281335e-12
-2.4588228e-05
8.2289643e-13
-1.7522425e-05
-6.9962955e-06
-5.4827797e-13
-6.9962946e-06
-1.6195669e-12
-1.7522423e-05
-1.3194514e-12
-2.4588228e-05
8.2378719e-14
-2.8146855e-05
1.4657385e-12
-2.8146855e-05
1.7458453e-12
-2.4588229e-05
6.1469771e-13
-1.7522424e-05
-6.996295e-06
-7.3016479e-13
-6.9962932e-06
-1.432516e-12
-1.7522421e-05
-1.3927861e-12
-2.4588227e-05
7.766301e-14
-2.8146855e-05
1.5497921e-12
-2.8146856e-05
1.5592319e-12
-2.4588228e-05
7.9082875e-13
-1.7522422e-05
-6.9962937e-06
-5.2314342e-13
-6.9962929e-06
-1.5518439e-12
-1.752242e-05
-1.2589056e-12
-2.4588227e-05
8.2206073e-14
-2.8146857e-05
1.4038023e-12
-2.8146857e-05
1.6753002e-12
-2.4588228e-05
5.8748053e-13
-1.7522421e-05
-6.9962933e-06
-7.0130962e-13
-6.9962915e-06
-1.3681741e-12
-1.7522418e-05
-1.3320419e-12
-2.4588226e-05
7.706979e-14
-2.8146857e-05
1.4874756e-12
-2.8146858e-05
1.4918048e-12
-2.4588227e-05
7.5956986e-13
-1.752242e-05
-6.996292e-06
-4.9867877e-13
-6.9962912e-06
-1.4862333e-12
-1.7522418e-05
-1.2004312e-12
-2.4588227e-05
8.1529703e-14
-2.8146859e-05
1.3431113e-12
-2.8146859e-05
1.6064377e-12
-2.4588228e-05
5.6081637e-13
-1.7522419e-05
-6.9962916e-06
-6.7339756e-13
-6.9962899e-06
-1.3058286e-12
-1.7522416e-05
-1.2734645e-12
-2.4588226e-05
7.6000801e-14
-2.8146859e-05
1.4265254e-12
-2.814686e-05
1.4259735e-12
-2.4588227e-05
7.2916517e-13
-1.7522417e-05
-6.9962904e-06
-4.7490633e-13
-6.9962896e-06
-1.4227827e-12
-1.7522415e-05
-1.1440629e-12
-2.4588226e-05
8.0391748e-14
-2.8146861e-05
1.2837767e-12
-2.8146861e-05
1.5393603e-12
-2.4588227e-05
5.34755e-13
-1.7522416e-05
-6.99629e-06
-6.4643436e-13
-6.9962884e-06
-1.2455167e-12
-1.7522414e-05
-1.2170691e-12
-2.4588225e-05
7.4502593e-14
-2.8146861e-05
1.3670407e-12
-2.8146861e-05
1.3618329e-12
-2.4588226e-05
6.9964808e-13
-1.7522415e-05
-6.9962889e-06
-4.5183811e-13
-6.9962881e-06
-1.3615092e-12
-1.7522413e-05
-1.0898034e-12
-2.4588226e-05
7.8842742e-14
-2.8146862e-05
1.2258906e-12
-2.8146863e-05
1.4741459e-12
-2.4588227e-05
5.0933574e-13
-1.7522414e-05
-6.9962885e-06
-6.2041596e-13
-6.9962869e-06
-1.187248e-12
-1.7522412e-05
-1.1628416e-12
-2.4588225e-05
7.262881e-14
-2.8146863e-05
1.3091013e-12
-2.8146863e-05
1.299455e-12
-2.4588226e-05
6.7104062e-13
-1.7522413e-05
-6.9962874e-06
-4.2947716e-13
-6.9962867e-06
-1.3024038e-12
-1.7522411e-05
-1.0376279e-12
-2.4588226e-05
7.6938541e-14
-2.8146864e-05
1.1695271e-12
-2.8146864e-05
1.4108488e-12
-2.4588226e-05
4.8458723e-13
-1.7522412e-05
-6.9962871e-06
-5.953294e-13
-6.9962855e-06
-1.1310078e-12
-1.7522409e-05
-1.1107426e-12
-2.4588225e-05
7.0437141e-14
-2.8146864e-05
1.2527689e-12
-2.8146865e-05
1.2388892e-12
-2.4588226e-05
6.4335465e-13
-1.752241e-05
-6.996286e-06
-4.0781869e-13
-6.9962854e-06
-1.2454355e-12
-1.7522409e-05
-9.8748984e-13
-2.4588225e-05
7.4738324e-14
-2.8146866e-05
1.1147414e-12
-2.8146866e-05
1.3495021e-12
-2.4588226e-05
4.6052953e-13
-1.752241e-05
-6.9962857e-06
-5.7115446e-13
-6.9962842e-06
-1.0767623e-12
-1.7522408e-05
-1.0607133e-12
-2.4588224e-05
6.7987061e-14
-2.8146866e-05
1.1980874e-12
-2.8146866e-05
1.180165e-12
-2.4588225e-05
6.1659357e-13
-1.7522408e-05
-6.9962846e-06
-3.8685127e-13
-6.9962841e-06
-1.1905557e-12
-1.7522407e-05
-9.3932562e-13
-2.4588225e-05
7.2301678e-14
-2.8146867e-05
1.0615725e-12
-2.8146868e-05
1.2901197e-12
-2.4588226e-05
4.3717401e-13
-1.7522408e-05
-6.9962844e-06
-5.4786504e-13
-6.9962829e-06
-1.024462e-12
-1.7522406e-05
-1.0126804e-12
-2.4588224e-05
6.5337509e-14
-2.8146868e-05
1.1450848e-12
-2.8146868e-05
1.1232937e-12
-2.4588225e-05
5.9075229e-13
-1.7522407e-05
-6.9962834e-06
-3.6655908e-13
-6.9962828e-06
-1.1377024e-12
-1.7522405e-05
-8.9305915e-13
-2.4588225e-05
6.9686571e-14
-2.8146869e-05
1.0100435e-12
-2.8146869e-05
1.2326982e-12
-2.4588225e-05
4.1452486e-13
-1.7522406e-05
-6.9962831e-06
-5.2543135e-13
-6.9962817e-06
-9.7404602e-13
-1.7522404e-05
-9.665596e-13
-2.4588224e-05
6.254442e-14
-2.8146869e-05
1.0937737e-12
-2.8146869e-05
1.0682711e-12
-2.4588225e-05
5.6581927e-13
-1.7522405e-05
-6.9962821e-06
-3.4692223e-13
-6.9962817e-06
-1.0868037e-12
-1.7522403e-05
-8.4860591e-13
-2.4588224e-05
6.6947675e-14
-2.814687e-05
9.6016285e-13
-2.8146871e-05
1.1772203e-12
-2.4588225e-05
3.9258015e-13
-1.7522404e-05
-6.996282e-06
-5.038205e-13
-6.9962806e-06
-9.2544504e-13
-1.7522402e-05
-9.2226049e-13
-2.4588223e-05
5.9660455e-14
-2.814687e-05
1.0441531e-12
-2.8146871e-05
1.0150794e-12
-2.4588224e-05
5.4177738e-13
-1.7522403e-05
-6.996281e-06
-3.2791903e-13
-6.9962806e-06
-1.0377812e-12
-1.7522402e-05
-8.0587652e-13
-2.4588224e-05
6.4135118e-14
-2.8146872e-05
9.1192631e-13
-2.8146872e-05
1.1236559e-12
-2.4588225e-05
3.7133251e-13
-1.7522403e-05
-6.9962808e-06
-4.8299824e-13
-6.9962795e-06
-8.7858493e-13
-1.7522401e-05
-8.7968947e-13
-2.4588223e-05
5.6732744e-14
-2.8146872e-05
9.9620995e-13
-2.8146872e-05
9.6368948e-13
-2.4588224e-05
5.1860515e-13
-1.7522401e-05
-6.9962799e-06
-3.0952563e-13
-6.9962795e-06
-9.905529e-13
-1.75224e-05
-7.6478025e-13
-2.4588224e-05
6.129397e-14
-2.8146873e-05
8.6531836e-13
-2.8146873e-05
1.0719649e-12
-2.4588225e-05
3.5077064e-13
-1.7522401e-05
-6.9962798e-06
-4.6292925e-13
-6.9962785e-06
-8.3338883e-13
-1.7522399e-05
-8.3875257e-13
-2.4588223e-05
5.3803254e-14
-2.8146873e-05
9.4992096e-13
-2.8146873e-05
9.1406302e-13
-2.4588224e-05
4.962774e-13
-1.75224e-05
-6.9962789e-06
-2.9171788e-13
-6.9962785e-06
-9.4503523e-13
-1.7522399e-05
-7.2522707e-13
-2.4588224e-05
5.8463424e-14
-2.8146874e-05
8.2031403e-13
-2.8146875e-05
1.022099e-12
-2.4588224e-05
3.3087967e-13
-1.75224e-05
-6.9962788e-06
-4.4357832e-13
-6.9962775e-06
-7.8977923e-13
-1.7522398e-05
-7.9935813e-13
-2.4588223e-05
5.0907934e-14
-2.8146874e-05
9.0525433e-13
-2.8146875e-05
8.6615427e-13
-2.4588224e-05
4.7476673e-13
-1.7522398e-05
-6.9962779e-06
-2.7447136e-13
-6.9962776e-06
-9.0114572e-13
-1.7522397e-05
-6.8712936e-13
-2.4588224e-05
5.5676465e-14
-2.8146876e-05
7.7688038e-13
-2.8146876e-05
9.7400403e-13
-2.4588224e-05
3.1164211e-13
-1.7522398e-05
-6.9962778e-06
-4.2491104e-13
-6.9962766e-06
-7.4768043e-13
-1.7522396e-05
-7.6141697e-13
-2.4588223e-05
4.8076148e-14
-2.8146876e-05
8.6217136e-13
-2.8146876e-05
8.1991258e-13
-2.4588223e-05
4.5404354e-13
-1.7522397e-05
-6.9962769e-06
-2.5776231e-13
-6.9962767e-06
-8.5880378e-13
-1.7522396e-05
-6.5040354e-13
-2.4588223e-05
5.2960169e-14
-2.8146877e-05
7.3497848e-13
-2.8146877e-05
9.2762207e-13
-2.4588224e-05
2.9303886e-13
-1.7522397e-05
-6.9962769e-06
-4.0689391e-13
-6.9962757e-06
-7.0701891e-13
-1.7522395e-05
-7.2484537e-13
-2.4588223e-05
4.5332278e-14
-2.8146877e-05
8.2062814e-13
-2.8146877e-05
7.7528425e-13
-2.4588223e-05
4.3407745e-13
-1.7522396e-05
-6.9962761e-06
-2.4156776e-13
-6.9962758e-06
-8.1793221e-13
-1.7522395e-05
-6.1497117e-13
-2.4588223e-05
5.0336354e-14
-2.8146878e-05
6.945652e-13
-2.8146878e-05
8.8289228e-13
-2.4588224e-05
2.7504963e-13
-1.7522395e-05
-6.996276e-06
-3.8949511e-13
-6.9962749e-06
-6.6772489e-13
-1.7522394e-05
-6.8956464e-13
-2.4588222e-05
4.269518e-14
-2.8146878e-05
7.8057734e-13
-2.8146878e-05
7.3221275e-13
-2.4588223e-05
4.1483813e-13
-1.7522395e-05
-6.9962752e-06
-2.2586636e-13
-6.996275e-06
-7.7845771e-13
-1.7522394e-05
-5.8075951e-13
-2.4588223e-05
4.7822099e-14
-2.8146879e-05
6.5559386e-13
-2.8146879e-05
8.3975292e-13
-2.4588224e-05
2.5765402e-13
-1.7522394e-05
-6.9962752e-06
-3.7268484e-13
-6.9962741e-06
-6.2973241e-13
-1.7522393e-05
-6.5550256e-13
-2.4588222e-05
4.0179035e-14
-2.8146879e-05
7.4196912e-13
-2.8146879e-05
6.9064174e-13
-2.4588223e-05
3.9629509e-13
-1.7522393e-05
-6.9962744e-06
-2.1063764e-13
-6.9962742e-06
-7.4031208e-13
-1.7522393e-05
-5.4770209e-13
-2.4588223e-05
4.542928e-14
-2.814688e-05
6.1801635e-13
-2.814688e-05
7.9814273e-13
-2.4588223e-05
2.4083119e-13
-1.7522393e-05
-6.9962744e-06
-3.564346e-13
-6.9962734e-06
-5.9298097e-13
-1.7522392e-05
-6.2259286e-13
-2.4588222e-05
3.779338e-14
-2.814688e-05
7.0475278e-13
-2.814688e-05
6.5051498e-13
-2.4588223e-05
3.7841856e-13
-1.7522392e-05
-6.9962737e-06
-1.9586302e-13
-6.9962735e-06
-7.0343203e-13
-1.7522392e-05
-5.1573826e-13
-2.4588223e-05
4.3165876e-14
-2.8146881e-05
5.8178411e-13
-2.8146881e-05
7.5800113e-13
-2.4588223e-05
2.2456086e-13
-1.7522392e-05
-6.9962737e-06
-3.4071864e-13
-6.9962727e-06
-5.5741449e-13
-1.7522391e-05
-5.9077562e-13
-2.4588222e-05
3.5544379e-14
-2.8146881e-05
6.6887766e-13
-2.8146881e-05
6.1177763e-13
-2.4588222e-05
3.6117971e-13
-1.7522391e-05
-6.9962729e-06
-1.8152608e-13
-6.9962728e-06
-6.6775959e-13
-1.7522391e-05
-4.848139e-13
-2.4588223e-05
4.1036745e-14
-2.8146882e-05
5.4684904e-13
-2.8146882e-05
7.1926982e-13
-2.4588223e-05
2.0882371e-13
-1.7522391e-05
-6.996273e-06
-3.2551311e-13
-6.996272e-06
-5.2298268e-13
-1.752239e-05
-5.5999743e-13
-2.4588222e-05
3.3435001e-14
-2.8146881e-05
6.3429412e-13
-2.8146882e-05
5.7437743e-13
-2.4588222e-05
3.4455137e-13
-1.752239e-05
-6.9962723e-06
-1.6761175e-13
-6.9962722e-06
-6.3324251e-13
-1.752239e-05
-4.5488104e-13
-2.4588223e-05
3.904394e-14
-2.8146882e-05
5.1316424e-13
-2.8146883e-05
6.8189359e-13
-2.4588223e-05
1.9360143e-13
-1.752239e-05
-6.9962723e-06
-3.1079643e-13
-6.9962714e-06
-4.896404e-13
-1.7522389e-05
-5.3021086e-13
-2.4588222e-05
3.1465597e-14
-2.8146882e-05
6.0095449e-13
-2.8146882e-05
5.3826518e-13
-2.4588222e-05
3.2850785e-13
-1.7522389e-05
-6.9962716e-06
-1.5410688e-13
-6.9962716e-06
-5.9983417e-13
-1.7522389e-05
-4.2589746e-13
-2.4588222e-05
3.7186718e-14
-2.8146883e-05
4.8068526e-13
-2.8146883e-05
6.4582081e-13
-2.4588223e-05
1.7887709e-13
-1.7522389e-05
-6.9962717e-06
-2.9654904e-13
-6.9962708e-06
-4.5734787e-13
-1.7522388e-05
-5.0137441e-13
-2.4588222e-05
2.9634634e-14
-2.8146883e-05
5.6881378e-13
-2.8146883e-05
5.033954e-13
-2.4588222e-05
3.1302523e-13
-1.7522388e-05
-6.996271e-06
-1.4100049e-13
-6.996271e-06
-5.6749322e-13
-1.7522388e-05
-3.9782706e-13
-2.4588222e-05
3.5463501e-14
-2.8146884e-05
4.4937064e-13
-2.8146884e-05
6.1100392e-13
-2.4588223e-05
1.646355e-13
-1.7522388e-05
-6.9962712e-06
-2.8275412e-13
-6.9962703e-06
-4.2607093e-13
-1.7522387e-05
-4.734526e-13
-2.4588222e-05
2.7939336e-14
-2.8146884e-05
5.3783046e-13
-2.8146884e-05
4.6972668e-13
-2.4588222e-05
2.980819e-13
-1.7522388e-05
-6.9962705e-06
-1.2828352e-13
-6.9962705e-06
-5.3618401e-13
-1.7522387e-05
-3.7063894e-13
-2.4588222e-05
3.387072e-14
-2.8146885e-05
4.1918241e-13
-2.8146885e-05
5.7739998e-13
-2.4588223e-05
1.5086315e-13
-1.7522388e-05
-6.9962706e-06
-2.6939661e-13
-6.9962697e-06
-3.9578031e-13
-1.7522386e-05
-4.4641506e-13
-2.4588221e-05
2.6375573e-14
-2.8146884e-05
5.079666e-13
-2.8146885e-05
4.3722254e-13
-2.4588222e-05
2.8365831e-13
-1.7522387e-05
-6.99627e-06
-1.1594862e-13
-6.99627e-06
-5.0587632e-13
-1.7522386e-05
-3.4430794e-13
-2.4588222e-05
3.2404492e-14
-2.8146885e-05
3.9008659e-13
-2.8146886e-05
5.4497076e-13
-2.4588223e-05
1.3754865e-13
-1.7522387e-05
-6.9962701e-06
-2.5646372e-13
-6.9962692e-06
-3.6645265e-13
-1.7522386e-05
-4.2023731e-13
-2.4588221e-05
2.4938804e-14
-2.8146885e-05
4.7918911e-13
-2.8146885e-05
4.0585102e-13
-2.4588222e-05
2.6973724e-13
-1.7522386e-05
-6.9962695e-06
-1.0399027e-13
-6.9962695e-06
-4.7654535e-13
-1.7522386e-05
-3.1881388e-13
-2.4588222e-05
3.1060044e-14
-2.8146886e-05
3.620538e-13
-2.8146886e-05
5.1368375e-13
-2.4588222e-05
1.2468236e-13
-1.7522386e-05
-6.9962696e-06
-2.4394513e-13
-6.9962688e-06
-3.3806913e-13
-1.7522385e-05
-3.9489949e-13
-2.4588221e-05
2.3624137e-14
-2.8146886e-05
4.5146891e-13
-2.8146886e-05
3.7558587e-13
-2.4588222e-05
2.5630373e-13
-1.7522385e-05
-6.996269e-06
-9.2405486e-14
-6.9962691e-06
-4.4817143e-13
-1.7522385e-05
-2.941411e-13
-2.4588222e-05
2.9832702e-14
-2.8146887e-05
3.3505934e-13
-2.8146887e-05
4.8351168e-13
-2.4588222e-05
1.1225693e-13
-1.7522385e-05
-6.9962692e-06
-2.3183244e-13
-6.9962684e-06
-3.1061656e-13
-1.7522384e-05
-3.7038652e-13
-2.4588221e-05
2.2426546e-14
-2.8146886e-05
4.2478247e-13
-2.8146886e-05
3.4640577e-13
-2.4588222e-05
2.4334552e-13
-1.7522385e-05
-6.9962686e-06
-8.1192469e-14
-6.9962686e-06
-4.2074059e-13
-1.7522384e-05
-2.7027916e-13
-2.4588222e-05
2.8717971e-14
-2.8146887e-05
3.0908332e-13
-2.8146887e-05
4.5443264e-13
-2.4588222e-05
1.0026715e-13
-1.7522385e-05
-6.9962687e-06
-2.2011976e-13
-6.996268e-06
-2.8408636e-13
-1.7522384e-05
-3.4668874e-13
-2.4588221e-05
2.1341411e-14
-2.8146887e-05
3.9911075e-13
-2.8146887e-05
3.182952e-13
-2.4588221e-05
2.308524e-13
-1.7522384e-05
-6.9962681e-06
-7.0352089e-14
-6.9962683e-06
-3.9424314e-13
-1.7522384e-05
-2.472223e-13
-2.4588222e-05
2.7711066e-14
-2.8146888e-05
2.8411102e-13
-2.8146888e-05
4.2643048e-13
-2.4588222e-05
8.8710317e-14
-1.7522384e-05
-6.9962683e-06
-2.0880303e-13
-6.9962676e-06
-2.5847543e-13
-1.7522383e-05
-3.2380046e-13
-2.4588221e-05
2.0363607e-14
-2.8146887e-05
3.7444013e-13
-2.8146887e-05
2.9124394e-13
-2.4588221e-05
2.1881742e-13
-1.7522384e-05
-6.9962678e-06
-5.9886366e-14
-6.9962679e-06
-3.6867564e-13
-1.7522383e-05
-2.2496911e-13
-2.4588222e-05
2.6807543e-14
-2.8146888e-05
2.6013242e-13
-2.8146888e-05
3.9949503e-13
-2.4588222e-05
7.7585404e-14
-1.7522384e-05
-6.996268e-06
-1.9788063e-13
-6.9962672e-06
-2.3378561e-13
-1.7522383e-05
-3.0172139e-13
-2.4588221e-05
1.9488945e-14
-2.8146888e-05
3.5076189e-13
-2.8146888e-05
2.652473e-13
-2.4588221e-05
2.0723549e-13
-1.7522383e-05
-6.9962674e-06
-4.9799788e-14
-6.9962676e-06
-3.4403955e-13
-1.7522383e-05
-2.0352284e-13
-2.4588222e-05
2.6003073e-14
-2.8146888e-05
2.3714284e-13
-2.8146888e-05
3.736211e-13
-2.4588222e-05
6.6894322e-14
-1.7522383e-05
-6.9962676e-06
-1.8735302e-13
-6.9962669e-06
-2.1002371e-13
-1.7522382e-05
-2.8045521e-13
-2.4588221e-05
1.8712618e-14
-2.8146888e-05
3.2807214e-13
-2.8146888e-05
2.4030592e-13
-2.4588221e-05
1.9610429e-13
-1.7522383e-05
-6.9962671e-06
-4.0098457e-14
-6.9962672e-06
-3.2034084e-13
-1.7522382e-05
-1.8289129e-13
-2.4588222e-05
2.5293348e-14
-2.8146889e-05
2.1514139e-13
-2.8146889e-05
3.4880923e-13
-2.4588222e-05
5.6639933e-14
-1.7522383e-05
-6.9962673e-06
-1.7722277e-13
-6.9962666e-06
-1.872008e-13
-1.7522382e-05
-2.6001061e-13
-2.4588221e-05
1.8030009e-14
-2.8146888e-05
3.0637094e-13
-2.8146888e-05
2.1642488e-13
-2.4588221e-05
1.8542328e-13
-1.7522382e-05
-6.9962668e-06
-3.0790324e-14
-6.996267e-06
-2.9759075e-13
-1.7522382e-05
-1.6308661e-13
-2.4588222e-05
2.4673206e-14
-2.8146889e-05
1.9413135e-13
-2.8146889e-05
3.250639e-13
-2.4588222e-05
4.682781e-14
-1.7522382e-05
-6.996267e-06
-1.6749453e-13
-6.9962663e-06
-1.6533316e-13
-1.7522381e-05
-2.4040088e-13
-2.4588221e-05
1.7435355e-14
-2.8146889e-05
2.8566212e-13
-2.8146889e-05
1.9361321e-13
-2.4588221e-05
1.7519435e-13
-1.7522382e-05
-6.9962665e-06
-2.1884677e-14
-6.9962667e-06
-2.7580517e-13
-1.7522382e-05
-1.44126e-13
-2.4588221e-05
2.4136646e-14
-2.8146889e-05
1.7411881e-13
-2.8146889e-05
3.0239388e-13
-2.4588222e-05
3.7464466e-14
-1.7522382e-05
-6.9962668e-06
-1.581748e-13
-6.9962661e-06
-1.4444111e-13
-1.7522381e-05
-2.2164408e-13
-2.4588221e-05
1.6921781e-14
-2.8146889e-05
2.6595167e-13
-2.8146889e-05
1.7188398e-13
-2.4588221e-05
1.6542097e-13
-1.7522381e-05
-6.9962662e-06
-1.3392801e-14
-6.9962665e-06
-2.5500426e-13
-1.7522381e-05
-1.2603087e-13
-2.4588221e-05
2.3676086e-14
-2.814689e-05
1.5511165e-13
-2.814689e-05
2.8081132e-13
-2.4588222e-05
2.8557871e-14
-1.7522381e-05
-6.9962665e-06
-1.4927211e-13
-6.9962659e-06
-1.2454893e-13
-1.7522381e-05
-2.0376283e-13
-2.4588221e-05
1.6480477e-14
-2.8146889e-05
2.4724716e-13
-2.8146889e-05
1.5125179e-13
-2.4588221e-05
1.5610809e-13
-1.7522381e-05
-6.996266e-06
-5.3266847e-15
-6.9962662e-06
-2.3521279e-13
-1.7522381e-05
-1.0882706e-13
-2.4588221e-05
2.3281311e-14
-2.814689e-05
1.3711818e-13
-2.814689e-05
2.6032956e-13
-2.4588222e-05
2.0116749e-14
-1.7522381e-05
-6.9962663e-06
-1.4079624e-13
-6.9962656e-06
-1.0568501e-13
-1.752238e-05
-1.867846e-13
-2.458822e-05
1.6099455e-14
-2.8146889e-05
2.2955599e-13
-2.8146889e-05
1.3173226e-13
-2.4588221e-05
1.4726154e-13
-1.7522381e-05
-6.9962658e-06
2.3001881e-15
-6.996266e-06
-2.164587e-13
-1.7522381e-05
-9.2545439e-14
-2.4588221e-05
2.2938802e-14
-2.814689e-05
1.2014559e-13
-2.814689e-05
2.4096266e-13
-2.4588221e-05
1.2149844e-14
-1.7522381e-05
-6.9962661e-06
-1.3275883e-13
-6.9962654e-06
-8.7880125e-14
-1.752238e-05
-1.7074155e-13
-2.458822e-05
1.5763098e-14
-2.814689e-05
2.1288307e-13
-2.814689e-05
1.1334036e-13
-2.4588221e-05
1.3888744e-13
-1.752238e-05
-6.9962656e-06
9.4739499e-15
-6.9962658e-06
-1.9877337e-13
-1.752238e-05
-7.7220821e-14
-2.4588221e-05
2.2630449e-14
-2.814689e-05
1.0419756e-13
-2.814689e-05
2.2272321e-13
-2.4588221e-05
4.6651851e-15
-1.7522381e-05
-6.9962659e-06
-1.2517201e-13
-6.9962653e-06
-7.1168253e-14
-1.752238e-05
-1.5567036e-13
-2.458822e-05
1.5450377e-14
-2.814689e-05
1.9722948e-13
-2.814689e-05
9.6088148e-14
-2.4588221e-05
1.3099129e-13
-1.752238e-05
-6.9962654e-06
1.618011e-14
-6.9962657e-06
-1.8219076e-13
-1.752238e-05
-6.2892393e-14
-2.4588221e-05
2.2332197e-14
-2.814689e-05
8.9272259e-14
-2.814689e-05
2.056205e-13
-2.4588221e-05
-2.3304675e-15
-1.752238e-05
-6.9962657e-06
-1.1804943e-13
-6.9962651e-06
-5.5584562e-14
-1.752238e-05
-1.4161201e-13
-2.458822e-05
1.5133801e-14
-2.814689e-05
1.8258926e-13
-2.814689e-05
7.9982888e-14
-2.458822e-05
1.2357757e-13
-1.752238e-05
-6.9962652e-06
2.2404492e-14
-6.9962655e-06
-1.6674614e-13
-1.752238e-05
-4.9603417e-14
-2.4588221e-05
2.2013063e-14
-2.8146891e-05
7.5359428e-14
-2.8146891e-05
1.8965794e-13
-2.4588221e-05
-8.8329179e-15
-1.752238e-05
-6.9962655e-06
-1.1140442e-13
-6.996265e-06
-4.1165029e-14
-1.7522379e-05
-1.2861133e-13
-2.458822e-05
1.4778493e-14
-2.814689e-05
1.6894722e-13
-2.814689e-05
6.5024748e-14
-2.458822e-05
1.1664833e-13
-1.752238e-05
-6.9962651e-06
2.813344e-14
-6.9962654e-06
-1.5247509e-13
-1.752238e-05
-3.7400361e-14
-2.4588221e-05
2.1633765e-14
-2.8146891e-05
6.2438369e-14
-2.8146891e-05
1.7483096e-13
-2.4588221e-05
-1.4841161e-14
-1.752238e-05
-6.9962654e-06
-1.0525035e-13
-6.9962648e-06
-2.79444e-14
-1.7522379e-05
-1.1671653e-13
-2.458822e-05
1.4340554e-14
-2.814689e-05
1.5627652e-13
-2.814689e-05
5.1203602e-14
-2.458822e-05
1.1020303e-13
-1.7522379e-05
-6.9962649e-06
3.3355067e-14
-6.9962653e-06
-1.3941237e-13
-1.752238e-05
-2.6331959e-14
-2.4588221e-05
2.1145835e-14
-2.8146891e-05
5.0474755e-14
-2.8146891e-05
1.6112433e-13
-2.4588221e-05
-2.0358484e-14
-1.752238e-05
-6.9962653e-06
-9.9599434e-14
-6.9962647e-06
-1.5955287e-14
-1.7522379e-05
-1.0597745e-13
-2.458822e-05
1.3767238e-14
-2.814689e-05
1.4453556e-13
-2.814689e-05
3.8497399e-14
-2.458822e-05
1.0423631e-13
-1.7522379e-05
-6.9962648e-06
3.8059188e-14
-6.9962651e-06
-1.2758946e-13
-1.7522379e-05
-1.6447663e-14
-2.4588221e-05
2.0491927e-14
-2.8146891e-05
3.9418688e-14
-2.8146891e-05
1.4850962e-13
-2.4588221e-05
-2.5394041e-14
-1.7522379e-05
-6.9962651e-06
-9.4462184e-14
-6.9962646e-06
-5.2251776e-15
-1.7522379e-05
-9.6443992e-14
-2.458822e-05
1.2996416e-14
-2.814689e-05
1.3366691e-13
-2.814689e-05
2.6868639e-14
-2.458822e-05
9.8738049e-14
-1.7522379e-05
-6.9962647e-06
4.2239333e-14
-6.996265e-06
-1.1703214e-13
-1.7522379e-05
-7.7946175e-15
-2.4588221e-05
1.9605323e-14
-2.8146891e-05
2.9202749e-14
-2.8146891e-05
1.3694267e-13
-2.4588221e-05
-2.9963351e-14
-1.7522379e-05
-6.996265e-06
-8.9845917e-14
-6.9962645e-06
4.2261744e-15
-1.7522379e-05
-8.8161554e-14
-2.458822e-05
1.1957597e-14
-2.814689e-05
1.235947e-13
-2.814689e-05
1.6263228e-14
-2.458822e-05
9.3691531e-14
-1.7522379e-05
-6.9962646e-06
4.589328e-14
-6.9962649e-06
-1.0775684e-13
-1.7522379e-05
-4.1371909e-16
-2.4588221e-05
1.8412455e-14
-2.8146891e-05
1.9740621e-14
-2.8146891e-05
1.2636207e-13
-2.4588221e-05
-3.4089435e-14
-1.7522379e-05
-6.9962649e-06
-8.5753327e-14
-6.9962644e-06
1.2391287e-14
-1.7522378e-05
-8.1167485e-14
-2.458822e-05
1.0574927e-14
-2.814689e-05
1.1422484e-13
-2.814689e-05
6.6076468e-15
-2.458822e-05
8.9073113e-14
-1.7522379e-05
-6.9962645e-06
4.9025866e-14
-6.9962649e-06
-9.9765652e-14
-1.7522379e-05
5.6662642e-15
-2.4588221e-05
1.6836387e-14
-2.8146891e-05
1.0927788e-14
-2.8146891e-05
1.1668714e-13
-2.4588221e-05
-3.7804316e-14
-1.7522379e-05
-6.9962648e-06
-8.2180158e-14
-6.9962643e-06
1.9280784e-14
-1.7522378e-05
-7.548339e-14
-2.458822e-05
8.7721099e-15
-2.814689e-05
1.054458e-13
-2.814689e-05
-2.191483e-15
-2.458822e-05
8.485083e-14
-1.7522378e-05
-6.9962644e-06
5.165069e-14
-6.9962648e-06
-9.3039425e-14
-1.7522379e-05
1.0436593e-14
-2.4588221e-05
1.4803103e-14
-2.8146891e-05
2.6432388e-15
-2.8146891e-05
1.0781746e-13
-2.4588221e-05
-4.1148719e-14
-1.7522379e-05
-6.9962647e-06
-7.9112356e-14
-6.9962643e-06
2.4930928e-14
-1.7522378e-05
-7.1105446e-14
-2.458822e-05
6.4795005e-15
-2.814689e-05
9.71322e-14
-2.814689e-05
-1.0247959e-14
-2.458822e-05
8.0984052e-14
-1.7522378e-05
-6.9962643e-06
5.379393e-14
-6.9962647e-06
-8.7529173e-14
-1.7522379e-05
1.3920188e-14
-2.458822e-05
1.2250758e-14
-2.8146891e-05
-5.2457933e-15
-2.8146891e-05
9.9633453e-14
-2.458822e-05
-4.4173457e-14
-1.7522379e-05
-6.9962647e-06
-7.652188e-14
-6.9962642e-06
2.9412885e-14
-1.7522378e-05
-6.7991224e-14
-2.458822e-05
3.6452318e-15
-2.814689e-05
8.9150302e-14
-2.814689e-05
-1.7693776e-14
-2.458822e-05
7.7422871e-14
-1.7522378e-05
-6.9962642e-06
5.5497941e-14
-6.9962646e-06
-8.3145242e-14
-1.7522378e-05
1.6186674e-14
-2.458822e-05
9.1422798e-15
-2.8146891e-05
-1.2876238e-14
-2.8146891e-05
9.199907e-14
-2.458822e-05
-4.6938837e-14
-1.7522378e-05
-6.9962646e-06
-7.4362936e-14
-6.9962641e-06
3.284549e-14
-1.7522378e-05
-6.6043108e-14
-2.458822e-05
2.5082838e-16
-2.814689e-05
8.136777e-14
-2.814689e-05
-2.4676287e-14
-2.458822e-05
7.4108643e-14
-1.7522378e-05
-6.9962642e-06
5.682686e-14
-6.9962646e-06
-7.9744611e-14
-1.7522378e-05
1.7370156e-14
-2.458822e-05
5.483022e-15
-2.8146891e-05
-2.037782e-14
-2.8146891e-05
8.4766555e-14
-2.458822e-05
-4.9513943e-14
-1.7522378e-05
-6.9962645e-06
-7.2565198e-14
-6.996264e-06
3.5407989e-14
-1.7522378e-05
-6.5088944e-14
-2.4588219e-05
-3.6707932e-15
-2.814689e-05
7.3667634e-14
-2.814689e-05
-3.1350304e-14
-2.4588219e-05
7.0975108e-14
-1.7522378e-05
-6.9962641e-06
5.7871186e-14
-6.9962645e-06
-7.7115612e-14
-1.7522378e-05
1.7688931e-14
-2.458822e-05
1.3417799e-15
-2.8146891e-05
-2.7856616e-14
-2.8146891e-05
7.7784955e-14
-2.458822e-05
-5.1973811e-14
-1.7522378e-05
-6.9962645e-06
-7.1028738e-14
-6.996264e-06
3.7353963e-14
-1.7522378e-05
-6.4861479e-14
-2.4588219e-05
-8.0112757e-15
-2.814689e-05
6.5965791e-14
-2.814689e-05
-3.7869259e-14
-2.4588219e-05
6.7951142e-14
-1.7522378e-05
-6.9962641e-06
5.8754003e-14
-6.9962644e-06
-7.4966116e-14
-1.7522378e-05
1.7465918e-14
-2.458822e-05
-3.125924e-15
-2.8146891e-05
-3.5375259e-14
-2.8146891e-05
7.0911744e-14
-2.458822e-05
-5.439706e-14
-1.7522378e-05
-6.9962644e-06
-6.9618778e-14
-6.9962639e-06
3.9023119e-14
-1.7522378e-05
-6.4980099e-14
-2.4588219e-05
-1.2565063e-14
-2.814689e-05
5.8233932e-14
-2.814689e-05
-4.4369963e-14
-2.4588219e-05
6.4963254e-14
-1.7522378e-05
-6.996264e-06
5.9633489e-14
-6.9962644e-06
-7.2913733e-14
-1.7522378e-05
1.7143733e-14
-2.458822e-05
-7.6564099e-15
-2.8146891e-05
-4.2928175e-14
-2.8146891e-05
6.4028051e-14
-2.458822e-05
-5.6860445e-14
-1.7522378e-05
-6.9962644e-06
-6.8161499e-14
-6.9962639e-06
4.0845099e-14
-1.7522377e-05
-6.4940524e-14
-2.4588219e-05
-1.7009202e-14
-2.814689e-05
5.0522864e-14
-2.814689e-05
-5.0955505e-14
-2.4588219e-05
6.1940627e-14
-1.7522378e-05
-6.9962639e-06
6.0704366e-14
-6.9962643e-06
-7.0486885e-14
-1.7522378e-05
1.7286784e-14
-2.458822e-05
-1.186253e-14
-2.8146891e-05
-5.0418202e-14
-2.8146891e-05
5.7057813e-14
-2.458822e-05
-5.9432827e-14
-1.7522378e-05
-6.9962643e-06
-6.6444437e-14
-6.9962638e-06
4.3329716e-14
-1.7522377e-05
-6.4122565e-14
-2.4588219e-05
-2.0894036e-14
-2.814689e-05
4.2985637e-14
-2.814689e-05
-5.7673104e-14
-2.4588219e-05
5.8818539e-14
-1.7522378e-05
-6.9962639e-06
6.2190031e-14
-6.9962643e-06
-6.7143939e-14
-1.7522378e-05
1.8560258e-14
-2.458822e-05
-1.5232579e-14
-2.8146891e-05
-5.7631859e-14
-2.8146891e-05
4.9987707e-14
-2.458822e-05
-6.2167166e-14
-1.7522378e-05
-6.9962643e-06
-6.422288e-14
-6.9962637e-06
4.7030391e-14
-1.7522377e-05
-6.1827572e-14
-2.4588219e-05
-2.3652107e-14
-2.814689e-05
3.5899602e-14
-2.814689e-05
-6.44878e-14
-2.4588219e-05
5.5542895e-14
-1.7522377e-05
-6.9962639e-06
6.4324141e-14
-6.9962642e-06
-6.2325147e-14
-1.7522378e-05
2.1668202e-14
-2.458822e-05
-1.7152867e-14
-2.814689e-05
-6.4213395e-14
-2.814689e-05
4.2896203e-14
-2.458822e-05
-6.5088869e-14
-1.7522378e-05
-6.9962642e-06
-6.1239229e-14
-6.9962637e-06
5.2464178e-14
-1.7522377e-05
-5.7368373e-14
-2.4588219e-05
-2.4631202e-14
-2.814689e-05
2.9694051e-14
-2.814689e-05
-7.123685e-14
-2.4588219e-05
5.2075361e-14
-1.7522377e-05
-6.9962638e-06
6.7306225e-14
-6.9962642e-06
-5.5560531e-14
-1.7522378e-05
2.7223911e-14
-2.4588219e-05
-1.6954766e-14
-2.814689e-05
-6.9616292e-14
-2.814689e-05
3.6008769e-14
-2.458822e-05
-6.81715e-14
-1.7522378e-05
-6.9962642e-06
-5.7269118e-14
-6.9962636e-06
5.9944689e-14
-1.7522377e-05
-5.0244283e-14
-2.4588219e-05
-2.3153313e-14
-2.814689e-05
2.5020569e-14
-2.814689e-05
-7.7529455e-14
-2.4588219e-05
4.8414702e-14
-1.7522377e-05
-6.9962638e-06
7.1210629e-14
-6.9962641e-06
-4.6696342e-14
-1.7522377e-05
3.5502444e-14
-2.4588219e-05
-1.3986081e-14
-2.814689e-05
-7.2974779e-14
-2.814689e-05
2.9844796e-14
-2.458822e-05
-7.1275614e-14
-1.7522378e-05
-6.9962642e-06
-5.2234425e-14
-6.9962636e-06
6.9239132e-14
-1.7522377e-05
-4.0478514e-14
-2.4588218e-05
-1.8586899e-14
-2.814689e-05
2.2958511e-14
-2.814689e-05
-8.2485777e-14
-2.4588219e-05
4.4676332e-14
-1.7522377e-05
-6.9962638e-06
7.5779895e-14
-6.9962641e-06
-3.6379318e-14
-1.7522377e-05
4.5959172e-14
-2.4588219e-05
-7.6827098e-15
-2.814689e-05
-7.2743193e-14
-2.814689e-05
2.5617283e-14
-2.4588219e-05
-7.3975096e-14
-1.7522378e-05
-6.9962642e-06
-4.6489506e-14
-6.9962636e-06
7.8831677e-14
-1.7522377e-05
-2.9291924e-14
-2.4588218e-05
-1.0402599e-14
-2.8146889e-05
2.5583147e-14
-2.814689e-05
-8.4068329e-14
-2.4588219e-05
4.1349432e-14
-1.7522377e-05
-6.9962638e-06
7.9949244e-14
-6.996264e-06
-2.7135319e-14
-1.7522377e-05
5.6256177e-14
-2.4588219e-05
2.3953522e-15
-2.814689e-05
-6.5781273e-14
-2.814689e-05
2.6266699e-14
-2.4588219e-05
-7.510306e-14
-1.7522377e-05
-6.9962641e-06
-4.1538858e-14
-6.9962636e-06
8.4299824e-14
-1.7522377e-05
-2.0509746e-14
-2.4588218e-05
1.8290026e-15
-2.8146889e-05
3.7371576e-14
-2.8146889e-05
-7.7460943e-14
-2.4588219e-05
4.0006375e-14
-1.7522377e-05
-6.9962638e-06
8.0732561e-14
-6.996264e-06
-2.5797257e-14
-1.7522377e-05
6.0221708e-14
-2.4588219e-05
1.6610121e-14
-2.814689e-05
-4.5224702e-14
-2.814689e-05
3.8934372e-14
-2.4588219e-05
-7.1627041e-14
-1.7522377e-05
-6.9962641e-06
-4.177185e-14
-6.9962635e-06
7.4738883e-14
-1.7522377e-05
-2.3550489e-14
-2.4588218e-05
1.8540294e-14
-2.8146889e-05
6.8373088e-14
-2.8146889e-05
-5.1381677e-14
-2.4588218e-05
4.5073657e-14
-1.7522377e-05
-6.9962637e-06
7.06752e-14
-6.996264e-06
-4.8840713e-14
-1.7522377e-05
4.3577027e-14
-2.4588219e-05
3.5401672e-14
-2.814689e-05
4.071553e-15
-2.814689e-05
8.0476374e-14
-2.4588219e-05
-5.6038028e-14
-1.7522377e-05
-6.9962641e-06
-5.842772e-14
-6.9962635e-06
2.5155171e-14
-1.7522377e-05
-5.9630523e-14
-2.4588218e-05
4.0369259e-14
-2.8146889e-05
1.4078798e-13
-2.8146889e-05
1.9761217e-14
-2.4588218e-05
6.7888317e-14
-1.7522377e-05
-6.9962637e-06
3.2301159e-14
-6.9962639e-06
-1.3349779e-13
-1.7522377e-05
-2.4637641e-14
-2.4588219e-05
5.952194e-14
-2.814689e-05
1.1453452e-13
-2.814689e-05
1.8885945e-13
-2.4588219e-05
-1.0686799e-14
-1.7522377e-05
-6.996264e-06
-1.1801525e-13
-6.9962634e-06
-1.1868714e-13
-1.7522376e-05
-1.7381097e-13
-2.4588218e-05
6.8382015e-14
-2.8146889e-05
3.0145418e-13
-2.8146889e-05
1.9130066e-13
-2.4588218e-05
1.3524191e-13
-1.7522376e-05
-6.9962635e-06
-7.30548e-14
-6.9962637e-06
-3.58958e-13
-1.7522376e-05
-2.077841e-13
-2.4588219e-05
9.0211087e-14
-2.814689e-05
3.5192243e-13
-2.814689e-05
4.4460053e-13
-2.4588219e-05
1.0350316e-13
-1.7522377e-05
-6.9962637e-06
-2.7847735e-13
-6.9962629e-06
-4.6725595e-13
-1.7522376e-05
-4.5566612e-13
-2.4588218e-05
1.0410141e-13
-2.814689e-05
6.4265851e-13
-2.814689e-05
5.753905e-13
-2.4588218e-05
3.0564129e-13
-1.7522376e-05
-6.9962631e-06
-3.2501141e-13
-6.996263e-06
-8.8120315e-13
-1.7522376e-05
-6.2585715e-13
-2.4588219e-05
1.29039e-13
-2.8146892e-05
8.3929892e-13
-2.8146892e-05
1.0055082e-12
-2.4588219e-05
3.6683897e-13
-1.7522376e-05
-6.996263e-06
-6.5564992e-13
-6.9962619e-06
-1.2260474e-12
-1.7522374e-05
-1.0667159e-12
-2.4588218e-05
1.4905357e-13
-2.8146892e-05
1.3288892e-12
-2.8146892e-05
1.3793705e-12
-2.4588218e-05
6.9572595e-13
-1.7522374e-05
-6.9962619e-06
-8.7154237e-13
-6.9962614e-06
-1.974351e-12
-1.7522374e-05
-1.4792321e-12
-2.458822e-05
1.7714362e-13
-2.8146894e-05
1.7793713e-12
-2.8146894e-05
2.1472251e-12
-2.4588219e-05
9.2809625e-13
-1.7522374e-05
-6.9962613e-06
-1.454079e-12
-6.9962595e-06
-2.7243243e-12
-1.7522372e-05
-2.252983e-12
-2.4588219e-05
2.034182e-13
-2.8146896e-05
2.6071193e-12
-2.8146896e-05
2.9331137e-12
-2.4588219e-05
1.510775e-12
-1.7522372e-05
-6.9962595e-06
-1.9455548e-12
-6.996258e-06
-4.0320256e-12
-1.752237e-05
-3.0285185e-12
-2.4588221e-05
2.3336321e-13
-2.81469e-05
3.4309554e-12
-2.81469e-05
4.2627381e-12
-2.458822e-05
2.02063e-12
-1.752237e-05
-6.9962577e-06
-2.9666679e-12
-6.9962545e-06
-5.3465652e-12
-1.7522367e-05
-4.2648628e-12
-2.4588221e-05
2.6376097e-13
-2.8146904e-05
4.7226968e-12
-2.8146904e-05
5.6181434e-12
-2.458822e-05
3.0437516e-12
-1.7522367e-05
-6.9962543e-06
-3.8045187e-12
-6.9962511e-06
-7.3816617e-12
-1.7522364e-05
-5.4025481e-12
-2.4588224e-05
2.9183062e-13
-2.814691e-05
5.9123746e-12
-2.814691e-05
7.6741586e-12
-2.4588223e-05
3.9013054e-12
-1.7522363e-05
-6.9962507e-06
-5.4371717e-12
-6.9962452e-06
-9.1365683e-12
-1.752236e-05
-6.9878313e-12
-2.4588225e-05
3.2041799e-13
-2.8146917e-05
7.5451969e-12
-2.8146916e-05
9.4690677e-12
-2.4588224e-05
5.5370231e-12
-1.7522359e-05
-6.9962447e-06
-6.4341066e-12
-6.9962391e-06
-1.1575595e-11
-1.7522355e-05
-7.9541738e-12
-2.4588229e-05
3.3950719e-13
-2.8146926e-05
8.552445e-12
-2.8146925e-05
1.1921409e-11
-2.4588228e-05
6.5533836e-12
-1.7522354e-05
-6.9962385e-06
-8.560888e-12
-6.9962301e-06
-1.2621785e-11
-1.7522351e-05
-8.9086044e-12
-2.4588232e-05
3.55533e-13
-2.8146934e-05
9.5308102e-12
-2.8146934e-05
1.2996248e-11
-2.4588231e-05
8.6823533e-12
-1.7522349e-05
-6.9962294e-06
-8.7378407e-12
-6.9962217e-06
-1.3591202e-11
-1.7522346e-05
-7.7064911e-12
-2.4588239e-05
3.5528115e-13
-2.8146943e-05
8.3350642e-12
-2.8146942e-05
1.3961932e-11
-2.4588237e-05
8.8756899e-12
-1.7522344e-05
-6.9962207e-06
-1.0288045e-11
-6.9962108e-06
-1.023208e-11
-1.7522346e-05
-4.9133543e-12
-2.4588243e-05
3.4399115e-13
-2.8146948e-05
5.5218238e-12
-2.8146947e-05
1.0605844e-11
-2.4588241e-05
1.0423935e-11
-1.7522344e-05
-6.9962098e-06
-6.9021555e-12
-6.9962043e-06
-4.340935e-12
-1.7522349e-05
3.5644153e-12
-2.4588252e-05
3.1294748e-13
-2.8146945e-05
-3.0129425e-12
-2.8146944e-05
4.683529e-12
-2.4588249e-05
7.0475467e-12
-1.7522346e-05
-6.996203e-06
-4.6769186e-12
-6.996199e-06
1.2063269e-11
-1.7522365e-05
1.7348271e-11
-2.4588256e-05
2.5864461e-13
-2.8146927e-05
-1.6880649e-11
-2.8146926e-05
-1.1758231e-11
-2.4588254e-05
4.8114003e-12
-1.7522362e-05
-6.9961978e-06
8.080311e-12
-6.9962074e-06
3.6433741e-11
-1.7522394e-05
4.3472124e-11
-2.4588264e-05
1.8825092e-13
-2.8146884e-05
-4.3150532e-11
-2.8146883e-05
-3.6195113e-11
-2.4588261e-05
-7.9478775e-12
-1.7522391e-05
-6.996206e-06
2.0878373e-11
-6.9962278e-06
8.2036547e-11
-1.7522455e-05
8.1736638e-11
-2.4588263e-05
8.0143793e-14
-2.8146802e-05
-8.1572003e-11
-2.8146801e-05
-8.1886917e-11
-2.458826e-05
-2.0772511e-11
-1.7522452e-05
-6.9962263e-06
5.2863085e-11
-6.996281e-06
1.4489408e-10
-1.7522547e-05
1.4265511e-10
-2.4588261e-05
-2.9494226e-14
-2.814666e-05
-1.4273561e-10
-2.8146659e-05
-1.4484825e-10
-2.4588259e-05
-5.2776364e-11
-1.7522544e-05
-6.9962794e-06
8.7461277e-11
-6.996368e-06
2.4400818e-10
-1.7522703e-05
2.2562269e-10
-2.4588242e-05
-1.9033846e-13
-2.8146434e-05
-2.2592244e-10
-2.8146433e-05
-2.4410551e-10
-2.458824e-05
-8.7425993e-11
-1.7522701e-05
-6.9963665e-06
1.5188194e-10
-6.9965203e-06
3.7247761e-10
-1.7522925e-05
3.4374898e-10
-2.4588215e-05
-3.2556094e-13
-2.8146091e-05
-3.4437616e-10
-2.814609e-05
-3.7271249e-10
-2.4588212e-05
-1.5188936e-10
-1.7522922e-05
-6.9965189e-06
2.2235769e-10
-6.9967424e-06
5.5282677e-10
-1.7523255e-05
4.9430503e-10
-2.4588156e-05
-5.2101603e-13
-2.8145595e-05
-4.9517863e-10
-2.8145595e-05
-5.5325329e-10
-2.4588154e-05
-2.2245289e-10
-1.7523253e-05
-6.9967412e-06
3.3167826e-10
-6.9970747e-06
7.725813e-10
-1.7523697e-05
6.8973246e-10
-2.4588074e-05
-6.5449968e-13
-2.8144906e-05
-6.9096967e-10
-2.8144905e-05
-7.7317332e-10
-2.4588073e-05
-3.3184591e-10
-1.7523695e-05
-6.9970736e-06
4.4898606e-10
-6.9975236e-06
1.0518034e-09
-1.75243e-05
9.2198039e-10
-2.4587945e-05
-8.5168556e-13
-2.8143983e-05
-9.2343823e-10
-2.8143982e-05
-1.0526221e-09
-2.4587943e-05
-4.4928576e-10
-1.7524298e-05
-6.997523e-06
6.0637036e-10
-6.998131e-06
1.3686234e-09
-1.7525063e-05
1.197002e-09
-2.4587774e-05
-9.5074104e-13
-2.8142786e-05
-1.1987938e-09
-2.8142786e-05
-1.3696263e-09
-2.4587774e-05
-6.0676749e-10
-1.7525062e-05
-6.9981305e-06
7.6733733e-10
-6.9988985e-06
1.7315897e-09
-1.7526028e-05
1.4971004e-09
-2.458754e-05
-1.113814e-12
-2.8141288e-05
-1.4990344e-09
-2.8141288e-05
-1.7328255e-09
-2.458754e-05
-7.6789732e-10
-1.7526028e-05
-6.9988985e-06
9.5483904e-10
-6.9998544e-06
2.1052393e-09
-1.7527179e-05
1.8148243e-09
-2.4587251e-05
-1.1610341e-12
-2.8139473e-05
-1.8170139e-09
-2.8139473e-05
-2.1066546e-09
-2.4587252e-05
-9.5548292e-10
-1.752718e-05
-6.9998548e-06
1.1285413e-09
-7.0009832e-06
2.4776214e-09
-1.7528528e-05
2.1189148e-09
-2.4586892e-05
-1.2906456e-12
-2.8137353e-05
-2.1211771e-09
-2.8137353e-05
-2.4792286e-09
-2.4586894e-05
-1.1293191e-09
-1.752853e-05
-7.0009842e-06
1.2937503e-09
-7.0022778e-06
2.7961223e-09
-1.7530031e-05
2.383823e-09
-2.4586481e-05
-1.3172437e-12
-2.8134969e-05
-2.3862771e-09
-2.813497e-05
-2.7978544e-09
-2.4586484e-05
-1.2945257e-09
-1.7530034e-05
-7.0022793e-06
1.4052146e-09
-7.0036829e-06
3.0196012e-09
-1.7531644e-05
2.5577835e-09
-2.4586019e-05
-1.4072678e-12
-2.813241e-05
-2.5602599e-09
-2.8132411e-05
-3.0214336e-09
-2.4586023e-05
-1.406074e-09
-1.7531649e-05
-7.0036853e-06
1.4620608e-09
-7.0051455e-06
3.0711015e-09
-1.7533254e-05
2.5825135e-09
-2.4585531e-05
-1.3935115e-12
-2.8129826e-05
-2.5851004e-09
-2.8129828e-05
-3.0729839e-09
-2.4585536e-05
-1.4628872e-09
-1.7533259e-05
-7.0051483e-06
1.4749981e-09
2.8896817e-09
2.378584e-09
-1.4115027e-12
-2.3811353e-09
-2.8915187e-09
-1.4759048e-09
)
;

boundaryField
{
    left
    {
        type            calculated;
        value           nonuniform List<scalar> 8(1.9313562e-05 1.9313562e-05 1.9313562e-05 1.9313562e-05 1.9313562e-05 1.9313562e-05 1.9313562e-05 1.9313562e-05);
    }
    right
    {
        type            calculated;
        value           nonuniform List<scalar> 8(-7.0066203e-06 -1.7534668e-05 -2.458502e-05 -2.8127446e-05 -2.8127448e-05 -2.4585025e-05 -1.7534675e-05 -7.0066242e-06);
    }
    walls
    {
        type            calculated;
        value           uniform 0;
    }
    frontAndBack
    {
        type            empty;
        value           nonuniform 0();
    }
}


// ************************************************************************* //
