/*--------------------------------*- C++ -*----------------------------------*\
| =========                 |                                                 |
| \\      /  F ield         | OpenFOAM: The Open Source CFD Toolbox           |
|  \\    /   O peration     | Version:  5.x                                   |
|   \\  /    A nd           | Web:      www.OpenFOAM.org                      |
|    \\/     M anipulation  |                                                 |
\*---------------------------------------------------------------------------*/
FoamFile
{
    version     2.0;
    format      ascii;
    class       volSymmTensorField;
    location    "5";
    object      sigma;
}
// * * * * * * * * * * * * * * * * * * * * * * * * * * * * * * * * * * * * * //

dimensions      [0 2 -2 0 0 0 0];

internalField   nonuniform List<symmTensor> 
1920
(
(0.0023210741 0.013345807 0 -0.0083774994 0 0)
(-0.00042259305 0.0050217607 0 0.0015563868 0 0)
(-0.001572837 0.0032647415 0 0.0011884214 0 0)
(-0.0011056791 0.0010456183 0 0.0011168685 0 0)
(-0.0011056475 -0.0010456292 0 0.001116836 0 0)
(-0.0015728512 -0.0032646884 0 0.001188437 0 0)
(-0.00042259612 -0.0050217483 0 0.0015563902 0 0)
(0.0023210729 -0.013345807 0 -0.0083774961 0 0)
(0.0046213216 0.00909958 0 -0.0043684005 0 0)
(0.00045619832 0.0017631239 0 0.00057788006 0 0)
(-0.0028728983 0.00056975789 0 0.0024176731 0 0)
(-0.0028211042 0.00033504012 0 0.0025737922 0 0)
(-0.0028210932 -0.00033504361 0 0.0025737789 0 0)
(-0.0028729204 -0.00056966864 0 0.0024176964 0 0)
(0.00045620012 -0.0017631233 0 0.00057787496 0 0)
(0.0046213216 -0.009099583 0 -0.0043684011 0 0)
(0.0040469543 0.0077950538 0 -0.0052932369 0 0)
(0.0010449217 0.00095975672 0 -0.00057659829 0 0)
(-0.0023604348 0.00024028393 0 0.0020972413 0 0)
(-0.0029466471 7.4110326e-05 0 0.0028029669 0 0)
(-0.0029466747 -7.410671e-05 0 0.0028029971 0 0)
(-0.0023603946 -0.00024042238 0 0.0020971977 0 0)
(0.0010449272 -0.00095976521 0 -0.00057660188 0 0)
(0.0040469559 -0.0077950538 0 -0.0052932403 0 0)
(0.0031399845 0.0072780839 0 -0.0044247564 0 0)
(0.0011690453 0.0014490933 0 -0.00099314786 0 0)
(-0.0017054092 0.00027522286 0 0.0015956465 0 0)
(-0.0026693005 1.6688847e-05 0 0.0026288894 0 0)
(-0.0026692849 -1.6695492e-05 0 0.0026288741 0 0)
(-0.0017054414 -0.00027513546 0 0.001595679 0 0)
(0.001169051 -0.0014490939 0 -0.00099315371 0 0)
(0.0031399879 -0.007278083 0 -0.0044247595 0 0)
(0.0023446361 0.0069566114 0 -0.0032938652 0 0)
(0.0010633839 0.0020363433 0 -0.0010278475 0 0)
(-0.001176393 0.0006699562 0 0.0011022993 0 0)
(-0.002268265 9.6174923e-05 0 0.0022411219 0 0)
(-0.0022683462 -9.6178787e-05 0 0.0022412054 0 0)
(-0.0011767562 -0.0006697024 0 0.0011026601 0 0)
(0.0010633878 -0.0020363443 0 -0.0010278518 0 0)
(0.0023446498 -0.0069566117 0 -0.0032938798 0 0)
(0.0017726856 0.0067367359 0 -0.0025218216 0 0)
(0.00088908871 0.0026251981 0 -0.00094129842 0 0)
(-0.00095994766 0.00089981671 0 0.00089717033 0 0)
(-0.0016427244 0.0002398519 0 0.0016245153 0 0)
(-0.0016426801 -0.00023987421 0 0.0016244679 0 0)
(-0.00095947619 -0.00090023812 0 0.00089670252 0 0)
(0.00088911674 -0.0026251867 0 -0.0009413263 0 0)
(0.0017726857 -0.0067367286 0 -0.0025218203 0 0)
(0.0012142073 0.0065247956 0 -0.0018625148 0 0)
(0.00067742883 0.003191798 0 -0.00079808409 0 0)
(-0.00056986827 0.0013723382 0 0.00051290117 0 0)
(-0.0012634223 0.00036348911 0 0.0012544596 0 0)
(-0.0012633864 -0.00036350614 0 0.0012544246 0 0)
(-0.00056983873 -0.0013723473 0 0.00051287071 0 0)
(0.00067744754 -0.0031917869 0 -0.00079810176 0 0)
(0.0012142106 -0.0065247838 0 -0.0018625177 0 0)
(0.00085356258 0.0063899955 0 -0.0014508378 0 0)
(0.00053197951 0.0034933256 0 -0.00069461571 0 0)
(-0.00036338754 0.0017068565 0 0.00030480738 0 0)
(-0.00094117397 0.0004771381 0 0.00093795748 0 0)
(-0.00094123152 -0.00047712348 0 0.00093801375 0 0)
(-0.00036339931 -0.0017068171 0 0.00030481939 0 0)
(0.00053198034 -0.0034933461 0 -0.00069461857 0 0)
(0.00085356263 -0.0063899834 0 -0.0014508365 0 0)
(0.00058886086 0.0062972125 0 -0.0011540585 0 0)
(0.00038247209 0.0037798473 0 -0.00057795111 0 0)
(-0.00023988527 0.0019482306 0 0.0001751466 0 0)
(-0.0006893148 0.00057209499 0 0.00068737292 0 0)
(-0.00068920769 -0.00057214077 0 0.00068726827 0 0)
(-0.00023984593 -0.0019482745 0 0.00017510688 0 0)
(0.00038250125 -0.0037798138 0 -0.0005779796 0 0)
(0.00058887459 -0.0062971987 0 -0.0011540715 0 0)
(0.0003968153 0.0062323892 0 -0.00094232364 0 0)
(0.00027666441 0.0039619649 0 -0.00049491168 0 0)
(-0.00015346909 0.0021418404 0 8.1546381e-05 0 0)
(-0.00047433364 0.00065799384 0 0.0004715862 0 0)
(-0.00047446836 -0.00065794537 0 0.00047171943 0 0)
(-0.00015348096 -0.0021417942 0 8.1559529e-05 0 0)
(0.0002766625 -0.0039619758 0 -0.00049491049 0 0)
(0.00039681401 -0.0062323707 0 -0.00094232049 0 0)
(0.00026074178 0.006188351 0 -0.00079455244 0 0)
(0.00019679097 0.0040906616 0 -0.00043091785 0 0)
(-9.5831658e-05 0.0022880091 0 1.7580737e-05 0 0)
(-0.00032280936 0.00072171831 0 0.00031849775 0 0)
(-0.00032273357 -0.00072175944 0 0.0003184226 0 0)
(-9.5804478e-05 -0.0022880544 0 1.7552035e-05 0 0)
(0.00019681109 -0.0040906305 0 -0.00043093661 0 0)
(0.00026075455 -0.0061883332 0 -0.00079456355 0 0)
(0.00016810605 0.0061593691 0 -0.00069508726 0 0)
(0.00013559432 0.004183948 0 -0.000380589 0 0)
(-5.856217e-05 0.0023940216 0 -2.4716703e-05 0 0)
(-0.00021585919 0.00076858258 0 0.00020993721 0 0)
(-0.00021581554 -0.00076860476 0 0.00020989303 0 0)
(-5.8573403e-05 -0.0023939842 0 -2.4704373e-05 0 0)
(0.00013558905 -0.0041839513 0 -0.00038058416 0 0)
(0.00016810349 -0.0061593472 0 -0.00069508257 0 0)
(0.00010669794 0.0061407104 0 -0.00062973638 0 0)
(9.1218615e-05 0.0042480547 0 -0.00034338736 0 0)
(-3.506633e-05 0.0024685445 0 -5.1994492e-05 0 0)
(-0.00014183737 0.00080223778 0 0.00013456139 0 0)
(-0.0001419784 -0.00080219583 0 0.00013470225 0 0)
(-3.5055511e-05 -0.0024685783 0 -5.2006704e-05 0 0)
(9.1229195e-05 -0.0042480288 0 -0.00034339652 0 0)
(0.00010670524 -0.0061406899 0 -0.00062974131 0 0)
(6.65335e-05 0.0061288357 0 -0.00058731553 0 0)
(6.017974e-05 0.0042906952 0 -0.00031699521 0 0)
(-2.0465736e-05 0.0025199014 0 -6.9306451e-05 0 0)
(-9.2213883e-05 0.00082554526 0 8.3889622e-05 0 0)
(-9.1977551e-05 -0.00082565655 0 8.3651819e-05 0 0)
(-2.0476182e-05 -0.0025198801 0 -6.929532e-05 0 0)
(6.0171054e-05 -0.0042906944 0 -0.00031698637 0 0)
(6.6531359e-05 -0.0061288137 0 -0.00058731108 0 0)
(4.065502e-05 0.006121402 0 -0.0005601786 0 0)
(3.8957182e-05 0.0043185559 0 -0.00029872122 0 0)
(-1.1592449e-05 0.0025545681 0 -8.0057859e-05 0 0)
(-5.9025047e-05 0.00084154093 0 4.9943586e-05 0 0)
(-5.9414302e-05 -0.00084138658 0 5.0334571e-05 0 0)
(-1.1592957e-05 -0.0025545906 0 -8.0058425e-05 0 0)
(3.8958828e-05 -0.0043185384 0 -0.00029872166 0 0)
(4.0657409e-05 -0.0061213815 0 -0.00056017838 0 0)
(2.4279079e-05 0.0061168449 0 -0.00054312331 0 0)
(2.474173e-05 0.0043364176 0 -0.00028634808 0 0)
(-6.2830902e-06 0.0025776351 0 -8.6627783e-05 0 0)
(-3.6579815e-05 0.00085259565 0 2.697008e-05 0 0)
(-3.6005632e-05 -0.00085286731 0 2.6392807e-05 0 0)
(-6.2925754e-06 -0.0025776282 0 -8.661808e-05 0 0)
(2.4732496e-05 -0.0043364143 0 -0.00028633834 0 0)
(2.4276221e-05 -0.0061168246 0 -0.00054311813 0 0)
(1.4088287e-05 0.0061141175 0 -0.00053258615 0 0)
(1.5378629e-05 0.0043477036 0 -0.0002781141 0 0)
(-3.2100159e-06 0.0025926508 0 -9.0524034e-05 0 0)
(-2.2332662e-05 0.0008598014 0 1.2369953e-05 0 0)
(-2.2793437e-05 -0.00085960964 0 1.2832784e-05 0 0)
(-3.2159388e-06 -0.0025926649 0 -9.0518923e-05 0 0)
(1.5374575e-05 -0.0043476935 0 -0.00027810912 0 0)
(1.4087142e-05 -0.0061140988 0 -0.00053258252 0 0)
(7.8881651e-06 0.0061125373 0 -0.00052622474 0 0)
(9.3423957e-06 0.0043546736 0 -0.00027275477 0 0)
(-1.4750425e-06 0.0026023014 0 -9.2784715e-05 0 0)
(-1.3563978e-05 0.00086435384 0 3.3726735e-06 0 0)
(-1.3218022e-05 -0.00086453333 0 3.0243273e-06 0 0)
(-1.4830222e-06 -0.0026023042 0 -9.2776865e-05 0 0)
(9.3342651e-06 -0.0043546695 0 -0.00027274607 0 0)
(7.8850085e-06 -0.0061125197 0 -0.00052621942 0 0)
(4.1932278e-06 0.006111659 0 -0.00052246727 0 0)
(5.5084696e-06 0.0043589119 0 -0.00026932 0 0)
(-5.4669843e-07 0.0026083489 0 -9.4037914e-05 0 0)
(-7.6639045e-06 0.00086746496 0 -2.6753456e-06 0 0)
(-7.9092425e-06 -0.00086736571 0 -2.4288866e-06 0 0)
(-5.5386721e-07 -0.0026083574 0 -9.4031364e-05 0 0)
(5.5020421e-06 -0.0043589067 0 -0.00026931292 0 0)
(4.1901968e-06 -0.0061116428 0 -0.00052246207 0 0)
(2.0885267e-06 0.0061112058 0 -0.00052035108 0 0)
(3.1373402e-06 0.0043614098 0 -0.00026717443 0 0)
(-7.8478388e-08 0.0026120839 0 -9.4703964e-05 0 0)
(-4.2734052e-06 0.00086931153 0 -6.1560636e-06 0 0)
(-4.143224e-06 -0.0008693915 0 -6.287305e-06 0 0)
(-8.4793067e-08 -0.0026120914 0 -9.4698014e-05 0 0)
(3.1310238e-06 -0.0043614058 0 -0.00026716761 0 0)
(2.0858754e-06 -0.0061111909 0 -0.00052034652 0 0)
(8.8416215e-07 0.0061109871 0 -0.0005191567 0 0)
(1.6947522e-06 0.004362849 0 -0.00026585849 0 0)
(1.3089256e-07 0.0026143193 0 -9.5027285e-05 0 0)
(-2.0787734e-06 0.00087053067 0 -8.4065105e-06 0 0)
(-2.2735679e-06 -0.00087044744 0 -8.2104355e-06 0 0)
(1.2455537e-07 -0.0026143247 0 -9.5021462e-05 0 0)
(1.6880955e-06 -0.0043628464 0 -0.00026585138 0 0)
(8.8073164e-07 -0.0061109733 0 -0.00051915146 0 0)
(2.556652e-07 0.0061109059 0 -0.00051854737 0 0)
(8.5099448e-07 0.0043636373 0 -0.00026507889 0 0)
(2.0222035e-07 0.0026156248 0 -9.5164042e-05 0 0)
(-1.0275941e-06 0.00087114831 0 -9.4878189e-06 0 0)
(-8.4940541e-07 -0.00087125872 0 -9.6682054e-06 0 0)
(1.9712081e-07 -0.002615633 0 -9.5159375e-05 0 0)
(8.4629716e-07 -0.0043636336 0 -0.00026507379 0 0)
(2.531346e-07 -0.0061108932 0 -0.00051854322 0 0)
(-4.488087e-08 0.0061108989 0 -0.0005182661 0 0)
(3.6934977e-07 0.0043640456 0 -0.00026463099 0 0)
(2.0703678e-07 0.0026163547 0 -9.5202064e-05 0 0)
(-2.5826758e-07 0.00087160851 0 -1.0276058e-05 0 0)
(-2.5782839e-07 -0.00087162315 0 -1.0276642e-05 0 0)
(2.0201642e-07 -0.0026163588 0 -9.5197506e-05 0 0)
(3.6344547e-07 -0.0043640438 0 -0.00026462476 0 0)
(-4.7896758e-08 -0.0061108872 0 -0.00051826161 0 0)
(-1.7691814e-07 0.0061109261 0 -0.0005181523 0 0)
(1.1134095e-07 0.0043642374 0 -0.00026438506 0 0)
(1.8111881e-07 0.0026167401 0 -9.5193552e-05 0 0)
(1.8826499e-08 0.00087179512 0 -1.0561534e-05 0 0)
(-8.5231138e-08 -0.00087174729 0 -1.0456908e-05 0 0)
(1.7673401e-07 -0.0026167472 0 -9.5189562e-05 0 0)
(1.0763106e-07 -0.0043642344 0 -0.00026438104 0 0)
(-1.793772e-07 -0.0061109153 0 -0.00051814848 0 0)
(-2.0817388e-07 0.0061109609 0 -0.00051813505 0 0)
(-1.6902344e-08 0.0043643139 0 -0.00026426181 0 0)
(1.4774451e-07 0.0026169281 0 -9.5165958e-05 0 0)
(1.1852335e-07 0.0008718726 0 -1.0665496e-05 0 0)
(1.320281e-07 -0.00087189252 0 -1.0679331e-05 0 0)
(1.4383329e-07 -0.0026169321 0 -9.5162435e-05 0 0)
(-2.1624955e-08 -0.0043643121 0 -0.00026425681 0 0)
(-2.1062952e-07 -0.0061109509 0 -0.0005181314 0 0)
(-1.9534897e-07 0.0061109986 0 -0.00051816006 0 0)
(-8.1137731e-08 0.0043643342 0 -0.00026419516 0 0)
(1.153483e-07 0.0026170032 0 -9.5135656e-05 0 0)
(1.7237596e-07 0.00087192347 0 -1.0720927e-05 0 0)
(1.6057655e-07 -0.00087192448 0 -1.0709321e-05 0 0)
(1.1129935e-07 -0.0026170086 0 -9.513193e-05 0 0)
(-8.4569503e-08 -0.0043643321 0 -0.00026419149 0 0)
(-1.9785198e-07 -0.0061109889 0 -0.00051815638 0 0)
(-1.6525172e-07 0.0061110275 0 -0.00051819807 0 0)
(-9.0274228e-08 0.00436432 0 -0.00026418479 0 0)
(8.477254e-08 0.002617025 0 -9.5103189e-05 0 0)
(1.7046278e-07 0.00087193292 0 -1.0719568e-05 0 0)
(1.7142075e-07 -0.00087194271 0 -1.0720726e-05 0 0)
(8.1147349e-08 -0.0026170291 0 -9.5099909e-05 0 0)
(-9.5019185e-08 -0.0043643176 0 -0.00026417969 0 0)
(-1.6704341e-07 -0.0061110191 0 -0.00051819534 0 0)
(-1.30626e-07 0.0061110535 0 -0.00051823906 0 0)
(-8.7575301e-08 0.0043642912 0 -0.00026418441 0 0)
(6.1248873e-08 0.0026170113 0 -9.5078252e-05 0 0)
(1.5184893e-07 0.00087193635 0 -1.0700583e-05 0 0)
(1.5240628e-07 -0.00087194362 0 -1.0701397e-05 0 0)
(5.753682e-08 -0.0026170157 0 -9.5074764e-05 0 0)
(-9.1041241e-08 -0.0043642896 0 -0.00026418073 0 0)
(-1.3238182e-07 -0.0061110458 0 -0.00051823638 0 0)
(-1.0002894e-07 0.0061110719 0 -0.00051827371 0 0)
(-7.3216918e-08 0.0043642667 0 -0.00026419638 0 0)
(4.3496982e-08 0.0026169872 0 -9.5057927e-05 0 0)
(1.3139018e-07 0.00087192783 0 -1.067982e-05 0 0)
(1.2888649e-07 -0.00087193604 0 -1.0677422e-05 0 0)
(3.9993456e-08 -0.0026169906 0 -9.5054682e-05 0 0)
(-7.7017532e-08 -0.0043642657 0 -0.00026419232 0 0)
(-1.0190416e-07 -0.0061110644 0 -0.000518271 0 0)
(-7.6687103e-08 0.0061110863 0 -0.0005183004 0 0)
(-6.0617622e-08 0.0043642463 0 -0.00026420603 0 0)
(2.8327203e-08 0.0026169589 0 -9.5041214e-05 0 0)
(1.0021874e-07 0.00087191876 0 -1.0647882e-05 0 0)
(9.9711833e-08 -0.00087192541 0 -1.0647578e-05 0 0)
(2.5615979e-08 -0.0026169633 0 -9.5038714e-05 0 0)
(-6.3806679e-08 -0.0043642448 0 -0.00026420267 0 0)
(-7.8284982e-08 -0.0061110797 0 -0.00051829803 0 0)
(-5.453574e-08 0.0061110975 0 -0.00051832438 0 0)
(-4.6603038e-08 0.0043642266 0 -0.00026421884 0 0)
(2.081509e-08 0.0026169349 0 -9.5031802e-05 0 0)
(8.4497323e-08 0.00087191143 0 -1.063186e-05 0 0)
(8.0266696e-08 -0.00087191648 0 -1.0627702e-05 0 0)
(1.7644973e-08 -0.0026169376 0 -9.5028857e-05 0 0)
(-4.9976424e-08 -0.0043642254 0 -0.00026421523 0 0)
(-5.6168898e-08 -0.0061110912 0 -0.00051832204 0 0)
(-4.1075668e-08 0.0061111057 0 -0.00051833958 0 0)
(-3.6504799e-08 0.0043642128 0 -0.00026422688 0 0)
(1.419784e-08 0.0026169163 0 -9.5024208e-05 0 0)
(5.9587934e-08 0.0008719005 0 -1.0606295e-05 0 0)
(5.7985425e-08 -0.00087190594 0 -1.0604855e-05 0 0)
(1.1208466e-08 -0.0026169193 0 -9.5021375e-05 0 0)
(-3.9431056e-08 -0.0043642118 0 -0.00026422379 0 0)
(-4.2519545e-08 -0.0061111003 0 -0.00051833749 0 0)
(-2.845067e-08 0.0061111116 0 -0.00051835289 0 0)
(-2.7004347e-08 0.0043642004 0 -0.00026423604 0 0)
(1.1675286e-08 0.0026169011 0 -9.502021e-05 0 0)
(4.598716e-08 0.00087189457 0 -1.0592523e-05 0 0)
(4.4824094e-08 -0.00087189926 0 -1.0591447e-05 0 0)
(8.952853e-09 -0.0026169035 0 -9.5017665e-05 0 0)
(-2.9954644e-08 -0.0043641995 0 -0.00026423289 0 0)
(-2.9905803e-08 -0.0061111064 0 -0.00051835085 0 0)
(-2.1255755e-08 0.0061111162 0 -0.00051836103 0 0)
(-2.0575953e-08 0.0043641924 0 -0.00026424116 0 0)
(7.5294939e-09 0.0026168886 0 -9.5015746e-05 0 0)
(3.2328193e-08 0.00087188722 0 -1.0578433e-05 0 0)
(3.1011477e-08 -0.00087189138 0 -1.0577239e-05 0 0)
(4.9118315e-09 -0.002616891 0 -9.501325e-05 0 0)
(-2.3157866e-08 -0.0043641917 0 -0.00026423843 0 0)
(-2.2546301e-08 -0.0061111118 0 -0.00051835921 0 0)
(-1.5061028e-08 0.0061111194 0 -0.00051836741 0 0)
(-1.5475193e-08 0.0043641854 0 -0.00026424636 0 0)
(6.237854e-09 0.0026168788 0 -9.5013487e-05 0 0)
(2.5015353e-08 0.00087188417 0 -1.0571094e-05 0 0)
(2.4552112e-08 -0.00087188815 0 -1.057071e-05 0 0)
(3.9791624e-09 -0.0026168809 0 -9.5011354e-05 0 0)
(-1.7980812e-08 -0.0043641848 0 -0.00026424368 0 0)
(-1.633903e-08 -0.0061111152 0 -0.00051836564 0 0)
(-1.1353315e-08 0.006111122 0 -0.00051837169 0 0)
(-1.1510999e-08 0.0043641809 0 -0.00026424939 0 0)
(4.2389798e-09 0.0026168714 0 -9.5011481e-05 0 0)
(1.8711516e-08 0.00087188014 0 -1.0564515e-05 0 0)
(1.7522869e-08 -0.0008718831 0 -1.0563419e-05 0 0)
(2.1026956e-09 -0.0026168735 0 -9.5009441e-05 0 0)
(-1.3733403e-08 -0.0043641804 0 -0.00026424704 0 0)
(-1.2509096e-08 -0.0061111184 0 -0.00051837009 0 0)
(-8.603035e-09 0.0061111239 0 -0.00051837442 0 0)
(-9.3577488e-09 0.0043641772 0 -0.00026425188 0 0)
(3.6882003e-09 0.0026168656 0 -9.5010251e-05 0 0)
(1.5092547e-08 0.00087187851 0 -1.0560949e-05 0 0)
(1.4761069e-08 -0.00087188217 0 -1.0560686e-05 0 0)
(1.8487171e-09 -0.0026168675 0 -9.500851e-05 0 0)
(-1.1424039e-08 -0.0043641767 0 -0.00026424967 0 0)
(-9.7100169e-09 -0.0061111206 0 -0.00051837291 0 0)
(-6.8956847e-09 0.0061111256 0 -0.00051837655 0 0)
(-6.9896426e-09 0.0043641745 0 -0.00026425348 0 0)
(2.6867321e-09 0.002616861 0 -9.5009397e-05 0 0)
(1.2382905e-08 0.00087187643 0 -1.0558042e-05 0 0)
(1.1746794e-08 -0.00087187932 0 -1.0557489e-05 0 0)
(1.0015872e-09 -0.0026168629 0 -9.5007791e-05 0 0)
(-8.819224e-09 -0.0043641743 0 -0.00026425153 0 0)
(-7.8846833e-09 -0.0061111227 0 -0.00051837519 0 0)
(-5.6400829e-09 0.006111127 0 -0.0005183777 0 0)
(-6.386851e-09 0.0043641726 0 -0.00026425453 0 0)
(2.5911367e-09 0.0026168573 0 -9.5008748e-05 0 0)
(1.0620394e-08 0.00087187535 0 -1.0556373e-05 0 0)
(1.0356715e-08 -0.00087187859 0 -1.0556164e-05 0 0)
(1.1433953e-09 -0.002616859 0 -9.5007386e-05 0 0)
(-8.0321186e-09 -0.0043641723 0 -0.00026425277 0 0)
(-6.5614767e-09 -0.0061111244 0 -0.00051837644 0 0)
(-5.0015839e-09 0.0061111281 0 -0.00051837868 0 0)
(-4.9598796e-09 0.0043641711 0 -0.00026425526 0 0)
(1.9666219e-09 0.0026168548 0 -9.5008371e-05 0 0)
(9.4116639e-09 0.00087187403 0 -1.0555e-05 0 0)
(8.9810739e-09 -0.00087187656 0 -1.0554643e-05 0 0)
(6.9046093e-10 -0.0026168564 0 -9.5007162e-05 0 0)
(-6.3988165e-09 -0.0043641709 0 -0.00026425372 0 0)
(-5.8102572e-09 -0.0061111259 0 -0.00051837757 0 0)
(-4.3208103e-09 0.0061111293 0 -0.00051837923 0 0)
(-5.049585e-09 0.0043641699 0 -0.00026425568 0 0)
(2.0984157e-09 0.0026168521 0 -9.5008008e-05 0 0)
(8.4822428e-09 0.00087187326 0 -1.0554183e-05 0 0)
(8.2404277e-09 -0.00087187594 0 -1.0553984e-05 0 0)
(1.0115456e-09 -0.0026168534 0 -9.5006996e-05 0 0)
(-6.3106481e-09 -0.0043641698 0 -0.00026425433 0 0)
(-5.055019e-09 -0.0061111272 0 -0.00051837822 0 0)
(-4.1676974e-09 0.0061111302 0 -0.00051837969 0 0)
(-4.0811884e-09 0.0043641689 0 -0.00026425599 0 0)
(1.5831519e-09 0.0026168506 0 -9.5007797e-05 0 0)
(7.9412344e-09 0.00087187227 0 -1.0553492e-05 0 0)
(7.6246923e-09 -0.0008718744 0 -1.0553242e-05 0 0)
(6.6135571e-10 -0.002616852 0 -9.5006933e-05 0 0)
(-5.1677094e-09 -0.0043641688 0 -0.00026425482 0 0)
(-4.8048413e-09 -0.0061111284 0 -0.0005183788 0 0)
(-3.7160624e-09 0.0061111313 0 -0.00051838 0 0)
(-4.4521473e-09 0.0043641681 0 -0.00026425616 0 0)
(1.8111323e-09 0.0026168484 0 -9.5007567e-05 0 0)
(7.3692352e-09 0.00087187168 0 -1.0553043e-05 0 0)
(7.1718011e-09 -0.00087187387 0 -1.0552878e-05 0 0)
(1.0340548e-09 -0.0026168495 0 -9.5006858e-05 0 0)
(-5.3824159e-09 -0.004364168 0 -0.00026425516 0 0)
(-4.2802697e-09 -0.0061111297 0 -0.0005183792 0 0)
(-3.7637471e-09 0.0061111321 0 -0.00051838024 0 0)
(-3.6763619e-09 0.0043641674 0 -0.00026425629 0 0)
(1.3352455e-09 0.0026168474 0 -9.5007421e-05 0 0)
(7.1228025e-09 0.00087187083 0 -1.0552652e-05 0 0)
(6.8968318e-09 -0.00087187261 0 -1.0552486e-05 0 0)
(7.0038899e-10 -0.0026168485 0 -9.5006837e-05 0 0)
(-4.4656302e-09 -0.0043641673 0 -0.00026425544 0 0)
(-4.2484177e-09 -0.0061111307 0 -0.00051837955 0 0)
(-3.4009527e-09 0.0061111332 0 -0.00051838045 0 0)
(-4.1550526e-09 0.0043641667 0 -0.00026425638 0 0)
(1.606635e-09 0.0026168455 0 -9.5007256e-05 0 0)
(6.699796e-09 0.00087187033 0 -1.0552357e-05 0 0)
(6.5590951e-09 -0.00087187215 0 -1.0552241e-05 0 0)
(1.075371e-09 -0.0026168464 0 -9.5006788e-05 0 0)
(-4.8176212e-09 -0.0043641666 0 -0.00026425566 0 0)
(-3.8207359e-09 -0.0061111318 0 -0.00051837984 0 0)
(-3.5262082e-09 0.0061111339 0 -0.00051838061 0 0)
(-3.4490025e-09 0.0043641661 0 -0.00026425645 0 0)
(1.1532627e-09 0.0026168446 0 -9.5007144e-05 0 0)
(6.5811676e-09 0.00087186956 0 -1.0552097e-05 0 0)
(6.4280811e-09 -0.00087187106 0 -1.0552e-05 0 0)
(7.3529221e-10 -0.0026168456 0 -9.5006772e-05 0 0)
(-4.002343e-09 -0.004364166 0 -0.00026425585 0 0)
(-3.8833684e-09 -0.0061111327 0 -0.00051838008 0 0)
(-3.1944511e-09 0.006111135 0 -0.00051838078 0 0)
(-3.9643063e-09 0.0043641656 0 -0.00026425651 0 0)
(1.4490507e-09 0.0026168429 0 -9.5007016e-05 0 0)
(6.2202213e-09 0.0008718691 0 -1.0551867e-05 0 0)
(6.1312306e-09 -0.00087187064 0 -1.0551797e-05 0 0)
(1.0993419e-09 -0.0026168437 0 -9.5006725e-05 0 0)
(-4.4228564e-09 -0.0043641654 0 -0.00026425601 0 0)
(-3.4978799e-09 -0.0061111338 0 -0.00051838031 0 0)
(-3.3477791e-09 0.0061111357 0 -0.00051838091 0 0)
(-3.2772714e-09 0.004364165 0 -0.00026425657 0 0)
(1.0126222e-09 0.0026168421 0 -9.5006929e-05 0 0)
(6.1579754e-09 0.00087186838 0 -1.0551665e-05 0 0)
(6.0586107e-09 -0.00087186968 0 -1.0551618e-05 0 0)
(7.4802687e-10 -0.0026168429 0 -9.5006705e-05 0 0)
(-3.6547556e-09 -0.0043641649 0 -0.00026425615 0 0)
(-3.6042584e-09 -0.0061111346 0 -0.00051838051 0 0)
(-3.0246582e-09 0.0061111367 0 -0.00051838106 0 0)
(-3.8009714e-09 0.0043641645 0 -0.00026425663 0 0)
(1.3251552e-09 0.0026168405 0 -9.5006824e-05 0 0)
(5.8245224e-09 0.00087186794 0 -1.0551465e-05 0 0)
(5.7740607e-09 -0.00087186927 0 -1.0551429e-05 0 0)
(1.1001801e-09 -0.0026168412 0 -9.5006655e-05 0 0)
(-4.1126916e-09 -0.0043641643 0 -0.00026425629 0 0)
(-3.2390424e-09 -0.0061111356 0 -0.00051838071 0 0)
(-3.1876434e-09 0.0061111373 0 -0.00051838118 0 0)
(-3.1147446e-09 0.004364164 0 -0.00026425669 0 0)
(9.0251719e-10 0.0026168398 0 -9.5006756e-05 0 0)
(5.7892563e-09 0.00087186725 0 -1.0551291e-05 0 0)
(5.7254886e-09 -0.00087186843 0 -1.0551278e-05 0 0)
(7.388648e-10 -0.0026168405 0 -9.500663e-05 0 0)
(-3.3688851e-09 -0.0043641638 0 -0.00026425641 0 0)
(-3.368896e-09 -0.0061111364 0 -0.00051838087 0 0)
(-2.8653746e-09 0.0061111383 0 -0.00051838132 0 0)
(-3.637401e-09 0.0043641635 0 -0.00026425676 0 0)
(1.2275316e-09 0.0026168383 0 -9.500667e-05 0 0)
(5.4700781e-09 0.00087186683 0 -1.0551107e-05 0 0)
(5.4439243e-09 -0.00087186801 0 -1.0551092e-05 0 0)
(1.0814887e-09 -0.0026168388 0 -9.5006578e-05 0 0)
(-3.8497475e-09 -0.0043641633 0 -0.00026425652 0 0)
(-3.0151325e-09 -0.0061111373 0 -0.00051838106 0 0)
(-3.0319649e-09 0.0061111389 0 -0.00051838143 0 0)
(-2.947241e-09 0.004364163 0 -0.00026425682 0 0)
(8.1588695e-10 0.0026168376 0 -9.5006617e-05 0 0)
(5.4498879e-09 0.00087186618 0 -1.0550951e-05 0 0)
(5.4067664e-09 -0.00087186728 0 -1.0550956e-05 0 0)
(7.1264082e-10 -0.0026168382 0 -9.5006549e-05 0 0)
(-3.1205357e-09 -0.0043641628 0 -0.00026425663 0 0)
(-3.1600477e-09 -0.006111138 0 -0.0005183812 0 0)
(-2.7084833e-09 0.0061111398 0 -0.00051838157 0 0)
(-3.4671918e-09 0.0043641626 0 -0.0002642569 0 0)
(1.1501951e-09 0.0026168362 0 -9.5006545e-05 0 0)
(5.1399722e-09 0.00087186576 0 -1.0550778e-05 0 0)
(5.1263304e-09 -0.00087186684 0 -1.0550772e-05 0 0)
(1.0485892e-09 -0.0026168367 0 -9.5006495e-05 0 0)
(-3.6173755e-09 -0.0043641624 0 -0.00026425673 0 0)
(-2.8138712e-09 -0.0061111389 0 -0.00051838137 0 0)
(-2.8771568e-09 0.0061111404 0 -0.00051838168 0 0)
(-2.773331e-09 0.0043641621 0 -0.00026425697 0 0)
(7.4676289e-10 0.0026168356 0 -9.5006505e-05 0 0)
(5.1299014e-09 0.00087186516 0 -1.0550633e-05 0 0)
(5.0963882e-09 -0.0008718662 0 -1.0550646e-05 0 0)
(6.7489658e-10 -0.002616836 0 -9.5006465e-05 0 0)
(-2.8979929e-09 -0.0043641619 0 -0.00026425683 0 0)
(-2.9698473e-09 -0.0061111396 0 -0.0005183815 0 0)
(-2.5525169e-09 0.0061111413 0 -0.00051838182 0 0)
(-3.2915439e-09 0.0043641617 0 -0.00026425705 0 0)
(1.0876447e-09 0.0026168342 0 -9.5006443e-05 0 0)
(4.8272574e-09 0.00087186476 0 -1.0550468e-05 0 0)
(4.8177451e-09 -0.00087186575 0 -1.0550464e-05 0 0)
(1.0065926e-09 -0.0026168346 0 -9.5006412e-05 0 0)
(-3.4061745e-09 -0.0043641615 0 -0.00026425693 0 0)
(-2.6292299e-09 -0.0061111404 0 -0.00051838165 0 0)
(-2.7232073e-09 0.0061111418 0 -0.00051838192 0 0)
(-2.5957014e-09 0.0043641613 0 -0.00026425712 0 0)
(6.899841e-10 0.0026168336 0 -9.5006412e-05 0 0)
(4.8250539e-09 0.0008718642 0 -1.0550333e-05 0 0)
(4.7937774e-09 -0.00087186519 0 -1.0550346e-05 0 0)
(6.3024248e-10 -0.002616834 0 -9.5006383e-05 0 0)
(-2.6940133e-09 -0.004364161 0 -0.00026425701 0 0)
(-2.7939215e-09 -0.006111141 0 -0.00051838177 0 0)
(-2.3980994e-09 0.0061111426 0 -0.00051838205 0 0)
(-3.1137568e-09 0.0043641609 0 -0.00026425721 0 0)
(1.0352576e-09 0.0026168323 0 -9.5006359e-05 0 0)
(4.5288008e-09 0.0008718638 0 -1.0550176e-05 0 0)
(4.5182326e-09 -0.00087186474 0 -1.0550168e-05 0 0)
(9.5950572e-10 -0.0026168327 0 -9.5006332e-05 0 0)
(-3.2108895e-09 -0.0043641606 0 -0.00026425711 0 0)
(-2.4576575e-09 -0.0061111419 0 -0.00051838191 0 0)
(-2.5711582e-09 0.0061111432 0 -0.00051838215 0 0)
(-2.4178301e-09 0.0043641605 0 -0.00026425728 0 0)
(6.4143797e-10 0.0026168318 0 -9.5006335e-05 0 0)
(4.5333008e-09 0.00087186329 0 -1.0550048e-05 0 0)
(4.4998903e-09 -0.00087186425 0 -1.0550058e-05 0 0)
(5.8217522e-10 -0.0026168322 0 -9.5006303e-05 0 0)
(-2.5044554e-09 -0.0043641602 0 -0.00026425719 0 0)
(-2.6294326e-09 -0.0061111424 0 -0.00051838202 0 0)
(-2.2463533e-09 0.0061111439 0 -0.00051838228 0 0)
(-2.9371728e-09 0.0043641601 0 -0.00026425737 0 0)
(9.8943854e-10 0.0026168305 0 -9.5006288e-05 0 0)
(4.243026e-09 0.00087186291 0 -1.0549898e-05 0 0)
(4.2287315e-09 -0.0008718638 0 -1.0549885e-05 0 0)
(9.1029289e-10 -0.0026168309 0 -9.5006255e-05 0 0)
(-3.0281428e-09 -0.0043641598 0 -0.00026425728 0 0)
(-2.2967142e-09 -0.0061111432 0 -0.00051838216 0 0)
(-2.4221878e-09 0.0061111444 0 -0.00051838237 0 0)
(-2.2427603e-09 0.0043641597 0 -0.00026425745 0 0)
(5.9806962e-10 0.00261683 0 -9.5006268e-05 0 0)
(4.2535568e-09 0.00087186244 0 -1.0549777e-05 0 0)
(4.215864e-09 -0.00087186337 0 -1.0549782e-05 0 0)
(5.3321092e-10 -0.0026168304 0 -9.5006229e-05 0 0)
(-2.3264711e-09 -0.0043641595 0 -0.00026425736 0 0)
(-2.474346e-09 -0.0061111437 0 -0.00051838226 0 0)
(-2.0983594e-09 0.0061111452 0 -0.00051838249 0 0)
(-2.7643476e-09 0.0043641594 0 -0.00026425753 0 0)
(9.4760366e-10 0.0026168289 0 -9.5006227e-05 0 0)
(3.9690958e-09 0.00087186207 0 -1.0549634e-05 0 0)
(3.950165e-09 -0.00087186292 0 -1.0549614e-05 0 0)
(8.6101809e-10 -0.0026168292 0 -9.5006184e-05 0 0)
(-2.8555941e-09 -0.0043641591 0 -0.00026425744 0 0)
(-2.1446046e-09 -0.0061111444 0 -0.00051838238 0 0)
(-2.2772956e-09 0.0061111456 0 -0.00051838258 0 0)
(-2.0725665e-09 0.004364159 0 -0.00026425761 0 0)
(5.5778171e-10 0.0026168284 0 -9.500621e-05 0 0)
(3.985247e-09 0.00087186164 0 -1.054952e-05 0 0)
(3.9426268e-09 -0.00087186254 0 -1.0549518e-05 0 0)
(4.8502092e-10 -0.0026168287 0 -9.500616e-05 0 0)
(-2.1580825e-09 -0.0043641587 0 -0.00026425752 0 0)
(-2.3272025e-09 -0.0061111449 0 -0.00051838248 0 0)
(-1.95499e-09 0.0061111463 0 -0.0005183827 0 0)
(-2.5969068e-09 0.0043641587 0 -0.0002642577 0 0)
(9.0805125e-10 0.0026168273 0 -9.5006172e-05 0 0)
(3.7065856e-09 0.00087186129 0 -1.0549382e-05 0 0)
(3.6832163e-09 -0.0008718621 0 -1.0549357e-05 0 0)
(8.1300947e-10 -0.0026168276 0 -9.5006119e-05 0 0)
(-2.6916776e-09 -0.0043641584 0 -0.0002642576 0 0)
(-2.0000716e-09 -0.0061111456 0 -0.0005183826 0 0)
(-2.1372441e-09 0.0061111467 0 -0.00051838278 0 0)
(-1.9085821e-09 0.0043641583 0 -0.00026425777 0 0)
(5.1926207e-10 0.0026168269 0 -9.5006157e-05 0 0)
(3.7281097e-09 0.00087186089 0 -1.0549274e-05 0 0)
(3.6808364e-09 -0.00087186177 0 -1.0549266e-05 0 0)
(4.3862399e-10 -0.0026168272 0 -9.5006098e-05 0 0)
(-1.9980077e-09 -0.0043641581 0 -0.00026425768 0 0)
(-2.187026e-09 -0.006111146 0 -0.00051838269 0 0)
(-1.8168948e-09 0.0061111473 0 -0.00051838289 0 0)
(-2.4363295e-09 0.0043641581 0 -0.00026425785 0 0)
(8.6977626e-10 0.0026168258 0 -9.5006123e-05 0 0)
(3.4553249e-09 0.00087186056 0 -1.0549143e-05 0 0)
(3.4283188e-09 -0.00087186133 0 -1.0549112e-05 0 0)
(7.6704345e-10 -0.0026168262 0 -9.500606e-05 0 0)
(-2.5354303e-09 -0.0043641578 0 -0.00026425776 0 0)
(-1.8622993e-09 -0.0061111466 0 -0.0005183828 0 0)
(-2.0025832e-09 0.0061111477 0 -0.00051838297 0 0)
(-1.7520145e-09 0.0043641577 0 -0.00026425792 0 0)
(4.81788e-10 0.0026168254 0 -9.500611e-05 0 0)
(3.4820742e-09 0.0008718602 0 -1.0549041e-05 0 0)
(3.4309075e-09 -0.00087186104 0 -1.0549028e-05 0 0)
(3.9456979e-10 -0.0026168258 0 -9.5006042e-05 0 0)
(-1.8454812e-09 -0.0043641575 0 -0.00026425783 0 0)
(-2.0532026e-09 -0.006111147 0 -0.00051838288 0 0)
(-1.6845248e-09 0.0061111483 0 -0.00051838308 0 0)
(-2.2833787e-09 0.0043641574 0 -0.000264258 0 0)
(8.3227453e-10 0.0026168245 0 -9.5006078e-05 0 0)
(3.2152898e-09 0.00087185989 0 -1.0548915e-05 0 0)
(3.1857044e-09 -0.00087186062 0 -1.054888e-05 0 0)
(7.2351067e-10 -0.0026168248 0 -9.5006007e-05 0 0)
(-2.3863162e-09 -0.0043641572 0 -0.0002642579 0 0)
(-1.7308008e-09 -0.0061111476 0 -0.00051838299 0 0)
(-1.8736792e-09 0.0061111486 0 -0.00051838315 0 0)
(-1.6034035e-09 0.0043641571 0 -0.00026425807 0 0)
(4.4503884e-10 0.0026168241 0 -9.5006066e-05 0 0)
(3.2471716e-09 0.00087185956 0 -1.0548818e-05 0 0)
(3.1930624e-09 -0.00087186036 0 -1.0548801e-05 0 0)
(3.5309266e-10 -0.0026168244 0 -9.5005991e-05 0 0)
(-1.7000897e-09 -0.0043641569 0 -0.00026425797 0 0)
(-1.9253748e-09 -0.006111148 0 -0.00051838307 0 0)
(-1.5581643e-09 0.0061111492 0 -0.00051838325 0 0)
(-2.1383878e-09 0.0043641569 0 -0.00026425815 0 0)
(7.9537076e-10 0.0026168232 0 -9.5006036e-05 0 0)
(2.9865214e-09 0.00087185926 0 -1.0548699e-05 0 0)
(2.9554469e-09 -0.00087185996 0 -1.0548661e-05 0 0)
(6.8254968e-10 -0.0026168235 0 -9.5005959e-05 0 0)
(-2.2440755e-09 -0.0043641566 0 -0.00026425805 0 0)
(-1.6053127e-09 -0.0061111486 0 -0.00051838317 0 0)
(-1.7507571e-09 0.0061111495 0 -0.00051838332 0 0)
(-1.4629324e-09 0.0043641566 0 -0.00026425821 0 0)
(4.0894679e-10 0.0026168229 0 -9.5006025e-05 0 0)
(3.0234646e-09 0.00087185896 0 -1.0548607e-05 0 0)
(2.9673713e-09 -0.00087185973 0 -1.0548587e-05 0 0)
(3.1423104e-10 -0.0026168232 0 -9.5005945e-05 0 0)
(-1.5616362e-09 -0.0043641563 0 -0.00026425811 0 0)
(-1.8033582e-09 -0.0061111489 0 -0.00051838324 0 0)
(-1.437974e-09 0.0061111501 0 -0.00051838342 0 0)
(-2.001459e-09 0.0043641563 0 -0.00026425829 0 0)
(7.59088e-10 0.002616822 0 -9.5005998e-05 0 0)
(2.7690667e-09 0.00087185869 0 -1.0548494e-05 0 0)
(2.7375016e-09 -0.00087185935 0 -1.0548454e-05 0 0)
(6.4414885e-10 -0.0026168223 0 -9.5005916e-05 0 0)
(-2.1086053e-09 -0.0043641561 0 -0.00026425818 0 0)
(-1.4857065e-09 -0.0061111494 0 -0.00051838334 0 0)
(-1.6339372e-09 0.0061111503 0 -0.00051838348 0 0)
(-1.3305918e-09 0.004364156 0 -0.00026425835 0 0)
(3.735867e-10 0.0026168218 0 -9.5005987e-05 0 0)
(2.8109997e-09 0.00087185841 0 -1.0548408e-05 0 0)
(2.7537872e-09 -0.00087185914 0 -1.0548385e-05 0 0)
(2.7791389e-10 -0.002616822 0 -9.5005904e-05 0 0)
(-1.4300383e-09 -0.0043641558 0 -0.00026425824 0 0)
(-1.6870715e-09 -0.0061111497 0 -0.0005183834 0 0)
(-1.3240197e-09 0.0061111508 0 -0.00051838358 0 0)
(-1.8725299e-09 0.0043641558 0 -0.00026425842 0 0)
(7.2355162e-10 0.002616821 0 -9.5005961e-05 0 0)
(2.5629376e-09 0.00087185815 0 -1.05483e-05 0 0)
(2.5317321e-09 -0.00087185879 0 -1.054826e-05 0 0)
(6.0821776e-10 -0.0026168212 0 -9.5005877e-05 0 0)
(-1.9798727e-09 -0.0043641556 0 -0.00026425831 0 0)
(-1.3719248e-09 -0.0061111503 0 -0.0005183835 0 0)
(-1.5232582e-09 0.0061111511 0 -0.00051838364 0 0)
(-1.2062505e-09 0.0043641556 0 -0.00026425847 0 0)
(3.3909846e-10 0.0026168207 0 -9.5005952e-05 0 0)
(2.6097747e-09 0.00087185789 0 -1.0548218e-05 0 0)
(2.5521727e-09 -0.00087185858 0 -1.0548194e-05 0 0)
(2.4401847e-10 -0.002616821 0 -9.5005866e-05 0 0)
(-1.3052554e-09 -0.0043641554 0 -0.00026425837 0 0)
(-1.5764838e-09 -0.0061111505 0 -0.00051838356 0 0)
(-1.2162957e-09 0.0061111516 0 -0.00051838372 0 0)
(-1.7514411e-09 0.0043641554 0 -0.00026425854 0 0)
(6.8892538e-10 0.0026168199 0 -9.5005927e-05 0 0)
(2.3680868e-09 0.00087185766 0 -1.0548117e-05 0 0)
(2.337924e-09 -0.00087185827 0 -1.0548076e-05 0 0)
(5.7463245e-10 -0.0026168202 0 -9.5005841e-05 0 0)
(-1.8578585e-09 -0.0043641552 0 -0.00026425844 0 0)
(-1.2639362e-09 -0.006111151 0 -0.00051838365 0 0)
(-1.4186971e-09 0.0061111517 0 -0.00051838378 0 0)
(-1.0897013e-09 0.0043641551 0 -0.00026425859 0 0)
(3.0563779e-10 0.0026168197 0 -9.5005918e-05 0 0)
(2.4197214e-09 0.00087185742 0 -1.054804e-05 0 0)
(2.3623161e-09 -0.00087185807 0 -1.0548015e-05 0 0)
(2.1240507e-10 -0.00261682 0 -9.5005833e-05 0 0)
(-1.187244e-09 -0.0043641549 0 -0.00026425849 0 0)
(-1.4715757e-09 -0.0061111512 0 -0.0005183837 0 0)
(-1.1147406e-09 0.0061111522 0 -0.00051838386 0 0)
(-1.6379727e-09 0.0043641549 0 -0.00026425866 0 0)
(6.553721e-10 0.002616819 0 -9.5005895e-05 0 0)
(2.1843968e-09 0.00087185721 0 -1.0547944e-05 0 0)
(2.1558024e-09 -0.00087185779 0 -1.0547904e-05 0 0)
(5.4326155e-10 -0.0026168192 0 -9.5005809e-05 0 0)
(-1.7425236e-09 -0.0043641547 0 -0.00026425856 0 0)
(-1.1617059e-09 -0.0061111517 0 -0.00051838379 0 0)
(-1.3201814e-09 0.0061111524 0 -0.00051838391 0 0)
(-9.806897e-10 0.0043641547 0 -0.00026425871 0 0)
(2.7334755e-10 0.0026168188 0 -9.5005887e-05 0 0)
(2.240699e-09 0.00087185698 0 -1.0547872e-05 0 0)
(2.1839444e-09 -0.00087185759 0 -1.0547846e-05 0 0)
(1.829359e-10 -0.002616819 0 -9.5005802e-05 0 0)
(-1.0759323e-09 -0.0043641545 0 -0.00026425861 0 0)
(-1.3723158e-09 -0.0061111519 0 -0.00051838384 0 0)
(-1.0192481e-09 0.0061111528 0 -0.00051838399 0 0)
(-1.5318646e-09 0.0043641545 0 -0.00026425877 0 0)
(6.2303296e-10 0.0026168181 0 -9.5005864e-05 0 0)
(2.0116767e-09 0.00087185679 0 -1.0547782e-05 0 0)
(1.9850368e-09 -0.00087185734 0 -1.0547742e-05 0 0)
(5.1397941e-10 -0.0026168184 0 -9.500578e-05 0 0)
(-1.6337905e-09 -0.0043641543 0 -0.00026425867 0 0)
(-1.0651786e-09 -0.0061111523 0 -0.00051838392 0 0)
(-1.2275983e-09 0.006111153 0 -0.00051838404 0 0)
(-8.7892927e-10 0.0043641543 0 -0.00026425881 0 0)
(2.423456e-10 0.002616818 0 -9.5005857e-05 0 0)
(2.0724955e-09 0.00087185658 0 -1.0547713e-05 0 0)
(2.0167343e-09 -0.00087185715 0 -1.0547688e-05 0 0)
(1.5548307e-10 -0.0026168182 0 -9.5005774e-05 0 0)
(-9.7120817e-10 -0.0043641541 0 -0.00026425872 0 0)
(-1.2786472e-09 -0.0061111525 0 -0.00051838397 0 0)
(-9.2967643e-10 0.0061111534 0 -0.00051838411 0 0)
(-1.4328299e-09 0.0043641541 0 -0.00026425887 0 0)
(5.920196e-10 0.0026168174 0 -9.5005836e-05 0 0)
(1.849667e-09 0.00087185641 0 -1.0547629e-05 0 0)
(1.8252505e-09 -0.00087185693 0 -1.0547591e-05 0 0)
(4.8667077e-10 -0.0026168175 0 -9.5005754e-05 0 0)
(-1.5315383e-09 -0.004364154 0 -0.00026425877 0 0)
(-9.7426993e-10 -0.0061111529 0 -0.00051838404 0 0)
(-1.140801e-09 0.0061111535 0 -0.00051838415 0 0)
(-7.8411375e-10 0.0043641539 0 -0.00026425891 0 0)
(2.1271876e-10 0.0026168172 0 -9.5005829e-05 0 0)
(1.9148325e-09 0.00087185621 0 -1.0547565e-05 0 0)
(1.8603161e-09 -0.00087185674 0 -1.054754e-05 0 0)
(1.2993064e-10 -0.0026168174 0 -9.5005749e-05 0 0)
(-8.7291795e-10 -0.0043641538 0 -0.00026425882 0 0)
(-1.1904809e-09 -0.0061111531 0 -0.00051838409 0 0)
(-8.4585255e-10 0.0061111539 0 -0.00051838422 0 0)
(-1.3405641e-09 0.0043641538 0 -0.00026425897 0 0)
(5.6241138e-10 0.0026168166 0 -9.5005809e-05 0 0)
(1.6980466e-09 0.00087185606 0 -1.0547486e-05 0 0)
(1.6760282e-09 -0.00087185655 0 -1.0547449e-05 0 0)
(4.6123029e-10 -0.0026168168 0 -9.5005729e-05 0 0)
(-1.4356043e-09 -0.0043641537 0 -0.00026425887 0 0)
(-8.8886382e-10 -0.0061111535 0 -0.00051838416 0 0)
(-1.0596135e-09 0.006111154 0 -0.00051838426 0 0)
(-6.9592213e-10 0.0043641536 0 -0.00026425901 0 0)
(1.8452429e-10 0.0026168165 0 -9.5005803e-05 0 0)
(1.7673737e-09 0.00087185587 0 -1.0547426e-05 0 0)
(1.7142833e-09 -0.00087185636 0 -1.0547401e-05 0 0)
(1.0617258e-10 -0.0026168167 0 -9.5005726e-05 0 0)
(-7.8086968e-10 -0.0043641535 0 -0.00026425892 0 0)
(-1.1076961e-09 -0.0061111536 0 -0.0005183842 0 0)
(-7.6757817e-10 0.0061111544 0 -0.00051838433 0 0)
(-1.2547482e-09 0.0043641535 0 -0.00026425905 0 0)
(5.3425812e-10 0.0026168159 0 -9.5005784e-05 0 0)
(1.5564424e-09 0.00087185574 0 -1.0547352e-05 0 0)
(1.536921e-09 -0.0008718562 0 -1.0547317e-05 0 0)
(4.3756056e-10 -0.0026168161 0 -9.5005707e-05 0 0)
(-1.3457875e-09 -0.0043641533 0 -0.00026425897 0 0)
(-8.0881328e-10 -0.006111154 0 -0.00051838427 0 0)
(-9.8383537e-10 0.0061111544 0 -0.00051838436 0 0)
(-6.1402351e-10 0.0043641533 0 -0.00026425909 0 0)
(1.5779303e-10 0.0026168158 0 -9.5005779e-05 0 0)
(1.6297351e-09 0.00087185555 0 -1.0547295e-05 0 0)
(1.5781956e-09 -0.00087185601 0 -1.0547271e-05 0 0)
(8.4110803e-11 -0.002616816 0 -9.5005704e-05 0 0)
(-6.9483793e-10 -0.0043641532 0 -0.00026425901 0 0)
(-1.0301412e-09 -0.006111154 0 -0.00051838431 0 0)
(-6.9463244e-10 0.0061111548 0 -0.00051838443 0 0)
(-1.1750539e-09 0.0043641532 0 -0.00026425914 0 0)
(5.075841e-10 0.0026168153 0 -9.5005761e-05 0 0)
(1.4244391e-09 0.00087185544 0 -1.0547227e-05 0 0)
(1.4074564e-09 -0.00087185588 0 -1.0547194e-05 0 0)
(4.1556929e-10 -0.0026168155 0 -9.5005687e-05 0 0)
(-1.2618568e-09 -0.0043641531 0 -0.00026425905 0 0)
(-7.3394355e-10 -0.0061111544 0 -0.00051838437 0 0)
(-9.1324529e-10 0.0061111548 0 -0.00051838446 0 0)
(-5.3807765e-10 0.004364153 0 -0.00026425917 0 0)
(1.3253313e-10 0.0026168152 0 -9.5005756e-05 0 0)
(1.5014934e-09 0.00087185527 0 -1.0547174e-05 0 0)
(1.4515877e-09 -0.00087185569 0 -1.054715e-05 0 0)
(6.3651849e-11 -0.0026168154 0 -9.5005685e-05 0 0)
(-6.1457143e-10 -0.0043641529 0 -0.00026425909 0 0)
(-9.5763837e-10 -0.0061111545 0 -0.0005183844 0 0)
(-6.2677943e-10 0.0061111552 0 -0.00051838452 0 0)
(-1.1011428e-09 0.0043641529 0 -0.00026425921 0 0)
(4.8239204e-10 0.0026168148 0 -9.5005739e-05 0 0)
(1.3015893e-09 0.00087185517 0 -1.054711e-05 0 0)
(1.2871419e-09 -0.00087185559 0 -1.0547079e-05 0 0)
(3.9516692e-10 -0.0026168149 0 -9.5005669e-05 0 0)
(-1.1835567e-09 -0.0043641528 0 -0.00026425914 0 0)
(-6.6405682e-10 -0.0061111548 0 -0.00051838446 0 0)
(-8.4760559e-10 0.0061111552 0 -0.00051838454 0 0)
(-4.6774048e-10 0.0043641527 0 -0.00026425925 0 0)
(1.0873423e-10 0.0026168147 0 -9.5005735e-05 0 0)
(1.382197e-09 0.000871855 0 -1.054706e-05 0 0)
(1.3339742e-09 -0.0008718554 0 -1.0547038e-05 0 0)
(4.4704654e-11 -0.0026168148 0 -9.5005667e-05 0 0)
(-5.3979944e-10 -0.0043641526 0 -0.00026425917 0 0)
(-8.8998804e-10 -0.0061111549 0 -0.0005183845 0 0)
(-5.6376644e-10 0.0061111555 0 -0.0005183846 0 0)
(-1.0326772e-09 0.0043641526 0 -0.00026425929 0 0)
(4.5866744e-10 0.0026168142 0 -9.5005718e-05 0 0)
(1.1874225e-09 0.00087185493 0 -1.0547001e-05 0 0)
(1.1754726e-09 -0.00087185532 0 -1.0546972e-05 0 0)
(3.762646e-10 -0.0026168144 0 -9.5005652e-05 0 0)
(-1.110614e-09 -0.0043641525 0 -0.00026425921 0 0)
(-5.9893794e-10 -0.0061111552 0 -0.00051838455 0 0)
(-7.8666503e-10 0.0061111555 0 -0.00051838463 0 0)
(-4.0266697e-10 0.0043641525 0 -0.00026425932 0 0)
(8.6372383e-11 0.0026168142 0 -9.5005715e-05 0 0)
(1.2713742e-09 0.00087185476 0 -1.0546954e-05 0 0)
(1.2248564e-09 -0.00087185512 0 -1.0546933e-05 0 0)
(2.7179918e-11 -0.0026168143 0 -9.5005651e-05 0 0)
(-4.702378e-10 -0.0043641524 0 -0.00026425924 0 0)
(-8.2697427e-10 -0.0061111552 0 -0.00051838458 0 0)
(-5.0533196e-10 0.0061111559 0 -0.00051838468 0 0)
(-9.6931554e-10 0.0043641524 0 -0.00026425935 0 0)
(4.3638334e-10 0.0026168138 0 -9.5005699e-05 0 0)
(1.0814543e-09 0.0008718547 0 -1.0546899e-05 0 0)
(1.0719378e-09 -0.00087185507 0 -1.0546872e-05 0 0)
(3.5877475e-10 -0.0026168139 0 -9.5005637e-05 0 0)
(-1.0427472e-09 -0.0043641523 0 -0.00026425928 0 0)
(-5.383555e-10 -0.0061111556 0 -0.00051838463 0 0)
(-7.3016351e-10 0.0061111559 0 -0.0005183847 0 0)
(-3.42513e-10 0.0043641523 0 -0.00026425938 0 0)
(6.5411423e-11 0.0026168137 0 -9.5005696e-05 0 0)
(1.1685411e-09 0.00087185455 0 -1.0546856e-05 0 0)
(1.1237278e-09 -0.00087185488 0 -1.0546836e-05 0 0)
(1.0989599e-11 -0.0026168139 0 -9.5005636e-05 0 0)
(-4.0559774e-10 -0.0043641522 0 -0.00026425931 0 0)
(-7.6836716e-10 -0.0061111556 0 -0.00051838466 0 0)
(-4.5120898e-10 0.0061111562 0 -0.00051838475 0 0)
(-9.1071909e-10 0.0043641522 0 -0.00026425941 0 0)
(4.1549941e-10 0.0026168133 0 -9.5005681e-05 0 0)
(9.8319368e-10 0.00087185449 0 -1.0546805e-05 0 0)
(9.7602677e-10 -0.00087185484 0 -1.054678e-05 0 0)
(3.4260917e-10 -0.0026168134 0 -9.5005623e-05 0 0)
(-9.7966836e-10 -0.0043641521 0 -0.00026425935 0 0)
(-4.8206974e-10 -0.0061111559 0 -0.00051838471 0 0)
(-6.7783712e-10 0.0061111561 0 -0.00051838477 0 0)
(-2.8693823e-10 0.004364152 0 -0.00026425944 0 0)
(4.5804028e-11 0.0026168133 0 -9.5005679e-05 0 0)
(1.0732097e-09 0.00087185435 0 -1.0546764e-05 0 0)
(1.0300819e-09 -0.00087185465 0 -1.0546745e-05 0 0)
(-3.9559179e-12 -0.0026168134 0 -9.5005623e-05 0 0)
(-3.4558679e-10 -0.004364152 0 -0.00026425937 0 0)
(-7.1392988e-10 -0.0061111559 0 -0.00051838473 0 0)
(-4.0112824e-10 0.0061111564 0 -0.00051838482 0 0)
(-8.5655447e-10 0.004364152 0 -0.00026425947 0 0)
(3.9596983e-10 0.0026168129 0 -9.5005665e-05 0 0)
(8.9214994e-10 0.00087185431 0 -1.0546717e-05 0 0)
(8.8723361e-10 -0.00087185464 0 -1.0546693e-05 0 0)
(3.27678e-10 -0.002616813 0 -9.500561e-05 0 0)
(-9.2108712e-10 -0.0043641519 0 -0.00026425941 0 0)
(-4.298351e-10 -0.0061111562 0 -0.00051838478 0 0)
(-6.2942034e-10 0.0061111564 0 -0.00051838483 0 0)
(-2.3561021e-10 0.0043641519 0 -0.00026425949 0 0)
(2.7506645e-11 0.0026168129 0 -9.5005662e-05 0 0)
(9.8489349e-10 0.00087185416 0 -1.0546679e-05 0 0)
(9.4341654e-10 -0.00087185445 0 -1.0546661e-05 0 0)
(-1.7743759e-11 -0.002616813 0 -9.500561e-05 0 0)
(-2.8991506e-10 -0.0043641518 0 -0.00026425943 0 0)
(-6.6342139e-10 -0.0061111562 0 -0.0005183848 0 0)
(-3.5482116e-10 0.0061111567 0 -0.00051838488 0 0)
(-8.0649629e-10 0.0043641518 0 -0.00026425952 0 0)
(3.777495e-10 0.0026168126 0 -9.500565e-05 0 0)
(8.0783763e-10 0.00087185414 0 -1.0546635e-05 0 0)
(8.050617e-10 -0.00087185445 0 -1.0546614e-05 0 0)
(3.1389727e-10 -0.0026168127 0 -9.5005599e-05 0 0)
(-8.6671668e-10 -0.0043641517 0 -0.00026425947 0 0)
(-3.8140376e-10 -0.0061111564 0 -0.00051838484 0 0)
(-5.846492e-10 0.0061111566 0 -0.00051838489 0 0)
(-1.8820585e-10 0.0043641517 0 -0.00026425954 0 0)
(1.0455171e-11 0.0026168125 0 -9.5005648e-05 0 0)
(9.0311342e-10 0.000871854 0 -1.05466e-05 0 0)
(8.6323904e-10 -0.00087185426 0 -1.0546583e-05 0 0)
(-3.045654e-11 -0.0026168127 0 -9.5005599e-05 0 0)
(-2.3830006e-10 -0.0043641516 0 -0.00026425949 0 0)
(-6.1659958e-10 -0.0061111564 0 -0.00051838486 0 0)
(-3.1202352e-10 0.0061111569 0 -0.00051838493 0 0)
(-7.6023012e-10 0.0043641516 0 -0.00026425957 0 0)
(3.6075968e-10 0.0026168122 0 -9.5005636e-05 0 0)
(7.2978252e-10 0.00087185398 0 -1.0546559e-05 0 0)
(7.2902882e-10 -0.00087185427 0 -1.0546539e-05 0 0)
(3.0118035e-10 -0.0026168123 0 -9.5005588e-05 0 0)
(-8.1627659e-10 -0.0043641516 0 -0.00026425952 0 0)
(-3.365272e-10 -0.0061111567 0 -0.0005183849 0 0)
(-5.4326553e-10 0.0061111568 0 -0.00051838495 0 0)
(-1.4441549e-10 0.0043641515 0 -0.00026425959 0 0)
(-5.4172323e-12 0.0026168122 0 -9.5005634e-05 0 0)
(8.2740198e-10 0.00087185385 0 -1.0546526e-05 0 0)
(7.8907069e-10 -0.00087185409 0 -1.054651e-05 0 0)
(-4.218149e-11 -0.0026168123 0 -9.5005589e-05 0 0)
(-1.904731e-10 -0.0043641515 0 -0.00026425954 0 0)
(-5.7322302e-10 -0.0061111566 0 -0.00051838491 0 0)
(-2.7247792e-10 0.0061111571 0 -0.00051838498 0 0)
(-7.174544e-10 0.0043641515 0 -0.00026425962 0 0)
(3.4496485e-10 0.0026168119 0 -9.5005623e-05 0 0)
(6.5752445e-10 0.00087185384 0 -1.0546489e-05 0 0)
(6.5866984e-10 -0.00087185412 0 -1.054647e-05 0 0)
(2.8944383e-10 -0.002616812 0 -9.5005579e-05 0 0)
(-7.6949592e-10 -0.0043641514 0 -0.00026425957 0 0)
(-2.9495765e-10 -0.0061111569 0 -0.00051838495 0 0)
(-5.0501767e-10 0.006111157 0 -0.00051838499 0 0)
(-1.0394206e-10 0.0043641514 0 -0.00026425963 0 0)
(-2.0145078e-11 0.0026168119 0 -9.5005621e-05 0 0)
(7.5730737e-10 0.00087185372 0 -1.0546457e-05 0 0)
(7.2045077e-10 -0.00087185394 0 -1.0546443e-05 0 0)
(-5.299525e-11 -0.002616812 0 -9.500558e-05 0 0)
(-1.461769e-10 -0.0043641513 0 -0.00026425959 0 0)
(-5.3305209e-10 -0.0061111568 0 -0.00051838497 0 0)
(-2.3593512e-10 0.0061111573 0 -0.00051838503 0 0)
(-6.7788159e-10 0.0043641513 0 -0.00026425966 0 0)
(3.3029016e-10 0.0026168117 0 -9.5005611e-05 0 0)
(5.9062143e-10 0.00087185371 0 -1.0546423e-05 0 0)
(5.9354052e-10 -0.00087185398 0 -1.0546406e-05 0 0)
(2.7861086e-10 -0.0026168118 0 -9.500557e-05 0 0)
(-7.2610067e-10 -0.0043641513 0 -0.00026425961 0 0)
(-2.5644811e-10 -0.0061111571 0 -0.000518385 0 0)
(-4.6966401e-10 0.0061111572 0 -0.00051838504 0 0)
(-6.6505891e-11 0.0043641512 0 -0.00026425967 0 0)
(-3.3828931e-11 0.0026168117 0 -9.5005609e-05 0 0)
(6.9239607e-10 0.00087185359 0 -1.0546394e-05 0 0)
(6.5693887e-10 -0.0008718538 0 -1.054638e-05 0 0)
(-6.2974762e-11 -0.0026168118 0 -9.5005571e-05 0 0)
(-1.0512144e-10 -0.0043641512 0 -0.00026425963 0 0)
(-4.9585085e-10 -0.006111157 0 -0.00051838501 0 0)
(-2.0215743e-10 0.0061111575 0 -0.00051838508 0 0)
(-6.4124161e-10 0.0043641512 0 -0.0002642597 0 0)
(3.1666222e-10 0.0026168114 0 -9.50056e-05 0 0)
(5.2865173e-10 0.0008718536 0 -1.0546362e-05 0 0)
(5.3321867e-10 -0.00087185385 0 -1.0546347e-05 0 0)
(2.6860391e-10 -0.0026168115 0 -9.5005563e-05 0 0)
(-6.8581069e-10 -0.0043641512 0 -0.00026425966 0 0)
(-2.2076103e-10 -0.0061111573 0 -0.00051838505 0 0)
(-4.369737e-10 0.0061111574 0 -0.00051838508 0 0)
(-3.1843753e-11 0.0043641511 0 -0.00026425971 0 0)
(-4.6508891e-11 0.0026168114 0 -9.5005599e-05 0 0)
(6.3225601e-10 0.00087185348 0 -1.0546335e-05 0 0)
(5.9811736e-10 -0.00087185368 0 -1.0546322e-05 0 0)
(-7.2193193e-11 -0.0026168115 0 -9.5005564e-05 0 0)
(-6.6939112e-11 -0.0043641511 0 -0.00026425967 0 0)
(-4.614023e-10 -0.0061111572 0 -0.00051838506 0 0)
(-1.7091806e-10 0.0061111576 0 -0.00051838512 0 0)
(-6.072803e-10 0.0043641511 0 -0.00026425973 0 0)
(3.0403468e-10 0.0026168112 0 -9.500559e-05 0 0)
(4.7121565e-10 0.00087185349 0 -1.0546305e-05 0 0)
(4.773057e-10 -0.00087185373 0 -1.0546291e-05 0 0)
(2.5935277e-10 -0.0026168113 0 -9.5005556e-05 0 0)
(-6.4840049e-10 -0.0043641511 0 -0.00026425969 0 0)
(-1.8769936e-10 -0.0061111574 0 -0.00051838509 0 0)
(-4.0672747e-10 0.0061111575 0 -0.00051838512 0 0)
(2.9009097e-13 0.004364151 0 -0.00026425975 0 0)
(-5.8253514e-11 0.0026168112 0 -9.5005589e-05 0 0)
(5.7649702e-10 0.00087185338 0 -1.054628e-05 0 0)
(5.4359273e-10 -0.00087185357 0 -1.0546268e-05 0 0)
(-8.0716145e-11 -0.0026168113 0 -9.5005557e-05 0 0)
(-3.1423724e-11 -0.004364151 0 -0.00026425971 0 0)
(-4.2950962e-10 -0.0061111574 0 -0.0005183851 0 0)
(-1.420033e-10 0.0061111577 0 -0.00051838515 0 0)
(-5.75761e-10 0.004364151 0 -0.00026425977 0 0)
(2.9233085e-10 0.002616811 0 -9.5005581e-05 0 0)
(4.1793682e-10 0.0008718534 0 -1.0546252e-05 0 0)
(4.2542735e-10 -0.00087185363 0 -1.054624e-05 0 0)
(2.5079225e-10 -0.0026168111 0 -9.500555e-05 0 0)
(-6.1365626e-10 -0.004364151 0 -0.00026425973 0 0)
(-1.5713233e-10 -0.0061111576 0 -0.00051838513 0 0)
(-3.7871971e-10 0.0061111576 0 -0.00051838515 0 0)
(3.0123751e-11 0.0043641509 0 -0.00026425978 0 0)
(-6.9133211e-11 0.002616811 0 -9.500558e-05 0 0)
(5.2475229e-10 0.0008718533 0 -1.0546228e-05 0 0)
(4.9299603e-10 -0.00087185347 0 -1.0546218e-05 0 0)
(-8.8606469e-11 -0.0026168111 0 -9.5005551e-05 0 0)
(1.5430534e-12 -0.0043641509 0 -0.00026425975 0 0)
(-3.9994969e-10 -0.0061111575 0 -0.00051838513 0 0)
(-1.1521263e-10 0.0061111579 0 -0.00051838519 0 0)
(-5.4646527e-10 0.0043641509 0 -0.0002642598 0 0)
(2.8148881e-10 0.0026168108 0 -9.5005573e-05 0 0)
(3.6846223e-10 0.00087185332 0 -1.0546203e-05 0 0)
(3.7723392e-10 -0.00087185353 0 -1.0546192e-05 0 0)
(2.4286016e-10 -0.0026168109 0 -9.5005544e-05 0 0)
(-5.8137941e-10 -0.0043641509 0 -0.00026425977 0 0)
(-1.288867e-10 -0.0061111577 0 -0.00051838516 0 0)
(-3.5275737e-10 0.0061111577 0 -0.00051838519 0 0)
(5.7866823e-11 0.0043641508 0 -0.00026425981 0 0)
(-7.9204712e-11 0.0026168108 0 -9.5005572e-05 0 0)
(4.7667844e-10 0.00087185322 0 -1.054618e-05 0 0)
(4.4598377e-10 -0.00087185338 0 -1.0546171e-05 0 0)
(-9.5922854e-11 -0.0026168109 0 -9.5005545e-05 0 0)
(3.2158532e-11 -0.0043641508 0 -0.00026425978 0 0)
(-3.7251569e-10 -0.0061111576 0 -0.00051838517 0 0)
(-9.0359045e-11 0.006111158 0 -0.00051838522 0 0)
(-5.1919155e-10 0.0043641508 0 -0.00026425983 0 0)
(2.714495e-10 0.0026168107 0 -9.5005566e-05 0 0)
(3.2246265e-10 0.00087185324 0 -1.0546157e-05 0 0)
(3.3240097e-10 -0.00087185345 0 -1.0546147e-05 0 0)
(2.3549949e-10 -0.0026168108 0 -9.5005539e-05 0 0)
(-5.5135993e-10 -0.0043641508 0 -0.0002642598 0 0)
(-1.0270238e-10 -0.0061111578 0 -0.0005183852 0 0)
(-3.2866088e-10 0.0061111578 0 -0.00051838521 0 0)
(8.3711909e-11 0.0043641507 0 -0.00026425984 0 0)
(-8.852916e-11 0.0026168107 0 -9.5005565e-05 0 0)
(4.3195634e-10 0.00087185315 0 -1.0546136e-05 0 0)
(4.0223815e-10 -0.0008718533 0 -1.0546127e-05 0 0)
(-1.0271838e-10 -0.0026168108 0 -9.5005541e-05 0 0)
(6.0637627e-11 -0.0043641507 0 -0.00026425981 0 0)
(-3.4703136e-10 -0.0061111577 0 -0.0005183852 0 0)
(-6.7268878e-11 0.0061111581 0 -0.00051838524 0 0)
(-4.9375501e-10 0.0043641507 0 -0.00026425985 0 0)
(2.6215192e-10 0.0026168105 0 -9.5005559e-05 0 0)
(2.7963318e-10 0.00087185318 0 -1.0546114e-05 0 0)
(2.9062928e-10 -0.00087185337 0 -1.0546105e-05 0 0)
(2.2865831e-10 -0.0026168106 0 -9.5005535e-05 0 0)
(-5.2339415e-10 -0.0043641507 0 -0.00026425983 0 0)
(-7.836488e-11 -0.0061111579 0 -0.00051838523 0 0)
(-3.0626366e-10 0.0061111579 0 -0.00051838524 0 0)
(1.0783482e-10 0.0043641507 0 -0.00026425986 0 0)
(-9.7164486e-11 0.0026168105 0 -9.5005559e-05 0 0)
(3.9029068e-10 0.00087185309 0 -1.0546094e-05 0 0)
(3.6146629e-10 -0.00087185323 0 -1.0546086e-05 0 0)
(-1.0904245e-10 -0.0026168106 0 -9.5005537e-05 0 0)
(8.7172873e-11 -0.0043641506 0 -0.00026425984 0 0)
(-3.2334243e-10 -0.0061111578 0 -0.00051838523 0 0)
(-4.5783058e-11 0.0061111582 0 -0.00051838527 0 0)
(-4.6998496e-10 0.0043641507 0 -0.00026425988 0 0)
(2.5353929e-10 0.0026168104 0 -9.5005553e-05 0 0)
(2.3969254e-10 0.00087185312 0 -1.0546074e-05 0 0)
(2.516442e-10 -0.00087185331 0 -1.0546065e-05 0 0)
(2.2228811e-10 -0.0026168105 0 -9.5005532e-05 0 0)
(-4.972975e-10 -0.0043641506 0 -0.00026425986 0 0)
(-5.5714273e-11 -0.006111158 0 -0.00051838525 0 0)
(-2.8541388e-10 0.006111158 0 -0.00051838527 0 0)
(1.3039877e-10 0.0043641506 0 -0.00026425989 0 0)
(-1.0516507e-10 0.0026168104 0 -9.5005553e-05 0 0)
(3.5141008e-10 0.00087185303 0 -1.0546055e-05 0 0)
(3.2340017e-10 -0.00087185317 0 -1.0546048e-05 0 0)
(-1.1494013e-10 -0.0026168105 0 -9.5005533e-05 0 0)
(1.1193623e-10 -0.0043641506 0 -0.00026425987 0 0)
(-3.0130203e-10 -0.0061111579 0 -0.00051838525 0 0)
(-2.5754066e-11 0.0061111582 0 -0.00051838529 0 0)
(-4.4772947e-10 0.0043641506 0 -0.0002642599 0 0)
(2.4555803e-10 0.0026168103 0 -9.5005548e-05 0 0)
(2.0238298e-10 0.00087185307 0 -1.0546036e-05 0 0)
(2.1519449e-10 -0.00087185325 0 -1.0546029e-05 0 0)
(2.1634519e-10 -0.0026168104 0 -9.5005529e-05 0 0)
(-4.7290601e-10 -0.0043641506 0 -0.00026425988 0 0)
(-3.4608556e-11 -0.0061111581 0 -0.00051838528 0 0)
(-2.6596962e-10 0.0061111581 0 -0.00051838529 0 0)
(1.5154545e-10 0.0043641505 0 -0.00026425991 0 0)
(-1.1258246e-10 0.0026168103 0 -9.5005548e-05 0 0)
(3.1506567e-10 0.00087185299 0 -1.0546019e-05 0 0)
(2.8779508e-10 -0.00087185312 0 -1.0546012e-05 0 0)
(-1.2045242e-10 -0.0026168104 0 -9.500553e-05 0 0)
(1.3507521e-10 -0.0043641505 0 -0.00026425989 0 0)
(-2.807646e-10 -0.006111158 0 -0.00051838527 0 0)
(-7.0470912e-12 0.0061111583 0 -0.00051838531 0 0)
(-4.2685014e-10 0.0043641505 0 -0.00026425993 0 0)
(2.3815722e-10 0.0026168102 0 -9.5005544e-05 0 0)
(1.6746863e-10 0.00087185302 0 -1.0546001e-05 0 0)
(1.8105119e-10 -0.0008718532 0 -1.0545994e-05 0 0)
(2.1078903e-10 -0.0026168103 0 -9.5005526e-05 0 0)
(-4.5006902e-10 -0.0043641505 0 -0.00026425991 0 0)
(-1.4914325e-11 -0.0061111582 0 -0.0005183853 0 0)
(-2.4780179e-10 0.0061111581 0 -0.00051838531 0 0)
(1.7140422e-10 0.0043641505 0 -0.00026425993 0 0)
(-1.1946519e-10 0.0026168102 0 -9.5005544e-05 0 0)
(2.8103075e-10 0.00087185295 0 -1.0545984e-05 0 0)
(2.5442777e-10 -0.00087185308 0 -1.0545978e-05 0 0)
(-1.2561714e-10 -0.0026168103 0 -9.5005527e-05 0 0)
(1.5671811e-10 -0.0043641505 0 -0.00026425992 0 0)
(-2.6159456e-10 -0.0061111581 0 -0.0005183853 0 0)
(1.0460424e-11 0.0061111584 0 -0.00051838533 0 0)
(-4.0722246e-10 0.0043641505 0 -0.00026425995 0 0)
(2.3128926e-10 0.0026168101 0 -9.500554e-05 0 0)
(1.3473516e-10 0.00087185298 0 -1.0545968e-05 0 0)
(1.4900616e-10 -0.00087185315 0 -1.0545962e-05 0 0)
(2.0558311e-10 -0.0026168102 0 -9.5005524e-05 0 0)
(-4.2864515e-10 -0.0043641505 0 -0.00026425993 0 0)
(3.4914522e-12 -0.0061111582 0 -0.00051838532 0 0)
(-2.307931e-10 0.0061111582 0 -0.00051838532 0 0)
(1.9008935e-10 0.0043641504 0 -0.00026425996 0 0)
(-1.2585884e-10 0.0026168102 0 -9.5005541e-05 0 0)
(2.4909956e-10 0.00087185292 0 -1.0545952e-05 0 0)
(2.2309667e-10 -0.00087185304 0 -1.0545947e-05 0 0)
(-1.3046814e-10 -0.0026168102 0 -9.5005525e-05 0 0)
(1.7697702e-10 -0.0043641504 0 -0.00026425994 0 0)
(-2.4366933e-10 -0.0061111581 0 -0.00051838531 0 0)
(2.6879837e-11 0.0061111584 0 -0.00051838535 0 0)
(-3.8873437e-10 0.0043641505 0 -0.00026425997 0 0)
(2.249094e-10 0.0026168101 0 -9.5005537e-05 0 0)
(1.0398858e-10 0.00087185295 0 -1.0545937e-05 0 0)
(1.1887175e-10 -0.00087185311 0 -1.0545931e-05 0 0)
(2.0069409e-10 -0.0026168101 0 -9.5005522e-05 0 0)
(-4.0850649e-10 -0.0043641504 0 -0.00026425995 0 0)
(2.0723621e-11 -0.0061111583 0 -0.00051838533 0 0)
(-2.1483652e-10 0.0061111582 0 -0.00051838534 0 0)
(2.0770114e-10 0.0043641504 0 -0.00026425998 0 0)
(-1.3180583e-10 0.0026168101 0 -9.5005538e-05 0 0)
(2.1908597e-10 0.00087185289 0 -1.0545922e-05 0 0)
(1.9361995e-10 -0.00087185301 0 -1.0545917e-05 0 0)
(-1.3503646e-10 -0.0026168102 0 -9.5005524e-05 0 0)
(1.9595539e-10 -0.0043641504 0 -0.00026425996 0 0)
(-2.2687711e-10 -0.0061111582 0 -0.00051838533 0 0)
(4.2311795e-11 0.0061111584 0 -0.00051838536 0 0)
(-3.71286e-10 0.0043641504 0 -0.00026425999 0 0)
(2.1897607e-10 0.00261681 0 -9.5005535e-05 0 0)
(7.5053899e-11 0.00087185293 0 -1.0545908e-05 0 0)
(9.0479082e-11 -0.00087185308 0 -1.0545902e-05 0 0)
(1.9609154e-10 -0.0026168101 0 -9.5005521e-05 0 0)
(-3.8954909e-10 -0.0043641504 0 -0.00026425997 0 0)
(3.6887787e-11 -0.0061111583 0 -0.00051838535 0 0)
(-1.9983578e-10 0.0061111583 0 -0.00051838535 0 0)
(2.2432673e-10 0.0043641504 0 -0.00026426 0 0)
(-1.3734524e-10 0.00261681 0 -9.5005535e-05 0 0)
(1.9082287e-10 0.00087185287 0 -1.0545894e-05 0 0)
(1.6583406e-10 -0.00087185298 0 -1.0545889e-05 0 0)
(-1.3935048e-10 -0.0026168101 0 -9.5005523e-05 0 0)
(2.1379005e-10 -0.0043641504 0 -0.00026425998 0 0)
(-2.1111608e-10 -0.0061111582 0 -0.00051838534 0 0)
(5.6846565e-11 0.0061111585 0 -0.00051838537 0 0)
(-3.5478737e-10 0.0043641504 0 -0.00026426001 0 0)
(2.1345138e-10 0.00261681 0 -9.5005533e-05 0 0)
(4.7774362e-11 0.00087185291 0 -1.054588e-05 0 0)
(6.3676501e-11 -0.00087185305 0 -1.0545875e-05 0 0)
(1.917476e-10 -0.00261681 0 -9.5005521e-05 0 0)
(-3.7170579e-10 -0.0043641504 0 -0.00026425999 0 0)
(5.2079148e-11 -0.0061111584 0 -0.00051838536 0 0)
(-1.857043e-10 0.0061111583 0 -0.00051838537 0 0)
(2.4004793e-10 0.0043641503 0 -0.00026426001 0 0)
(-1.4251303e-10 0.00261681 0 -9.5005534e-05 0 0)
(1.6416084e-10 0.00087185285 0 -1.0545867e-05 0 0)
(1.3959326e-10 -0.00087185296 0 -1.0545863e-05 0 0)
(-1.4343625e-10 -0.0026168101 0 -9.5005522e-05 0 0)
(2.3068066e-10 -0.0043641503 0 -0.00026426 0 0)
(-1.9629565e-10 -0.0061111582 0 -0.00051838536 0 0)
(7.0564565e-11 0.0061111585 0 -0.00051838539 0 0)
(-3.3915675e-10 0.0043641504 0 -0.00026426003 0 0)
(2.0830039e-10 0.0026168099 0 -9.5005532e-05 0 0)
(2.2010155e-11 0.00087185289 0 -1.0545854e-05 0 0)
(3.8328822e-11 -0.00087185303 0 -1.054585e-05 0 0)
(1.8763645e-10 -0.00261681 0 -9.5005521e-05 0 0)
(-3.5492475e-10 -0.0043641503 0 -0.00026426001 0 0)
(6.6384376e-11 -0.0061111584 0 -0.00051838538 0 0)
(-1.7236362e-10 0.0061111583 0 -0.00051838538 0 0)
(2.5495986e-10 0.0043641503 0 -0.00026426003 0 0)
(-1.47341e-10 0.00261681 0 -9.5005533e-05 0 0)
(1.3896648e-10 0.00087185284 0 -1.0545842e-05 0 0)
(1.1476678e-10 -0.00087185295 0 -1.0545838e-05 0 0)
(-1.4731733e-10 -0.00261681 0 -9.5005522e-05 0 0)
(2.4676509e-10 -0.0043641503 0 -0.00026426002 0 0)
(-1.8233376e-10 -0.0061111583 0 -0.00051838537 0 0)
(8.3535696e-11 0.0061111585 0 -0.0005183854 0 0)
(-3.2432181e-10 0.0043641503 0 -0.00026426004 0 0)
(2.0349275e-10 0.0026168099 0 -9.5005532e-05 0 0)
(-2.3636852e-12 0.00087185288 0 -1.054583e-05 0 0)
(1.4314841e-11 -0.00087185302 0 -1.0545826e-05 0 0)
(1.8373544e-10 -0.00261681 0 -9.5005521e-05 0 0)
(-3.3912345e-10 -0.0043641503 0 -0.00026426003 0 0)
(7.9881106e-11 -0.0061111584 0 -0.00051838539 0 0)
(-1.5974405e-10 0.0061111583 0 -0.00051838538 0 0)
(2.6917412e-10 0.0043641503 0 -0.00026426005 0 0)
(-1.5185758e-10 0.0026168099 0 -9.5005532e-05 0 0)
(1.1512116e-10 0.00087185284 0 -1.0545818e-05 0 0)
(9.1238724e-11 -0.00087185294 0 -1.0545814e-05 0 0)
(-1.5101376e-10 -0.00261681 0 -9.5005523e-05 0 0)
(2.6204529e-10 -0.0043641503 0 -0.00026426004 0 0)
(-1.691574e-10 -0.0061111583 0 -0.00051838538 0 0)
(9.5820253e-11 0.0061111585 0 -0.0005183854 0 0)
(-3.102178e-10 0.0043641503 0 -0.00026426006 0 0)
(1.9900006e-10 0.0026168099 0 -9.5005532e-05 0 0)
(-2.5456723e-11 0.00087185288 0 -1.0545807e-05 0 0)
(-8.4725817e-12 -0.00087185301 0 -1.0545803e-05 0 0)
(1.8002464e-10 -0.00261681 0 -9.5005522e-05 0 0)
(-3.242096e-10 -0.0043641503 0 -0.00026426005 0 0)
(9.2638197e-11 -0.0061111585 0 -0.0005183854 0 0)
(-1.4778234e-10 0.0061111583 0 -0.00051838539 0 0)
(2.827524e-10 0.0043641503 0 -0.00026426007 0 0)
(-1.560898e-10 0.0026168099 0 -9.5005532e-05 0 0)
(9.2520817e-11 0.00087185284 0 -1.0545795e-05 0 0)
(6.8906135e-11 -0.00087185294 0 -1.0545792e-05 0 0)
(-1.5454605e-10 -0.00261681 0 -9.5005523e-05 0 0)
(2.7651656e-10 -0.0043641503 0 -0.00026426006 0 0)
(-1.5670128e-10 -0.0061111583 0 -0.00051838539 0 0)
(1.0747009e-10 0.0061111585 0 -0.00051838541 0 0)
(-2.9678045e-10 0.0043641503 0 -0.00026426008 0 0)
(1.9479702e-10 0.0026168099 0 -9.5005532e-05 0 0)
(-4.7367799e-11 0.00087185288 0 -1.0545785e-05 0 0)
(-3.0128183e-11 -0.000871853 0 -1.0545781e-05 0 0)
(1.7648287e-10 -0.0026168099 0 -9.5005523e-05 0 0)
(-3.1010309e-10 -0.0043641503 0 -0.00026426007 0 0)
(1.0471732e-10 -0.0061111585 0 -0.0005183854 0 0)
(-1.3642199e-10 0.0061111583 0 -0.0005183854 0 0)
(2.9570493e-10 0.0043641503 0 -0.00026426008 0 0)
(-1.6006013e-10 0.0026168099 0 -9.5005533e-05 0 0)
(7.1070261e-11 0.00087185285 0 -1.0545774e-05 0 0)
(4.76774e-11 -0.00087185294 0 -1.0545771e-05 0 0)
(-1.5793287e-10 -0.00261681 0 -9.5005525e-05 0 0)
(2.9021626e-10 -0.0043641503 0 -0.00026426007 0 0)
(-1.4490688e-10 -0.0061111583 0 -0.00051838539 0 0)
(1.185337e-10 0.0061111585 0 -0.00051838542 0 0)
(-2.8395947e-10 0.0043641503 0 -0.00026426009 0 0)
(1.9086199e-10 0.0026168099 0 -9.5005533e-05 0 0)
(-6.8185873e-11 0.00087185289 0 -1.0545764e-05 0 0)
(-5.0738586e-11 -0.000871853 0 -1.0545761e-05 0 0)
(1.7309346e-10 -0.0026168099 0 -9.5005525e-05 0 0)
(-2.9673783e-10 -0.0043641503 0 -0.00026426008 0 0)
(1.1617342e-10 -0.0061111585 0 -0.00051838541 0 0)
(-1.2561198e-10 0.0061111583 0 -0.0005183854 0 0)
(3.0804672e-10 0.0043641503 0 -0.0002642601 0 0)
(-1.6378872e-10 0.0026168099 0 -9.5005535e-05 0 0)
(5.0685588e-11 0.00087185286 0 -1.0545754e-05 0 0)
(2.7468816e-11 -0.00087185294 0 -1.0545751e-05 0 0)
(-1.6118973e-10 -0.00261681 0 -9.5005527e-05 0 0)
(3.0319848e-10 -0.0043641502 0 -0.00026426009 0 0)
(-1.3372256e-10 -0.0061111583 0 -0.0005183854 0 0)
(1.2906044e-10 0.0061111585 0 -0.00051838542 0 0)
(-2.7171298e-10 0.0043641503 0 -0.00026426011 0 0)
(1.8717487e-10 0.0026168099 0 -9.5005535e-05 0 0)
(-8.798959e-11 0.00087185289 0 -1.0545745e-05 0 0)
(-7.0380954e-11 -0.000871853 0 -1.0545742e-05 0 0)
(1.6983987e-10 -0.00261681 0 -9.5005527e-05 0 0)
(-2.8405832e-10 -0.0043641503 0 -0.0002642601 0 0)
(1.2705572e-10 -0.0061111585 0 -0.00051838541 0 0)
(-1.1530701e-10 0.0061111583 0 -0.00051838541 0 0)
(3.1981252e-10 0.0043641502 0 -0.00026426012 0 0)
(-1.6729378e-10 0.0026168099 0 -9.5005536e-05 0 0)
(3.1289596e-11 0.00087185287 0 -1.0545735e-05 0 0)
(8.204542e-12 -0.00087185295 0 -1.0545732e-05 0 0)
(-1.6433094e-10 -0.00261681 0 -9.5005529e-05 0 0)
(3.1551697e-10 -0.0043641502 0 -0.00026426011 0 0)
(-1.2310074e-10 -0.0061111583 0 -0.0005183854 0 0)
(1.3909939e-10 0.0061111585 0 -0.00051838543 0 0)
(-2.5999975e-10 0.0043641503 0 -0.00026426013 0 0)
(1.8371862e-10 0.0026168099 0 -9.5005538e-05 0 0)
(-1.0685327e-10 0.00087185291 0 -1.0545726e-05 0 0)
(-8.9127671e-11 -0.00087185301 0 -1.0545723e-05 0 0)
(1.6670903e-10 -0.00261681 0 -9.500553e-05 0 0)
(-2.720168e-10 -0.0043641503 0 -0.00026426012 0 0)
(1.374087e-10 -0.0061111585 0 -0.00051838542 0 0)
(-1.0546657e-10 0.0061111583 0 -0.00051838541 0 0)
(3.3104495e-10 0.0043641502 0 -0.00026426013 0 0)
(-1.7059024e-10 0.00261681 0 -9.5005539e-05 0 0)
(1.2808036e-11 0.00087185289 0 -1.0545717e-05 0 0)
(-1.0188706e-11 -0.00087185297 0 -1.0545714e-05 0 0)
(-1.6736799e-10 -0.00261681 0 -9.5005532e-05 0 0)
(3.2722075e-10 -0.0043641502 0 -0.00026426012 0 0)
(-1.1299827e-10 -0.0061111583 0 -0.00051838541 0 0)
(1.4869613e-10 0.0061111585 0 -0.00051838543 0 0)
(-2.4877936e-10 0.0043641503 0 -0.00026426014 0 0)
(1.8047748e-10 0.00261681 0 -9.500554e-05 0 0)
(-1.2484956e-10 0.00087185293 0 -1.0545709e-05 0 0)
(-1.070497e-10 -0.00087185302 0 -1.0545706e-05 0 0)
(1.636888e-10 -0.00261681 0 -9.5005533e-05 0 0)
(-2.6056801e-10 -0.0043641503 0 -0.00026426013 0 0)
(1.4727424e-10 -0.0061111584 0 -0.00051838542 0 0)
(-9.6053061e-11 0.0061111583 0 -0.00051838541 0 0)
(3.4178978e-10 0.0043641502 0 -0.00026426015 0 0)
(-1.7369344e-10 0.00261681 0 -9.5005542e-05 0 0)
(-4.8307788e-12 0.00087185291 0 -1.05457e-05 0 0)
(-2.7780965e-11 -0.00087185298 0 -1.0545698e-05 0 0)
(-1.703119e-10 -0.00261681 0 -9.5005535e-05 0 0)
(3.3835854e-10 -0.0043641502 0 -0.00026426014 0 0)
(-1.0337404e-10 -0.0061111583 0 -0.00051838541 0 0)
(1.5789292e-10 0.0061111585 0 -0.00051838543 0 0)
(-2.3801287e-10 0.0043641503 0 -0.00026426016 0 0)
(1.7743551e-10 0.00261681 0 -9.5005544e-05 0 0)
(-1.4205019e-10 0.00087185295 0 -1.0545692e-05 0 0)
(-1.2421683e-10 -0.00087185303 0 -1.054569e-05 0 0)
(1.6076812e-10 -0.00261681 0 -9.5005537e-05 0 0)
(-2.4966561e-10 -0.0043641503 0 -0.00026426015 0 0)
(1.566924e-10 -0.0061111584 0 -0.00051838542 0 0)
(-8.703004e-11 0.0061111583 0 -0.00051838541 0 0)
(3.5209736e-10 0.0043641502 0 -0.00026426016 0 0)
(-1.7661869e-10 0.00261681 0 -9.5005546e-05 0 0)
(-2.1701174e-11 0.00087185293 0 -1.0545684e-05 0 0)
(-4.4644474e-11 -0.000871853 0 -1.0545682e-05 0 0)
(-1.73172e-10 -0.0026168101 0 -9.5005539e-05 0 0)
(3.4898009e-10 -0.0043641502 0 -0.00026426015 0 0)
(-9.418763e-11 -0.0061111582 0 -0.00051838541 0 0)
(1.667291e-10 0.0061111585 0 -0.00051838543 0 0)
(-2.2766201e-10 0.0043641503 0 -0.00026426017 0 0)
(1.74577e-10 0.00261681 0 -9.5005548e-05 0 0)
(-1.5853164e-10 0.00087185297 0 -1.0545677e-05 0 0)
(-1.4070226e-10 -0.00087185305 0 -1.0545674e-05 0 0)
(1.5793878e-10 -0.0026168101 0 -9.5005541e-05 0 0)
(-2.3925916e-10 -0.0043641503 0 -0.00026426016 0 0)
(1.6570352e-10 -0.0061111584 0 -0.00051838542 0 0)
(-7.8359924e-11 0.0061111583 0 -0.00051838541 0 0)
(3.6203889e-10 0.0043641503 0 -0.00026426018 0 0)
(-1.793809e-10 0.0026168101 0 -9.500555e-05 0 0)
(-3.7883868e-11 0.00087185296 0 -1.0545669e-05 0 0)
(-6.0855884e-11 -0.00087185303 0 -1.0545666e-05 0 0)
(-1.7595501e-10 -0.0026168101 0 -9.5005543e-05 0 0)
(3.5913983e-10 -0.0043641503 0 -0.00026426017 0 0)
(-8.5396971e-11 -0.0061111582 0 -0.00051838541 0 0)
(1.7524417e-10 0.0061111584 0 -0.00051838543 0 0)
(-2.1769156e-10 0.0043641503 0 -0.00026426019 0 0)
(1.7188564e-10 0.0026168101 0 -9.5005553e-05 0 0)
(-1.7437976e-10 0.000871853 0 -1.0545662e-05 0 0)
(-1.5658675e-10 -0.00087185307 0 -1.0545659e-05 0 0)
(1.5519312e-10 -0.0026168101 0 -9.5005545e-05 0 0)
(-2.2929049e-10 -0.0043641503 0 -0.00026426018 0 0)
(1.743505e-10 -0.0061111584 0 -0.00051838542 0 0)
(-7.0002262e-11 0.0061111582 0 -0.00051838541 0 0)
(3.7171666e-10 0.0043641503 0 -0.00026426019 0 0)
(-1.8199671e-10 0.0026168101 0 -9.5005555e-05 0 0)
(-5.3472058e-11 0.00087185299 0 -1.0545655e-05 0 0)
(-7.6503574e-11 -0.00087185305 0 -1.0545652e-05 0 0)
(-1.7866594e-10 -0.0026168101 0 -9.5005548e-05 0 0)
(3.6890069e-10 -0.0043641503 0 -0.00026426018 0 0)
(-7.6956137e-11 -0.0061111582 0 -0.00051838541 0 0)
(1.8348004e-10 0.0061111584 0 -0.00051838543 0 0)
(-2.0805963e-10 0.0043641503 0 -0.0002642602 0 0)
(1.6934279e-10 0.0026168101 0 -9.5005558e-05 0 0)
(-1.896945e-10 0.00087185303 0 -1.0545648e-05 0 0)
(-1.7196446e-10 -0.00087185309 0 -1.0545645e-05 0 0)
(1.5252813e-10 -0.0026168102 0 -9.5005551e-05 0 0)
(-2.1969085e-10 -0.0043641503 0 -0.00026426019 0 0)
(1.8268106e-10 -0.0061111583 0 -0.00051838542 0 0)
(-6.1912478e-11 0.0061111582 0 -0.00051838541 0 0)
(3.8122573e-10 0.0043641503 0 -0.00026426021 0 0)
(-1.8448462e-10 0.0026168102 0 -9.500556e-05 0 0)
(-6.8574412e-11 0.00087185303 0 -1.0545641e-05 0 0)
(-9.169019e-11 -0.00087185308 0 -1.0545638e-05 0 0)
(-1.8130681e-10 -0.0026168102 0 -9.5005553e-05 0 0)
(3.783367e-10 -0.0043641503 0 -0.0002642602 0 0)
(-6.8813429e-11 -0.0061111582 0 -0.0005183854 0 0)
(1.9148374e-10 0.0061111584 0 -0.00051838542 0 0)
(-1.9869511e-10 0.0043641503 0 -0.00026426022 0 0)
(1.6692782e-10 0.0026168102 0 -9.5005564e-05 0 0)
(-2.0459463e-10 0.00087185307 0 -1.0545634e-05 0 0)
(-1.8694691e-10 -0.00087185312 0 -1.0545631e-05 0 0)
(1.4993803e-10 -0.0026168102 0 -9.5005556e-05 0 0)
(-2.1037787e-10 -0.0043641503 0 -0.00026426021 0 0)
(1.9075022e-10 -0.0061111583 0 -0.00051838542 0 0)
(-5.4038149e-11 0.0061111581 0 -0.00051838541 0 0)
(3.9060849e-10 0.0043641503 0 -0.00026426022 0 0)
(-1.8686551e-10 0.0026168102 0 -9.5005566e-05 0 0)
(-8.3322424e-11 0.00087185307 0 -1.0545627e-05 0 0)
(-1.0653958e-10 -0.00087185312 0 -1.0545624e-05 0 0)
(-1.8388124e-10 -0.0026168102 0 -9.5005559e-05 0 0)
(3.8753669e-10 -0.0043641503 0 -0.00026426021 0 0)
(-6.0907657e-11 -0.0061111581 0 -0.0005183854 0 0)
(1.9931059e-10 0.0061111583 0 -0.00051838542 0 0)
(-1.8950068e-10 0.0043641503 0 -0.00026426023 0 0)
(1.6461735e-10 0.0026168103 0 -9.500557e-05 0 0)
(-2.1922475e-10 0.0008718531 0 -1.0545621e-05 0 0)
(-2.0166994e-10 -0.00087185315 0 -1.0545618e-05 0 0)
(1.4742245e-10 -0.0026168103 0 -9.5005562e-05 0 0)
(-2.0125225e-10 -0.0043641503 0 -0.00026426022 0 0)
(1.9862317e-10 -0.0061111583 0 -0.00051838541 0 0)
(-4.6317186e-11 0.0061111581 0 -0.0005183854 0 0)
(3.9990035e-10 0.0043641503 0 -0.00026426024 0 0)
(-1.8916295e-10 0.0026168103 0 -9.5005573e-05 0 0)
(-9.7876125e-11 0.00087185311 0 -1.0545614e-05 0 0)
(-1.212024e-10 -0.00087185315 0 -1.0545611e-05 0 0)
(-1.8638756e-10 -0.0026168103 0 -9.5005565e-05 0 0)
(3.9660888e-10 -0.0043641503 0 -0.00026426023 0 0)
(-5.3166597e-11 -0.0061111581 0 -0.0005183854 0 0)
(2.0702651e-10 0.0061111583 0 -0.00051838541 0 0)
(-1.8036387e-10 0.0043641503 0 -0.00026426025 0 0)
(1.6238503e-10 0.0026168103 0 -9.5005577e-05 0 0)
(-2.3376152e-10 0.00087185315 0 -1.0545608e-05 0 0)
(-2.1629947e-10 -0.00087185319 0 -1.0545605e-05 0 0)
(1.4497698e-10 -0.0026168103 0 -9.5005569e-05 0 0)
(-1.9219412e-10 -0.0043641503 0 -0.00026426024 0 0)
(2.0637811e-10 -0.0061111582 0 -0.00051838541 0 0)
(-3.8674369e-11 0.006111158 0 -0.0005183854 0 0)
(4.0918225e-10 0.0043641503 0 -0.00026426025 0 0)
(-1.9140388e-10 0.0026168104 0 -9.500558e-05 0 0)
(-1.1243138e-10 0.00087185315 0 -1.0545601e-05 0 0)
(-1.3586403e-10 -0.00087185319 0 -1.0545598e-05 0 0)
(-1.8883047e-10 -0.0026168104 0 -9.5005572e-05 0 0)
(4.0568655e-10 -0.0043641503 0 -0.00026426024 0 0)
(-4.5502745e-11 -0.006111158 0 -0.00051838539 0 0)
(2.147127e-10 0.0061111582 0 -0.00051838541 0 0)
(-1.7115342e-10 0.0043641504 0 -0.00026426026 0 0)
(1.6020036e-10 0.0026168104 0 -9.5005584e-05 0 0)
(-2.484208e-10 0.00087185319 0 -1.0545595e-05 0 0)
(-2.3104096e-10 -0.00087185322 0 -1.0545591e-05 0 0)
(1.4259838e-10 -0.0026168104 0 -9.5005576e-05 0 0)
(-1.8305589e-10 -0.0043641504 0 -0.00026426025 0 0)
(2.1410918e-10 -0.0061111582 0 -0.0005183854 0 0)
(-3.101738e-11 0.006111158 0 -0.00051838539 0 0)
(4.1858493e-10 0.0043641504 0 -0.00026426027 0 0)
(-1.936181e-10 0.0026168104 0 -9.5005587e-05 0 0)
(-1.2722705e-10 0.0008718532 0 -1.0545588e-05 0 0)
(-1.5075287e-10 -0.00087185323 0 -1.0545585e-05 0 0)
(-1.9121061e-10 -0.0026168105 0 -9.5005579e-05 0 0)
(4.1493416e-10 -0.0043641504 0 -0.00026426026 0 0)
(-3.781079e-11 -0.006111158 0 -0.00051838538 0 0)
(2.2246888e-10 0.0061111582 0 -0.0005183854 0 0)
(-1.6171047e-10 0.0043641504 0 -0.00026426028 0 0)
(1.5803072e-10 0.0026168105 0 -9.5005592e-05 0 0)
(-2.6346511e-10 0.00087185324 0 -1.0545581e-05 0 0)
(-2.4614587e-10 -0.00087185327 0 -1.0545578e-05 0 0)
(1.4027977e-10 -0.0026168105 0 -9.5005584e-05 0 0)
(-1.7365481e-10 -0.0043641504 0 -0.00026426027 0 0)
(2.2192989e-10 -0.0061111581 0 -0.00051838539 0 0)
(-2.3233426e-11 0.0061111579 0 -0.00051838538 0 0)
(4.2828087e-10 0.0043641504 0 -0.00026426028 0 0)
(-1.9583787e-10 0.0026168105 0 -9.5005596e-05 0 0)
(-1.4255206e-10 0.00087185325 0 -1.0545574e-05 0 0)
(-1.661482e-10 -0.00087185328 0 -1.0545571e-05 0 0)
(-1.9353666e-10 -0.0026168105 0 -9.5005588e-05 0 0)
(4.2454915e-10 -0.0043641504 0 -0.00026426028 0 0)
(-2.9965107e-11 -0.0061111579 0 -0.00051838538 0 0)
(2.3041654e-10 0.0061111581 0 -0.00051838539 0 0)
(-1.5184115e-10 0.0043641504 0 -0.0002642603 0 0)
(1.5583993e-10 0.0026168106 0 -9.5005601e-05 0 0)
(-2.7921125e-10 0.00087185329 0 -1.0545567e-05 0 0)
(-2.6192171e-10 -0.00087185331 0 -1.0545564e-05 0 0)
(1.3800819e-10 -0.0026168106 0 -9.5005592e-05 0 0)
(-1.6376866e-10 -0.0043641504 0 -0.00026426029 0 0)
(2.2997423e-10 -0.0061111581 0 -0.00051838539 0 0)
(-1.5183389e-11 0.0061111579 0 -0.00051838537 0 0)
(4.3848211e-10 0.0043641504 0 -0.0002642603 0 0)
(-1.9809821e-10 0.0026168106 0 -9.5005604e-05 0 0)
(-1.5875472e-10 0.0008718533 0 -1.054556e-05 0 0)
(-1.8238883e-10 -0.00087185332 0 -1.0545556e-05 0 0)
(-1.9582019e-10 -0.0026168106 0 -9.5005596e-05 0 0)
(4.3476578e-10 -0.0043641504 0 -0.00026426029 0 0)
(-2.1816862e-11 -0.0061111579 0 -0.00051838537 0 0)
(2.3870713e-10 0.006111158 0 -0.00051838539 0 0)
(-1.4131225e-10 0.0043641505 0 -0.00026426031 0 0)
(1.5358953e-10 0.0026168107 0 -9.500561e-05 0 0)
(-2.9604021e-10 0.00087185334 0 -1.0545552e-05 0 0)
(-2.7873997e-10 -0.00087185336 0 -1.0545549e-05 0 0)
(1.3576717e-10 -0.0026168107 0 -9.5005601e-05 0 0)
(-1.5313741e-10 -0.0043641504 0 -0.0002642603 0 0)
(2.3840212e-10 -0.006111158 0 -0.00051838538 0 0)
(-6.6971192e-12 0.0061111578 0 -0.00051838537 0 0)
(4.4944637e-10 0.0043641504 0 -0.00026426032 0 0)
(-2.0043615e-10 0.0026168107 0 -9.5005614e-05 0 0)
(-1.7625286e-10 0.00087185336 0 -1.0545544e-05 0 0)
(-1.9988421e-10 -0.00087185337 0 -1.0545541e-05 0 0)
(-1.9807881e-10 -0.0026168107 0 -9.5005605e-05 0 0)
(4.458562e-10 -0.0043641504 0 -0.00026426031 0 0)
(-1.3188782e-11 -0.0061111578 0 -0.00051838536 0 0)
(2.4752448e-10 0.006111158 0 -0.00051838538 0 0)
(-1.2983904e-10 0.0043641505 0 -0.00026426033 0 0)
(1.5123709e-10 0.0026168108 0 -9.5005619e-05 0 0)
(-3.1440781e-10 0.0008718534 0 -1.0545536e-05 0 0)
(-2.9704775e-10 -0.00087185341 0 -1.0545532e-05 0 0)
(1.3353085e-10 -0.0026168108 0 -9.5005611e-05 0 0)
(-1.4145784e-10 -0.0043641505 0 -0.00026426032 0 0)
(2.4740287e-10 -0.0061111579 0 -0.00051838537 0 0)
(2.4312684e-12 0.0061111577 0 -0.00051838536 0 0)
(4.6148758e-10 0.0043641505 0 -0.00026426034 0 0)
(-2.0289417e-10 0.0026168108 0 -9.5005623e-05 0 0)
(-1.9554417e-10 0.00087185342 0 -1.0545527e-05 0 0)
(-2.1912342e-10 -0.00087185343 0 -1.0545523e-05 0 0)
(-2.0033736e-10 -0.0026168108 0 -9.5005615e-05 0 0)
(4.5814256e-10 -0.0043641505 0 -0.00026426033 0 0)
(-3.8725803e-12 -0.0061111577 0 -0.00051838535 0 0)
(2.5709e-10 0.0061111579 0 -0.00051838537 0 0)
(-1.1707571e-10 0.0043641505 0 -0.00026426035 0 0)
(1.4873289e-10 0.0026168109 0 -9.500563e-05 0 0)
(-3.3485554e-10 0.00087185346 0 -1.0545517e-05 0 0)
(-3.1737723e-10 -0.00087185347 0 -1.0545514e-05 0 0)
(1.3127043e-10 -0.0026168109 0 -9.5005621e-05 0 0)
(-1.2837145e-10 -0.0043641505 0 -0.00026426035 0 0)
(2.5719843e-10 -0.0061111579 0 -0.00051838536 0 0)
(1.244859e-11 0.0061111577 0 -0.00051838535 0 0)
(4.7497869e-10 0.0043641505 0 -0.00026426036 0 0)
(-2.0552361e-10 0.0026168109 0 -9.5005634e-05 0 0)
(-2.1721925e-10 0.00087185348 0 -1.0545507e-05 0 0)
(-2.406859e-10 -0.00087185349 0 -1.0545503e-05 0 0)
(-2.0262186e-10 -0.0026168109 0 -9.5005626e-05 0 0)
(4.720064e-10 -0.0043641505 0 -0.00026426036 0 0)
(6.3759643e-12 -0.0061111577 0 -0.00051838534 0 0)
(2.6766823e-10 0.0061111578 0 -0.00051838536 0 0)
(-1.0261353e-10 0.0043641506 0 -0.00026426038 0 0)
(1.4601496e-10 0.002616811 0 -9.500564e-05 0 0)
(-3.5802599e-10 0.00087185353 0 -1.0545496e-05 0 0)
(-3.4035552e-10 -0.00087185353 0 -1.0545493e-05 0 0)
(1.2895351e-10 -0.002616811 0 -9.5005632e-05 0 0)
(-1.1345462e-10 -0.0043641506 0 -0.00026426037 0 0)
(2.6804994e-10 -0.0061111578 0 -0.00051838535 0 0)
(2.3646274e-11 0.0061111576 0 -0.00051838534 0 0)
(4.9035301e-10 0.0043641506 0 -0.00026426039 0 0)
(-2.0839156e-10 0.0026168111 0 -9.5005645e-05 0 0)
(-2.4197765e-10 0.00087185355 0 -1.0545484e-05 0 0)
(-2.652509e-10 -0.00087185355 0 -1.0545481e-05 0 0)
(-2.0495921e-10 -0.0026168111 0 -9.5005638e-05 0 0)
(4.8790111e-10 -0.0043641506 0 -0.00026426038 0 0)
(1.7844565e-11 -0.0061111576 0 -0.00051838534 0 0)
(2.795693e-10 0.0061111577 0 -0.00051838535 0 0)
(-8.5979349e-11 0.0043641506 0 -0.0002642604 0 0)
(1.4300071e-10 0.0026168111 0 -9.5005651e-05 0 0)
(-3.8467893e-10 0.0008718536 0 -1.0545471e-05 0 0)
(-3.6671541e-10 -0.0008718536 0 -1.0545468e-05 0 0)
(1.2655321e-10 -0.0026168111 0 -9.5005644e-05 0 0)
(-9.6202284e-11 -0.0043641506 0 -0.0002642604 0 0)
(2.8026634e-10 -0.0061111577 0 -0.00051838534 0 0)
(3.6363868e-11 0.0061111575 0 -0.00051838533 0 0)
(5.0810504e-10 0.0043641506 0 -0.00026426042 0 0)
(-2.1159057e-10 0.0026168112 0 -9.5005656e-05 0 0)
(-2.706445e-10 0.00087185362 0 -1.0545457e-05 0 0)
(-2.9360868e-10 -0.00087185363 0 -1.0545454e-05 0 0)
(-2.0736556e-10 -0.0026168112 0 -9.500565e-05 0 0)
(5.0637006e-10 -0.0043641506 0 -0.00026426041 0 0)
(3.0873883e-11 -0.0061111575 0 -0.00051838533 0 0)
(2.9315229e-10 0.0061111576 0 -0.00051838534 0 0)
(-6.6636826e-11 0.0043641506 0 -0.00026426043 0 0)
(1.3957671e-10 0.0026168113 0 -9.5005663e-05 0 0)
(-4.1570922e-10 0.00087185368 0 -1.0545442e-05 0 0)
(-3.9730635e-10 -0.00087185368 0 -1.054544e-05 0 0)
(1.2405436e-10 -0.0026168113 0 -9.5005657e-05 0 0)
(-7.6008229e-11 -0.0043641506 0 -0.00026426043 0 0)
(2.9421452e-10 -0.0061111576 0 -0.00051838534 0 0)
(5.0990758e-11 0.0061111574 0 -0.00051838532 0 0)
(5.2879108e-10 0.0043641506 0 -0.00026426045 0 0)
(-2.1524831e-10 0.0026168114 0 -9.5005668e-05 0 0)
(-3.0418895e-10 0.0008718537 0 -1.0545426e-05 0 0)
(-3.2667112e-10 -0.00087185371 0 -1.0545423e-05 0 0)
(-2.0984198e-10 -0.0026168114 0 -9.5005663e-05 0 0)
(5.2806569e-10 -0.0043641507 0 -0.00026426044 0 0)
(4.5868301e-11 -0.0061111574 0 -0.00051838532 0 0)
(3.0882723e-10 0.0061111575 0 -0.00051838533 0 0)
(-4.3987303e-11 0.0043641507 0 -0.00026426047 0 0)
(1.3558944e-10 0.0026168114 0 -9.5005676e-05 0 0)
(-4.5216523e-10 0.00087185376 0 -1.0545408e-05 0 0)
(-4.3310631e-10 -0.00087185376 0 -1.0545406e-05 0 0)
(1.2145954e-10 -0.0026168114 0 -9.5005671e-05 0 0)
(-5.2145963e-11 -0.0043641507 0 -0.00026426046 0 0)
(3.1033237e-10 -0.0061111575 0 -0.00051838533 0 0)
(6.7968199e-11 0.0061111573 0 -0.00051838531 0 0)
(5.5303034e-10 0.0043641507 0 -0.00026426048 0 0)
(-2.1953605e-10 0.0026168115 0 -9.5005681e-05 0 0)
(-3.4374136e-10 0.00087185379 0 -1.0545389e-05 0 0)
(-3.6548598e-10 -0.0008718538 0 -1.0545387e-05 0 0)
(-2.1236998e-10 -0.0026168115 0 -9.5005678e-05 0 0)
(5.5376889e-10 -0.0043641507 0 -0.00026426048 0 0)
(6.3309783e-11 -0.0061111573 0 -0.00051838531 0 0)
(3.2705627e-10 0.0061111574 0 -0.00051838532 0 0)
(-1.7363546e-11 0.0043641508 0 -0.0002642605 0 0)
(1.3084139e-10 0.0026168116 0 -9.5005689e-05 0 0)
(-4.9526365e-10 0.00087185385 0 -1.0545367e-05 0 0)
(-4.7523847e-10 -0.00087185386 0 -1.0545366e-05 0 0)
(1.1878854e-10 -0.0026168116 0 -9.5005686e-05 0 0)
(-2.375276e-11 -0.0043641508 0 -0.0002642605 0 0)
(3.2914173e-10 -0.0061111574 0 -0.00051838532 0 0)
(8.7791426e-11 0.0061111571 0 -0.0005183853 0 0)
(5.8151485e-10 0.0043641508 0 -0.00026426052 0 0)
(-2.2466451e-10 0.0026168117 0 -9.5005694e-05 0 0)
(-3.906029e-10 0.00087185389 0 -1.0545344e-05 0 0)
(-4.1125384e-10 -0.0008718539 0 -1.0545343e-05 0 0)
(-2.1491926e-10 -0.0026168117 0 -9.5005694e-05 0 0)
(5.8439745e-10 -0.0043641508 0 -0.00026426052 0 0)
(8.3769598e-11 -0.0061111572 0 -0.0005183853 0 0)
(3.4835906e-10 0.0061111573 0 -0.00051838531 0 0)
(1.3985146e-11 0.0043641508 0 -0.00026426055 0 0)
(1.2510512e-10 0.0026168118 0 -9.5005703e-05 0 0)
(-5.4639379e-10 0.00087185396 0 -1.0545318e-05 0 0)
(-5.2499153e-10 -0.00087185397 0 -1.0545319e-05 0 0)
(1.1606003e-10 -0.0026168118 0 -9.5005703e-05 0 0)
(1.0170595e-11 -0.0043641508 0 -0.00026426055 0 0)
(3.5125866e-10 -0.0061111573 0 -0.00051838531 0 0)
(1.1101933e-10 0.006111157 0 -0.00051838529 0 0)
(6.1503191e-10 0.0043641508 0 -0.00026426057 0 0)
(-2.3085823e-10 0.0026168119 0 -9.5005709e-05 0 0)
(-4.4624338e-10 0.000871854 0 -1.0545291e-05 0 0)
(-4.6535251e-10 -0.00087185401 0 -1.0545292e-05 0 0)
(-2.1748006e-10 -0.0026168119 0 -9.5005712e-05 0 0)
(6.2099371e-10 -0.0043641508 0 -0.00026426057 0 0)
(1.0791476e-10 -0.006111157 0 -0.00051838529 0 0)
(3.7332811e-10 0.0061111571 0 -0.0005183853 0 0)
(5.0929172e-11 0.0043641509 0 -0.0002642606 0 0)
(1.1816496e-10 0.002616812 0 -9.5005718e-05 0 0)
(-6.0710651e-10 0.00087185407 0 -1.054526e-05 0 0)
(-5.8385076e-10 -0.00087185409 0 -1.0545263e-05 0 0)
(1.1324315e-10 -0.002616812 0 -9.5005722e-05 0 0)
(5.0730052e-11 -0.0043641509 0 -0.0002642606 0 0)
(3.7739627e-10 -0.0061111571 0 -0.0005183853 0 0)
(1.3829105e-10 0.0061111568 0 -0.00051838528 0 0)
(6.545233e-10 0.0043641509 0 -0.00026426063 0 0)
(-2.3829243e-10 0.0026168122 0 -9.5005724e-05 0 0)
(-5.1227727e-10 0.00087185412 0 -1.0545228e-05 0 0)
(-5.2937198e-10 -0.00087185414 0 -1.0545231e-05 0 0)
(-2.2013259e-10 -0.0026168122 0 -9.5005732e-05 0 0)
(6.6467663e-10 -0.0043641509 0 -0.00026426063 0 0)
(1.3650025e-10 -0.0061111569 0 -0.00051838529 0 0)
(4.0265411e-10 0.006111157 0 -0.00051838529 0 0)
(9.4541633e-11 0.004364151 0 -0.00026426066 0 0)
(1.0990458e-10 0.0026168123 0 -9.5005733e-05 0 0)
(-6.7907712e-10 0.0008718542 0 -1.0545192e-05 0 0)
(-6.5354039e-10 -0.00087185422 0 -1.0545197e-05 0 0)
(1.1016488e-10 -0.0026168123 0 -9.5005743e-05 0 0)
(9.9066426e-11 -0.004364151 0 -0.00026426067 0 0)
(4.0834594e-10 -0.0061111569 0 -0.0005183853 0 0)
(1.7036356e-10 0.0061111567 0 -0.00051838527 0 0)
(7.0118877e-10 0.004364151 0 -0.00026426069 0 0)
(-2.4697939e-10 0.0026168124 0 -9.500574e-05 0 0)
(-5.9041159e-10 0.00087185426 0 -1.0545154e-05 0 0)
(-6.0516251e-10 -0.00087185429 0 -1.0545159e-05 0 0)
(-2.2316742e-10 -0.0026168124 0 -9.5005754e-05 0 0)
(7.1653774e-10 -0.004364151 0 -0.0002642607 0 0)
(1.7033748e-10 -0.0061111567 0 -0.00051838528 0 0)
(4.3717671e-10 0.0061111568 0 -0.00051838529 0 0)
(1.4622577e-10 0.004364151 0 -0.00026426073 0 0)
(1.0044978e-10 0.0026168126 0 -9.5005751e-05 0 0)
(-7.6403676e-10 0.00087185435 0 -1.0545111e-05 0 0)
(-7.3608241e-10 -0.00087185438 0 -1.0545118e-05 0 0)
(1.0636213e-10 -0.0026168126 0 -9.5005766e-05 0 0)
(1.5621663e-10 -0.004364151 0 -0.00026426074 0 0)
(4.4493077e-10 -0.0061111568 0 -0.00051838529 0 0)
(2.0817587e-10 0.0061111565 0 -0.00051838527 0 0)
(7.5664347e-10 0.0043641511 0 -0.00026426076 0 0)
(-2.5659675e-10 0.0026168127 0 -9.5005759e-05 0 0)
(-6.8236045e-10 0.00087185442 0 -1.0545067e-05 0 0)
(-6.9489569e-10 -0.00087185446 0 -1.0545074e-05 0 0)
(-2.2726518e-10 -0.0026168127 0 -9.5005779e-05 0 0)
(7.7746606e-10 -0.0043641511 0 -0.00026426078 0 0)
(2.1023197e-10 -0.0061111565 0 -0.00051838528 0 0)
(4.779697e-10 0.0061111566 0 -0.00051838528 0 0)
(2.0789661e-10 0.0043641511 0 -0.00026426081 0 0)
(9.0362849e-11 0.0026168129 0 -9.5005772e-05 0 0)
(-8.6367081e-10 0.00087185452 0 -1.0545016e-05 0 0)
(-8.3386226e-10 -0.00087185455 0 -1.0545025e-05 0 0)
(1.0088088e-10 -0.0026168129 0 -9.5005792e-05 0 0)
(2.2290014e-10 -0.0043641511 0 -0.00026426083 0 0)
(4.8792788e-10 -0.0061111565 0 -0.00051838529 0 0)
(2.529426e-10 0.0061111563 0 -0.00051838526 0 0)
(8.2312435e-10 0.0043641512 0 -0.00026426085 0 0)
(-2.6628075e-10 0.0026168131 0 -9.5005782e-05 0 0)
(-7.8972749e-10 0.0008718546 0 -1.0544965e-05 0 0)
(-8.011235e-10 -0.00087185465 0 -1.0544973e-05 0 0)
(-2.3371893e-10 -0.0026168131 0 -9.5005805e-05 0 0)
(8.4790952e-10 -0.0043641512 0 -0.00026426088 0 0)
(2.5687949e-10 -0.0061111563 0 -0.00051838527 0 0)
(5.2645044e-10 0.0061111563 0 -0.00051838528 0 0)
(2.8219139e-10 0.0043641512 0 -0.00026426091 0 0)
(8.0853455e-11 0.0026168133 0 -9.5005798e-05 0 0)
(-9.7948578e-10 0.00087185472 0 -1.0544906e-05 0 0)
(-9.4967628e-10 -0.00087185474 0 -1.0544916e-05 0 0)
(9.2056159e-11 -0.0026168133 0 -9.5005819e-05 0 0)
(2.9925052e-10 -0.0043641512 0 -0.00026426093 0 0)
(5.3794641e-10 -0.0061111563 0 -0.00051838529 0 0)
(3.0627042e-10 0.006111156 0 -0.00051838526 0 0)
(9.0368953e-10 0.0043641513 0 -0.00026426096 0 0)
(-2.7443025e-10 0.0026168135 0 -9.5005811e-05 0 0)
(-9.1385964e-10 0.00087185482 0 -1.0544848e-05 0 0)
(-9.2679248e-10 -0.00087185486 0 -1.0544854e-05 0 0)
(-2.4464544e-10 -0.0026168135 0 -9.5005832e-05 0 0)
(9.2759807e-10 -0.0043641513 0 -0.00026426098 0 0)
(3.1072965e-10 -0.006111156 0 -0.00051838527 0 0)
(5.8450261e-10 0.0061111561 0 -0.00051838528 0 0)
(3.7261054e-10 0.0043641514 0 -0.00026426102 0 0)
(7.3933128e-11 0.0026168137 0 -9.5005831e-05 0 0)
(-1.1126451e-09 0.00087185495 0 -1.054478e-05 0 0)
(-1.0866878e-09 -0.00087185495 0 -1.0544786e-05 0 0)
(7.7350662e-11 -0.0026168137 0 -9.5005845e-05 0 0)
(3.8452438e-10 -0.0043641513 0 -0.00026426104 0 0)
(5.9528419e-10 -0.006111156 0 -0.00051838529 0 0)
(3.7025833e-10 0.0061111557 0 -0.00051838526 0 0)
(1.0022654e-09 0.0043641514 0 -0.00026426109 0 0)
(-2.7864612e-10 0.002616814 0 -9.5005849e-05 0 0)
(-1.055668e-09 0.00087185507 0 -1.0544715e-05 0 0)
(-1.0751096e-09 -0.0008718551 0 -1.0544715e-05 0 0)
(-2.6307548e-10 -0.002616814 0 -9.5005857e-05 0 0)
(1.0152879e-09 -0.0043641514 0 -0.0002642611 0 0)
(3.7183409e-10 -0.0061111557 0 -0.00051838527 0 0)
(6.5454312e-10 0.0061111557 0 -0.00051838528 0 0)
(4.8338766e-10 0.0043641515 0 -0.00026426116 0 0)
(7.2347712e-11 0.0026168142 0 -9.5005877e-05 0 0)
(-1.2637601e-09 0.00087185522 0 -1.0544639e-05 0 0)
(-1.2481259e-09 -0.00087185519 0 -1.0544634e-05 0 0)
(5.3411538e-11 -0.0026168142 0 -9.5005867e-05 0 0)
(4.7685708e-10 -0.0043641515 0 -0.00026426116 0 0)
(6.597853e-10 -0.0061111557 0 -0.00051838528 0 0)
(4.4748314e-10 0.0061111554 0 -0.00051838527 0 0)
(1.1232604e-09 0.0043641516 0 -0.00026426124 0 0)
(-2.7598226e-10 0.0026168145 0 -9.5005902e-05 0 0)
(-1.2153925e-09 0.00087185538 0 -1.0544566e-05 0 0)
(-1.2490199e-09 -0.00087185536 0 -1.0544551e-05 0 0)
(-2.9270866e-10 -0.0026168145 0 -9.5005877e-05 0 0)
(1.108601e-09 -0.0043641515 0 -0.00026426123 0 0)
(4.3971079e-10 -0.0061111553 0 -0.00051838527 0 0)
(7.3938865e-10 0.0061111554 0 -0.00051838529 0 0)
(6.1870652e-10 0.0043641517 0 -0.00026426133 0 0)
(7.909211e-11 0.0026168148 0 -9.5005938e-05 0 0)
(-1.4325899e-09 0.00087185554 0 -1.0544481e-05 0 0)
(-1.4363741e-09 -0.00087185545 0 -1.0544457e-05 0 0)
(1.6586901e-11 -0.0026168148 0 -9.5005884e-05 0 0)
(5.7312613e-10 -0.0043641516 0 -0.0002642613 0 0)
(7.3072847e-10 -0.0061111553 0 -0.00051838528 0 0)
(5.4067308e-10 0.006111155 0 -0.00051838528 0 0)
(1.2702407e-09 0.0043641517 0 -0.00026426143 0 0)
(-2.6383824e-10 0.0026168151 0 -9.5005972e-05 0 0)
(-1.392189e-09 0.00087185574 0 -1.0544402e-05 0 0)
(-1.4498531e-09 -0.00087185566 0 -1.0544363e-05 0 0)
(-3.3704968e-10 -0.0026168151 0 -9.500589e-05 0 0)
(1.2039901e-09 -0.0043641517 0 -0.00026426136 0 0)
(5.1323835e-10 -0.006111155 0 -0.00051838526 0 0)
(8.4164343e-10 0.0061111549 0 -0.0005183853 0 0)
(7.8061911e-10 0.0043641518 0 -0.00026426154 0 0)
(9.5973275e-11 0.0026168154 0 -9.5006018e-05 0 0)
(-1.6173298e-09 0.00087185593 0 -1.0544311e-05 0 0)
(-1.6509017e-09 -0.00087185575 0 -1.0544257e-05 0 0)
(-3.5752334e-11 -0.0026168154 0 -9.5005894e-05 0 0)
(6.6889239e-10 -0.0043641518 0 -0.00026426143 0 0)
(8.0672838e-10 -0.0061111549 0 -0.00051838527 0 0)
(6.5171483e-10 0.0061111545 0 -0.00051838529 0 0)
(1.4428985e-09 0.0043641519 0 -0.00026426165 0 0)
(-2.4205709e-10 0.0026168158 0 -9.5006061e-05 0 0)
(-1.58287e-09 0.00087185617 0 -1.0544228e-05 0 0)
(-1.6745827e-09 -0.00087185602 0 -1.0544153e-05 0 0)
(-3.9746065e-10 -0.0026168157 0 -9.5005897e-05 0 0)
(1.2966951e-09 -0.0043641519 0 -0.0002642615 0 0)
(5.9050977e-10 -0.0061111545 0 -0.00051838525 0 0)
(9.6213417e-10 0.0061111544 0 -0.00051838532 0 0)
(9.6472743e-10 0.004364152 0 -0.00026426177 0 0)
(1.2108756e-10 0.0026168162 0 -9.5006116e-05 0 0)
(-1.812549e-09 0.00087185637 0 -1.0544132e-05 0 0)
(-1.8844543e-09 -0.00087185612 0 -1.0544041e-05 0 0)
(-1.0257342e-10 -0.0026168161 0 -9.5005897e-05 0 0)
(7.5820374e-10 -0.004364152 0 -0.00026426157 0 0)
(8.8548568e-10 -0.0061111544 0 -0.00051838525 0 0)
(7.794269e-10 0.006111154 0 -0.00051838531 0 0)
(1.6314207e-09 0.0043641521 0 -0.00026426189 0 0)
(-2.1549711e-10 0.0026168166 0 -9.5006165e-05 0 0)
(-1.7792292e-09 0.00087185663 0 -1.0544052e-05 0 0)
(-1.9112668e-09 -0.00087185648 0 -1.0543934e-05 0 0)
(-4.6960588e-10 -0.0026168165 0 -9.5005904e-05 0 0)
(1.3803815e-09 -0.0043641521 0 -0.00026426163 0 0)
(6.6839903e-10 -0.006111154 0 -0.00051838522 0 0)
(1.0966246e-09 0.0061111538 0 -0.00051838533 0 0)
(1.1525509e-09 0.0043641522 0 -0.00026426201 0 0)
(1.4665847e-10 0.002616817 0 -9.5006227e-05 0 0)
(-2.0059138e-09 0.00087185683 0 -1.0543958e-05 0 0)
(-2.1175137e-09 -0.0008718566 0 -1.0543831e-05 0 0)
(-1.7485746e-10 -0.0026168169 0 -9.5005904e-05 0 0)
(8.3301838e-10 -0.0043641522 0 -0.0002642617 0 0)
(9.6300888e-10 -0.0061111539 0 -0.00051838522 0 0)
(9.153137e-10 0.0061111533 0 -0.00051838531 0 0)
(1.8075843e-09 0.0043641523 0 -0.00026426212 0 0)
(-1.9567786e-10 0.0026168175 0 -9.5006273e-05 0 0)
(-1.9652143e-09 0.00087185705 0 -1.054389e-05 0 0)
(-2.1356831e-09 -0.00087185703 0 -1.0543727e-05 0 0)
(-5.3787632e-10 -0.0026168174 0 -9.5005928e-05 0 0)
(1.4464597e-09 -0.0043641524 0 -0.00026426175 0 0)
(7.4153547e-10 -0.0061111535 0 -0.00051838518 0 0)
(1.2298641e-09 0.0061111531 0 -0.00051838532 0 0)
(1.3009938e-09 0.0043641524 0 -0.00026426222 0 0)
(1.5738125e-10 0.0026168179 0 -9.5006334e-05 0 0)
(-2.1761134e-09 0.00087185724 0 -1.0543808e-05 0 0)
(-2.3196395e-09 -0.00087185719 0 -1.0543656e-05 0 0)
(-2.2902514e-10 -0.0026168179 0 -9.5005939e-05 0 0)
(8.8302215e-10 -0.0043641525 0 -0.00026426182 0 0)
(1.0318908e-09 -0.0061111534 0 -0.00051838515 0 0)
(1.0370149e-09 0.0061111526 0 -0.00051838528 0 0)
(1.9138818e-09 0.0043641525 0 -0.00026426229 0 0)
(-2.0190947e-10 0.0026168184 0 -9.5006365e-05 0 0)
(-2.1207097e-09 0.00087185742 0 -1.0543762e-05 0 0)
(-2.3221902e-09 -0.00087185768 0 -1.0543559e-05 0 0)
(-5.6566923e-10 -0.0026168184 0 -9.500601e-05 0 0)
(1.4854003e-09 -0.0043641526 0 -0.00026426185 0 0)
(8.0071904e-10 -0.006111153 0 -0.0005183851 0 0)
(1.327004e-09 0.0061111524 0 -0.00051838526 0 0)
(1.3374498e-09 0.0043641526 0 -0.00026426232 0 0)
(1.3025052e-10 0.0026168188 0 -9.5006415e-05 0 0)
(-2.2995334e-09 0.00087185768 0 -1.0543704e-05 0 0)
(-2.4360591e-09 -0.0008718579 0 -1.0543573e-05 0 0)
(-2.1482428e-10 -0.0026168189 0 -9.5006052e-05 0 0)
(9.0158614e-10 -0.0043641528 0 -0.00026426192 0 0)
(1.0787729e-09 -0.0061111528 0 -0.00051838505 0 0)
(1.101968e-09 0.0061111519 0 -0.00051838517 0 0)
(1.8682741e-09 0.0043641526 0 -0.00026426232 0 0)
(-2.5646228e-10 0.0026168192 0 -9.5006418e-05 0 0)
(-2.2096074e-09 0.0008718581 0 -1.0543713e-05 0 0)
(-2.3339102e-09 -0.00087185783 0 -1.0543565e-05 0 0)
(-4.7770598e-10 -0.0026168195 0 -9.5006228e-05 0 0)
(1.5011753e-09 -0.0043641529 0 -0.00026426193 0 0)
(8.3296247e-10 -0.0061111524 0 -0.00051838498 0 0)
(1.3269353e-09 0.0061111517 0 -0.00051838506 0 0)
(1.1814951e-09 0.0043641527 0 -0.00026426224 0 0)
(4.5936181e-11 0.0026168197 0 -9.5006453e-05 0 0)
(-2.3880715e-09 0.00087185823 0 -1.0543639e-05 0 0)
(-2.3918029e-09 -0.00087185887 0 -1.0543672e-05 0 0)
(-3.9538756e-11 -0.0026168202 0 -9.5006341e-05 0 0)
(9.1898581e-10 -0.004364153 0 -0.00026426204 0 0)
(1.0847873e-09 -0.0061111523 0 -0.00051838487 0 0)
(1.0520564e-09 0.0061111513 0 -0.00051838492 0 0)
(1.6205965e-09 0.0043641527 0 -0.00026426215 0 0)
(-3.6152471e-10 0.0026168203 0 -9.5006437e-05 0 0)
(-2.3716883e-09 0.00087185866 0 -1.0543593e-05 0 0)
(-2.2743101e-09 -0.00087185877 0 -1.0543651e-05 0 0)
(-1.3696477e-10 -0.0026168208 0 -9.5006723e-05 0 0)
(1.5722065e-09 -0.0043641531 0 -0.00026426208 0 0)
(8.3284601e-10 -0.0061111519 0 -0.0005183848 0 0)
(1.1563592e-09 0.0061111512 0 -0.00051838467 0 0)
(8.5748562e-10 0.0043641529 0 -0.000264262 0 0)
(-7.7086966e-11 0.0026168209 0 -9.5006475e-05 0 0)
(-2.7130863e-09 0.00087185879 0 -1.0543343e-05 0 0)
(-2.394655e-09 -0.00087186052 0 -1.0543733e-05 0 0)
(4.4491057e-10 -0.0026168218 0 -9.5006969e-05 0 0)
(1.1161211e-09 -0.0043641532 0 -0.00026426235 0 0)
(1.0451506e-09 -0.0061111519 0 -0.0005183846 0 0)
(8.5593027e-10 0.0061111509 0 -0.00051838448 0 0)
(1.3436746e-09 0.004364153 0 -0.00026426198 0 0)
(-4.3946991e-10 0.0026168218 0 -9.5006505e-05 0 0)
(-3.0795508e-09 0.00087185924 0 -1.0542926e-05 0 0)
(-2.5858067e-09 -0.00087186048 0 -1.0543373e-05 0 0)
(6.932782e-10 -0.0026168227 0 -9.5007744e-05 0 0)
(2.0325326e-09 -0.0043641534 0 -0.00026426266 0 0)
(8.4797652e-10 -0.0061111516 0 -0.00051838457 0 0)
(8.1261355e-10 0.006111151 0 -0.00051838408 0 0)
(8.2550104e-10 0.0043641533 0 -0.00026426209 0 0)
(-1.0782468e-10 0.0026168229 0 -9.5006629e-05 0 0)
(-4.1315371e-09 0.00087185976 0 -1.0541965e-05 0 0)
(-3.2045912e-09 -0.00087186284 0 -1.0542994e-05 0 0)
(1.4941601e-09 -0.0026168243 0 -9.5008239e-05 0 0)
(2.1271195e-09 -0.0043641535 0 -0.00026426351 0 0)
(1.0497386e-09 -0.0061111515 0 -0.00051838432 0 0)
(6.2923853e-10 0.0061111509 0 -0.00051838395 0 0)
(1.8930337e-09 0.0043641536 0 -0.00026426272 0 0)
(-2.7150386e-10 0.0026168246 0 -9.5006891e-05 0 0)
(-5.5570855e-09 0.00087186065 0 -1.0540489e-05 0 0)
(-4.5893164e-09 -0.00087186363 0 -1.0541462e-05 0 0)
(2.3786921e-09 -0.0026168265 0 -9.5009696e-05 0 0)
(3.8809802e-09 -0.0043641539 0 -0.00026426473 0 0)
(1.0886523e-09 -0.0061111511 0 -0.00051838446 0 0)
(6.0803455e-10 0.0061111511 0 -0.00051838357 0 0)
(2.7069524e-09 0.0043641545 0 -0.00026426419 0 0)
(2.6681505e-10 0.0026168275 0 -9.5007307e-05 0 0)
(-8.6746134e-09 0.00087186223 0 -1.0537492e-05 0 0)
(-7.942781e-09 -0.00087186705 0 -1.0538309e-05 0 0)
(3.5968543e-09 -0.00261683 0 -9.5010753e-05 0 0)
(5.7167372e-09 -0.0043641544 0 -0.00026426731 0 0)
(1.5082966e-09 -0.0061111509 0 -0.0005183844 0 0)
(8.9779881e-10 0.0061111508 0 -0.00051838381 0 0)
(5.6772678e-09 0.0043641554 0 -0.00026426688 0 0)
(6.0841698e-10 0.0026168325 0 -9.5008215e-05 0 0)
(-1.3771752e-08 0.00087186513 0 -1.0532345e-05 0 0)
(-1.2515132e-08 -0.00087187031 0 -1.0533715e-05 0 0)
(5.3175719e-09 -0.0026168358 0 -9.5013051e-05 0 0)
(9.5663296e-09 -0.0043641551 0 -0.0002642709 0 0)
(2.1695775e-09 -0.0061111501 0 -0.00051838498 0 0)
(1.7321819e-09 0.0061111504 0 -0.00051838425 0 0)
(1.0839476e-08 0.0043641577 0 -0.00026427279 0 0)
(1.7291036e-09 0.0026168404 0 -9.5009392e-05 0 0)
(-2.3542077e-08 0.00087187153 0 -1.0522817e-05 0 0)
(-2.1881303e-08 -0.00087187682 0 -1.0524376e-05 0 0)
(7.3257902e-09 -0.0026168442 0 -9.5015339e-05 0 0)
(1.5980379e-08 -0.0043641568 0 -0.00026427796 0 0)
(3.6268091e-09 -0.0061111488 0 -0.00051838597 0 0)
(3.298221e-09 0.0061111489 0 -0.00051838549 0 0)
(1.8236183e-08 0.0043641596 0 -0.00026428023 0 0)
(3.0005035e-09 0.0026168531 0 -9.5011521e-05 0 0)
(-3.8084919e-08 0.00087187924 0 -1.0508058e-05 0 0)
(-3.4663329e-08 -0.00087188514 0 -1.0511887e-05 0 0)
(9.9684241e-09 -0.0026168583 0 -9.5018476e-05 0 0)
(2.4379535e-08 -0.0043641583 0 -0.00026428672 0 0)
(5.7033709e-09 -0.0061111464 0 -0.00051838751 0 0)
(7.0146517e-09 0.0061111453 0 -0.00051838871 0 0)
(3.3490757e-08 0.004364165 0 -0.0002642965 0 0)
(5.8356206e-09 0.0026168722 0 -9.5014843e-05 0 0)
(-5.8131704e-08 0.00087189236 0 -1.0488563e-05 0 0)
(-5.5464463e-08 -0.00087189809 0 -1.0490771e-05 0 0)
(1.3060928e-08 -0.0026168773 0 -9.5022823e-05 0 0)
(4.0769587e-08 -0.0043641629 0 -0.00026430351 0 0)
(1.0062981e-08 -0.0061111412 0 -0.00051839145 0 0)
(1.1883974e-08 0.0061111401 0 -0.00051839269 0 0)
(4.9123631e-08 0.0043641681 0 -0.00026431269 0 0)
(8.5618814e-09 0.0026169016 0 -9.5018997e-05 0 0)
(-8.6212336e-08 0.00087190778 0 -1.0459988e-05 0 0)
(-8.6072682e-08 -0.00087191609 0 -1.0461043e-05 0 0)
(1.6664174e-08 -0.0026169081 0 -9.5026693e-05 0 0)
(5.7920455e-08 -0.0043641654 0 -0.0002643222 0 0)
(1.5296468e-08 -0.0061111348 0 -0.00051839523 0 0)
(2.0536368e-08 0.0061111282 0 -0.00051840062 0 0)
(8.4672547e-08 0.0043641792 0 -0.00026434979 0 0)
(1.3365416e-08 0.0026169397 0 -9.5024926e-05 0 0)
(-1.3083714e-07 0.00087193542 0 -1.0416414e-05 0 0)
(-1.265635e-07 -0.00087193976 0 -1.0419594e-05 0 0)
(2.0620029e-08 -0.0026169456 0 -9.5033587e-05 0 0)
(9.3038741e-08 -0.0043641748 0 -0.00026435734 0 0)
(2.4744508e-08 -0.0061111207 0 -0.00051840434 0 0)
(3.2690033e-08 0.0061111131 0 -0.00051841057 0 0)
(1.1198567e-07 0.0043641815 0 -0.00026437839 0 0)
(1.8316874e-08 0.0026169979 0 -9.5032365e-05 0 0)
(-1.7736715e-07 0.00087196265 0 -1.0368942e-05 0 0)
(-1.8810223e-07 -0.00087197434 0 -1.0359782e-05 0 0)
(2.473336e-08 -0.0026170051 0 -9.5037766e-05 0 0)
(1.2287005e-07 -0.0043641778 0 -0.00026439049 0 0)
(3.6963746e-08 -0.0061111046 0 -0.00051841332 0 0)
(4.9597746e-08 0.0061110852 0 -0.00051842631 0 0)
(1.8120131e-07 0.0043642014 0 -0.00026444993 0 0)
(2.5002046e-08 0.0026170673 0 -9.5041198e-05 0 0)
(-2.61542e-07 0.00087201375 0 -1.0286479e-05 0 0)
(-2.5389835e-07 -0.00087201273 0 -1.0292142e-05 0 0)
(2.8768764e-08 -0.0026170717 0 -9.5047186e-05 0 0)
(1.8690765e-07 -0.0043641942 0 -0.00026445418 0 0)
(5.3916037e-08 -0.0061110739 0 -0.00051842993 0 0)
(7.2923422e-08 0.0061110496 0 -0.00051844506 0 0)
(2.2045129e-07 0.0043641996 0 -0.00026449138 0 0)
(3.0653263e-08 0.0026171667 0 -9.5050742e-05 0 0)
(-3.2533276e-07 0.00087205427 0 -1.0221137e-05 0 0)
(-3.5559041e-07 -0.00087207075 0 -1.0193233e-05 0 0)
(3.1306756e-08 -0.0026171726 0 -9.5049566e-05 0 0)
(2.3110723e-07 -0.0043641952 0 -0.00026450373 0 0)
(7.7624126e-08 -0.0061110383 0 -0.00051844755 0 0)
(1.0238651e-07 0.0061109938 0 -0.00051847231 0 0)
(3.3443576e-07 0.0043642312 0 -0.00026460875 0 0)
(3.8309799e-08 0.0026172754 0 -9.506202e-05 0 0)
(-4.6431406e-07 0.00087213964 0 -1.0084559e-05 0 0)
(-4.4531103e-07 -0.00087212564 0 -1.0100642e-05 0 0)
(3.4375196e-08 -0.0026172786 0 -9.5060958e-05 0 0)
(3.3229601e-07 -0.0043642204 0 -0.00026460442 0 0)
(1.0535193e-07 -0.0061109797 0 -0.00051847442 0 0)
(1.387562e-07 0.0061109247 0 -0.00051850063 0 0)
(3.7672653e-07 0.0043642145 0 -0.00026465377 0 0)
(4.3333181e-08 0.0026174235 0 -9.5072447e-05 0 0)
(-5.3120017e-07 0.0008721897 0 -1.0015444e-05 0 0)
(-5.9478938e-07 -0.00087221612 0 -9.9549294e-06 0 0)
(3.1122754e-08 -0.0026174309 0 -9.5057589e-05 0 0)
(3.8457996e-07 -0.004364214 0 -0.00026466381 0 0)
(1.4047877e-07 -0.006110913 0 -0.00051849972 0 0)
(1.8190957e-07 0.0061108284 0 -0.00051853945 0 0)
(5.3226731e-07 0.004364255 0 -0.0002648137 0 0)
(4.7713012e-08 0.0026175717 0 -9.508215e-05 0 0)
(-7.2434249e-07 0.0008723159 0 -9.825163e-06 0 0)
(-6.9576113e-07 -0.00087228568 0 -9.8500559e-06 0 0)
(3.2450382e-08 -0.0026175759 0 -9.5069774e-05 0 0)
(5.1819072e-07 -0.0043642489 0 -0.00026479721 0 0)
(1.8434264e-07 -0.0061108132 0 -0.00051854101 0 0)
(2.2886301e-07 0.0061107149 0 -0.00051857422 0 0)
(5.6643128e-07 0.004364223 0 -0.00026485151 0 0)
(4.8806401e-08 0.0026177627 0 -9.5089765e-05 0 0)
(-8.0519298e-07 0.00087238746 0 -9.740988e-06 0 0)
(-8.9703631e-07 -0.00087242164 0 -9.653068e-06 0 0)
(1.916788e-08 -0.0026177756 0 -9.5057237e-05 0 0)
(5.5014429e-07 -0.0043642155 0 -0.00026483618 0 0)
(2.2051913e-07 -0.0061107087 0 -0.00051856356 0 0)
(2.8163893e-07 0.0061105701 0 -0.00051861916 0 0)
(7.409532e-07 0.0043642644 0 -0.00026503169 0 0)
(4.1810801e-08 0.0026179496 0 -9.5089982e-05 0 0)
(-1.0335335e-06 0.00087255746 0 -9.5150538e-06 0 0)
(-9.7759065e-07 -0.00087249386 0 -9.568169e-06 0 0)
(2.3259333e-08 -0.0026179128 0 -9.5072744e-05 0 0)
(7.1979969e-07 -0.0043642752 0 -0.00026500809 0 0)
(2.7879461e-07 -0.0061105595 0 -0.00051861588 0 0)
(3.4282826e-07 0.0061103944 0 -0.00051866325 0 0)
(7.5536531e-07 0.0043642277 0 -0.00026504972 0 0)
(2.7039204e-08 0.0026181891 0 -9.5084555e-05 0 0)
(-1.015357e-06 0.00087258382 0 -9.5313405e-06 0 0)
(-1.0153585e-06 -0.00087257689 0 -9.535727e-06 0 0)
(-2.3231809e-09 -0.0026181364 0 -9.5050061e-05 0 0)
(6.85562e-07 -0.0043642008 0 -0.00026497783 0 0)
(3.2562981e-07 -0.0061104005 0 -0.00051864491 0 0)
(3.7374014e-07 0.0061102226 0 -0.00051868109 0 0)
(7.8992116e-07 0.0043642093 0 -0.00026508258 0 0)
(2.9417281e-09 0.002618369 0 -9.5068428e-05 0 0)
(-1.1845202e-06 0.00087276118 0 -9.3740265e-06 0 0)
(-1.1516724e-06 -0.00087270862 0 -9.4019959e-06 0 0)
(-2.1822196e-08 -0.0026182983 0 -9.5043777e-05 0 0)
(7.724395e-07 -0.0043642274 0 -0.00026506375 0 0)
(3.5814382e-07 -0.0061102289 0 -0.0005186662 0 0)
(4.0520303e-07 0.0061100311 0 -0.00051869325 0 0)
(7.7906775e-07 0.0043641954 0 -0.00026507159 0 0)
(-1.7514523e-08 0.0026184352 0 -9.505041e-05 0 0)
(-9.348752e-07 0.00087273587 0 -9.6338809e-06 0 0)
(-9.4491691e-07 -0.00087270996 0 -9.6242912e-06 0 0)
(-5.7230927e-08 -0.0026184447 0 -9.5008517e-05 0 0)
(7.4533896e-07 -0.0043642053 0 -0.00026503753 0 0)
(3.8553909e-07 -0.006110047 0 -0.00051867423 0 0)
(4.0636686e-07 0.0061098509 0 -0.00051868757 0 0)
(6.6589543e-07 0.0043641433 0 -0.00026495877 0 0)
(-5.3365804e-08 0.0026184696 0 -9.5015088e-05 0 0)
(-9.1420655e-07 0.00087281434 0 -9.6722283e-06 0 0)
(-9.2622627e-07 -0.00087279121 0 -9.657503e-06 0 0)
(-8.6094523e-08 -0.0026184695 0 -9.4980599e-05 0 0)
(5.9074726e-07 -0.0043641426 0 -0.00026488064 0 0)
(3.8378023e-07 -0.006109875 0 -0.00051866554 0 0)
(3.9232884e-07 0.0061097259 0 -0.0005186746 0 0)
(4.2720326e-07 0.0043641349 0 -0.00026470726 0 0)
(-1.2643008e-07 0.002618575 0 -9.4984075e-05 0 0)
(-7.0105419e-07 0.00087287122 0 -9.9959047e-06 0 0)
(-7.1705706e-07 -0.00087284781 0 -9.9701614e-06 0 0)
(-1.5678378e-07 -0.0026185633 0 -9.4959629e-05 0 0)
(4.1080191e-07 -0.004364152 0 -0.00026468554 0 0)
(3.6679208e-07 -0.0061097561 0 -0.00051865033 0 0)
(3.9504062e-07 0.0061095637 0 -0.00051846603 0 0)
(1.8298245e-07 0.0043642676 0 -0.00026411453 0 0)
(-1.942828e-07 0.002618805 0 -9.5148098e-05 0 0)
(-3.6183919e-07 0.00087292336 0 -1.1267836e-05 0 0)
(-3.712041e-07 -0.00087289792 0 -1.124965e-05 0 0)
(-2.2095615e-07 -0.0026187877 0 -9.5153414e-05 0 0)
(1.4659473e-07 -0.0043642856 0 -0.00026409359 0 0)
(3.6714e-07 -0.0061096039 0 -0.0005184465 0 0)
(3.7362942e-07 0.00610976 0 -0.00051827157 0 0)
(1.6533176e-07 0.0043642956 0 -0.00026394079 0 0)
(-1.8175644e-07 0.0026185247 0 -9.5155809e-05 0 0)
(-3.8123424e-07 0.00087277088 0 -1.1346509e-05 0 0)
(-3.9357276e-07 -0.00087274118 0 -1.1307671e-05 0 0)
(-2.0636082e-07 -0.0026185224 0 -9.5199012e-05 0 0)
(1.2946599e-07 -0.0043643063 0 -0.00026392429 0 0)
(3.4505437e-07 -0.0061098084 0 -0.00051827731 0 0)
)
;

boundaryField
{
    left
    {
        type            fixedValue;
        value           uniform (0 0 0 0 0 0);
    }
    right
    {
        type            zeroGradient;
    }
    walls
    {
        type            zeroGradient;
    }
    frontAndBack
    {
        type            empty;
    }
}


// ************************************************************************* //
