/*--------------------------------*- C++ -*----------------------------------*\
| =========                 |                                                 |
| \\      /  F ield         | OpenFOAM: The Open Source CFD Toolbox           |
|  \\    /   O peration     | Version:  5.x                                   |
|   \\  /    A nd           | Web:      www.OpenFOAM.org                      |
|    \\/     M anipulation  |                                                 |
\*---------------------------------------------------------------------------*/
FoamFile
{
    version     2.0;
    format      ascii;
    class       volVectorField;
    location    "5";
    object      U;
}
// * * * * * * * * * * * * * * * * * * * * * * * * * * * * * * * * * * * * * //

dimensions      [0 1 -1 0 0 0 0];

internalField   nonuniform List<vector> 
1920
(
(-1.9726281e-07 1.1524928e-07 0)
(-5.2107419e-07 5.6952067e-08 0)
(-8.2254663e-07 -2.5001414e-08 0)
(-3.9493495e-07 -7.7536534e-08 0)
(3.9560954e-07 -7.8674234e-08 0)
(8.2295176e-07 -2.3970678e-08 0)
(5.2129714e-07 5.6270066e-08 0)
(1.971914e-07 1.1549327e-07 0)
(-7.4800861e-08 2.3112579e-07 0)
(-1.1528259e-06 4.2588547e-07 0)
(-1.7964471e-06 -6.1355816e-08 0)
(-9.1003712e-07 -6.1887069e-07 0)
(9.1163066e-07 -6.1669188e-07 0)
(1.7978276e-06 -6.290961e-08 0)
(1.1530665e-06 4.2739154e-07 0)
(7.509103e-08 2.3075172e-07 0)
(-1.4556372e-07 6.2152587e-07 0)
(-1.6965865e-06 9.8408274e-07 0)
(-2.5571195e-06 -1.4605464e-07 0)
(-1.212568e-06 -1.4364995e-06 0)
(1.2149756e-06 -1.4394828e-06 0)
(2.5585767e-06 -1.4263921e-07 0)
(1.6976564e-06 9.8273892e-07 0)
(1.4535099e-07 6.2248038e-07 0)
(-1.9565068e-07 1.1194547e-06 0)
(-2.135338e-06 1.6632606e-06 0)
(-2.9857922e-06 -2.8039063e-07 0)
(-1.4792609e-06 -2.5019962e-06 0)
(1.4817731e-06 -2.4974313e-06 0)
(2.9879398e-06 -2.8296895e-07 0)
(2.1359276e-06 1.6668266e-06 0)
(1.9599272e-07 1.1189962e-06 0)
(-2.5415964e-07 1.7213652e-06 0)
(-2.3158914e-06 2.4304678e-06 0)
(-3.2918394e-06 -4.647532e-07 0)
(-1.5295002e-06 -3.6886126e-06 0)
(1.5320857e-06 -3.6928758e-06 0)
(3.2934865e-06 -4.5906907e-07 0)
(2.3170504e-06 2.4290866e-06 0)
(2.540403e-07 1.7231467e-06 0)
(-2.4684697e-07 2.3684087e-06 0)
(-2.4182655e-06 3.2154209e-06 0)
(-3.2907473e-06 -6.5139258e-07 0)
(-1.6190366e-06 -4.9371438e-06 0)
(1.6210525e-06 -4.9310977e-06 0)
(3.2924641e-06 -6.5415045e-07 0)
(2.4188367e-06 3.2205696e-06 0)
(2.4707016e-07 2.3681672e-06 0)
(-2.6227905e-07 3.0067935e-06 0)
(-2.3005761e-06 3.9984756e-06 0)
(-3.244581e-06 -8.5063442e-07 0)
(-1.4987227e-06 -6.1587515e-06 0)
(1.5001844e-06 -6.1634095e-06 0)
(3.2455592e-06 -8.4372707e-07 0)
(2.3012114e-06 3.9974594e-06 0)
(2.6228568e-07 3.0091221e-06 0)
(-2.2331026e-07 3.6143734e-06 0)
(-2.1680748e-06 4.7302694e-06 0)
(-2.9560315e-06 -1.0294198e-06 0)
(-1.4504691e-06 -7.32332e-06 0)
(1.4511032e-06 -7.3169117e-06 0)
(2.9565478e-06 -1.0318878e-06 0)
(2.1683279e-06 4.7360372e-06 0)
(2.2332632e-07 3.6143864e-06 0)
(-2.1175794e-07 4.1588671e-06 0)
(-1.8930706e-06 5.403872e-06 0)
(-2.6868599e-06 -1.1994448e-06 0)
(-1.2455361e-06 -8.3699294e-06 0)
(1.245364e-06 -8.3742688e-06 0)
(2.6868026e-06 -1.1925518e-06 0)
(1.8929628e-06 5.4032434e-06 0)
(2.1185666e-07 4.1612738e-06 0)
(-1.6428735e-07 4.6352296e-06 0)
(-1.648921e-06 5.9895858e-06 0)
(-2.2801051e-06 -1.3355232e-06 0)
(-1.1203806e-06 -9.2977164e-06 0)
(1.1195073e-06 -9.2919292e-06 0)
(2.2793537e-06 -1.3375377e-06 0)
(1.6487792e-06 5.9949374e-06 0)
(1.6412996e-07 4.6353719e-06 0)
(-1.4138464e-07 5.0306977e-06 0)
(-1.3406715e-06 6.4927595e-06 0)
(-1.9307129e-06 -1.4551862e-06 0)
(-9.0442677e-07 -1.007461e-05 0)
(9.0284064e-07 -1.0078219e-05 0)
(1.9297282e-06 -1.449342e-06 0)
(1.3399677e-06 6.492323e-06 0)
(1.4152562e-07 5.032759e-06 0)
(-1.0099954e-07 5.3519118e-06 0)
(-1.0837102e-06 6.9019721e-06 0)
(-1.5355147e-06 -1.5418076e-06 0)
(-7.5646503e-07 -1.0719164e-05 0)
(7.5448038e-07 -1.0714606e-05 0)
(1.5338747e-06 -1.5434517e-06 0)
(1.0832575e-06 6.90616e-06 0)
(1.0075715e-07 5.3520215e-06 0)
(-7.7549998e-08 5.5988599e-06 0)
(-8.2144485e-07 7.2313314e-06 0)
(-1.2096472e-06 -1.6124285e-06 0)
(-5.7660617e-07 -1.122241e-05 0)
(5.7414377e-07 -1.1225196e-05 0)
(1.208062e-06 -1.6082196e-06 0)
(8.2042676e-07 7.2308246e-06 0)
(7.7686857e-08 5.600325e-06 0)
(-5.0142849e-08 5.7843653e-06 0)
(-6.109431e-07 7.4811892e-06 0)
(-9.0020197e-07 -1.6572083e-06 0)
(-4.4533372e-07 -1.161294e-05 0)
(4.4272251e-07 -1.1609811e-05 0)
(8.9811242e-07 -1.6587062e-06 0)
(6.1029246e-07 7.4838579e-06 0)
(4.9897018e-08 5.7843091e-06 0)
(-3.1970335e-08 5.9146769e-06 0)
(-4.2747048e-07 7.6690864e-06 0)
(-6.5297473e-07 -1.6908041e-06 0)
(-3.2032251e-07 -1.1895269e-05 0)
(3.1742486e-07 -1.1897371e-05 0)
(6.5105545e-07 -1.6884011e-06 0)
(4.2635345e-07 7.6682527e-06 0)
(3.2070469e-08 5.9154628e-06 0)
(-1.7278392e-08 6.0033873e-06 0)
(-2.8478796e-07 7.8004715e-06 0)
(-4.5008994e-07 -1.7073504e-06 0)
(-2.2426861e-07 -1.2098383e-05 0)
(2.2132336e-07 -1.2096594e-05 0)
(4.4781285e-07 -1.708992e-06 0)
(2.8399721e-07 7.8015562e-06 0)
(1.7072169e-08 6.0030628e-06 0)
(-5.8572872e-09 6.0579477e-06 0)
(-1.7823645e-07 7.8918279e-06 0)
(-2.9218242e-07 -1.7182078e-06 0)
(-1.5135573e-07 -1.223151e-05 0)
(1.4822574e-07 -1.2233198e-05 0)
(2.900457e-07 -1.7175393e-06 0)
(1.771065e-07 7.8904244e-06 0)
(5.9044918e-09 6.0580601e-06 0)
(-4.9925911e-10 6.0893669e-06 0)
(-9.7317302e-08 7.9489357e-06 0)
(-1.8124269e-07 -1.719578e-06 0)
(-9.1484584e-08 -1.2318065e-05 0)
(8.8327464e-08 -1.2317404e-05 0)
(1.7886693e-07 -1.7216653e-06 0)
(9.6400666e-08 7.9484975e-06 0)
(3.3962045e-10 6.0886824e-06 0)
(5.4112239e-09 6.10346e-06 0)
(-4.8035055e-08 7.9845475e-06 0)
(-9.6098585e-08 -1.719387e-06 0)
(-5.7285536e-08 -1.236638e-05 0)
(5.4019277e-08 -1.2367932e-05 0)
(9.3802951e-08 -1.7203007e-06 0)
(4.6909093e-08 7.9823509e-06 0)
(-5.4170989e-09 6.1029234e-06 0)
(5.3413815e-09 6.1075286e-06 0)
(-1.0478715e-08 8.0026551e-06 0)
(-4.8329453e-08 -1.7148989e-06 0)
(-2.5010511e-08 -1.2392381e-05 0)
(2.1750947e-08 -1.2392627e-05 0)
(4.5922558e-08 -1.7176894e-06 0)
(9.4679116e-09 8.0007821e-06 0)
(-5.4635008e-09 6.1064018e-06 0)
(7.8972002e-09 6.1049812e-06 0)
(4.3759056e-09 8.0116405e-06 0)
(-1.0441434e-08 -1.7110925e-06 0)
(-1.447292e-08 -1.2401351e-05 0)
(1.1227825e-08 -1.2402989e-05 0)
(8.1074389e-09 -1.7134252e-06 0)
(-5.4656857e-09 8.0084887e-06 0)
(-7.9432019e-09 6.1038208e-06 0)
(5.432721e-09 6.0998263e-06 0)
(1.7548325e-08 8.0134581e-06 0)
(1.8070394e-09 -1.7059005e-06 0)
(9.5540967e-10 -1.2402539e-05 0)
(-4.0903605e-09 -1.2403501e-05 0)
(-4.0913092e-09 -1.7095454e-06 0)
(-1.8565749e-08 8.0102613e-06 0)
(-5.5251925e-09 6.0982103e-06 0)
(6.5108453e-09 6.0935051e-06 0)
(1.5902783e-08 8.0128343e-06 0)
(1.4867805e-08 -1.7021525e-06 0)
(-3.7269731e-10 -1.2398327e-05 0)
(-2.572801e-09 -1.2400185e-05 0)
(-1.7017432e-08 -1.7057213e-06 0)
(-1.6873212e-08 8.0086839e-06 0)
(-6.5765884e-09 6.0917687e-06 0)
(3.4524414e-09 6.0877793e-06 0)
(1.8474825e-08 8.0102893e-06 0)
(1.1207222e-08 -1.6983139e-06 0)
(6.8243642e-09 -1.2393304e-05 0)
(-9.4982019e-09 -1.2394821e-05 0)
(-1.3135856e-08 -1.7028147e-06 0)
(-1.9368411e-08 8.0059449e-06 0)
(-3.5160141e-09 6.0856926e-06 0)
(4.2103401e-09 6.0829268e-06 0)
(1.1218482e-08 8.0080971e-06 0)
(1.4258093e-08 -1.6958566e-06 0)
(9.3015756e-10 -1.2387958e-05 0)
(-3.226223e-09 -1.239006e-05 0)
(-1.5956861e-08 -1.7004206e-06 0)
(-1.1956739e-08 8.0030587e-06 0)
(-4.2748182e-09 6.0807106e-06 0)
(1.3553841e-09 6.0794834e-06 0)
(1.0930869e-08 8.0060577e-06 0)
(5.7127847e-09 -1.6936975e-06 0)
(5.1605355e-09 -1.2384198e-05 0)
(-7.0431234e-09 -1.2386112e-05 0)
(-7.044975e-09 -1.6989007e-06 0)
(-1.1571915e-08 8.0008374e-06 0)
(-1.3862344e-09 6.0770206e-06 0)
(2.2998822e-09 6.077233e-06 0)
(3.2145898e-09 8.0050808e-06 0)
(6.4521308e-09 -1.6925586e-06 0)
(-1.6878687e-09 -1.2381627e-05 0)
(3.1499369e-10 -1.2383922e-05 0)
(-7.485182e-09 -1.697807e-06 0)
(-3.6273088e-09 7.9994091e-06 0)
(-2.3475166e-09 6.0746875e-06 0)
(-1.5247528e-10 6.0761926e-06 0)
(3.3544459e-09 8.0047439e-06 0)
(-2.1486143e-09 -1.6917135e-06 0)
(2.0944979e-09 -1.2380878e-05 0)
(-2.9779534e-09 -1.2383028e-05 0)
(1.5615794e-09 -1.6973476e-06 0)
(-3.6632138e-09 7.9990016e-06 0)
(1.5685974e-10 6.073509e-06 0)
(1.0893562e-09 6.0760427e-06 0)
(-3.1382177e-09 8.005331e-06 0)
(-7.203951e-10 -1.6915209e-06 0)
(-4.377367e-09 -1.2381308e-05 0)
(4.0452933e-09 -1.2383691e-05 0)
(4.4384809e-10 -1.6970986e-06 0)
(3.0881766e-09 7.99937e-06 0)
(-1.1130094e-09 6.0733521e-06 0)
(-1.0214794e-09 6.0766599e-06 0)
(-1.7410007e-09 8.0064432e-06 0)
(-7.9822833e-09 -1.6915068e-06 0)
(-1.9368791e-10 -1.2383077e-05 0)
(3.3544442e-10 -1.2385306e-05 0)
(8.1553453e-09 -1.6972463e-06 0)
(1.7752865e-09 8.0005642e-06 0)
(1.0590668e-09 6.0739363e-06 0)
(4.5972623e-10 6.077782e-06 0)
(-6.9200813e-09 8.0081429e-06 0)
(-5.2492437e-09 -1.6918759e-06 0)
(-6.0622192e-09 -1.2385593e-05 0)
(6.7054473e-09 -1.2387944e-05 0)
(5.6817142e-09 -1.6974302e-06 0)
(7.2051703e-09 8.0022532e-06 0)
(-4.6026063e-10 6.0751317e-06 0)
(-1.4329072e-09 6.0792995e-06 0)
(-4.4397926e-09 8.0101292e-06 0)
(-1.1229565e-08 -1.6923125e-06 0)
(-1.3975266e-09 -1.2388906e-05 0)
(2.4211023e-09 -1.2391074e-05 0)
(1.2052886e-08 -1.6978435e-06 0)
(4.7658479e-09 8.0044694e-06 0)
(1.4969198e-09 6.0767053e-06 0)
(1.9463201e-10 6.0810386e-06 0)
(-8.7057948e-09 8.0124228e-06 0)
(-7.4620692e-09 -1.6929669e-06 0)
(-6.8199129e-09 -1.239256e-05 0)
(8.2302799e-09 -1.2394768e-05 0)
(8.4494787e-09 -1.6981966e-06 0)
(9.2489813e-09 8.0069169e-06 0)
(-1.783621e-10 6.0785841e-06 0)
(-1.5820917e-09 6.0829415e-06 0)
(-5.5473274e-09 8.0148132e-06 0)
(-1.2602957e-08 -1.6936121e-06 0)
(-1.8369497e-09 -1.2396621e-05 0)
(3.4894875e-09 -1.2398619e-05 0)
(1.3886751e-08 -1.6986828e-06 0)
(6.0754586e-09 8.0096507e-06 0)
(1.6630145e-09 6.0806068e-06 0)
(1.1760048e-10 6.0849031e-06 0)
(-9.3048553e-09 8.0173402e-06 0)
(-8.227549e-09 -1.6943848e-06 0)
(-7.0179534e-09 -1.2400754e-05 0)
(8.9150133e-09 -1.2402737e-05 0)
(9.562489e-09 -1.6990732e-06 0)
(1.0005627e-08 8.012441e-06 0)
(-9.3089097e-11 6.0827512e-06 0)
(-1.6063278e-09 6.0869107e-06 0)
(-5.8044235e-09 8.0198521e-06 0)
(-1.2926385e-08 -1.6951025e-06 0)
(-1.8883195e-09 -1.2405066e-05 0)
(3.8804232e-09 -1.2406824e-05 0)
(1.4455264e-08 -1.6995494e-06 0)
(6.433752e-09 8.0153619e-06 0)
(1.6944012e-09 6.084914e-06 0)
(1.2014157e-10 6.0889001e-06 0)
(-9.3250795e-09 8.0224173e-06 0)
(-8.269517e-09 -1.6959025e-06 0)
(-6.9705935e-09 -1.2409306e-05 0)
(9.0699285e-09 -1.2411019e-05 0)
(9.7427106e-09 -1.6999291e-06 0)
(1.0084085e-08 8.0182444e-06 0)
(-9.5556381e-11 6.0871036e-06 0)
(-1.5826579e-09 6.090887e-06 0)
(-5.6903247e-09 8.0249146e-06 0)
(-1.2776933e-08 -1.6966227e-06 0)
(-1.8069321e-09 -1.2413612e-05 0)
(3.8722064e-09 -1.2415097e-05 0)
(1.4354188e-08 -1.7003744e-06 0)
(6.33017e-09 8.0211685e-06 0)
(1.6697677e-09 6.0892552e-06 0)
(1.4744033e-10 6.0928269e-06 0)
(-9.1200252e-09 8.0274339e-06 0)
(-8.0292367e-09 -1.697404e-06 0)
(-6.8627307e-09 -1.241778e-05 0)
(8.9240734e-09 -1.2419209e-05 0)
(9.4652212e-09 -1.7007368e-06 0)
(9.8556943e-09 8.0240115e-06 0)
(-1.2898789e-10 6.0913907e-06 0)
(-1.5469686e-09 6.0947504e-06 0)
(-5.4564551e-09 8.0298667e-06 0)
(-1.2471412e-08 -1.6980929e-06 0)
(-1.7203008e-09 -1.2421964e-05 0)
(3.6512064e-09 -1.2423177e-05 0)
(1.3945137e-08 -1.7011571e-06 0)
(6.0383895e-09 8.0268499e-06 0)
(1.6275516e-09 6.0934685e-06 0)
(1.7683127e-10 6.0966206e-06 0)
(-8.8591404e-09 8.0323152e-06 0)
(-7.7232829e-09 -1.6988336e-06 0)
(-6.7737712e-09 -1.2425989e-05 0)
(8.6247029e-09 -1.2427151e-05 0)
(8.9974774e-09 -1.701511e-06 0)
(9.5150895e-09 8.0295933e-06 0)
(-1.6822927e-10 6.0955138e-06 0)
(-1.5125834e-09 6.0984744e-06 0)
(-5.210628e-09 8.0346742e-06 0)
(-1.2149439e-08 -1.6994769e-06 0)
(-1.6706882e-09 -1.2430013e-05 0)
(3.3311955e-09 -1.2430979e-05 0)
(1.3421292e-08 -1.701919e-06 0)
(5.6919792e-09 8.0323099e-06 0)
(1.5836847e-09 6.0974986e-06 0)
(2.0155675e-10 6.1002767e-06 0)
(-8.6067621e-09 8.0370517e-06 0)
(-7.4336163e-09 -1.7001677e-06 0)
(-6.7209446e-09 -1.2433877e-05 0)
(8.2601681e-09 -1.2434803e-05 0)
(8.4742022e-09 -1.7022753e-06 0)
(9.1519185e-09 8.0349321e-06 0)
(-2.0423057e-10 6.0994465e-06 0)
(-1.4825174e-09 6.1020665e-06 0)
(-4.986248e-09 8.0393422e-06 0)
(-1.1854229e-08 -1.7007608e-06 0)
(-1.6567928e-09 -1.2437734e-05 0)
(2.9782777e-09 -1.2438492e-05 0)
(1.2875801e-08 -1.7026817e-06 0)
(5.3477485e-09 8.0375175e-06 0)
(1.5433277e-09 6.1013376e-06 0)
(2.2132399e-10 6.1038082e-06 0)
(-8.3771838e-09 8.0416549e-06 0)
(-7.1761501e-09 -1.7013997e-06 0)
(-6.6935087e-09 -1.2441439e-05 0)
(7.8812636e-09 -1.2442175e-05 0)
(7.9565042e-09 -1.7030476e-06 0)
(8.8015825e-09 8.0400152e-06 0)
(-2.3496639e-10 6.103192e-06 0)
(-1.4560288e-09 6.1055408e-06 0)
(-4.7847995e-09 8.043884e-06 0)
(-1.1586168e-08 -1.7019432e-06 0)
(-1.6613629e-09 -1.2445138e-05 0)
(2.6293524e-09 -1.2445733e-05 0)
(1.2348742e-08 -1.7034585e-06 0)
(5.0252947e-09 8.0424721e-06 0)
(1.5072244e-09 6.1049951e-06 0)
(2.3773274e-10 6.107228e-06 0)
(-8.1655552e-09 8.0461371e-06 0)
(-6.9412597e-09 -1.702532e-06 0)
(-6.6731269e-09 -1.2448692e-05 0)
(7.5157813e-09 -1.2449284e-05 0)
(7.4682607e-09 -1.7038372e-06 0)
(8.4744269e-09 8.0448502e-06 0)
(-2.6094706e-10 6.1067631e-06 0)
(-1.4315621e-09 6.1089079e-06 0)
(-4.5976512e-09 8.0483091e-06 0)
(-1.1331858e-08 -1.7030295e-06 0)
(-1.6657496e-09 -1.2452241e-05 0)
(2.303654e-09 -1.245272e-05 0)
(1.1854141e-08 -1.7042543e-06 0)
(4.7280865e-09 8.047186e-06 0)
(1.4746646e-09 6.1084853e-06 0)
(2.5244351e-10 6.1105441e-06 0)
(-7.9625802e-09 8.0505047e-06 0)
(-6.7138076e-09 -1.7035719e-06 0)
(-6.6435862e-09 -1.2455654e-05 0)
(7.1774746e-09 -1.2456146e-05 0)
(7.0157739e-09 -1.7046449e-06 0)
(8.1705027e-09 8.0494521e-06 0)
(-2.8330715e-10 6.1101738e-06 0)
(-1.4078118e-09 6.1121731e-06 0)
(-4.4154995e-09 8.0526202e-06 0)
(-1.1077302e-08 -1.7040282e-06 0)
(-1.6558581e-09 -1.2459061e-05 0)
(2.009651e-09 -1.2459466e-05 0)
(1.1394043e-08 -1.7050668e-06 0)
(4.4535234e-09 8.0516754e-06 0)
(1.4446778e-09 6.1118212e-06 0)
(2.6664247e-10 6.1137591e-06 0)
(-7.7602818e-09 8.0547573e-06 0)
(-6.4812311e-09 -1.7045293e-06 0)
(-6.5941014e-09 -1.2462341e-05 0)
(6.8715169e-09 -1.2462772e-05 0)
(6.5975943e-09 -1.7054663e-06 0)
(7.8863313e-09 8.0538374e-06 0)
(-3.0312366e-10 6.1134362e-06 0)
(-1.3839564e-09 6.1153371e-06 0)
(-4.2315302e-09 8.0568145e-06 0)
(-1.0812522e-08 -1.7049497e-06 0)
(-1.6234448e-09 -1.2465612e-05 0)
(1.74927e-09 -1.2465978e-05 0)
(1.0965406e-08 -1.7058896e-06 0)
(4.197309e-09 8.0559563e-06 0)
(1.4164283e-09 6.1150139e-06 0)
(2.8101848e-10 6.116872e-06 0)
(-7.5535243e-09 8.0588899e-06 0)
(-6.2356868e-09 -1.7054145e-06 0)
(-6.5194067e-09 -1.2468764e-05 0)
(6.5979442e-09 -1.2469166e-05 0)
(6.2092297e-09 -1.7062936e-06 0)
(7.617743e-09 8.0580214e-06 0)
(-3.2124062e-10 6.1165599e-06 0)
(-1.3595944e-09 6.1183976e-06 0)
(-4.0418387e-09 8.0608853e-06 0)
(-1.0532199e-08 -1.7058042e-06 0)
(-1.565342e-09 -1.2471905e-05 0)
(1.5206157e-09 -1.2472259e-05 0)
(1.0563401e-08 -1.7067143e-06 0)
(3.9551872e-09 8.060043e-06 0)
(1.3892963e-09 6.1180718e-06 0)
(2.9588946e-10 6.1198799e-06 0)
(-7.3398324e-09 8.062895e-06 0)
(-5.9736997e-09 -1.7062376e-06 0)
(-6.4185786e-09 -1.2474931e-05 0)
(6.3539179e-09 -1.2475329e-05 0)
(5.8453714e-09 -1.707118e-06 0)
(7.3609566e-09 8.0620172e-06 0)
(-3.3826896e-10 6.1195522e-06 0)
(-1.3346126e-09 6.1213512e-06 0)
(-3.844884e-09 8.0648244e-06 0)
(-1.0234821e-08 -1.7066013e-06 0)
(-1.4820373e-09 -1.2477944e-05 0)
(1.3197898e-09 -1.2478308e-05 0)
(1.0182967e-08 -1.7075318e-06 0)
(3.7235497e-09 8.0639473e-06 0)
(1.3628587e-09 6.121001e-06 0)
(3.1133733e-10 6.1227789e-06 0)
(-7.1187064e-09 8.0667642e-06 0)
(-5.6950336e-09 -1.7070076e-06 0)
(-6.2935987e-09 -1.2480848e-05 0)
(6.135238e-09 -1.2481259e-05 0)
(5.5009468e-09 -1.7079308e-06 0)
(7.1129245e-09 8.0658355e-06 0)
(-3.5463004e-10 6.1224184e-06 0)
(-1.3090701e-09 6.124194e-06 0)
(-3.6407555e-09 8.0686238e-06 0)
(-9.921495e-09 -1.7073494e-06 0)
(-1.376281e-09 -1.2483736e-05 0)
(1.1421074e-09 -1.2484123e-05 0)
(9.8195448e-09 -1.7083339e-06 0)
(3.49959e-09 8.0676789e-06 0)
(1.3368482e-09 6.1238062e-06 0)
(3.2731054e-10 6.1255653e-06 0)
(-6.8909265e-09 8.0704898e-06 0)
(-5.4015311e-09 -1.7077322e-06 0)
(-6.148096e-09 -1.2486519e-05 0)
(5.9373331e-09 -1.2486953e-05 0)
(5.1715992e-09 -1.7087242e-06 0)
(6.8713851e-09 8.0694849e-06 0)
(-3.7060063e-10 6.1251624e-06 0)
(-1.2831149e-09 6.1269226e-06 0)
(-3.4305384e-09 8.072276e-06 0)
(-9.5948901e-09 -1.7080553e-06 0)
(-1.2519779e-09 -1.2489282e-05 0)
(9.8287599e-10 -1.24897e-05 0)
(9.4693902e-09 -1.7091134e-06 0)
(3.2812812e-09 8.0712451e-06 0)
(1.3111145e-09 6.1264906e-06 0)
(3.4369137e-10 6.128236e-06 0)
(-6.6580011e-09 8.0740651e-06 0)
(-5.0961817e-09 -1.7084177e-06 0)
(-5.9864074e-09 -1.2491945e-05 0)
(5.7558689e-09 -1.2492409e-05 0)
(4.8538706e-09 -1.7094918e-06 0)
(6.6348008e-09 8.0729718e-06 0)
(-3.8634947e-10 6.127787e-06 0)
(-1.2569327e-09 6.1295342e-06 0)
(-3.2158443e-09 8.0757752e-06 0)
(-9.2584445e-09 -1.7087246e-06 0)
(-1.1134066e-09 -1.2494585e-05 0)
(8.3785142e-10 -1.2495038e-05 0)
(9.1296641e-09 -1.7098646e-06 0)
(3.0672849e-09 8.0746519e-06 0)
(1.2855935e-09 6.1290567e-06 0)
(3.6033635e-10 6.1307887e-06 0)
(-6.421778e-09 8.0774852e-06 0)
(-4.7824594e-09 -1.709069e-06 0)
(-5.8129491e-09 -1.2497129e-05 0)
(5.5870771e-09 -1.2497625e-05 0)
(4.5452166e-09 -1.7102285e-06 0)
(6.4022532e-09 8.0763015e-06 0)
(-4.019656e-10 6.1302944e-06 0)
(-1.230716e-09 6.1320271e-06 0)
(-2.9984947e-09 8.0791175e-06 0)
(-8.9158257e-09 -1.7093617e-06 0)
(-9.6472716e-10 -1.2499648e-05 0)
(7.0346026e-10 -1.2500136e-05 0)
(8.798393e-09 -1.7105831e-06 0)
(2.8568359e-09 8.0779037e-06 0)
(1.2602824e-09 6.1315065e-06 0)
(3.7709894e-10 6.1332223e-06 0)
(-6.1841913e-09 8.0807469e-06 0)
(-4.4638924e-09 -1.7096897e-06 0)
(-5.6318411e-09 -1.2502074e-05 0)
(5.4278911e-09 -1.2502601e-05 0)
(4.2439263e-09 -1.7109307e-06 0)
(6.173323e-09 8.0794781e-06 0)
(-4.1748044e-10 6.1326863e-06 0)
(-1.2046477e-09 6.1344005e-06 0)
(-2.7803207e-09 8.0823003e-06 0)
(-8.570594e-09 -1.7099696e-06 0)
(-8.0970491e-10 -1.2504472e-05 0)
(5.7686439e-10 -1.2504992e-05 0)
(8.4743607e-09 -1.7112661e-06 0)
(2.6496205e-09 8.0810044e-06 0)
(1.2352201e-09 6.1338416e-06 0)
(3.9384127e-10 6.1355364e-06 0)
(-5.9471067e-09 8.0838488e-06 0)
(-4.143806e-09 -1.7102826e-06 0)
(-5.4467147e-09 -1.2506781e-05 0)
(5.2759543e-09 -1.2507335e-05 0)
(3.9489941e-09 -1.7115962e-06 0)
(5.9479706e-09 8.0825051e-06 0)
(-4.3288558e-10 6.1349646e-06 0)
(-1.1788937e-09 6.1366548e-06 0)
(-2.5630459e-09 8.0853232e-06 0)
(-8.2260116e-09 -1.7105508e-06 0)
(-6.5158496e-10 -1.250906e-05 0)
(4.5592692e-10 -1.2509608e-05 0)
(8.1569663e-09 -1.7119116e-06 0)
(2.4456612e-09 8.0839572e-06 0)
(1.2104721e-09 6.1360639e-06 0)
(4.1043955e-10 6.1377317e-06 0)
(-5.7122338e-09 8.0867909e-06 0)
(-3.8251859e-09 -1.7108497e-06 0)
(-5.2606402e-09 -1.2511254e-05 0)
(5.1295557e-09 -1.2511831e-05 0)
(3.6599711e-09 -1.7122236e-06 0)
(5.7264263e-09 8.0853856e-06 0)
(-4.481467e-10 6.137131e-06 0)
(-1.1535991e-09 6.1387908e-06 0)
(-2.3482223e-09 8.0881868e-06 0)
(-7.884949e-09 -1.7111067e-06 0)
(-4.9306152e-10 -1.2513416e-05 0)
(3.3912537e-10 -1.2513987e-05 0)
(7.846077e-09 -1.712519e-06 0)
(2.2452123e-09 8.0867652e-06 0)
(1.1861177e-09 6.1381752e-06 0)
(4.2678629e-10 6.1398097e-06 0)
(-5.481082e-09 8.0895746e-06 0)
(-3.5106169e-09 -1.7113922e-06 0)
(-5.0761285e-09 -1.2515497e-05 0)
(4.9875294e-09 -1.2516092e-05 0)
(3.3768203e-09 -1.7128125e-06 0)
(5.5090942e-09 8.0881228e-06 0)
(-4.6321456e-10 6.1391874e-06 0)
(-1.1288877e-09 6.1408106e-06 0)
(-2.1372004e-09 8.0908933e-06 0)
(-7.5498519e-09 -1.7116386e-06 0)
(-3.3630211e-10 -1.2517545e-05 0)
(2.2544359e-10 -1.2518132e-05 0)
(7.541889e-09 -1.7130881e-06 0)
(2.0486714e-09 8.0894314e-06 0)
(1.1622413e-09 6.1401775e-06 0)
(4.4279036e-10 6.1417726e-06 0)
(-5.2549431e-09 8.0922027e-06 0)
(-3.2022706e-09 -1.7119111e-06 0)
(-4.8951724e-09 -1.2519515e-05 0)
(4.8491451e-09 -1.2520121e-05 0)
(3.0997853e-09 -1.7133633e-06 0)
(5.2964727e-09 8.0907196e-06 0)
(-4.7803328e-10 6.1411359e-06 0)
(-1.1048619e-09 6.1427165e-06 0)
(-1.9311209e-09 8.0934457e-06 0)
(-7.2227436e-09 -1.7121471e-06 0)
(-1.8299899e-10 -1.252145e-05 0)
(1.1426207e-10 -1.2522048e-05 0)
(7.2448076e-09 -1.7136195e-06 0)
(1.8565087e-09 8.091959e-06 0)
(1.1389251e-09 6.1420731e-06 0)
(4.5837665e-10 6.143623e-06 0)
(-5.0348899e-09 8.0946786e-06 0)
(-2.901919e-09 -1.712407e-06 0)
(-4.7193053e-09 -1.2523312e-05 0)
(4.7140022e-09 -1.2523924e-05 0)
(2.8292802e-09 -1.7138768e-06 0)
(5.0890923e-09 8.0931792e-06 0)
(-4.9254633e-10 6.142979e-06 0)
(-1.0816048e-09 6.1445117e-06 0)
(-1.7309181e-09 8.0958482e-06 0)
(-6.9052485e-09 -1.7126329e-06 0)
(-3.4431056e-11 -1.2525139e-05 0)
(5.2576959e-12 -1.2525742e-05 0)
(6.9553481e-09 -1.7141143e-06 0)
(1.6692111e-09 8.0943512e-06 0)
(1.1162447e-09 6.1438646e-06 0)
(4.7348482e-10 6.1453644e-06 0)
(-4.8217849e-09 8.0970069e-06 0)
(-2.6109622e-09 -1.7128805e-06 0)
(-4.5496656e-09 -1.2526895e-05 0)
(4.5819386e-09 -1.2527507e-05 0)
(2.5658017e-09 -1.7143543e-06 0)
(4.8874689e-09 8.0955052e-06 0)
(-5.067007e-10 6.1447194e-06 0)
(-1.0591809e-09 6.1461996e-06 0)
(-1.5373313e-09 8.0981053e-06 0)
(-6.5986248e-09 -1.7130963e-06 0)
(1.0847356e-10 -1.2528616e-05 0)
(-1.0168131e-10 -1.2529218e-05 0)
(6.6740606e-09 -1.7145739e-06 0)
(1.4872427e-09 8.0966116e-06 0)
(1.0942662e-09 6.1455548e-06 0)
(4.8806841e-10 6.1470003e-06 0)
(-4.6162945e-09 8.0991926e-06 0)
(-2.3304636e-09 -1.7133318e-06 0)
(-4.3870581e-09 -1.253027e-05 0)
(4.4529541e-09 -1.2530878e-05 0)
(2.3098622e-09 -1.7147971e-06 0)
(4.6920709e-09 8.0977012e-06 0)
(-5.2044957e-10 6.1463602e-06 0)
(-1.0376375e-09 6.147784e-06 0)
(-1.3509193e-09 8.1002225e-06 0)
(-6.3038019e-09 -1.7135377e-06 0)
(2.4507936e-10 -1.2531888e-05 0)
(-2.0652471e-10 -1.2532486e-05 0)
(6.4014737e-09 -1.7149998e-06 0)
(1.3110169e-09 8.098744e-06 0)
(1.0730441e-09 6.1471469e-06 0)
(5.0209339e-10 6.1485348e-06 0)
(-4.418905e-09 8.101241e-06 0)
(-2.0611868e-09 -1.7137612e-06 0)
(-4.2320111e-09 -1.2533444e-05 0)
(4.3271501e-09 -1.2534043e-05 0)
(2.0619422e-09 -1.7152072e-06 0)
(4.5032981e-09 8.0997713e-06 0)
(-5.3375387e-10 6.1479044e-06 0)
(-1.0170071e-09 6.1492689e-06 0)
(-1.1720771e-09 8.1022052e-06 0)
(-6.0214185e-09 -1.7139573e-06 0)
(3.7499141e-10 -1.2534964e-05 0)
(-3.0915449e-10 -1.2535552e-05 0)
(6.138056e-09 -1.7153939e-06 0)
(1.140879e-09 8.1007526e-06 0)
(1.0526211e-09 6.1486442e-06 0)
(5.1553713e-10 6.1499719e-06 0)
(-4.2299415e-09 8.1031579e-06 0)
(-1.8036321e-09 -1.7141692e-06 0)
(-4.0848253e-09 -1.2536425e-05 0)
(4.2046834e-09 -1.2537011e-05 0)
(1.8224577e-09 -1.7155862e-06 0)
(4.3214692e-09 8.1017194e-06 0)
(-5.4658298e-10 6.1493555e-06 0)
(-9.9730804e-10 6.1506587e-06 0)
(-1.0010535e-09 8.1040594e-06 0)
(-5.7518596e-09 -1.7143555e-06 0)
(4.9801035e-10 -1.253785e-05 0)
(-4.0940583e-10 -1.2538425e-05 0)
(5.8841913e-09 -1.715758e-06 0)
(9.7709676e-10 8.1026415e-06 0)
(1.0330278e-09 6.15005e-06 0)
(5.2838708e-10 6.151316e-06 0)
(-4.0495856e-09 8.1049493e-06 0)
(-1.558072e-09 -1.7145559e-06 0)
(-3.9456174e-09 -1.2539219e-05 0)
(4.0857324e-09 -1.253979e-05 0)
(1.5917403e-09 -1.715936e-06 0)
(4.1468165e-09 8.10355e-06 0)
(-5.5891482e-10 6.1507171e-06 0)
(-9.7854691e-10 6.1519577e-06 0)
(-8.3796918e-10 8.105791e-06 0)
(-5.4952924e-09 -1.7147326e-06 0)
(6.1409348e-10 -1.2540554e-05 0)
(-5.0709737e-10 -1.2541113e-05 0)
(5.6401652e-09 -1.7160938e-06 0)
(8.1985748e-10 8.1044151e-06 0)
(1.0142834e-09 6.1513681e-06 0)
(5.4063945e-10 6.1525714e-06 0)
(-3.8778947e-09 8.1066213e-06 0)
(-1.3245847e-09 -1.7149218e-06 0)
(-3.8143569e-09 -1.2541836e-05 0)
(3.9704725e-09 -1.2542388e-05 0)
(1.3700274e-09 -1.7162585e-06 0)
(3.9794861e-09 8.1052676e-06 0)
(-5.7073548e-10 6.1519926e-06 0)
(-9.6071975e-10 6.1531701e-06 0)
(-6.8283329e-10 8.1074062e-06 0)
(-5.2516992e-09 -1.7150891e-06 0)
(7.2332198e-10 -1.2543084e-05 0)
(-6.0205273e-10 -1.2543624e-05 0)
(5.4061596e-09 -1.7164034e-06 0)
(6.6926853e-10 8.1060779e-06 0)
(9.9639677e-10 6.152602e-06 0)
(5.5229834e-10 6.1537424e-06 0)
(-3.7148184e-09 8.1081798e-06 0)
(-1.1030845e-09 -1.7152673e-06 0)
(-3.6908975e-09 -1.2544283e-05 0)
(3.8590592e-09 -1.2544814e-05 0)
(1.1574582e-09 -1.7165556e-06 0)
(3.8195407e-09 8.1068766e-06 0)
(-5.8203871e-10 6.153186e-06 0)
(-9.4381349e-10 6.1543003e-06 0)
(-5.3556029e-10 8.1089109e-06 0)
(-5.0209073e-09 -1.7154253e-06 0)
(8.25873e-10 -1.2545448e-05 0)
(-6.9411504e-10 -1.2545968e-05 0)
(5.1822529e-09 -1.7166884e-06 0)
(5.2536154e-10 8.1076347e-06 0)
(9.7936695e-10 6.1537555e-06 0)
(5.6337423e-10 6.1548334e-06 0)
(-3.5602163e-09 8.1096308e-06 0)
(-8.9335013e-10 -1.7155929e-06 0)
(-3.5750038e-09 -1.2546567e-05 0)
(3.7516179e-09 -1.2547077e-05 0)
(9.5407572e-10 -1.716829e-06 0)
(3.6669664e-09 8.1083818e-06 0)
(-5.9282523e-10 6.1543007e-06 0)
(-9.2780765e-10 6.1553526e-06 0)
(-3.9598525e-10 8.1103109e-06 0)
(-4.8026179e-09 -1.7157418e-06 0)
(9.2199637e-10 -1.2547653e-05 0)
(-7.8315648e-10 -1.2548152e-05 0)
(4.9684254e-09 -1.7169507e-06 0)
(3.8809835e-10 8.1090898e-06 0)
(9.6318484e-10 6.1548323e-06 0)
(5.7388326e-10 6.1558485e-06 0)
(-3.4138729e-09 8.1109802e-06 0)
(-6.9504992e-10 -1.715899e-06 0)
(-3.466374e-09 -1.2548697e-05 0)
(3.6482372e-09 -1.2549183e-05 0)
(7.5983252e-10 -1.7170804e-06 0)
(3.5216795e-09 8.1097877e-06 0)
(-6.0310183e-10 6.1553406e-06 0)
(-9.1267546e-10 6.1563312e-06 0)
(-2.6387799e-10 8.1116121e-06 0)
(-4.5964298e-09 -1.716039e-06 0)
(1.011995e-09 -1.2549708e-05 0)
(-8.6908353e-10 -1.2550184e-05 0)
(4.7645662e-09 -1.7171918e-06 0)
(2.5737827e-10 8.110448e-06 0)
(9.4783406e-10 6.155836e-06 0)
(5.8384607e-10 6.1567918e-06 0)
(-3.2755119e-09 8.1122334e-06 0)
(-5.0776464e-10 -1.7161862e-06 0)
(-3.3646578e-09 -1.255068e-05 0)
(3.5489663e-09 -1.2551143e-05 0)
(5.7459785e-10 -1.7173114e-06 0)
(3.3835346e-09 8.1110989e-06 0)
(-6.1288063e-10 6.1563091e-06 0)
(-8.9838512e-10 6.1572399e-06 0)
(-1.3895596e-10 8.11282e-06 0)
(-4.4018622e-09 -1.7163176e-06 0)
(1.0962086e-09 -1.255162e-05 0)
(-9.5183961e-10 -1.2552073e-05 0)
(4.5704826e-09 -1.7174133e-06 0)
(1.3304581e-10 8.1117138e-06 0)
(9.3329216e-10 6.1567702e-06 0)
(5.9328696e-10 6.1576673e-06 0)
(-3.144809e-09 8.113396e-06 0)
(-3.3100744e-10 -1.7164551e-06 0)
(-3.269473e-09 -1.2552523e-05 0)
(3.4538147e-09 -1.2552963e-05 0)
(3.9816675e-10 -1.7175235e-06 0)
(3.2523337e-09 8.1123199e-06 0)
(-6.2217817e-10 6.15721e-06 0)
(-8.8490106e-10 6.1580827e-06 0)
(-2.0895782e-11 8.1139397e-06 0)
(-4.2183737e-09 -1.7165781e-06 0)
(1.1750008e-09 -1.2553397e-05 0)
(-1.031405e-09 -1.2553826e-05 0)
(4.3859104e-09 -1.7176166e-06 0)
(1.4898613e-11 8.1128915e-06 0)
(9.1953178e-10 6.1576383e-06 0)
(6.0223306e-10 6.1584787e-06 0)
(-3.0214031e-09 8.1144731e-06 0)
(-1.6424107e-10 -1.7167062e-06 0)
(-3.1804172e-09 -1.2554235e-05 0)
(3.3627534e-09 -1.2554651e-05 0)
(2.3026982e-10 -1.7177181e-06 0)
(3.1278343e-09 8.1134549e-06 0)
(-6.3101472e-10 6.1580465e-06 0)
(-8.7218467e-10 6.1588632e-06 0)
(9.0656484e-11 8.1149764e-06 0)
(-4.0453793e-09 -1.7168212e-06 0)
(1.2487481e-09 -1.2555044e-05 0)
(-1.1077956e-09 -1.2555451e-05 0)
(4.2105241e-09 -1.7178031e-06 0)
(-9.7304924e-11 8.1139855e-06 0)
(9.0652145e-10 6.1584438e-06 0)
(6.107137e-10 6.1592296e-06 0)
(-2.9049066e-09 8.1154695e-06 0)
(-6.8930572e-12 -1.7169403e-06 0)
(-3.0970786e-09 -1.2555821e-05 0)
(3.2757178e-09 -1.2556214e-05 0)
(7.0582856e-11 -1.7178964e-06 0)
(3.009757e-09 8.1145084e-06 0)
(-6.3941357e-10 6.1588219e-06 0)
(-8.6019539e-10 6.1595849e-06 0)
(1.9607668e-10 8.1159347e-06 0)
(-3.8822647e-09 -1.7170474e-06 0)
(1.3178315e-09 -1.255657e-05 0)
(-1.1810607e-09 -1.2556954e-05 0)
(4.0439475e-09 -1.717974e-06 0)
(-2.0383807e-10 8.1149999e-06 0)
(8.9422676e-10 6.1591899e-06 0)
(6.187597e-10 6.1599233e-06 0)
(-2.7949136e-09 8.1163899e-06 0)
(1.4163175e-10 -1.7171579e-06 0)
(-3.0190441e-09 -1.2557288e-05 0)
(3.192611e-09 -1.2557659e-05 0)
(-8.1263573e-11 -1.7180597e-06 0)
(2.897794e-09 8.1154841e-06 0)
(-6.4740031e-10 6.1595395e-06 0)
(-8.4889133e-10 6.1602511e-06 0)
(2.9575477e-10 8.1168191e-06 0)
(-3.7283982e-09 -1.7172575e-06 0)
(1.3826298e-09 -1.255798e-05 0)
(-1.2512792e-09 -1.2558342e-05 0)
(3.8857633e-09 -1.7181304e-06 0)
(-3.0499912e-10 8.1159385e-06 0)
(8.8261087e-10 6.1598795e-06 0)
(6.2640285e-10 6.1605629e-06 0)
(-2.6910076e-09 8.1172385e-06 0)
(2.8194054e-10 -1.7173596e-06 0)
(-2.9459053e-09 -1.2558643e-05 0)
(3.1133078e-09 -1.2558992e-05 0)
(-2.2567489e-10 -1.7182091e-06 0)
(2.7916153e-09 8.1163861e-06 0)
(-6.5500229e-10 6.1602021e-06 0)
(-8.3822997e-10 6.1608647e-06 0)
(3.9008847e-10 8.1176337e-06 0)
(-3.5831414e-09 -1.717452e-06 0)
(1.4435146e-09 -1.255928e-05 0)
(-1.3185567e-09 -1.2559622e-05 0)
(3.7355223e-09 -1.7182733e-06 0)
(-4.0110489e-10 8.1168053e-06 0)
(8.7163554e-10 6.1605156e-06 0)
(6.3367553e-10 6.1611515e-06 0)
(-2.5927677e-09 8.1180192e-06 0)
(4.146435e-10 -1.7175461e-06 0)
(-2.8772638e-09 -1.2559891e-05 0)
(3.0376587e-09 -1.2560219e-05 0)
(-3.6308413e-10 -1.7183453e-06 0)
(2.6908753e-09 8.117218e-06 0)
(-6.6224799e-10 6.1608125e-06 0)
(-8.2816865e-10 6.1614285e-06 0)
(4.7947776e-10 8.1183823e-06 0)
(-3.4458569e-09 -1.7176315e-06 0)
(1.5008463e-09 -1.2560477e-05 0)
(-1.3830214e-09 -1.2560798e-05 0)
(3.5927523e-09 -1.7184035e-06 0)
(-4.9248523e-10 8.1176036e-06 0)
(8.6126162e-10 6.1611008e-06 0)
(6.4061013e-10 6.1616916e-06 0)
(-2.4997732e-09 8.1187359e-06 0)
(5.4034675e-10 -1.717718e-06 0)
(-2.8127343e-09 -1.2561038e-05 0)
(2.9654944e-09 -1.2561346e-05 0)
(-4.9394417e-10 -1.7184695e-06 0)
(2.5952182e-09 8.1179832e-06 0)
(-6.6916681e-10 6.1613734e-06 0)
(-8.1866518e-10 6.1619453e-06 0)
(5.6432022e-10 8.1190686e-06 0)
(-3.3159154e-09 -1.7177967e-06 0)
(1.5549717e-09 -1.2561575e-05 0)
(-1.4448201e-09 -1.2561877e-05 0)
(3.4569654e-09 -1.7185221e-06 0)
(-5.7947798e-10 8.1183369e-06 0)
(8.5144948e-10 6.1616378e-06 0)
(6.4723897e-10 6.1621859e-06 0)
(-2.411609e-09 8.1193917e-06 0)
(6.5964642e-10 -1.7178758e-06 0)
(-2.7519475e-09 -1.2562089e-05 0)
(2.8966295e-09 -1.2562378e-05 0)
(-6.1872058e-10 -1.7185822e-06 0)
(2.5042833e-09 8.1186848e-06 0)
(-6.7578843e-10 6.1618872e-06 0)
(-8.0967792e-10 6.1624174e-06 0)
(6.4500755e-10 8.1196956e-06 0)
(-3.1927013e-09 -1.7179481e-06 0)
(1.6062215e-09 -1.2562579e-05 0)
(-1.5041146e-09 -1.2562863e-05 0)
(3.3276653e-09 -1.7186296e-06 0)
(-6.6242462e-10 8.1190081e-06 0)
(8.4215965e-10 6.1621288e-06 0)
(6.5359384e-10 6.1626366e-06 0)
(-2.3278682e-09 8.1199899e-06 0)
(7.7312388e-10 -1.7180201e-06 0)
(-2.6945516e-09 -1.2563047e-05 0)
(2.8308668e-09 -1.2563319e-05 0)
(-7.3788526e-10 -1.7186843e-06 0)
(2.4177088e-09 8.1193259e-06 0)
(-6.8214259e-10 6.1623562e-06 0)
(-8.0116641e-10 6.162847e-06 0)
(7.2192225e-10 8.1202664e-06 0)
(-3.0756169e-09 -1.7180862e-06 0)
(1.6549102e-09 -1.2563493e-05 0)
(-1.5610782e-09 -1.2563761e-05 0)
(3.2043534e-09 -1.7187268e-06 0)
(-7.4166601e-10 8.1196202e-06 0)
(8.3335318e-10 6.162576e-06 0)
(6.5970592e-10 6.1630458e-06 0)
(-2.2481553e-09 8.1205333e-06 0)
(8.8134199e-10 -1.7181515e-06 0)
(-2.6402138e-09 -1.2563919e-05 0)
(2.7680011e-09 -1.2564174e-05 0)
(-8.5191077e-10 -1.7187763e-06 0)
(2.3351364e-09 8.1199092e-06 0)
(-6.8825881e-10 6.1627823e-06 0)
(-7.9309138e-10 6.163236e-06 0)
(7.954353e-10 8.1207837e-06 0)
(-2.9640861e-09 -1.7182116e-06 0)
(1.7013342e-09 -1.2564322e-05 0)
(-1.6158919e-09 -1.2564574e-05 0)
(3.0865345e-09 -1.7188141e-06 0)
(-8.1753927e-10 8.1201758e-06 0)
(8.2499194e-10 6.1629814e-06 0)
(6.6560544e-10 6.1634154e-06 0)
(-2.1720888e-09 8.1210244e-06 0)
(9.8484214e-10 -1.7182703e-06 0)
(-2.5886204e-09 -1.2564707e-05 0)
(2.7078223e-09 -1.2564947e-05 0)
(-9.6126531e-10 -1.7188587e-06 0)
(2.2562141e-09 8.1204371e-06 0)
(-6.9416599e-10 6.1631676e-06 0)
(-7.8541517e-10 6.1635863e-06 0)
(8.659039e-10 8.1212498e-06 0)
(-2.8575568e-09 -1.7183248e-06 0)
(1.7457722e-09 -1.2565069e-05 0)
(-1.6687413e-09 -1.2565307e-05 0)
(2.9737211e-09 -1.7188921e-06 0)
(-8.9037462e-10 8.1206772e-06 0)
(8.1703894e-10 6.1633468e-06 0)
(6.7132156e-10 6.1637471e-06 0)
(-2.0993027e-09 8.1214654e-06 0)
(1.0841417e-09 -1.7183772e-06 0)
(-2.5394773e-09 -1.2565415e-05 0)
(2.6501191e-09 -1.2565641e-05 0)
(-1.066408e-09 -1.7189321e-06 0)
(2.1805989e-09 8.120912e-06 0)
(-6.9989236e-10 6.1635136e-06 0)
(-7.7810177e-10 6.1638995e-06 0)
(9.3366977e-10 8.121667e-06 0)
(-2.7555038e-09 -1.7184261e-06 0)
(1.788485e-09 -1.2565738e-05 0)
(-1.7198138e-09 -1.2565963e-05 0)
(2.8654388e-09 -1.7189613e-06 0)
(-9.6049272e-10 8.1211266e-06 0)
(8.0945849e-10 6.1636737e-06 0)
(6.7688223e-10 6.1640424e-06 0)
(-2.0294488e-09 8.1218585e-06 0)
(1.1797322e-09 -1.7184724e-06 0)
(-2.4925102e-09 -1.2566046e-05 0)
(2.5946816e-09 -1.2566259e-05 0)
(-1.1677849e-09 -1.7189969e-06 0)
(2.1079602e-09 8.121336e-06 0)
(-7.0546528e-10 6.163822e-06 0)
(-7.7111702e-10 6.1641771e-06 0)
(9.9905762e-10 8.122037e-06 0)
(-2.6574299e-09 -1.718516e-06 0)
(1.8297156e-09 -1.2566332e-05 0)
(-1.7692949e-09 -1.2566544e-05 0)
(2.7612296e-09 -1.719022e-06 0)
(-1.0282023e-09 8.1215259e-06 0)
(8.0221654e-10 6.1639637e-06 0)
(6.8231409e-10 6.1643027e-06 0)
(-1.9621976e-09 8.1222053e-06 0)
(1.2720775e-09 -1.7185565e-06 0)
(-2.447464e-09 -1.2566603e-05 0)
(2.5413046e-09 -1.2566805e-05 0)
(-1.2658249e-09 -1.7190533e-06 0)
(2.0379814e-09 8.1217108e-06 0)
(-7.1091089e-10 6.164094e-06 0)
(-7.6442873e-10 6.1644201e-06 0)
(1.0623738e-09 8.1223617e-06 0)
(-2.5628681e-09 -1.7185949e-06 0)
(1.8696893e-09 -1.2566852e-05 0)
(-1.8173665e-09 -1.2567054e-05 0)
(2.6606562e-09 -1.7190746e-06 0)
(-1.0937976e-09 8.121877e-06 0)
(7.952808e-10 6.1642179e-06 0)
(6.8764232e-10 6.164529e-06 0)
(-1.8972397e-09 8.1225076e-06 0)
(1.3616122e-09 -1.7186297e-06 0)
(-2.404103e-09 -1.2567088e-05 0)
(2.4897903e-09 -1.256728e-05 0)
(-1.3609364e-09 -1.7191017e-06 0)
(1.970363e-09 8.1220381e-06 0)
(-7.1625408e-10 6.1643309e-06 0)
(-7.5800678e-10 6.1646299e-06 0)
(1.1239051e-09 8.1226424e-06 0)
(-2.4713828e-09 -1.7186631e-06 0)
(1.908614e-09 -1.2567303e-05 0)
(-1.864203e-09 -1.2567495e-05 0)
(2.5633051e-09 -1.7191193e-06 0)
(-1.1575563e-09 8.1221812e-06 0)
(7.8862095e-10 6.1644376e-06 0)
(6.9289042e-10 6.1647226e-06 0)
(-1.8342872e-09 8.1227666e-06 0)
(1.4487403e-09 -1.7186923e-06 0)
(-2.3622106e-09 -1.2567504e-05 0)
(2.4399507e-09 -1.2567687e-05 0)
(-1.4535031e-09 -1.7191424e-06 0)
(1.9048237e-09 8.1223193e-06 0)
(-7.2151821e-10 6.1645338e-06 0)
(-7.5182331e-10 6.1648072e-06 0)
(1.1839173e-09 8.1228806e-06 0)
(-2.3825714e-09 -1.7187209e-06 0)
(1.9466805e-09 -1.2567684e-05 0)
(-1.9099699e-09 -1.2567868e-05 0)
(2.4687904e-09 -1.7191563e-06 0)
(-1.2197378e-09 8.1224401e-06 0)
(7.8220879e-10 6.1646238e-06 0)
(6.9808016e-10 6.1648842e-06 0)
(-1.773075e-09 8.1229835e-06 0)
(1.5338335e-09 -1.7187447e-06 0)
(-2.3215888e-09 -1.2567853e-05 0)
(2.3916103e-09 -1.2568027e-05 0)
(-1.5438814e-09 -1.7191755e-06 0)
(1.8411035e-09 8.1225557e-06 0)
(-7.2672497e-10 6.1647035e-06 0)
(-7.4585279e-10 6.164953e-06 0)
(1.2426538e-09 8.1230771e-06 0)
(-2.2960657e-09 -1.7187686e-06 0)
(1.9840624e-09 -1.2568e-05 0)
(-1.95482e-09 -1.2568176e-05 0)
(2.3767573e-09 -1.7191858e-06 0)
(-1.2805803e-09 8.1226547e-06 0)
(7.7601846e-10 6.1647772e-06 0)
(7.0323134e-10 6.1650145e-06 0)
(-1.7133619e-09 8.1231594e-06 0)
(1.6172298e-09 -1.718787e-06 0)
(-2.2820582e-09 -1.2568135e-05 0)
(2.3446089e-09 -1.2568303e-05 0)
(-1.6323962e-09 -1.7192013e-06 0)
(1.7789652e-09 8.1227483e-06 0)
(-7.3189431e-10 6.1648409e-06 0)
(-7.4007214e-10 6.1650679e-06 0)
(1.3003341e-09 8.1232331e-06 0)
(-2.2115334e-09 -1.7188063e-06 0)
(2.0209165e-09 -1.256825e-05 0)
(-1.9988914e-09 -1.256842e-05 0)
(2.2868856e-09 -1.719208e-06 0)
(-1.340299e-09 8.122826e-06 0)
(7.7002651e-10 6.1648986e-06 0)
(7.0836165e-10 6.1651143e-06 0)
(-1.6549324e-09 8.123295e-06 0)
(1.6992313e-09 -1.7188196e-06 0)
(-2.2434579e-09 -1.2568353e-05 0)
(2.2988037e-09 -1.2568515e-05 0)
(-1.7193374e-09 -1.7192197e-06 0)
(1.7181969e-09 8.1228982e-06 0)
(-7.3704398e-10 6.1649466e-06 0)
(-7.3446096e-10 6.1651525e-06 0)
(1.3571526e-09 8.1233492e-06 0)
(-2.1286802e-09 -1.7188343e-06 0)
(2.0573822e-09 -1.2568436e-05 0)
(-2.0423046e-09 -1.2568601e-05 0)
(2.1988931e-09 -1.719223e-06 0)
(-1.3990839e-09 8.122955e-06 0)
(7.642122e-10 6.1649886e-06 0)
(7.1348656e-10 6.1651841e-06 0)
(-1.5975976e-09 8.1233912e-06 0)
(1.7801026e-09 -1.7188425e-06 0)
(-2.2056453e-09 -1.2568508e-05 0)
(2.2540726e-09 -1.2568664e-05 0)
(-1.8049558e-09 -1.719231e-06 0)
(1.6586146e-09 8.1230061e-06 0)
(-7.421895e-10 6.1650212e-06 0)
(-7.2900151e-10 6.1652073e-06 0)
(1.4132764e-09 8.1234261e-06 0)
(-2.0472514e-09 -1.7188528e-06 0)
(2.0935821e-09 -1.2568559e-05 0)
(-2.0851596e-09 -1.256872e-05 0)
(2.11254e-09 -1.7192309e-06 0)
(-1.4570968e-09 8.1230423e-06 0)
(7.5855754e-10 6.1650477e-06 0)
(7.1861887e-10 6.1652242e-06 0)
(-1.5411976e-09 8.1234484e-06 0)
(1.8600686e-09 -1.718856e-06 0)
(-2.1684962e-09 -1.2568601e-05 0)
(2.2103164e-09 -1.2568753e-05 0)
(-1.8894593e-09 -1.7192352e-06 0)
(1.6000638e-09 8.1230728e-06 0)
(-7.4734387e-10 6.1650651e-06 0)
(-7.2367901e-10 6.1652327e-06 0)
(1.4688441e-09 8.1234644e-06 0)
(-1.967034e-09 -1.7188619e-06 0)
(2.1296211e-09 -1.256862e-05 0)
(-2.1275328e-09 -1.2568778e-05 0)
(2.0276325e-09 -1.7192317e-06 0)
(-1.5144689e-09 8.1230887e-06 0)
(7.5304765e-10 6.1650765e-06 0)
(7.2376867e-10 6.1652351e-06 0)
(-1.4856027e-09 8.1234673e-06 0)
(1.939312e-09 -1.7188602e-06 0)
(-2.1319049e-09 -1.2568632e-05 0)
(2.1674623e-09 -1.2568781e-05 0)
(-1.9730083e-09 -1.7192324e-06 0)
(1.5424232e-09 8.1230987e-06 0)
(-7.5251723e-10 6.1650789e-06 0)
(-7.1848178e-10 6.165229e-06 0)
(1.5239631e-09 8.1234645e-06 0)
(-1.8878588e-09 -1.7188618e-06 0)
(2.1655867e-09 -1.2568621e-05 0)
(-2.1694736e-09 -1.2568776e-05 0)
(1.9440275e-09 -1.7192255e-06 0)
(-1.5712981e-09 8.1230947e-06 0)
(7.4767088e-10 6.1650752e-06 0)
(7.2894303e-10 6.1652171e-06 0)
(-1.4307151e-09 8.1234481e-06 0)
(2.017971e-09 -1.7188553e-06 0)
(-2.0957837e-09 -1.2568602e-05 0)
(2.1254663e-09 -1.2568749e-05 0)
(-2.0557113e-09 -1.7192225e-06 0)
(1.4856068e-09 8.1230846e-06 0)
(-7.5771663e-10 6.1650628e-06 0)
(-7.134013e-10 6.1651965e-06 0)
(1.578708e-09 8.1234267e-06 0)
(-1.8096026e-09 -1.7188527e-06 0)
(2.2015487e-09 -1.2568561e-05 0)
(-2.2110016e-09 -1.2568714e-05 0)
(1.8616363e-09 -1.7192122e-06 0)
(-1.6276457e-09 8.1230608e-06 0)
(7.4241899e-10 6.1650443e-06 0)
(7.3414571e-10 6.1651705e-06 0)
(-1.3764712e-09 8.1233913e-06 0)
(2.0961373e-09 -1.7188414e-06 0)
(-2.0600634e-09 -1.2568512e-05 0)
(2.0843168e-09 -1.2568658e-05 0)
(-2.1376199e-09 -1.7192056e-06 0)
(1.4295666e-09 8.1230307e-06 0)
(-7.6294575e-10 6.1650172e-06 0)
(-7.0843247e-10 6.1651355e-06 0)
(1.6331187e-09 8.1233515e-06 0)
(-1.7321903e-09 -1.7188346e-06 0)
(2.2375587e-09 -1.2568441e-05 0)
(-2.2521029e-09 -1.2568594e-05 0)
(1.7804298e-09 -1.7191918e-06 0)
(-1.6835338e-09 8.1229875e-06 0)
(7.3728741e-10 6.1649839e-06 0)
(7.3937685e-10 6.1650954e-06 0)
(-1.3228429e-09 8.1232972e-06 0)
(2.1738532e-09 -1.7188186e-06 0)
(-2.024692e-09 -1.2568363e-05 0)
(2.0440372e-09 -1.2568508e-05 0)
(-2.2187249e-09 -1.7191816e-06 0)
(1.3742958e-09 8.1229378e-06 0)
(-7.6820451e-10 6.1649423e-06 0)
(-7.0357369e-10 6.1650463e-06 0)
(1.6871983e-09 8.123239e-06 0)
(-1.6555961e-09 -1.7188077e-06 0)
(2.2736511e-09 -1.2568263e-05 0)
(-2.2927262e-09 -1.2568415e-05 0)
(1.7004421e-09 -1.7191644e-06 0)
(-1.7389421e-09 8.1228753e-06 0)
(7.322754e-10 6.1648946e-06 0)
(7.4463277e-10 6.1649921e-06 0)
(-1.2698388e-09 8.1231661e-06 0)
(2.2511103e-09 -1.7187872e-06 0)
(-1.989635e-09 -1.2568155e-05 0)
(2.0046898e-09 -1.25683e-05 0)
(-2.2989506e-09 -1.7191505e-06 0)
(1.3198308e-09 8.1228062e-06 0)
(-7.7348871e-10 6.1648386e-06 0)
(-6.9882699e-10 6.164929e-06 0)
(1.7409117e-09 8.1230897e-06 0)
(-1.5798451e-09 -1.7187723e-06 0)
(2.3098426e-09 -1.2568026e-05 0)
(-2.3327797e-09 -1.2568178e-05 0)
(1.6217751e-09 -1.7191299e-06 0)
(-1.7938051e-09 8.1227247e-06 0)
(7.2738636e-10 6.1647764e-06 0)
(7.4990566e-10 6.164861e-06 0)
(-1.2175059e-09 8.1229983e-06 0)
(2.3278485e-09 -1.7187474e-06 0)
(-1.9548733e-09 -1.2567889e-05 0)
(1.9663783e-09 -1.2568035e-05 0)
(-2.3781515e-09 -1.7191122e-06 0)
(1.266254e-09 8.1226365e-06 0)
(-7.7878974e-10 6.1647063e-06 0)
(-6.941981e-10 6.1647839e-06 0)
(1.7941848e-09 8.1229039e-06 0)
(-1.5050131e-09 -1.7187285e-06 0)
(2.3461341e-09 -1.2567731e-05 0)
(-2.3721273e-09 -1.2567884e-05 0)
(1.5446016e-09 -1.7190882e-06 0)
(-1.8480098e-09 8.1225364e-06 0)
(7.2262778e-10 6.16463e-06 0)
(7.5518343e-10 6.1647022e-06 0)
(-1.1659289e-09 8.1227942e-06 0)
(2.4039553e-09 -1.7186993e-06 0)
(-1.9204018e-09 -1.2567567e-05 0)
(1.9292507e-09 -1.2567713e-05 0)
(-2.4561084e-09 -1.7190668e-06 0)
(1.2136953e-09 8.1224293e-06 0)
(-7.8409434e-10 6.1645459e-06 0)
(-6.8969635e-10 6.1646114e-06 0)
(1.8469038e-09 8.122682e-06 0)
(-1.4312261e-09 -1.7186766e-06 0)
(2.3825121e-09 -1.256738e-05 0)
(-2.4105857e-09 -1.2567534e-05 0)
(1.4691678e-09 -1.7190393e-06 0)
(-1.9013939e-09 8.122311e-06 0)
(7.1801145e-10 6.1644556e-06 0)
(7.6044953e-10 6.1645162e-06 0)
(-1.11523e-09 8.1225542e-06 0)
(2.4792676e-09 -1.7186433e-06 0)
(-1.8862266e-09 -1.2567187e-05 0)
(1.8935021e-09 -1.2567335e-05 0)
(-2.5325258e-09 -1.719014e-06 0)
(1.1623333e-09 8.1221855e-06 0)
(-7.8938423e-10 6.1643579e-06 0)
(-6.8533465e-10 6.1644118e-06 0)
(1.8989168e-09 8.1224243e-06 0)
(-1.3586569e-09 -1.7186169e-06 0)
(2.4189512e-09 -1.2566973e-05 0)
(-2.4479212e-09 -1.2567129e-05 0)
(1.3957952e-09 -1.7189831e-06 0)
(-1.9537445e-09 8.1220494e-06 0)
(7.1355338e-10 6.1642539e-06 0)
(7.656831e-10 6.1643033e-06 0)
(-1.065567e-09 8.1222788e-06 0)
(2.5535749e-09 -1.7185798e-06 0)
(-1.8523607e-09 -1.2566753e-05 0)
(1.8593759e-09 -1.2566902e-05 0)
(-2.6070312e-09 -1.718954e-06 0)
(1.1123952e-09 8.121906e-06 0)
(-7.9463606e-10 6.1641428e-06 0)
(-6.8112899e-10 6.1641857e-06 0)
(1.9500356e-09 8.1221315e-06 0)
(-1.2875202e-09 -1.7185497e-06 0)
(2.4554182e-09 -1.2566512e-05 0)
(-2.4838483e-09 -1.2566669e-05 0)
(1.3248788e-09 -1.7189195e-06 0)
(-2.0047989e-09 8.1217525e-06 0)
(7.0927389e-10 6.1640255e-06 0)
(7.7085886e-10 6.1640642e-06 0)
(-1.0171289e-09 8.1219686e-06 0)
(2.6266249e-09 -1.718509e-06 0)
(-1.8188193e-09 -1.2566265e-05 0)
(1.8271647e-09 -1.2566416e-05 0)
(-2.6791764e-09 -1.7188864e-06 0)
(1.0641547e-09 8.1215917e-06 0)
(-7.9982111e-10 6.1639014e-06 0)
(-6.7709817e-10 6.1639336e-06 0)
(2.0000405e-09 8.1218043e-06 0)
(-1.2180649e-09 -1.7184756e-06 0)
(2.4918772e-09 -1.2565998e-05 0)
(-2.5180285e-09 -1.2566156e-05 0)
(1.2568841e-09 -1.7188485e-06 0)
(-2.0542467e-09 8.1214217e-06 0)
(7.0519706e-10 6.1637712e-06 0)
(7.7594762e-10 6.1637994e-06 0)
(-9.7013019e-10 8.1216243e-06 0)
(2.6981329e-09 -1.7184317e-06 0)
(-1.7856126e-09 -1.2565726e-05 0)
(1.7972093e-09 -1.2565877e-05 0)
(-2.7484421e-09 -1.7188114e-06 0)
(1.0179287e-09 8.1212442e-06 0)
(-8.0490565e-10 6.1636346e-06 0)
(-6.7326304e-10 6.1636563e-06 0)
(2.0486871e-09 8.1214433e-06 0)
(-1.1505615e-09 -1.7183951e-06 0)
(2.5282966e-09 -1.2565433e-05 0)
(-2.5500725e-09 -1.2565591e-05 0)
(1.1923397e-09 -1.7187699e-06 0)
(-2.1017341e-09 8.1210584e-06 0)
(7.0135057e-10 6.1634921e-06 0)
(7.8091699e-10 6.1635097e-06 0)
(-9.2480135e-10 8.121247e-06 0)
(2.7677947e-09 -1.7183483e-06 0)
(-1.7527373e-09 -1.2565136e-05 0)
(1.7698948e-09 -1.2565288e-05 0)
(-2.8142474e-09 -1.7187286e-06 0)
(9.7406987e-10 8.1208651e-06 0)
(-8.0985095e-10 6.1633435e-06 0)
(-6.6964513e-10 6.1633545e-06 0)
(2.0957169e-09 8.1210497e-06 0)
(-1.0852871e-09 -1.7183089e-06 0)
(2.5646575e-09 -1.256482e-05 0)
(-2.5795434e-09 -1.2564978e-05 0)
(1.1318244e-09 -1.7186835e-06 0)
(-2.1468722e-09 8.1206643e-06 0)
(6.9776469e-10 6.1631891e-06 0)
(7.8573242e-10 6.163196e-06 0)
(-8.8137666e-10 8.1208374e-06 0)
(2.8353046e-09 -1.7182597e-06 0)
(-1.7201668e-09 -1.2564499e-05 0)
(1.7456442e-09 -1.2564651e-05 0)
(-2.8759635e-09 -1.7186381e-06 0)
(9.3295678e-10 8.1204561e-06 0)
(-8.1461407e-10 6.1630293e-06 0)
(-6.6626537e-10 6.1630293e-06 0)
(2.140871e-09 8.1206243e-06 0)
(-1.0225035e-09 -1.7182178e-06 0)
(2.6009638e-09 -1.256416e-05 0)
(-2.6059658e-09 -1.2564316e-05 0)
(1.0759485e-09 -1.7185893e-06 0)
(-2.1892489e-09 8.1202415e-06 0)
(6.9447156e-10 6.1628639e-06 0)
(7.9035871e-10 6.1628594e-06 0)
(-8.4007717e-10 8.1203968e-06 0)
(2.9003784e-09 -1.7181667e-06 0)
(-1.6878397e-09 -1.2563818e-05 0)
(1.7249058e-09 -1.2563967e-05 0)
(-2.9329377e-09 -1.7185395e-06 0)
(8.9497799e-10 8.1200195e-06 0)
(-8.1914864e-10 6.1626936e-06 0)
(-6.6314209e-10 6.1626817e-06 0)
(2.1839085e-09 8.1201685e-06 0)
(-9.6243078e-10 -1.7181227e-06 0)
(2.6372525e-09 -1.2563458e-05 0)
(-2.6288405e-09 -1.256361e-05 0)
(1.0253251e-09 -1.7184871e-06 0)
(-2.2284472e-09 8.1197923e-06 0)
(6.9150343e-10 6.1625179e-06 0)
(7.9476185e-10 6.162501e-06 0)
(-8.0108954e-10 8.1199264e-06 0)
(2.9627822e-09 -1.7180704e-06 0)
(-1.6556481e-09 -1.2563094e-05 0)
(1.7081337e-09 -1.256324e-05 0)
(-2.9845258e-09 -1.7184327e-06 0)
(8.6051013e-10 8.1195578e-06 0)
(-8.2340641e-10 6.1623379e-06 0)
(-6.6028843e-10 6.1623129e-06 0)
(2.2246305e-09 8.1196835e-06 0)
(-9.0521528e-10 -1.7180247e-06 0)
(2.6736049e-09 -1.2562716e-05 0)
(-2.6476681e-09 -1.2562862e-05 0)
(9.8052932e-10 -1.7183765e-06 0)
(-2.26407e-09 8.1193194e-06 0)
(6.8889066e-10 6.1621529e-06 0)
(7.9891196e-10 6.162122e-06 0)
(-7.6453963e-10 8.1194276e-06 0)
(3.0223664e-09 -1.7179718e-06 0)
(-1.6234278e-09 -1.2562333e-05 0)
(1.6957574e-09 -1.2562473e-05 0)
(-3.0301394e-09 -1.7183175e-06 0)
(8.2988773e-10 8.1190739e-06 0)
(-8.2733949e-10 6.1619643e-06 0)
(-6.577092e-10 6.1619242e-06 0)
(2.2629077e-09 8.1191706e-06 0)
(-8.5089242e-10 -1.717925e-06 0)
(2.7101532e-09 -1.2561938e-05 0)
(-2.6619853e-09 -1.2562075e-05 0)
(9.4204261e-10 -1.7182574e-06 0)
(-2.2957755e-09 8.1188257e-06 0)
(6.8665897e-10 6.161771e-06 0)
(8.027866e-10 6.1617238e-06 0)
(-7.3046127e-10 8.1189016e-06 0)
(3.0791047e-09 -1.7178723e-06 0)
(-1.5909525e-09 -1.2561538e-05 0)
(1.6881366e-09 -1.2561668e-05 0)
(-3.0693116e-09 -1.7181934e-06 0)
(8.0336218e-10 8.1185706e-06 0)
(-8.3090313e-10 6.1615748e-06 0)
(-6.5539699e-10 6.161517e-06 0)
(2.2987147e-09 8.1186311e-06 0)
(-7.9934616e-10 -1.7178251e-06 0)
(2.7470832e-09 -1.2561127e-05 0)
(-2.67142e-09 -1.2561252e-05 0)
(9.1017553e-10 -1.7181293e-06 0)
(-2.3233235e-09 8.1183143e-06 0)
(6.8482567e-10 6.1613742e-06 0)
(8.063747e-10 6.1613076e-06 0)
(-6.9876042e-10 8.1183498e-06 0)
(3.1331352e-09 -1.7177734e-06 0)
(-1.5579368e-09 -1.2560712e-05 0)
(1.6854952e-09 -1.2560828e-05 0)
(-3.1017857e-09 -1.7180602e-06 0)
(7.8104723e-10 8.1180512e-06 0)
(-8.3406043e-10 6.1611716e-06 0)
(-6.5332807e-10 6.1610925e-06 0)
(2.3321673e-09 8.1180664e-06 0)
(-7.5026746e-10 -1.7177262e-06 0)
(2.7846247e-09 -1.2560288e-05 0)
(-2.6757688e-09 -1.2560396e-05 0)
(8.8496517e-10 -1.7179919e-06 0)
(-2.3466386e-09 8.1177884e-06 0)
(6.8339434e-10 6.1609649e-06 0)
(8.0968133e-10 6.1608747e-06 0)
(-6.691763e-10 8.1177734e-06 0)
(3.1848011e-09 -1.7176764e-06 0)
(-1.5240525e-09 -1.255986e-05 0)
(1.6878285e-09 -1.2559958e-05 0)
(-3.1276327e-09 -1.7179174e-06 0)
(7.6284789e-10 8.117519e-06 0)
(-8.3678804e-10 6.1607569e-06 0)
(-6.5145742e-10 6.160652e-06 0)
(2.3635621e-09 8.1174774e-06 0)
(-7.0311627e-10 -1.71763e-06 0)
(2.8230257e-09 -1.2559425e-05 0)
(-2.6751074e-09 -1.255951e-05 0)
(8.6604069e-10 -1.7178446e-06 0)
(-2.3658903e-09 8.1172512e-06 0)
(6.8234824e-10 6.1605451e-06 0)
(8.127327e-10 6.1604263e-06 0)
(-6.4124172e-10 8.1171732e-06 0)
(3.2346855e-09 -1.7175829e-06 0)
(-1.4889668e-09 -1.2558984e-05 0)
(1.6947763e-09 -1.2559059e-05 0)
(-3.1474048e-09 -1.7177645e-06 0)
(7.4836963e-10 8.1169769e-06 0)
(-8.3908417e-10 6.1603328e-06 0)
(-6.4971381e-10 6.1601962e-06 0)
(2.3934169e-09 8.1168649e-06 0)
(-6.5709263e-10 -1.7175378e-06 0)
(2.8625024e-09 -1.2558539e-05 0)
(-2.6699367e-09 -1.2558597e-05 0)
(8.5245218e-10 -1.717687e-06 0)
(-2.3815954e-09 8.1167055e-06 0)
(6.8164136e-10 6.1601169e-06 0)
(8.1558146e-10 6.159963e-06 0)
(-6.1424559e-10 8.1165498e-06 0)
(3.2836347e-09 -1.717494e-06 0)
(-1.4524077e-09 -1.2558088e-05 0)
(1.7054562e-09 -1.2558133e-05 0)
(-3.1623264e-09 -1.717601e-06 0)
(7.3680591e-10 8.1164275e-06 0)
(-8.4097922e-10 6.1599012e-06 0)
(-6.4799529e-10 6.1597259e-06 0)
(2.4225053e-09 8.1162293e-06 0)
(-6.111229e-10 -1.7174508e-06 0)
(2.9031591e-09 -1.2557635e-05 0)
(-2.6613727e-09 -1.2557658e-05 0)
(8.4246097e-10 -1.7175186e-06 0)
(-2.3947427e-09 8.1161535e-06 0)
(6.811871e-10 6.159682e-06 0)
(8.1831119e-10 6.1594851e-06 0)
(-5.8720258e-10 8.1159033e-06 0)
(3.3327628e-09 -1.7174109e-06 0)
(-1.4142621e-09 -1.2557173e-05 0)
(1.7182561e-09 -1.2557182e-05 0)
(-3.1745241e-09 -1.7174266e-06 0)
(7.2680404e-10 8.1158727e-06 0)
(-8.4254902e-10 6.1594634e-06 0)
(-6.4616543e-10 6.1592411e-06 0)
(2.4518841e-09 8.1155703e-06 0)
(-5.6386812e-10 -1.7173698e-06 0)
(2.9448753e-09 -1.2556712e-05 0)
(-2.6513743e-09 -1.2556693e-05 0)
(8.3329559e-10 -1.7173391e-06 0)
(-2.4069383e-09 8.1155965e-06 0)
(6.8084437e-10 6.1592413e-06 0)
(8.2104003e-10 6.1589926e-06 0)
(-5.5883388e-10 8.1152331e-06 0)
(3.3834334e-09 -1.7173339e-06 0)
(-1.3747076e-09 -1.255624e-05 0)
(1.7305922e-09 -1.2556206e-05 0)
(-3.1872856e-09 -1.717241e-06 0)
(7.163144e-10 8.1153128e-06 0)
(-8.43931e-10 6.1590199e-06 0)
(-6.4405125e-10 6.1587412e-06 0)
(2.4829056e-09 8.1148871e-06 0)
(-5.137575e-10 -1.7172947e-06 0)
(2.9871629e-09 -1.255577e-05 0)
(-2.6429981e-09 -1.2555703e-05 0)
(8.2088865e-10 -1.7171485e-06 0)
(-2.4205627e-09 8.1150339e-06 0)
(6.8040151e-10 6.1587947e-06 0)
(8.2392215e-10 6.1584844e-06 0)
(-5.275642e-10 8.1145381e-06 0)
(3.4372149e-09 -1.7172626e-06 0)
(-1.334366e-09 -1.2555286e-05 0)
(1.7386556e-09 -1.2555202e-05 0)
(-3.2053242e-09 -1.7170444e-06 0)
(7.0243556e-10 8.1147464e-06 0)
(-8.4534229e-10 6.15857e-06 0)
(-6.4144325e-10 6.1582248e-06 0)
(2.5172133e-09 8.114178e-06 0)
(-4.5904601e-10 -1.7172245e-06 0)
(3.0290129e-09 -1.2554805e-05 0)
(-2.6406461e-09 -1.2554683e-05 0)
(7.9962867e-10 -1.7169471e-06 0)
(-2.4389223e-09 8.114463e-06 0)
(6.7955903e-10 6.1583407e-06 0)
(8.2714663e-10 6.1579586e-06 0)
(-4.915368e-10 8.1138162e-06 0)
(3.4958178e-09 -1.7171952e-06 0)
(-1.294454e-09 -1.2554306e-05 0)
(1.7371927e-09 -1.2554166e-05 0)
(-3.235003e-09 -1.7168375e-06 0)
(6.8127933e-10 8.1141691e-06 0)
(-8.4709847e-10 6.1581111e-06 0)
(-6.3809855e-10 6.1576895e-06 0)
(2.5567191e-09 8.1134407e-06 0)
(-3.9788313e-10 -1.7171565e-06 0)
(3.068768e-09 -1.255381e-05 0)
(-2.6502461e-09 -1.2553629e-05 0)
(7.6218492e-10 -1.7167361e-06 0)
(-2.4663641e-09 8.1138779e-06 0)
(6.7791391e-10 6.1578756e-06 0)
(8.3093302e-10 6.1574123e-06 0)
(-4.4864567e-10 8.1130646e-06 0)
(3.5610317e-09 -1.7171281e-06 0)
(-1.2568782e-09 -1.255329e-05 0)
(1.7193956e-09 -1.2553092e-05 0)
(-3.2844469e-09 -1.7166218e-06 0)
(6.4789684e-10 8.1135733e-06 0)
(-8.4962871e-10 6.1576385e-06 0)
(-6.3374709e-10 6.157132e-06 0)
(2.6035671e-09 8.1126718e-06 0)
(-3.2836681e-10 -1.7170862e-06 0)
(3.104086e-09 -1.2552773e-05 0)
(-2.6792711e-09 -1.2552531e-05 0)
(6.9949548e-10 -1.7165175e-06 0)
(-2.5083025e-09 8.1132687e-06 0)
(6.7495048e-10 6.1573934e-06 0)
(8.3552481e-10 6.1568415e-06 0)
(-3.9657661e-10 8.1122796e-06 0)
(3.6346977e-09 -1.7170556e-06 0)
(-1.2241985e-09 -1.2552226e-05 0)
(1.6770168e-09 -1.2551969e-05 0)
(-3.3634355e-09 -1.7164e-06 0)
(5.9632398e-10 8.1129467e-06 0)
(-8.5348234e-10 6.1571445e-06 0)
(-6.2810012e-10 6.1565474e-06 0)
(2.660096e-09 8.1118671e-06 0)
(-2.4853898e-10 -1.7170063e-06 0)
(3.1320897e-09 -1.2551678e-05 0)
(-2.736469e-09 -1.2551377e-05 0)
(6.010421e-10 -1.7162946e-06 0)
(-2.5710938e-09 8.1126209e-06 0)
(6.7004455e-10 6.1568848e-06 0)
(8.4118173e-10 6.1562407e-06 0)
(-3.328438e-10 8.1114568e-06 0)
(3.7187722e-09 -1.7169694e-06 0)
(-1.1993549e-09 -1.2551092e-05 0)
(1.6008542e-09 -1.2550783e-05 0)
(-3.482943e-09 -1.7161759e-06 0)
(5.1982525e-10 8.1122721e-06 0)
(-8.5931906e-10 6.1566181e-06 0)
(-6.20861e-10 6.1559297e-06 0)
(2.7288213e-09 8.1110218e-06 0)
(-1.5626851e-10 -1.7169072e-06 0)
(3.1498179e-09 -1.2550503e-05 0)
(-2.8311512e-09 -1.2550151e-05 0)
(4.5556068e-10 -1.716072e-06 0)
(-2.6616731e-09 8.1119146e-06 0)
(6.6249219e-10 6.1563368e-06 0)
(8.4817547e-10 6.1556031e-06 0)
(-2.5480526e-10 8.1105907e-06 0)
(3.8155437e-09 -1.7168585e-06 0)
(-1.1850484e-09 -1.2549865e-05 0)
(1.48177e-09 -1.2549515e-05 0)
(-3.6541794e-09 -1.7159543e-06 0)
(4.114275e-10 8.111527e-06 0)
(-8.678731e-10 6.1560447e-06 0)
(-6.1173762e-10 6.1552716e-06 0)
(2.8124607e-09 8.1101296e-06 0)
(-4.8971679e-11 -1.7167764e-06 0)
(3.1550955e-09 -1.2549221e-05 0)
(-2.9718966e-09 -1.2548831e-05 0)
(2.5233956e-10 -1.7158554e-06 0)
(-2.7868727e-09 8.1111248e-06 0)
(6.5157675e-10 6.155733e-06 0)
(8.5679382e-10 6.1549207e-06 0)
(-1.5964995e-10 8.1096747e-06 0)
(3.928056e-09 -1.7167096e-06 0)
(-1.1826998e-09 -1.2548513e-05 0)
(1.3123801e-09 -1.2548143e-05 0)
(-3.887013e-09 -1.7157412e-06 0)
(2.6483262e-10 8.1106836e-06 0)
(-8.7988287e-10 6.1554059e-06 0)
(-6.0046036e-10 6.1545642e-06 0)
(2.9140135e-09 8.1091829e-06 0)
(7.6830757e-11 -1.7165991e-06 0)
(3.1478825e-09 -1.2547797e-05 0)
(-3.1646061e-09 -1.2547394e-05 0)
(-1.678433e-11 -1.715651e-06 0)
(-2.9523597e-09 8.1102217e-06 0)
(6.3669069e-10 6.1550533e-06 0)
(8.6735841e-10 6.1541837e-06 0)
(-4.4391625e-11 8.1087007e-06 0)
(4.0607241e-09 -1.7165077e-06 0)
(-1.1910247e-09 -1.2547001e-05 0)
(1.0894501e-09 -1.254664e-05 0)
(-4.1877456e-09 -1.7155425e-06 0)
(7.57751e-11 8.1097101e-06 0)
(-8.9597931e-10 6.1546805e-06 0)
(-5.8682029e-10 6.1537971e-06 0)
(3.0368578e-09 8.1081722e-06 0)
(2.2599375e-10 -1.71636e-06 0)
(3.1320184e-09 -1.2546197e-05 0)
(-3.4100102e-09 -1.254581e-05 0)
(-3.5472542e-10 -1.7154649e-06 0)
(-3.1611848e-09 8.1091728e-06 0)
(6.1753294e-10 6.1542752e-06 0)
(8.8025268e-10 6.1533805e-06 0)
(9.3997392e-11 8.1076579e-06 0)
(4.2199718e-09 -1.7162383e-06 0)
(-1.2045031e-09 -1.2545291e-05 0)
(8.1683246e-10 -1.2544976e-05 0)
(-4.5563718e-09 -1.7153628e-06 0)
(-1.5616053e-10 8.1085733e-06 0)
(-9.165323e-10 6.1538455e-06 0)
(-5.7076853e-10 6.1529579e-06 0)
(3.184699e-09 8.107085e-06 0)
(4.0488283e-10 -1.7160449e-06 0)
(3.1169951e-09 -1.2544381e-05 0)
(-3.701032e-09 -1.2544047e-05 0)
(-7.5591139e-10 -1.715301e-06 0)
(-3.4120125e-09 8.1079459e-06 0)
(5.9440771e-10 6.153376e-06 0)
(8.9593059e-10 6.1524982e-06 0)
(2.5796734e-10 8.1065321e-06 0)
(4.4144019e-09 -1.7158893e-06 0)
(-1.2124152e-09 -1.2543345e-05 0)
(5.0845757e-10 -1.254312e-05 0)
(-4.983682e-09 -1.7152036e-06 0)
(-4.2530053e-10 8.1072424e-06 0)
(-9.4145405e-10 6.152879e-06 0)
(-5.5267023e-10 6.1520329e-06 0)
(3.3609376e-09 8.1059048e-06 0)
(6.2033706e-10 -1.7156441e-06 0)
(3.1189387e-09 -1.2542314e-05 0)
(-4.020796e-09 -1.2542072e-05 0)
(-1.2028717e-09 -1.7151595e-06 0)
(-3.6971549e-09 8.1065142e-06 0)
(5.6866875e-10 6.152335e-06 0)
(9.1480712e-10 6.1515222e-06 0)
(4.4756378e-10 8.1053051e-06 0)
(4.6534739e-09 -1.7154548e-06 0)
(-1.1996646e-09 -1.254113e-05 0)
(1.9049409e-10 -1.254104e-05 0)
(-5.4487477e-09 -1.7150613e-06 0)
(-7.1724962e-10 8.1056942e-06 0)
(-9.6993376e-10 6.1517639e-06 0)
(-5.3390832e-10 6.1510078e-06 0)
(3.5665248e-09 8.1046115e-06 0)
(8.7599915e-10 -1.7151557e-06 0)
(3.1593707e-09 -1.253997e-05 0)
(-4.3424469e-09 -1.2539856e-05 0)
(-1.66314e-09 -1.7150351e-06 0)
(-4.0004324e-09 8.1048617e-06 0)
(5.434025e-10 6.1511389e-06 0)
(9.3678108e-10 6.1504391e-06 0)
(6.5608426e-10 8.1039551e-06 0)
(4.9429006e-09 -1.7149385e-06 0)
(-1.1511473e-09 -1.2538625e-05 0)
(-9.8567454e-11 -1.2538712e-05 0)
(-5.9172847e-09 -1.7149261e-06 0)
(-1.0057061e-09 8.1039195e-06 0)
(-9.9998382e-10 6.1504925e-06 0)
(-5.1819418e-10 6.1498708e-06 0)
(3.7946122e-09 8.1031835e-06 0)
(1.1639064e-09 -1.7145897e-06 0)
(3.2597435e-09 -1.2537337e-05 0)
(-4.6320284e-09 -1.2537378e-05 0)
(-2.0868704e-09 -1.7149171e-06 0)
(-4.2944637e-09 8.1029905e-06 0)
(5.245519e-10 6.1497873e-06 0)
(9.598678e-10 6.1492413e-06 0)
(8.6127991e-10 8.1024609e-06 0)
(5.2742953e-09 -1.7143568e-06 0)
(-1.0615017e-09 -1.2535831e-05 0)
(-3.1130611e-10 -1.2536125e-05 0)
(-6.3409522e-09 -1.7147835e-06 0)
(-1.2481309e-09 8.1019297e-06 0)
(-1.0274521e-09 6.1490749e-06 0)
(-5.1413949e-10 6.1486211e-06 0)
(4.019596e-09 8.1016047e-06 0)
(1.4494186e-09 -1.7139713e-06 0)
(3.4297739e-09 -1.2534431e-05 0)
(-4.8552329e-09 -1.2534639e-05 0)
(-2.4054684e-09 -1.7147937e-06 0)
(-4.5362342e-09 8.1009276e-06 0)
(5.2285788e-10 6.1483012e-06 0)
(9.7705619e-10 6.1479399e-06 0)
(1.0103849e-09 8.1008121e-06 0)
(5.6073687e-09 -1.7137415e-06 0)
(-9.5055253e-10 -1.2532784e-05 0)
(-3.9966111e-10 -1.25333e-05 0)
(-6.6573629e-09 -1.7146213e-06 0)
(-1.3794792e-09 8.0997634e-06 0)
(-1.0437818e-09 6.1475486e-06 0)
(-5.3966603e-10 6.1472855e-06 0)
(4.1790788e-09 8.0998796e-06 0)
(1.6511324e-09 -1.7133438e-06 0)
(3.6497843e-09 -1.2531314e-05 0)
(-4.9881204e-09 -1.2531682e-05 0)
(-2.5330149e-09 -1.7146634e-06 0)
(-4.659803e-09 8.0987306e-06 0)
(5.5709393e-10 6.1467367e-06 0)
(9.704104e-10 6.1465878e-06 0)
(1.0012397e-09 8.099027e-06 0)
(5.8492727e-09 -1.7131428e-06 0)
(-8.7924691e-10 -1.2529576e-05 0)
(-3.3045712e-10 -1.2530312e-05 0)
(-6.7935347e-09 -1.7144454e-06 0)
(-1.3056149e-09 8.0974895e-06 0)
(-1.0315695e-09 6.1459959e-06 0)
(-6.2801532e-10 6.145949e-06 0)
(4.154639e-09 8.0980549e-06 0)
(1.6306974e-09 -1.7127739e-06 0)
(3.8549458e-09 -1.2528109e-05 0)
(-5.0333179e-09 -1.2528613e-05 0)
(-2.3807796e-09 -1.7145575e-06 0)
(-4.5700805e-09 8.0964895e-06 0)
(6.5849697e-10 6.1452032e-06 0)
(9.0279331e-10 6.1453167e-06 0)
(6.766347e-10 8.0971737e-06 0)
(5.8570756e-09 -1.7126345e-06 0)
(-9.473358e-10 -1.2526367e-05 0)
(-1.1611801e-10 -1.2527315e-05 0)
(-6.6907169e-09 -1.7143071e-06 0)
(-9.097772e-10 8.0952019e-06 0)
(-9.5799719e-10 6.1445651e-06 0)
(-8.319719e-10 6.1447929e-06 0)
(3.7817438e-09 8.0962339e-06 0)
(1.242573e-09 -1.7123592e-06 0)
(3.948843e-09 -1.2525006e-05 0)
(-5.0528486e-09 -1.2525623e-05 0)
(-1.9226981e-09 -1.7145753e-06 0)
(-4.162206e-09 8.0943106e-06 0)
(8.7361224e-10 6.1438853e-06 0)
(7.1291541e-10 6.1443713e-06 0)
(-1.1279038e-10 8.0953633e-06 0)
(5.5420882e-09 -1.7123228e-06 0)
(-1.2265618e-09 -1.2523364e-05 0)
(1.1516479e-10 -1.2524528e-05 0)
(-6.4129906e-09 -1.7143392e-06 0)
(-1.1932088e-10 8.0929793e-06 0)
(-7.7099633e-10 6.1434864e-06 0)
(-1.2151976e-09 6.1441092e-06 0)
(2.9759191e-09 8.0945308e-06 0)
(5.6555907e-10 -1.7122379e-06 0)
(3.9121175e-09 -1.2522176e-05 0)
(-5.2570322e-09 -1.2522906e-05 0)
(-1.4136467e-09 -1.7149193e-06 0)
(-3.4435256e-09 8.0922393e-06 0)
(1.2556207e-09 6.1430357e-06 0)
(3.317323e-10 6.1440792e-06 0)
(-1.2488379e-09 8.0936313e-06 0)
(5.2516103e-09 -1.7123498e-06 0)
(-1.5408698e-09 -1.252063e-05 0)
(-4.9928923e-11 -1.2522056e-05 0)
(-6.492891e-09 -1.7147775e-06 0)
(8.5059381e-10 8.090739e-06 0)
(-4.1474666e-10 6.1430235e-06 0)
(-1.8061182e-09 6.1441852e-06 0)
(2.1557872e-09 8.0928338e-06 0)
(5.4447844e-10 -1.7125782e-06 0)
(4.1259514e-09 -1.251942e-05 0)
(-6.2407538e-09 -1.2520302e-05 0)
(-1.9665362e-09 -1.7158959e-06 0)
(-2.9267271e-09 8.0900095e-06 0)
(1.8210826e-09 6.142848e-06 0)
(-2.4332556e-10 6.1445932e-06 0)
(-1.6682243e-09 8.0915139e-06 0)
(6.7184937e-09 -1.7128528e-06 0)
(-9.6402993e-10 -1.2517458e-05 0)
(-1.684559e-09 -1.251926e-05 0)
(-8.7854515e-09 -1.7159092e-06 0)
(8.6579814e-10 8.0878171e-06 0)
(1.0064812e-10 6.1432151e-06 0)
(-2.4755253e-09 6.144826e-06 0)
(3.2263207e-09 8.0901136e-06 0)
(4.3457135e-09 -1.7134838e-06 0)
(6.0625718e-09 -1.2515134e-05 0)
(-9.5072339e-09 -1.2516261e-05 0)
(-6.7819545e-09 -1.7177894e-06 0)
(-4.5504748e-09 8.0863863e-06 0)
(2.4342217e-09 6.1429911e-06 0)
(-7.6850157e-10 6.1450978e-06 0)
(1.9776084e-09 8.0869915e-06 0)
(1.4873307e-08 -1.7137833e-06 0)
(3.0764178e-09 -1.2510796e-05 0)
(-7.2205729e-09 -1.2513162e-05 0)
(-1.8129748e-08 -1.7178293e-06 0)
(-3.3911643e-09 8.0819759e-06 0)
(5.2832303e-10 6.1431128e-06 0)
(-2.7021341e-09 6.1441372e-06 0)
(1.1307107e-08 8.0828981e-06 0)
(1.9588507e-08 -1.7146845e-06 0)
(1.3406468e-08 -1.2504038e-05 0)
(-1.8378655e-08 -1.2505521e-05 0)
(-2.3218057e-08 -1.7204603e-06 0)
(-1.3322406e-08 8.0777444e-06 0)
(2.5819213e-09 6.1414455e-06 0)
(-4.4749313e-10 6.1420588e-06 0)
(1.7330006e-08 8.0744057e-06 0)
(4.0447953e-08 -1.7144288e-06 0)
(1.6010641e-08 -1.2492098e-05 0)
(-2.1464206e-08 -1.2495244e-05 0)
(-4.479758e-08 -1.719839e-06 0)
(-1.9347468e-08 8.0674663e-06 0)
(9.0170007e-11 6.1391085e-06 0)
(-1.2430696e-09 6.1361717e-06 0)
(3.6911734e-08 8.0625781e-06 0)
(6.0971512e-08 -1.7148402e-06 0)
(3.332795e-08 -1.2473058e-05 0)
(-3.9123436e-08 -1.2474946e-05 0)
(-6.5301107e-08 -1.722495e-06 0)
(-3.9429182e-08 8.0555476e-06 0)
(1.0520667e-09 6.1322508e-06 0)
(2.4212762e-09 6.1262486e-06 0)
(5.827418e-08 8.0412018e-06 0)
(1.0229554e-07 -1.7124842e-06 0)
(4.7108258e-08 -1.2442291e-05 0)
(-5.2527175e-08 -1.2446342e-05 0)
(-1.0676322e-07 -1.7193604e-06 0)
(-6.0458977e-08 8.0319717e-06 0)
(-2.8672156e-09 6.1220726e-06 0)
(4.1449355e-09 6.1074365e-06 0)
(9.7267399e-08 8.011724e-06 0)
(1.5152013e-07 -1.7103688e-06 0)
(7.69907e-08 -1.2395581e-05 0)
(-8.1551519e-08 -1.2397729e-05 0)
(-1.5503121e-07 -1.7198642e-06 0)
(-9.9568526e-08 8.0028547e-06 0)
(-4.3459215e-09 6.1021349e-06 0)
(1.0593749e-08 6.078976e-06 0)
(1.4492057e-07 7.9641837e-06 0)
(2.2682131e-07 -1.7027136e-06 0)
(1.0899554e-07 -1.2325801e-05 0)
(-1.1161142e-07 -1.2330615e-05 0)
(-2.2932262e-07 -1.7104846e-06 0)
(-1.4627499e-07 7.9530405e-06 0)
(-1.1024781e-08 6.0736892e-06 0)
(1.6612702e-08 6.0333103e-06 0)
(2.1423554e-07 7.9007847e-06 0)
(3.1917555e-07 -1.6940328e-06 0)
(1.57704e-07 -1.2226085e-05 0)
(-1.5763201e-07 -1.2228019e-05 0)
(-3.1931325e-07 -1.7044283e-06 0)
(-2.1502422e-07 7.8911098e-06 0)
(-1.670252e-08 6.0270145e-06 0)
(2.7427982e-08 5.9693449e-06 0)
(2.9869297e-07 7.8074844e-06 0)
(4.4077322e-07 -1.6757065e-06 0)
(2.1399196e-07 -1.2086976e-05 0)
(-2.1000241e-07 -1.2091965e-05 0)
(-4.3837072e-07 -1.6827735e-06 0)
(-2.9775392e-07 7.7960681e-06 0)
(-2.7659922e-08 5.9637378e-06 0)
(3.933284e-08 5.877057e-06 0)
(4.0586815e-07 7.688261e-06 0)
(5.850437e-07 -1.6541186e-06 0)
(2.8507334e-07 -1.1899889e-05 0)
(-2.7644697e-07 -1.1900756e-05 0)
(-5.7879872e-07 -1.6632525e-06 0)
(-4.0350963e-07 7.6801708e-06 0)
(-3.9146038e-08 5.8709722e-06 0)
(5.5467332e-08 5.7560293e-06 0)
(5.300195e-07 7.5260982e-06 0)
(7.5446269e-07 -1.6178892e-06 0)
(3.6601055e-07 -1.1654925e-05 0)
(-3.5182448e-07 -1.165898e-05 0)
(-7.4426701e-07 -1.6215671e-06 0)
(-5.2525158e-07 7.5175464e-06 0)
(-5.5261681e-08 5.751745e-06 0)
(7.3589062e-08 5.5954336e-06 0)
(6.702499e-07 7.3286925e-06 0)
(9.4189027e-07 -1.5756248e-06 0)
(4.5472213e-07 -1.1344846e-05 0)
(-4.3469969e-07 -1.134353e-05 0)
(-9.2695997e-07 -1.5802185e-06 0)
(-6.6329991e-07 7.325852e-06 0)
(-7.2945929e-08 5.5916674e-06 0)
(9.4160052e-08 5.3976264e-06 0)
(8.1910476e-07 7.0791623e-06 0)
(1.136486e-06 -1.5143327e-06 0)
(5.4872418e-07 -1.0963439e-05 0)
(-5.2276611e-07 -1.0965091e-05 0)
(-1.1169969e-06 -1.511328e-06 0)
(-8.0948507e-07 7.0777517e-06 0)
(-9.3267793e-08 5.3970731e-06 0)
(1.1636908e-07 5.1548784e-06 0)
(9.6444625e-07 6.7919631e-06 0)
(1.3269601e-06 -1.4451879e-06 0)
(6.3575091e-07 -1.0510708e-05 0)
(-6.0438467e-07 -1.050617e-05 0)
(-1.3030833e-06 -1.441626e-06 0)
(-9.5227298e-07 6.7985363e-06 0)
(-1.1509396e-07 5.1561797e-06 0)
(1.3722119e-07 4.8772794e-06 0)
(1.0944607e-06 6.4578885e-06 0)
(1.4868261e-06 -1.3569232e-06 0)
(7.1346249e-07 -9.995173e-06 0)
(-6.7772514e-07 -9.9930168e-06 0)
(-1.4591395e-06 -1.344437e-06 0)
(-1.0799868e-06 6.4679304e-06 0)
(-1.3543881e-07 4.883206e-06 0)
(1.5624712e-07 4.5631822e-06 0)
(1.1842726e-06 6.1015501e-06 0)
(1.5953794e-06 -1.2615e-06 0)
(7.5877813e-07 -9.4308367e-06 0)
(-7.2002359e-07 -9.4224697e-06 0)
(-1.5651448e-06 -1.2468886e-06 0)
(-1.1674813e-06 6.1212449e-06 0)
(-1.5416756e-07 4.5727185e-06 0)
(1.7233757e-07 4.2203914e-06 0)
(1.217575e-06 5.7238601e-06 0)
(1.6084655e-06 -1.1465282e-06 0)
(7.6524552e-07 -8.8345002e-06 0)
(-7.2526517e-07 -8.827333e-06 0)
(-1.5764885e-06 -1.122463e-06 0)
(-1.1995662e-06 5.7495471e-06 0)
(-1.6922217e-07 4.2365183e-06 0)
(2.1562182e-07 3.8163843e-06 0)
(1.1680135e-06 5.2737404e-06 0)
(1.5023142e-06 -1.0148926e-06 0)
(7.0456229e-07 -8.1006838e-06 0)
(-6.6464297e-07 -8.0888823e-06 0)
(-1.4704742e-06 -9.8850046e-07 0)
(-1.1489728e-06 5.3075858e-06 0)
(-2.1191361e-07 3.8368331e-06 0)
)
;

boundaryField
{
    left
    {
        type            uniformFixedValue;
        uniformValue    sine;
        uniformValueCoeffs
        {
            t0              0;
            amplitude       constant 0.0125;
            frequency       constant 1;
            scale           constant (0 1 0);
            level           constant (0 0 0);
        }
        value           uniform (0 -7.7025974e-16 0);
    }
    right
    {
        type            zeroGradient;
    }
    walls
    {
        type            fixedValue;
        value           uniform (0 0 0);
    }
    frontAndBack
    {
        type            empty;
    }
}


// ************************************************************************* //
