/*--------------------------------*- C++ -*----------------------------------*\
| =========                 |                                                 |
| \\      /  F ield         | OpenFOAM: The Open Source CFD Toolbox           |
|  \\    /   O peration     | Version:  5.x                                   |
|   \\  /    A nd           | Web:      www.OpenFOAM.org                      |
|    \\/     M anipulation  |                                                 |
\*---------------------------------------------------------------------------*/
FoamFile
{
    version     2.0;
    format      ascii;
    class       volVectorField;
    location    "5";
    object      U_0;
}
// * * * * * * * * * * * * * * * * * * * * * * * * * * * * * * * * * * * * * //

dimensions      [0 1 -1 0 0 0 0];

internalField   nonuniform List<vector> 
1920
(
(-0.00037673212 -0.0034628237 0)
(-0.00068710932 -0.0039251478 0)
(-0.00037370903 -0.0038939764 0)
(-0.000117342 -0.0038905095 0)
(0.00011734231 -0.0038905095 0)
(0.00037370916 -0.0038939763 0)
(0.0006871092 -0.0039251478 0)
(0.00037673203 -0.0034628235 0)
(-0.00052009841 -0.0032076335 0)
(-0.0011328023 -0.0040335522 0)
(-0.0007231745 -0.0040869531 0)
(-0.00024537422 -0.0040893831 0)
(0.0002453748 -0.004089383 0)
(0.00072317477 -0.0040869531 0)
(0.0011328023 -0.004033552 0)
(0.00052009837 -0.003207633 0)
(-0.00043557172 -0.002795685 0)
(-0.0011200154 -0.004030933 0)
(-0.00080801217 -0.004292011 0)
(-0.00029028971 -0.0043526353 0)
(0.00029029044 -0.0043526353 0)
(0.00080801254 -0.0042920109 0)
(0.0011200155 -0.0040309328 0)
(0.00043557176 -0.0027956847 0)
(-0.00032286496 -0.0023989061 0)
(-0.00094898487 -0.0039611595 0)
(-0.00075239109 -0.0044737315 0)
(-0.0002827076 -0.0046283773 0)
(0.0002827084 -0.0046283772 0)
(0.00075239154 -0.0044737315 0)
(0.00094898502 -0.0039611593 0)
(0.00032286504 -0.002398906 0)
(-0.00022968977 -0.0020937342 0)
(-0.00074541855 -0.0038717506 0)
(-0.00063717332 -0.0046139687 0)
(-0.00024797434 -0.0048749077 0)
(0.00024797511 -0.0048749078 0)
(0.0006371738 -0.0046139687 0)
(0.00074541879 -0.0038717505 0)
(0.00022968987 -0.0020937342 0)
(-0.00015894945 -0.0018740755 0)
(-0.00055827776 -0.0037862709 0)
(-0.00050767155 -0.004715086 0)
(-0.0002034924 -0.005077397 0)
(0.00020349307 -0.0050773969 0)
(0.00050767203 -0.004715086 0)
(0.00055827807 -0.0037862708 0)
(0.00015894957 -0.0018740755 0)
(-0.0001073562 -0.0017186448 0)
(-0.00040398141 -0.0037131388 0)
(-0.00038734153 -0.0047853763 0)
(-0.00015905714 -0.0052354282 0)
(0.00015905766 -0.0052354282 0)
(0.00038734198 -0.0047853762 0)
(0.00040398176 -0.0037131387 0)
(0.00010735633 -0.0017186448 0)
(-7.09984e-05 -0.0016104181 0)
(-0.00028477645 -0.0036545016 0)
(-0.00028574303 -0.004832976 0)
(-0.00011993235 -0.0053542984 0)
(0.00011993273 -0.0053542984 0)
(0.00028574343 -0.0048329759 0)
(0.00028477683 -0.0036545014 0)
(7.099854e-05 -0.001610418 0)
(-4.616696e-05 -0.0015365362 0)
(-0.00019639616 -0.0036096589 0)
(-0.00020525345 -0.0048645013 0)
(-8.7708843e-05 -0.0054410804 0)
(8.7709062e-05 -0.0054410803 0)
(0.00020525378 -0.0048645011 0)
(0.00019639654 -0.0036096587 0)
(4.6167113e-05 -0.0015365361 0)
(-2.9523792e-05 -0.0014870341 0)
(-0.00013295863 -0.0035766034 0)
(-0.00014403708 -0.0048849623 0)
(-6.2640134e-05 -0.0055028636 0)
(6.2640225e-05 -0.0055028635 0)
(0.00014403733 -0.004884962 0)
(0.000132959 -0.0035766031 0)
(2.952394e-05 -0.001487034 0)
(-1.8596319e-05 -0.0014544182 0)
(-8.8425163e-05 -0.0035529343 0)
(-9.910109e-05 -0.0048979978 0)
(-4.3714613e-05 -0.0055458996 0)
(4.3714587e-05 -0.0055458995 0)
(9.910127e-05 -0.0048979975 0)
(8.8425493e-05 -0.0035529339 0)
(1.8596467e-05 -0.0014544181 0)
(-1.1501618e-05 -0.0014332639 0)
(-5.7859202e-05 -0.0035363958 0)
(-6.6879586e-05 -0.0049061462 0)
(-2.9956976e-05 -0.0055752958 0)
(2.9956857e-05 -0.0055752957 0)
(6.6879694e-05 -0.0049061457 0)
(5.7859491e-05 -0.0035363955 0)
(1.1501755e-05 -0.0014332638 0)
(-6.9886065e-06 -0.0014197655 0)
(-3.7202294e-05 -0.0035250856 0)
(-4.4360555e-05 -0.0049111404 0)
(-2.0116448e-05 -0.0055950085 0)
(2.0116257e-05 -0.0055950083 0)
(4.4360592e-05 -0.0049111401 0)
(3.7202532e-05 -0.0035250852 0)
(6.9887301e-06 -0.0014197654 0)
(-4.1461482e-06 -0.0014112995 0)
(-2.3513031e-05 -0.0035175062 0)
(-2.8878882e-05 -0.0049141316 0)
(-1.328915e-05 -0.0056079925 0)
(1.3288899e-05 -0.0056079924 0)
(2.8878864e-05 -0.0049141312 0)
(2.3513214e-05 -0.0035175059 0)
(4.1462596e-06 -0.0014112994 0)
(-2.3976865e-06 -0.0014060929 0)
(-1.4562131e-05 -0.0035125251 0)
(-1.8466018e-05 -0.0049158763 0)
(-8.6016934e-06 -0.0056163892 0)
(8.6014083e-06 -0.005616389 0)
(1.8465938e-05 -0.0049158759 0)
(1.4562267e-05 -0.0035125247 0)
(2.3977764e-06 -0.0014060928 0)
(-1.3352011e-06 -0.0014029613 0)
(-8.823638e-06 -0.0035093174 0)
(-1.1561247e-05 -0.0049168579 0)
(-5.4698273e-06 -0.0056217154 0)
(5.4695051e-06 -0.0056217153 0)
(1.1561136e-05 -0.0049168576 0)
(8.8237189e-06 -0.0035093171 0)
(1.3352831e-06 -0.0014029612 0)
(-7.0854845e-07 -0.0014011298 0)
(-5.1986457e-06 -0.0035072947 0)
(-7.0783122e-06 -0.0049173853 0)
(-3.3976443e-06 -0.0056250219 0)
(3.397311e-06 -0.0056250218 0)
(7.0781521e-06 -0.0049173851 0)
(5.1986933e-06 -0.0035072945 0)
(7.0860715e-07 -0.0014011297 0)
(-3.4679193e-07 -0.0014000957 0)
(-2.9594771e-06 -0.0035060505 0)
(-4.2130393e-06 -0.0049176476 0)
(-2.0615209e-06 -0.0056270245 0)
(2.0611757e-06 -0.0056270244 0)
(4.2128673e-06 -0.0049176474 0)
(2.9594827e-06 -0.0035060504 0)
(3.4684729e-07 -0.0014000956 0)
(-1.4682091e-07 -0.0013995406 0)
(-1.6044835e-06 -0.0035053057 0)
(-2.4232173e-06 -0.0049177625 0)
(-1.2115459e-06 -0.0056282008 0)
(1.2112049e-06 -0.0056282008 0)
(2.4230195e-06 -0.0049177624 0)
(1.6044707e-06 -0.0035053057 0)
(1.4685768e-07 -0.0013995406 0)
(-4.1545119e-08 -0.0013992645 0)
(-8.08632e-07 -0.0035048763 0)
(-1.3288677e-06 -0.0049177977 0)
(-6.8514048e-07 -0.0056288654 0)
(6.848083e-07 -0.0056288653 0)
(1.3286738e-06 -0.0049177978 0)
(8.085978e-07 -0.0035048763 0)
(4.1580983e-08 -0.0013992645 0)
(9.1643105e-09 -0.0013991455 0)
(-3.5717999e-07 -0.0035046395 0)
(-6.7936531e-07 -0.0049177947 0)
(-3.6607601e-07 -0.0056292202 0)
(3.6576502e-07 -0.0056292203 0)
(6.7917207e-07 -0.0049177948 0)
(3.5713963e-07 -0.0035046397 0)
(-9.138798e-09 -0.0013991456 0)
(2.9897431e-08 -0.00139911 0)
(-1.1406585e-07 -0.0035045186 0)
(-3.0688172e-07 -0.0049177747 0)
(-1.7947068e-07 -0.005629394 0)
(1.7918752e-07 -0.0056293941 0)
(3.0670756e-07 -0.0049177749 0)
(1.1402649e-07 -0.0035045188 0)
(-2.987286e-08 -0.0013991101 0)
(3.4914456e-08 -0.0013991158 0)
(7.3231165e-09 -0.0035044635 0)
(-1.0414733e-07 -0.0049177504 0)
(-7.3937805e-08 -0.0056294657 0)
(7.3689042e-08 -0.0056294658 0)
(1.0399792e-07 -0.0049177507 0)
(-7.3606895e-09 -0.0035044639 0)
(-3.4891692e-08 -0.0013991159 0)
(3.2670419e-08 -0.0013991386 0)
(5.9330257e-08 -0.0035044451 0)
(-1.0036564e-09 -0.0049177268 0)
(-1.8647185e-08 -0.0056294834 0)
(1.8450688e-08 -0.0056294835 0)
(8.8263205e-10 -0.0049177273 0)
(-5.9347852e-08 -0.0035044454 0)
(-3.2650246e-08 -0.0013991388 0)
(2.7274488e-08 -0.0013991662 0)
(7.5027006e-08 -0.0035044447 0)
(4.3924623e-08 -0.004917707 0)
(8.9366283e-09 -0.0056294748 0)
(-9.0824726e-09 -0.0056294751 0)
(-4.3999677e-08 -0.0049177074 0)
(-7.5037758e-08 -0.0035044452 0)
(-2.7249305e-08 -0.0013991664 0)
(2.1616721e-08 -0.0013991921 0)
(7.1737254e-08 -0.0035044527 0)
(5.8935314e-08 -0.004917691 0)
(1.8952548e-08 -0.005629456 0)
(-1.9034772e-08 -0.0056294561 0)
(-5.8973653e-08 -0.0049176915 0)
(-7.1715385e-08 -0.0035044532 0)
(-2.1596061e-08 -0.0013991923 0)
(1.6071002e-08 -0.001399214 0)
(6.1706222e-08 -0.0035044631 0)
(5.70357e-08 -0.0049176789 0)
(2.2057622e-08 -0.0056294348 0)
(-2.2082044e-08 -0.005629435 0)
(-5.7018101e-08 -0.0049176794 0)
(-6.1676156e-08 -0.0035044637 0)
(-1.604146e-08 -0.0013992143 0)
(1.1872495e-08 -0.0013992313 0)
(4.8606386e-08 -0.0035044733 0)
(4.9860083e-08 -0.0049176699 0)
(1.9341262e-08 -0.0056294154 0)
(-1.9296497e-08 -0.0056294156 0)
(-4.980433e-08 -0.0049176705 0)
(-4.8538983e-08 -0.0035044739 0)
(-1.1848982e-08 -0.0013992316 0)
(8.1666316e-09 -0.0013992443 0)
(3.7292983e-08 -0.003504482 0)
(3.9119648e-08 -0.0049176636 0)
(1.6928536e-08 -0.0056293992 0)
(-1.6826582e-08 -0.0056293995 0)
(-3.9007574e-08 -0.0049176641 0)
(-3.7218593e-08 -0.0035044827 0)
(-8.1331289e-09 -0.0013992446 0)
(5.8296381e-09 -0.0013992537 0)
(2.6646446e-08 -0.003504489 0)
(3.0384404e-08 -0.004917659 0)
(1.2301467e-08 -0.0056293866 0)
(-1.213525e-08 -0.0056293868 0)
(-3.0238358e-08 -0.0049176597 0)
(-2.6536802e-08 -0.0035044896 0)
(-5.8027838e-09 -0.001399254 0)
(3.6945558e-09 -0.0013992603 0)
(1.9248704e-08 -0.0035044941 0)
(2.1347753e-08 -0.0049176559 0)
(1.0000304e-08 -0.0056293771 0)
(-9.7858192e-09 -0.0056293774 0)
(-2.1153496e-08 -0.0049176565 0)
(-1.9135079e-08 -0.0035044948 0)
(-3.6586717e-09 -0.0013992606 0)
(2.6340797e-09 -0.0013992647 0)
(1.2597928e-08 -0.0035044978 0)
(1.5641117e-08 -0.0049176538 0)
(6.2649312e-09 -0.0056293704 0)
(-5.9995483e-09 -0.0056293706 0)
(-1.5421544e-08 -0.0049176544 0)
(-1.2455864e-08 -0.0035044984 0)
(-2.6046375e-09 -0.001399265 0)
(1.4657935e-09 -0.0013992676 0)
(8.7568552e-09 -0.0035045003 0)
(9.7992003e-09 -0.0049176524 0)
(5.1317742e-09 -0.0056293657 0)
(-4.8331002e-09 -0.0056293659 0)
(-9.5451652e-09 -0.004917653 0)
(-8.6148284e-09 -0.0035045009 0)
(-1.429439e-09 -0.0013992679 0)
(1.1155446e-09 -0.0013992694 0)
(5.0132217e-09 -0.0035045018 0)
(6.9622004e-09 -0.0049176515 0)
(2.5358125e-09 -0.0056293626 0)
(-2.204462e-09 -0.0056293628 0)
(-6.6940511e-09 -0.004917652 0)
(-4.8519195e-09 -0.0035045024 0)
(-1.0848222e-09 -0.0013992697 0)
(4.5857517e-10 -0.0013992705 0)
(3.4104754e-09 -0.0035045028 0)
(3.502779e-09 -0.0049176508 0)
(2.3614937e-09 -0.0056293606 0)
(-2.0142136e-09 -0.0056293608 0)
(-3.2161362e-09 -0.0049176513 0)
(-3.2533404e-09 -0.0035045033 0)
(-4.2343382e-10 -0.0013992707 0)
(4.5617916e-10 -0.001399271 0)
(1.3496779e-09 -0.0035045032 0)
(2.4978768e-09 -0.0049176504 0)
(5.6218902e-10 -0.0056293594 0)
(-2.0125383e-10 -0.0056293596 0)
(-2.2084385e-09 -0.0049176509 0)
(-1.1826067e-09 -0.0035045037 0)
(-4.2552287e-10 -0.0013992712 0)
(4.4171376e-11 -0.0013992712 0)
(9.4016506e-10 -0.0035045033 0)
(4.370148e-10 -0.0049176501 0)
(9.6282597e-10 -0.0056293588 0)
(-6.0237723e-10 -0.0056293589 0)
(-1.4411721e-10 -0.0049176505 0)
(-7.8070202e-10 -0.0035045037 0)
(-1.1422808e-11 -0.0013992714 0)
(1.9466858e-10 -0.0013992711 0)
(-2.6124787e-10 -0.0035045031 0)
(4.1573005e-10 -0.0049176499 0)
(-3.7947417e-10 -0.0056293585 0)
(7.3697862e-10 -0.0056293587 0)
(-1.295244e-10 -0.0049176503 0)
(4.2265719e-10 -0.0035045035 0)
(-1.6513698e-10 -0.0013992713 0)
(-1.0824117e-10 -0.001399271 0)
(-1.0359984e-10 -0.0035045029 0)
(-9.2164062e-10 -0.0049176497 0)
(3.127509e-10 -0.0056293585 0)
(3.1257734e-11 -0.0056293586 0)
(1.1993025e-09 -0.0049176501 0)
(2.5517718e-10 -0.0035045032 0)
(1.3798553e-10 -0.0013992711 0)
(1.013694e-10 -0.0013992707 0)
(-9.0267176e-10 -0.0035045025 0)
(-4.7460356e-10 -0.0049176496 0)
(-7.925281e-10 -0.0056293586 0)
(1.1214446e-09 -0.0056293587 0)
(7.3909339e-10 -0.0049176499 0)
(1.0503395e-09 -0.0035045028 0)
(-7.3594768e-11 -0.0013992709 0)
(-1.5506277e-10 -0.0013992704 0)
(-5.0295993e-10 -0.003504502 0)
(-1.4671462e-09 -0.0049176495 0)
(2.720769e-11 -0.0056293589 0)
(2.7984354e-10 -0.005629359 0)
(1.7150643e-09 -0.0049176497 0)
(6.399914e-10 -0.0035045023 0)
(1.81692e-10 -0.0013992705 0)
(7.2499942e-11 -0.0013992701 0)
(-1.1249724e-09 -0.0035045016 0)
(-8.2178416e-10 -0.0049176494 0)
(-9.5998269e-10 -0.0056293591 0)
(1.2448416e-09 -0.0056293592 0)
(1.05339e-09 -0.0049176496 0)
(1.2545031e-09 -0.0035045018 0)
(-4.6691898e-11 -0.0013992702 0)
(-1.6371945e-10 -0.0013992698 0)
(-6.3573826e-10 -0.0035045011 0)
(-1.6574408e-09 -0.0049176492 0)
(-9.5725285e-11 -0.0056293595 0)
(3.5500878e-10 -0.0056293595 0)
(1.8683521e-09 -0.0049176495 0)
(7.5514324e-10 -0.0035045013 0)
(1.8748683e-10 -0.0013992698 0)
(6.5277163e-11 -0.0013992694 0)
(-1.1816007e-09 -0.0035045005 0)
(-9.413526e-10 -0.0049176492 0)
(-1.0217452e-09 -0.0056293598 0)
(1.2563109e-09 -0.0056293599 0)
(1.1357889e-09 -0.0049176493 0)
(1.2918582e-09 -0.0035045007 0)
(-4.1315232e-11 -0.0013992695 0)
(-1.6061976e-10 -0.0013992691 0)
(-6.6832656e-10 -0.0035045001 0)
(-1.7047041e-09 -0.004917649 0)
(-1.5089288e-10 -0.0056293602 0)
(3.6003933e-10 -0.0056293602 0)
(1.8775048e-09 -0.0049176492 0)
(7.6997623e-10 -0.0035045002 0)
(1.8198968e-10 -0.0013992691 0)
(6.3837077e-11 -0.0013992687 0)
(-1.179159e-09 -0.0035044995 0)
(-9.7303569e-10 -0.0049176489 0)
(-1.040212e-09 -0.0056293605 0)
(1.2255887e-09 -0.0056293606 0)
(1.1314124e-09 -0.004917649 0)
(1.2714177e-09 -0.0035044997 0)
(-4.1396586e-11 -0.0013992688 0)
(-1.5492888e-10 -0.0013992684 0)
(-6.6744724e-10 -0.003504499 0)
(-1.6986727e-09 -0.0049176488 0)
(-1.7859403e-10 -0.0056293609 0)
(3.4138251e-10 -0.0056293609 0)
(1.8366431e-09 -0.0049176489 0)
(7.5323237e-10 -0.0035044991 0)
(1.7444124e-10 -0.0013992684 0)
(6.3129016e-11 -0.0013992681 0)
(-1.1582262e-09 -0.0035044985 0)
(-9.7317404e-10 -0.0049176487 0)
(-1.0406245e-09 -0.0056293612 0)
(1.1827612e-09 -0.0056293613 0)
(1.1000984e-09 -0.0049176488 0)
(1.2352032e-09 -0.0035044986 0)
(-4.1802312e-11 -0.0013992681 0)
(-1.4926558e-10 -0.0013992677 0)
(-6.5697513e-10 -0.003504498 0)
(-1.6737842e-09 -0.0049176486 0)
(-1.9429518e-10 -0.0056293616 0)
(3.1812666e-10 -0.0056293616 0)
(1.7826981e-09 -0.0049176487 0)
(7.2985723e-10 -0.0035044981 0)
(1.6743455e-10 -0.0013992678 0)
(6.1973038e-11 -0.0013992674 0)
(-1.1323515e-09 -0.0035044975 0)
(-9.6215411e-10 -0.0049176485 0)
(-1.0322665e-09 -0.0056293619 0)
(1.1395459e-09 -0.005629362 0)
(1.063928e-09 -0.0049176485 0)
(1.1973436e-09 -0.0035044976 0)
(-4.1362862e-11 -0.0013992674 0)
(-1.4408687e-10 -0.0013992671 0)
(-6.4412178e-10 -0.003504497 0)
(-1.6418084e-09 -0.0049176483 0)
(-2.0337743e-10 -0.0056293623 0)
(2.9707128e-10 -0.0056293623 0)
(1.7283188e-09 -0.0049176484 0)
(7.0735237e-10 -0.0035044971 0)
(1.6133895e-10 -0.0013992671 0)
(6.0344368e-11 -0.0013992668 0)
(-1.1051945e-09 -0.0035044965 0)
(-9.4639469e-10 -0.0049176482 0)
(-1.0183698e-09 -0.0056293626 0)
(1.0996934e-09 -0.0056293626 0)
(1.0296036e-09 -0.0049176483 0)
(1.1614385e-09 -0.0035044966 0)
(-4.0122296e-11 -0.0013992668 0)
(-1.3929829e-10 -0.0013992664 0)
(-6.3043387e-10 -0.003504496 0)
(-1.6062471e-09 -0.0049176481 0)
(-2.0767737e-10 -0.0056293629 0)
(2.7986795e-10 -0.0056293629 0)
(1.6767362e-09 -0.0049176482 0)
(6.8702144e-10 -0.0035044961 0)
(1.5594557e-10 -0.0013992665 0)
(5.8439851e-11 -0.0013992661 0)
(-1.0773605e-09 -0.0035044955 0)
(-9.2759566e-10 -0.004917648 0)
(-1.0002355e-09 -0.0056293632 0)
(1.0637548e-09 -0.0056293633 0)
(9.9819052e-10 -0.0049176481 0)
(1.1276455e-09 -0.0035044956 0)
(-3.837151e-11 -0.0013992662 0)
(-1.3475585e-10 -0.0013992658 0)
(-6.1594201e-10 -0.0035044951 0)
(-1.5680644e-09 -0.0049176479 0)
(-2.0803744e-10 -0.0056293635 0)
(2.662167e-10 -0.0056293636 0)
(1.6279782e-09 -0.004917648 0)
(6.6836384e-10 -0.0035044952 0)
(1.5099566e-10 -0.0013992658 0)
(5.6420808e-11 -0.0013992655 0)
(-1.0488029e-09 -0.0035044946 0)
(-9.0620323e-10 -0.0049176478 0)
(-9.7870336e-10 -0.0056293638 0)
(1.0311579e-09 -0.0056293639 0)
(9.6903867e-10 -0.0049176479 0)
(1.0953019e-09 -0.0035044947 0)
(-3.6366888e-11 -0.0013992655 0)
(-1.3037478e-10 -0.0013992652 0)
(-6.0049514e-10 -0.0035044941 0)
(-1.5276754e-09 -0.0049176476 0)
(-2.0512301e-10 -0.0056293642 0)
(2.5522972e-10 -0.0056293642 0)
(1.5812594e-09 -0.0049176478 0)
(6.5060428e-10 -0.0035044942 0)
(1.4630576e-10 -0.0013992652 0)
(5.4379711e-11 -0.0013992649 0)
(-1.0195023e-09 -0.0035044937 0)
(-8.8249782e-10 -0.0049176475 0)
(-9.545469e-10 -0.0056293645 0)
(1.00107e-09 -0.0056293645 0)
(9.4121445e-10 -0.0049176476 0)
(1.0637616e-09 -0.0035044938 0)
(-3.4281937e-11 -0.0013992649 0)
(-1.261241e-10 -0.0013992646 0)
(-5.8406715e-10 -0.0035044932 0)
(-1.4854836e-09 -0.0049176474 0)
(-1.9958695e-10 -0.0056293648 0)
(2.4597972e-10 -0.0056293648 0)
(1.5357948e-09 -0.0049176475 0)
(6.3312773e-10 -0.0035044934 0)
(1.4176963e-10 -0.0013992647 0)
(5.2361242e-11 -0.0013992643 0)
(-9.8956549e-10 -0.0035044928 0)
(-8.5682328e-10 -0.0049176473 0)
(-9.2850689e-10 -0.0056293651 0)
(9.7272982e-10 -0.0056293651 0)
(9.1394591e-10 -0.0049176474 0)
(1.0325859e-09 -0.0035044929 0)
(-3.2221969e-11 -0.0013992644 0)
(-1.2200164e-10 -0.001399264 0)
(-5.6675202e-10 -0.0035044923 0)
(-1.4419432e-09 -0.0049176472 0)
(-1.9204431e-10 -0.0056293654 0)
(2.3769552e-10 -0.0056293654 0)
(1.491017e-09 -0.0049176473 0)
(6.1554095e-10 -0.0035044925 0)
(1.3733426e-10 -0.0013992641 0)
(5.0386095e-11 -0.0013992638 0)
(-9.5917791e-10 -0.0035044919 0)
(-8.2956824e-10 -0.0049176471 0)
(-9.0124556e-10 -0.0056293656 0)
(9.4555145e-10 -0.0056293657 0)
(8.8670882e-10 -0.0049176472 0)
(1.0015346e-09 -0.0035044921 0)
(-3.0247537e-11 -0.0013992638 0)
(-1.1801568e-10 -0.0013992635 0)
(-5.4870319e-10 -0.0035044915 0)
(-1.3975112e-09 -0.004917647 0)
(-1.8302678e-10 -0.0056293659 0)
(2.2980766e-10 -0.005629366 0)
(1.446586e-09 -0.0049176472 0)
(5.9763212e-10 -0.0035044917 0)
(1.3297813e-10 -0.0013992635 0)
(4.8465447e-11 -0.0013992632 0)
(-9.2854783e-10 -0.0035044911 0)
(-8.0111283e-10 -0.0049176469 0)
(-8.7331303e-10 -0.0056293662 0)
(9.1913302e-10 -0.0056293663 0)
(8.5919824e-10 -0.0049176471 0)
(9.7051253e-10 -0.0035044912 0)
(-2.8391965e-11 -0.0013992633 0)
(-1.1417508e-10 -0.0013992629 0)
(-5.3008685e-10 -0.0035044907 0)
(-1.3526041e-09 -0.0049176468 0)
(-1.7296207e-10 -0.0056293665 0)
(2.2193251e-10 -0.0056293666 0)
(1.4023434e-09 -0.004917647 0)
(5.7931614e-10 -0.0035044908 0)
(1.286969e-10 -0.001399263 0)
(4.6607914e-11 -0.0013992627 0)
(-8.9787299e-10 -0.0035044903 0)
(-7.7179652e-10 -0.0049176467 0)
(-8.451419e-10 -0.0056293667 0)
(8.9322806e-10 -0.0056293668 0)
(8.3127414e-10 -0.0049176469 0)
(9.3951867e-10 -0.0035044904 0)
(-2.6672565e-11 -0.0013992628 0)
(-1.1048585e-10 -0.0013992624 0)
(-5.1105929e-10 -0.0035044899 0)
(-1.3075793e-09 -0.0049176466 0)
(-1.6217835e-10 -0.005629367 0)
(2.1383532e-10 -0.0056293671 0)
(1.3582575e-09 -0.0049176468 0)
(5.6058958e-10 -0.0035044901 0)
(1.2449468e-10 -0.0013992625 0)
(4.4821738e-11 -0.0013992622 0)
(-8.6732847e-10 -0.0035044895 0)
(-7.4190903e-10 -0.0049176465 0)
(-8.170609e-10 -0.0056293673 0)
(8.6770629e-10 -0.0056293674 0)
(8.0290994e-10 -0.0049176467 0)
(9.0860827e-10 -0.0035044897 0)
(-2.5097368e-11 -0.0013992623 0)
(-1.069504e-10 -0.0013992619 0)
(-4.9175977e-10 -0.0035044891 0)
(-1.2627355e-09 -0.0049176464 0)
(-1.5092194e-10 -0.0056293675 0)
(2.0538994e-10 -0.0056293676 0)
(1.314378e-09 -0.0049176466 0)
(5.4149852e-10 -0.0035044893 0)
(1.2037919e-10 -0.001399262 0)
(4.3115027e-11 -0.0013992617 0)
(-8.3706455e-10 -0.0035044887 0)
(-7.1169438e-10 -0.0049176464 0)
(-7.8931619e-10 -0.0056293678 0)
(8.4251648e-10 -0.0056293679 0)
(7.7415132e-10 -0.0049176466 0)
(8.7786647e-10 -0.0035044889 0)
(-2.366874e-11 -0.0013992618 0)
(-1.0356821e-10 -0.0013992614 0)
(-4.7231093e-10 -0.0035044884 0)
(-1.2183201e-09 -0.0049176463 0)
(-1.3937816e-10 -0.0056293681 0)
(1.9654388e-10 -0.0056293681 0)
(1.2708008e-09 -0.0049176465 0)
(5.2211671e-10 -0.0035044886 0)
(1.1635919e-10 -0.0013992615 0)
(4.1495344e-11 -0.0013992612 0)
(-8.0720928e-10 -0.003504488 0)
(-6.8135978e-10 -0.0049176462 0)
(-7.6209258e-10 -0.0056293683 0)
(8.176563e-10 -0.0056293684 0)
(7.4508612e-10 -0.0049176464 0)
(8.4739113e-10 -0.0035044882 0)
(-2.2385669e-11 -0.0013992613 0)
(-1.0033671e-10 -0.001399261 0)
(-4.5282108e-10 -0.0035044877 0)
(-1.1745397e-09 -0.0049176461 0)
(-1.2768973e-10 -0.0056293686 0)
(1.8729166e-10 -0.0056293686 0)
(1.2276439e-09 -0.0049176463 0)
(5.025309e-10 -0.0035044879 0)
(1.1244305e-10 -0.0013992611 0)
(3.9969059e-11 -0.0013992608 0)
(-7.7787175e-10 -0.0035044873 0)
(-6.5108349e-10 -0.004917646 0)
(-7.3553018e-10 -0.0056293688 0)
(7.9315068e-10 -0.0056293689 0)
(7.1582345e-10 -0.0049176463 0)
(8.1728156e-10 -0.0035044876 0)
(-2.1244839e-11 -0.0013992609 0)
(-9.7252104e-11 -0.0013992605 0)
(-4.3338674e-10 -0.003504487 0)
(-1.1315674e-09 -0.004917646 0)
(-1.1596995e-10 -0.005629369 0)
(1.7765587e-10 -0.0056293691 0)
(1.1850308e-09 -0.0049176462 0)
(4.8283183e-10 -0.0035044872 0)
(1.0863795e-10 -0.0013992606 0)
(3.8541106e-11 -0.0013992603 0)
(-7.4914471e-10 -0.0035044867 0)
(-6.2102038e-10 -0.0049176459 0)
(-7.0973624e-10 -0.0056293693 0)
(7.6903714e-10 -0.0056293694 0)
(6.8648018e-10 -0.0049176461 0)
(7.8763209e-10 -0.0035044869 0)
(-2.0241677e-11 -0.0013992604 0)
(-9.4309585e-11 -0.0013992601 0)
(-4.140939e-10 -0.0035044864 0)
(-1.0895477e-09 -0.0049176458 0)
(-1.0431126e-10 -0.0056293695 0)
(1.6767472e-10 -0.0056293696 0)
(1.1430807e-09 -0.004917646 0)
(4.6310843e-10 -0.0035044866 0)
(1.0494982e-10 -0.0013992602 0)
(3.7214869e-11 -0.0013992599 0)
(-7.2110603e-10 -0.0035044861 0)
(-5.913051e-10 -0.0049176458 0)
(-6.8479252e-10 -0.0056293697 0)
(7.4535736e-10 -0.0056293698 0)
(6.5717212e-10 -0.004917646 0)
(7.5852817e-10 -0.0035044863 0)
(-1.9370382e-11 -0.00139926 0)
(-9.1504042e-11 -0.0013992597 0)
(-3.950186e-10 -0.0035044858 0)
(-1.0486001e-09 -0.0049176457 0)
(-9.278974e-11 -0.0056293699 0)
(1.5739474e-10 -0.00562937 0)
(1.1019029e-09 -0.0049176459 0)
(4.4344443e-10 -0.003504486 0)
(1.0138313e-10 -0.0013992598 0)
(3.5992318e-11 -0.0013992595 0)
(-6.9381952e-10 -0.0035044855 0)
(-5.6205323e-10 -0.0049176456 0)
(-6.607596e-10 -0.0056293702 0)
(7.2215222e-10 -0.0056293703 0)
(6.280091e-10 -0.0049176459 0)
(7.3004447e-10 -0.0035044857 0)
(-1.8624591e-11 -0.0013992596 0)
(-8.8829789e-11 -0.0013992593 0)
(-3.7622653e-10 -0.0035044852 0)
(-1.0088201e-09 -0.0049176456 0)
(-8.1467527e-11 -0.0056293704 0)
(1.4686611e-10 -0.0056293705 0)
(1.0615935e-09 -0.0049176458 0)
(4.2391616e-10 -0.0035044854 0)
(9.7940983e-11 -0.0013992594 0)
(3.487405e-11 -0.0013992591 0)
(-6.6733524e-10 -0.0035044849 0)
(-5.3336174e-10 -0.0049176455 0)
(-6.3767944e-10 -0.0056293706 0)
(6.9945952e-10 -0.0056293707 0)
(5.9909203e-10 -0.0049176458 0)
(7.0224399e-10 -0.0035044851 0)
(-1.7997497e-11 -0.0013992592 0)
(-8.6281203e-11 -0.001399259 0)
(-3.5777317e-10 -0.0035044846 0)
(-9.7028049e-10 -0.0049176455 0)
(-7.0393926e-11 -0.0056293708 0)
(1.3614039e-10 -0.0056293709 0)
(1.0222345e-09 -0.0049176457 0)
(4.0459197e-10 -0.0035044849 0)
(9.4625247e-11 -0.0013992591 0)
(3.3859491e-11 -0.0013992588 0)
(-6.4169025e-10 -0.0035044844 0)
(-5.0530934e-10 -0.0049176454 0)
(-6.1557696e-10 -0.005629371 0)
(6.7731297e-10 -0.0056293711 0)
(5.7051168e-10 -0.0049176456 0)
(6.7517839e-10 -0.0035044846 0)
(-1.7481859e-11 -0.0013992589 0)
(-8.3852354e-11 -0.0013992586 0)
(-3.3970362e-10 -0.0035044841 0)
(-9.3303275e-10 -0.0049176454 0)
(-5.9606026e-11 -0.0056293712 0)
(1.2526913e-10 -0.0056293713 0)
(9.8389343e-10 -0.0049176456 0)
(3.8553152e-10 -0.0035044843 0)
(9.1436726e-11 -0.0013992587 0)
(3.2947203e-11 -0.0013992584 0)
(-6.1690896e-10 -0.0035044838 0)
(-4.7795698e-10 -0.0049176453 0)
(-5.9446172e-10 -0.0056293714 0)
(6.5574236e-10 -0.0056293715 0)
(5.4234787e-10 -0.0049176455 0)
(6.4888785e-10 -0.0035044841 0)
(-1.7070357e-11 -0.0013992585 0)
(-8.153726e-11 -0.0013992583 0)
(-3.2205296e-10 -0.0035044836 0)
(-8.9710801e-10 -0.0049176453 0)
(-4.9129337e-11 -0.0056293716 0)
(1.1430283e-10 -0.0056293717 0)
(9.4662405e-10 -0.0049176455 0)
(3.6678582e-10 -0.0035044838 0)
(8.8375132e-11 -0.0013992584 0)
(3.2134836e-11 -0.0013992581 0)
(-5.930043e-10 -0.0035044834 0)
(-4.5134876e-10 -0.0049176452 0)
(-5.7432933e-10 -0.0056293718 0)
(6.3477286e-10 -0.0056293719 0)
(5.1466946e-10 -0.0049176454 0)
(6.2340214e-10 -0.0035044836 0)
(-1.6755665e-11 -0.0013992582 0)
(-7.9329999e-11 -0.001399258 0)
(-3.0484668e-10 -0.0035044831 0)
(-8.6251924e-10 -0.0049176452 0)
(-3.8979021e-11 -0.005629372 0)
(1.0329028e-10 -0.0056293721 0)
(9.1046659e-10 -0.0049176454 0)
(3.4839743e-10 -0.0035044833 0)
(8.5439369e-11 -0.001399258 0)
(3.1419549e-11 -0.0013992578 0)
(-5.699787e-10 -0.0035044829 0)
(-4.255133e-10 -0.0049176452 0)
(-5.5516345e-10 -0.0056293722 0)
(6.1442519e-10 -0.0056293722 0)
(4.875345e-10 -0.0049176454 0)
(5.9874107e-10 -0.0035044831 0)
(-1.6530435e-11 -0.0013992579 0)
(-7.7224709e-11 -0.0013992577 0)
(-2.8810163e-10 -0.0035044827 0)
(-8.2926307e-10 -0.0049176451 0)
(-2.9160984e-11 -0.0056293723 0)
(9.2277593e-11 -0.0056293724 0)
(8.7544891e-10 -0.0049176453 0)
(3.3040094e-10 -0.0035044829 0)
(8.2627595e-11 -0.0013992577 0)
(3.0797757e-11 -0.0013992575 0)
(-5.478255e-10 -0.0035044825 0)
(-4.0046547e-10 -0.0049176451 0)
(-5.3693764e-10 -0.0056293725 0)
(5.9471565e-10 -0.0056293726 0)
(4.6099052e-10 -0.0049176453 0)
(5.7491557e-10 -0.0035044827 0)
(-1.6387536e-11 -0.0013992576 0)
(-7.5215703e-11 -0.0013992574 0)
(-2.7182705e-10 -0.0035044822 0)
(-7.9732236e-10 -0.004917645 0)
(-1.9673509e-11 -0.0056293727 0)
(8.1307887e-11 -0.0056293728 0)
(8.4158741e-10 -0.0049176452 0)
(3.1282324e-10 -0.0035044824 0)
(7.993712e-11 -0.0013992574 0)
(3.0265542e-11 -0.0013992572 0)
(-5.2653041e-10 -0.003504482 0)
(-3.7620838e-10 -0.004917645 0)
(-5.1961749e-10 -0.0056293728 0)
(5.7565598e-10 -0.0056293729 0)
(4.3507507e-10 -0.0049176452 0)
(5.5192841e-10 -0.0035044822 0)
(-1.632017e-11 -0.0013992573 0)
(-7.3297411e-11 -0.0013992571 0)
(-2.5602571e-10 -0.0035044818 0)
(-7.6666841e-10 -0.004917645 0)
(-1.0508687e-11 -0.005629373 0)
(7.0420556e-11 -0.0056293731 0)
(8.0888783e-10 -0.0049176452 0)
(2.9568439e-10 -0.003504482 0)
(7.7364967e-11 -0.0013992572 0)
(2.9818625e-11 -0.001399257 0)
(-5.0607278e-10 -0.0035044816 0)
(-3.527354e-10 -0.004917645 0)
(-5.0316268e-10 -0.0056293732 0)
(5.5725336e-10 -0.0056293732 0)
(4.0981639e-10 -0.0049176451 0)
(5.2977539e-10 -0.0035044818 0)
(-1.6321588e-11 -0.001399257 0)
(-7.1464465e-11 -0.0013992568 0)
(-2.4069473e-10 -0.0035044815 0)
(-7.3726367e-10 -0.0049176449 0)
(-1.654146e-12 -0.0056293733 0)
(5.9650836e-11 -0.0056293734 0)
(7.7734668e-10 -0.0049176451 0)
(2.7899812e-10 -0.0035044816 0)
(7.4907507e-11 -0.0013992569 0)
(2.9452573e-11 -0.0013992567 0)
(-4.8642702e-10 -0.0035044813 0)
(-3.3003224e-10 -0.0049176449 0)
(-4.8752894e-10 -0.0056293735 0)
(5.395105e-10 -0.0056293736 0)
(3.8523414e-10 -0.0049176451 0)
(5.0844611e-10 -0.0035044814 0)
(-1.6385576e-11 -0.0013992568 0)
(-6.9711765e-11 -0.0013992566 0)
(-2.2582717e-10 -0.0035044811 0)
(-7.0906369e-10 -0.0049176449 0)
(6.9055946e-12 -0.0056293736 0)
(4.9029828e-11 -0.0056293737 0)
(7.4695216e-10 -0.004917645 0)
(2.6277248e-10 -0.0035044813 0)
(7.2560792e-11 -0.0013992566 0)
(2.9162696e-11 -0.0013992565 0)
(-4.6756403e-10 -0.0035044809 0)
(-3.0807864e-10 -0.0049176448 0)
(-4.7266951e-10 -0.0056293738 0)
(5.2242573e-10 -0.0056293739 0)
(3.6134044e-10 -0.004917645 0)
(4.8792507e-10 -0.0035044811 0)
(-1.6506233e-11 -0.0013992565 0)
(-6.8034374e-11 -0.0013992563 0)
(-2.1141267e-10 -0.0035044807 0)
(-6.8201937e-10 -0.0049176448 0)
(1.5187965e-11 -0.0056293739 0)
(3.8584049e-11 -0.005629374 0)
(7.1768553e-10 -0.004917645 0)
(2.4701081e-10 -0.0035044809 0)
(7.0320597e-11 -0.0013992564 0)
(2.8944239e-11 -0.0013992562 0)
(-4.4945214e-10 -0.0035044806 0)
(-2.8685018e-10 -0.0049176448 0)
(-4.5853681e-10 -0.0056293741 0)
(5.0599348e-10 -0.0056293741 0)
(3.3814041e-10 -0.0049176449 0)
(4.6819252e-10 -0.0035044807 0)
(-1.6677993e-11 -0.0013992563 0)
(-6.642781e-11 -0.0013992561 0)
(-1.9743859e-10 -0.0035044804 0)
(-6.5607847e-10 -0.0049176448 0)
(2.3211051e-11 -0.0056293742 0)
(2.8335668e-11 -0.0056293743 0)
(6.8952209e-10 -0.0049176449 0)
(2.3171234e-10 -0.0035044806 0)
(6.8182425e-11 -0.0013992562 0)
(2.879234e-11 -0.001399256 0)
(-4.3205828e-10 -0.0035044802 0)
(-2.6631967e-10 -0.0049176447 0)
(-4.4508347e-10 -0.0056293744 0)
(4.9020424e-10 -0.0056293744 0)
(3.1563349e-10 -0.0049176449 0)
(4.4922542e-10 -0.0035044804 0)
(-1.6895586e-11 -0.0013992561 0)
(-6.4887732e-11 -0.0013992559 0)
(-1.8389067e-10 -0.0035044801 0)
(-6.3118755e-10 -0.0049176447 0)
(3.0993014e-11 -0.0056293745 0)
(1.8302762e-11 -0.0056293745 0)
(6.6243229e-10 -0.0049176449 0)
(2.168729e-10 -0.0035044802 0)
(6.6141726e-11 -0.001399256 0)
(2.8702265e-11 -0.0013992558 0)
(-4.1534872e-10 -0.0035044799 0)
(-2.4645845e-10 -0.0049176447 0)
(-4.3226332e-10 -0.0056293746 0)
(4.750454e-10 -0.0056293747 0)
(2.9381411e-10 -0.0049176448 0)
(4.3099819e-10 -0.0035044801 0)
(-1.7154238e-11 -0.0013992559 0)
(-6.3410045e-11 -0.0013992557 0)
(-1.7075373e-10 -0.0035044798 0)
(-6.0729286e-10 -0.0049176447 0)
(3.8551186e-11 -0.0056293747 0)
(8.4994179e-12 -0.0056293748 0)
(6.3638299e-10 -0.0049176448 0)
(2.0248545e-10 -0.0035044799 0)
(6.4193877e-11 -0.0013992558 0)
(2.866916e-11 -0.0013992556 0)
(-3.9928959e-10 -0.0035044797 0)
(-2.272375e-10 -0.0049176447 0)
(-4.2003215e-10 -0.0056293749 0)
(4.6050149e-10 -0.0056293749 0)
(2.7267271e-10 -0.0049176448 0)
(4.1348343e-10 -0.0035044798 0)
(-1.7449391e-11 -0.0013992557 0)
(-6.1990953e-11 -0.0013992555 0)
(-1.5801237e-10 -0.0035044795 0)
(-5.8434146e-10 -0.0049176446 0)
(4.590159e-11 -0.005629375 0)
(-1.0637297e-12 -0.005629375 0)
(6.1133815e-10 -0.0049176448 0)
(1.8854103e-10 -0.0035044797 0)
(6.2334125e-11 -0.0013992556 0)
(2.8688372e-11 -0.0013992554 0)
(-3.838479e-10 -0.0035044794 0)
(-2.0862801e-10 -0.0049176446 0)
(-4.0834809e-10 -0.0056293751 0)
(4.4655446e-10 -0.0056293752 0)
(2.5219658e-10 -0.0049176448 0)
(3.9665263e-10 -0.0035044795 0)
(-1.777691e-11 -0.0013992555 0)
(-6.0626907e-11 -0.0013992553 0)
(-1.4565123e-10 -0.0035044792 0)
(-5.6228205e-10 -0.0049176446 0)
(5.305868e-11 -0.0056293752 0)
(-1.0379221e-11 -0.0056293753 0)
(5.8726013e-10 -0.0049176447 0)
(1.7502909e-10 -0.0035044794 0)
(6.0557822e-11 -0.0013992554 0)
(2.8755336e-11 -0.0013992552 0)
(-3.6899149e-10 -0.0035044791 0)
(-1.9060234e-10 -0.0049176446 0)
(-3.9717204e-10 -0.0056293753 0)
(4.3318467e-10 -0.0056293754 0)
(2.3237092e-10 -0.0049176447 0)
(3.8047679e-10 -0.0035044792 0)
(-1.8132847e-11 -0.0013992553 0)
(-5.9314556e-11 -0.0013992552 0)
(-1.3365546e-10 -0.003504479 0)
(-5.4106563e-10 -0.0049176446 0)
(6.0035265e-11 -0.0056293754 0)
(-1.944214e-11 -0.0056293755 0)
(5.6411024e-10 -0.0049176447 0)
(1.619381e-10 -0.0035044791 0)
(5.8860445e-11 -0.0013992552 0)
(2.8865641e-11 -0.0013992551 0)
(-3.5468968e-10 -0.0035044789 0)
(-1.7313434e-10 -0.0049176446 0)
(-3.8646759e-10 -0.0056293756 0)
(4.2037105e-10 -0.0056293756 0)
(2.1317916e-10 -0.0049176447 0)
(3.6492693e-10 -0.003504479 0)
(-1.8513527e-11 -0.0013992551 0)
(-5.8050788e-11 -0.001399255 0)
(-1.2201104e-10 -0.0035044788 0)
(-5.2064566e-10 -0.0049176445 0)
(6.6842211e-11 -0.0056293757 0)
(-2.8249776e-11 -0.0056293757 0)
(5.4184949e-10 -0.0049176447 0)
(1.4925612e-10 -0.0035044789 0)
(5.7237546e-11 -0.001399255 0)
(2.901489e-11 -0.0013992549 0)
(-3.4091336e-10 -0.0035044786 0)
(-1.5619956e-10 -0.0049176445 0)
(-3.7620148e-10 -0.0056293758 0)
(4.0809152e-10 -0.0056293758 0)
(1.9460394e-10 -0.0049176446 0)
(3.4997458e-10 -0.0035044788 0)
(-1.8915548e-11 -0.001399255 0)
(-5.6832593e-11 -0.0013992548 0)
(-1.1070487e-10 -0.0035044785 0)
(-5.0097863e-10 -0.0049176445 0)
(7.3488349e-11 -0.0056293759 0)
(-3.6801232e-11 -0.0056293759 0)
(5.2043929e-10 -0.0049176446 0)
(1.3697096e-10 -0.0035044786 0)
(5.5684734e-11 -0.0013992549 0)
(2.9199041e-11 -0.0013992548 0)
(-3.2763513e-10 -0.0035044784 0)
(-1.3977591e-10 -0.0049176445 0)
(-3.6634321e-10 -0.005629376 0)
(3.9632347e-10 -0.005629376 0)
(1.7662759e-10 -0.0049176446 0)
(3.3559182e-10 -0.0035044785 0)
(-1.9335716e-11 -0.0013992548 0)
(-5.5657202e-11 -0.0013992547 0)
(-9.9725002e-11 -0.0035044783 0)
(-4.8202409e-10 -0.0049176445 0)
(7.9980831e-11 -0.005629376 0)
(-4.5096924e-11 -0.0056293761 0)
(4.9984183e-10 -0.0049176446 0)
(1.2507069e-10 -0.0035044784 0)
(5.4197809e-11 -0.0013992547 0)
(2.9414035e-11 -0.0013992546 0)
(-3.1482955e-10 -0.0035044782 0)
(-1.2384331e-10 -0.0049176445 0)
(-3.5686512e-10 -0.0056293761 0)
(3.8504423e-10 -0.0056293762 0)
(1.5923256e-10 -0.0049176446 0)
(3.2175188e-10 -0.0035044783 0)
(-1.9771054e-11 -0.0013992547 0)
(-5.4522042e-11 -0.0013992546 0)
(-8.9060784e-11 -0.0035044781 0)
(-4.6374463e-10 -0.0049176445 0)
(8.6324804e-11 -0.0056293762 0)
(-5.3138048e-11 -0.0056293763 0)
(4.8002056e-10 -0.0049176446 0)
(1.1354376e-10 -0.0035044782 0)
(5.2772682e-11 -0.0013992546 0)
(2.9656023e-11 -0.0013992545 0)
(-3.0247306e-10 -0.003504478 0)
(-1.0838418e-10 -0.0049176445 0)
(-3.4774219e-10 -0.0056293763 0)
(3.7423127e-10 -0.0056293764 0)
(1.4240197e-10 -0.0049176446 0)
(3.0842921e-10 -0.0035044781 0)
(-2.0218592e-11 -0.0013992545 0)
(-5.3424609e-11 -0.0013992544 0)
(-7.8702938e-11 -0.0035044779 0)
(-4.4610617e-10 -0.0049176444 0)
(9.2523982e-11 -0.0056293764 0)
(-6.0926626e-11 -0.0056293764 0)
(4.6094073e-10 -0.0049176445 0)
(1.0237947e-10 -0.003504478 0)
(5.1405512e-11 -0.0013992545 0)
(2.9921263e-11 -0.0013992544 0)
(-2.9054405e-10 -0.0035044778 0)
(-9.3383395e-11 -0.0049176444 0)
(-3.3895195e-10 -0.0056293765 0)
(3.6386246e-10 -0.0056293765 0)
(1.2612005e-10 -0.0049176445 0)
(2.955999e-10 -0.0035044779 0)
(-2.0675708e-11 -0.0013992544 0)
(-5.2362525e-11 -0.0013992543 0)
(-6.8643521e-11 -0.0035044778 0)
(-4.2907765e-10 -0.0049176444 0)
(9.8580176e-11 -0.0056293766 0)
(-6.8464736e-11 -0.0056293766 0)
(4.4256954e-10 -0.0049176445 0)
(9.1568018e-11 -0.0035044778 0)
(5.0092544e-11 -0.0013992543 0)
(3.0206233e-11 -0.0013992542 0)
(-2.7902288e-10 -0.0035044777 0)
(-7.8828111e-11 -0.0049176444 0)
(-3.3047419e-10 -0.0056293766 0)
(3.5391653e-10 -0.0056293767 0)
(1.1037235e-10 -0.0049176445 0)
(2.832415e-10 -0.0035044778 0)
(-2.113971e-11 -0.0013992543 0)
(-5.1333658e-11 -0.0013992542 0)
(-5.8876061e-11 -0.0035044776 0)
(-4.1263122e-10 -0.0049176444 0)
(1.0449401e-10 -0.0056293767 0)
(-7.5754361e-11 -0.0056293767 0)
(4.2487638e-10 -0.0049176445 0)
(8.1100812e-11 -0.0035044777 0)
(4.8830319e-11 -0.0013992542 0)
(3.0507365e-11 -0.0013992541 0)
(-2.6789199e-10 -0.0035044775 0)
(-6.4707969e-11 -0.0049176444 0)
(-3.2229091e-10 -0.0056293768 0)
(3.4437325e-10 -0.0056293768 0)
(9.5146008e-11 -0.0049176445 0)
(2.713335e-10 -0.0035044776 0)
(-2.1608036e-11 -0.0013992542 0)
(-5.0335903e-11 -0.0013992541 0)
(-4.9395545e-11 -0.0035044774 0)
(-3.9674211e-10 -0.0049176444 0)
(1.1026474e-10 -0.0056293768 0)
(-8.2797259e-11 -0.0056293769 0)
(4.0783315e-10 -0.0049176445 0)
(7.0970459e-11 -0.0035044775 0)
(4.7615472e-11 -0.0013992541 0)
(3.0821332e-11 -0.001399254 0)
(-2.5713565e-10 -0.0035044773 0)
(-5.1014895e-11 -0.0049176444 0)
(-3.1438615e-10 -0.0056293769 0)
(3.3521345e-10 -0.0056293769 0)
(8.0430122e-11 -0.0049176444 0)
(2.5985714e-10 -0.0035044774 0)
(-2.2078166e-11 -0.0013992541 0)
(-4.936736e-11 -0.001399254 0)
(-4.0198306e-11 -0.0035044773 0)
(-3.8138853e-10 -0.0049176444 0)
(1.1589028e-10 -0.005629377 0)
(-8.9594561e-11 -0.005629377 0)
(3.9141442e-10 -0.0049176444 0)
(6.1170958e-11 -0.0035044774 0)
(4.6444956e-11 -0.001399254 0)
(3.1144927e-11 -0.0013992539 0)
(-2.4674011e-10 -0.0035044772 0)
(-3.7743362e-11 -0.0049176443 0)
(-3.0674578e-10 -0.005629377 0)
(3.2641952e-10 -0.0056293771 0)
(6.6215793e-11 -0.0049176444 0)
(2.4879568e-10 -0.0035044773 0)
(-2.2547605e-11 -0.001399254 0)
(-4.8426142e-11 -0.0013992539 0)
(-3.1282212e-11 -0.0035044771 0)
(-3.665517e-10 -0.0049176443 0)
(1.2136756e-10 -0.0056293771 0)
(-9.6146799e-11 -0.0056293771 0)
(3.7559762e-10 -0.0049176444 0)
(5.1697796e-11 -0.0035044772 0)
(4.5315804e-11 -0.0013992539 0)
(3.1474943e-11 -0.0013992538 0)
(-2.3669354e-10 -0.0035044771 0)
(-2.4889938e-11 -0.0049176443 0)
(-2.993575e-10 -0.0056293772 0)
(3.1797515e-10 -0.0056293772 0)
(5.2496372e-11 -0.0049176444 0)
(2.3813443e-10 -0.0035044771 0)
(-2.3013987e-11 -0.0013992539 0)
(-4.7510626e-11 -0.0013992538 0)
(-2.2646639e-11 -0.003504477 0)
(-3.5221558e-10 -0.0049176443 0)
(1.266925e-10 -0.0056293772 0)
(-1.0245353e-10 -0.0056293772 0)
(3.6036305e-10 -0.0049176444 0)
(4.2547992e-11 -0.0035044771 0)
(4.4225367e-11 -0.0013992538 0)
(3.1808343e-11 -0.0013992537 0)
(-2.2698609e-10 -0.0035044769 0)
(-1.2453495e-11 -0.0049176443 0)
(-2.9221056e-10 -0.0056293773 0)
(3.0986587e-10 -0.0056293773 0)
(3.9267459e-11 -0.0049176444 0)
(2.2786066e-10 -0.003504477 0)
(-2.3474857e-11 -0.0013992538 0)
(-4.6619224e-11 -0.0013992537 0)
(-1.4292325e-11 -0.0035044769 0)
(-3.3836715e-10 -0.0049176443 0)
(1.3186006e-10 -0.0056293773 0)
(-1.0851337e-10 -0.0056293774 0)
(3.4569385e-10 -0.0049176444 0)
(3.3720142e-11 -0.003504477 0)
(4.3171158e-11 -0.0013992537 0)
(3.2142055e-11 -0.0013992537 0)
(-2.1760967e-10 -0.0035044768 0)
(-4.3514386e-13 -0.0049176443 0)
(-2.8529584e-10 -0.0056293774 0)
(3.0207863e-10 -0.0056293774 0)
(2.6527036e-11 -0.0049176444 0)
(2.1796376e-10 -0.0035044769 0)
(-2.3927839e-11 -0.0013992537 0)
(-4.5750633e-11 -0.0013992536 0)
(-6.2214266e-12 -0.0035044768 0)
(-3.2499608e-10 -0.0049176443 0)
(1.368643e-10 -0.0056293774 0)
(-1.14324e-10 -0.0056293774 0)
(3.3157622e-10 -0.0049176444 0)
(2.5214449e-11 -0.0035044768 0)
(4.2150958e-11 -0.0013992536 0)
(3.247317e-11 -0.0013992536 0)
(-2.0855822e-10 -0.0035044767 0)
(1.116182e-11 -0.0049176443 0)
(-2.7860579e-10 -0.0056293775 0)
(2.9460217e-10 -0.0056293775 0)
(1.4275392e-11 -0.0049176443 0)
(2.084353e-10 -0.0035044768 0)
(-2.4370472e-11 -0.0013992536 0)
(-4.490353e-11 -0.0013992535 0)
(1.5624259e-12 -0.0035044767 0)
(-3.1209487e-10 -0.0049176443 0)
(1.4169845e-10 -0.0056293775 0)
(-1.1988224e-10 -0.0056293775 0)
(3.1799941e-10 -0.0049176443 0)
(1.7032761e-11 -0.0035044767 0)
(4.1162703e-11 -0.0013992536 0)
(3.2798832e-11 -0.0013992535 0)
(-1.9982754e-10 -0.0035044766 0)
(2.2331903e-11 -0.0049176443 0)
(-2.7213454e-10 -0.0056293776 0)
(2.8742704e-10 -0.0056293776 0)
(2.5151374e-12 -0.0049176443 0)
(1.992688e-10 -0.0035044767 0)
(-2.4800371e-11 -0.0013992535 0)
(-4.4076888e-11 -0.0013992535 0)
(9.054088e-12 -0.0035044766 0)
(-2.9965896e-10 -0.0049176443 0)
(1.4635499e-10 -0.0056293776 0)
(-1.2518384e-10 -0.0056293776 0)
(3.0495555e-10 -0.0049176443 0)
(9.1784504e-12 -0.0035044766 0)
(4.0204734e-11 -0.0013992535 0)
(3.3116185e-11 -0.0013992534 0)
(-1.9141531e-10 -0.0035044765 0)
(3.3067536e-11 -0.0049176443 0)
(-2.6587761e-10 -0.0056293776 0)
(2.8054521e-10 -0.0056293777 0)
(-8.7489179e-12 -0.0049176443 0)
(1.9045997e-10 -0.0035044766 0)
(-2.5215113e-11 -0.0013992535 0)
(-4.3269784e-11 -0.0013992534 0)
(1.6247271e-11 -0.0035044765 0)
(-2.876863e-10 -0.0049176442 0)
(1.5082546e-10 -0.0056293777 0)
(-1.302239e-10 -0.0056293777 0)
(2.9243952e-10 -0.0049176443 0)
(1.6562381e-12 -0.0035044765 0)
(3.9275403e-11 -0.0013992534 0)
(3.3422539e-11 -0.0013992534 0)
(-1.8332102e-10 -0.0035044764 0)
(4.335925e-11 -0.0049176442 0)
(-2.5983235e-10 -0.0056293777 0)
(2.7395018e-10 -0.0056293777 0)
(-1.9510125e-11 -0.0049176443 0)
(1.8200621e-10 -0.0035044765 0)
(-2.5612361e-11 -0.0013992534 0)
(-4.2481524e-11 -0.0013992534 0)
(2.3134307e-11 -0.0035044764 0)
(-2.7617764e-10 -0.0049176442 0)
(1.5510053e-10 -0.0056293777 0)
(-1.3499706e-10 -0.0056293778 0)
(2.8044869e-10 -0.0049176443 0)
(-5.5278553e-12 -0.0035044764 0)
(3.837345e-11 -0.0013992534 0)
(3.371528e-11 -0.0013992533 0)
(-1.7554598e-10 -0.0035044763 0)
(5.3195506e-11 -0.0049176442 0)
(-2.5399788e-10 -0.0056293778 0)
(2.6763666e-10 -0.0056293778 0)
(-2.9760287e-11 -0.0049176443 0)
(1.7390673e-10 -0.0035044764 0)
(-2.5989826e-11 -0.0013992534 0)
(-4.1711509e-11 -0.0013992533 0)
(2.9706442e-11 -0.0035044763 0)
(-2.6513654e-10 -0.0049176442 0)
(1.5916996e-10 -0.0056293778 0)
(-1.3949788e-10 -0.0056293778 0)
(2.6898273e-10 -0.0049176443 0)
(-1.2366929e-11 -0.0035044764 0)
(3.7497826e-11 -0.0013992533 0)
(3.3991823e-11 -0.0013992533 0)
(-1.680932e-10 -0.0035044763 0)
(6.2563001e-11 -0.0049176442 0)
(-2.4837527e-10 -0.0056293778 0)
(2.6160014e-10 -0.0056293778 0)
(-3.9489972e-11 -0.0049176443 0)
(1.6616242e-10 -0.0035044763 0)
(-2.6345306e-11 -0.0013992533 0)
(-4.0959457e-11 -0.0013992533 0)
(3.5953817e-11 -0.0035044762 0)
(-2.5456902e-10 -0.0049176442 0)
(1.6302251e-10 -0.0056293779 0)
(-1.4372121e-10 -0.0056293779 0)
(2.5804299e-10 -0.0049176442 0)
(-1.885308e-11 -0.0035044763 0)
(3.6647688e-11 -0.0013992533 0)
(3.4249717e-11 -0.0013992532 0)
(-1.6096729e-10 -0.0035044762 0)
(7.1446902e-11 -0.0049176442 0)
(-2.4296769e-10 -0.0056293779 0)
(2.5583677e-10 -0.0056293779 0)
(-4.8689349e-11 -0.0049176442 0)
(1.5877524e-10 -0.0035044762 0)
(-2.6676558e-11 -0.0013992532 0)
(-4.0225232e-11 -0.0013992532 0)
(4.186587e-11 -0.0035044762 0)
(-2.4448374e-10 -0.0049176442 0)
(1.6664591e-10 -0.0056293779 0)
(-1.4766286e-10 -0.0056293779 0)
(2.4763203e-10 -0.0049176442 0)
(-2.4978293e-11 -0.0035044762 0)
(3.5822499e-11 -0.0013992532 0)
(3.4486747e-11 -0.0013992532 0)
(-1.5417444e-10 -0.0035044761 0)
(7.9830769e-11 -0.0049176442 0)
(-2.3778071e-10 -0.0056293779 0)
(2.5034262e-10 -0.0056293779 0)
(-5.7348684e-11 -0.0049176442 0)
(1.517481e-10 -0.0035044762 0)
(-2.698163e-11 -0.0013992532 0)
(-3.9508872e-11 -0.0013992532 0)
(4.7431262e-11 -0.0035044761 0)
(-2.3489173e-10 -0.0049176442 0)
(1.7002657e-10 -0.0056293779 0)
(-1.5132007e-10 -0.005629378 0)
(2.37753e-10 -0.0049176442 0)
(-3.073469e-11 -0.0035044761 0)
(3.5021824e-11 -0.0013992532 0)
(3.4700775e-11 -0.0013992531 0)
(-1.4772215e-10 -0.0035044761 0)
(8.7697214e-11 -0.0049176442 0)
(-2.3282244e-10 -0.005629378 0)
(2.4511319e-10 -0.005629378 0)
(-6.5459478e-11 -0.0049176442 0)
(1.4508447e-10 -0.0035044761 0)
(-2.7258751e-11 -0.0013992532 0)
(-3.8810734e-11 -0.0013992531 0)
(5.2638483e-11 -0.003504476 0)
(-2.2580633e-10 -0.0049176442 0)
(1.731499e-10 -0.005629378 0)
(-1.5469265e-10 -0.005629378 0)
(2.2840862e-10 -0.0049176442 0)
(-3.611511e-11 -0.0035044761 0)
(3.4245505e-11 -0.0013992531 0)
(3.4889966e-11 -0.0013992531 0)
(-1.4161902e-10 -0.003504476 0)
(9.5027847e-11 -0.0049176442 0)
(-2.281038e-10 -0.005629378 0)
(2.4014272e-10 -0.005629378 0)
(-7.3015183e-11 -0.0049176442 0)
(1.3878754e-10 -0.0035044761 0)
(-2.7506404e-11 -0.0013992531 0)
(-3.8131338e-11 -0.0013992531 0)
(5.7475829e-11 -0.003504476 0)
(-2.1724276e-10 -0.0049176441 0)
(1.7599968e-10 -0.005629378 0)
(-1.5778358e-10 -0.005629378 0)
(2.1960047e-10 -0.0049176442 0)
(-4.1113799e-11 -0.003504476 0)
(3.34936e-11 -0.0013992531 0)
(3.5052632e-11 -0.0013992531 0)
(-1.3587454e-10 -0.003504476 0)
(1.0180389e-10 -0.0049176441 0)
(-2.2363882e-10 -0.005629378 0)
(2.3542327e-10 -0.005629378 0)
(-8.001264e-11 -0.0049176442 0)
(1.3285998e-10 -0.003504476 0)
(-2.772346e-11 -0.0013992531 0)
(-3.7471425e-11 -0.0013992531 0)
(6.1932127e-11 -0.0035044759 0)
(-2.0921808e-10 -0.0049176441 0)
(1.7855842e-10 -0.005629378 0)
(-1.6060012e-10 -0.0056293781 0)
(2.113276e-10 -0.0049176442 0)
(-4.5727183e-11 -0.003504476 0)
(3.2766171e-11 -0.0013992531 0)
(3.5187494e-11 -0.001399253 0)
(-1.3049875e-10 -0.0035044759 0)
(1.0800679e-10 -0.0049176441 0)
(-2.1944469e-10 -0.0056293781 0)
(2.3094405e-10 -0.0056293781 0)
(-8.6453134e-11 -0.0049176442 0)
(1.2730295e-10 -0.003504476 0)
(-2.7909237e-11 -0.0013992531 0)
(-3.6831952e-11 -0.001399253 0)
(6.5997013e-11 -0.0035044759 0)
(-2.0175034e-10 -0.0049176441 0)
(1.8080705e-10 -0.0056293781 0)
(-1.6315458e-10 -0.0056293781 0)
(2.0358574e-10 -0.0049176441 0)
(-4.9954669e-11 -0.0035044759 0)
(3.206351e-11 -0.001399253 0)
(3.5293574e-11 -0.001399253 0)
(-1.2550168e-10 -0.0035044759 0)
(1.1361864e-10 -0.0049176441 0)
(-2.1554198e-10 -0.0056293781 0)
(2.2669062e-10 -0.0056293781 0)
(-9.2343788e-11 -0.0049176441 0)
(1.2211563e-10 -0.0035044759 0)
(-2.8063414e-11 -0.001399253 0)
(-3.6214049e-11 -0.001399253 0)
(6.9661568e-11 -0.0035044759 0)
(-1.9485843e-10 -0.0049176441 0)
(1.8272556e-10 -0.0056293781 0)
(-1.6546557e-10 -0.0056293781 0)
(1.963659e-10 -0.0049176441 0)
(-5.3799376e-11 -0.0035044759 0)
(3.138593e-11 -0.001399253 0)
(3.5370367e-11 -0.001399253 0)
(-1.2089305e-10 -0.0035044758 0)
(1.1862322e-10 -0.0049176441 0)
(-2.1195427e-10 -0.0056293781 0)
(2.2264429e-10 -0.0056293781 0)
(-9.7698867e-11 -0.0049176441 0)
(1.1729421e-10 -0.0035044759 0)
(-2.8186489e-11 -0.001399253 0)
(-3.5619102e-11 -0.001399253 0)
(7.291901e-11 -0.0035044758 0)
(-1.885608e-10 -0.0049176441 0)
(1.8429304e-10 -0.0056293781 0)
(-1.6755814e-10 -0.0056293781 0)
(1.8965325e-10 -0.0049176441 0)
(-5.7269309e-11 -0.0035044758 0)
(3.0733684e-11 -0.001399253 0)
(3.5417781e-11 -0.001399253 0)
(-1.1668139e-10 -0.0035044758 0)
(1.2300714e-10 -0.0049176441 0)
(-2.087078e-10 -0.0056293781 0)
(2.1878154e-10 -0.0056293781 0)
(-1.0254083e-10 -0.0049176441 0)
(1.1283109e-10 -0.0035044758 0)
(-2.8279513e-11 -0.001399253 0)
(-3.5048594e-11 -0.001399253 0)
(7.5765529e-11 -0.0035044758 0)
(-1.828743e-10 -0.0049176441 0)
(1.8548879e-10 -0.0056293781 0)
(-1.6946478e-10 -0.0056293781 0)
(1.834261e-10 -0.0049176441 0)
(-6.0377895e-11 -0.0035044758 0)
(3.0107072e-11 -0.001399253 0)
(3.5436318e-11 -0.001399253 0)
(-1.1287324e-10 -0.0035044758 0)
(1.2676152e-10 -0.0049176441 0)
(-2.0583029e-10 -0.0056293781 0)
(2.1507376e-10 -0.0056293781 0)
(-1.0690157e-10 -0.0049176441 0)
(1.0871437e-10 -0.0035044758 0)
(-2.8344354e-11 -0.001399253 0)
(-3.4504199e-11 -0.0013992529 0)
(7.820141e-11 -0.0035044758 0)
(-1.7781235e-10 -0.0049176441 0)
(1.8629363e-10 -0.0056293781 0)
(-1.712251e-10 -0.0056293781 0)
(1.7765497e-10 -0.0049176441 0)
(-6.3144845e-11 -0.0035044758 0)
(2.9506212e-11 -0.001399253 0)
(3.5427105e-11 -0.0013992529 0)
(-1.0947175e-10 -0.0035044757 0)
(1.2988397e-10 -0.0049176441 0)
(-2.0334919e-10 -0.0056293781 0)
(2.1148785e-10 -0.0056293781 0)
(-1.1082304e-10 -0.0049176441 0)
(1.0492681e-10 -0.0035044758 0)
(-2.8383733e-11 -0.0013992529 0)
(-3.3987488e-11 -0.0013992529 0)
(8.0232577e-11 -0.0035044757 0)
(-1.733825e-10 -0.004917644 0)
(1.8669212e-10 -0.0056293781 0)
(-1.7288504e-10 -0.0056293781 0)
(1.7230209e-10 -0.0049176441 0)
(-6.5597009e-11 -0.0035044757 0)
(2.8930937e-11 -0.0013992529 0)
(3.5392059e-11 -0.0013992529 0)
(-1.0647508e-10 -0.0035044757 0)
(1.3238164e-10 -0.004917644 0)
(-2.0128904e-10 -0.0056293781 0)
(2.0798716e-10 -0.0056293781 0)
(-1.1435748e-10 -0.004917644 0)
(1.0144524e-10 -0.0035044757 0)
(-2.8401295e-11 -0.0013992529 0)
(-3.3499963e-11 -0.0013992529 0)
(8.1872459e-11 -0.0035044757 0)
(-1.6958279e-10 -0.004917644 0)
(1.8667563e-10 -0.0056293781 0)
(-1.7449524e-10 -0.0056293781 0)
(1.6732126e-10 -0.004917644 0)
(-6.776843e-11 -0.0035044757 0)
(2.8380737e-11 -0.0013992529 0)
(3.5334007e-11 -0.0013992529 0)
(-1.038741e-10 -0.0035044757 0)
(1.3427504e-10 -0.004917644 0)
(-1.9966749e-10 -0.0056293781 0)
(2.0453366e-10 -0.0056293781 0)
(-1.1756689e-10 -0.004917644 0)
(9.8240156e-11 -0.0035044757 0)
(-2.8401598e-11 -0.0013992529 0)
(-3.3042557e-11 -0.0013992529 0)
(8.3144354e-11 -0.0035044757 0)
(-1.6639737e-10 -0.004917644 0)
(1.8624687e-10 -0.0056293781 0)
(-1.7610805e-10 -0.0056293781 0)
(1.6265861e-10 -0.004917644 0)
(-6.9700972e-11 -0.0035044757 0)
(2.7854666e-11 -0.0013992529 0)
(3.5257004e-11 -0.0013992529 0)
(-1.0164953e-10 -0.0035044757 0)
(1.3560289e-10 -0.004917644 0)
(-1.9848972e-10 -0.0056293781 0)
(2.0109112e-10 -0.0056293781 0)
(-1.2052164e-10 -0.004917644 0)
(9.5275525e-11 -0.0035044757 0)
(-2.8390328e-11 -0.0013992529 0)
(-3.2615602e-11 -0.0013992529 0)
(8.4084454e-11 -0.0035044757 0)
(-1.6379053e-10 -0.004917644 0)
(1.8542569e-10 -0.0056293781 0)
(-1.7777285e-10 -0.0056293781 0)
(1.5825409e-10 -0.004917644 0)
(-7.1443638e-11 -0.0035044757 0)
(2.7350951e-11 -0.0013992529 0)
(3.5166474e-11 -0.0013992529 0)
(-9.9768454e-11 -0.0035044756 0)
(1.3642822e-10 -0.004917644 0)
(-1.9774123e-10 -0.0056293781 0)
(1.9763026e-10 -0.0056293781 0)
(-1.2329787e-10 -0.004917644 0)
(9.2508844e-11 -0.0035044756 0)
(-2.8374024e-11 -0.0013992529 0)
(-3.2218012e-11 -0.0013992529 0)
(8.4745303e-11 -0.0035044756 0)
(-1.6169975e-10 -0.004917644 0)
(1.8425661e-10 -0.0056293781 0)
(-1.7953002e-10 -0.0056293781 0)
(1.5404449e-10 -0.004917644 0)
(-7.305165e-11 -0.0035044756 0)
(2.6867066e-11 -0.0013992529 0)
(3.5069722e-11 -0.0013992529 0)
(-9.8180006e-11 -0.0035044756 0)
(1.3684511e-10 -0.004917644 0)
(-1.9737942e-10 -0.0056293781 0)
(1.9413501e-10 -0.0056293781 0)
(-1.2597271e-10 -0.004917644 0)
(8.9892557e-11 -0.0035044756 0)
(-2.8360144e-11 -0.0013992529 0)
(-3.1846976e-11 -0.0013992529 0)
(8.5199544e-11 -0.0035044756 0)
(-1.6002811e-10 -0.004917644 0)
(1.8281707e-10 -0.0056293781 0)
(-1.8140219e-10 -0.0056293781 0)
(1.4996798e-10 -0.004917644 0)
(-7.4584237e-11 -0.0035044756 0)
(2.6399566e-11 -0.0013992529 0)
(3.4976205e-11 -0.0013992528 0)
(-9.681148e-11 -0.0035044756 0)
(1.3698533e-10 -0.0049176439 0)
(-1.973235e-10 -0.0056293781 0)
(1.9061111e-10 -0.0056293781 0)
(-1.2861848e-10 -0.004917644 0)
(8.7375577e-11 -0.0035044756 0)
(-2.8356658e-11 -0.0013992529 0)
(-3.1496813e-11 -0.0013992528 0)
(8.5543102e-11 -0.0035044756 0)
(-1.5863691e-10 -0.0049176439 0)
(1.812259e-10 -0.0056293781 0)
(-1.833844e-10 -0.0056293781 0)
(1.4597043e-10 -0.004917644 0)
(-7.6101778e-11 -0.0035044756 0)
(2.5943827e-11 -0.0013992528 0)
(3.4897789e-11 -0.0013992528 0)
(-9.5563929e-11 -0.0035044756 0)
(1.3702344e-10 -0.0049176439 0)
(-1.9744518e-10 -0.0056293781 0)
(1.8709473e-10 -0.0056293781 0)
(-1.312933e-10 -0.0049176439 0)
(8.4905963e-11 -0.0035044756 0)
(-2.8371969e-11 -0.0013992528 0)
(-3.1158214e-11 -0.0013992528 0)
(8.5896826e-11 -0.0035044756 0)
(-1.573399e-10 -0.0049176439 0)
(1.7964956e-10 -0.0056293781 0)
(-1.8543258e-10 -0.0056293781 0)
(1.4201306e-10 -0.0049176439 0)
(-7.7660966e-11 -0.0035044756 0)
(2.5493788e-11 -0.0013992528 0)
(3.4848857e-11 -0.0013992528 0)
(-9.4309695e-11 -0.0035044755 0)
(1.3717715e-10 -0.0049176439 0)
(-1.9756094e-10 -0.0056293781 0)
(1.8366054e-10 -0.0056293781 0)
(-1.3403038e-10 -0.0049176439 0)
(8.2434435e-11 -0.0035044756 0)
(-2.8414259e-11 -0.0013992528 0)
(-3.0816291e-11 -0.0013992528 0)
(8.6404453e-11 -0.0035044755 0)
(-1.5590213e-10 -0.0049176439 0)
(1.7830237e-10 -0.0056293781 0)
(-1.8745188e-10 -0.0056293781 0)
(1.3808047e-10 -0.0049176439 0)
(-7.9307921e-11 -0.0035044756 0)
(2.5040878e-11 -0.0013992528 0)
(3.4845716e-11 -0.0013992528 0)
(-9.2892143e-11 -0.0035044755 0)
(1.3769859e-10 -0.0049176439 0)
(-1.9742904e-10 -0.0056293781 0)
(1.8042605e-10 -0.0056293781 0)
(-1.3682348e-10 -0.0049176439 0)
(7.9917202e-11 -0.0035044755 0)
(-2.849066e-11 -0.0013992528 0)
(-3.0448443e-11 -0.0013992528 0)
(8.7223693e-11 -0.0035044755 0)
(-1.5404606e-10 -0.0049176439 0)
(1.7743553e-10 -0.005629378 0)
(-1.8928479e-10 -0.0056293781 0)
(1.341882e-10 -0.0049176439 0)
(-8.1069237e-11 -0.0035044755 0)
(2.4572212e-11 -0.0013992528 0)
(3.490465e-11 -0.0013992528 0)
(-9.1129727e-11 -0.0035044755 0)
(1.3884872e-10 -0.0049176439 0)
(-1.967542e-10 -0.005629378 0)
(1.7754917e-10 -0.0056293781 0)
(-1.3960708e-10 -0.0049176439 0)
(7.7318688e-11 -0.0035044755 0)
(-2.8606063e-11 -0.0013992528 0)
(-3.0020191e-11 -0.0013992528 0)
(8.8504739e-11 -0.0035044755 0)
(-1.5147134e-10 -0.0049176438 0)
(1.773064e-10 -0.005629378 0)
(-1.9069775e-10 -0.005629378 0)
(1.3039066e-10 -0.0049176439 0)
(-8.2936709e-11 -0.0035044755 0)
(2.4066441e-11 -0.0013992528 0)
(3.503805e-11 -0.0013992528 0)
(-8.8828646e-11 -0.0035044755 0)
(1.4084345e-10 -0.0049176438 0)
(-1.9520431e-10 -0.005629378 0)
(1.7521788e-10 -0.005629378 0)
(-1.4222317e-10 -0.0049176439 0)
(7.4615344e-11 -0.0035044755 0)
(-2.8760945e-11 -0.0013992528 0)
(-2.9479842e-11 -0.0013992528 0)
(9.034683e-11 -0.0035044755 0)
(-1.4789842e-10 -0.0049176438 0)
(1.7811817e-10 -0.005629378 0)
(-1.9135876e-10 -0.005629378 0)
(1.2679769e-10 -0.0049176439 0)
(-8.4838902e-11 -0.0035044755 0)
(2.3487398e-11 -0.0013992528 0)
(3.5246958e-11 -0.0013992528 0)
(-8.5814923e-11 -0.0035044755 0)
(1.4374991e-10 -0.0049176438 0)
(-1.9244613e-10 -0.005629378 0)
(1.7363863e-10 -0.005629378 0)
(-1.4435405e-10 -0.0049176439 0)
(7.1811088e-11 -0.0035044755 0)
(-2.8947297e-11 -0.0013992528 0)
(-2.8751945e-11 -0.0013992528 0)
(9.2711895e-11 -0.0035044754 0)
(-1.4316328e-10 -0.0049176438 0)
(1.799155e-10 -0.005629378 0)
(-1.9078893e-10 -0.005629378 0)
(1.2362922e-10 -0.0049176438 0)
(-8.657752e-11 -0.0035044755 0)
(2.2775553e-11 -0.0013992528 0)
(3.5506836e-11 -0.0013992528 0)
(-8.2016578e-11 -0.0035044754 0)
(1.4728969e-10 -0.0049176438 0)
(-1.8821664e-10 -0.005629378 0)
(1.7304963e-10 -0.005629378 0)
(-1.4537144e-10 -0.0049176438 0)
(6.8998168e-11 -0.0035044755 0)
(-2.9139264e-11 -0.0013992528 0)
(-2.7736461e-11 -0.0013992528 0)
(9.524762e-11 -0.0035044754 0)
(-1.3742985e-10 -0.0049176438 0)
(1.8241204e-10 -0.005629378 0)
(-1.8824651e-10 -0.005629378 0)
(1.2138613e-10 -0.0049176438 0)
(-8.7675577e-11 -0.0035044755 0)
(2.1845168e-11 -0.0013992528 0)
(3.5738147e-11 -0.0013992528 0)
(-7.7675556e-11 -0.0035044754 0)
(1.5045588e-10 -0.0049176438 0)
(-1.8247464e-10 -0.0056293779 0)
(1.7382711e-10 -0.005629378 0)
(-1.4399112e-10 -0.0049176438 0)
(6.655146e-11 -0.0035044755 0)
(-2.9268994e-11 -0.0013992528 0)
(-2.633342e-11 -0.0013992528 0)
(9.6910449e-11 -0.0035044754 0)
(-1.3167852e-10 -0.0049176437 0)
(1.8470351e-10 -0.0056293779 0)
(-1.8246836e-10 -0.005629378 0)
(1.2131933e-10 -0.0049176438 0)
(-8.7015916e-11 -0.0035044755 0)
(2.0607279e-11 -0.0013992528 0)
(3.5739216e-11 -0.0013992528 0)
(-7.3880575e-11 -0.0035044754 0)
(1.5073979e-10 -0.0049176437 0)
(-1.7574414e-10 -0.0056293779 0)
(1.768304e-10 -0.0056293779 0)
(-1.3750163e-10 -0.0049176438 0)
(6.566057e-11 -0.0035044755 0)
(-2.9163622e-11 -0.0013992528 0)
(-2.454435e-11 -0.0013992528 0)
(9.5137782e-11 -0.0035044754 0)
(-1.2882467e-10 -0.0049176437 0)
(1.8476437e-10 -0.0056293779 0)
(-1.7112816e-10 -0.0056293779 0)
(1.2657794e-10 -0.0049176438 0)
(-8.2004724e-11 -0.0035044754 0)
(1.90719e-11 -0.0013992528 0)
(3.5021912e-11 -0.0013992528 0)
(-7.3840751e-11 -0.0035044754 0)
(1.4253938e-10 -0.0049176437 0)
(-1.698942e-10 -0.0056293779 0)
(1.842648e-10 -0.0056293779 0)
(-1.2011266e-10 -0.0049176438 0)
(6.9633846e-11 -0.0035044754 0)
(-2.8380592e-11 -0.0013992528 0)
(-2.276867e-11 -0.0013992528 0)
(8.4038618e-11 -0.0035044754 0)
(-1.3617733e-10 -0.0049176437 0)
(1.7851526e-10 -0.0056293779 0)
(-1.4977831e-10 -0.0056293779 0)
(1.4476577e-10 -0.0049176437 0)
(-6.6714773e-11 -0.0035044754 0)
(1.764947e-11 -0.0013992528 0)
(3.2408661e-11 -0.0013992528 0)
(-8.5741874e-11 -0.0035044754 0)
(1.1393442e-10 -0.0049176437 0)
(-1.6983413e-10 -0.0056293779 0)
(2.0154033e-10 -0.0056293779 0)
(-7.9600821e-11 -0.0049176437 0)
(8.682053e-11 -0.0035044754 0)
(-2.5796616e-11 -0.0013992528 0)
(-2.2544847e-11 -0.0013992527 0)
(5.0585635e-11 -0.0035044753 0)
(-1.7050493e-10 -0.0049176437 0)
(1.5808946e-10 -0.0056293779 0)
(-1.0992859e-10 -0.0056293779 0)
(1.931556e-10 -0.0049176437 0)
(-2.7995809e-11 -0.0035044754 0)
(1.7900984e-11 -0.0013992528 0)
(2.5098851e-11 -0.0013992527 0)
(-1.2867582e-10 -0.0035044753 0)
(4.0527955e-11 -0.0049176437 0)
(-1.8690342e-10 -0.0056293779 0)
(2.4084538e-10 -0.0056293779 0)
(9.0021764e-12 -0.0049176437 0)
(1.366208e-10 -0.0035044753 0)
(-1.865717e-11 -0.0013992528 0)
(-2.8213267e-11 -0.0013992527 0)
(-3.2783143e-11 -0.0035044753 0)
(-2.6753643e-10 -0.0049176437 0)
(1.0887936e-10 -0.005629378 0)
(-3.5950401e-11 -0.005629378 0)
(3.0830303e-10 -0.0049176437 0)
(6.2008396e-11 -0.0035044753 0)
(2.4211752e-11 -0.0013992527 0)
(6.7236179e-12 -0.0013992527 0)
(-2.4375299e-10 -0.0035044752 0)
(-1.2491151e-10 -0.0049176437 0)
(-2.4488829e-10 -0.005629378 0)
(3.2719641e-10 -0.005629378 0)
(1.938228e-10 -0.0049176437 0)
(2.6063678e-10 -0.0035044752 0)
(-6.0380774e-13 -0.0013992527 0)
(-5.0298713e-11 -0.0013992526 0)
(-2.2060527e-10 -0.0035044752 0)
(-4.9724584e-10 -0.0049176437 0)
(5.6721729e-12 -0.0056293782 0)
(9.8661006e-11 -0.0056293782 0)
(5.6124664e-10 -0.0049176437 0)
(2.5831727e-10 -0.0035044751 0)
(4.7180676e-11 -0.0013992526 0)
(-3.6086409e-11 -0.0013992525 0)
(-5.1177413e-10 -0.003504475 0)
(-4.6548092e-10 -0.0049176438 0)
(-3.8869696e-10 -0.0056293783 0)
(5.0676617e-10 -0.0056293783 0)
(5.5895201e-10 -0.0049176437 0)
(5.402491e-10 -0.003504475 0)
(4.1792012e-11 -0.0013992525 0)
(-1.1157574e-10 -0.0013992523 0)
(-6.0969164e-10 -0.0035044749 0)
(-9.8137164e-10 -0.0049176438 0)
(-1.8841199e-10 -0.0056293786 0)
(3.3173397e-10 -0.0056293786 0)
(1.0745317e-09 -0.0049176437 0)
(6.5826078e-10 -0.0035044748 0)
(1.0968066e-10 -0.0013992523 0)
(-1.2817275e-10 -0.0013992521 0)
(-1.0726013e-09 -0.0035044746 0)
(-1.1029471e-09 -0.0049176439 0)
(-6.9136541e-10 -0.005629379 0)
(8.5281044e-10 -0.005629379 0)
(1.226508e-09 -0.0049176438 0)
(1.1156451e-09 -0.0035044745 0)
(1.3353536e-10 -0.0013992521 0)
(-2.5585567e-10 -0.0013992518 0)
(-1.3413e-09 -0.0035044743 0)
(-1.8919592e-09 -0.004917644 0)
(-5.0663172e-10 -0.0056293796 0)
(6.9559797e-10 -0.0056293795 0)
(2.0196498e-09 -0.0049176439 0)
(1.4032494e-09 -0.0035044742 0)
(2.5561984e-10 -0.0013992517 0)
(-3.0764876e-10 -0.0013992513 0)
(-2.1201156e-09 -0.0035044737 0)
(-2.1462557e-09 -0.0049176443 0)
(-1.2415257e-09 -0.0056293803 0)
(1.4513061e-09 -0.0056293803 0)
(2.3038557e-09 -0.0049176441 0)
(2.1801812e-09 -0.0035044736 0)
(3.1303819e-10 -0.0013992513 0)
(-5.5518211e-10 -0.0013992506 0)
(-2.5391823e-09 -0.0035044733 0)
(-3.3642574e-09 -0.0049176444 0)
(-9.1153578e-10 -0.0056293814 0)
(1.1480296e-09 -0.0056293813 0)
(3.5283851e-09 -0.0049176442 0)
(2.6162425e-09 -0.0035044731 0)
(5.5709712e-10 -0.0013992505 0)
(-6.1410552e-10 -0.0013992497 0)
(-3.7960127e-09 -0.0035044723 0)
(-3.4780762e-09 -0.004917645 0)
(-2.0625228e-09 -0.0056293826 0)
(2.3179313e-09 -0.0056293825 0)
(3.6685858e-09 -0.0049176447 0)
(3.8734727e-09 -0.0035044722 0)
(6.2034073e-10 -0.0013992496 0)
(-1.099847e-09 -0.0013992484 0)
(-4.0680163e-09 -0.0035044717 0)
(-5.1703458e-09 -0.0049176452 0)
(-1.1063671e-09 -0.0056293843 0)
(1.3816112e-09 -0.0056293841 0)
(5.3648894e-09 -0.004917645 0)
(4.1595983e-09 -0.0035044714 0)
(1.1043614e-09 -0.0013992483 0)
(-1.0416439e-09 -0.0013992471 0)
(-5.8195624e-09 -0.0035044704 0)
(-4.1805024e-09 -0.0049176464 0)
(-2.8628942e-09 -0.0056293859 0)
(3.1469041e-09 -0.0056293858 0)
(4.3931226e-09 -0.004917646 0)
(5.9106429e-09 -0.0035044701 0)
(1.0501102e-09 -0.0013992469 0)
(-1.9364127e-09 -0.0013992451 0)
(-4.9205142e-09 -0.0035044699 0)
(-5.8903005e-09 -0.0049176468 0)
(-1.2448189e-10 -0.005629388 0)
(4.1243549e-10 -0.0056293877 0)
(6.0964381e-09 -0.0049176465 0)
(5.0219679e-09 -0.0035044695 0)
(1.9437518e-09 -0.0013992449 0)
(-1.4276355e-09 -0.0013992434 0)
(-6.6088835e-09 -0.0035044687 0)
(-1.3454046e-09 -0.0049176486 0)
(-2.4713333e-09 -0.0056293891 0)
(2.7466683e-09 -0.0056293891 0)
(1.5555941e-09 -0.0049176481 0)
(6.703715e-09 -0.0035044683 0)
(1.4402505e-09 -0.0013992432 0)
(-2.9026098e-09 -0.0013992411 0)
(-2.0354931e-09 -0.0035044695 0)
(-1.2981894e-09 -0.0049176491 0)
(4.380272e-09 -0.00562939 0)
(-4.1270795e-09 -0.0056293897 0)
(1.4810422e-09 -0.0049176487 0)
(2.1367624e-09 -0.0035044689 0)
(2.912437e-09 -0.0013992409 0)
(-1.2590228e-09 -0.0013992402 0)
(-1.7097047e-09 -0.0035044703 0)
(1.1843703e-08 -0.0049176514 0)
(2.1429376e-09 -0.0056293879 0)
(-1.9356059e-09 -0.0056293879 0)
(-1.1675478e-08 -0.0049176508 0)
(1.7912824e-09 -0.0035044699 0)
(1.2778015e-09 -0.0013992399 0)
(-3.3268895e-09 -0.0013992397 0)
(1.1423806e-08 -0.0035044754 0)
(1.8007152e-08 -0.0049176517 0)
(1.7058814e-08 -0.005629383 0)
(-1.6907579e-08 -0.0056293827 0)
(-1.7897246e-08 -0.0049176512 0)
(-1.1338514e-08 -0.0035044747 0)
(3.3376613e-09 -0.0013992395 0)
(5.7383302e-10 -0.0013992427 0)
(1.8221862e-08 -0.0035044828 0)
(4.8308211e-08 -0.0049176535 0)
(1.7077861e-08 -0.0056293709 0)
(-1.701366e-08 -0.0056293708 0)
(-4.8232203e-08 -0.0049176529 0)
(-1.8177145e-08 -0.0035044823 0)
(-5.4793341e-10 -0.0013992424 0)
(-1.6587576e-09 -0.001399249 0)
(4.7674248e-08 -0.0035044985 0)
(6.8785598e-08 -0.0049176524 0)
(4.5564733e-08 -0.0056293501 0)
(-4.5591097e-08 -0.0056293498 0)
(-6.880534e-08 -0.004917652 0)
(-4.7625781e-08 -0.0035044978 0)
(1.666594e-09 -0.0013992487 0)
(5.9532911e-09 -0.0013992628 0)
(6.8692735e-08 -0.0035045215 0)
(1.2802017e-07 -0.0049176517 0)
(5.2138881e-08 -0.0056293142 0)
(-5.2292305e-08 -0.0056293141 0)
(-1.280871e-07 -0.0049176511 0)
(-6.8713279e-08 -0.003504521 0)
(-5.9224337e-09 -0.0013992625 0)
(4.7193628e-09 -0.0013992854 0)
(1.2416652e-07 -0.0035045591 0)
(1.7478509e-07 -0.0049176464 0)
(1.0007965e-07 -0.0056292595 0)
(-1.0034707e-07 -0.0056292592 0)
(-1.7498494e-07 -0.004917646 0)
(-1.2417989e-07 -0.0035045585 0)
(-4.7221319e-09 -0.0013992851 0)
(1.7409088e-08 -0.0013993222 0)
(1.6955894e-07 -0.0035046125 0)
(2.7495611e-07 -0.0049176389 0)
(1.1940974e-07 -0.0056291772 0)
(-1.1983051e-07 -0.0056291771 0)
(-2.7520407e-07 -0.0049176384 0)
(-1.6967578e-07 -0.003504612 0)
(-1.7381072e-08 -0.0013993219 0)
(1.9077811e-08 -0.0013993764 0)
(2.5925677e-07 -0.0035046888 0)
(3.6035802e-07 -0.0049176249 0)
(1.9037042e-07 -0.0056290611 0)
(-1.9090593e-07 -0.0056290609 0)
(-3.6076808e-07 -0.0049176246 0)
(-2.5936103e-07 -0.0035046883 0)
(-1.9103532e-08 -0.0013993761 0)
(3.7400747e-08 -0.0013994534 0)
(3.3738998e-07 -0.0035047921 0)
(5.070127e-07 -0.0049176043 0)
(2.2810766e-07 -0.0056289018 0)
(-2.2879836e-07 -0.0056289018 0)
(-5.0745601e-07 -0.004917604 0)
(-3.3763377e-07 -0.0035047918 0)
(-3.7389919e-08 -0.0013994532 0)
(4.394297e-08 -0.0013995583 0)
(4.6162516e-07 -0.0035049273 0)
(6.353727e-07 -0.0049175751 0)
(3.1935593e-07 -0.0056286915 0)
(-3.2013392e-07 -0.0056286914 0)
(-6.3599198e-07 -0.0049175749 0)
(-4.6184923e-07 -0.0035049271 0)
(-4.4005841e-08 -0.0013995582 0)
(6.6830823e-08 -0.0013996946 0)
(5.7083485e-07 -0.0035051004 0)
(8.1765783e-07 -0.0049175342 0)
(3.7523108e-07 -0.0056284234 0)
(-3.7613913e-07 -0.0056284234 0)
(-8.1827912e-07 -0.0049175341 0)
(-5.7122556e-07 -0.0035051003 0)
(-6.6852487e-08 -0.0013996946 0)
(7.8845252e-08 -0.0013998677 0)
(7.1379426e-07 -0.0035053109 0)
(9.7248478e-07 -0.0049174832 0)
(4.7347957e-07 -0.0056280914 0)
(-4.744295e-07 -0.0056280914 0)
(-9.7327827e-07 -0.0049174833 0)
(-7.1415047e-07 -0.003505311 0)
(-7.895023e-08 -0.0013998677 0)
(1.0315199e-07 -0.0014000757 0)
(8.3172167e-07 -0.0035055636 0)
(1.1525507e-06 -0.0049174168 0)
(5.3406579e-07 -0.0056276968 0)
(-5.3511849e-07 -0.0056276968 0)
(-1.1533132e-06 -0.0049174171 0)
(-8.3224403e-07 -0.0035055639 0)
(-1.0320577e-07 -0.0014000758 0)
(1.178812e-07 -0.0014003192 0)
(9.5354907e-07 -0.0035058479 0)
(1.2832059e-06 -0.0049173419 0)
(6.1224815e-07 -0.0056272452 0)
(-6.1331362e-07 -0.0056272454 0)
(-1.2841237e-06 -0.0049173424 0)
(-9.5400504e-07 -0.0035058485 0)
(-1.1800716e-07 -0.0014003194 0)
(1.367412e-07 -0.0014005894 0)
(1.0273321e-06 -0.0035061609 0)
(1.3860487e-06 -0.0049172512 0)
(6.4342797e-07 -0.005626751 0)
(-6.445667e-07 -0.0056267512 0)
(-1.3869034e-06 -0.0049172519 0)
(-1.0279294e-06 -0.0035061617 0)
(-1.3681165e-07 -0.0014005898 0)
(1.4921365e-07 -0.0014008901 0)
(1.060131e-06 -0.0035064849 0)
(1.3930175e-06 -0.0049171528 0)
(6.5490999e-07 -0.0056262283 0)
(-6.5602666e-07 -0.0056262287 0)
(-1.3939912e-06 -0.0049171536 0)
(-1.0606439e-06 -0.0035064859 0)
(-1.4935581e-07 -0.0014008907 0)
(1.8721403e-07 -0.0014012391 0)
(1.014166e-06 -0.0035068786 0)
(1.3041485e-06 -0.0049170302 0)
(5.9742227e-07 -0.0056255824 0)
(-5.9856956e-07 -0.0056255828 0)
(-1.3050209e-06 -0.0049170313 0)
(-1.0147753e-06 -0.0035068797 0)
(-1.8732485e-07 -0.0014012398 0)
)
;

boundaryField
{
    left
    {
        type            uniformFixedValue;
        uniformValue    sine;
        uniformValueCoeffs
        {
            t0              0;
            amplitude       constant 0.0125;
            frequency       constant 1;
            scale           constant (0 1 0);
            level           constant (0 0 0);
        }
        value           uniform (0 -0.0038627124 0);
    }
    right
    {
        type            zeroGradient;
    }
    walls
    {
        type            fixedValue;
        value           uniform (0 0 0);
    }
    frontAndBack
    {
        type            empty;
    }
}


// ************************************************************************* //
