/*--------------------------------*- C++ -*----------------------------------*\
| =========                 |                                                 |
| \\      /  F ield         | OpenFOAM: The Open Source CFD Toolbox           |
|  \\    /   O peration     | Version:  5.x                                   |
|   \\  /    A nd           | Web:      www.OpenFOAM.org                      |
|    \\/     M anipulation  |                                                 |
\*---------------------------------------------------------------------------*/
FoamFile
{
    version     2.0;
    format      ascii;
    class       surfaceScalarField;
    location    "6";
    object      phi;
}
// * * * * * * * * * * * * * * * * * * * * * * * * * * * * * * * * * * * * * //

dimensions      [0 3 -1 0 0 0 0];

internalField   nonuniform List<scalar> 
3592
(
-7.6350095e-10
7.6350094e-10
-1.8241288e-09
1.0606333e-09
-1.6162501e-09
-2.0787322e-10
1.0336233e-12
-1.6172788e-09
1.6172855e-09
-1.616247e-09
1.8251682e-09
-2.0787767e-10
7.6350504e-10
1.0616685e-09
7.6351038e-10
-1.3573939e-09
2.1209009e-09
-3.7801742e-09
3.4834253e-09
-3.4745735e-09
-5.1346246e-10
1.6962161e-12
-5.0935375e-09
3.4788898e-09
-5.0934295e-09
3.7817323e-09
-5.1070874e-10
1.3582611e-09
3.4851511e-09
2.1217778e-09
-2.1722081e-09
4.2931162e-09
-5.3390958e-09
6.6503246e-09
-4.7739362e-09
-1.0786109e-09
3.2597004e-12
-9.8707226e-09
4.7783335e-09
-9.8684922e-09
5.3426132e-09
-1.074977e-09
2.1730233e-09
6.6547522e-09
4.2948066e-09
-2.7956527e-09
7.0887755e-09
-6.3987725e-09
1.0253456e-08
-5.6238221e-09
-1.8535504e-09
2.9723328e-12
-1.5497506e-08
5.6299949e-09
-1.5495504e-08
6.4019174e-09
-1.8468885e-09
2.7969206e-09
1.025976e-08
7.0917328e-09
-3.1042133e-09
1.0192995e-08
-6.9931914e-09
1.4142444e-08
-6.0628168e-09
-2.7839149e-09
3.3655518e-12
-2.1563679e-08
6.0678763e-09
-2.1560005e-08
6.9968916e-09
-2.7758933e-09
3.1053509e-09
1.4151311e-08
1.0197089e-08
-3.2244957e-09
1.3417497e-08
-7.11879e-09
1.803675e-08
-6.1658913e-09
-3.7368027e-09
2.4543607e-12
-2.7732014e-08
6.1706785e-09
-2.7728218e-08
7.1215384e-09
-3.7267423e-09
3.2255114e-09
1.8047349e-08
1.3422606e-08
-3.1045379e-09
1.6522041e-08
-6.9092249e-09
2.1841447e-08
-5.9548391e-09
-4.6911785e-09
1.8335221e-12
-3.3688677e-08
5.9578475e-09
-3.3684223e-08
6.9112564e-09
-4.6801409e-09
3.1052892e-09
2.1853326e-08
1.65279e-08
-2.8937851e-09
1.9415832e-08
-6.3881756e-09
2.5335849e-08
-5.5279637e-09
-5.5513795e-09
8.1729242e-13
-3.9217448e-08
5.5293183e-09
-3.9212713e-08
6.3891681e-09
-5.5399797e-09
2.8940738e-09
2.5348431e-08
1.942198e-08
-2.5459089e-09
2.1961747e-08
-5.707174e-09
2.8497124e-08
-4.9331326e-09
-6.325411e-09
-3.0119886e-13
-4.4150269e-08
4.9329585e-09
-4.4145963e-08
5.70684e-09
-6.3138511e-09
2.5459473e-09
2.8509333e-08
2.1967932e-08
-2.1888904e-09
2.4150644e-08
-4.8978639e-09
3.1206109e-08
-4.2639163e-09
-6.9593476e-09
-1.0039879e-12
-4.8413171e-08
4.2616693e-09
-4.8408626e-08
4.8968788e-09
-6.9490495e-09
2.1884332e-09
3.121779e-08
2.4156371e-08
-1.7869671e-09
2.5937616e-08
-4.0760649e-09
3.3495217e-08
-3.5551458e-09
-7.4802569e-09
-2.1148303e-12
-5.1966193e-08
3.5521265e-09
-5.1962858e-08
4.0737571e-09
-7.4706703e-09
1.7863779e-09
3.3505179e-08
2.5942754e-08
-1.4248381e-09
2.7362461e-08
-3.2640085e-09
3.5334399e-08
-2.8729714e-09
-7.8712828e-09
-2.3670459e-12
-5.4836786e-08
2.8681791e-09
-5.4833393e-08
3.2615667e-09
-7.8640467e-09
1.423884e-09
3.5342872e-08
2.7366643e-08
-1.0787278e-09
2.8441194e-08
-2.5298743e-09
3.6785556e-08
-2.2387818e-09
-8.1623659e-09
-3.2119859e-12
-5.7072347e-08
2.2339348e-09
-5.7070531e-08
2.5264181e-09
-8.1565204e-09
1.0777654e-09
3.6791534e-08
2.8444413e-08
-7.9044396e-10
2.9231645e-08
-1.8819932e-09
3.7877116e-08
-1.6858517e-09
-8.3584961e-09
-3.1537798e-12
-5.8755034e-08
1.6797372e-09
-5.8753411e-08
1.8787384e-09
-8.3555105e-09
7.8925954e-10
3.7881024e-08
2.9233679e-08
-5.4690616e-10
2.9778557e-08
-1.3449526e-09
3.8675173e-08
-1.2189644e-09
-8.484475e-09
-3.7317494e-12
-5.9970258e-08
1.213131e-09
-5.9970265e-08
1.3409908e-09
-8.4833609e-09
5.457701e-10
3.8676254e-08
2.9779453e-08
-3.5732281e-10
3.0135886e-08
-9.1413611e-10
3.9231998e-08
-8.4428053e-10
-8.5543194e-09
-3.592313e-12
-6.0810936e-08
8.3757237e-10
-6.0811419e-08
9.1044033e-10
-8.5562177e-09
3.5604451e-10
3.923066e-08
3.0135504e-08
-2.1545306e-10
3.0351344e-08
-5.8483624e-10
3.9601391e-08
-5.5470908e-10
-8.5844374e-09
-3.9887761e-12
-6.1361647e-08
5.4826652e-10
-6.1363665e-08
5.8063498e-10
-8.588577e-09
2.1421722e-10
3.9597087e-08
3.0349725e-08
-1.123795e-10
3.0463731e-08
-3.4553679e-10
3.9834559e-08
-3.408983e-10
-8.5890646e-09
-3.8760419e-12
-6.1698659e-08
3.3386194e-10
-6.1701392e-08
3.4152085e-10
-8.5962248e-09
1.1103291e-10
3.9827586e-08
3.0460764e-08
-4.6500301e-11
3.0510236e-08
-1.7854853e-10
3.9966617e-08
-1.9114264e-10
-8.5764616e-09
-4.129384e-12
-6.1885663e-08
1.84289e-10
-6.1889802e-08
1.7420018e-10
-8.586127e-09
4.5183697e-11
3.9956611e-08
3.0505952e-08
-2.4208995e-12
3.0512664e-08
-7.2035729e-11
4.0036243e-08
-9.1193742e-11
-8.5572923e-09
-4.0299165e-12
-6.1972816e-08
8.403541e-11
-6.1977857e-08
6.7829451e-11
-8.5699099e-09
1.0267724e-12
4.0023424e-08
3.0506984e-08
1.7949751e-11
3.0494719e-08
-6.8842514e-12
4.0061087e-08
-3.0385621e-11
-8.5337822e-09
-4.0838581e-12
-6.199911e-08
2.3470436e-11
-6.2005402e-08
2.5635705e-12
-8.5489943e-09
-1.9289782e-11
4.0045286e-08
3.0487699e-08
2.990861e-11
3.0464817e-08
2.4965485e-11
4.0066041e-08
3.9462556e-12
-8.5127517e-09
-3.891348e-12
-6.1991261e-08
-1.0765466e-11
-6.1998518e-08
-2.9053871e-11
-8.5306947e-09
-3.126238e-11
4.0047506e-08
3.0456442e-08
2.8806322e-11
3.0436016e-08
3.8679786e-11
4.0056177e-08
1.8740642e-11
-8.4928041e-09
-3.6978978e-12
-6.1968815e-08
-2.5076028e-11
-6.1977131e-08
-4.2603163e-11
-8.5131591e-09
-3.0039123e-11
4.003495e-08
3.0426407e-08
2.7534622e-11
3.0408488e-08
3.750688e-11
4.0046216e-08
2.287032e-11
-8.4781562e-09
-3.3261054e-12
-6.1942607e-08
-2.8653645e-11
-6.1951793e-08
-4.1013031e-11
-8.5007885e-09
-2.8697185e-11
4.0022645e-08
3.0397716e-08
1.9501244e-11
3.0388991e-08
3.1843549e-11
4.0033883e-08
1.9398214e-11
-8.4657026e-09
-2.8811683e-12
-6.192032e-08
-2.4375408e-11
-6.1930291e-08
-3.4903874e-11
-8.4902517e-09
-2.0460585e-11
4.000821e-08
3.037726e-08
1.5261367e-11
3.0373737e-08
2.1043846e-11
4.0028112e-08
1.3746108e-11
-8.4583935e-09
-2.3435091e-12
-6.190422e-08
-1.7784979e-11
-6.1914838e-08
-2.3499848e-11
-8.4845256e-09
-1.6076214e-11
4.0000797e-08
3.0361189e-08
7.0672111e-12
3.0366674e-08
1.2000728e-11
4.0023187e-08
6.193196e-12
-8.4525779e-09
-1.7238679e-12
-6.1896295e-08
-9.1901561e-12
-6.1907364e-08
-1.3817466e-11
-8.4798902e-09
-7.6177876e-12
3.9994606e-08
3.0353575e-08
3.9864864e-12
3.0362694e-08
1.6879245e-12
4.0025497e-08
-4.6636662e-14
-8.450832e-09
-1.0972711e-12
-6.1895233e-08
-1.8049992e-12
-6.1906646e-08
-2.8025996e-12
-8.4788814e-09
-4.3559074e-12
3.9996169e-08
3.0349225e-08
-2.2697522e-12
3.0364969e-08
-4.9235215e-12
4.002816e-08
-6.2498363e-12
-8.4494978e-09
-4.203229e-13
-6.1901055e-08
5.4987068e-12
-6.1912557e-08
4.5084872e-12
-8.4778833e-09
2.1834927e-12
3.9998502e-08
3.0351412e-08
-3.3344776e-12
3.036831e-08
-1.198458e-11
4.0036821e-08
-1.0279976e-11
-8.451191e-09
1.84204e-13
-6.1911509e-08
1.0666118e-11
-6.1923028e-08
1.2246702e-11
-8.4794526e-09
3.4200493e-12
4.000734e-08
3.0354838e-08
-7.6652485e-12
3.037598e-08
-1.5306645e-11
4.0044471e-08
-1.4080188e-11
-8.4524098e-09
8.0123844e-13
-6.1926383e-08
1.5436942e-11
-6.1937656e-08
1.6199029e-11
-8.480207e-09
8.0099126e-12
4.0015537e-08
3.0362852e-08
-7.1203443e-12
3.0383107e-08
-1.9411989e-11
4.0056774e-08
-1.588481e-11
-8.4559256e-09
1.2876383e-12
-6.1943544e-08
1.8191732e-11
-6.195455e-08
2.0851394e-11
-8.4828554e-09
7.5901279e-12
4.0028809e-08
3.0370448e-08
-1.0152089e-11
3.0393263e-08
-2.0295033e-11
4.0066925e-08
-1.7822196e-11
-8.458391e-09
1.7623867e-12
-6.1963122e-08
2.0835121e-11
-6.1973615e-08
2.2205692e-11
-8.4842185e-09
1.0827367e-11
4.0040195e-08
3.0381279e-08
-8.6351232e-12
3.0401905e-08
-2.2505615e-11
4.0080807e-08
-1.8167483e-11
-8.4627177e-09
2.0753494e-12
-6.1983354e-08
2.1840822e-11
-6.199337e-08
2.4773784e-11
-8.4871402e-09
9.3688785e-12
4.005561e-08
3.0390653e-08
-1.0960906e-11
3.041287e-08
-2.1993036e-11
4.0091847e-08
-1.9036759e-11
-8.4656668e-09
2.3725064e-12
-6.2004756e-08
2.3095571e-11
-6.2014086e-08
2.4536721e-11
-8.488574e-09
1.1835212e-11
4.0068319e-08
3.0402492e-08
-8.9649875e-12
3.0421842e-08
-2.3226179e-11
4.010612e-08
-1.8640436e-11
-8.4702411e-09
2.5010354e-12
-6.2025886e-08
2.3047579e-11
-6.2034621e-08
2.5927921e-11
-8.4914432e-09
9.8288865e-12
4.0084429e-08
3.0412327e-08
-1.0973328e-11
3.0432819e-08
-2.2066612e-11
4.0117221e-08
-1.9031807e-11
-8.4732689e-09
2.6263835e-12
-6.2047538e-08
2.3518102e-11
-6.2055506e-08
2.4856997e-11
-8.4927749e-09
1.1916975e-11
4.0097376e-08
3.0424247e-08
-8.7908796e-12
3.0441617e-08
-2.2894876e-11
4.0131336e-08
-1.8351462e-11
-8.4778009e-09
2.593137e-12
-6.2068472e-08
2.2911727e-11
-6.2075814e-08
2.567069e-11
-8.4955227e-09
9.6656102e-12
4.0113392e-08
3.0433918e-08
-1.0687344e-11
3.0452308e-08
-2.1508736e-11
4.0142165e-08
-1.8595682e-11
-8.4807072e-09
2.5791488e-12
-6.208964e-08
2.2988285e-11
-6.2096217e-08
2.4223906e-11
-8.4967514e-09
1.1594572e-11
4.0126028e-08
3.0445517e-08
-8.4614652e-12
3.0460776e-08
-2.2221359e-11
4.0155937e-08
-1.7859665e-11
-8.4850574e-09
2.4251419e-12
-6.2109914e-08
2.2122081e-11
-6.2115903e-08
2.4795403e-11
-8.4994135e-09
9.2578339e-12
4.0141576e-08
3.045478e-08
-1.0335062e-11
3.0471115e-08
-2.080096e-11
4.016641e-08
-1.8100889e-11
-8.4877509e-09
2.3156918e-12
-6.2130324e-08
2.2027181e-11
-6.2135608e-08
2.3214132e-11
-8.5005938e-09
1.1133594e-11
4.0153664e-08
3.0465917e-08
-8.1221956e-12
3.0479244e-08
-2.1514015e-11
4.0179813e-08
-1.7393848e-11
-8.4918597e-09
2.0865229e-12
-6.2149793e-08
2.1064175e-11
-6.2154574e-08
2.37096e-11
-8.503228e-09
8.7853495e-12
4.0168598e-08
3.0474708e-08
-1.0001163e-11
3.0489249e-08
-2.0125293e-11
4.0189945e-08
-1.7672226e-11
-8.4943063e-09
1.9250928e-12
-6.2169385e-08
2.0914812e-11
-6.2173558e-08
2.2107409e-11
-8.5044141e-09
1.0652064e-11
4.018006e-08
3.0485363e-08
-7.8158218e-12
3.0497072e-08
-2.0867869e-11
4.0203008e-08
-1.7006722e-11
-8.4981561e-09
1.6617092e-12
-6.2188042e-08
1.9937874e-11
-6.2191823e-08
2.260008e-11
-8.5070651e-09
8.3217776e-12
4.0194349e-08
3.0493691e-08
-9.7021307e-12
3.0506778e-08
-1.9518886e-11
4.0212832e-08
-1.7316181e-11
-8.5003526e-09
1.4844872e-12
-6.2206837e-08
1.9791517e-11
-6.2210124e-08
2.1023934e-11
-8.5082912e-09
1.0194008e-11
4.0205186e-08
3.0503888e-08
-7.54231e-12
3.0514327e-08
-2.0284741e-11
4.0225585e-08
-1.6677055e-11
-8.5039489e-09
1.2185831e-12
-6.2224722e-08
1.8839709e-11
-6.2227735e-08
2.1541054e-11
-8.5109814e-09
7.8907133e-12
4.0218846e-08
3.0511784e-08
-9.4294282e-12
3.052376e-08
-1.8963265e-11
4.0235126e-08
-1.6997554e-11
-8.5059087e-09
1.0517359e-12
-6.2242765e-08
1.872203e-11
-6.2245399e-08
2.0006267e-11
-8.5122596e-09
9.7704841e-12
4.0229089e-08
3.0521558e-08
-7.2888111e-12
3.0531055e-08
-1.9736775e-11
4.0247585e-08
-1.6364517e-11
-8.5092695e-09
8.0467327e-13
-6.2259923e-08
1.7811358e-11
-6.2262395e-08
2.0554206e-11
-8.5149912e-09
7.4948758e-12
4.0242158e-08
3.0529058e-08
-9.1694166e-12
3.0540228e-08
-1.842767e-11
4.025685e-08
-1.6676877e-11
-8.5110146e-09
6.6445593e-13
-6.2277259e-08
1.7731449e-11
-6.2279456e-08
1.9062267e-11
-8.5163162e-09
9.3797014e-12
4.0251847e-08
3.0538441e-08
-7.0422473e-12
3.0547277e-08
-1.9194664e-11
4.0269014e-08
-1.6033751e-11
-8.5141641e-09
4.4831782e-13
-6.229373e-08
1.686598e-11
-6.2295863e-08
1.9638764e-11
-8.5190779e-09
7.1296175e-12
4.0264367e-08
3.0545576e-08
-8.9108472e-12
3.0556191e-08
-1.7886316e-11
4.0277996e-08
-1.6324745e-11
-8.5157202e-09
3.4270543e-13
-6.2310393e-08
1.6824415e-11
-6.2312339e-08
1.8185754e-11
-8.5204335e-09
9.0159059e-12
4.0273542e-08
3.0554595e-08
-6.7932967e-12
3.0562991e-08
-1.8637324e-11
4.0289851e-08
-1.5661813e-11
-8.5186844e-09
1.623164e-13
-6.2326206e-08
1.6002168e-11
-6.2328168e-08
1.8785537e-11
-8.5232058e-09
6.7885791e-12
4.028555e-08
3.0561389e-08
-8.6466237e-12
3.0571641e-08
-1.7322933e-11
4.0298533e-08
-1.5924632e-11
-8.5200773e-09
9.3172674e-14
-6.2342219e-08
1.5995329e-11
-6.2344065e-08
1.7365909e-11
-8.5245709e-09
8.672927e-12
4.0294248e-08
3.0570064e-08
-6.5367394e-12
3.0578184e-08
-1.8053183e-11
4.0310061e-08
-1.5238004e-11
-8.5228812e-09
-5.1696624e-14
-6.2357394e-08
1.5211486e-11
-6.2359318e-08
1.7983164e-11
-8.5273315e-09
6.4658074e-12
4.0305776e-08
3.0576536e-08
-8.3733645e-12
3.058656e-08
-1.6730075e-11
4.0318424e-08
-1.5470974e-11
-8.5241352e-09
-8.6515418e-14
-6.2372774e-08
1.523397e-11
-6.2374633e-08
1.6591383e-11
-8.5286837e-09
8.3454165e-12
4.0314028e-08
3.0584884e-08
-6.2705903e-12
3.0592838e-08
-1.7438417e-11
4.0329603e-08
-1.4761017e-11
-8.5268013e-09
-1.9919439e-13
-6.2387325e-08
1.4482702e-11
-6.2389305e-08
1.7220811e-11
-8.5314108e-09
6.156417e-12
4.0325102e-08
3.0591046e-08
-8.0903783e-12
3.0600931e-08
-1.6106836e-11
4.0337625e-08
-1.4965939e-11
-8.5279373e-09
-2.0409408e-13
-6.2402082e-08
1.4528711e-11
-6.2404033e-08
1.5852034e-11
-8.5327291e-09
8.0291751e-12
4.0332931e-08
3.0599077e-08
-5.9950488e-12
3.0606932e-08
-1.6794529e-11
4.0348435e-08
-1.4235687e-11
-8.530485e-09
-2.8948635e-13
-6.2416017e-08
1.3804225e-11
-6.2418116e-08
1.6489269e-11
-8.5354032e-09
5.8567005e-12
4.0343573e-08
3.0604939e-08
-7.7986825e-12
3.0614734e-08
-1.5456521e-11
4.0356099e-08
-1.4416388e-11
-8.5315204e-09
-2.69841e-13
-6.2430159e-08
1.3868354e-11
-6.2432249e-08
1.5139597e-11
-8.5366696e-09
7.7211414e-12
4.0350997e-08
3.0612663e-08
-5.7116222e-12
3.0620452e-08
-1.6126229e-11
4.0366524e-08
-1.3670274e-11
-8.5339652e-09
-3.3334875e-13
-6.2443485e-08
1.3165475e-11
-6.2445737e-08
1.5781319e-11
-8.5392745e-09
5.5640411e-12
4.0361224e-08
3.0618233e-08
-7.5002503e-12
3.0627955e-08
-1.478478e-11
4.0373814e-08
-1.3831523e-11
-8.534914e-09
-2.9463194e-13
-6.2457018e-08
1.3243124e-11
-6.2459271e-08
1.4447826e-11
-8.5404746e-09
7.4192638e-12
4.0368258e-08
3.0625654e-08
-5.4224925e-12
3.0633384e-08
-1.5439852e-11
4.0383842e-08
-1.3074478e-11
-8.5372682e-09
-3.4147199e-13
-6.246974e-08
1.2557572e-11
-6.2472159e-08
1.5091732e-11
-8.5429979e-09
5.2767591e-12
4.0378083e-08
3.0630936e-08
-7.1974901e-12
3.0640584e-08
-1.4098298e-11
4.0390748e-08
-1.3221257e-11
-8.538141e-09
-2.8873688e-13
-6.2482669e-08
1.2645105e-11
-6.2485089e-08
1.3772395e-11
-8.5441208e-09
7.1223348e-12
4.0384738e-08
3.0638061e-08
-5.1300977e-12
3.0645721e-08
-1.474228e-11
4.0400371e-08
-1.2458143e-11
-8.5404141e-09
-3.2355984e-13
-6.2494793e-08
1.1973561e-11
-6.2497375e-08
1.4417077e-11
-8.5465535e-09
4.99394e-12
4.0394171e-08
3.064306e-08
-6.8929139e-12
3.0652616e-08
-1.3403931e-11
4.0406887e-08
-1.2595204e-11
-8.5412188e-09
-2.611768e-13
-6.2507123e-08
1.2068304e-11
-6.2509701e-08
1.3110638e-11
-8.5475916e-09
6.8298177e-12
4.0400456e-08
3.0649892e-08
-4.8368722e-12
3.0657459e-08
-1.4040274e-11
4.0416102e-08
-1.1830481e-11
-8.5434175e-09
-2.8790125e-13
-6.2518655e-08
1.1408358e-11
-6.2521387e-08
1.3755433e-11
-8.5499279e-09
4.7152631e-12
4.0409506e-08
3.0654613e-08
-6.5889376e-12
3.066405e-08
-1.2708194e-11
4.0422226e-08
-1.1962111e-11
-8.5441598e-09
-2.1946947e-13
-6.2530394e-08
1.1508505e-11
-6.2533111e-08
1.2461249e-11
-8.5508767e-09
6.5416805e-12
4.041543e-08
3.0661156e-08
-4.5450963e-12
3.0668602e-08
-1.3340083e-11
4.0431031e-08
-1.119968e-11
-8.5462892e-09
-2.4125281e-13
-6.2541342e-08
1.0858534e-11
-6.25442e-08
1.3106073e-11
-8.5531136e-09
4.4408423e-12
4.0424105e-08
3.0665602e-08
-6.2877695e-12
3.0674892e-08
-1.2016978e-11
4.0436765e-08
-1.1329592e-11
-8.546973e-09
-1.6961913e-13
-6.2552498e-08
1.0963e-11
-6.2555329e-08
1.1823954e-11
-8.5539708e-09
6.2582464e-12
4.0429675e-08
3.0671863e-08
-4.256816e-12
3.0679155e-08
-1.2647251e-11
4.0445166e-08
-1.057274e-11
-8.5490366e-09
-1.8890926e-13
-6.2562872e-08
1.0322018e-11
-6.256583e-08
1.2469143e-11
-8.5561073e-09
4.1710868e-12
4.0437983e-08
3.0676039e-08
-5.9913557e-12
3.0685149e-08
-1.1335418e-11
4.0450514e-08
-1.0704057e-11
-8.5496646e-09
-1.1624304e-13
-6.2573456e-08
1.0430285e-11
-6.2576373e-08
1.1199215e-11
-8.5568727e-09
5.9800648e-12
4.0443206e-08
3.0682021e-08
-3.9738072e-12
3.0689129e-08
-1.1966536e-11
4.0458518e-08
-9.9554661e-12
-8.5516648e-09
-1.3486796e-13
-6.2583267e-08
9.797786e-12
-6.2586295e-08
1.1845384e-11
-8.5589097e-09
3.9065825e-12
4.0451155e-08
3.0685933e-08
-5.7013591e-12
3.0694832e-08
-1.0667861e-11
4.0463488e-08
-1.0090742e-11
-8.5522388e-09
-6.2761385e-14
-6.2593291e-08
9.9097529e-12
-6.2596265e-08
1.058796e-11
-8.5595846e-09
5.7078057e-12
4.0456039e-08
3.0691642e-08
-3.6975668e-12
3.0698536e-08
-1.1301901e-11
4.0471103e-08
-9.3525328e-12
-8.5541774e-09
-8.2031577e-14
-6.2602552e-08
9.2855767e-12
-6.2605622e-08
1.1235888e-11
-8.5615244e-09
3.6479988e-12
4.0463636e-08
3.0695295e-08
-5.4191592e-12
3.0703957e-08
-1.0017871e-11
4.0475706e-08
-9.4938053e-12
-8.5546985e-09
-1.1602322e-14
-6.2612031e-08
9.4014272e-12
-6.2615032e-08
9.9913731e-12
-8.5621112e-09
5.442178e-12
4.0468189e-08
3.0700739e-08
-3.4293182e-12
3.0707392e-08
-1.0656553e-11
4.0482943e-08
-8.7675938e-12
-8.5565768e-09
-3.2410776e-14
-6.2620756e-08
8.7856381e-12
-6.262384e-08
1.0641911e-11
-8.563957e-09
3.3960162e-12
4.0475444e-08
3.070414e-08
-5.1458645e-12
3.071254e-08
-9.3882882e-12
4.0487189e-08
-8.9164387e-12
-8.5570459e-09
3.5601316e-14
-6.2629705e-08
8.9057333e-12
-6.2632707e-08
9.4107242e-12
-8.5644591e-09
5.1838678e-12
4.0479675e-08
3.0709326e-08
-3.1700279e-12
3.0715716e-08
-1.0032995e-11
4.0494063e-08
-8.2034007e-12
-8.5588648e-09
1.2689601e-14
-6.2637911e-08
8.2985262e-12
-6.2640983e-08
1.0064721e-11
-8.566215e-09
3.1512755e-12
4.0486598e-08
3.0712482e-08
-4.8823306e-12
3.07206e-08
-8.7812802e-12
4.0497965e-08
-8.3609926e-12
-8.5592826e-09
7.783896e-14
-6.2646347e-08
8.4233196e-12
-6.2649326e-08
8.8472433e-12
-8.5666362e-09
4.9334961e-12
4.0490515e-08
3.0717417e-08
-2.9204241e-12
3.0723527e-08
-9.4330909e-12
4.0504488e-08
-7.661923e-12
-8.5610432e-09
5.2510817e-14
-6.2654052e-08
7.8249488e-12
-6.2657088e-08
9.5054978e-12
-8.5683064e-09
2.914341e-12
4.0497115e-08
3.0720336e-08
-4.6291815e-12
3.0728157e-08
-8.1984145e-12
4.050806e-08
-7.8290921e-12
-8.5614102e-09
1.1457575e-13
-6.2661993e-08
7.9549224e-12
-6.2664926e-08
8.3020343e-12
-8.5686511e-09
4.6915916e-12
4.0500729e-08
3.0725029e-08
-2.6810195e-12
3.0730844e-08
-8.8581359e-12
4.0514248e-08
-7.1444622e-12
-8.5631133e-09
8.670666e-14
-6.2669214e-08
7.3656473e-12
-6.2672195e-08
8.9652629e-12
-8.5702405e-09
2.685681e-12
4.0507018e-08
3.072772e-08
-4.3868337e-12
3.0735232e-08
-7.6407266e-12
4.0517505e-08
-7.3217457e-12
-8.5634302e-09
1.4563184e-13
-6.267668e-08
7.5012659e-12
-6.2679549e-08
7.7760196e-12
-8.5705129e-09
4.4585752e-12
4.0510338e-08
3.0732179e-08
-2.4521348e-12
3.0737691e-08
-8.3089255e-12
4.0523371e-08
-6.651755e-12
-8.565077e-09
1.1523484e-13
-6.2683437e-08
6.9213157e-12
-6.2686345e-08
8.4448345e-12
-8.5720263e-09
2.4656555e-12
4.0516326e-08
3.073465e-08
-4.15552e-12
3.0741847e-08
-7.1087868e-12
4.0526328e-08
-6.8394443e-12
-8.5653444e-09
1.7108542e-13
-6.2690445e-08
7.0629956e-12
-6.2693235e-08
7.2699083e-12
-8.5722311e-09
4.2347533e-12
4.0519364e-08
3.0738886e-08
-2.2339218e-12
3.0744087e-08
-7.7858213e-12
4.0531889e-08
-6.1840672e-12
-8.5669358e-09
1.3827101e-13
-6.2696758e-08
6.4925441e-12
-6.2699579e-08
7.9448073e-12
-8.5736733e-09
2.2545129e-12
4.0525063e-08
3.0741145e-08
-3.9353121e-12
3.0748024e-08
-6.6027666e-12
4.053456e-08
-6.3822493e-12
-8.5671546e-09
1.9119593e-13
-6.2703329e-08
6.6406331e-12
-6.2706027e-08
6.7841829e-12
-8.573815e-09
4.0203183e-12
4.052783e-08
3.0745167e-08
-2.0263855e-12
3.0750056e-08
-7.288815e-12
4.0539832e-08
-5.7412758e-12
-8.5686918e-09
1.5613954e-13
-6.2709217e-08
6.0797856e-12
-6.2711941e-08
7.4655468e-12
-8.5751908e-09
2.0523932e-12
4.0533252e-08
3.0747224e-08
-3.7261443e-12
3.0753783e-08
-6.1224975e-12
4.0542231e-08
-5.9498711e-12
-8.568863e-09
2.0634296e-13
-6.2715372e-08
6.2345527e-12
-6.2717968e-08
6.3190997e-12
-8.5752736e-09
3.8153537e-12
4.0535758e-08
3.075104e-08
-1.8294066e-12
3.0755619e-08
-6.8175857e-12
4.0547229e-08
-5.3229436e-12
-8.5703474e-09
1.6926065e-13
-6.2720854e-08
5.6833388e-12
-6.2723472e-08
7.0071951e-12
-8.5765876e-09
1.8593334e-12
4.0540915e-08
3.0752904e-08
-3.5278346e-12
3.0759147e-08
-5.6675279e-12
4.0549371e-08
-5.5417381e-12
-8.5704719e-09
2.1697965e-13
-6.2726612e-08
5.8449691e-12
-6.2729099e-08
5.8746983e-12
-8.5766158e-09
3.6198423e-12
4.0543172e-08
3.0756525e-08
-1.6427617e-12
3.0760796e-08
-6.3715554e-12
4.0554109e-08
-4.9283824e-12
-8.5719049e-09
1.7810889e-13
-6.2731708e-08
5.3033418e-12
-6.2734214e-08
6.5696836e-12
-8.5778723e-09
1.6752768e-12
4.0548075e-08
3.0758205e-08
-3.3401044e-12
3.0764137e-08
-5.2371752e-12
4.0556008e-08
-5.157056e-12
-8.5719839e-09
2.2359688e-13
-6.2737088e-08
5.471937e-12
-6.2739461e-08
5.4508176e-12
-8.5778498e-09
3.4336754e-12
4.0550095e-08
3.076164e-08
-1.4661412e-12
3.0765609e-08
-5.949937e-12
4.0560502e-08
-4.5567094e-12
-8.573367e-09
1.831825e-13
-6.2741818e-08
4.9397746e-12
-6.2744208e-08
6.152752e-12
-8.5790531e-09
1.5000827e-12
4.0554756e-08
3.0763144e-08
-3.1625967e-12
3.0768772e-08
-4.8305706e-12
4.0562172e-08
-4.7948609e-12
-8.5734018e-09
2.2669613e-13
-6.2746839e-08
5.1153565e-12
-6.2749096e-08
5.0471151e-12
-8.5789837e-09
3.2566646e-12
4.0556548e-08
3.0766402e-08
-1.2991669e-12
3.0770077e-08
-5.5517786e-12
4.0566434e-08
-4.2068952e-12
-8.5747367e-09
1.8497955e-13
-6.2751221e-08
4.5924682e-12
-6.2753494e-08
5.7559692e-12
-8.5801375e-09
1.3335366e-12
4.0560979e-08
3.076774e-08
-2.994893e-12
3.0773072e-08
-4.4467011e-12
4.0567887e-08
-4.4540627e-12
-8.5747286e-09
2.2676945e-13
-6.2755901e-08
4.7749847e-12
-6.2758041e-08
4.6630902e-12
-8.5800246e-09
3.088552e-12
4.0562556e-08
3.0770829e-08
-1.1414069e-12
3.077422e-08
-5.1760018e-12
4.0571931e-08
-3.8778045e-12
-8.5760169e-09
1.8398094e-13
-6.2759953e-08
4.261117e-12
-6.2762109e-08
5.378756e-12
-8.5811327e-09
1.1753624e-12
4.0566767e-08
3.0772009e-08
-2.8365273e-12
3.0777056e-08
-4.084445e-12
4.0573181e-08
-4.1334838e-12
-8.5759672e-09
2.2428552e-13
-6.2764311e-08
4.4504491e-12
-6.2766335e-08
4.2981052e-12
-8.5809795e-09
2.9290223e-12
4.0568138e-08
3.0774939e-08
-9.9238939e-13
3.0778055e-08
-4.8214352e-12
4.0577019e-08
-3.568231e-12
-8.5772106e-09
1.8063957e-13
-6.276805e-08
3.9452936e-12
-6.277009e-08
5.0204075e-12
-8.5820451e-09
1.025232e-12
4.0572142e-08
3.0775968e-08
-2.6869992e-12
3.0780742e-08
-3.7426028e-12
4.0578076e-08
-3.8318901e-12
-8.5771209e-09
2.1968006e-13
-6.2772101e-08
4.1412636e-12
-6.2774011e-08
3.9514079e-12
-8.5818547e-09
2.7777129e-12
4.0573317e-08
3.0778746e-08
-8.5161386e-13
3.0781599e-08
-4.4868438e-12
4.058172e-08
-3.2769258e-12
-8.5783211e-09
1.7537173e-13
-6.2775544e-08
3.644465e-12
-6.2777471e-08
4.6801153e-12
-8.5828809e-09
8.8277552e-13
4.0577122e-08
3.0779634e-08
-2.5457844e-12
3.0784145e-08
-3.4199244e-12
4.0582596e-08
-3.5480172e-12
-8.5781927e-09
2.1334996e-13
-6.2779305e-08
3.8468447e-12
-6.2781104e-08
3.622154e-12
-8.5826557e-09
2.6342235e-12
4.0578112e-08
3.0782268e-08
-7.1856125e-13
3.0784869e-08
-4.1709534e-12
4.0586057e-08
-3.0026211e-12
-8.5793514e-09
1.6855363e-13
-6.2782467e-08
3.3580087e-12
-6.2784284e-08
4.3569892e-12
-8.5836453e-09
7.4759017e-13
4.0581729e-08
3.0783021e-08
-2.4123456e-12
3.0787282e-08
-3.1151311e-12
4.0586761e-08
-3.2805923e-12
-8.5791858e-09
2.0565061e-13
-6.2785953e-08
3.5665274e-12
-6.2787645e-08
3.3094267e-12
-8.5833879e-09
2.4981255e-12
4.0582542e-08
3.0785519e-08
-5.9270285e-13
3.078788e-08
-3.8724712e-12
4.059005e-08
-2.7440501e-12
-8.5803046e-09
1.6051911e-13
-6.2788849e-08
3.0852292e-12
-6.279056e-08
4.0500753e-12
-8.5843435e-09
6.1924939e-13
4.0585981e-08
3.0786143e-08
-2.2861385e-12
3.0790166e-08
-2.8269349e-12
4.0590592e-08
-3.0283507e-12
-8.5801033e-09
1.9689448e-13
-6.2792074e-08
3.2995824e-12
-6.2793663e-08
3.0122543e-12
-8.584056e-09
2.3689702e-12
4.0586625e-08
3.0788512e-08
-4.7350698e-13
3.0790645e-08
-3.5901038e-12
4.0593717e-08
-2.4999602e-12
-8.5811839e-09
1.5155925e-13
-6.2794716e-08
2.8253737e-12
-6.2796328e-08
3.7583743e-12
-8.5849798e-09
4.9730982e-13
4.0589894e-08
3.0789014e-08
-2.1666204e-12
3.0792812e-08
-2.5540544e-12
4.0594106e-08
-2.7900493e-12
-8.5809481e-09
1.8735194e-13
-6.2797694e-08
3.0452299e-12
-6.2799186e-08
2.7296287e-12
-8.5846642e-09
2.2462957e-12
4.0590378e-08
3.079126e-08
-3.6044512e-13
3.0793178e-08
-3.3225708e-12
4.0597077e-08
-2.2691275e-12
-8.5819921e-09
1.4192473e-13
-6.2800096e-08
2.577646e-12
-6.2801613e-08
3.4808581e-12
-8.5855583e-09
3.813179e-13
4.0593486e-08
3.0791646e-08
-2.0532542e-12
3.0795231e-08
-2.2952266e-12
4.0597319e-08
-2.5644784e-12
-8.5817232e-09
1.7725427e-13
-6.2802838e-08
2.8026544e-12
-6.2804238e-08
2.4605187e-12
-8.5852163e-09
2.1296336e-12
4.0593818e-08
3.0793775e-08
-2.5299713e-13
3.0795489e-08
-3.0686158e-12
4.0600144e-08
-2.0503646e-12
-8.5827321e-09
1.3182757e-13
-6.2805011e-08
2.3412209e-12
-6.2806439e-08
3.2164829e-12
-8.5860825e-09
2.7081638e-13
4.0596771e-08
3.079405e-08
-1.945514e-12
3.0797435e-08
-2.0492176e-12
4.0600248e-08
-2.3504683e-12
-8.5824314e-09
1.6679503e-13
-6.2807529e-08
2.5710174e-12
-6.2808843e-08
2.2038847e-12
-8.5857157e-09
2.0185149e-12
4.0596957e-08
3.0796069e-08
-1.5065508e-13
3.0797591e-08
-2.8270167e-12
4.0602933e-08
-1.8425275e-12
-8.5834065e-09
1.2144444e-13
-6.2809484e-08
2.1152555e-12
-6.2810828e-08
2.9642029e-12
-8.5865557e-09
1.6534901e-13
4.0599764e-08
3.0796239e-08
-1.8428883e-12
3.0799433e-08
-1.8148313e-12
4.0602905e-08
-2.146896e-12
-8.5830752e-09
1.5613443e-13
-6.2811787e-08
2.3494695e-12
-6.2813022e-08
1.9586897e-12
-8.5861653e-09
1.9124742e-12
4.059981e-08
3.0798151e-08
-5.2926355e-14
3.0799492e-08
-2.5965928e-12
4.0605457e-08
-1.6445214e-12
-8.584018e-09
1.1092017e-13
-6.2813534e-08
1.8989017e-12
-6.2814801e-08
2.7229805e-12
-8.5869805e-09
6.4465241e-14
4.0602477e-08
3.079822e-08
-1.7448835e-12
3.0801236e-08
-1.5909155e-12
4.0605304e-08
-1.9526901e-12
-8.583657e-09
1.4540246e-13
-6.2815633e-08
2.1371607e-12
-6.2816794e-08
1.7239106e-12
-8.5865678e-09
1.8110546e-12
4.060239e-08
3.080003e-08
4.06629e-14
3.0801201e-08
-2.3762104e-12
4.0607729e-08
-1.4553048e-12
-8.5845687e-09
1.0037126e-13
-6.281718e-08
1.6913157e-12
-6.2818376e-08
2.4917974e-12
-8.5873594e-09
-3.227604e-14
4.0604922e-08
3.0800003e-08
-1.6510259e-12
3.0802851e-08
-1.3763679e-12
4.0607455e-08
-1.7668338e-12
-8.5841792e-09
1.3470267e-13
-6.2819082e-08
1.9332505e-12
-6.2820175e-08
1.498547e-12
-8.5869255e-09
1.7138114e-12
4.0604707e-08
3.0801716e-08
1.305664e-13
3.0802726e-08
-2.1647888e-12
4.0609758e-08
-1.2738915e-12
-8.585061e-09
8.9889785e-14
-6.2820437e-08
1.4916674e-12
-6.2821568e-08
2.2696625e-12
-8.5876947e-09
-1.2530234e-13
4.0607109e-08
3.0801595e-08
-1.5608646e-12
3.0804286e-08
-1.1701403e-12
4.0609368e-08
-1.588367e-12
-8.5846439e-09
1.2411603e-13
-6.2822151e-08
1.7369172e-12
-6.2823182e-08
1.2816296e-12
-8.5872402e-09
1.6203153e-12
4.0606771e-08
3.0803215e-08
2.1721474e-13
3.0804074e-08
-1.9613034e-12
4.0611554e-08
-1.0993534e-12
-8.5854967e-09
7.9547269e-14
-6.2823321e-08
1.2991497e-12
-6.2824393e-08
2.0556204e-12
-8.587988e-09
-2.1502518e-13
4.0609049e-08
3.0803004e-08
-1.4739724e-12
3.0805548e-08
-9.712427e-13
4.0611052e-08
-1.4163891e-12
-8.5850528e-09
1.1370495e-13
-6.2824852e-08
1.547366e-12
-6.2825828e-08
1.0722287e-12
-8.5875138e-09
1.5301553e-12
4.0608591e-08
3.0804534e-08
3.0101438e-13
3.0805252e-08
-1.7647902e-12
4.0613126e-08
-9.3082242e-13
-8.5858778e-09
6.9398352e-14
-6.2825844e-08
1.1129862e-12
-6.2826863e-08
1.8487593e-12
-8.5882409e-09
-3.0183672e-13
4.0610749e-08
3.0804236e-08
-1.3899485e-12
3.0806641e-08
-7.7874672e-13
4.0612514e-08
-1.2500601e-12
-8.5854078e-09
1.0351691e-13
-6.2827198e-08
1.3638371e-12
-6.2828124e-08
8.6946085e-13
-8.5877477e-09
1.4429423e-12
4.0610175e-08
3.0805679e-08
3.823458e-13
3.0806264e-08
-1.5743491e-12
4.0614479e-08
-7.6749151e-13
-8.5862057e-09
5.948456e-14
-6.2828017e-08
9.3243943e-13
-6.2828989e-08
1.6482179e-12
-8.5884548e-09
-3.8610682e-13
4.0612217e-08
3.0805297e-08
-1.3084194e-12
3.0807571e-08
-5.9178922e-13
4.0613762e-08
-1.0886023e-12
-8.5857104e-09
9.3587706e-14
-6.28292e-08
1.1856137e-12
-6.2830082e-08
6.7249662e-13
-8.5879429e-09
1.358311e-12
4.0611531e-08
3.0806655e-08
4.6156122e-13
3.0807115e-08
-1.389147e-12
4.0615621e-08
-6.0861656e-13
-8.586482e-09
4.9837748e-14
-6.282985e-08
7.5681827e-13
-6.2830781e-08
1.453192e-12
-8.5886308e-09
-4.6818051e-13
4.061346e-08
3.0806191e-08
-1.2290412e-12
3.0808343e-08
-4.0957534e-13
4.0614801e-08
-9.313019e-13
-8.5859619e-09
8.3945685e-14
-6.2830867e-08
1.0120293e-12
-6.283171e-08
4.805668e-13
-8.5881007e-09
1.2759236e-12
4.0612664e-08
3.0807466e-08
5.3898374e-13
3.0807809e-08
-1.2084214e-12
4.0616556e-08
-4.5351823e-13
-8.586708e-09
4.0483601e-14
-6.2831353e-08
5.8548572e-13
-6.2832247e-08
1.2629424e-12
-8.5887696e-09
-5.4837504e-13
4.0614483e-08
3.0806922e-08
-1.151501e-12
3.080896e-08
-2.313825e-13
4.0615636e-08
-7.7751102e-13
-8.5861635e-09
7.4614551e-14
-6.2832206e-08
8.4247521e-13
-6.2833016e-08
2.9297003e-13
-8.5882216e-09
1.1954719e-12
4.061358e-08
3.0808116e-08
6.1490465e-13
3.080835e-08
-1.0314844e-12
4.061729e-08
-3.0158329e-13
-8.5868847e-09
3.1445062e-14
-6.2832531e-08
4.1786664e-13
-6.2833394e-08
1.0768011e-12
-8.5888721e-09
-6.26977e-13
4.0615291e-08
3.0807494e-08
-1.075519e-12
3.0809425e-08
-5.6564732e-14
4.061627e-08
-6.2664881e-13
-8.5863164e-09
6.5616977e-14
-6.2833225e-08
6.7640939e-13
-6.2834007e-08
1.0908017e-13
-8.5883063e-09
1.11668e-12
4.0614282e-08
3.0808609e-08
6.8958179e-13
3.080874e-08
-8.5772714e-13
4.0617826e-08
-1.5226738e-13
-8.5870131e-09
2.2745927e-14
-6.2833392e-08
2.5345595e-13
-6.2834229e-08
8.941799e-13
-8.5889386e-09
-7.0423943e-13
4.0615888e-08
3.0807909e-08
-1.0008505e-12
3.080974e-08
1.1544412e-13
4.0616709e-08
-4.782055e-13
-8.5864214e-09
5.6978295e-14
-6.2833928e-08
5.1336344e-13
-6.2834687e-08
-7.1646083e-14
-8.5883553e-09
1.0393086e-12
4.0614776e-08
3.0808948e-08
7.6323743e-13
3.0808982e-08
-6.86623e-13
4.0618166e-08
-5.0976533e-15
-8.5870942e-09
1.4413782e-14
-6.283394e-08
9.1826985e-14
-6.2834756e-08
7.1457738e-13
-8.5889697e-09
-7.8037832e-13
4.0616278e-08
3.0808172e-08
-9.2728794e-13
3.0809908e-08
2.8512458e-13
4.0616953e-08
-3.317434e-13
-8.5864794e-09
4.8729482e-14
-6.2834322e-08
3.5295226e-13
-6.2835062e-08
-2.4966083e-13
-8.5883689e-09
9.6315678e-13
4.0615065e-08
3.0809134e-08
8.3605552e-13
3.0809077e-08
-5.1773389e-13
4.0618315e-08
1.4032509e-13
-8.5871288e-09
6.4839882e-15
-6.283418e-08
-6.7359692e-14
-6.283498e-08
5.3758808e-13
-8.5889655e-09
-8.5556975e-13
4.0616465e-08
3.0808282e-08
-8.546636e-13
3.080993e-08
4.528673e-13
4.0617006e-08
-1.8690087e-13
-8.5864912e-09
4.0911606e-14
-6.283441e-08
1.948824e-13
-6.2835136e-08
-4.253165e-13
-8.5883472e-09
8.8806619e-13
4.0615151e-08
3.0809169e-08
9.0817952e-13
3.0809027e-08
-3.5071448e-13
4.0618273e-08
2.8432295e-13
-8.5871176e-09
-9.9606868e-16
-6.2834116e-08
-2.2434701e-13
-6.2834905e-08
3.6291046e-13
-8.5889262e-09
-9.2994538e-13
4.0616451e-08
3.0808244e-08
-7.8285171e-13
3.0809809e-08
6.1896719e-13
4.061687e-08
-4.3394587e-14
-8.5864575e-09
3.3578956e-14
-6.2834195e-08
3.8961897e-14
-6.2834912e-08
-5.98857e-13
-8.5882904e-09
8.1392492e-13
4.0615037e-08
3.0809056e-08
9.7970945e-13
3.0808834e-08
-1.8531755e-13
4.0618042e-08
4.2713833e-13
-8.5870614e-09
-7.9643811e-15
-6.2833752e-08
-3.7927173e-13
-6.2834533e-08
1.9035697e-13
-8.5888518e-09
-1.0035893e-12
4.0616238e-08
3.0808057e-08
-7.1177139e-13
3.0809544e-08
7.836192e-13
4.0616546e-08
9.897756e-14
-8.5863791e-09
2.6803111e-14
-6.2833682e-08
-1.1489054e-13
-6.2834393e-08
-7.7040778e-13
-8.5881983e-09
7.4067081e-13
4.0614726e-08
3.0808797e-08
1.0506998e-12
3.0808499e-08
-2.1398637e-14
4.0617626e-08
5.6893111e-13
-8.5869609e-09
-1.4339014e-14
-6.2833091e-08
-5.3215496e-13
-6.2833867e-08
1.9862303e-14
-8.5887422e-09
-1.0765342e-12
4.0615829e-08
3.0807724e-08
-6.4138823e-13
3.0809139e-08
9.4691286e-13
4.0616036e-08
2.4033392e-13
-8.5862567e-09
2.0678054e-14
-6.2832873e-08
-2.6663525e-13
-6.2833582e-08
-9.399676e-13
-8.588071e-09
6.6829485e-13
4.061422e-08
3.0808391e-08
1.1211569e-12
3.0808022e-08
1.4107919e-13
4.0617024e-08
7.0977734e-13
-8.586817e-09
-2.0014127e-14
-6.2832135e-08
-6.8289183e-13
-6.2832911e-08
-1.4850701e-13
-8.5885973e-09
-1.1487574e-12
4.0615227e-08
3.0807247e-08
-5.7171709e-13
3.0808593e-08
1.1088284e-12
4.0615342e-08
3.8070843e-13
-8.5860914e-09
1.5323921e-14
-6.2831772e-08
-4.1610182e-13
-6.2832482e-08
-1.1073991e-12
-8.5879082e-09
5.9684527e-13
4.0613522e-08
3.0807842e-08
1.1910366e-12
3.0807407e-08
3.0204223e-13
4.0616238e-08
8.4966798e-13
-8.5866305e-09
-2.4854423e-14
-6.283089e-08
-8.3124197e-13
-6.2831668e-08
-3.1454462e-13
-8.5884168e-09
-1.2201772e-12
4.0614434e-08
3.0806626e-08
-5.0282311e-13
3.0807908e-08
1.2692349e-12
4.0614465e-08
5.2004991e-13
-8.5858839e-09
1.0893485e-14
-6.2830383e-08
-5.6298047e-13
-6.2831096e-08
-1.2724205e-12
-8.5877097e-09
5.2643054e-13
4.0612634e-08
3.0807151e-08
1.2602439e-12
3.0806653e-08
4.6130506e-13
4.0615271e-08
9.8850968e-13
-8.5864028e-09
-2.8689295e-14
-6.2829358e-08
-9.7682152e-13
-6.283014e-08
-4.7789612e-13
-8.5882006e-09
-1.29065e-12
4.0613454e-08
3.0805865e-08
-4.3482231e-13
3.0807086e-08
1.4278886e-12
4.0613407e-08
6.582246e-13
-8.5856357e-09
7.5776649e-15
-6.2828709e-08
-7.0681346e-13
-6.2829428e-08
-1.4345992e-12
-8.5874752e-09
4.5722166e-13
4.061156e-08
3.0806321e-08
1.3286315e-12
3.0805762e-08
6.1857122e-13
4.0614125e-08
1.126129e-12
-8.5861349e-09
-3.1307463e-14
-6.2827544e-08
-1.1190949e-12
-6.2828332e-08
-6.3805422e-13
-8.5879482e-09
-1.3599681e-12
4.0612289e-08
3.0804965e-08
-3.6788114e-13
3.0806128e-08
1.5844366e-12
4.0612171e-08
7.9502186e-13
-8.5853483e-09
5.6115139e-15
-6.2826757e-08
-8.4698952e-13
-6.2827482e-08
-1.5933472e-12
-8.5872043e-09
3.8945402e-13
4.0610305e-08
3.0805353e-08
1.3960023e-12
3.0804737e-08
7.7343732e-13
4.0612801e-08
1.2622795e-12
-8.5858288e-09
-3.244969e-14
-6.2825455e-08
-1.2573708e-12
-6.282625e-08
-7.9435563e-13
-8.5876593e-09
-1.4278581e-12
4.0610945e-08
3.0803929e-08
-3.0221407e-13
3.0805038e-08
1.7384227e-12
4.0610758e-08
9.3016219e-13
-8.5850233e-09
5.2822001e-15
-6.2824532e-08
-9.8274039e-13
-6.2825264e-08
-1.7479206e-12
-8.5868967e-09
3.2342724e-13
4.0608872e-08
3.0804251e-08
1.462112e-12
3.0803581e-08
9.2540341e-13
4.0611303e-08
1.396651e-12
-8.5854863e-09
-3.1801167e-14
-6.2823096e-08
-1.3908007e-12
-6.2823897e-08
-9.4598331e-13
-8.5873336e-09
-1.4939817e-12
4.0609427e-08
3.0802761e-08
-2.3807834e-13
3.0803817e-08
1.8893001e-12
4.0609173e-08
1.0633111e-12
-8.5846632e-09
6.9352328e-15
-6.2822042e-08
-1.1131416e-12
-6.282278e-08
-1.8974232e-12
-8.5865519e-09
2.5950378e-13
4.0607269e-08
3.0803019e-08
1.5266745e-12
3.0802295e-08
1.0738877e-12
4.0609634e-08
1.5288886e-12
-8.5851099e-09
-2.898524e-14
-6.2820476e-08
-1.518382e-12
-6.2821283e-08
-1.0919725e-12
-8.5869704e-09
-1.5579386e-12
4.0607741e-08
3.0801465e-08
-1.7576646e-13
3.0802469e-08
2.03645e-12
4.060742e-08
1.1941001e-12
-8.5842705e-09
1.0982309e-14
-6.2819296e-08
-1.23712e-12
-6.2820037e-08
-2.0408171e-12
-8.5861693e-09
1.9810398e-13
4.0605501e-08
3.0801662e-08
1.5893723e-12
3.0800885e-08
1.2182501e-12
4.0607798e-08
1.6586142e-12
-8.5847026e-09
-2.3555539e-14
-6.2817606e-08
-1.6389692e-12
-6.2818414e-08
-1.2312265e-12
-8.5865692e-09
-1.6192725e-12
4.0605895e-08
3.0800047e-08
-1.1559445e-13
3.0800998e-08
2.1792092e-12
4.0605501e-08
1.3221522e-12
-8.5838485e-09
1.7907469e-14
-6.2816305e-08
-1.3534684e-12
-6.2817045e-08
-2.1769421e-12
-8.5857484e-09
1.3969699e-13
4.0603577e-08
3.0800185e-08
1.649869e-12
3.0799353e-08
1.3578254e-12
4.0605801e-08
1.7854582e-12
-8.584268e-09
-1.4991366e-14
-6.2814496e-08
-1.7512948e-12
-6.2815301e-08
-1.3625409e-12
-8.5861293e-09
-1.6774813e-12
4.0603899e-08
3.0798511e-08
-5.7886116e-14
3.0799409e-08
2.3169086e-12
4.0603424e-08
1.447118e-12
-8.5834012e-09
2.8270968e-14
-6.281308e-08
-1.4608738e-12
-6.2813815e-08
-2.3045473e-12
-8.5852884e-09
8.478904e-14
4.0601508e-08
3.0798595e-08
1.7078288e-12
3.0797706e-08
1.4919661e-12
4.0603647e-08
1.9090977e-12
-8.5838102e-09
-2.6950295e-15
-6.2811161e-08
-1.8540043e-12
-6.2811956e-08
-1.4846437e-12
-8.58565e-09
-1.7320326e-12
4.0601762e-08
3.0796867e-08
-2.9507852e-15
3.0797707e-08
2.4489211e-12
4.0601193e-08
1.5687179e-12
-8.5829331e-09
4.27082e-14
-6.2809638e-08
-1.5579601e-12
-6.2810358e-08
-2.4223384e-12
-8.5847884e-09
3.3902781e-14
4.0599304e-08
3.0796899e-08
1.7629398e-12
3.0795949e-08
1.6200986e-12
4.0601343e-08
2.0293036e-12
-8.5833341e-09
1.4002812e-14
-6.2807615e-08
-1.9457089e-12
-6.2808391e-08
-1.5962522e-12
-8.5851301e-09
-1.7823872e-12
4.0599496e-08
3.0795121e-08
4.8944563e-14
3.0795898e-08
2.5747255e-12
4.0598816e-08
1.6867925e-12
-8.5824494e-09
6.1919708e-14
-6.2805993e-08
-1.6433541e-12
-6.2806688e-08
-2.5290465e-12
-8.5842473e-09
-1.2449853e-14
4.0596978e-08
3.0795107e-08
1.8149462e-12
3.0794088e-08
1.7417921e-12
4.0598896e-08
2.145993e-12
-8.5828454e-09
3.5826506e-14
-6.2803875e-08
-2.0250662e-12
-6.280462e-08
-1.6961544e-12
-8.5845684e-09
-1.8280316e-12
4.0597116e-08
3.0793283e-08
9.761004e-14
3.0793989e-08
2.6939805e-12
4.0596297e-08
1.8013583e-12
-8.5819561e-09
8.6645852e-14
-6.2802163e-08
-1.7157826e-12
-6.280282e-08
-2.6235242e-12
-8.5836636e-09
-5.3806904e-14
4.0594545e-08
3.0793227e-08
1.8636856e-12
3.079213e-08
1.8568409e-12
4.0596312e-08
2.2592864e-12
-8.5823504e-09
6.3519566e-14
-6.279996e-08
-2.0908963e-12
-6.2800658e-08
-1.7833228e-12
-8.5839634e-09
-1.8685228e-12
4.0594637e-08
3.0791363e-08
1.4297439e-13
3.0791985e-08
2.8066127e-12
4.0593646e-08
1.9126629e-12
-8.5814597e-09
1.1761773e-13
-6.2798168e-08
-1.7742099e-12
-6.2798769e-08
-2.7048773e-12
-8.5830358e-09
-8.9808437e-14
4.059202e-08
3.0791271e-08
1.9091339e-12
3.0790081e-08
1.9653553e-12
4.0593597e-08
2.3695597e-12
-8.5818558e-09
9.7779266e-14
-6.2795888e-08
-2.1423449e-12
-6.2796521e-08
-1.8570673e-12
-8.5833133e-09
-1.9035488e-12
4.0592073e-08
3.0789372e-08
1.8513239e-13
3.0789893e-08
2.912911e-12
4.0590867e-08
2.0212334e-12
-8.5809675e-09
1.554717e-13
-6.2794025e-08
-1.8180311e-12
-6.2794551e-08
-2.7726435e-12
-8.5823618e-09
-1.2026684e-13
4.0589418e-08
3.078925e-08
1.9514555e-12
3.0787947e-08
2.0678599e-12
4.0590758e-08
2.4774854e-12
-8.581369e-09
1.3914761e-13
-6.2791679e-08
-2.1791096e-12
-6.2792225e-08
-1.9172414e-12
-8.5826159e-09
-1.933009e-12
4.058944e-08
3.0787321e-08
2.2439796e-13
3.078772e-08
3.013626e-12
4.0587966e-08
2.1279064e-12
-8.5804867e-09
2.0061237e-13
-6.2789755e-08
-1.8473351e-12
-6.279018e-08
-2.8270266e-12
-8.5816393e-09
-1.4525861e-13
4.0586757e-08
3.0787174e-08
1.9910576e-12
3.0785734e-08
2.1653906e-12
4.0587799e-08
2.5840473e-12
-8.5808973e-09
1.8784171e-13
-6.2787351e-08
-2.2017442e-12
-6.2787783e-08
-1.9645087e-12
-8.5818688e-09
-1.9571191e-12
4.0586756e-08
3.078522e-08
2.6135723e-13
3.0785471e-08
3.1100626e-12
4.0584948e-08
2.233824e-12
-8.5800245e-09
2.5300765e-13
-6.2785374e-08
-1.8632537e-12
-6.278567e-08
-2.8691998e-12
-8.5808661e-09
-1.652432e-13
4.058405e-08
3.0785054e-08
2.028643e-12
3.0783447e-08
2.2595796e-12
4.0584724e-08
2.6905151e-12
-8.5804474e-09
2.435098e-13
-6.2782919e-08
-2.2120557e-12
-6.2783207e-08
-2.0006837e-12
-8.5810697e-09
-1.9765443e-12
4.0584032e-08
3.0783081e-08
2.9692001e-13
3.0783148e-08
3.2041546e-12
4.0581814e-08
2.3403816e-12
-8.5795872e-09
3.1189961e-13
-6.2780894e-08
-1.8684093e-12
-6.278103e-08
-2.9016837e-12
-8.5800397e-09
-1.8120992e-13
4.058131e-08
3.0782898e-08
2.065259e-12
3.0781087e-08
2.3527152e-12
4.0581534e-08
2.7983623e-12
-8.5800248e-09
3.0489373e-13
-6.2778393e-08
-2.2136016e-12
-6.2778504e-08
-2.0291475e-12
-8.5802164e-09
-1.9925614e-12
4.0581279e-08
3.0780909e-08
3.3236246e-13
3.0780753e-08
3.2985086e-12
4.0578565e-08
2.4491116e-12
-8.5791789e-09
3.7542261e-13
-6.2776322e-08
-1.8674609e-12
-6.2776264e-08
-2.9287994e-12
-8.5791584e-09
-1.9485482e-13
4.0578543e-08
3.0780713e-08
2.1023337e-12
3.0778655e-08
2.4477655e-12
4.0578227e-08
2.9091139e-12
-8.5796322e-09
3.6940379e-13
-6.2773775e-08
-2.2122814e-12
-6.2773675e-08
-2.0553325e-12
-8.5793076e-09
-2.0072509e-12
4.0578502e-08
3.0778709e-08
3.6935413e-13
3.0778283e-08
3.3964035e-12
4.0575198e-08
2.5614958e-12
-8.578801e-09
4.4013765e-13
-6.2771657e-08
-1.8677298e-12
-6.277137e-08
-2.9571776e-12
-8.5782215e-09
-2.0878223e-13
4.0575751e-08
3.0778499e-08
2.1416955e-12
3.0776147e-08
2.5483502e-12
4.0574798e-08
3.0241276e-12
-8.5792687e-09
4.3262234e-13
-6.2769058e-08
-2.2169816e-12
-6.2768713e-08
-2.0872462e-12
-8.5783436e-09
-2.0237048e-12
4.0575694e-08
3.0776479e-08
4.099639e-13
3.0775734e-08
3.5017394e-12
4.0571704e-08
2.6787169e-12
-8.5784493e-09
5.0052407e-13
-6.2766883e-08
-1.8798478e-12
-6.2766336e-08
-2.9962812e-12
-8.5772305e-09
-2.2671288e-13
4.0572922e-08
3.0776251e-08
2.1855657e-12
3.0773554e-08
2.6586637e-12
4.0571238e-08
3.1443297e-12
-8.578927e-09
4.8780266e-13
-6.2764219e-08
-2.2401971e-12
-6.27636e-08
-2.1359696e-12
-8.5773271e-09
-2.0462311e-12
4.0572839e-08
3.0774208e-08
4.566399e-13
3.0773095e-08
3.6189389e-12
4.0568073e-08
2.8013927e-12
-8.5781132e-09
5.4851745e-13
-6.276197e-08
-1.9183127e-12
-6.2761137e-08
-3.0588539e-12
-8.57619e-09
-2.5367088e-13
4.0570031e-08
3.0773953e-08
2.2365289e-12
3.0770863e-08
2.7833598e-12
4.0567533e-08
3.2699706e-12
-8.5785918e-09
5.2548373e-13
-6.2759217e-08
-2.2984747e-12
-6.2758306e-08
-2.2160203e-12
-8.5762648e-09
-2.0805126e-12
4.0569902e-08
3.0771876e-08
5.1216571e-13
3.0770348e-08
3.7528293e-12
4.056429e-08
2.929377e-12
-8.5777721e-09
5.7325342e-13
-6.2756865e-08
-2.001767e-12
-6.2755734e-08
-3.1611523e-12
-8.5751088e-09
-2.9609492e-13
4.0567035e-08
3.0771578e-08
2.2974814e-12
3.0768056e-08
2.9274394e-12
4.0563667e-08
3.4005113e-12
-8.5782371e-09
5.3341873e-13
-6.275399e-08
-2.4124551e-12
-6.2752781e-08
-2.3454019e-12
-8.5751682e-09
-2.1336544e-12
4.0566829e-08
3.0769448e-08
5.7960236e-13
3.0767474e-08
3.9085575e-12
4.0560335e-08
3.0617703e-12
-8.5773941e-09
5.6125543e-13
-6.2751493e-08
-2.1527238e-12
-6.275007e-08
-3.3227568e-12
-8.5740017e-09
-3.6179572e-13
4.0563866e-08
3.0769085e-08
2.3715751e-12
3.0765107e-08
3.0962095e-12
4.0559618e-08
3.5348133e-12
-8.5778247e-09
4.9709695e-13
-6.2748448e-08
-2.6061931e-12
-6.2746959e-08
-2.5451088e-12
-8.5740551e-09
-2.2140314e-12
4.0563541e-08
3.0766875e-08
6.6223445e-13
3.0764442e-08
4.0916238e-12
4.0556186e-08
3.1973372e-12
-8.5769342e-09
4.9737888e-13
-6.2745751e-08
-2.3963884e-12
-6.2744069e-08
-3.565697e-12
-8.5728893e-09
-4.5965697e-13
4.0560433e-08
3.0766413e-08
2.4621821e-12
3.0761985e-08
3.295409e-12
4.0555359e-08
3.6718476e-12
-8.5773027e-09
4.0119297e-13
-6.2742473e-08
-2.9053821e-12
-6.2740755e-08
-2.8377921e-12
-8.5729493e-09
-2.3308239e-12
4.0559932e-08
3.0764086e-08
7.6354606e-13
3.0761219e-08
4.3081341e-12
4.0551812e-08
3.33555e-12
-8.5763339e-09
3.6685481e-13
-6.2739508e-08
-2.75819e-12
-6.2737633e-08
-3.9125938e-12
-8.5717984e-09
-5.98958e-13
4.0556617e-08
3.0763485e-08
2.5729086e-12
3.0758651e-08
3.5315914e-12
4.0550861e-08
3.8121261e-12
-8.5766064e-09
2.3226777e-13
-6.2735921e-08
-3.3341134e-12
-6.2734059e-08
-3.2452983e-12
-8.5718796e-09
-2.4931217e-12
4.0555871e-08
3.0760996e-08
8.8724298e-13
3.0757761e-08
4.5653439e-12
4.054718e-08
3.4784153e-12
-8.5755234e-09
1.5869583e-13
-6.2732604e-08
-3.2597021e-12
-6.2730644e-08
-4.3835567e-12
-8.5707593e-09
-7.8819654e-13
4.0552273e-08
3.0760206e-08
2.707669e-12
3.0755058e-08
3.8127847e-12
4.0546082e-08
3.9599324e-12
-8.5756625e-09
-1.7118862e-14
-6.272862e-08
-3.9099468e-12
-6.2726744e-08
-3.7848616e-12
-8.5708767e-09
-2.7084995e-12
4.0551203e-08
3.0757501e-08
1.037287e-12
3.0754019e-08
4.8724328e-12
4.0542244e-08
3.6330219e-12
-8.574427e-09
-1.295341e-13
-6.2724861e-08
-3.9128652e-12
-6.2722964e-08
-4.991713e-12
-8.5698014e-09
-1.0333259e-12
4.0547242e-08
3.0756466e-08
2.8707547e-12
3.0751153e-08
4.1492222e-12
4.0540972e-08
4.1260913e-12
-8.5743958e-09
-3.4311744e-13
-6.2720384e-08
-4.6374094e-12
-6.2718662e-08
-4.463935e-12
-8.5699671e-09
-2.981028e-12
4.0545766e-08
3.0753489e-08
1.2177789e-12
3.0749933e-08
5.2411255e-12
4.0536946e-08
3.8142483e-12
-8.5729728e-09
-4.8614036e-13
-6.2716087e-08
-4.7128821e-12
-6.2714439e-08
-5.737514e-12
-8.5689461e-09
-1.3353801e-12
4.0541361e-08
3.0752152e-08
3.0666496e-12
3.0746871e-08
4.5534645e-12
4.0535467e-08
4.3303283e-12
-8.5727415e-09
-7.2507579e-13
-6.2711024e-08
-5.5006242e-12
-6.2709656e-08
-5.2739524e-12
-8.569165e-09
-3.3087615e-12
4.0539402e-08
3.0748847e-08
1.4322385e-12
3.0745436e-08
5.6851122e-12
4.0531211e-08
4.0461727e-12
-8.5711065e-09
-8.803551e-13
-6.2706101e-08
-5.6308362e-12
-6.2704909e-08
-6.6022994e-12
-8.5681971e-09
-1.6875265e-12
4.0534485e-08
3.0747158e-08
3.2989441e-12
3.0742142e-08
5.0383388e-12
4.0529479e-08
4.6011558e-12
-8.5706611e-09
-1.1218163e-12
-6.2700371e-08
-6.456501e-12
-6.2699567e-08
-6.1836223e-12
-8.5684622e-09
-3.6807822e-12
4.0531989e-08
3.0743481e-08
1.6812745e-12
3.0740458e-08
6.2160749e-12
4.0524941e-08
4.3593729e-12
-8.5688083e-09
-1.2606586e-12
-6.2694754e-08
-6.6077991e-12
-6.2694223e-08
-7.5418186e-12
-8.5675317e-09
-2.0715317e-12
4.0526516e-08
3.0741408e-08
3.5669592e-12
3.0736896e-08
5.6096977e-12
4.0522906e-08
4.9696523e-12
-8.56816e-09
-1.4729374e-12
-6.2688304e-08
-7.4305302e-12
-6.2688258e-08
-7.1323843e-12
-8.567822e-09
-4.0736871e-12
4.0523464e-08
3.0737338e-08
1.9567162e-12
3.0734937e-08
6.8324284e-12
4.0518027e-08
4.7796525e-12
-8.5661111e-09
-1.5601186e-12
-6.2681967e-08
-7.5525856e-12
-6.2682269e-08
-8.4801034e-12
-8.566898e-09
-2.4532607e-12
4.0517435e-08
3.0734883e-08
3.857521e-12
3.0731085e-08
6.2492254e-12
4.0515643e-08
5.4519602e-12
-8.5653055e-09
-1.7092155e-12
-6.2674798e-08
-8.3172221e-12
-6.2675653e-08
-8.0239993e-12
-8.5671832e-09
-4.4467189e-12
4.0513864e-08
3.073044e-08
2.2291047e-12
3.0728853e-08
7.4952425e-12
4.0510374e-08
5.3027681e-12
-8.5631168e-09
-1.712795e-12
-6.2667786e-08
-8.3449479e-12
-6.2669024e-08
-9.3029937e-12
-8.5662286e-09
-2.7759628e-12
4.0507335e-08
3.0727663e-08
4.1281326e-12
3.072473e-08
6.8818165e-12
4.0507628e-08
6.0155905e-12
-8.5622422e-09
-1.7755983e-12
-6.2659987e-08
-8.9865448e-12
-6.2661805e-08
-8.7191586e-12
-8.5664879e-09
-4.7335379e-12
4.0503356e-08
3.0722933e-08
2.4250947e-12
3.0722303e-08
8.0870226e-12
4.0501964e-08
5.8525734e-12
-8.5600114e-09
-1.6833777e-12
-6.2652455e-08
-8.845655e-12
-6.2654646e-08
-9.8499973e-12
-8.565487e-09
-2.9492647e-12
4.0496454e-08
3.0719982e-08
4.2786905e-12
3.0718029e-08
7.3275843e-12
4.0498922e-08
6.5318396e-12
-8.5592071e-09
-1.6666715e-12
-6.2644248e-08
-9.2987088e-12
-6.2647006e-08
-9.0277684e-12
-8.5657497e-09
-4.8283573e-12
4.0492261e-08
3.0715158e-08
2.3957665e-12
3.0715631e-08
8.3618325e-12
4.0492954e-08
6.2347567e-12
-8.5570837e-09
-1.5064993e-12
-6.263651e-08
-8.9197913e-12
-6.2639596e-08
-9.909848e-12
-8.5647629e-09
-2.8341865e-12
4.0485183e-08
3.0712322e-08
4.1185563e-12
3.0711518e-08
7.2642163e-12
4.0489816e-08
6.7429133e-12
-8.5565537e-09
-1.4666385e-12
-6.2628292e-08
-9.1421525e-12
-6.2631913e-08
-8.7184782e-12
-8.5651782e-09
-4.570757e-12
4.0481043e-08
3.0707756e-08
1.8961978e-12
3.0709619e-08
7.9404881e-12
4.0483769e-08
6.1421744e-12
-8.5547588e-09
-1.3221939e-12
-6.2620831e-08
-8.5057303e-12
-6.2624732e-08
-9.2587607e-12
-8.5644283e-09
-2.2396787e-12
4.0474022e-08
3.0705514e-08
3.3690528e-12
3.0706255e-08
6.299736e-12
4.0480847e-08
6.3409743e-12
-8.5547912e-09
-1.3735122e-12
-6.2613108e-08
-8.5563595e-12
-6.2617541e-08
-7.6230861e-12
-8.5653531e-09
-3.7615271e-12
4.0470167e-08
3.0701757e-08
6.4944404e-13
3.0705604e-08
6.5181113e-12
4.0474976e-08
5.3685359e-12
-8.5536449e-09
-1.3801226e-12
-6.2606363e-08
-7.8386821e-12
-6.2611085e-08
-7.878119e-12
-8.5653166e-09
-9.930303e-13
4.046328e-08
3.0700763e-08
1.8200236e-12
3.0703789e-08
4.4164735e-12
4.0472387e-08
5.3945574e-12
-8.554614e-09
-1.6746458e-12
-6.2599285e-08
-8.1170353e-12
-6.2604634e-08
-6.0589982e-12
-8.5673659e-09
-2.3145018e-12
4.0459543e-08
3.0698453e-08
-1.3274128e-12
3.0705114e-08
4.6634055e-12
4.0466395e-08
4.5619577e-12
-8.5545157e-09
-1.9765684e-12
-6.2592749e-08
-8.096383e-12
-6.2598517e-08
-6.6886545e-12
-8.5687764e-09
7.5404714e-13
4.0452099e-08
3.0699205e-08
-1.0942188e-13
3.0705229e-08
3.2974868e-12
4.0462996e-08
5.5593488e-12
-8.5567683e-09
-2.6379688e-12
-6.2584543e-08
-9.9570781e-12
-6.259119e-08
-6.0379359e-12
-8.5726866e-09
-7.7796977e-13
4.0446847e-08
3.0698432e-08
-2.819447e-12
3.0708047e-08
5.8486302e-12
4.0454326e-08
7.0461835e-12
-8.5579689e-09
-3.2950325e-12
-6.2574205e-08
-1.2941352e-11
-6.2581546e-08
-9.4033895e-12
-8.5762272e-09
1.6828949e-12
4.0435759e-08
3.0700114e-08
-3.4278245e-14
3.0708087e-08
9.24531e-12
4.0445055e-08
1.2645798e-11
-8.5613599e-09
-4.3036525e-12
-6.2557246e-08
-1.9968355e-11
-6.2565872e-08
-1.394932e-11
-8.5822371e-09
-1.5875387e-12
4.0423405e-08
3.0698531e-08
4.3122912e-13
3.0707654e-08
2.0385593e-11
4.0425099e-08
2.2220115e-11
-8.5631974e-09
-5.1599089e-12
-6.2529869e-08
-3.1485225e-11
-6.2539549e-08
-2.6181135e-11
-8.5875438e-09
-2.4340351e-12
4.0399656e-08
3.0696095e-08
8.7871062e-12
3.0698872e-08
3.8129358e-11
4.0395765e-08
4.0827988e-11
-8.5658865e-09
-6.2206079e-12
-6.2482811e-08
-5.154609e-11
-6.2494215e-08
-4.5199162e-11
-8.5938814e-09
-1.1341926e-11
4.0365807e-08
3.0684758e-08
1.8556e-11
3.0680314e-08
7.1188441e-11
4.0343131e-08
7.0350925e-11
-8.5650519e-09
-6.7924225e-12
-6.240567e-08
-8.2642177e-11
-6.2418368e-08
-7.9095329e-11
-8.5974308e-09
-2.1449829e-11
4.030816e-08
3.0663307e-08
4.0534503e-11
3.0639785e-08
1.2139988e-10
4.0262274e-08
1.1754499e-10
-8.5611875e-09
-7.2630333e-12
-6.2280853e-08
-1.30163e-10
-6.2295459e-08
-1.2999125e-10
-8.5975934e-09
-4.379021e-11
4.0221967e-08
3.0619521e-08
7.0412195e-11
3.0569371e-08
1.991238e-10
4.0133561e-08
1.8673119e-10
-8.548798e-09
-6.7479252e-12
-6.2087377e-08
-1.9915786e-10
-6.2103051e-08
-2.0738246e-10
-8.5893715e-09
-7.3643571e-11
4.0088226e-08
3.0545876e-08
1.1883841e-10
3.0450538e-08
3.0932162e-10
3.9943086e-08
2.8572134e-10
-8.5251884e-09
-5.738883e-12
-6.1795908e-08
-2.957736e-10
-6.1813008e-08
-3.1664759e-10
-8.5684885e-09
-1.2185897e-10
3.9893445e-08
3.0424021e-08
1.8382949e-10
3.0266707e-08
4.6231426e-10
3.9664599e-08
4.2038725e-10
-8.4832649e-09
-3.2505832e-12
-6.1372273e-08
-4.2688591e-10
-6.1389375e-08
-4.6708581e-10
-8.5282917e-09
-1.8606866e-10
3.9612426e-08
3.0237951e-08
2.7423915e-10
2.9992473e-08
6.6416836e-10
3.9274677e-08
5.972074e-10
-8.4162952e-09
2.9366508e-14
-6.0775086e-08
-5.9726435e-10
-6.0792073e-08
-6.6542167e-10
-8.4601259e-09
-2.7531403e-10
3.9222325e-08
2.9962641e-08
3.8918864e-10
2.9603282e-08
9.2106997e-10
3.8742793e-08
8.2049012e-10
-8.3157195e-09
4.9863441e-12
-5.9959586e-08
-8.1262865e-10
-5.9974462e-08
-9.1687822e-10
-8.3558802e-09
-3.8843086e-10
3.8693875e-08
2.9574208e-08
5.3293124e-10
2.9070356e-08
1.2350892e-09
3.8040642e-08
1.090774e-09
-8.1713965e-09
1.0700291e-11
-5.8879505e-08
-1.0721919e-09
-5.8891562e-08
-1.2244646e-09
-8.2035998e-09
-5.2987755e-10
3.7999294e-08
2.9044334e-08
7.0278827e-10
2.8367564e-08
1.6016644e-09
3.7141762e-08
1.4052415e-09
-7.9749789e-09
1.7693097e-11
-5.7491961e-08
-1.3748996e-09
-5.7498975e-08
-1.583011e-09
-7.9954933e-09
-6.968514e-10
3.7113131e-08
2.834748e-08
8.9480806e-10
2.7472761e-08
2.0111821e-09
3.6025393e-08
1.7523401e-09
-7.7161303e-09
2.4928576e-11
-5.5764544e-08
-1.7087127e-09
-5.5765327e-08
-1.9839873e-09
-7.7202124e-09
-8.8563362e-10
3.6014782e-08
2.7461849e-08
1.1006827e-09
2.6372074e-08
2.440866e-09
3.4685205e-08
2.1153983e-09
-7.3906691e-09
3.2352979e-11
-5.3681504e-08
-2.0587084e-09
-5.3674272e-08
-2.4046282e-09
-7.3742989e-09
-1.0879556e-09
3.4698105e-08
2.637389e-08
1.3047419e-09
2.5067336e-08
2.8615372e-09
3.3128414e-08
2.4654581e-09
-6.9945846e-09
3.9107468e-11
-5.1255149e-08
-2.3965609e-09
-5.1238598e-08
-2.816639e-09
-6.9542157e-09
-1.2883961e-09
3.3169866e-08
2.5085496e-08
1.4878196e-09
2.3579512e-08
3.2264844e-09
3.1389743e-08
2.7672206e-09
-6.5353282e-09
4.4524498e-11
-4.8532459e-08
-2.6880711e-09
-4.8506009e-08
-3.1740329e-09
-6.468261e-09
-1.4679111e-09
3.1463738e-08
2.3617581e-08
1.6189025e-09
2.1960613e-08
3.4777194e-09
2.953093e-08
2.9667088e-09
-6.0243141e-09
4.8397832e-11
-4.5614145e-08
-2.8809091e-09
-4.5576699e-08
-3.4190175e-09
-5.9301492e-09
-1.5957058e-09
2.9640429e-08
2.2021876e-08
1.6814252e-09
2.0279183e-08
3.5373751e-09
2.7674975e-08
2.9931865e-09
-5.4801298e-09
4.9898313e-11
-4.2670861e-08
-2.9037729e-09
-4.2623032e-08
-3.4749986e-09
-5.358928e-09
-1.6551401e-09
2.7820567e-08
2.0366735e-08
1.7002927e-09
3.3273267e-09
2.7611188e-09
5.0233856e-11
-2.6728058e-09
-3.2631363e-09
-1.672216e-09
)
;

boundaryField
{
    left
    {
        type            calculated;
        value           nonuniform List<scalar> 8(5.420919e-18 5.420919e-18 5.420919e-18 5.420919e-18 5.420919e-18 5.420919e-18 5.420919e-18 5.420919e-18);
    }
    right
    {
        type            calculated;
        value           nonuniform List<scalar> 8(1.8578892e-08 2.6047943e-08 -4.9139206e-09 -3.9959975e-08 -3.9899991e-08 -4.7685962e-09 2.6229647e-08 1.8694519e-08);
    }
    walls
    {
        type            calculated;
        value           uniform 0;
    }
    frontAndBack
    {
        type            empty;
        value           nonuniform 0();
    }
}


// ************************************************************************* //
