/*--------------------------------*- C++ -*----------------------------------*\
| =========                 |                                                 |
| \\      /  F ield         | OpenFOAM: The Open Source CFD Toolbox           |
|  \\    /   O peration     | Version:  5.x                                   |
|   \\  /    A nd           | Web:      www.OpenFOAM.org                      |
|    \\/     M anipulation  |                                                 |
\*---------------------------------------------------------------------------*/
FoamFile
{
    version     2.0;
    format      ascii;
    class       surfaceScalarField;
    location    "6";
    object      phi_0;
}
// * * * * * * * * * * * * * * * * * * * * * * * * * * * * * * * * * * * * * //

dimensions      [0 3 -1 0 0 0 0];

internalField   nonuniform List<scalar> 
3592
(
-1.8378886e-06
-1.7475674e-05
-1.1784824e-06
-1.9972966e-05
-5.8259164e-07
-1.990945e-05
3.8170384e-13
-1.9896152e-05
5.8259239e-07
-1.9896152e-05
1.1784823e-06
-1.9909449e-05
1.8378882e-06
-1.9972966e-05
-1.7475671e-05
-2.4550428e-06
-1.5020628e-05
-2.2248625e-06
-2.0203143e-05
-1.1931051e-06
-2.09412e-05
7.3167057e-13
-2.1089251e-05
1.1931064e-06
-2.1089251e-05
2.2248625e-06
-2.09412e-05
2.4550427e-06
-2.0203142e-05
-1.5020626e-05
-2.1447479e-06
-1.2875876e-05
-2.366275e-06
-1.9981611e-05
-1.375692e-06
-2.1931777e-05
9.6523289e-13
-2.2464939e-05
1.3756936e-06
-2.2464938e-05
2.3662753e-06
-2.1931776e-05
2.1447482e-06
-1.998161e-05
-1.2875875e-05
-1.6988592e-06
-1.1177012e-05
-2.1029647e-06
-1.95775e-05
-1.3040977e-06
-2.2730637e-05
1.0780462e-12
-2.3769032e-05
1.3040994e-06
-2.3769032e-05
2.1029652e-06
-2.2730637e-05
1.6988596e-06
-1.9577499e-05
-1.1177012e-05
-1.279411e-06
-9.8975976e-06
-1.7146374e-06
-1.9142268e-05
-1.1175964e-06
-2.3327672e-05
1.0338561e-12
-2.4886625e-05
1.1175981e-06
-2.4886625e-05
1.7146382e-06
-2.3327673e-05
1.2794115e-06
-1.9142267e-05
-9.8975974e-06
-9.2887076e-07
-8.9687227e-06
-1.3247387e-06
-1.8746394e-05
-8.9890494e-07
-2.37535e-05
8.8602712e-13
-2.5785526e-05
8.9890639e-07
-2.5785526e-05
1.3247396e-06
-2.37535e-05
9.2887136e-07
-1.8746393e-05
-8.9687225e-06
-6.5540576e-07
-8.3133132e-06
-9.8474932e-07
-1.8417045e-05
-6.9113151e-07
-2.4047114e-05
6.7749008e-13
-2.6476655e-05
6.9113267e-07
-2.6476654e-05
9.8475032e-07
-2.4047113e-05
6.5540644e-07
-1.8417044e-05
-8.3133129e-06
-4.521864e-07
-7.8611228e-06
-7.1054268e-07
-1.8158683e-05
-5.1336668e-07
-2.4244284e-05
4.8444285e-13
-2.6990017e-05
5.1336755e-07
-2.6990017e-05
7.1054372e-07
-2.4244284e-05
4.5218711e-07
-1.8158682e-05
-7.8611224e-06
-3.0612357e-07
-7.5549961e-06
-5.0044919e-07
-1.7964353e-05
-3.7084006e-07
-2.437389e-05
2.7060036e-13
-2.7360854e-05
3.7084064e-07
-2.7360854e-05
5.0045019e-07
-2.4373889e-05
3.0612431e-07
-1.7964351e-05
-7.5549955e-06
-2.0378812e-07
-7.3512045e-06
-3.4520902e-07
-1.7822927e-05
-2.6166301e-07
-2.4457431e-05
1.0743123e-13
-2.7622513e-05
2.6166331e-07
-2.7622513e-05
3.4520994e-07
-2.445743e-05
2.0378884e-07
-1.7822925e-05
-7.3512039e-06
-1.3347189e-07
-7.2177302e-06
-2.3371427e-07
-1.7722681e-05
-1.8083202e-07
-2.4510311e-05
-5.4134603e-14
-2.7803343e-05
1.8083209e-07
-2.7803342e-05
2.3371506e-07
-2.4510309e-05
1.3347256e-07
-1.7722679e-05
-7.2177295e-06
-8.6041978e-08
-7.1316854e-06
-1.5544593e-07
-1.7653272e-05
-1.2262079e-07
-2.4543132e-05
-1.6827478e-13
-2.792596e-05
1.2262065e-07
-2.7925959e-05
1.5544658e-07
-2.454313e-05
8.6042573e-08
-1.765327e-05
-7.1316848e-06
-5.4535159e-08
-7.0771487e-06
-1.0161467e-07
-1.760619e-05
-8.1648275e-08
-2.4563097e-05
-2.6102767e-13
-2.8007606e-05
8.1647974e-08
-2.8007605e-05
1.0161515e-07
-2.4563095e-05
5.4535668e-08
-1.7606188e-05
-7.077148e-06
-3.3954452e-08
-7.0431921e-06
-6.5246921e-08
-1.7574894e-05
-5.3398348e-08
-2.4574942e-05
-3.3370513e-13
-2.8061001e-05
5.3397921e-08
-2.8061e-05
6.5247239e-08
-2.457494e-05
3.395487e-08
-1.7574892e-05
-7.0431915e-06
-2.0705423e-08
-7.0224857e-06
-4.1108619e-08
-1.7554489e-05
-3.427669e-08
-2.4581773e-05
-3.7108752e-13
-2.8095275e-05
3.4276156e-08
-2.8095274e-05
4.1108781e-08
-2.4581771e-05
2.0705745e-08
-1.7554487e-05
-7.0224851e-06
-1.2326738e-08
-7.0101574e-06
-2.5353125e-08
-1.754146e-05
-2.1566683e-08
-2.4585557e-05
-4.1890456e-13
-2.8116839e-05
2.1566087e-08
-2.8116838e-05
2.5353151e-08
-2.4585555e-05
1.2326978e-08
-1.7541458e-05
-7.010157e-06
-7.1166199e-09
-7.0030402e-06
-1.5253271e-08
-1.7533322e-05
-1.3265869e-08
-2.4587543e-05
-4.2068241e-13
-2.8130103e-05
1.3265201e-08
-2.8130102e-05
1.5253179e-08
-2.4587542e-05
7.1167749e-09
-1.7533321e-05
-7.0030399e-06
-3.9470301e-09
-6.9990919e-06
-8.898722e-09
-1.7528368e-05
-7.9455784e-09
-2.4588494e-05
-4.3407029e-13
-2.8138046e-05
7.9449059e-09
-2.8138045e-05
8.8985394e-09
-2.4588493e-05
3.9471269e-09
-1.7528367e-05
-6.9990918e-06
-2.0639632e-09
-6.9970276e-06
-4.986682e-09
-1.7525444e-05
-4.6029318e-09
-2.4588877e-05
-4.2110407e-13
-2.8142647e-05
4.6022327e-09
-2.8142647e-05
4.9864413e-09
-2.4588876e-05
2.0640021e-09
-1.7525444e-05
-6.9970275e-06
-9.8077538e-10
-6.9960456e-06
-2.637858e-09
-1.7523785e-05
-2.5506741e-09
-2.4588962e-05
-4.1413306e-13
-2.8145195e-05
2.5500066e-09
-2.8145195e-05
2.6375791e-09
-2.4588962e-05
9.807862e-10
-1.7523785e-05
-6.9960459e-06
-3.8291253e-10
-6.9956624e-06
-1.2717585e-09
-1.7522895e-05
-1.3242752e-09
-2.4588908e-05
-3.7960079e-13
-2.8146518e-05
1.3236315e-09
-2.8146518e-05
1.2714733e-09
-2.4588909e-05
3.8289396e-10
-1.7522896e-05
-6.9956628e-06
-7.3108464e-11
-6.9955882e-06
-5.0953381e-10
-1.7522456e-05
-6.1633799e-10
-2.4588799e-05
-3.4835407e-13
-2.8147132e-05
6.1576521e-10
-2.8147132e-05
5.0926577e-10
-2.4588801e-05
7.3090011e-11
-1.7522458e-05
-6.9955889e-06
7.1854094e-11
-6.9956598e-06
-1.0954389e-10
-1.7522274e-05
-2.2599398e-10
-2.4588682e-05
-3.0053076e-13
-2.8147357e-05
2.254925e-10
-2.8147358e-05
1.0931095e-10
-2.4588684e-05
-7.1877296e-11
-1.7522276e-05
-6.9956606e-06
1.2581095e-10
-6.9957846e-06
8.0723722e-11
-1.7522227e-05
-2.5322159e-11
-2.4588574e-05
-2.3780665e-13
-2.814738e-05
2.4924661e-11
-2.8147381e-05
-8.0896576e-11
-2.4588576e-05
-1.2581321e-10
-1.7522229e-05
-6.9957856e-06
1.3359869e-10
-6.9959179e-06
1.5399041e-10
-1.7522247e-05
6.6529873e-11
-2.4588486e-05
-1.7393631e-13
-2.8147312e-05
-6.680734e-11
-2.8147313e-05
-1.5409732e-10
-2.4588488e-05
-1.3358784e-10
-1.7522249e-05
-6.995919e-06
1.1944458e-10
-6.9960362e-06
1.668481e-10
-1.7522292e-05
9.8309895e-11
-2.4588415e-05
-9.4993591e-14
-2.8147212e-05
-9.8461548e-11
-2.8147213e-05
-1.6686524e-10
-2.4588418e-05
-1.1940031e-10
-1.7522295e-05
-6.9960375e-06
9.8253214e-11
-6.9961342e-06
1.5078389e-10
-1.7522344e-05
9.9868255e-11
-2.4588364e-05
-2.4232489e-14
-2.8147112e-05
-9.9875615e-11
-2.8147113e-05
-1.5072272e-10
-2.4588367e-05
-9.8186983e-11
-1.7522347e-05
-6.9961355e-06
7.5777863e-11
-6.9962089e-06
1.2458322e-10
-1.7522391e-05
8.7433905e-11
-2.4588325e-05
6.2639854e-14
-2.8147022e-05
-8.7310555e-11
-2.8147023e-05
-1.2442263e-10
-2.4588328e-05
-7.5674911e-11
-1.7522394e-05
-6.9962103e-06
5.6546995e-11
-6.9962651e-06
9.6533881e-11
-1.752243e-05
7.0792875e-11
-2.4588299e-05
1.3165041e-13
-2.8146951e-05
-7.0523944e-11
-2.8146952e-05
-9.6297838e-11
-2.4588302e-05
-5.6421065e-11
-1.7522434e-05
-6.9962666e-06
4.0205371e-11
-6.9963043e-06
7.1897334e-11
-1.752246e-05
5.3951877e-11
-2.4588279e-05
2.1310408e-13
-2.8146895e-05
-5.356493e-11
-2.8146897e-05
-7.1569283e-11
-2.4588282e-05
-4.0046375e-11
-1.7522464e-05
-6.9963058e-06
2.8231501e-11
-6.9963323e-06
5.1184333e-11
-1.7522483e-05
3.9590054e-11
-2.4588267e-05
2.7069851e-13
-2.8146856e-05
-3.9078249e-11
-2.8146857e-05
-5.0795529e-11
-2.458827e-05
-2.8054161e-11
-1.7522486e-05
-6.9963336e-06
1.8684528e-11
-6.9963499e-06
3.553178e-11
-1.7522498e-05
2.7699105e-11
-2.4588257e-05
3.3560692e-13
-2.8146827e-05
-2.7096797e-11
-2.8146828e-05
-3.5070815e-11
-2.458826e-05
-1.8482165e-11
-1.7522501e-05
-6.9963513e-06
1.2451004e-11
-6.9963621e-06
2.3396149e-11
-1.7522508e-05
1.8846616e-11
-2.4588252e-05
3.7484071e-13
-2.8146808e-05
-1.8155726e-11
-2.8146809e-05
-2.289655e-11
-2.4588255e-05
-1.2238124e-11
-1.7522511e-05
-6.9963634e-06
7.4505548e-12
-6.9963685e-06
1.5052912e-11
-1.7522514e-05
1.2021502e-11
-2.4588247e-05
4.1679457e-13
-2.8146794e-05
-1.1276116e-11
-2.8146795e-05
-1.4507516e-11
-2.458825e-05
-7.2225241e-12
-1.7522517e-05
-6.9963698e-06
4.647235e-12
-6.996373e-06
8.7510245e-12
-1.7522518e-05
7.3904659e-12
-2.4588245e-05
4.3497176e-13
-2.8146787e-05
-6.599059e-12
-2.8146788e-05
-8.1914037e-12
-2.4588248e-05
-4.4173493e-12
-1.752252e-05
-6.996374e-06
2.1647506e-12
-6.9963741e-06
4.8379436e-12
-1.7522519e-05
3.8873971e-12
-2.4588243e-05
4.5276563e-13
-2.8146782e-05
-3.0783242e-12
-2.8146783e-05
-4.2593535e-12
-2.4588245e-05
-1.9292246e-12
-1.7522521e-05
-6.9963752e-06
1.136088e-12
-6.9963751e-06
1.7982254e-12
-1.7522519e-05
1.750052e-12
-2.4588242e-05
4.5112531e-13
-2.814678e-05
-9.3530172e-13
-2.8146781e-05
-1.2275544e-12
-2.4588244e-05
-9.0634926e-13
-1.7522521e-05
-6.9963759e-06
-1.038619e-13
-6.996374e-06
2.0326536e-13
-1.7522517e-05
6.7498915e-14
-2.4588241e-05
4.4775916e-13
-2.8146779e-05
7.334432e-13
-2.814678e-05
3.6361816e-13
-2.4588242e-05
3.3156563e-13
-1.7522519e-05
-6.9963748e-06
-3.0541608e-13
-6.9963735e-06
-1.2153488e-12
-1.7522516e-05
-7.8709558e-13
-2.4588241e-05
4.3048566e-13
-2.814678e-05
1.5615173e-12
-2.814678e-05
1.7574551e-12
-2.4588242e-05
5.2181224e-13
-1.7522518e-05
-6.9963741e-06
-9.8431107e-13
-6.9963716e-06
-1.7164692e-12
-1.7522514e-05
-1.5784514e-12
-2.4588239e-05
4.115732e-13
-2.814678e-05
2.3167446e-12
-2.8146781e-05
2.238639e-12
-2.4588241e-05
1.1935237e-12
-1.7522515e-05
-6.9963722e-06
-8.359162e-13
-6.9963706e-06
-2.3994114e-12
-1.7522512e-05
-1.8360109e-12
-2.4588239e-05
3.8432828e-13
-2.8146782e-05
2.5265696e-12
-2.8146782e-05
2.8865184e-12
-2.4588241e-05
1.0307974e-12
-1.7522513e-05
-6.996371e-06
-1.2802918e-12
-6.9963683e-06
-2.4290496e-12
-1.7522509e-05
-2.2277944e-12
-2.4588238e-05
3.5627287e-13
-2.8146783e-05
2.8701557e-12
-2.8146783e-05
2.8872695e-12
-2.4588239e-05
1.4653859e-12
-1.752251e-05
-6.9963688e-06
-9.9998925e-13
-6.9963672e-06
-2.8040319e-12
-1.7522507e-05
-2.2305761e-12
-2.4588238e-05
3.2473042e-13
-2.8146785e-05
2.8149283e-12
-2.8146786e-05
3.2232104e-12
-2.4588239e-05
1.1700187e-12
-1.7522508e-05
-6.9963675e-06
-1.3524772e-12
-6.9963649e-06
-2.648876e-12
-1.7522504e-05
-2.456089e-12
-2.4588237e-05
2.933471e-13
-2.8146786e-05
2.9893772e-12
-2.8146787e-05
3.036539e-12
-2.4588238e-05
1.5122172e-12
-1.7522505e-05
-6.9963653e-06
-1.0312816e-12
-6.9963638e-06
-2.9042109e-12
-1.7522502e-05
-2.3588067e-12
-2.4588237e-05
2.6220505e-13
-2.8146789e-05
2.8328214e-12
-2.8146789e-05
3.2538843e-12
-2.4588238e-05
1.1769682e-12
-1.7522502e-05
-6.996364e-06
-1.3485123e-12
-6.9963615e-06
-2.6848518e-12
-1.7522499e-05
-2.5187711e-12
-2.4588236e-05
2.3191482e-13
-2.814679e-05
2.9457579e-12
-2.814679e-05
3.0050329e-12
-2.4588236e-05
1.4848497e-12
-1.7522499e-05
-6.9963617e-06
-1.0207565e-12
-6.9963604e-06
-2.8960291e-12
-1.7522496e-05
-2.3850643e-12
-2.4588236e-05
2.0441036e-13
-2.8146792e-05
2.7577185e-12
-2.8146793e-05
3.1825927e-12
-2.4588237e-05
1.145133e-12
-1.7522497e-05
-6.9963605e-06
-1.3226973e-12
-6.9963581e-06
-2.6583877e-12
-1.7522494e-05
-2.5189461e-12
-2.4588235e-05
1.7798253e-13
-2.8146793e-05
2.8528219e-12
-2.8146794e-05
2.9202671e-12
-2.4588235e-05
1.4394346e-12
-1.7522494e-05
-6.9963583e-06
-9.9966493e-13
-6.996357e-06
-2.8524773e-12
-1.7522491e-05
-2.3724424e-12
-2.4588235e-05
1.5585468e-13
-2.8146796e-05
2.6602987e-12
-2.8146796e-05
3.0867601e-12
-2.4588235e-05
1.1070038e-12
-1.7522492e-05
-6.9963571e-06
-1.2921809e-12
-6.9963548e-06
-2.6119502e-12
-1.7522489e-05
-2.4941096e-12
-2.4588233e-05
1.3455384e-13
-2.8146797e-05
2.7532144e-12
-2.8146797e-05
2.827499e-12
-2.4588234e-05
1.3938028e-12
-1.7522489e-05
-6.996355e-06
-9.7677067e-13
-6.9963537e-06
-2.7972746e-12
-1.7522486e-05
-2.3426321e-12
-2.4588234e-05
1.1829865e-13
-2.8146799e-05
2.5650763e-12
-2.8146799e-05
2.9915589e-12
-2.4588234e-05
1.0715624e-12
-1.7522487e-05
-6.9963539e-06
-1.2610265e-12
-6.9963516e-06
-2.5581339e-12
-1.7522484e-05
-2.4564484e-12
-2.4588232e-05
1.0225022e-13
-2.81468e-05
2.6601155e-12
-2.81468e-05
2.7395726e-12
-2.4588233e-05
1.3518522e-12
-1.7522484e-05
-6.9963518e-06
-9.5355431e-13
-6.9963506e-06
-2.7367053e-12
-1.7522481e-05
-2.3023821e-12
-2.4588232e-05
9.150383e-14
-2.8146802e-05
2.478194e-12
-2.8146803e-05
2.9026336e-12
-2.4588233e-05
1.0398332e-12
-1.7522482e-05
-6.9963507e-06
-1.2295265e-12
-6.9963484e-06
-2.4998105e-12
-1.7522479e-05
-2.4097365e-12
-2.4588231e-05
8.0117322e-14
-2.8146803e-05
2.5755615e-12
-2.8146804e-05
2.6579944e-12
-2.4588232e-05
1.313209e-12
-1.7522479e-05
-6.9963487e-06
-9.2974718e-13
-6.9963474e-06
-2.6719895e-12
-1.7522477e-05
-2.253967e-12
-2.4588231e-05
7.4039714e-14
-2.8146806e-05
2.3993053e-12
-2.8146806e-05
2.8193788e-12
-2.4588232e-05
1.0107486e-12
-1.7522477e-05
-6.9963476e-06
-1.1973358e-12
-6.9963454e-06
-2.4374695e-12
-1.7522474e-05
-2.3555754e-12
-2.458823e-05
6.6382423e-14
-2.8146807e-05
2.4980158e-12
-2.8146807e-05
2.581114e-12
-2.458823e-05
1.2766598e-12
-1.7522475e-05
-6.9963456e-06
-9.0500907e-13
-6.9963444e-06
-2.6034361e-12
-1.7522472e-05
-2.198737e-12
-2.458823e-05
6.3965009e-14
-2.8146809e-05
2.326305e-12
-2.8146809e-05
2.7398369e-12
-2.4588231e-05
9.8308222e-13
-1.7522473e-05
-6.9963446e-06
-1.1642801e-12
-6.9963424e-06
-2.3714264e-12
-1.7522469e-05
-2.2952728e-12
-2.4588229e-05
5.9035038e-14
-2.814681e-05
2.4252591e-12
-2.814681e-05
2.5069538e-12
-2.4588229e-05
1.2411692e-12
-1.752247e-05
-6.9963427e-06
-8.7925195e-13
-6.9963415e-06
-2.5314973e-12
-1.7522468e-05
-2.1380089e-12
-2.4588229e-05
5.9307388e-14
-2.8146812e-05
2.257044e-12
-2.8146812e-05
2.662253e-12
-2.458823e-05
9.5593613e-13
-1.7522468e-05
-6.9963417e-06
-1.1304216e-12
-6.9963395e-06
-2.3022324e-12
-1.7522465e-05
-2.2301758e-12
-2.4588228e-05
5.6198358e-14
-2.8146813e-05
2.3553683e-12
-2.8146813e-05
2.4340002e-12
-2.4588228e-05
1.2060629e-12
-1.7522466e-05
-6.9963398e-06
-8.5258381e-13
-6.9963386e-06
-2.4568391e-12
-1.7522463e-05
-2.0731166e-12
-2.4588228e-05
5.8337912e-14
-2.8146815e-05
2.1898464e-12
-2.8146815e-05
2.5854214e-12
-2.4588229e-05
9.2876429e-13
-1.7522464e-05
-6.9963389e-06
-1.0959564e-12
-6.9963367e-06
-2.2305915e-12
-1.7522461e-05
-2.1615921e-12
-2.4588227e-05
5.63156e-14
-2.8146815e-05
2.2869541e-12
-2.8146816e-05
2.3612963e-12
-2.4588227e-05
1.1709734e-12
-1.7522462e-05
-6.9963371e-06
-8.2520317e-13
-6.9963359e-06
-2.3802055e-12
-1.7522459e-05
-2.0052945e-12
-2.4588227e-05
5.9684936e-14
-2.8146817e-05
2.1235768e-12
-2.8146818e-05
2.5086468e-12
-2.4588228e-05
9.0128665e-13
-1.752246e-05
-6.9963362e-06
-1.0611247e-12
-6.996334e-06
-2.1572243e-12
-1.7522457e-05
-2.0906806e-12
-2.4588226e-05
5.8200823e-14
-2.8146818e-05
2.219134e-12
-2.8146819e-05
2.288339e-12
-2.4588227e-05
1.1357474e-12
-1.7522457e-05
-6.9963344e-06
-7.9732596e-13
-6.9963332e-06
-2.3023066e-12
-1.7522455e-05
-1.9355969e-12
-2.4588226e-05
6.2338909e-14
-2.814682e-05
2.0575609e-12
-2.8146821e-05
2.4316179e-12
-2.4588227e-05
8.733997e-13
-1.7522456e-05
-6.9963335e-06
-1.0261574e-12
-6.9963314e-06
-2.0827881e-12
-1.7522453e-05
-2.0184037e-12
-2.4588225e-05
6.1009467e-14
-2.8146821e-05
2.1514272e-12
-2.8146821e-05
2.2149475e-12
-2.4588226e-05
1.1003657e-12
-1.7522454e-05
-6.9963318e-06
-7.691529e-13
-6.9963306e-06
-2.2237668e-12
-1.7522451e-05
-1.8648806e-12
-2.4588225e-05
6.5600867e-14
-2.8146823e-05
1.9914702e-12
-2.8146823e-05
2.3542825e-12
-2.4588226e-05
8.451104e-13
-1.7522452e-05
-6.996331e-06
-9.9125904e-13
-6.9963288e-06
-2.0078493e-12
-1.7522449e-05
-1.9455323e-12
-2.4588224e-05
6.4171947e-14
-2.8146824e-05
2.0836408e-12
-2.8146824e-05
2.1411521e-12
-2.4588225e-05
1.0648897e-12
-1.752245e-05
-6.9963293e-06
-7.4085916e-13
-6.9963281e-06
-2.1451169e-12
-1.7522447e-05
-1.7938264e-12
-2.4588224e-05
6.9009787e-14
-2.8146826e-05
1.9252134e-12
-2.8146826e-05
2.2767518e-12
-2.4588225e-05
8.1648905e-13
-1.7522448e-05
-6.9963285e-06
-9.5660318e-13
-6.9963264e-06
-1.9328869e-12
-1.7522445e-05
-1.8726782e-12
-2.4588223e-05
6.7320331e-14
-2.8146826e-05
2.0157717e-12
-2.8146827e-05
2.0671089e-12
-2.4588224e-05
1.0294235e-12
-1.7522446e-05
-6.9963269e-06
-7.1259505e-13
-6.9963258e-06
-2.0668046e-12
-1.7522444e-05
-1.7229754e-12
-2.4588223e-05
7.2271703e-14
-2.8146828e-05
1.8588492e-12
-2.8146829e-05
2.1992294e-12
-2.4588224e-05
7.8764007e-13
-1.7522445e-05
-6.9963262e-06
-9.2233762e-13
-6.9963241e-06
-1.8583074e-12
-1.7522441e-05
-1.8003299e-12
-2.4588222e-05
7.0223893e-14
-2.8146829e-05
1.9479302e-12
-2.8146829e-05
1.9930433e-12
-2.4588223e-05
9.9408951e-13
-1.7522443e-05
-6.9963246e-06
-6.8449071e-13
-6.9963235e-06
-1.9892109e-12
-1.752244e-05
-1.6527641e-12
-2.4588223e-05
7.5205244e-14
-2.8146831e-05
1.7925219e-12
-2.8146831e-05
2.1219626e-12
-2.4588224e-05
7.5868192e-13
-1.7522441e-05
-6.9963239e-06
-8.8858766e-13
-6.9963219e-06
-1.7844589e-12
-1.7522438e-05
-1.728885e-12
-2.4588221e-05
7.2741715e-14
-2.8146831e-05
1.8802869e-12
-2.8146832e-05
1.9192083e-12
-2.4588223e-05
9.5901464e-13
-1.7522439e-05
-6.9963224e-06
-6.5665933e-13
-6.9963213e-06
-1.9126611e-12
-1.7522437e-05
-1.5835503e-12
-2.4588222e-05
7.7699434e-14
-2.8146833e-05
1.7264171e-12
-2.8146833e-05
2.0452115e-12
-2.4588223e-05
7.2973592e-13
-1.7522438e-05
-6.9963217e-06
-8.5546014e-13
-6.9963197e-06
-1.7116407e-12
-1.7522435e-05
-1.6586705e-12
-2.4588221e-05
7.4788584e-14
-2.8146834e-05
1.8130371e-12
-2.8146834e-05
1.8458604e-12
-2.4588222e-05
9.2432113e-13
-1.7522436e-05
-6.9963202e-06
-6.2919965e-13
-6.9963192e-06
-1.8374345e-12
-1.7522434e-05
-1.5156301e-12
-2.4588221e-05
7.9688514e-14
-2.8146835e-05
1.6607335e-12
-2.8146836e-05
1.9692294e-12
-2.4588222e-05
7.0091882e-13
-1.7522435e-05
-6.9963196e-06
-8.2304583e-13
-6.9963177e-06
-1.6401096e-12
-1.7522432e-05
-1.5899568e-12
-2.458822e-05
7.6316248e-14
-2.8146836e-05
1.7463794e-12
-2.8146836e-05
1.7732449e-12
-2.4588221e-05
8.9012082e-13
-1.7522433e-05
-6.9963182e-06
-6.0219744e-13
-6.9963172e-06
-1.7637668e-12
-1.7522431e-05
-1.4492477e-12
-2.4588221e-05
8.1137228e-14
-2.8146837e-05
1.5956669e-12
-2.8146838e-05
1.8942511e-12
-2.4588222e-05
6.7233842e-13
-1.7522432e-05
-6.9963176e-06
-7.914196e-13
-6.9963157e-06
-1.5700823e-12
-1.7522429e-05
-1.5229639e-12
-2.458822e-05
7.7301049e-14
-2.8146838e-05
1.6805033e-12
-2.8146838e-05
1.7015857e-12
-2.4588221e-05
8.5651339e-13
-1.752243e-05
-6.9963163e-06
-5.7572475e-13
-6.9963153e-06
-1.6918541e-12
-1.7522428e-05
-1.3845998e-12
-2.458822e-05
8.2031586e-14
-2.814684e-05
1.5314008e-12
-2.814684e-05
1.8204874e-12
-2.4588221e-05
6.4409175e-13
-1.7522429e-05
-6.9963157e-06
-7.6064085e-13
-6.9963139e-06
-1.5017368e-12
-1.7522426e-05
-1.4578655e-12
-2.4588219e-05
7.7738762e-14
-2.814684e-05
1.6155833e-12
-2.8146841e-05
1.6310828e-12
-2.458822e-05
8.2358442e-13
-1.7522427e-05
-6.9963144e-06
-5.498411e-13
-6.9963135e-06
-1.6218519e-12
-1.7522425e-05
-1.3218388e-12
-2.458822e-05
8.2375338e-14
-2.8146842e-05
1.4681029e-12
-2.8146842e-05
1.7481217e-12
-2.4588221e-05
6.1626404e-13
-1.7522426e-05
-6.9963139e-06
-7.3075493e-13
-6.9963121e-06
-1.435213e-12
-1.7522423e-05
-1.3947915e-12
-2.4588218e-05
7.7641465e-14
-2.8146842e-05
1.5517757e-12
-2.8146843e-05
1.561909e-12
-2.458822e-05
7.9140549e-13
-1.7522424e-05
-6.9963126e-06
-5.2459256e-13
-6.9963117e-06
-1.5538778e-12
-1.7522422e-05
-1.2610749e-12
-2.4588219e-05
8.2187064e-14
-2.8146844e-05
1.4059219e-12
-2.8146844e-05
1.6773097e-12
-2.458822e-05
5.8892828e-13
-1.7522423e-05
-6.9963121e-06
-7.0179225e-13
-6.9963104e-06
-1.3706137e-12
-1.7522421e-05
-1.3338298e-12
-2.4588218e-05
7.7034251e-14
-2.8146844e-05
1.4892178e-12
-2.8146845e-05
1.4942104e-12
-2.4588219e-05
7.6003494e-13
-1.7522422e-05
-6.9963109e-06
-5.00013e-13
-6.9963101e-06
-1.4880124e-12
-1.752242e-05
-1.2023782e-12
-2.4588219e-05
8.1498302e-14
-2.8146846e-05
1.3449875e-12
-2.8146846e-05
1.6081798e-12
-2.458822e-05
5.6214559e-13
-1.7522421e-05
-6.9963105e-06
-6.7377068e-13
-6.9963088e-06
-1.3080073e-12
-1.7522418e-05
-1.2750299e-12
-2.4588218e-05
7.5954207e-14
-2.8146846e-05
1.4280269e-12
-2.8146846e-05
1.4281072e-12
-2.4588219e-05
7.2951764e-13
-1.7522419e-05
-6.9963093e-06
-4.7612452e-13
-6.9963085e-06
-1.4243025e-12
-1.7522418e-05
-1.145783e-12
-2.4588218e-05
8.0350899e-14
-2.8146848e-05
1.2854101e-12
-2.8146848e-05
1.540834e-12
-2.4588219e-05
5.3596549e-13
-1.7522419e-05
-6.9963089e-06
-6.4669602e-13
-6.9963072e-06
-1.2474305e-12
-1.7522416e-05
-1.2184072e-12
-2.4588217e-05
7.444807e-14
-2.8146848e-05
1.3683015e-12
-2.8146848e-05
1.3636941e-12
-2.4588218e-05
6.998867e-13
-1.7522417e-05
-6.9963077e-06
-4.5293903e-13
-6.996307e-06
-1.3627652e-12
-1.7522415e-05
-1.0912919e-12
-2.4588218e-05
7.8795338e-14
-2.8146849e-05
1.2272816e-12
-2.814685e-05
1.4753495e-12
-2.4588219e-05
5.1042713e-13
-1.7522416e-05
-6.9963074e-06
-6.205642e-13
-6.9963058e-06
-1.1888927e-12
-1.7522414e-05
-1.1639473e-12
-2.4588217e-05
7.2569138e-14
-2.814685e-05
1.3101208e-12
-2.814685e-05
1.3010422e-12
-2.4588218e-05
6.7116447e-13
-1.7522415e-05
-6.9963062e-06
-4.3045942e-13
-6.9963056e-06
-1.3033916e-12
-1.7522413e-05
-1.0388801e-12
-2.4588217e-05
7.6887252e-14
-2.8146851e-05
1.1706746e-12
-2.8146851e-05
1.4117802e-12
-2.4588218e-05
4.8555923e-13
-1.7522414e-05
-6.9963059e-06
-5.9536188e-13
-6.9963044e-06
-1.1323796e-12
-1.7522412e-05
-1.1116111e-12
-2.4588216e-05
7.037449e-14
-2.8146851e-05
1.2535461e-12
-2.8146852e-05
1.2402005e-12
-2.4588217e-05
6.4336238e-13
-1.7522413e-05
-6.9963048e-06
-4.0868088e-13
-6.9963042e-06
-1.2461502e-12
-1.7522411e-05
-9.8850112e-13
-2.4588217e-05
7.468511e-14
-2.8146853e-05
1.1156449e-12
-2.8146853e-05
1.3501586e-12
-2.4588218e-05
4.6138107e-13
-1.7522412e-05
-6.9963046e-06
-5.7106904e-13
-6.9963031e-06
-1.0778567e-12
-1.752241e-05
-1.0613397e-12
-2.4588216e-05
6.7923539e-14
-2.8146853e-05
1.198621e-12
-2.8146853e-05
1.181198e-12
-2.4588217e-05
6.1648313e-13
-1.7522411e-05
-6.9963035e-06
-3.8759201e-13
-6.9963029e-06
-1.1909925e-12
-1.7522409e-05
-9.4009142e-13
-2.4588217e-05
7.2248531e-14
-2.8146854e-05
1.0622302e-12
-2.8146855e-05
1.2904983e-12
-2.4588218e-05
4.3790397e-13
-1.752241e-05
-6.9963032e-06
-5.4765956e-13
-6.9963018e-06
-1.0252747e-12
-1.7522408e-05
-1.0130597e-12
-2.4588216e-05
6.527449e-14
-2.8146854e-05
1.1453725e-12
-2.8146855e-05
1.1240459e-12
-2.4588217e-05
5.9052204e-13
-1.7522409e-05
-6.9963022e-06
-3.6717671e-13
-6.9963017e-06
-1.1378566e-12
-1.7522408e-05
-8.9357492e-13
-2.4588217e-05
6.9634588e-14
-2.8146856e-05
1.0104534e-12
-2.8146856e-05
1.2327961e-12
-2.4588217e-05
4.1513226e-13
-1.7522408e-05
-6.996302e-06
-5.2510372e-13
-6.9963006e-06
-9.7457271e-13
-1.7522406e-05
-9.6668719e-13
-2.4588216e-05
6.2483164e-14
-2.8146856e-05
1.0938132e-12
-2.8146856e-05
1.0687396e-12
-2.4588216e-05
5.6546756e-13
-1.7522407e-05
-6.996301e-06
-3.4741523e-13
-6.9963005e-06
-1.0866708e-12
-1.7522406e-05
-8.4886731e-13
-2.4588216e-05
6.6898027e-14
-2.8146857e-05
9.6032261e-13
-2.8146858e-05
1.1770337e-12
-2.4588217e-05
3.9306379e-13
-1.7522407e-05
-6.9963008e-06
-5.0336872e-13
-6.9962995e-06
-9.256817e-13
-1.7522405e-05
-9.2213216e-13
-2.4588215e-05
5.9601971e-14
-2.8146857e-05
1.0439415e-12
-2.8146858e-05
1.0152608e-12
-2.4588216e-05
5.4130246e-13
-1.7522405e-05
-6.9962999e-06
-3.2828591e-13
-6.9962994e-06
-1.0373566e-12
-1.7522404e-05
-8.0587989e-13
-2.4588216e-05
6.4088744e-14
-2.8146859e-05
9.1183307e-13
-2.8146859e-05
1.1231809e-12
-2.4588217e-05
3.7169108e-13
-1.7522405e-05
-6.9962997e-06
-4.824203e-13
-6.9962984e-06
-8.7852724e-13
-1.7522403e-05
-8.7930135e-13
-2.4588215e-05
5.6677699e-14
-2.8146859e-05
9.9574403e-13
-2.8146859e-05
9.6357978e-13
-2.4588216e-05
5.1800501e-13
-1.7522404e-05
-6.9962988e-06
-3.0976475e-13
-6.9962984e-06
-9.8983225e-13
-1.7522403e-05
-7.6452159e-13
-2.4588216e-05
6.1251065e-14
-2.814686e-05
8.6496889e-13
-2.814686e-05
1.0711972e-12
-2.4588217e-05
3.5100245e-13
-1.7522403e-05
-6.9962986e-06
-4.6222308e-13
-6.9962974e-06
-8.330326e-13
-1.7522401e-05
-8.3810062e-13
-2.4588215e-05
5.3751718e-14
-2.814686e-05
9.4919724e-13
-2.814686e-05
9.1365837e-13
-2.4588216e-05
4.9555023e-13
-1.7522402e-05
-6.9962977e-06
-2.918275e-13
-6.9962974e-06
-9.4401428e-13
-1.7522401e-05
-7.2470236e-13
-2.4588216e-05
5.8424024e-14
-2.8146861e-05
8.1970482e-13
-2.8146862e-05
1.0210345e-12
-2.4588216e-05
3.3098318e-13
-1.7522402e-05
-6.9962976e-06
-4.4274204e-13
-6.9962964e-06
-7.8912044e-13
-1.75224e-05
-7.9843808e-13
-2.4588215e-05
5.085981e-14
-2.8146861e-05
9.0426903e-13
-2.8146862e-05
8.6545064e-13
-2.4588215e-05
4.7391031e-13
-1.7522401e-05
-6.9962967e-06
-2.744497e-13
-6.9962964e-06
-8.9981979e-13
-1.75224e-05
-6.8633477e-13
-2.4588215e-05
5.5640602e-14
-2.8146862e-05
7.7600751e-13
-2.8146863e-05
9.7263848e-13
-2.4588216e-05
3.1161551e-13
-1.75224e-05
-6.9962967e-06
-4.239424e-13
-6.9962955e-06
-7.4671457e-13
-1.7522399e-05
-7.60225e-13
-2.4588215e-05
4.8031447e-14
-2.8146862e-05
8.6092024e-13
-2.8146863e-05
8.1890563e-13
-2.4588215e-05
4.5305585e-13
-1.7522399e-05
-6.9962958e-06
-2.5760754e-13
-6.9962955e-06
-8.5716821e-13
-1.7522398e-05
-6.4933535e-13
-2.4588215e-05
5.2927708e-14
-2.8146864e-05
7.3383787e-13
-2.8146864e-05
9.2595042e-13
-2.4588216e-05
2.9288012e-13
-1.7522399e-05
-6.9962957e-06
-4.0579082e-13
-6.9962946e-06
-7.0574139e-13
-1.7522397e-05
-7.2337755e-13
-2.4588214e-05
4.5290793e-14
-2.8146864e-05
8.1910669e-13
-2.8146864e-05
7.7396883e-13
-2.4588215e-05
4.3295648e-13
-1.7522398e-05
-6.9962949e-06
-2.4127778e-13
-6.9962947e-06
-8.159823e-13
-1.7522397e-05
-6.1362538e-13
-2.4588215e-05
5.0307098e-14
-2.8146865e-05
6.9315189e-13
-2.8146865e-05
8.8090952e-13
-2.4588216e-05
2.7475677e-13
-1.7522398e-05
-6.9962949e-06
-3.8825552e-13
-6.9962938e-06
-6.6613083e-13
-1.7522396e-05
-6.8781694e-13
-2.4588214e-05
4.2656428e-14
-2.8146865e-05
7.7878077e-13
-2.8146865e-05
7.3058401e-13
-2.4588215e-05
4.1358133e-13
-1.7522397e-05
-6.9962941e-06
-2.2543903e-13
-6.9962939e-06
-7.761886e-13
-1.7522396e-05
-5.7913204e-13
-2.4588215e-05
4.7795327e-14
-2.8146866e-05
6.5390308e-13
-2.8146866e-05
8.3745346e-13
-2.4588216e-05
2.5722476e-13
-1.7522397e-05
-6.9962941e-06
-3.7130644e-13
-6.996293e-06
-6.2781708e-13
-1.7522395e-05
-6.5347058e-13
-2.4588214e-05
4.0142445e-14
-2.8146866e-05
7.3989226e-13
-2.8146866e-05
6.8869372e-13
-2.4588215e-05
3.9490015e-13
-1.7522396e-05
-6.9962933e-06
-2.1007071e-13
-6.9962931e-06
-7.3771839e-13
-1.7522395e-05
-5.4578857e-13
-2.4588215e-05
4.5404284e-14
-2.8146867e-05
6.1604292e-13
-2.8146867e-05
7.9552059e-13
-2.4588215e-05
2.4026299e-13
-1.7522395e-05
-6.9962933e-06
-3.5491513e-13
-6.9962922e-06
-5.9073876e-13
-1.7522394e-05
-6.2027224e-13
-2.4588214e-05
3.7758334e-14
-2.8146867e-05
7.0239e-13
-2.8146867e-05
6.482417e-13
-2.4588214e-05
3.7688293e-13
-1.7522395e-05
-6.9962925e-06
-1.9515442e-13
-6.9962924e-06
-7.005082e-13
-1.7522394e-05
-5.1353435e-13
-2.4588215e-05
4.3142172e-14
-2.8146868e-05
5.7952209e-13
-2.8146868e-05
7.5505008e-13
-2.4588215e-05
2.2385133e-13
-1.7522394e-05
-6.9962926e-06
-3.3905561e-13
-6.9962915e-06
-5.5483989e-13
-1.7522393e-05
-5.8816195e-13
-2.4588214e-05
3.550999e-14
-2.8146868e-05
6.662229e-13
-2.8146868e-05
6.0917282e-13
-2.4588214e-05
3.5950079e-13
-1.7522394e-05
-6.9962918e-06
-1.8067296e-13
-6.9962917e-06
-6.645001e-13
-1.7522393e-05
-4.823148e-13
-2.4588215e-05
4.1013395e-14
-2.8146869e-05
5.4429228e-13
-2.8146869e-05
7.1598355e-13
-2.4588215e-05
2.0796988e-13
-1.7522393e-05
-6.9962919e-06
-3.2370399e-13
-6.9962909e-06
-5.2007009e-13
-1.7522392e-05
-5.5708557e-13
-2.4588214e-05
3.340046e-14
-2.8146868e-05
6.3134132e-13
-2.8146869e-05
5.7143451e-13
-2.4588214e-05
3.4272621e-13
-1.7522393e-05
-6.9962911e-06
-1.6661164e-13
-6.9962911e-06
-6.2964162e-13
-1.7522392e-05
-4.5208172e-13
-2.4588214e-05
3.9020153e-14
-2.8146869e-05
5.1030669e-13
-2.814687e-05
6.7826521e-13
-2.4588215e-05
1.9260062e-13
-1.7522392e-05
-6.9962912e-06
-3.0883844e-13
-6.9962903e-06
-4.8638386e-13
-1.7522391e-05
-5.2699578e-13
-2.4588214e-05
3.1430351e-14
-2.8146869e-05
5.9769732e-13
-2.8146869e-05
5.3497724e-13
-2.4588214e-05
3.265336e-13
-1.7522392e-05
-6.9962905e-06
-1.5295688e-13
-6.9962905e-06
-5.9588533e-13
-1.7522391e-05
-4.2279295e-13
-2.4588214e-05
3.7162044e-14
-2.814687e-05
4.7752039e-13
-2.814687e-05
6.4184331e-13
-2.4588215e-05
1.7772622e-13
-1.7522392e-05
-6.9962906e-06
-2.9443963e-13
-6.9962897e-06
-4.5374077e-13
-1.752239e-05
-4.9785091e-13
-2.4588213e-05
2.9597905e-14
-2.814687e-05
5.652457e-13
-2.814687e-05
4.9975534e-13
-2.4588214e-05
3.10899e-13
-1.7522391e-05
-6.9962899e-06
-1.3969815e-13
-6.9962899e-06
-5.6318997e-13
-1.752239e-05
-3.9441187e-13
-2.4588214e-05
3.543701e-14
-2.8146871e-05
4.4589192e-13
-2.8146871e-05
6.0667018e-13
-2.4588215e-05
1.6333155e-13
-1.7522391e-05
-6.99629e-06
-2.8049047e-13
-6.9962891e-06
-4.2210668e-13
-1.7522389e-05
-4.6961521e-13
-2.4588213e-05
2.7900425e-14
-2.8146871e-05
5.339448e-13
-2.8146871e-05
4.6572736e-13
-2.4588214e-05
2.9580066e-13
-1.752239e-05
-6.9962894e-06
-1.2682558e-13
-6.9962894e-06
-5.3151993e-13
-1.752239e-05
-3.6690781e-13
-2.4588214e-05
3.3841908e-14
-2.8146872e-05
4.1538336e-13
-2.8146872e-05
5.7270261e-13
-2.4588215e-05
1.4940302e-13
-1.752239e-05
-6.9962895e-06
-2.6697562e-13
-6.9962886e-06
-3.9145265e-13
-1.7522389e-05
-4.422584e-13
-2.4588213e-05
2.633396e-14
-2.8146871e-05
5.0375712e-13
-2.8146871e-05
4.3285653e-13
-2.4588214e-05
2.8121885e-13
-1.7522389e-05
-6.9962888e-06
-1.1433216e-13
-6.9962889e-06
-5.0084475e-13
-1.7522389e-05
-3.4025512e-13
-2.4588214e-05
3.237267e-14
-2.8146872e-05
3.8596082e-13
-2.8146872e-05
5.3990284e-13
-2.4588214e-05
1.3592897e-13
-1.7522389e-05
-6.996289e-06
-2.5388279e-13
-6.9962881e-06
-3.6175459e-13
-1.7522388e-05
-4.1575555e-13
-2.4588213e-05
2.4893958e-14
-2.8146872e-05
4.7464912e-13
-2.8146872e-05
4.0111159e-13
-2.4588214e-05
2.6713631e-13
-1.7522388e-05
-6.9962883e-06
-1.0221248e-13
-6.9962884e-06
-4.7113964e-13
-1.7522388e-05
-3.1443362e-13
-2.4588214e-05
3.1025046e-14
-2.8146873e-05
3.57595e-13
-2.8146873e-05
5.0823836e-13
-2.4588214e-05
1.2289993e-13
-1.7522388e-05
-6.9962885e-06
-2.412013e-13
-6.9962877e-06
-3.329944e-13
-1.7522387e-05
-3.9008697e-13
-2.4588213e-05
2.3575924e-14
-2.8146872e-05
4.4659263e-13
-2.8146873e-05
3.7046598e-13
-2.4588213e-05
2.535385e-13
-1.7522388e-05
-6.9962879e-06
-9.0463506e-14
-6.9962879e-06
-4.4238532e-13
-1.7522387e-05
-2.8942814e-13
-2.4588214e-05
2.9794464e-14
-2.8146873e-05
3.3026162e-13
-2.8146874e-05
4.7768205e-13
-2.4588214e-05
1.1030918e-13
-1.7522388e-05
-6.996288e-06
-2.2892332e-13
-6.9962872e-06
-3.051587e-13
-1.7522387e-05
-3.6523799e-13
-2.4588213e-05
2.2374899e-14
-2.8146873e-05
4.1956413e-13
-2.8146873e-05
3.4089919e-13
-2.4588213e-05
2.4041347e-13
-1.7522387e-05
-6.9962874e-06
-7.9083678e-14
-6.9962875e-06
-4.1456777e-13
-1.7522387e-05
-2.6522801e-13
-2.4588214e-05
2.8676294e-14
-2.8146874e-05
3.0394159e-13
-2.8146874e-05
4.4821289e-13
-2.4588214e-05
9.815126e-14
-1.7522387e-05
-6.9962876e-06
-2.1704272e-13
-6.9962869e-06
-2.7823979e-13
-1.7522386e-05
-3.4119885e-13
-2.4588213e-05
2.1286379e-14
-2.8146874e-05
3.935457e-13
-2.8146874e-05
3.1239624e-13
-2.4588213e-05
2.2775126e-13
-1.7522387e-05
-6.996287e-06
-6.8073868e-14
-6.9962872e-06
-3.8767876e-13
-1.7522386e-05
-2.4182817e-13
-2.4588214e-05
2.7666552e-14
-2.8146874e-05
2.7862079e-13
-2.8146874e-05
4.1981568e-13
-2.4588214e-05
8.6424031e-14
-1.7522387e-05
-6.9962872e-06
-2.0555589e-13
-6.9962865e-06
-2.5223527e-13
-1.7522386e-05
-3.1796491e-13
-2.4588213e-05
2.0305839e-14
-2.8146874e-05
3.6852451e-13
-2.8146874e-05
2.8494819e-13
-2.4588213e-05
2.1554511e-13
-1.7522386e-05
-6.9962867e-06
-5.7436557e-14
-6.9962868e-06
-3.6171511e-13
-1.7522386e-05
-2.1922767e-13
-2.4588214e-05
2.6760654e-14
-2.8146875e-05
2.5429067e-13
-2.8146875e-05
3.9248118e-13
-2.4588214e-05
7.5126906e-14
-1.7522386e-05
-6.9962869e-06
-1.9446169e-13
-6.9962861e-06
-2.2714769e-13
-1.7522385e-05
-2.9553605e-13
-2.4588213e-05
1.9429136e-14
-2.8146874e-05
3.4449324e-13
-2.8146875e-05
2.5855137e-13
-2.4588213e-05
2.0379064e-13
-1.7522385e-05
-6.9962863e-06
-4.7177039e-14
-6.9962865e-06
-3.3667906e-13
-1.7522385e-05
-1.9743066e-13
-2.4588214e-05
2.5954955e-14
-2.8146875e-05
2.3094754e-13
-2.8146875e-05
3.6620565e-13
-2.4588214e-05
6.4262158e-14
-1.7522386e-05
-6.9962865e-06
-1.8376137e-13
-6.9962858e-06
-2.0298465e-13
-1.7522385e-05
-2.7391723e-13
-2.4588213e-05
1.8651946e-14
-2.8146875e-05
3.2144928e-13
-2.8146875e-05
2.3320783e-13
-2.4588213e-05
1.924861e-13
-1.7522385e-05
-6.996286e-06
-3.7301689e-14
-6.9962862e-06
-3.1257817e-13
-1.7522385e-05
-1.7644591e-13
-2.4588213e-05
2.5245037e-14
-2.8146876e-05
2.0859246e-13
-2.8146876e-05
3.4099114e-13
-2.4588214e-05
5.383358e-14
-1.7522385e-05
-6.9962862e-06
-1.7345781e-13
-6.9962855e-06
-1.7975938e-13
-1.7522384e-05
-2.5311805e-13
-2.4588213e-05
1.7969814e-14
-2.8146875e-05
2.9939453e-13
-2.8146875e-05
2.0892464e-13
-2.4588213e-05
1.8163157e-13
-1.7522385e-05
-6.9962857e-06
-2.7819218e-14
-6.9962859e-06
-2.8942524e-13
-1.7522384e-05
-1.5628684e-13
-2.4588213e-05
2.4626413e-14
-2.8146876e-05
1.872302e-13
-2.8146876e-05
3.1684429e-13
-2.4588214e-05
4.3847255e-14
-1.7522385e-05
-6.996286e-06
-1.6355658e-13
-6.9962853e-06
-1.5748943e-13
-1.7522384e-05
-2.3315317e-13
-2.4588213e-05
1.7377504e-14
-2.8146875e-05
2.7833483e-13
-2.8146876e-05
1.8571291e-13
-2.4588213e-05
1.7122995e-13
-1.7522384e-05
-6.9962854e-06
-1.8739719e-14
-6.9962856e-06
-2.6723805e-13
-1.7522384e-05
-1.3697186e-13
-2.4588213e-05
2.4093483e-14
-2.8146876e-05
1.6686928e-13
-2.8146876e-05
2.9377604e-13
-2.4588214e-05
3.4310893e-14
-1.7522384e-05
-6.9962857e-06
-1.5406509e-13
-6.996285e-06
-1.3619703e-13
-1.7522383e-05
-2.1404225e-13
-2.4588212e-05
1.6868615e-14
-2.8146876e-05
2.5827837e-13
-2.8146876e-05
1.6358801e-13
-2.4588213e-05
1.6128568e-13
-1.7522384e-05
-6.9962852e-06
-1.0075446e-14
-6.9962854e-06
-2.460388e-13
-1.7522384e-05
-1.1852425e-13
-2.4588213e-05
2.3639004e-14
-2.8146876e-05
1.4751979e-13
-2.8146876e-05
2.7180097e-13
-2.4588213e-05
2.5233578e-14
-1.7522384e-05
-6.9962854e-06
-1.4499255e-13
-6.9962848e-06
-1.1590903e-13
-1.7522383e-05
-1.9580973e-13
-2.4588212e-05
1.6434645e-14
-2.8146876e-05
2.3923539e-13
-2.8146876e-05
1.4256712e-13
-2.4588213e-05
1.5180499e-13
-1.7522383e-05
-6.9962849e-06
-1.839263e-15
-6.9962852e-06
-2.258545e-13
-1.7522383e-05
-1.0097191e-13
-2.4588213e-05
2.3253193e-14
-2.8146877e-05
1.2919284e-13
-2.8146877e-05
2.5093523e-13
-2.4588213e-05
1.6624914e-14
-1.7522384e-05
-6.9962852e-06
-1.3635011e-13
-6.9962846e-06
-9.6656019e-14
-1.7522383e-05
-1.7848515e-13
-2.4588212e-05
1.6064084e-14
-2.8146876e-05
2.2121567e-13
-2.8146876e-05
1.2266876e-13
-2.4588213e-05
1.4279486e-13
-1.7522383e-05
-6.9962847e-06
5.9540581e-15
-6.996285e-06
-2.0671599e-13
-1.7522383e-05
-8.4347487e-14
-2.4588213e-05
2.2922808e-14
-2.8146877e-05
1.1189798e-13
-2.8146877e-05
2.311958e-13
-2.4588213e-05
8.4952673e-15
-1.7522383e-05
-6.996285e-06
-1.2815054e-13
-6.9962844e-06
-7.8471684e-14
-1.7522383e-05
-1.6210265e-13
-2.4588212e-05
1.5741292e-14
-2.8146876e-05
2.042269e-13
-2.8146876e-05
1.0391105e-13
-2.4588212e-05
1.3426266e-13
-1.7522383e-05
-6.9962845e-06
1.3289336e-14
-6.9962848e-06
-1.8865719e-13
-1.7522383e-05
-6.8688278e-14
-2.4588213e-05
2.2630035e-14
-2.8146877e-05
9.5641469e-14
-2.8146877e-05
2.1259852e-13
-2.4588213e-05
8.5372878e-16
-1.7522383e-05
-6.9962848e-06
-1.2040738e-13
-6.9962842e-06
-6.1392615e-14
-1.7522382e-05
-1.467015e-13
-2.4588212e-05
1.5445718e-14
-2.8146876e-05
1.8827274e-13
-2.8146877e-05
8.6308913e-14
-2.4588212e-05
1.2621513e-13
-1.7522383e-05
-6.9962844e-06
2.0151036e-14
-6.9962846e-06
-1.7171485e-13
-1.7522383e-05
-5.4036042e-14
-2.4588213e-05
2.2350789e-14
-2.8146877e-05
8.0424614e-14
-2.8146877e-05
1.9515529e-13
-2.4588213e-05
-6.2918686e-15
-1.7522383e-05
-6.9962847e-06
-1.131353e-13
-6.9962841e-06
-4.5456933e-14
-1.7522382e-05
-1.3232519e-13
-2.4588212e-05
1.5149709e-14
-2.8146877e-05
1.7335023e-13
-2.8146877e-05
6.9872641e-14
-2.4588212e-05
1.1865813e-13
-1.7522382e-05
-6.9962842e-06
2.6523714e-14
-6.9962845e-06
-1.5592736e-13
-1.7522382e-05
-4.0436628e-14
-2.4588213e-05
2.2054061e-14
-2.8146877e-05
6.6239625e-14
-2.8146877e-05
1.7887282e-13
-2.4588213e-05
-1.293569e-14
-1.7522383e-05
-6.9962845e-06
-1.0634906e-13
-6.996284e-06
-3.0703382e-14
-1.7522382e-05
-1.1902149e-13
-2.4588212e-05
1.4818307e-14
-2.8146877e-05
1.5944633e-13
-2.8146877e-05
5.4605024e-14
-2.4588212e-05
1.1159504e-13
-1.7522382e-05
-6.9962841e-06
3.239241e-14
-6.9962844e-06
-1.4133323e-13
-1.7522382e-05
-2.7939202e-14
-2.4588213e-05
2.1700402e-14
-2.8146877e-05
5.3067889e-14
-2.8146877e-05
1.6374892e-13
-2.4588213e-05
-1.9075658e-14
-1.7522382e-05
-6.9962844e-06
-1.0006335e-13
-6.9962838e-06
-1.7169861e-14
-1.7522382e-05
-1.0684094e-13
-2.4588212e-05
1.4407414e-14
-2.8146877e-05
1.4653638e-13
-2.8146877e-05
4.0498631e-14
-2.4588212e-05
1.050263e-13
-1.7522382e-05
-6.9962839e-06
3.7744041e-14
-6.9962843e-06
-1.2797001e-13
-1.7522382e-05
-1.6594908e-14
-2.4588213e-05
2.1240982e-14
-2.8146877e-05
4.0877027e-14
-2.8146877e-05
1.4977085e-13
-2.4588213e-05
-2.4714189e-14
-1.7522382e-05
-6.9962843e-06
-9.4291348e-14
-6.9962837e-06
-4.8913383e-15
-1.7522381e-05
-9.5836004e-14
-2.4588212e-05
1.3863517e-14
-2.8146877e-05
1.3458059e-13
-2.8146877e-05
2.7533293e-14
-2.4588212e-05
9.8947784e-14
-1.7522382e-05
-6.9962838e-06
4.2567578e-14
-6.9962842e-06
-1.1587132e-13
-1.7522382e-05
-6.455314e-15
-2.4588213e-05
2.0617567e-14
-2.8146877e-05
2.961822e-14
-2.8146877e-05
1.3691194e-13
-2.4588213e-05
-2.9859309e-14
-1.7522382e-05
-6.9962841e-06
-8.9044599e-14
-6.9962836e-06
6.1024515e-15
-1.7522381e-05
-8.6058017e-14
-2.4588212e-05
1.312398e-14
-2.8146877e-05
1.235217e-13
-2.8146877e-05
1.5673201e-14
-2.4588212e-05
9.3350081e-14
-1.7522381e-05
-6.9962837e-06
4.6855622e-14
-6.9962841e-06
-1.0506519e-13
-1.7522382e-05
2.4306857e-15
-2.4588213e-05
1.9763184e-14
-2.8146877e-05
1.9224504e-14
-2.8146877e-05
1.2512918e-13
-2.4588213e-05
-3.4526245e-14
-1.7522382e-05
-6.996284e-06
-8.4331142e-14
-6.9962835e-06
1.579041e-14
-1.7522381e-05
-7.7554425e-14
-2.4588212e-05
1.2117616e-14
-2.8146877e-05
1.1328469e-13
-2.8146877e-05
4.8645746e-15
-2.4588212e-05
8.8216872e-14
-1.7522381e-05
-6.9962836e-06
5.0605709e-14
-6.996284e-06
-9.5568806e-14
-1.7522382e-05
1.0020928e-14
-2.4588212e-05
1.8603352e-14
-2.8146877e-05
9.6095794e-15
-2.8146877e-05
1.143614e-13
-2.4588213e-05
-3.8737976e-14
-1.7522382e-05
-6.996284e-06
-8.0153813e-14
-6.9962835e-06
2.4164615e-14
-1.7522381e-05
-7.0363432e-14
-2.4588212e-05
1.0768052e-14
-2.8146877e-05
1.0377465e-13
-2.8146877e-05
-4.9663237e-15
-2.4588212e-05
8.3524324e-14
-1.7522381e-05
-6.9962835e-06
5.3822873e-14
-6.9962839e-06
-8.7384072e-14
-1.7522381e-05
1.6285978e-14
-2.4588212e-05
1.7060251e-14
-2.8146877e-05
6.6765909e-16
-2.8146877e-05
1.0452678e-13
-2.4588212e-05
-4.252658e-14
-1.7522381e-05
-6.9962839e-06
-7.6507919e-14
-6.9962834e-06
3.1236725e-14
-1.7522381e-05
-6.4506361e-14
-2.4588212e-05
8.9975404e-15
-2.8146877e-05
9.4878366e-14
-2.8146877e-05
-1.3914685e-14
-2.4588212e-05
7.9239948e-14
-1.7522381e-05
-6.9962834e-06
5.6521225e-14
-6.9962838e-06
-8.0490055e-14
-1.7522381e-05
2.1218484e-14
-2.4588212e-05
1.5058908e-14
-2.8146877e-05
-7.7247701e-15
-2.8146877e-05
9.5522479e-14
-2.4588212e-05
-4.5934077e-14
-1.7522381e-05
-6.9962838e-06
-7.3378558e-14
-6.9962833e-06
3.7045099e-14
-1.7522381e-05
-5.9977324e-14
-2.4588211e-05
6.73565e-15
-2.8146877e-05
8.6466952e-14
-2.8146877e-05
-2.209733e-14
-2.4588212e-05
7.5321809e-14
-1.7522381e-05
-6.9962834e-06
5.8728438e-14
-6.9962838e-06
-7.4835225e-14
-1.7522381e-05
2.4843861e-14
-2.4588212e-05
1.2536275e-14
-2.8146877e-05
-1.5704506e-14
-2.8146877e-05
8.7225272e-14
-2.4588212e-05
-4.9012832e-14
-1.7522381e-05
-6.9962837e-06
-7.0735977e-14
-6.9962833e-06
4.1665133e-14
-1.7522381e-05
-5.6731127e-14
-2.4588211e-05
3.9294594e-15
-2.8146877e-05
7.8402124e-14
-2.8146877e-05
-2.9651322e-14
-2.4588211e-05
7.171806e-14
-1.7522381e-05
-6.9962833e-06
6.0488984e-14
-6.9962837e-06
-7.0324799e-14
-1.7522381e-05
2.7235339e-14
-2.4588212e-05
9.4543212e-15
-2.8146877e-05
-2.3414274e-14
-2.8146877e-05
7.949275e-14
-2.4588212e-05
-5.1825438e-14
-1.7522381e-05
-6.9962837e-06
-6.8531729e-14
-6.9962832e-06
4.5221251e-14
-1.7522381e-05
-5.4665369e-14
-2.4588211e-05
5.5902151e-16
-2.8146877e-05
7.0544385e-14
-2.8146877e-05
-3.6730992e-14
-2.4588211e-05
6.836716e-14
-1.7522381e-05
-6.9962833e-06
6.1870013e-14
-6.9962836e-06
-6.6808627e-14
-1.7522381e-05
2.8532543e-14
-2.4588212e-05
5.8167094e-15
-2.8146877e-05
-3.0992176e-14
-2.8146877e-05
7.2168871e-14
-2.4588212e-05
-5.4444581e-14
-1.7522381e-05
-6.9962836e-06
-6.6691684e-14
-6.9962831e-06
4.7900672e-14
-1.752238e-05
-5.360152e-14
-2.4588211e-05
-3.3443771e-15
-2.8146877e-05
6.2767067e-14
-2.8146877e-05
-4.3501521e-14
-2.4588211e-05
6.5198735e-14
-1.7522381e-05
-6.9962832e-06
6.2966484e-14
-6.9962836e-06
-6.4066321e-14
-1.7522381e-05
2.8960877e-14
-2.4588212e-05
1.690165e-15
-2.8146877e-05
-3.8555364e-14
-2.8146877e-05
6.5091157e-14
-2.4588212e-05
-5.6950278e-14
-1.7522381e-05
-6.9962836e-06
-6.5111851e-14
-6.9962831e-06
4.9967483e-14
-1.752238e-05
-5.3264763e-14
-2.4588211e-05
-7.675564e-15
-2.8146877e-05
5.4973912e-14
-2.8146877e-05
-5.0129147e-14
-2.4588211e-05
6.2136286e-14
-1.752238e-05
-6.9962832e-06
6.390626e-14
-6.9962835e-06
-6.1794361e-14
-1.7522381e-05
2.8851609e-14
-2.4588212e-05
-2.7734842e-15
-2.8146877e-05
-4.6180433e-14
-2.8146877e-05
5.810241e-14
-2.4588212e-05
-5.9427146e-14
-1.7522381e-05
-6.9962835e-06
-6.3651501e-14
-6.996283e-06
5.1773342e-14
-1.752238e-05
-5.3265461e-14
-2.4588211e-05
-1.2232818e-14
-2.8146877e-05
4.7120493e-14
-2.8146877e-05
-5.6766977e-14
-2.4588211e-05
5.909942e-14
-1.752238e-05
-6.9962831e-06
6.4853956e-14
-6.9962835e-06
-5.9597691e-14
-1.7522381e-05
2.8656994e-14
-2.4588212e-05
-7.3151569e-15
-2.8146877e-05
-5.3879775e-14
-2.8146877e-05
5.1066369e-14
-2.4588212e-05
-6.1959689e-14
-1.7522381e-05
-6.9962835e-06
-6.2130937e-14
-6.996283e-06
5.3761699e-14
-1.752238e-05
-5.3089398e-14
-2.4588211e-05
-1.6698613e-14
-2.8146876e-05
3.9238586e-14
-2.8146876e-05
-6.3537488e-14
-2.4588211e-05
5.600927e-14
-1.752238e-05
-6.9962831e-06
6.6010741e-14
-6.9962834e-06
-5.6990047e-14
-1.7522381e-05
2.8951407e-14
-2.4588212e-05
-1.155344e-14
-2.8146877e-05
-6.1576747e-14
-2.8146877e-05
4.3885632e-14
-2.4588212e-05
-6.4625519e-14
-1.7522381e-05
-6.9962834e-06
-6.0330797e-14
-6.9962829e-06
5.6457152e-14
-1.752238e-05
-5.2105996e-14
-2.4588211e-05
-2.0629785e-14
-2.8146876e-05
3.1459086e-14
-2.8146876e-05
-7.0510462e-14
-2.4588211e-05
5.279216e-14
-1.752238e-05
-6.996283e-06
6.7607376e-14
-6.9962834e-06
-5.3415101e-14
-1.752238e-05
3.041077e-14
-2.4588212e-05
-1.4984148e-14
-2.8146877e-05
-6.9080866e-14
-2.8146877e-05
3.652395e-14
-2.4588212e-05
-6.7487312e-14
-1.7522381e-05
-6.9962834e-06
-5.7999305e-14
-6.9962829e-06
6.0428921e-14
-1.752238e-05
-4.9606298e-14
-2.4588211e-05
-2.3466578e-14
-2.8146876e-05
2.4036032e-14
-2.8146876e-05
-7.7674485e-14
-2.4588211e-05
4.9383942e-14
-1.752238e-05
-6.996283e-06
6.988475e-14
-6.9962834e-06
-4.8297214e-14
-1.752238e-05
3.3749182e-14
-2.4588211e-05
-1.7000625e-14
-2.8146877e-05
-7.6059839e-14
-2.8146877e-05
2.9036066e-14
-2.4588212e-05
-7.0580703e-14
-1.7522381e-05
-6.9962834e-06
-5.4871756e-14
-6.9962829e-06
6.6209077e-14
-1.752238e-05
-4.4892816e-14
-2.4588211e-05
-2.4563616e-14
-2.8146876e-05
1.7376027e-14
-2.8146876e-05
-8.4890017e-14
-2.4588211e-05
4.5736155e-14
-1.752238e-05
-6.996283e-06
7.3049195e-14
-6.9962833e-06
-4.1151965e-14
-1.752238e-05
3.9590913e-14
-2.4588211e-05
-1.6940793e-14
-2.8146877e-05
-8.1988509e-14
-2.8146877e-05
2.1625783e-14
-2.4588211e-05
-7.3889289e-14
-1.752238e-05
-6.9962834e-06
-5.0717516e-14
-6.9962828e-06
7.4125495e-14
-1.752238e-05
-3.745394e-14
-2.458821e-05
-2.324764e-14
-2.8146876e-05
1.2111823e-14
-2.8146876e-05
-9.1785919e-14
-2.4588211e-05
4.1838989e-14
-1.752238e-05
-6.996283e-06
7.7181198e-14
-6.9962833e-06
-3.1812079e-14
-1.752238e-05
4.8221592e-14
-2.4588211e-05
-1.4154292e-14
-2.8146876e-05
-8.6016254e-14
-2.8146877e-05
1.4795724e-14
-2.4588211e-05
-7.7280753e-14
-1.752238e-05
-6.9962833e-06
-4.5453063e-14
-6.9962828e-06
8.39579e-14
-1.752238e-05
-2.7301442e-14
-2.458821e-05
-1.8885919e-14
-2.8146876e-05
9.3119717e-15
-2.8146876e-05
-9.7495297e-14
-2.4588211e-05
3.7802182e-14
-1.752238e-05
-6.996283e-06
8.2028029e-14
-6.9962833e-06
-2.0912509e-14
-1.752238e-05
5.9109445e-14
-2.4588211e-05
-8.0728393e-15
-2.8146876e-05
-8.660236e-14
-2.8146876e-05
9.7505153e-15
-2.4588211e-05
-8.0333006e-14
-1.752238e-05
-6.9962833e-06
-3.9428984e-14
-6.9962828e-06
9.4202236e-14
-1.752238e-05
-1.5642736e-14
-2.458821e-05
-1.0940375e-14
-2.8146876e-05
1.1053251e-14
-2.8146876e-05
-9.9983481e-14
-2.458821e-05
3.4112992e-14
-1.752238e-05
-6.996283e-06
8.6528602e-14
-6.9962833e-06
-1.0968507e-14
-1.752238e-05
6.9931575e-14
-2.4588211e-05
1.7573114e-15
-2.8146876e-05
-8.0597846e-14
-2.8146876e-05
9.4339577e-15
-2.4588211e-05
-8.1879182e-14
-1.752238e-05
-6.9962833e-06
-3.414635e-14
-6.9962828e-06
1.0044585e-13
-1.752238e-05
-6.2862812e-15
-2.458821e-05
1.037639e-15
-2.8146875e-05
2.1828913e-14
-2.8146876e-05
-9.4424671e-14
-2.458821e-05
3.2346812e-14
-1.752238e-05
-6.996283e-06
8.7699933e-14
-6.9962832e-06
-8.803059e-15
-1.752238e-05
7.4535235e-14
-2.4588211e-05
1.5722647e-14
-2.8146876e-05
-6.1115224e-14
-2.8146876e-05
2.1003031e-14
-2.4588211e-05
-7.8881196e-14
-1.752238e-05
-6.9962833e-06
-3.3992983e-14
-6.9962828e-06
9.1794871e-14
-1.7522379e-05
-8.6294208e-15
-2.458821e-05
1.7510434e-14
-2.8146875e-05
5.1717876e-14
-2.8146875e-05
-6.9515773e-14
-2.458821e-05
3.6938713e-14
-1.752238e-05
-6.996283e-06
7.8090252e-14
-6.9962832e-06
-3.08816e-14
-1.752238e-05
5.866598e-14
-2.4588211e-05
3.4297606e-14
-2.8146876e-05
-1.2973278e-14
-2.8146876e-05
6.13407e-14
-2.4588211e-05
-6.3821291e-14
-1.752238e-05
-6.9962833e-06
-5.020629e-14
-6.9962827e-06
4.3268146e-14
-1.7522379e-05
-4.3862778e-14
-2.458821e-05
3.9155142e-14
-2.8146875e-05
1.229622e-13
-2.8146875e-05
3.6445894e-16
-2.458821e-05
5.923745e-14
-1.752238e-05
-6.9962829e-06
4.0228618e-14
-6.9962832e-06
-1.1442357e-13
-1.752238e-05
-8.606424e-15
-2.4588211e-05
5.8276454e-14
-2.8146876e-05
9.6298919e-14
-2.8146876e-05
1.6844573e-13
-2.4588211e-05
-1.9040137e-14
-1.752238e-05
-6.9962832e-06
-1.092928e-13
-6.9962826e-06
-9.9353248e-14
-1.7522379e-05
-1.5701662e-13
-2.458821e-05
6.7081119e-14
-2.8146876e-05
2.8244416e-13
-2.8146876e-05
1.7057845e-13
-2.458821e-05
1.2604822e-13
-1.7522379e-05
-6.9962828e-06
-6.4541618e-14
-6.9962829e-06
-3.3860189e-13
-1.7522379e-05
-1.9060945e-13
-2.4588211e-05
8.8940912e-14
-2.8146876e-05
3.3249952e-13
-2.8146876e-05
4.2286484e-13
-2.4588211e-05
9.4546115e-14
-1.7522379e-05
-6.996283e-06
-2.6919162e-13
-6.9962822e-06
-4.4651273e-13
-1.7522379e-05
-4.3763287e-13
-2.458821e-05
1.0285125e-13
-2.8146876e-05
6.2248806e-13
-2.8146876e-05
5.5330049e-13
-2.458821e-05
2.9588936e-13
-1.7522379e-05
-6.9962823e-06
-3.1582374e-13
-6.9962823e-06
-8.5937801e-13
-1.7522379e-05
-6.0730153e-13
-2.4588211e-05
1.2789671e-13
-2.8146878e-05
8.1871844e-13
-2.8146878e-05
9.8242598e-13
-2.4588211e-05
3.5724298e-13
-1.7522378e-05
-6.9962823e-06
-6.4573419e-13
-6.9962812e-06
-1.2036761e-12
-1.7522377e-05
-1.0472014e-12
-2.458821e-05
1.4801965e-13
-2.8146878e-05
1.3076009e-12
-2.8146878e-05
1.355871e-12
-2.458821e-05
6.8540698e-13
-1.7522377e-05
-6.9962812e-06
-8.6156995e-13
-6.9962807e-06
-1.9508489e-12
-1.7522377e-05
-1.4590261e-12
-2.4588211e-05
1.7629871e-13
-2.814688e-05
1.7576616e-12
-2.814688e-05
2.1227705e-12
-2.4588211e-05
9.1781232e-13
-1.7522377e-05
-6.9962806e-06
-1.4434644e-12
-6.9962788e-06
-2.7000728e-12
-1.7522375e-05
-2.2317264e-12
-2.4588211e-05
2.02771e-13
-2.8146882e-05
2.5847468e-12
-2.8146882e-05
2.9081367e-12
-2.4588211e-05
1.499881e-12
-1.7522375e-05
-6.9962788e-06
-1.934661e-12
-6.9962773e-06
-4.0066266e-12
-1.7522373e-05
-3.0063739e-12
-2.4588213e-05
2.3297946e-13
-2.8146886e-05
3.4081138e-12
-2.8146886e-05
4.2368654e-12
-2.4588212e-05
2.00958e-12
-1.7522373e-05
-6.9962771e-06
-2.9552914e-12
-6.9962739e-06
-5.3201581e-12
-1.752237e-05
-4.2416092e-12
-2.4588213e-05
2.6364972e-13
-2.814689e-05
4.6992402e-12
-2.814689e-05
5.5915704e-12
-2.4588212e-05
3.0322721e-12
-1.752237e-05
-6.9962736e-06
-3.7925401e-12
-6.9962705e-06
-7.3541577e-12
-1.7522367e-05
-5.378187e-12
-2.4588216e-05
2.9203103e-13
-2.8146896e-05
5.8883351e-12
-2.8146896e-05
7.6467882e-12
-2.4588215e-05
3.8893698e-12
-1.7522366e-05
-6.99627e-06
-5.4249938e-12
-6.9962646e-06
-9.10773e-12
-1.7522363e-05
-6.9623711e-12
-2.4588217e-05
3.2093761e-13
-2.8146903e-05
7.5206009e-12
-2.8146902e-05
9.4407183e-12
-2.4588216e-05
5.5249504e-12
-1.7522362e-05
-6.9962641e-06
-6.4208613e-12
-6.9962585e-06
-1.1545829e-11
-1.7522358e-05
-7.927372e-12
-2.4588221e-05
3.4034333e-13
-2.8146912e-05
8.5270684e-12
-2.8146911e-05
1.1892436e-11
-2.458822e-05
6.5403978e-12
-1.7522357e-05
-6.9962578e-06
-8.54792e-12
-6.9962495e-06
-1.2590277e-11
-1.7522354e-05
-8.8808171e-12
-2.4588224e-05
3.5668053e-13
-2.814692e-05
9.5049654e-12
-2.8146919e-05
1.29659e-11
-2.4588222e-05
8.6697036e-12
-1.7522352e-05
-6.9962487e-06
-8.7231482e-12
-6.9962411e-06
-1.355912e-11
-1.7522349e-05
-7.6771204e-12
-2.4588231e-05
3.5670665e-13
-2.8146929e-05
8.3081755e-12
-2.8146928e-05
1.3931284e-11
-2.4588229e-05
8.8614638e-12
-1.7522347e-05
-6.9962401e-06
-1.0274398e-11
-6.9962303e-06
-1.0197796e-11
-1.7522349e-05
-4.8832692e-12
-2.4588235e-05
3.4570606e-13
-2.8146933e-05
5.4946614e-12
-2.8146932e-05
1.0573328e-11
-2.4588233e-05
1.0410796e-11
-1.7522347e-05
-6.9962293e-06
-6.8859026e-12
-6.9962237e-06
-4.306715e-12
-1.7522352e-05
3.5962848e-12
-2.4588244e-05
3.1489191e-13
-2.8146931e-05
-3.041422e-12
-2.814693e-05
4.6512761e-12
-2.4588241e-05
7.0319292e-12
-1.7522349e-05
-6.9962225e-06
-4.6628582e-12
-6.9962185e-06
1.2100145e-11
-1.7522368e-05
1.7380358e-11
-2.4588248e-05
2.6083468e-13
-2.8146913e-05
-1.6909029e-11
-2.8146912e-05
-1.1792873e-11
-2.4588246e-05
4.7979988e-12
-1.7522365e-05
-6.9962172e-06
8.0980539e-12
-6.9962269e-06
3.6469508e-11
-1.7522397e-05
4.3506069e-11
-2.4588256e-05
1.9061418e-13
-2.814687e-05
-4.3180384e-11
-2.8146869e-05
-3.6228539e-11
-2.4588253e-05
-7.9648704e-12
-1.7522394e-05
-6.9962254e-06
2.0892346e-11
-6.9962472e-06
8.207528e-11
-1.7522458e-05
8.1770037e-11
-2.4588255e-05
8.274366e-14
-2.8146788e-05
-8.1601041e-11
-2.8146787e-05
-8.1923059e-11
-2.4588252e-05
-2.0785715e-11
-1.7522455e-05
-6.9962458e-06
5.2881874e-11
-6.9963005e-06
1.4493024e-10
-1.752255e-05
1.4269022e-10
-2.4588253e-05
-2.6714e-14
-2.8146646e-05
-1.4276592e-10
-2.8146645e-05
-1.448817e-10
-2.458825e-05
-5.279431e-11
-1.7522547e-05
-6.9962989e-06
8.7474367e-11
-6.9963875e-06
2.4404718e-10
-1.7522707e-05
2.2565611e-10
-2.4588234e-05
-1.8723617e-13
-2.8146419e-05
-2.2595069e-10
-2.8146418e-05
-2.4414147e-10
-2.4588232e-05
-8.7438182e-11
-1.7522704e-05
-6.996386e-06
1.5190066e-10
-6.9965398e-06
3.7251201e-10
-1.7522928e-05
3.4378347e-10
-2.4588206e-05
-3.2214582e-13
-2.8146076e-05
-3.4440483e-10
-2.8146075e-05
-3.7274363e-10
-2.4588204e-05
-1.5190712e-10
-1.7522925e-05
-6.9965384e-06
2.2236859e-10
-6.9967619e-06
5.5286305e-10
-1.7523258e-05
4.9433625e-10
-2.4588148e-05
-5.1713824e-13
-2.8145581e-05
-4.9520344e-10
-2.814558e-05
-5.5328587e-10
-2.4588145e-05
-2.2246279e-10
-1.7523256e-05
-6.9967607e-06
3.3169479e-10
-6.9970943e-06
7.7261049e-10
-1.75237e-05
6.8976334e-10
-2.4588066e-05
-6.5017974e-13
-2.8144891e-05
-6.9099332e-10
-2.8144891e-05
-7.7319842e-10
-2.4588064e-05
-3.3186137e-10
-1.7523698e-05
-6.9970932e-06
4.4899305e-10
-6.9975432e-06
1.0518324e-09
-1.7524303e-05
9.2200576e-10
-2.4587936e-05
-8.4679355e-13
-2.8143968e-05
-9.2345572e-10
-2.8143968e-05
-1.0526464e-09
-2.4587935e-05
-4.4929139e-10
-1.7524302e-05
-6.9975425e-06
6.0638199e-10
-6.9981505e-06
1.3686429e-09
-1.7525067e-05
1.1970249e-09
-2.4587766e-05
-9.455943e-13
-2.8142772e-05
-1.1988075e-09
-2.8142771e-05
-1.36964e-09
-2.4587765e-05
-6.067774e-10
-1.7525066e-05
-6.9981501e-06
7.6733882e-10
-6.9989181e-06
1.7316066e-09
-1.7526031e-05
1.497116e-09
-2.4587532e-05
-1.108026e-12
-2.8141273e-05
-1.4990392e-09
-2.8141273e-05
-1.7328355e-09
-2.4587532e-05
-7.6789643e-10
-1.7526031e-05
-6.9989181e-06
9.5484363e-10
-6.999874e-06
2.1052445e-09
-1.7527182e-05
1.8148359e-09
-2.4587243e-05
-1.154237e-12
-2.8139458e-05
-1.8170126e-09
-2.8139459e-05
-2.1066517e-09
-2.4587244e-05
-9.5548487e-10
-1.7527183e-05
-6.9998743e-06
1.1285349e-09
-7.0010027e-06
2.4776199e-09
-1.7528531e-05
2.1189164e-09
-2.4586884e-05
-1.2824516e-12
-2.8137338e-05
-2.1211648e-09
-2.8137339e-05
-2.4792183e-09
-2.4586886e-05
-1.1293095e-09
-1.7528533e-05
-7.0010037e-06
1.2937443e-09
-7.0022974e-06
2.7961052e-09
-1.7530034e-05
2.3838142e-09
-2.4586473e-05
-1.3088071e-12
-2.8134954e-05
-2.3862535e-09
-2.8134955e-05
-2.7978278e-09
-2.4586476e-05
-1.2945163e-09
-1.7530037e-05
-7.0022988e-06
1.4052001e-09
-7.0037025e-06
3.0195776e-09
-1.7531648e-05
2.5577638e-09
-2.4586011e-05
-1.3987315e-12
-2.8132395e-05
-2.5602253e-09
-2.8132397e-05
-3.0213998e-09
-2.4586015e-05
-1.4060553e-09
-1.7531652e-05
-7.0037048e-06
1.4620486e-09
-7.005165e-06
3.0710697e-09
-1.7533257e-05
2.582491e-09
-2.4585523e-05
-1.3851931e-12
-2.8129812e-05
-2.5850626e-09
-2.8129814e-05
-3.0729416e-09
-2.4585527e-05
-1.4628706e-09
-1.7533262e-05
-7.0051678e-06
1.4749807e-09
2.8896539e-09
2.3785606e-09
-1.4032857e-12
-2.3810967e-09
-2.8914805e-09
-1.4758822e-09
)
;

boundaryField
{
    left
    {
        type            calculated;
        value           nonuniform List<scalar> 8(1.9313562e-05 1.9313562e-05 1.9313562e-05 1.9313562e-05 1.9313562e-05 1.9313562e-05 1.9313562e-05 1.9313562e-05);
    }
    right
    {
        type            calculated;
        value           nonuniform List<scalar> 8(-7.0066398e-06 -1.7534672e-05 -2.4585012e-05 -2.8127432e-05 -2.8127434e-05 -2.4585017e-05 -1.7534678e-05 -7.0066437e-06);
    }
    walls
    {
        type            calculated;
        value           uniform 0;
    }
    frontAndBack
    {
        type            empty;
        value           nonuniform 0();
    }
}


// ************************************************************************* //
