/*--------------------------------*- C++ -*----------------------------------*\
| =========                 |                                                 |
| \\      /  F ield         | OpenFOAM: The Open Source CFD Toolbox           |
|  \\    /   O peration     | Version:  5.x                                   |
|   \\  /    A nd           | Web:      www.OpenFOAM.org                      |
|    \\/     M anipulation  |                                                 |
\*---------------------------------------------------------------------------*/
FoamFile
{
    version     2.0;
    format      ascii;
    class       volSymmTensorField;
    location    "6";
    object      sigma_0;
}
// * * * * * * * * * * * * * * * * * * * * * * * * * * * * * * * * * * * * * //

dimensions      [0 2 -2 0 0 0 0];

internalField   nonuniform List<symmTensor> 
1920
(
(0.0024804478 0.013843239 0 -0.0086591155 0 0)
(-0.00044186836 0.0052993646 0 0.0015806928 0 0)
(-0.0016655813 0.0033861098 0 0.0012660942 0 0)
(-0.001222588 0.0010734648 0 0.0012248994 0 0)
(-0.001222556 -0.0010734748 0 0.0012248671 0 0)
(-0.0016655927 -0.0033860624 0 0.0012661064 0 0)
(-0.00044187245 -0.0052993543 0 0.0015806974 0 0)
(0.0024804465 -0.013843239 0 -0.0086591118 0 0)
(0.0047293083 0.0095061875 0 -0.0046483386 0 0)
(0.00048837278 0.0018606824 0 0.00056039314 0 0)
(-0.0029417519 0.00063887806 0 0.0024806049 0 0)
(-0.0028974401 0.00036306835 0 0.0026457574 0 0)
(-0.0028974271 -0.00036307062 0 0.0026457411 0 0)
(-0.0029417683 -0.00063882252 0 0.0024806228 0 0)
(0.00048837518 -0.0018606795 0 0.00056038654 0 0)
(0.0047293083 -0.0095061904 0 -0.0046483389 0 0)
(0.0042048476 0.0081341949 0 -0.005531303 0 0)
(0.0010733083 0.0010452246 0 -0.0005930405 0 0)
(-0.002445018 0.00024616425 0 0.0021734823 0 0)
(-0.0030653192 8.1078366e-05 0 0.0029140078 0 0)
(-0.003065348 -8.1072255e-05 0 0.0029140406 0 0)
(-0.0024449853 -0.00024624007 0 0.0021734453 0 0)
(0.0010733141 -0.001045238 0 -0.00059304391 0 0)
(0.0042048494 -0.0081341955 0 -0.0055313072 0 0)
(0.0032582379 0.007577342 0 -0.0046074692 0 0)
(0.0012091441 0.0015239114 0 -0.0010313719 0 0)
(-0.0017832059 0.00029340664 0 0.0016661766 0 0)
(-0.00278362 1.9891665e-05 0 0.002736912 0 0)
(-0.0027835803 -1.9904055e-05 0 0.002736872 0 0)
(-0.0017832681 -0.0002933018 0 0.0016662385 0 0)
(0.0012091491 -0.001523904 0 -0.0010313778 0 0)
(0.0032582423 -0.007577342 0 -0.0046074735 0 0)
(0.0024412495 0.0072525285 0 -0.0034514619 0 0)
(0.0011033941 0.002134645 0 -0.0010718364 0 0)
(-0.0012519166 0.00067970341 0 0.0011732498 0 0)
(-0.0023667204 0.00010320141 0 0.0023360605 0 0)
(-0.0023668325 -0.0001032022 0 0.0023361753 0 0)
(-0.0012523903 -0.00067936699 0 0.0011737189 0 0)
(0.0011033901 -0.0021346414 0 -0.0010718319 0 0)
(0.0024412627 -0.0072525279 0 -0.0034514763 0 0)
(0.0018681114 0.0070379698 0 -0.0026697254 0 0)
(0.00092731385 0.0027530346 0 -0.00098703677 0 0)
(-0.00097055123 0.00096887576 0 0.00090438796 0 0)
(-0.0017157076 0.00025124972 0 0.001695642 0 0)
(-0.001715657 -0.00025127571 0 0.0016955878 0 0)
(-0.00096995588 -0.00096940694 0 0.00090379642 0 0)
(0.00092734714 -0.0027530268 0 -0.00098707049 0 0)
(0.0018681131 -0.0070379627 0 -0.0026697257 0 0)
(0.0012726051 0.0068155667 0 -0.0019664238 0 0)
(0.00070825588 0.0033332197 0 -0.00083883232 0 0)
(-0.00059839576 0.0014300864 0 0.00053798955 0 0)
(-0.0013164101 0.00038054449 0 0.0013062295 0 0)
(-0.001316374 -0.00038056183 0 0.0013061942 0 0)
(-0.000598345 -0.001430114 0 0.00053793786 0 0)
(0.00070827616 -0.003333208 0 -0.00083885141 0 0)
(0.0012726066 -0.0068155536 0 -0.0019664248 0 0)
(0.00089242028 0.006676048 0 -0.0015318291 0 0)
(0.00055472513 0.0036518189 0 -0.0007296505 0 0)
(-0.00037948688 0.0017819645 0 0.00031716498 0 0)
(-0.00097898559 0.00049938607 0 0.00097503758 0 0)
(-0.00097905212 -0.00049936862 0 0.00097510304 0 0)
(-0.00037949722 -0.0017819253 0 0.00031717539 0 0)
(0.00055472581 -0.0036518405 0 -0.00072965313 0 0)
(0.00089241905 -0.0066760353 0 -0.0015318265 0 0)
(0.00061474406 0.0065803649 0 -0.0012203093 0 0)
(0.00039908641 0.0039496996 0 -0.0006089306 0 0)
(-0.00025024515 0.0020334943 0 0.00018131622 0 0)
(-0.00071905867 0.0005971771 0 0.00071661144 0 0)
(-0.00071894238 -0.00059722584 0 0.00071649735 0 0)
(-0.0002502024 -0.0020335426 0 0.0001812736 0 0)
(0.00039911721 -0.003949664 0 -0.0006089609 0 0)
(0.0006147598 -0.0065803507 0 -0.0012203243 0 0)
(0.00041393039 0.006513579 0 -0.00099870403 0 0)
(0.00028876987 0.0041392909 0 -0.00052279694 0 0)
(-0.00015972939 0.0022361785 0 8.2974835e-05 0 0)
(-0.00049511788 0.00068642113 0 0.00049195067 0 0)
(-0.00049526599 -0.00068636741 0 0.00049209779 0 0)
(-0.00015974436 -0.0022361245 0 8.2990787e-05 0 0)
(0.00028876684 -0.0041393038 0 -0.00052279438 0 0)
(0.0004139272 -0.0065135595 0 -0.00099869898 0 0)
(0.00027196167 0.0064682314 0 -0.0008443624 0 0)
(0.00020510611 0.0042740481 0 -0.00045611141 0 0)
(-9.9644683e-05 0.0023885663 0 1.6013117e-05 0 0)
(-0.0003359313 0.00075317526 0 0.00033116084 0 0)
(-0.00033581503 -0.0007532344 0 0.00033104437 0 0)
(-9.9613636e-05 -0.0023886194 0 1.598103e-05 0 0)
(0.0002051289 -0.0042740126 0 -0.00045613302 0 0)
(0.00027197681 -0.0064682133 0 -0.00084437573 0 0)
(0.0001752971 0.0064383772 0 -0.00074046649 0 0)
(0.00014129337 0.004371268 0 -0.00040391018 0 0)
(-6.0861429e-05 0.0024989628 0 -2.8219964e-05 0 0)
(-0.00022494486 0.0008016795 0 0.00021851696 0 0)
(-0.00022494169 -0.00080168566 0 0.00021851404 0 0)
(-6.0875581e-05 -0.0024989175 0 -2.8205064e-05 0 0)
(0.00014128581 -0.0043712741 0 -0.00040390275 0 0)
(0.00017529248 -0.006438354 0 -0.00074045974 0 0)
(0.00011121154 0.0064191453 0 -0.00067219288 0 0)
(9.5014941e-05 0.0044381074 0 -0.0003653168 0 0)
(-3.6407585e-05 0.0025765775 0 -5.6762157e-05 0 0)
(-0.00014776686 0.00083676331 0 0.00013991334 0 0)
(-0.00014788357 -0.00083673011 0 0.00014002951 0 0)
(-3.6394413e-05 -0.0025766186 0 -5.6776263e-05 0 0)
(9.502774e-05 -0.0044380777 0 -0.00036532837 0 0)
(0.00011122105 -0.0064191243 0 -0.0006721998 0 0)
(6.9314321e-05 0.006406913 0 -0.00062789693 0 0)
(6.2654722e-05 0.0044825675 0 -0.00033793601 0 0)
(-2.1227147e-05 0.0026300559 0 -7.4876408e-05 0 0)
(-9.5673566e-05 0.0008611317 0 8.67207e-05 0 0)
(-9.5378204e-05 -0.00086126771 0 8.6424552e-05 0 0)
(-2.1239822e-05 -0.0026300283 0 -7.4863409e-05 0 0)
(6.2643831e-05 -0.004482569 0 -0.00033792464 0 0)
(6.9310446e-05 -0.0064068899 0 -0.0006278907 0 0)
(4.2337282e-05 0.0063992567 0 -0.0005995771 0 0)
(4.0542628e-05 0.0045116047 0 -0.00031899102 0 0)
(-1.2010943e-05 0.0026661273 0 -8.6123794e-05 0 0)
(-6.1070091e-05 0.00087778978 0 5.1321617e-05 0 0)
(-6.1530857e-05 -0.00087760892 0 5.1783484e-05 0 0)
(-1.2010349e-05 -0.0026661554 0 -8.6125108e-05 0 0)
(4.0545842e-05 -0.0045115845 0 -0.00031899319 0 0)
(4.2341183e-05 -0.0063992357 0 -0.00059957815 0 0)
(2.5277156e-05 0.0063945666 0 -0.00058179042 0 0)
(2.574298e-05 0.0045302082 0 -0.00030617156 0 0)
(-6.5022258e-06 0.0026901266 0 -9.2996755e-05 0 0)
(-3.7762684e-05 0.00088926138 0 2.7457841e-05 0 0)
(-3.7044641e-05 -0.00088959644 0 2.6736494e-05 0 0)
(-6.5131164e-06 -0.0026901158 0 -9.2985964e-05 0 0)
(2.5732086e-05 -0.0045302064 0 -0.0003061599 0 0)
(2.5273223e-05 -0.0063945454 0 -0.00058178407 0 0)
(1.4665077e-05 0.0063917585 0 -0.00057080605 0 0)
(1.5998949e-05 0.0045419616 0 -0.00029764291 0 0)
(-3.3189294e-06 0.0027057339 0 -9.7071605e-05 0 0)
(-2.3205359e-05 0.00089663369 0 1.253068e-05 0 0)
(-2.3738329e-05 -0.00089641244 0 1.3065676e-05 0 0)
(-3.3243895e-06 -0.0027057518 0 -9.7066734e-05 0 0)
(1.5995904e-05 -0.00454195 0 -0.00029763907 0 0)
(1.4664826e-05 -0.0063917392 0 -0.00057080306 0 0)
(8.2155328e-06 0.0063901325 0 -0.00056418123 0 0)
(9.7222832e-06 0.0045492128 0 -0.00029209667 0 0)
(-1.522942e-06 0.0027157674 0 -9.9436546e-05 0 0)
(-1.4020703e-05 0.00090139258 0 3.1042776e-06 0 0)
(-1.3795078e-05 -0.00090151688 0 2.877102e-06 0 0)
(-1.5315942e-06 -0.0027157682 0 -9.9428274e-05 0 0)
(9.7132415e-06 -0.0045492095 0 -0.00029208688 0 0)
(8.2118091e-06 -0.0063901141 0 -0.00056417521 0 0)
(4.3699812e-06 0.0063892269 0 -0.00056026704 0 0)
(5.7355485e-06 0.004553624 0 -0.00028854002 0 0)
(-5.6497833e-07 0.0027220466 0 -0.0001007474 0 0)
(-8.0585064e-06 0.0009045437 0 -3.0125593e-06 0 0)
(-8.2195829e-06 -0.00090448576 0 -2.8510432e-06 0 0)
(-5.7189644e-07 -0.0027220573 0 -0.00010074099 0 0)
(5.7297669e-06 -0.0045536182 0 -0.00028853368 0 0)
(4.367438e-06 -0.00638921 0 -0.00056026211 0 0)
(2.1903155e-06 0.0063887607 0 -0.00055807262 0 0)
(3.2718748e-06 0.0045562198 0 -0.00028632142 0 0)
(-8.1387679e-08 0.0027259286 0 -0.00010144497 0 0)
(-4.4395507e-06 0.00090650627 0 -6.7275701e-06 0 0)
(-4.3135802e-06 -0.00090658564 0 -6.8545488e-06 0 0)
(-8.7784219e-08 -0.0027259355 0 -0.00010143913 0 0)
(3.2653166e-06 -0.004556216 0 -0.00028631425 0 0)
(2.1875567e-06 -0.006388745 0 -0.00055806782 0 0)
(9.3472347e-07 0.0063885331 0 -0.00055682679 0 0)
(1.7714495e-06 0.0045577181 0 -0.00028495721 0 0)
(1.3322008e-07 0.0027282484 0 -0.00010178419 0 0)
(-2.1797831e-06 0.00090776236 0 -9.0457839e-06 0 0)
(-2.3913076e-06 -0.00090767185 0 -8.8331545e-06 0 0)
(1.27128e-07 -0.0027282549 0 -0.00010177858 0 0)
(1.7652228e-06 -0.0045577152 0 -0.0002849506 0 0)
(9.3152553e-07 -0.0063885184 0 -0.00055682158 0 0)
(2.7849779e-07 0.0063884472 0 -0.00055618924 0 0)
(8.9425846e-07 0.0045585367 0 -0.00028415097 0 0)
(2.0701423e-07 0.0027296065 0 -0.00010192858 0 0)
(-1.0697926e-06 0.00090841282 0 -1.0188257e-05 0 0)
(-9.0093062e-07 -0.00090851857 0 -1.0358872e-05 0 0)
(2.021292e-07 -0.0027296149 0 -0.00010192427 0 0)
(8.8975539e-07 -0.004558533 0 -0.00028414601 0 0)
(2.760765e-07 -0.0063884336 0 -0.00055618506 0 0)
(-3.6642927e-08 0.0063884382 0 -0.00055589449 0 0)
(3.9158751e-07 0.0045589638 0 -0.00028368413 0 0)
(2.1126014e-07 0.0027303647 0 -0.00010196983 0 0)
(-2.8335106e-07 0.00090888302 0 -1.0994241e-05 0 0)
(-3.0732066e-07 -0.00090888497 0 -1.0970305e-05 0 0)
(2.0651055e-07 -0.0027303692 0 -0.00010196555 0 0)
(3.859762e-07 -0.0045589618 0 -0.00028367824 0 0)
(-3.9541342e-08 -0.0063884255 0 -0.00055588994 0 0)
(-1.7518933e-07 0.0063884645 0 -0.00055577421 0 0)
(1.2236733e-07 0.0045591637 0 -0.00028342931 0 0)
(1.8506191e-07 0.0027307675 0 -0.00010196217 0 0)
(8.736091e-09 0.00090907863 0 -1.1295583e-05 0 0)
(-5.2452372e-08 -0.00090905699 0 -1.1234318e-05 0 0)
(1.8094083e-07 -0.0027307751 0 -0.00010195855 0 0)
(1.1902298e-07 -0.0045591603 0 -0.00028342564 0 0)
(-1.7754025e-07 -0.0063884527 0 -0.00055577037 0 0)
(-2.1026525e-07 0.0063884998 0 -0.00055575437 0 0)
(-1.1757743e-08 0.0045592447 0 -0.0002832998 0 0)
(1.5052171e-07 0.0027309636 0 -0.00010193468 0 0)
(1.2501108e-07 0.0009091663 0 -1.1416299e-05 0 0)
(1.1693786e-07 -0.00090917377 0 -1.140843e-05 0 0)
(1.4686994e-07 -0.0027309678 0 -0.00010193143 0 0)
(-1.6322783e-08 -0.0045592426 0 -0.00028329498 0 0)
(-2.1267014e-07 -0.0063884886 0 -0.00055575062 0 0)
(-1.9818284e-07 0.0063885378 0 -0.00055577866 0 0)
(-8.0113253e-08 0.004559267 0 -0.00028323004 0 0)
(1.1816506e-07 0.0027310429 0 -0.00010190419 0 0)
(1.7267099e-07 0.00090921317 0 -1.1465797e-05 0 0)
(1.6068404e-07 -0.00090921458 0 -1.1453984e-05 0 0)
(1.1427205e-07 -0.0027310486 0 -0.0001019007 0 0)
(-8.3459292e-08 -0.0045592646 0 -0.00028322644 0 0)
(-2.0078396e-07 -0.0063885269 0 -0.00055577473 0 0)
(-1.6934992e-07 0.0063885671 0 -0.00055581637 0 0)
(-9.2188448e-08 0.0045592531 0 -0.00028321576 0 0)
(8.684144e-08 0.002731067 0 -0.00010187151 0 0)
(1.7326833e-07 0.00090922376 0 -1.1466848e-05 0 0)
(1.742874e-07 -0.00090923433 0 -1.146813e-05 0 0)
(8.32635e-08 -0.0027310714 0 -0.0001018683 0 0)
(-9.6717944e-08 -0.0045592505 0 -0.00028321089 0 0)
(-1.7095515e-07 -0.0063885578 0 -0.00055581372 0 0)
(-1.3396229e-07 0.0063885942 0 -0.00055585806 0 0)
(-9.078319e-08 0.0045592251 0 -0.00028321483 0 0)
(6.2953531e-08 0.0027310538 0 -0.00010184569 0 0)
(1.5688313e-07 0.00090922786 0 -1.1450287e-05 0 0)
(1.5722467e-07 -0.00090923574 0 -1.145088e-05 0 0)
(5.9349521e-08 -0.0027310585 0 -0.00010184237 0 0)
(-9.4257586e-08 -0.004559223 0 -0.00028321113 0 0)
(-1.3573448e-07 -0.0063885853 0 -0.00055585524 0 0)
(-1.0402864e-07 0.0063886132 0 -0.00055589283 0 0)
(-7.6071914e-08 0.0045592002 0 -0.00028322615 0 0)
(4.444599e-08 0.0027310297 0 -0.00010182495 0 0)
(1.3652455e-07 0.00090921925 0 -1.1429463e-05 0 0)
(1.3418212e-07 -0.00090922826 0 -1.1427278e-05 0 0)
(4.0942218e-08 -0.0027310334 0 -0.00010182173 0 0)
(-7.9948377e-08 -0.0045591988 0 -0.000283222 0 0)
(-1.0597191e-07 -0.0063886045 0 -0.00055588993 0 0)
(-7.9685825e-08 0.0063886286 0 -0.00055592033 0 0)
(-6.4159377e-08 0.0045591788 0 -0.00028323567 0 0)
(2.993857e-08 0.0027310009 0 -0.00010180838 0 0)
(1.0613951e-07 0.00090920977 0 -1.139845e-05 0 0)
(1.0522489e-07 -0.00090921712 0 -1.1397734e-05 0 0)
(2.7086821e-08 -0.0027310057 0 -0.00010180579 0 0)
(-6.7486912e-08 -0.0045591769 0 -0.00028323216 0 0)
(-8.1383773e-08 -0.0063886209 0 -0.00055591774 0 0)
(-5.8075309e-08 0.0063886404 0 -0.0005559444 0 0)
(-4.9604169e-08 0.004559159 0 -0.00028324812 0 0)
(2.1547753e-08 0.0027309755 0 -0.00010179838 0 0)
(8.911738e-08 0.00090920173 0 -1.138095e-05 0 0)
(8.5352305e-08 -0.00090920768 0 -1.137731e-05 0 0)
(1.8227213e-08 -0.0027309785 0 -0.00010179531 0 0)
(-5.3196956e-08 -0.0045591575 0 -0.00028324429 0 0)
(-5.9842459e-08 -0.006388633 0 -0.00055594183 0 0)
(-4.3691872e-08 0.0063886495 0 -0.00055596024 0 0)
(-3.9929043e-08 0.0045591444 0 -0.00028325637 0 0)
(1.5454677e-08 0.0027309563 0 -0.00010179079 0 0)
(6.4574314e-08 0.00090919029 0 -1.1355886e-05 0 0)
(6.2898023e-08 -0.0009091964 0 -1.1354366e-05 0 0)
(1.2216549e-08 -0.0027309596 0 -0.00010178776 0 0)
(-4.3132492e-08 -0.004559143 0 -0.000283253 0 0)
(-4.5301728e-08 -0.006388643 0 -0.00055595788 0 0)
(-3.1505777e-08 0.006388656 0 -0.00055597368 0 0)
(-2.9766708e-08 0.0045591318 0 -0.00028326536 0 0)
(1.2381496e-08 0.0027309397 0 -0.00010178655 0 0)
(5.0989828e-08 0.00090918394 0 -1.1341973e-05 0 0)
(4.9615187e-08 -0.00090918931 0 -1.1340726e-05 0 0)
(9.4011324e-09 -0.0027309425 0 -0.00010178376 0 0)
(-3.3028993e-08 -0.0045591305 0 -0.00028326187 0 0)
(-3.3151616e-08 -0.0063886498 0 -0.00055597136 0 0)
(-2.3589684e-08 0.0063886614 0 -0.00055598218 0 0)
(-2.3835426e-08 0.0045591231 0 -0.00028327067 0 0)
(8.7142714e-09 0.0027309266 0 -0.00010178209 0 0)
(3.702561e-08 0.00090917605 0 -1.1327709e-05 0 0)
(3.5574742e-08 -0.00090918075 0 -1.1326371e-05 0 0)
(5.7702492e-09 -0.0027309293 0 -0.00010177931 0 0)
(-2.6778257e-08 -0.0045591222 0 -0.00028326757 0 0)
(-2.5085438e-08 -0.0063886561 0 -0.00055598006 0 0)
(-1.7743158e-08 0.0063886652 0 -0.00055598876 0 0)
(-1.7932635e-08 0.0045591158 0 -0.00028327586 0 0)
(6.9017506e-09 0.0027309156 0 -0.00010177966 0 0)
(2.9770454e-08 0.00090917269 0 -1.1320278e-05 0 0)
(2.9122171e-08 -0.00090917735 0 -1.1319746e-05 0 0)
(4.3299734e-09 -0.002730918 0 -0.00010177723 0 0)
(-2.080502e-08 -0.0045591149 0 -0.00028327279 0 0)
(-1.9244528e-08 -0.0063886601 0 -0.0005559867 0 0)
(-1.3455497e-08 0.0063886685 0 -0.00055599322 0 0)
(-1.4576605e-08 0.0045591108 0 -0.00028327901 0 0)
(5.3289373e-09 0.0027309075 0 -0.00010177763 0 0)
(2.323414e-08 0.0009091682 0 -1.1313601e-05 0 0)
(2.1977775e-08 -0.00090917176 0 -1.1312426e-05 0 0)
(2.8377331e-09 -0.0027309099 0 -0.00010177527 0 0)
(-1.7193785e-08 -0.0045591101 0 -0.00028327624 0 0)
(-1.4829233e-08 -0.0063886641 0 -0.00055599133 0 0)
(-1.103438e-08 0.006388671 0 -0.00055599616 0 0)
(-1.1559872e-08 0.0045591067 0 -0.00028328155 0 0)
(4.3103636e-09 0.0027309006 0 -0.0001017763 0 0)
(1.9583243e-08 0.0009091662 0 -1.1309854e-05 0 0)
(1.9047387e-08 -0.00090917038 0 -1.1309421e-05 0 0)
(2.1429008e-09 -0.0027309028 0 -0.00010177423 0 0)
(-1.4009158e-08 -0.0045591061 0 -0.00028327894 0 0)
(-1.2370271e-08 -0.006388667 0 -0.00055599436 0 0)
(-8.7935445e-09 0.0063886733 0 -0.0005559984 0 0)
(-9.8724321e-09 0.0045591036 0 -0.00028328321 0 0)
(3.6980202e-09 0.0027308953 0 -0.00010177538 0 0)
(1.6607489e-08 0.00090916368 0 -1.1306818e-05 0 0)
(1.5851727e-08 -0.00090916709 0 -1.1306131e-05 0 0)
(1.6623608e-09 -0.0027308975 0 -0.00010177346 0 0)
(-1.2089186e-08 -0.0045591032 0 -0.00028328086 0 0)
(-9.9937259e-09 -0.0063886698 0 -0.00055599677 0 0)
(-7.9078039e-09 0.0063886752 0 -0.0005559997 0 0)
(-8.4121481e-09 0.0045591013 0 -0.00028328432 0 0)
(3.1547319e-09 0.0027308906 0 -0.00010177466 0 0)
(1.4835864e-08 0.00090916221 0 -1.1304991e-05 0 0)
(1.4406798e-08 -0.00090916601 0 -1.1304652e-05 0 0)
(1.397706e-09 -0.0027308926 0 -0.000101773 0 0)
(-1.0419694e-08 -0.0045591009 0 -0.00028328218 0 0)
(-9.0440404e-09 -0.006388672 0 -0.00055599819 0 0)
(-6.7469839e-09 0.0063886769 0 -0.00055600078 0 0)
(-7.6923491e-09 0.0045590994 0 -0.00028328509 0 0)
(2.9096363e-09 0.0027308873 0 -0.00010177422 0 0)
(1.337204e-08 0.00090916048 0 -1.1303502e-05 0 0)
(1.2840948e-08 -0.00090916348 0 -1.1303028e-05 0 0)
(1.3130028e-09 -0.0027308892 0 -0.00010177273 0 0)
(-9.4821497e-09 -0.0045590992 0 -0.00028328319 0 0)
(-7.7446775e-09 -0.0063886742 0 -0.00055599944 0 0)
(-6.4719731e-09 0.0063886787 0 -0.00055600144 0 0)
(-6.9531123e-09 0.004559098 0 -0.00028328555 0 0)
(2.5995091e-09 0.0027308837 0 -0.0001017738 0 0)
(1.2469408e-08 0.00090915933 0 -1.1302565e-05 0 0)
(1.2095055e-08 -0.00090916255 0 -1.1302267e-05 0 0)
(1.2441141e-09 -0.0027308853 0 -0.00010177252 0 0)
(-8.5301604e-09 -0.0045590977 0 -0.00028328387 0 0)
(-7.395173e-09 -0.0063886761 0 -0.00055600021 0 0)
(-5.8065161e-09 0.0063886801 0 -0.00055600199 0 0)
(-6.7042405e-09 0.0045590967 0 -0.00028328588 0 0)
(2.466268e-09 0.0027308815 0 -0.00010177354 0 0)
(1.1685897e-08 0.00090915793 0 -1.130177e-05 0 0)
(1.129187e-08 -0.00090916049 0 -1.1301425e-05 0 0)
(1.2717768e-09 -0.0027308831 0 -0.00010177243 0 0)
(-8.0879902e-09 -0.0045590965 0 -0.00028328442 0 0)
(-6.601736e-09 -0.0063886779 0 -0.00055600091 0 0)
(-5.7777766e-09 0.0063886817 0 -0.00055600238 0 0)
(-6.2675885e-09 0.0045590956 0 -0.00028328609 0 0)
(2.2556415e-09 0.0027308785 0 -0.00010177325 0 0)
(1.1163368e-08 0.00090915697 0 -1.1301223e-05 0 0)
(1.0857972e-08 -0.00090915964 0 -1.1300984e-05 0 0)
(1.2626795e-09 -0.0027308798 0 -0.00010177232 0 0)
(-7.4544417e-09 -0.0045590954 0 -0.00028328482 0 0)
(-6.4987406e-09 -0.0063886797 0 -0.0005560014 0 0)
(-5.3230311e-09 0.0063886831 0 -0.0005560027 0 0)
(-6.2183463e-09 0.0045590945 0 -0.00028328624 0 0)
(2.1623048e-09 0.0027308767 0 -0.00010177305 0 0)
(1.0685997e-08 0.00090915574 0 -1.1300741e-05 0 0)
(1.0404703e-08 -0.00090915788 0 -1.1300502e-05 0 0)
(1.310501e-09 -0.0027308781 0 -0.00010177228 0 0)
(-7.243513e-09 -0.0045590944 0 -0.00028328515 0 0)
(-5.9315418e-09 -0.0063886813 0 -0.00055600186 0 0)
(-5.3906761e-09 0.0063886846 0 -0.00055600298 0 0)
(-5.9023181e-09 0.0045590936 0 -0.00028328635 0 0)
(1.9990702e-09 0.0027308741 0 -0.00010177283 0 0)
(1.0325878e-08 0.00090915489 0 -1.1300363e-05 0 0)
(1.009918e-08 -0.00090915711 0 -1.1300193e-05 0 0)
(1.3078854e-09 -0.0027308752 0 -0.0001017722 0 0)
(-6.7590155e-09 -0.0045590934 0 -0.00028328543 0 0)
(-5.9333418e-09 -0.006388683 0 -0.00055600223 0 0)
(-5.0212453e-09 0.0063886859 0 -0.00055600321 0 0)
(-5.9252534e-09 0.0045590927 0 -0.00028328643 0 0)
(1.9281149e-09 0.0027308726 0 -0.00010177268 0 0)
(9.9855793e-09 0.00090915374 0 -1.130002e-05 0 0)
(9.798873e-09 -0.00090915555 0 -1.1299871e-05 0 0)
(1.3490864e-09 -0.0027308737 0 -0.00010177217 0 0)
(-6.6536757e-09 -0.0045590925 0 -0.00028328566 0 0)
(-5.468805e-09 -0.0063886844 0 -0.00055600257 0 0)
(-5.1224024e-09 0.0063886874 0 -0.00055600344 0 0)
(-5.6535348e-09 0.0045590919 0 -0.00028328651 0 0)
(1.7941011e-09 0.0027308701 0 -0.0001017725 0 0)
(9.6953815e-09 0.00090915294 0 -1.1299716e-05 0 0)
(9.5406097e-09 -0.00090915482 0 -1.1299612e-05 0 0)
(1.3375139e-09 -0.002730871 0 -0.0001017721 0 0)
(-6.2473921e-09 -0.0045590917 0 -0.00028328587 0 0)
(-5.5168507e-09 -0.006388686 0 -0.00055600288 0 0)
(-4.7864282e-09 0.0063886886 0 -0.00055600364 0 0)
(-5.6941686e-09 0.0045590911 0 -0.00028328658 0 0)
(1.7402311e-09 0.0027308687 0 -0.00010177237 0 0)
(9.4184974e-09 0.00090915185 0 -1.1299438e-05 0 0)
(9.305412e-09 -0.00090915343 0 -1.1299358e-05 0 0)
(1.3654083e-09 -0.0027308696 0 -0.00010177206 0 0)
(-6.1917164e-09 -0.0045590909 0 -0.00028328605 0 0)
(-5.1033414e-09 -0.0063886873 0 -0.00055600316 0 0)
(-4.8958119e-09 0.00638869 0 -0.00055600385 0 0)
(-5.4355181e-09 0.0045590903 0 -0.00028328666 0 0)
(1.6281998e-09 0.0027308664 0 -0.00010177222 0 0)
(9.1603625e-09 0.00090915108 0 -1.129917e-05 0 0)
(9.0617971e-09 -0.00090915271 0 -1.1299116e-05 0 0)
(1.342652e-09 -0.0027308671 0 -0.00010177199 0 0)
(-5.8312486e-09 -0.0045590901 0 -0.00028328623 0 0)
(-5.1735867e-09 -0.0063886888 0 -0.00055600343 0 0)
(-4.5731338e-09 0.0063886912 0 -0.00055600403 0 0)
(-5.4732379e-09 0.0045590895 0 -0.00028328673 0 0)
(1.5884225e-09 0.002730865 0 -0.00010177212 0 0)
(8.9156662e-09 0.00090915005 0 -1.1298925e-05 0 0)
(8.8550805e-09 -0.00090915147 0 -1.1298895e-05 0 0)
(1.3573963e-09 -0.0027308658 0 -0.00010177195 0 0)
(-5.8011187e-09 -0.0045590893 0 -0.00028328639 0 0)
(-4.7898063e-09 -0.0063886901 0 -0.00055600368 0 0)
(-4.6813436e-09 0.0063886926 0 -0.00055600424 0 0)
(-5.2166363e-09 0.0045590888 0 -0.00028328682 0 0)
(1.4941468e-09 0.0027308628 0 -0.00010177199 0 0)
(8.6743803e-09 0.0009091493 0 -1.1298677e-05 0 0)
(8.6146133e-09 -0.00090915074 0 -1.1298658e-05 0 0)
(1.3252004e-09 -0.0027308635 0 -0.00010177188 0 0)
(-5.4712167e-09 -0.0045590886 0 -0.00028328654 0 0)
(-4.872121e-09 -0.0063886915 0 -0.00055600393 0 0)
(-4.364823e-09 0.0063886937 0 -0.00055600441 0 0)
(-5.2453675e-09 0.0045590881 0 -0.0002832869 0 0)
(1.4655837e-09 0.0027308616 0 -0.00010177191 0 0)
(8.4485992e-09 0.00090914832 0 -1.1298452e-05 0 0)
(8.4220084e-09 -0.00090914963 0 -1.1298454e-05 0 0)
(1.3288206e-09 -0.0027308622 0 -0.00010177183 0 0)
(-5.4558546e-09 -0.0045590878 0 -0.00028328668 0 0)
(-4.5087851e-09 -0.0063886926 0 -0.00055600415 0 0)
(-4.4689618e-09 0.006388695 0 -0.00055600461 0 0)
(-4.9883969e-09 0.0045590874 0 -0.000283287 0 0)
(1.3856322e-09 0.0027308595 0 -0.0001017718 0 0)
(8.2179259e-09 0.00090914758 0 -1.1298217e-05 0 0)
(8.1817554e-09 -0.0009091489 0 -1.1298218e-05 0 0)
(1.2898218e-09 -0.00273086 0 -0.00010177175 0 0)
(-5.1488304e-09 -0.0045590871 0 -0.00028328682 0 0)
(-4.5984307e-09 -0.006388694 0 -0.00055600438 0 0)
(-4.1565181e-09 0.0063886961 0 -0.00055600478 0 0)
(-5.0078002e-09 0.0045590867 0 -0.00028328709 0 0)
(1.3653108e-09 0.0027308583 0 -0.00010177173 0 0)
(8.0051382e-09 0.00090914666 0 -1.1298007e-05 0 0)
(7.9979226e-09 -0.0009091479 0 -1.1298025e-05 0 0)
(1.2848216e-09 -0.0027308588 0 -0.0001017717 0 0)
(-5.1426414e-09 -0.0045590864 0 -0.00028328695 0 0)
(-4.2508533e-09 -0.0063886951 0 -0.00055600458 0 0)
(-4.2562745e-09 0.0063886974 0 -0.00055600497 0 0)
(-4.7512159e-09 0.0045590861 0 -0.00028328719 0 0)
(1.2965972e-09 0.0027308563 0 -0.00010177164 0 0)
(7.7823389e-09 0.00090914594 0 -1.1297782e-05 0 0)
(7.7581203e-09 -0.00090914717 0 -1.1297792e-05 0 0)
(1.2415413e-09 -0.0027308568 0 -0.00010177163 0 0)
(-4.8535576e-09 -0.0045590858 0 -0.00028328708 0 0)
(-4.3451951e-09 -0.0063886964 0 -0.0005560048 0 0)
(-3.9476587e-09 0.0063886983 0 -0.00055600514 0 0)
(-4.7629176e-09 0.0045590855 0 -0.00028328729 0 0)
(1.281786e-09 0.0027308551 0 -0.00010177158 0 0)
(7.5796472e-09 0.00090914507 0 -1.1297583e-05 0 0)
(7.5811696e-09 -0.00090914627 0 -1.1297608e-05 0 0)
(1.2301988e-09 -0.0027308556 0 -0.00010177158 0 0)
(-4.8532155e-09 -0.0045590851 0 -0.0002832872 0 0)
(-4.0105075e-09 -0.0063886974 0 -0.00055600498 0 0)
(-4.043647e-09 0.0063886996 0 -0.00055600532 0 0)
(-4.5084018e-09 0.0045590849 0 -0.0002832874 0 0)
(1.2216929e-09 0.0027308532 0 -0.0001017715 0 0)
(7.3634045e-09 0.00090914438 0 -1.1297366e-05 0 0)
(7.3430642e-09 -0.00090914554 0 -1.1297378e-05 0 0)
(1.1847086e-09 -0.0027308537 0 -0.0001017715 0 0)
(-4.5788835e-09 -0.0045590845 0 -0.00028328733 0 0)
(-4.107885e-09 -0.0063886986 0 -0.00055600518 0 0)
(-3.739233e-09 0.0063887005 0 -0.00055600548 0 0)
(-4.5144862e-09 0.0045590842 0 -0.0002832875 0 0)
(1.2101445e-09 0.0027308521 0 -0.00010177145 0 0)
(7.1692469e-09 0.00090914357 0 -1.1297177e-05 0 0)
(7.172358e-09 -0.00090914474 0 -1.1297203e-05 0 0)
(1.1689193e-09 -0.0027308526 0 -0.00010177146 0 0)
(-4.5823181e-09 -0.0045590839 0 -0.00028328744 0 0)
(-3.7840724e-09 -0.0063886996 0 -0.00055600536 0 0)
(-3.8323431e-09 0.0063887017 0 -0.00055600567 0 0)
(-4.2637477e-09 0.0045590837 0 -0.00028328762 0 0)
(1.1565761e-09 0.0027308503 0 -0.00010177138 0 0)
(6.9589181e-09 0.0009091429 0 -1.1296968e-05 0 0)
(6.9373828e-09 -0.00090914401 0 -1.1296976e-05 0 0)
(1.1228297e-09 -0.0027308508 0 -0.00010177138 0 0)
(-4.3204207e-09 -0.0045590833 0 -0.00028328756 0 0)
(-3.8833641e-09 -0.0063887007 0 -0.00055600555 0 0)
(-3.5326514e-09 0.0063887025 0 -0.00055600582 0 0)
(-4.2661426e-09 0.0045590831 0 -0.00028328772 0 0)
(1.1465962e-09 0.0027308493 0 -0.00010177133 0 0)
(6.7724084e-09 0.00090914214 0 -1.1296787e-05 0 0)
(6.7727271e-09 -0.00090914329 0 -1.1296809e-05 0 0)
(1.1041077e-09 -0.0027308498 0 -0.00010177134 0 0)
(-4.3262433e-09 -0.0045590827 0 -0.00028328767 0 0)
(-3.5689149e-09 -0.0063887016 0 -0.00055600571 0 0)
(-3.6237964e-09 0.0063887037 0 -0.000556006 0 0)
(-4.0205209e-09 0.0045590825 0 -0.00028328784 0 0)
(1.097962e-09 0.0027308476 0 -0.00010177127 0 0)
(6.5677408e-09 0.00090914149 0 -1.1296585e-05 0 0)
(6.5422122e-09 -0.00090914258 0 -1.1296588e-05 0 0)
(1.0585937e-09 -0.002730848 0 -0.00010177127 0 0)
(-4.0750611e-09 -0.0045590822 0 -0.00028328779 0 0)
(-3.6693737e-09 -0.0063887027 0 -0.00055600589 0 0)
(-3.3293002e-09 0.0063887045 0 -0.00055600615 0 0)
(-4.0207613e-09 0.004559082 0 -0.00028328794 0 0)
(1.0883782e-09 0.0027308466 0 -0.00010177123 0 0)
(6.3883906e-09 0.00090914079 0 -1.1296412e-05 0 0)
(6.3835736e-09 -0.00090914192 0 -1.1296427e-05 0 0)
(1.038086e-09 -0.0027308471 0 -0.00010177122 0 0)
(-4.0823747e-09 -0.0045590816 0 -0.00028328789 0 0)
(-3.3631736e-09 -0.0063887035 0 -0.00055600604 0 0)
(-3.4193278e-09 0.0063887055 0 -0.00055600632 0 0)
(-3.7812334e-09 0.0045590815 0 -0.00028328806 0 0)
(1.0435324e-09 0.002730845 0 -0.00010177117 0 0)
(6.1893837e-09 0.00090914017 0 -1.1296217e-05 0 0)
(6.1586559e-09 -0.00090914122 0 -1.1296213e-05 0 0)
(9.9395476e-10 -0.0027308454 0 -0.00010177116 0 0)
(-3.840665e-09 -0.0045590811 0 -0.000283288 0 0)
(-3.4643508e-09 -0.0063887046 0 -0.00055600622 0 0)
(-3.1303907e-09 0.0063887063 0 -0.00055600646 0 0)
(-3.7806112e-09 0.0045590809 0 -0.00028328816 0 0)
(1.0336113e-09 0.0027308441 0 -0.00010177114 0 0)
(6.0169612e-09 0.00090913952 0 -1.1296051e-05 0 0)
(6.0060649e-09 -0.00090914063 0 -1.1296059e-05 0 0)
(9.724953e-10 -0.0027308445 0 -0.00010177112 0 0)
(-3.8489659e-09 -0.0045590806 0 -0.0002832881 0 0)
(-3.1656256e-09 -0.0063887054 0 -0.00055600636 0 0)
(-3.2200577e-09 0.0063887073 0 -0.00055600662 0 0)
(-3.5480492e-09 0.0045590805 0 -0.00028328828 0 0)
(9.9176891e-10 0.0027308426 0 -0.00010177108 0 0)
(5.8237756e-09 0.00090913893 0 -1.1295863e-05 0 0)
(5.7876747e-09 -0.00090913995 0 -1.1295852e-05 0 0)
(9.302655e-10 -0.002730843 0 -0.00010177106 0 0)
(-3.6158631e-09 -0.0045590801 0 -0.00028328821 0 0)
(-3.2673082e-09 -0.0063887064 0 -0.00055600653 0 0)
(-2.9369319e-09 0.006388708 0 -0.00055600676 0 0)
(-3.5475956e-09 0.0045590799 0 -0.00028328838 0 0)
(9.8111268e-10 0.0027308417 0 -0.00010177105 0 0)
(5.6582112e-09 0.00090913833 0 -1.1295704e-05 0 0)
(5.6411859e-09 -0.00090913941 0 -1.1295705e-05 0 0)
(9.0843978e-10 -0.0027308422 0 -0.00010177102 0 0)
(-3.6249434e-09 -0.0045590796 0 -0.00028328831 0 0)
(-2.9755349e-09 -0.0063887071 0 -0.00055600666 0 0)
(-3.0268802e-09 0.006388709 0 -0.00055600692 0 0)
(-3.3224633e-09 0.0045590795 0 -0.00028328849 0 0)
(9.4175944e-10 0.0027308403 0 -0.000101771 0 0)
(5.4710999e-09 0.00090913777 0 -1.1295523e-05 0 0)
(5.4300656e-09 -0.00090913876 0 -1.1295505e-05 0 0)
(8.684166e-10 -0.0027308407 0 -0.00010177096 0 0)
(-3.3998617e-09 -0.0045590791 0 -0.00028328842 0 0)
(-3.077688e-09 -0.006388708 0 -0.00055600682 0 0)
(-2.7497368e-09 0.0063887096 0 -0.00055600705 0 0)
(-3.3229342e-09 0.004559079 0 -0.00028328859 0 0)
(9.3020674e-10 0.0027308395 0 -0.00010177097 0 0)
(5.3124163e-09 0.0009091372 0 -1.129537e-05 0 0)
(5.2897352e-09 -0.00090913826 0 -1.1295365e-05 0 0)
(8.4662463e-10 -0.0027308399 0 -0.00010177093 0 0)
(-3.4097178e-09 -0.0045590787 0 -0.00028328851 0 0)
(-2.7925186e-09 -0.0063887087 0 -0.00055600695 0 0)
(-2.8404755e-09 0.0063887105 0 -0.0005560072 0 0)
(-3.1054635e-09 0.0045590786 0 -0.0002832887 0 0)
(8.930202e-10 0.0027308382 0 -0.00010177093 0 0)
(5.1316674e-09 0.00090913668 0 -1.1295197e-05 0 0)
(5.0864593e-09 -0.00090913765 0 -1.1295173e-05 0 0)
(8.0896252e-10 -0.0027308385 0 -0.00010177087 0 0)
(-3.1922634e-09 -0.0045590783 0 -0.00028328862 0 0)
(-2.8952315e-09 -0.0063887096 0 -0.0005560071 0 0)
(-2.5694383e-09 0.0063887111 0 -0.00055600732 0 0)
(-3.1074259e-09 0.0045590781 0 -0.0002832888 0 0)
(8.8056445e-10 0.0027308374 0 -0.0001017709 0 0)
(4.9799276e-09 0.00090913615 0 -1.129505e-05 0 0)
(4.9523299e-09 -0.00090913718 0 -1.1295039e-05 0 0)
(7.8747165e-10 -0.0027308378 0 -0.00010177084 0 0)
(-3.2030197e-09 -0.0045590778 0 -0.00028328871 0 0)
(-2.6164324e-09 -0.0063887102 0 -0.00055600723 0 0)
(-2.6613547e-09 0.006388712 0 -0.00055600747 0 0)
(-2.897708e-09 0.0045590777 0 -0.0002832889 0 0)
(8.4535093e-10 0.0027308361 0 -0.00010177085 0 0)
(4.8058236e-09 0.00090913566 0 -1.1294884e-05 0 0)
(4.7573299e-09 -0.0009091366 0 -1.1294855e-05 0 0)
(7.5222402e-10 -0.0027308365 0 -0.00010177079 0 0)
(-2.9929198e-09 -0.0045590774 0 -0.00028328881 0 0)
(-2.7198697e-09 -0.0063887111 0 -0.00055600737 0 0)
(-2.3964952e-09 0.0063887125 0 -0.00055600758 0 0)
(-2.9015791e-09 0.0045590773 0 -0.00028328899 0 0)
(8.320781e-10 0.0027308355 0 -0.00010177083 0 0)
(4.6610934e-09 0.00090913517 0 -1.1294744e-05 0 0)
(4.6294195e-09 -0.00090913616 0 -1.1294727e-05 0 0)
(7.3121108e-10 -0.0027308359 0 -0.00010177076 0 0)
(-3.0047694e-09 -0.004559077 0 -0.0002832889 0 0)
(-2.4472744e-09 -0.0063887116 0 -0.00055600749 0 0)
(-2.4898895e-09 0.0063887133 0 -0.00055600772 0 0)
(-2.6995908e-09 0.004559077 0 -0.00028328909 0 0)
(7.9872486e-10 0.0027308343 0 -0.00010177079 0 0)
(4.4938808e-09 0.00090913471 0 -1.1294585e-05 0 0)
(4.4430035e-09 -0.00090913562 0 -1.1294552e-05 0 0)
(6.9836691e-10 -0.0027308346 0 -0.00010177071 0 0)
(-2.8018181e-09 -0.0045590766 0 -0.00028328899 0 0)
(-2.5516387e-09 -0.0063887124 0 -0.00055600762 0 0)
(-2.2312079e-09 0.0063887138 0 -0.00055600783 0 0)
(-2.7056783e-09 0.0045590765 0 -0.00028328918 0 0)
(7.8476855e-10 0.0027308336 0 -0.00010177076 0 0)
(4.3562038e-09 0.00090913425 0 -1.1294451e-05 0 0)
(4.3212987e-09 -0.00090913521 0 -1.129443e-05 0 0)
(6.77948e-10 -0.002730834 0 -0.00010177069 0 0)
(-2.8149802e-09 -0.0045590762 0 -0.00028328908 0 0)
(-2.2851124e-09 -0.006388713 0 -0.00055600773 0 0)
(-2.3263282e-09 0.0063887146 0 -0.00055600796 0 0)
(-2.5113116e-09 0.0045590762 0 -0.00028328928 0 0)
(7.5320964e-10 0.0027308325 0 -0.00010177072 0 0)
(4.1960745e-09 0.00090913382 0 -1.12943e-05 0 0)
(4.143663e-09 -0.00090913471 0 -1.1294264e-05 0 0)
(6.4745649e-10 -0.0027308328 0 -0.00010177064 0 0)
(-2.619001e-09 -0.0045590759 0 -0.00028328917 0 0)
(-2.3906172e-09 -0.0063887137 0 -0.00055600786 0 0)
(-2.0737554e-09 0.006388715 0 -0.00055600806 0 0)
(-2.519839e-09 0.0045590758 0 -0.00028328936 0 0)
(7.3872161e-10 0.0027308319 0 -0.0001017707 0 0)
(4.0654589e-09 0.0009091334 0 -1.1294172e-05 0 0)
(4.028118e-09 -0.00090913431 0 -1.1294148e-05 0 0)
(6.2770749e-10 -0.0027308323 0 -0.00010177062 0 0)
(-2.6336919e-09 -0.0045590755 0 -0.00028328926 0 0)
(-2.1300321e-09 -0.0063887142 0 -0.00055600797 0 0)
(-2.1708082e-09 0.0063887157 0 -0.00055600819 0 0)
(-2.3329253e-09 0.0045590755 0 -0.00028328946 0 0)
(7.0891489e-10 0.0027308309 0 -0.00010177066 0 0)
(3.9125393e-09 0.000909133 0 -1.1294028e-05 0 0)
(3.8593601e-09 -0.00090913385 0 -1.129399e-05 0 0)
(5.9949489e-10 -0.0027308312 0 -0.00010177058 0 0)
(-2.4445138e-09 -0.0045590752 0 -0.00028328934 0 0)
(-2.2368825e-09 -0.0063887149 0 -0.00055600809 0 0)
(-1.9242208e-09 0.0063887161 0 -0.00055600828 0 0)
(-2.3440488e-09 0.0045590751 0 -0.00028328953 0 0)
(6.940467e-10 0.0027308303 0 -0.00010177064 0 0)
(3.7889495e-09 0.0009091326 0 -1.1293907e-05 0 0)
(3.749896e-09 -0.00090913347 0 -1.1293879e-05 0 0)
(5.8046403e-10 -0.0027308307 0 -0.00010177055 0 0)
(-2.460929e-09 -0.0045590749 0 -0.00028328942 0 0)
(-1.9821041e-09 -0.0063887154 0 -0.00055600819 0 0)
(-2.0233706e-09 0.0063887168 0 -0.0005560084 0 0)
(-2.1643716e-09 0.0045590749 0 -0.00028328962 0 0)
(6.6596005e-10 0.0027308293 0 -0.00010177061 0 0)
(3.6432979e-09 0.00090913224 0 -1.129377e-05 0 0)
(3.5900219e-09 -0.00090913305 0 -1.129373e-05 0 0)
(5.544434e-10 -0.0027308297 0 -0.00010177052 0 0)
(-2.2783715e-09 -0.0045590746 0 -0.00028328951 0 0)
(-2.0904839e-09 -0.006388716 0 -0.00055600831 0 0)
(-1.7826059e-09 0.0063887172 0 -0.00055600849 0 0)
(-2.1781913e-09 0.0045590745 0 -0.0002832897 0 0)
(6.5085356e-10 0.0027308288 0 -0.00010177059 0 0)
(3.526654e-09 0.00090913186 0 -1.1293655e-05 0 0)
(3.4865309e-09 -0.00090913269 0 -1.1293625e-05 0 0)
(5.3615955e-10 -0.0027308292 0 -0.0001017705 0 0)
(-2.2966756e-09 -0.0045590743 0 -0.00028328958 0 0)
(-1.8413634e-09 -0.0063887164 0 -0.0005560084 0 0)
(-1.8839745e-09 0.0063887178 0 -0.00055600861 0 0)
(-2.005499e-09 0.0045590742 0 -0.00028328978 0 0)
(6.2445627e-10 0.0027308279 0 -0.00010177055 0 0)
(3.3882601e-09 0.00090913153 0 -1.1293525e-05 0 0)
(3.3354612e-09 -0.00090913231 0 -1.1293485e-05 0 0)
(5.1223663e-10 -0.0027308282 0 -0.00010177046 0 0)
(-2.1205423e-09 -0.004559074 0 -0.00028328966 0 0)
(-1.9514268e-09 -0.0063887171 0 -0.00055600851 0 0)
(-1.6488407e-09 0.0063887181 0 -0.00055600869 0 0)
(-2.0220691e-09 0.0045590739 0 -0.00028328985 0 0)
(6.0923812e-10 0.0027308275 0 -0.00010177054 0 0)
(3.2784389e-09 0.00090913117 0 -1.1293416e-05 0 0)
(3.2378093e-09 -0.00090913196 0 -1.1293385e-05 0 0)
(4.9471365e-10 -0.0027308278 0 -0.00010177044 0 0)
(-2.1408656e-09 -0.0045590737 0 -0.00028328973 0 0)
(-1.7077979e-09 -0.0063887174 0 -0.0005560086 0 0)
(-1.7525075e-09 0.0063887187 0 -0.0005560088 0 0)
(-1.8560828e-09 0.0045590737 0 -0.00028328993 0 0)
(5.8449645e-10 0.0027308266 0 -0.0001017705 0 0)
(3.1472289e-09 0.00090913087 0 -1.1293293e-05 0 0)
(3.0953905e-09 -0.00090913162 0 -1.1293253e-05 0 0)
(4.7279012e-10 -0.0027308269 0 -0.00010177041 0 0)
(-1.9709419e-09 -0.0045590734 0 -0.00028328981 0 0)
(-1.8196664e-09 -0.006388718 0 -0.0005560087 0 0)
(-1.5227914e-09 0.006388719 0 -0.00055600887 0 0)
(-1.8754172e-09 0.0045590734 0 -0.00028328999 0 0)
(5.6927668e-10 0.0027308262 0 -0.00010177049 0 0)
(3.0440682e-09 0.00090913053 0 -1.129319e-05 0 0)
(3.0034205e-09 -0.00090913127 0 -1.1293158e-05 0 0)
(4.5602967e-10 -0.0027308265 0 -0.00010177039 0 0)
(-1.993379e-09 -0.0045590731 0 -0.00028328988 0 0)
(-1.5813455e-09 -0.0063887184 0 -0.00055600878 0 0)
(-1.6287982e-09 0.0063887196 0 -0.00055600897 0 0)
(-1.7158364e-09 0.0045590731 0 -0.00028329007 0 0)
(5.4615249e-10 0.0027308254 0 -0.00010177046 0 0)
(2.9199105e-09 0.00090913026 0 -1.1293075e-05 0 0)
(2.8694312e-09 -0.00090913097 0 -1.1293034e-05 0 0)
(4.3600469e-10 -0.0027308256 0 -0.00010177036 0 0)
(-1.8294316e-09 -0.0045590729 0 -0.00028328995 0 0)
(-1.6951067e-09 -0.0063887189 0 -0.00055600889 0 0)
(-1.4042698e-09 0.0063887198 0 -0.00055600904 0 0)
(-1.7379163e-09 0.0045590729 0 -0.00028329013 0 0)
(5.3102471e-10 0.002730825 0 -0.00010177044 0 0)
(2.8232137e-09 0.00090912994 0 -1.1292977e-05 0 0)
(2.7829664e-09 -0.00090913064 0 -1.1292944e-05 0 0)
(4.1999831e-10 -0.0027308253 0 -0.00010177034 0 0)
(-1.854044e-09 -0.0045590727 0 -0.00028329002 0 0)
(-1.4618944e-09 -0.0063887192 0 -0.00055600896 0 0)
(-1.5126236e-09 0.0063887204 0 -0.00055600914 0 0)
(-1.5844248e-09 0.0045590726 0 -0.0002832902 0 0)
(5.0947445e-10 0.0027308242 0 -0.00010177041 0 0)
(2.7059263e-09 0.0009091297 0 -1.1292868e-05 0 0)
(2.6571293e-09 -0.00090913038 0 -1.1292828e-05 0 0)
(4.0176946e-10 -0.0027308245 0 -0.00010177031 0 0)
(-1.6958239e-09 -0.0045590724 0 -0.00028329009 0 0)
(-1.5776032e-09 -0.0063887198 0 -0.00055600905 0 0)
(-1.2930411e-09 0.0063887206 0 -0.00055600921 0 0)
(-1.6092015e-09 0.0045590724 0 -0.00028329026 0 0)
(4.9451652e-10 0.0027308239 0 -0.00010177039 0 0)
(2.615468e-09 0.00090912939 0 -1.1292775e-05 0 0)
(2.5759755e-09 -0.00090913005 0 -1.1292743e-05 0 0)
(3.8649982e-10 -0.0027308242 0 -0.0001017703 0 0)
(-1.7226421e-09 -0.0045590722 0 -0.00028329015 0 0)
(-1.3492867e-09 -0.00638872 0 -0.00055600912 0 0)
(-1.4037213e-09 0.0063887211 0 -0.0005560093 0 0)
(-1.4614708e-09 0.0045590722 0 -0.00028329032 0 0)
(4.7449137e-10 0.0027308232 0 -0.00010177037 0 0)
(2.5048261e-09 0.00090912918 0 -1.1292674e-05 0 0)
(2.4579669e-09 -0.00090912982 0 -1.1292635e-05 0 0)
(3.6996377e-10 -0.0027308234 0 -0.00010177027 0 0)
(-1.5698873e-09 -0.004559072 0 -0.00028329021 0 0)
(-1.4669682e-09 -0.0063887205 0 -0.00055600921 0 0)
(-1.1888327e-09 0.0063887213 0 -0.00055600936 0 0)
(-1.4888736e-09 0.0045590719 0 -0.00028329038 0 0)
(4.5976681e-10 0.0027308229 0 -0.00010177035 0 0)
(2.4203569e-09 0.00090912889 0 -1.1292586e-05 0 0)
(2.3819152e-09 -0.0009091295 0 -1.1292554e-05 0 0)
(3.5540601e-10 -0.0027308231 0 -0.00010177026 0 0)
(-1.5989144e-09 -0.0045590718 0 -0.00028329027 0 0)
(-1.2433242e-09 -0.0063887208 0 -0.00055600928 0 0)
(-1.301792e-09 0.0063887218 0 -0.00055600944 0 0)
(-1.3465713e-09 0.0045590718 0 -0.00028329044 0 0)
(4.4121386e-10 0.0027308222 0 -0.00010177033 0 0)
(2.3161011e-09 0.0009091287 0 -1.1292491e-05 0 0)
(2.2713744e-09 -0.00090912931 0 -1.1292453e-05 0 0)
(3.4045916e-10 -0.0027308224 0 -0.00010177024 0 0)
(-1.4513524e-09 -0.0045590716 0 -0.00028329033 0 0)
(-1.3629781e-09 -0.0063887213 0 -0.00055600936 0 0)
(-1.09134e-09 0.006388722 0 -0.0005560095 0 0)
(-1.3765089e-09 0.0045590715 0 -0.00028329049 0 0)
(4.2677376e-10 0.0027308219 0 -0.00010177031 0 0)
(2.2373538e-09 0.00090912842 0 -1.1292408e-05 0 0)
(2.200204e-09 -0.00090912899 0 -1.1292377e-05 0 0)
(3.2658278e-10 -0.0027308222 0 -0.00010177022 0 0)
(-1.4825685e-09 -0.0045590714 0 -0.00028329038 0 0)
(-1.1437754e-09 -0.0063887214 0 -0.00055600942 0 0)
(-1.2065107e-09 0.0063887224 0 -0.00055600958 0 0)
(-1.2392993e-09 0.0045590714 0 -0.00028329054 0 0)
(4.0963594e-10 0.0027308213 0 -0.00010177029 0 0)
(2.1391976e-09 0.00090912825 0 -1.1292319e-05 0 0)
(2.0967449e-09 -0.00090912883 0 -1.1292283e-05 0 0)
(3.1312219e-10 -0.0027308215 0 -0.0001017702 0 0)
(-1.3399234e-09 -0.0045590712 0 -0.00028329044 0 0)
(-1.2653757e-09 -0.0063887219 0 -0.0005560095 0 0)
(-1.0002353e-09 0.0063887225 0 -0.00055600963 0 0)
(-1.2716658e-09 0.0045590711 0 -0.00028329059 0 0)
(3.9551914e-10 0.0027308211 0 -0.00010177028 0 0)
(2.0658908e-09 0.000909128 0 -1.1292241e-05 0 0)
(2.0302242e-09 -0.00090912852 0 -1.1292211e-05 0 0)
(2.9989207e-10 -0.0027308213 0 -0.00010177019 0 0)
(-1.3732889e-09 -0.004559071 0 -0.00028329049 0 0)
(-1.0503783e-09 -0.0063887221 0 -0.00055600956 0 0)
(-1.1175342e-09 0.006388723 0 -0.0005560097 0 0)
(-1.139214e-09 0.004559071 0 -0.00028329064 0 0)
(3.7973566e-10 0.0027308205 0 -0.00010177025 0 0)
(1.9735281e-09 0.00090912784 0 -1.1292158e-05 0 0)
(1.9334432e-09 -0.00090912839 0 -1.1292123e-05 0 0)
(2.878152e-10 -0.0027308207 0 -0.00010177017 0 0)
(-1.23528e-09 -0.0045590708 0 -0.00028329054 0 0)
(-1.1738808e-09 -0.0063887225 0 -0.00055600963 0 0)
(-9.1517565e-10 0.0063887231 0 -0.00055600975 0 0)
(-1.173892e-09 0.0045590708 0 -0.00028329069 0 0)
(3.6597139e-10 0.0027308203 0 -0.00010177024 0 0)
(1.9053713e-09 0.0009091276 0 -1.1292084e-05 0 0)
(1.8713336e-09 -0.00090912809 0 -1.1292055e-05 0 0)
(2.7519249e-10 -0.0027308205 0 -0.00010177016 0 0)
(-1.2707389e-09 -0.0045590707 0 -0.00028329059 0 0)
(-9.628511e-10 -0.0063887226 0 -0.00055600968 0 0)
(-1.0345072e-09 0.0063887235 0 -0.00055600982 0 0)
(-1.0458674e-09 0.0045590707 0 -0.00028329074 0 0)
(3.5148132e-10 0.0027308197 0 -0.00010177022 0 0)
(1.8184824e-09 0.00090912747 0 -1.1292006e-05 0 0)
(1.7808175e-09 -0.00090912798 0 -1.1291974e-05 0 0)
(2.6439859e-10 -0.0027308199 0 -0.00010177014 0 0)
(-1.1370846e-09 -0.0045590705 0 -0.00028329064 0 0)
(-1.0881952e-09 -0.0063887231 0 -0.00055600975 0 0)
(-8.3580768e-10 0.0063887236 0 -0.00055600986 0 0)
(-1.0827319e-09 0.0045590705 0 -0.00028329078 0 0)
(3.3809309e-10 0.0027308195 0 -0.00010177021 0 0)
(1.7551795e-09 0.00090912724 0 -1.1291937e-05 0 0)
(1.7228749e-09 -0.00090912769 0 -1.1291909e-05 0 0)
(2.5234365e-10 -0.0027308197 0 -0.00010177013 0 0)
(-1.1745692e-09 -0.0045590703 0 -0.00028329069 0 0)
(-8.8089572e-10 -0.0063887232 0 -0.0005560098 0 0)
(-9.5706671e-10 0.006388724 0 -0.00055600993 0 0)
(-9.5881106e-10 0.0045590703 0 -0.00028329083 0 0)
(3.2483153e-10 0.002730819 0 -0.00010177019 0 0)
(1.6734373e-09 0.00090912712 0 -1.1291864e-05 0 0)
(1.6382088e-09 -0.00090912761 0 -1.1291834e-05 0 0)
(2.4273561e-10 -0.0027308192 0 -0.00010177011 0 0)
(-1.0449901e-09 -0.0045590702 0 -0.00028329074 0 0)
(-1.0080071e-09 -0.0063887236 0 -0.00055600987 0 0)
(-7.6177301e-10 0.0063887241 0 -0.00055600997 0 0)
(-9.9773242e-10 0.0045590702 0 -0.00028329086 0 0)
(3.1182636e-10 0.0027308188 0 -0.00010177018 0 0)
(1.6146905e-09 0.0009091269 0 -1.1291799e-05 0 0)
(1.5841867e-09 -0.00090912733 0 -1.1291773e-05 0 0)
(2.3120809e-10 -0.002730819 0 -0.0001017701 0 0)
(-1.0844241e-09 -0.0045590701 0 -0.00028329078 0 0)
(-8.0420329e-10 -0.0063887237 0 -0.00055600991 0 0)
(-8.8484899e-10 0.0063887245 0 -0.00055601003 0 0)
(-8.7760146e-10 0.0045590701 0 -0.00028329091 0 0)
(2.9972194e-10 0.0027308184 0 -0.00010177016 0 0)
(1.5377654e-09 0.0009091268 0 -1.1291731e-05 0 0)
(1.5049589e-09 -0.00090912726 0 -1.1291702e-05 0 0)
(2.2268966e-10 -0.0027308186 0 -0.00010177009 0 0)
(-9.5864451e-10 -0.0045590699 0 -0.00028329082 0 0)
(-9.3299603e-10 -0.0063887241 0 -0.00055600997 0 0)
(-6.9271441e-10 0.0063887245 0 -0.00055601006 0 0)
(-9.184487e-10 0.0045590699 0 -0.00028329094 0 0)
(2.8710956e-10 0.0027308182 0 -0.00010177015 0 0)
(1.4832785e-09 0.0009091266 0 -1.129167e-05 0 0)
(1.4546102e-09 -0.00090912699 0 -1.1291645e-05 0 0)
(2.1164821e-10 -0.0027308184 0 -0.00010177008 0 0)
(-9.9994743e-10 -0.0045590698 0 -0.00028329086 0 0)
(-7.3245776e-10 -0.0063887241 0 -0.00055601001 0 0)
(-8.1749331e-10 0.0063887249 0 -0.00055601013 0 0)
(-8.0180464e-10 0.0045590698 0 -0.00028329098 0 0)
(2.7610561e-10 0.0027308178 0 -0.00010177013 0 0)
(1.4108423e-09 0.00090912651 0 -1.1291606e-05 0 0)
(1.3804177e-09 -0.00090912694 0 -1.1291579e-05 0 0)
(2.0412836e-10 -0.002730818 0 -0.00010177006 0 0)
(-8.7769514e-10 -0.0045590697 0 -0.0002832909 0 0)
(-8.628357e-10 -0.0063887245 0 -0.00055601007 0 0)
(-6.2827843e-10 0.0063887249 0 -0.00055601015 0 0)
(-8.4444643e-10 0.0045590696 0 -0.00028329102 0 0)
(2.6389028e-10 0.0027308176 0 -0.00010177012 0 0)
(1.3603232e-09 0.00090912632 0 -1.1291549e-05 0 0)
(1.3334972e-09 -0.00090912669 0 -1.1291525e-05 0 0)
(1.9353489e-10 -0.0027308178 0 -0.00010177006 0 0)
(-9.2078043e-10 -0.0045590695 0 -0.00028329094 0 0)
(-6.653391e-10 -0.0063887245 0 -0.0005560101 0 0)
(-7.5464494e-10 0.0063887252 0 -0.00055601021 0 0)
(-7.3099925e-10 0.0045590696 0 -0.00028329105 0 0)
(2.5390996e-10 0.0027308172 0 -0.0001017701 0 0)
(1.2920533e-09 0.00090912625 0 -1.1291489e-05 0 0)
(1.2639499e-09 -0.00090912665 0 -1.1291464e-05 0 0)
(1.8692625e-10 -0.0027308174 0 -0.00010177004 0 0)
(-8.0177755e-10 -0.0045590694 0 -0.00028329098 0 0)
(-7.9719688e-10 -0.0063887249 0 -0.00055601016 0 0)
(-5.6812015e-10 0.0063887252 0 -0.00055601024 0 0)
(-7.7530749e-10 0.0045590694 0 -0.00028329108 0 0)
(2.4207748e-10 0.0027308171 0 -0.0001017701 0 0)
(1.2452159e-09 0.00090912606 0 -1.1291435e-05 0 0)
(1.2202153e-09 -0.0009091264 0 -1.1291412e-05 0 0)
(1.7674278e-10 -0.0027308173 0 -0.00010177004 0 0)
(-8.4654053e-10 -0.0045590693 0 -0.00028329101 0 0)
(-6.0252786e-10 -0.0063887249 0 -0.00055601019 0 0)
(-6.9596007e-10 0.0063887256 0 -0.00055601029 0 0)
(-6.6478125e-10 0.0045590693 0 -0.00028329112 0 0)
(2.3305671e-10 0.0027308167 0 -0.00010177008 0 0)
(1.1807981e-09 0.000909126 0 -1.1291379e-05 0 0)
(1.1549389e-09 -0.00090912639 0 -1.1291356e-05 0 0)
(1.7096148e-10 -0.0027308169 0 -0.00010177002 0 0)
(-7.3051127e-10 -0.0045590692 0 -0.00028329105 0 0)
(-7.357574e-10 -0.0063887253 0 -0.00055601025 0 0)
(-5.1190546e-10 0.0063887256 0 -0.00055601032 0 0)
(-7.1063134e-10 0.0045590692 0 -0.00028329115 0 0)
(2.2160784e-10 0.0027308166 0 -0.00010177007 0 0)
(1.1373654e-09 0.00090912583 0 -1.1291328e-05 0 0)
(1.1141533e-09 -0.00090912615 0 -1.1291307e-05 0 0)
(1.6115268e-10 -0.0027308168 0 -0.00010177002 0 0)
(-7.7682485e-10 -0.0045590691 0 -0.00028329108 0 0)
(-5.4372046e-10 -0.0063887253 0 -0.00055601027 0 0)
(-6.4110641e-10 0.0063887259 0 -0.00055601037 0 0)
(-6.0276414e-10 0.0045590691 0 -0.00028329118 0 0)
(2.1348257e-10 0.0027308163 0 -0.00010177006 0 0)
(1.0764959e-09 0.00090912578 0 -1.1291275e-05 0 0)
(1.0527908e-09 -0.00090912614 0 -1.1291254e-05 0 0)
(1.5612044e-10 -0.0027308164 0 -0.00010177 0 0)
(-6.635588e-10 -0.004559069 0 -0.00028329112 0 0)
(-6.7822441e-10 -0.0063887256 0 -0.00055601032 0 0)
(-4.5931247e-10 0.0063887258 0 -0.00055601039 0 0)
(-6.5003699e-10 0.004559069 0 -0.00028329121 0 0)
(2.0240293e-10 0.0027308162 0 -0.00010177005 0 0)
(1.0362001e-09 0.00090912561 0 -1.1291227e-05 0 0)
(1.014724e-09 -0.00090912591 0 -1.1291208e-05 0 0)
(1.4665449e-10 -0.0027308163 0 -0.00010177 0 0)
(-7.1131542e-10 -0.0045590689 0 -0.00028329115 0 0)
(-4.886316e-10 -0.0063887256 0 -0.00055601035 0 0)
(-5.897658e-10 0.0063887262 0 -0.00055601044 0 0)
(-5.4458151e-10 0.0045590689 0 -0.00028329124 0 0)
(1.9510377e-10 0.0027308159 0 -0.00010177004 0 0)
(9.7858788e-10 0.00090912558 0 -1.1291178e-05 0 0)
(9.5693723e-10 -0.00090912592 0 -1.1291158e-05 0 0)
(1.4229743e-10 -0.002730816 0 -0.00010176999 0 0)
(-6.0060833e-10 -0.0045590688 0 -0.00028329118 0 0)
(-6.2434533e-10 -0.0063887259 0 -0.0005560104 0 0)
(-4.1003443e-10 0.0063887261 0 -0.00055601045 0 0)
(-5.9316404e-10 0.0045590688 0 -0.00028329127 0 0)
(1.8437858e-10 0.0027308158 0 -0.00010177003 0 0)
(9.4117242e-10 0.00090912542 0 -1.1291132e-05 0 0)
(9.2136688e-10 -0.0009091257 0 -1.1291114e-05 0 0)
(1.3314423e-10 -0.0027308159 0 -0.00010176998 0 0)
(-6.4972895e-10 -0.0045590688 0 -0.00028329121 0 0)
(-4.3695812e-10 -0.0063887259 0 -0.00055601042 0 0)
(-5.4163575e-10 0.0063887264 0 -0.0005560105 0 0)
(-4.8988788e-10 0.0045590688 0 -0.0002832913 0 0)
(1.7784198e-10 0.0027308155 0 -0.00010177002 0 0)
(8.8653953e-10 0.00090912539 0 -1.1291086e-05 0 0)
(8.6683746e-10 -0.00090912572 0 -1.1291068e-05 0 0)
(1.2939226e-10 -0.0027308156 0 -0.00010176997 0 0)
(-5.4135855e-10 -0.0045590687 0 -0.00028329124 0 0)
(-5.7384028e-10 -0.0063887262 0 -0.00055601046 0 0)
(-3.6377962e-10 0.0063887264 0 -0.00055601052 0 0)
(-5.3967484e-10 0.0045590687 0 -0.00028329132 0 0)
(1.6745799e-10 0.0027308154 0 -0.00010177001 0 0)
(8.517592e-10 0.00090912525 0 -1.1291043e-05 0 0)
(8.3355015e-10 -0.00090912551 0 -1.1291027e-05 0 0)
(1.2052471e-10 -0.0027308156 0 -0.00010176997 0 0)
(-5.9175616e-10 -0.0045590686 0 -0.00028329127 0 0)
(-3.8840805e-10 -0.0063887261 0 -0.00055601048 0 0)
(-4.9642973e-10 0.0063887267 0 -0.00055601056 0 0)
(-4.3835994e-10 0.0045590686 0 -0.00028329135 0 0)
(1.6162118e-10 0.0027308152 0 -0.00010177 0 0)
(7.9984278e-10 0.00090912523 0 -1.1291e-05 0 0)
(7.8197984e-10 -0.00090912554 0 -1.1290983e-05 0 0)
(1.1731258e-10 -0.0027308153 0 -0.00010176996 0 0)
(-4.8550216e-10 -0.0045590685 0 -0.0002832913 0 0)
(-5.2638403e-10 -0.0063887264 0 -0.00055601053 0 0)
(-3.2027266e-10 0.0063887266 0 -0.00055601057 0 0)
(-4.8925346e-10 0.0045590685 0 -0.00028329137 0 0)
(1.5156216e-10 0.0027308151 0 -0.00010177 0 0)
(7.6746536e-10 0.00090912509 0 -1.1290959e-05 0 0)
(7.5077296e-10 -0.00090912534 0 -1.1290944e-05 0 0)
(1.0870684e-10 -0.0027308152 0 -0.00010176996 0 0)
(-5.3708527e-10 -0.0045590685 0 -0.00028329132 0 0)
(-3.4270747e-10 -0.0063887264 0 -0.00055601054 0 0)
(-4.5387837e-10 0.0063887269 0 -0.00055601062 0 0)
(-3.8969464e-10 0.0045590685 0 -0.0002832914 0 0)
(1.4636336e-10 0.0027308149 0 -0.00010176999 0 0)
(7.1801786e-10 0.00090912508 0 -1.1290918e-05 0 0)
(7.0188389e-10 -0.00090912537 0 -1.1290903e-05 0 0)
(1.0597351e-10 -0.002730815 0 -0.00010176995 0 0)
(-4.327376e-10 -0.0045590684 0 -0.00028329135 0 0)
(-4.8168814e-10 -0.0063887266 0 -0.00055601058 0 0)
(-2.7925505e-10 0.0063887268 0 -0.00055601063 0 0)
(-4.4160487e-10 0.0045590684 0 -0.00028329142 0 0)
(1.3661322e-10 0.0027308148 0 -0.00010176998 0 0)
(6.8782381e-10 0.00090912495 0 -1.1290879e-05 0 0)
(6.7256517e-10 -0.00090912519 0 -1.1290865e-05 0 0)
(9.7608028e-11 -0.0027308149 0 -0.00010176994 0 0)
(-4.8542087e-10 -0.0045590683 0 -0.00028329138 0 0)
(-2.9960684e-10 -0.0063887266 0 -0.0005560106 0 0)
(-4.1373038e-10 0.0063887271 0 -0.00055601067 0 0)
(-3.4360918e-10 0.0045590684 0 -0.00028329145 0 0)
(1.3199326e-10 0.0027308146 0 -0.00010176997 0 0)
(6.4061362e-10 0.00090912494 0 -1.129084e-05 0 0)
(6.2609983e-10 -0.00090912522 0 -1.1290827e-05 0 0)
(9.529606e-11 -0.0027308147 0 -0.00010176994 0 0)
(-3.8278061e-10 -0.0045590683 0 -0.00028329141 0 0)
(-4.3950518e-10 -0.0063887268 0 -0.00055601064 0 0)
(-2.4048694e-10 0.006388727 0 -0.00055601067 0 0)
(-3.9645316e-10 0.0045590683 0 -0.00028329147 0 0)
(1.2253643e-10 0.0027308145 0 -0.00010176997 0 0)
(6.1239756e-10 0.00090912483 0 -1.1290804e-05 0 0)
(5.9848843e-10 -0.00090912505 0 -1.1290791e-05 0 0)
(8.7152221e-11 -0.0027308147 0 -0.00010176993 0 0)
(-4.3648662e-10 -0.0045590682 0 -0.00028329143 0 0)
(-2.5887366e-10 -0.0063887268 0 -0.00055601065 0 0)
(-3.7575013e-10 0.0063887272 0 -0.00055601071 0 0)
(-2.9984513e-10 0.0045590682 0 -0.00028329149 0 0)
(1.1843837e-10 0.0027308144 0 -0.00010176996 0 0)
(5.6720897e-10 0.00090912483 0 -1.1290767e-05 0 0)
(5.5420917e-10 -0.00090912509 0 -1.1290755e-05 0 0)
(8.5208174e-11 -0.0027308145 0 -0.00010176993 0 0)
(-3.3537131e-10 -0.0045590682 0 -0.00028329145 0 0)
(-3.9960524e-10 -0.006388727 0 -0.00055601069 0 0)
(-2.0374179e-10 0.0063887271 0 -0.00055601072 0 0)
(-3.5355017e-10 0.0045590682 0 -0.00028329151 0 0)
(1.0925977e-10 0.0027308143 0 -0.00010176995 0 0)
(5.4077869e-10 0.00090912472 0 -1.1290732e-05 0 0)
(5.2813553e-10 -0.00090912493 0 -1.129072e-05 0 0)
(7.7270065e-11 -0.0027308144 0 -0.00010176992 0 0)
(-3.9003347e-10 -0.0045590681 0 -0.00028329148 0 0)
(-2.2028155e-10 -0.0063887269 0 -0.0005560107 0 0)
(-3.3971965e-10 0.0063887274 0 -0.00055601076 0 0)
(-2.5816315e-10 0.0045590681 0 -0.00028329154 0 0)
(1.0562891e-10 0.0027308142 0 -0.00010176995 0 0)
(4.9741204e-10 0.00090912472 0 -1.1290697e-05 0 0)
(4.8582383e-10 -0.00090912498 0 -1.1290686e-05 0 0)
(7.5643684e-11 -0.0027308143 0 -0.00010176992 0 0)
(-2.9026849e-10 -0.0045590681 0 -0.0002832915 0 0)
(-3.6177118e-10 -0.0063887272 0 -0.00055601073 0 0)
(-1.6881176e-10 0.0063887272 0 -0.00055601076 0 0)
(-3.126646e-10 0.0045590681 0 -0.00028329155 0 0)
(9.6714611e-11 0.0027308141 0 -0.00010176994 0 0)
(4.7258951e-10 0.00090912462 0 -1.1290663e-05 0 0)
(4.6112974e-10 -0.00090912482 0 -1.1290653e-05 0 0)
(6.7897456e-11 -0.0027308142 0 -0.00010176992 0 0)
(-3.4583136e-10 -0.004559068 0 -0.00028329152 0 0)
(-1.8361866e-10 -0.0063887271 0 -0.00055601074 0 0)
(-3.0543771e-10 0.0063887275 0 -0.0005560108 0 0)
(-2.1834464e-10 0.004559068 0 -0.00028329158 0 0)
(9.3499015e-11 0.002730814 0 -0.00010176994 0 0)
(4.3086114e-10 0.00090912463 0 -1.129063e-05 0 0)
(4.2058583e-10 -0.00090912487 0 -1.129062e-05 0 0)
(6.6541567e-11 -0.0027308141 0 -0.00010176991 0 0)
(-2.4724739e-10 -0.004559068 0 -0.00028329155 0 0)
(-3.2580134e-10 -0.0063887273 0 -0.00055601077 0 0)
(-1.3550501e-10 0.0063887274 0 -0.0005560108 0 0)
(-2.7358738e-10 0.004559068 0 -0.0002832916 0 0)
(8.4836351e-11 0.0027308139 0 -0.00010176993 0 0)
(4.074822e-10 0.00090912454 0 -1.1290598e-05 0 0)
(3.9712513e-10 -0.00090912473 0 -1.1290589e-05 0 0)
(5.8976189e-11 -0.002730814 0 -0.00010176991 0 0)
(-3.036683e-10 -0.0045590679 0 -0.00028329157 0 0)
(-1.4869025e-10 -0.0063887272 0 -0.00055601078 0 0)
(-2.7271966e-10 0.0063887276 0 -0.00055601083 0 0)
(-1.8019036e-10 0.004559068 0 -0.00028329162 0 0)
(8.1986223e-11 0.0027308138 0 -0.00010176993 0 0)
(3.6722417e-10 0.00090912456 0 -1.1290566e-05 0 0)
(3.5816754e-10 -0.00090912479 0 -1.1290558e-05 0 0)
(5.7846752e-11 -0.0027308139 0 -0.0001017699 0 0)
(-2.0610128e-10 -0.0045590679 0 -0.00028329159 0 0)
(-2.9150808e-10 -0.0063887274 0 -0.00055601081 0 0)
(-1.0364562e-10 0.0063887275 0 -0.00055601083 0 0)
(-2.3612881e-10 0.0045590679 0 -0.00028329164 0 0)
(7.3564133e-11 0.0027308138 0 -0.00010176992 0 0)
(3.4513809e-10 0.00090912447 0 -1.1290536e-05 0 0)
(3.3580572e-10 -0.00090912465 0 -1.1290527e-05 0 0)
(5.0453324e-11 -0.0027308139 0 -0.0001017699 0 0)
(-2.6334959e-10 -0.0045590679 0 -0.00028329161 0 0)
(-1.1531642e-10 -0.0063887273 0 -0.00055601082 0 0)
(-2.4139733e-10 0.0063887277 0 -0.00055601087 0 0)
(-1.4351985e-10 0.0045590679 0 -0.00028329166 0 0)
(7.10324e-11 0.0027308137 0 -0.00010176992 0 0)
(3.0619821e-10 0.00090912449 0 -1.1290505e-05 0 0)
(2.982706e-10 -0.00090912471 0 -1.1290498e-05 0 0)
(4.950841e-11 -0.0027308138 0 -0.0001017699 0 0)
(-1.666411e-10 -0.0045590678 0 -0.00028329163 0 0)
(-2.5871823e-10 -0.0063887276 0 -0.00055601085 0 0)
(-7.3074163e-11 0.0063887276 0 -0.00055601087 0 0)
(-2.0011842e-10 0.0045590678 0 -0.00028329167 0 0)
(6.2841691e-11 0.0027308137 0 -0.00010176991 0 0)
(2.8526829e-10 0.00090912441 0 -1.1290476e-05 0 0)
(2.7688493e-10 -0.00090912459 0 -1.1290468e-05 0 0)
(4.2280151e-11 -0.0027308138 0 -0.0001017699 0 0)
(-2.2468161e-10 -0.0045590678 0 -0.00028329165 0 0)
(-8.3332197e-11 -0.0063887274 0 -0.00055601085 0 0)
(-2.1131873e-10 0.0063887278 0 -0.0005560109 0 0)
(-1.0817015e-10 0.0045590678 0 -0.0002832917 0 0)
(6.0584049e-11 0.0027308136 0 -0.00010176991 0 0)
(2.4751011e-10 0.00090912444 0 -1.1290447e-05 0 0)
(2.4062559e-10 -0.00090912465 0 -1.129044e-05 0 0)
(4.1480378e-11 -0.0027308137 0 -0.00010176989 0 0)
(-1.2869373e-10 -0.0045590678 0 -0.00028329167 0 0)
(-2.272751e-10 -0.0063887276 0 -0.00055601088 0 0)
(-4.3646917e-11 0.0063887276 0 -0.0005560109 0 0)
(-1.6540035e-10 0.0045590678 0 -0.00028329171 0 0)
(5.2617854e-11 0.0027308136 0 -0.00010176991 0 0)
(2.276138e-10 0.00090912437 0 -1.1290418e-05 0 0)
(2.2010578e-10 -0.00090912454 0 -1.1290412e-05 0 0)
(3.441233e-11 -0.0027308137 0 -0.00010176989 0 0)
(-1.8745826e-10 -0.0045590678 0 -0.00028329169 0 0)
(-5.2589814e-11 -0.0063887275 0 -0.00055601088 0 0)
(-1.8234783e-10 0.0063887279 0 -0.00055601093 0 0)
(-7.3990729e-11 0.0045590678 0 -0.00028329173 0 0)
(5.059273e-11 0.0027308135 0 -0.0001017699 0 0)
(1.9091599e-10 0.0009091244 0 -1.129039e-05 0 0)
(1.8499187e-10 -0.0009091246 0 -1.1290384e-05 0 0)
(3.3720143e-11 -0.0027308136 0 -0.00010176989 0 0)
(-9.2106071e-11 -0.0045590677 0 -0.00028329171 0 0)
(-1.9703714e-10 -0.0063887277 0 -0.00055601091 0 0)
(-1.5235101e-11 0.0063887277 0 -0.00055601092 0 0)
(-1.3182494e-10 0.0045590678 0 -0.00028329175 0 0)
(4.2847429e-11 0.0027308135 0 -0.0001017699 0 0)
(1.7194373e-10 0.00090912434 0 -1.1290363e-05 0 0)
(1.6523937e-10 -0.0009091245 0 -1.1290357e-05 0 0)
(2.6810253e-11 -0.0027308136 0 -0.00010176989 0 0)
(-1.5151364e-10 -0.0045590677 0 -0.00028329173 0 0)
(-2.2956676e-11 -0.0063887276 0 -0.00055601091 0 0)
(-1.5436542e-10 0.0063887279 0 -0.00055601095 0 0)
(-4.0843707e-11 0.0045590678 0 -0.00028329177 0 0)
(4.1016677e-11 0.0027308134 0 -0.0001017699 0 0)
(1.3620018e-10 0.00090912437 0 -1.1290336e-05 0 0)
(1.3115635e-10 -0.00090912456 0 -1.129033e-05 0 0)
(2.6190765e-11 -0.0027308135 0 -0.00010176988 0 0)
(-5.6744944e-11 -0.0045590677 0 -0.00028329175 0 0)
(-1.6787925e-10 -0.0063887278 0 -0.00055601094 0 0)
(1.2274105e-11 0.0063887277 0 -0.00055601095 0 0)
(-9.9249113e-11 0.0045590677 0 -0.00028329179 0 0)
(3.3491097e-11 0.0027308134 0 -0.0001017699 0 0)
(1.1805697e-10 0.00090912432 0 -1.1290309e-05 0 0)
(1.1208499e-10 -0.00090912448 0 -1.1290304e-05 0 0)
(1.9439292e-11 -0.0027308135 0 -0.00010176988 0 0)
(-1.167528e-10 -0.0045590677 0 -0.00028329177 0 0)
(5.6835205e-12 -0.0063887276 0 -0.00055601094 0 0)
(-1.2726851e-10 0.0063887279 0 -0.00055601098 0 0)
(-8.6107827e-12 0.0045590677 0 -0.00028329181 0 0)
(3.1818468e-11 0.0027308134 0 -0.00010176989 0 0)
(8.317782e-11 0.00090912435 0 -1.1290283e-05 0 0)
(7.8934069e-11 -0.00090912454 0 -1.1290278e-05 0 0)
(1.8858702e-11 -0.0027308135 0 -0.00010176988 0 0)
(-2.2498781e-11 -0.0045590677 0 -0.00028329179 0 0)
(-1.3969231e-10 -0.0063887278 0 -0.00055601096 0 0)
(3.8979314e-11 0.0063887277 0 -0.00055601097 0 0)
(-6.7566528e-11 0.0045590677 0 -0.00028329182 0 0)
(2.4513498e-11 0.0027308134 0 -0.00010176989 0 0)
(6.5781767e-11 0.00090912431 0 -1.1290257e-05 0 0)
(6.0470248e-11 -0.00090912446 0 -1.1290253e-05 0 0)
(1.2265676e-11 -0.0027308135 0 -0.00010176988 0 0)
(-8.3097255e-11 -0.0045590677 0 -0.00028329181 0 0)
(3.3431634e-11 -0.0063887276 0 -0.00055601096 0 0)
(-1.0096986e-10 0.006388728 0 -0.000556011 0 0)
(2.2804544e-11 0.0045590677 0 -0.00028329184 0 0)
(2.2966594e-11 0.0027308134 0 -0.00010176989 0 0)
(3.1689653e-11 0.00090912435 0 -1.1290232e-05 0 0)
(2.8168164e-11 -0.00090912452 0 -1.1290228e-05 0 0)
(1.1691258e-11 -0.0027308134 0 -0.00010176988 0 0)
(1.0728303e-11 -0.0045590677 0 -0.00028329183 0 0)
(-1.123829e-10 -0.0063887278 0 -0.00055601099 0 0)
(6.4964723e-11 0.0063887278 0 -0.00055601099 0 0)
(-3.6707053e-11 0.0045590677 0 -0.00028329186 0 0)
(1.5887325e-11 0.0027308134 0 -0.00010176989 0 0)
(1.4971328e-11 0.00090912431 0 -1.1290207e-05 0 0)
(1.0249476e-11 -0.00090912446 0 -1.1290203e-05 0 0)
(5.259687e-12 -0.0027308135 0 -0.00010176988 0 0)
(-5.046564e-11 -0.0045590677 0 -0.00028329184 0 0)
(6.0372666e-11 -0.0063887276 0 -0.00055601098 0 0)
(-7.5394414e-11 0.006388728 0 -0.00055601102 0 0)
(5.3475413e-11 0.0045590677 0 -0.00028329188 0 0)
(1.4436619e-11 0.0027308134 0 -0.00010176989 0 0)
(-1.839585e-11 0.00090912435 0 -1.1290182e-05 0 0)
(-2.1273935e-11 -0.00090912452 0 -1.1290179e-05 0 0)
(4.6615266e-12 -0.0027308134 0 -0.00010176988 0 0)
(4.3018693e-11 -0.0045590677 0 -0.00028329186 0 0)
(-8.5873484e-11 -0.0063887278 0 -0.00055601101 0 0)
(9.0300831e-11 0.0063887278 0 -0.00055601101 0 0)
(-6.6126921e-12 0.0045590677 0 -0.00028329189 0 0)
(7.5908217e-12 0.0027308134 0 -0.00010176989 0 0)
(-3.4491502e-11 0.00090912432 0 -1.1290158e-05 0 0)
(-3.8697865e-11 -0.00090912446 0 -1.1290155e-05 0 0)
(-1.6041627e-12 -0.0027308135 0 -0.00010176988 0 0)
(-1.8784929e-11 -0.0045590676 0 -0.00028329188 0 0)
(8.6575858e-11 -0.0063887276 0 -0.000556011 0 0)
(-5.0477222e-11 0.006388728 0 -0.00055601104 0 0)
(8.3461895e-11 0.0045590677 0 -0.00028329191 0 0)
(6.2094405e-12 0.0027308134 0 -0.00010176989 0 0)
(-6.7181604e-11 0.00090912436 0 -1.1290134e-05 0 0)
(-6.9497947e-11 -0.00090912453 0 -1.1290132e-05 0 0)
(-2.2555593e-12 -0.0027308135 0 -0.00010176988 0 0)
(7.4438124e-11 -0.0045590677 0 -0.0002832919 0 0)
(-6.0102138e-11 -0.0063887278 0 -0.00055601102 0 0)
(1.1504451e-10 0.0063887277 0 -0.00055601103 0 0)
(2.27712e-11 0.0045590677 0 -0.00028329193 0 0)
(-3.9104123e-13 0.0027308134 0 -0.00010176989 0 0)
(-8.2698448e-11 0.00090912434 0 -1.1290111e-05 0 0)
(-8.646689e-11 -0.00090912448 0 -1.1290108e-05 0 0)
(-8.3485086e-12 -0.0027308135 0 -0.00010176988 0 0)
(1.2002257e-11 -0.0045590676 0 -0.00028329192 0 0)
(1.1209568e-10 -0.0063887276 0 -0.00055601102 0 0)
(-2.6164519e-11 0.0063887279 0 -0.00055601105 0 0)
(1.128151e-10 0.0045590677 0 -0.00028329195 0 0)
(-1.726216e-12 0.0027308134 0 -0.00010176989 0 0)
(-1.1474643e-10 0.00090912439 0 -1.1290088e-05 0 0)
(-1.1658639e-10 -0.00090912454 0 -1.1290085e-05 0 0)
(-9.0798996e-12 -0.0027308135 0 -0.00010176988 0 0)
(1.0503353e-10 -0.0045590677 0 -0.00028329194 0 0)
(-3.5022192e-11 -0.0063887278 0 -0.00055601104 0 0)
(1.3923897e-10 0.0063887277 0 -0.00055601104 0 0)
(5.1491632e-11 0.0045590677 0 -0.00028329196 0 0)
(-8.0657658e-12 0.0027308135 0 -0.00010176989 0 0)
(-1.297178e-10 0.00090912437 0 -1.1290065e-05 0 0)
(-1.3313068e-10 -0.00090912451 0 -1.1290062e-05 0 0)
(-1.4991522e-11 -0.0027308135 0 -0.00010176988 0 0)
(4.193493e-11 -0.0045590677 0 -0.00028329195 0 0)
(1.3697135e-10 -0.0063887276 0 -0.00055601104 0 0)
(-2.4156697e-12 0.0063887279 0 -0.00055601107 0 0)
(1.4157633e-10 0.0045590677 0 -0.00028329198 0 0)
(-9.3758623e-12 0.0027308135 0 -0.00010176989 0 0)
(-1.6114653e-10 0.00090912442 0 -1.1290042e-05 0 0)
(-1.6260078e-10 -0.00090912457 0 -1.129004e-05 0 0)
(-1.5830092e-11 -0.0027308136 0 -0.00010176988 0 0)
(1.3483553e-10 -0.0045590677 0 -0.00028329197 0 0)
(-1.060094e-11 -0.0063887278 0 -0.00055601106 0 0)
(1.6291459e-10 0.0063887277 0 -0.00055601106 0 0)
(7.9586702e-11 0.0045590677 0 -0.000283292 0 0)
(-1.543623e-11 0.0027308135 0 -0.00010176989 0 0)
(-1.7559393e-10 0.00090912441 0 -1.129002e-05 0 0)
(-1.7873975e-10 -0.00090912454 0 -1.1290018e-05 0 0)
(-2.1550687e-11 -0.0027308136 0 -0.00010176988 0 0)
(7.1037477e-11 -0.0045590677 0 -0.00028329199 0 0)
(1.6122846e-10 -0.0063887276 0 -0.00055601105 0 0)
(2.079729e-11 0.0063887278 0 -0.00055601108 0 0)
(1.6977657e-10 0.0045590677 0 -0.00028329202 0 0)
(-1.67399e-11 0.0027308136 0 -0.00010176989 0 0)
(-2.0641532e-10 0.00090912447 0 -1.1289998e-05 0 0)
(-2.075815e-10 -0.00090912461 0 -1.1289997e-05 0 0)
(-2.2521856e-11 -0.0027308136 0 -0.00010176988 0 0)
(1.6386031e-10 -0.0045590677 0 -0.00028329201 0 0)
(1.3180741e-11 -0.0063887277 0 -0.00055601107 0 0)
(1.8609055e-10 0.0063887276 0 -0.00055601107 0 0)
(1.0708584e-10 0.0045590677 0 -0.00028329203 0 0)
(-2.2499691e-11 0.0027308136 0 -0.00010176989 0 0)
(-2.2035179e-10 0.00090912447 0 -1.1289977e-05 0 0)
(-2.2332626e-10 -0.00090912459 0 -1.1289975e-05 0 0)
(-2.8040261e-11 -0.0027308137 0 -0.00010176988 0 0)
(9.9320333e-11 -0.0045590677 0 -0.00028329202 0 0)
(1.8487958e-10 -0.0063887275 0 -0.00055601106 0 0)
(4.3490293e-11 0.0063887278 0 -0.00055601109 0 0)
(1.9743934e-10 0.0045590678 0 -0.00028329205 0 0)
(-2.381257e-11 0.0027308137 0 -0.00010176989 0 0)
(-2.5056886e-10 0.00090912452 0 -1.1289956e-05 0 0)
(-2.5155227e-10 -0.00090912465 0 -1.1289954e-05 0 0)
(-2.9167654e-11 -0.0027308137 0 -0.00010176989 0 0)
(1.9211188e-10 -0.0045590677 0 -0.00028329204 0 0)
(3.632955e-11 -0.0063887277 0 -0.00055601108 0 0)
(2.0877632e-10 0.0063887275 0 -0.00055601108 0 0)
(1.3401944e-10 0.0045590678 0 -0.00028329206 0 0)
(-2.9247056e-11 0.0027308137 0 -0.00010176989 0 0)
(-2.6400041e-10 0.00090912453 0 -1.1289935e-05 0 0)
(-2.6690655e-10 -0.00090912465 0 -1.1289933e-05 0 0)
(-3.4471566e-11 -0.0027308138 0 -0.00010176989 0 0)
(1.2678292e-10 -0.0045590677 0 -0.00028329206 0 0)
(2.0792601e-10 -0.0063887274 0 -0.00055601107 0 0)
(6.5670009e-11 0.0063887277 0 -0.0005560111 0 0)
(2.2458393e-10 0.0045590678 0 -0.00028329208 0 0)
(-3.0582162e-11 0.0027308138 0 -0.00010176989 0 0)
(-2.9360961e-10 0.00090912458 0 -1.1289914e-05 0 0)
(-2.945238e-10 -0.00090912471 0 -1.1289913e-05 0 0)
(-3.5778012e-11 -0.0027308138 0 -0.00010176989 0 0)
(2.1958467e-10 -0.0045590678 0 -0.00028329208 0 0)
(5.8842406e-11 -0.0063887276 0 -0.00055601109 0 0)
(2.3097418e-10 0.0063887275 0 -0.00055601109 0 0)
(1.6042419e-10 0.0045590678 0 -0.0002832921 0 0)
(-3.5664408e-11 0.0027308139 0 -0.0001017699 0 0)
(-3.065383e-10 0.00090912459 0 -1.1289894e-05 0 0)
(-3.0948863e-10 -0.00090912471 0 -1.1289892e-05 0 0)
(-4.0853798e-11 -0.0027308139 0 -0.00010176989 0 0)
(1.5341682e-10 -0.0045590678 0 -0.00028329209 0 0)
(2.3036029e-10 -0.0063887274 0 -0.00055601108 0 0)
(8.7336669e-11 0.0063887276 0 -0.0005560111 0 0)
(2.5122678e-10 0.0045590678 0 -0.00028329212 0 0)
(-3.7032937e-11 0.0027308139 0 -0.0001017699 0 0)
(-3.3553216e-10 0.00090912465 0 -1.1289874e-05 0 0)
(-3.3650124e-10 -0.00090912478 0 -1.1289872e-05 0 0)
(-4.2360527e-11 -0.002730814 0 -0.00010176989 0 0)
(2.4626712e-10 -0.0045590678 0 -0.00028329211 0 0)
(8.0708452e-11 -0.0063887275 0 -0.00055601109 0 0)
(2.526813e-10 0.0063887274 0 -0.00055601109 0 0)
(1.8633036e-10 0.0045590678 0 -0.00028329213 0 0)
(-4.1733313e-11 0.002730814 0 -0.0001017699 0 0)
(-3.4795818e-10 0.00090912467 0 -1.1289854e-05 0 0)
(-3.510763e-10 -0.00090912479 0 -1.1289853e-05 0 0)
(-4.7194766e-11 -0.002730814 0 -0.0001017699 0 0)
(1.7920917e-10 -0.0045590678 0 -0.00028329213 0 0)
(2.5216808e-10 -0.0063887273 0 -0.00055601108 0 0)
(1.0848728e-10 0.0063887275 0 -0.00055601111 0 0)
(2.7738604e-10 0.0045590679 0 -0.00028329215 0 0)
(-4.3143494e-11 0.0027308141 0 -0.00010176991 0 0)
(-3.7632919e-10 0.00090912473 0 -1.1289835e-05 0 0)
(-3.7748956e-10 -0.00090912485 0 -1.1289833e-05 0 0)
(-4.8923499e-11 -0.0027308141 0 -0.0001017699 0 0)
(2.72145e-10 -0.0045590679 0 -0.00028329215 0 0)
(1.0191181e-10 -0.0063887274 0 -0.0005560111 0 0)
(2.7389435e-10 0.0063887273 0 -0.00055601109 0 0)
(2.1174591e-10 0.0045590679 0 -0.00028329217 0 0)
(-4.7430231e-11 0.0027308141 0 -0.00010176991 0 0)
(-3.8825625e-10 0.00090912476 0 -1.1289816e-05 0 0)
(-3.9167814e-10 -0.00090912487 0 -1.1289814e-05 0 0)
(-5.3502738e-11 -0.0027308142 0 -0.0001017699 0 0)
(2.0414707e-10 -0.0045590679 0 -0.00028329216 0 0)
(2.7333201e-10 -0.0063887272 0 -0.00055601109 0 0)
(1.2912072e-10 0.0063887274 0 -0.00055601111 0 0)
(3.0308417e-10 0.0045590679 0 -0.00028329219 0 0)
(-4.8888446e-11 0.0027308142 0 -0.00010176991 0 0)
(-4.1600162e-10 0.00090912482 0 -1.1289798e-05 0 0)
(-4.1750341e-10 -0.00090912493 0 -1.1289795e-05 0 0)
(-5.5473698e-11 -0.0027308143 0 -0.00010176991 0 0)
(2.9720663e-10 -0.0045590679 0 -0.00028329218 0 0)
(1.2243565e-10 -0.0063887273 0 -0.0005560111 0 0)
(2.9461386e-10 0.0063887271 0 -0.0005560111 0 0)
(2.3668122e-10 0.004559068 0 -0.0002832922 0 0)
(-5.2728023e-11 0.0027308143 0 -0.00010176992 0 0)
(-4.2744115e-10 0.00090912486 0 -1.1289779e-05 0 0)
(-4.3131695e-10 -0.00090912496 0 -1.1289777e-05 0 0)
(-5.9785737e-11 -0.0027308144 0 -0.00010176991 0 0)
(2.2822424e-10 -0.0045590679 0 -0.00028329219 0 0)
(2.9383513e-10 -0.0063887271 0 -0.00055601109 0 0)
(1.4924213e-10 0.0063887273 0 -0.00055601111 0 0)
(3.2835774e-10 0.004559068 0 -0.00028329222 0 0)
(-5.4238136e-11 0.0027308144 0 -0.00010176992 0 0)
(-4.5456862e-10 0.00090912492 0 -1.1289761e-05 0 0)
(-4.5657748e-10 -0.00090912502 0 -1.1289759e-05 0 0)
(-6.202142e-11 -0.0027308145 0 -0.00010176991 0 0)
(3.214496e-10 -0.004559068 0 -0.00028329221 0 0)
(1.4226666e-10 -0.0063887272 0 -0.0005560111 0 0)
(3.1485009e-10 0.006388727 0 -0.0005560111 0 0)
(2.6117751e-10 0.004559068 0 -0.00028329224 0 0)
(-5.7596312e-11 0.0027308145 0 -0.00010176992 0 0)
(-4.6554629e-10 0.00090912496 0 -1.1289743e-05 0 0)
(-4.7004292e-10 -0.00090912506 0 -1.128974e-05 0 0)
(-6.6057321e-11 -0.0027308145 0 -0.00010176992 0 0)
(2.5144869e-10 -0.004559068 0 -0.00028329223 0 0)
(3.1366711e-10 -0.0063887269 0 -0.00055601109 0 0)
(1.6887121e-10 0.0063887272 0 -0.00055601111 0 0)
(3.5327092e-10 0.0045590681 0 -0.00028329226 0 0)
(-5.9160573e-11 0.0027308146 0 -0.00010176993 0 0)
(-4.9208093e-10 0.00090912503 0 -1.1289726e-05 0 0)
(-4.9478222e-10 -0.00090912512 0 -1.1289723e-05 0 0)
(-6.8580263e-11 -0.0027308146 0 -0.00010176992 0 0)
(3.4488981e-10 -0.004559068 0 -0.00028329225 0 0)
(1.6140106e-10 -0.0063887271 0 -0.0005560111 0 0)
(3.3463113e-10 0.0063887269 0 -0.0005560111 0 0)
(2.853174e-10 0.0045590681 0 -0.00028329227 0 0)
(-6.2002503e-11 0.0027308147 0 -0.00010176993 0 0)
(-5.026442e-10 0.00090912507 0 -1.1289709e-05 0 0)
(-5.0794934e-10 -0.00090912516 0 -1.1289705e-05 0 0)
(-7.2334445e-11 -0.0027308147 0 -0.00010176992 0 0)
(2.7385319e-10 -0.0045590681 0 -0.00028329226 0 0)
(3.3282994e-10 -0.0063887268 0 -0.00055601109 0 0)
(1.8804978e-10 0.006388727 0 -0.00055601111 0 0)
(3.779273e-10 0.0045590682 0 -0.00028329229 0 0)
(-6.362118e-11 0.0027308148 0 -0.00010176994 0 0)
(-5.2863732e-10 0.00090912515 0 -1.1289692e-05 0 0)
(-5.3223907e-10 -0.00090912523 0 -1.1289688e-05 0 0)
(-7.5170737e-11 -0.0027308149 0 -0.00010176993 0 0)
(3.6757278e-10 -0.0045590681 0 -0.00028329228 0 0)
(1.7985174e-10 -0.0063887269 0 -0.0005560111 0 0)
(3.5401073e-10 0.0063887267 0 -0.00055601109 0 0)
(3.0923219e-10 0.0045590682 0 -0.00028329231 0 0)
(-6.5912794e-11 0.0027308149 0 -0.00010176995 0 0)
(-5.3886479e-10 0.00090912519 0 -1.1289675e-05 0 0)
(-5.4519009e-10 -0.00090912527 0 -1.128967e-05 0 0)
(-7.8644056e-11 -0.002730815 0 -0.00010176993 0 0)
(2.9550437e-10 -0.0045590681 0 -0.00028329229 0 0)
(3.5134536e-10 -0.0063887267 0 -0.00055601108 0 0)
(2.0685033e-10 0.0063887269 0 -0.00055601111 0 0)
(4.0248222e-10 0.0045590682 0 -0.00028329233 0 0)
(-6.7585838e-11 0.002730815 0 -0.00010176995 0 0)
(-5.6440454e-10 0.00090912527 0 -1.1289659e-05 0 0)
(-5.6914104e-10 -0.00090912535 0 -1.1289653e-05 0 0)
(-8.1823228e-11 -0.0027308151 0 -0.00010176994 0 0)
(3.8958535e-10 -0.0045590682 0 -0.00028329231 0 0)
(1.9765567e-10 -0.0063887268 0 -0.00055601109 0 0)
(3.7308125e-10 0.0063887266 0 -0.00055601109 0 0)
(3.3311034e-10 0.0045590683 0 -0.00028329234 0 0)
(-6.929624e-11 0.0027308152 0 -0.00010176996 0 0)
(-5.7441762e-10 0.00090912532 0 -1.1289643e-05 0 0)
(-5.820012e-10 -0.0009091254 0 -1.1289636e-05 0 0)
(-8.502245e-11 -0.0027308152 0 -0.00010176994 0 0)
(3.1651765e-10 -0.0045590682 0 -0.00028329232 0 0)
(3.692644e-10 -0.0063887265 0 -0.00055601108 0 0)
(2.2539248e-10 0.0063887267 0 -0.0005560111 0 0)
(4.2715237e-10 0.0045590683 0 -0.00028329236 0 0)
(-7.102434e-11 0.0027308153 0 -0.00010176997 0 0)
(-5.9964307e-10 0.0009091254 0 -1.1289626e-05 0 0)
(-6.0577587e-10 -0.00090912547 0 -1.1289619e-05 0 0)
(-8.8577197e-11 -0.0027308153 0 -0.00010176995 0 0)
(4.1106876e-10 -0.0045590683 0 -0.00028329234 0 0)
(2.148866e-10 -0.0063887266 0 -0.00055601109 0 0)
(3.9198603e-10 0.0063887264 0 -0.00055601108 0 0)
(3.5721266e-10 0.0045590683 0 -0.00028329238 0 0)
(-7.212871e-11 0.0027308154 0 -0.00010176997 0 0)
(-6.0962126e-10 0.00090912546 0 -1.128961e-05 0 0)
(-6.1872813e-10 -0.00090912552 0 -1.1289602e-05 0 0)
(-9.1516764e-11 -0.0027308154 0 -0.00010176995 0 0)
(3.3706987e-10 -0.0045590683 0 -0.00028329236 0 0)
(3.8668236e-10 -0.0063887263 0 -0.00055601107 0 0)
(2.4385298e-10 0.0063887265 0 -0.00055601109 0 0)
(4.5223623e-10 0.0045590684 0 -0.0002832924 0 0)
(-7.3918181e-11 0.0027308155 0 -0.00010176998 0 0)
(-6.3473881e-10 0.00090912554 0 -1.1289594e-05 0 0)
(-6.4255478e-10 -0.0009091256 0 -1.1289585e-05 0 0)
(-9.5483476e-11 -0.0027308156 0 -0.00010176996 0 0)
(4.3223721e-10 -0.0045590684 0 -0.00028329238 0 0)
(2.3167053e-10 -0.0063887264 0 -0.00055601108 0 0)
(4.1093297e-10 0.0063887262 0 -0.00055601107 0 0)
(3.8189213e-10 0.0045590684 0 -0.00028329241 0 0)
(-7.440441e-11 0.0027308157 0 -0.00010176999 0 0)
(-6.4493683e-10 0.0009091256 0 -1.1289578e-05 0 0)
(-6.558538e-10 -0.00090912566 0 -1.1289568e-05 0 0)
(-9.8183168e-11 -0.0027308157 0 -0.00010176996 0 0)
(3.5742982e-10 -0.0045590684 0 -0.00028329239 0 0)
(4.0375321e-10 -0.0063887262 0 -0.00055601106 0 0)
(2.6248141e-10 0.0063887263 0 -0.00055601108 0 0)
(4.7813153e-10 0.0045590685 0 -0.00028329244 0 0)
(-7.6272984e-11 0.0027308158 0 -0.00010177 0 0)
(-6.7024071e-10 0.00090912569 0 -1.1289561e-05 0 0)
(-6.8004383e-10 -0.00090912574 0 -1.1289551e-05 0 0)
(-1.0259772e-10 -0.0027308158 0 -0.00010176997 0 0)
(4.5341299e-10 -0.0045590685 0 -0.00028329241 0 0)
(2.482021e-10 -0.0063887262 0 -0.00055601107 0 0)
(4.3021061e-10 0.006388726 0 -0.00055601106 0 0)
(4.0760596e-10 0.0045590685 0 -0.00028329245 0 0)
(-7.6150413e-11 0.002730816 0 -0.00010177001 0 0)
(-6.8101086e-10 0.00090912576 0 -1.1289545e-05 0 0)
(-6.9403379e-10 -0.0009091258 0 -1.1289533e-05 0 0)
(-1.0508023e-10 -0.002730816 0 -0.00010176998 0 0)
(3.7799159e-10 -0.0045590685 0 -0.00028329242 0 0)
(4.207114e-10 -0.006388726 0 -0.00055601105 0 0)
(2.8161654e-10 0.0063887261 0 -0.00055601107 0 0)
(5.0534585e-10 0.0045590686 0 -0.00028329248 0 0)
(-7.8137547e-11 0.0027308161 0 -0.00010177002 0 0)
(-7.0690888e-10 0.00090912585 0 -1.1289528e-05 0 0)
(-7.1899941e-10 -0.00090912588 0 -1.1289514e-05 0 0)
(-1.0997443e-10 -0.0027308161 0 -0.00010176998 0 0)
(4.7506216e-10 -0.0045590686 0 -0.00028329244 0 0)
(2.6477105e-10 -0.0063887261 0 -0.00055601105 0 0)
(4.5020304e-10 0.0063887258 0 -0.00055601105 0 0)
(4.3492713e-10 0.0045590686 0 -0.00028329249 0 0)
(-7.7449776e-11 0.0027308163 0 -0.00010177002 0 0)
(-7.1872805e-10 0.00090912592 0 -1.128951e-05 0 0)
(-7.3413216e-10 -0.00090912595 0 -1.1289496e-05 0 0)
(-1.1225872e-10 -0.0027308163 0 -0.00010176999 0 0)
(3.9931753e-10 -0.0045590686 0 -0.00028329246 0 0)
(4.3790084e-10 -0.0063887258 0 -0.00055601103 0 0)
(3.0170014e-10 0.0063887259 0 -0.00055601106 0 0)
(5.3450739e-10 0.0045590687 0 -0.00028329252 0 0)
(-7.963023e-11 0.0027308164 0 -0.00010177004 0 0)
(-7.4577141e-10 0.00090912602 0 -1.1289492e-05 0 0)
(-7.6040757e-10 -0.00090912604 0 -1.1289476e-05 0 0)
(-1.1765043e-10 -0.0027308164 0 -0.00010177 0 0)
(4.9784607e-10 -0.0045590687 0 -0.00028329248 0 0)
(2.8179418e-10 -0.0063887259 0 -0.00055601104 0 0)
(4.7140498e-10 0.0063887256 0 -0.00055601104 0 0)
(4.6455157e-10 0.0045590687 0 -0.00028329254 0 0)
(-7.8472243e-11 0.0027308166 0 -0.00010177004 0 0)
(-7.5927161e-10 0.00090912609 0 -1.1289473e-05 0 0)
(-7.7726401e-10 -0.00090912611 0 -1.1289455e-05 0 0)
(-1.1974186e-10 -0.0027308166 0 -0.00010177 0 0)
(4.2219679e-10 -0.0045590687 0 -0.0002832925 0 0)
(4.5581113e-10 -0.0063887256 0 -0.00055601102 0 0)
(3.2329196e-10 0.0063887257 0 -0.00055601105 0 0)
(5.6636974e-10 0.0045590688 0 -0.00028329257 0 0)
(-8.0974406e-11 0.0027308167 0 -0.00010177006 0 0)
(-7.8818934e-10 0.0009091262 0 -1.1289453e-05 0 0)
(-8.055276e-10 -0.0009091262 0 -1.1289434e-05 0 0)
(-1.2562549e-10 -0.0027308167 0 -0.00010177001 0 0)
(5.2268539e-10 -0.0045590688 0 -0.00028329252 0 0)
(2.9985595e-10 -0.0063887256 0 -0.00055601102 0 0)
(4.9443443e-10 0.0063887254 0 -0.00055601102 0 0)
(4.9730247e-10 0.0045590689 0 -0.00028329259 0 0)
(-7.9512219e-11 0.0027308169 0 -0.00010177007 0 0)
(-8.0419253e-10 0.00090912627 0 -1.1289431e-05 0 0)
(-8.2483941e-10 -0.00090912628 0 -1.1289411e-05 0 0)
(-1.2750511e-10 -0.0027308169 0 -0.00010177002 0 0)
(4.4771269e-10 -0.0045590689 0 -0.00028329254 0 0)
(4.7512209e-10 -0.0063887254 0 -0.000556011 0 0)
(3.4708099e-10 0.0063887254 0 -0.00055601103 0 0)
(6.0181351e-10 0.0045590689 0 -0.00028329262 0 0)
(-8.2537959e-11 0.0027308171 0 -0.00010177008 0 0)
(-8.3592832e-10 0.00090912639 0 -1.1289408e-05 0 0)
(-8.5593796e-10 -0.00090912638 0 -1.1289387e-05 0 0)
(-1.3384009e-10 -0.0027308171 0 -0.00010177003 0 0)
(5.5083152e-10 -0.0045590689 0 -0.00028329256 0 0)
(3.197578e-10 -0.0063887254 0 -0.00055601101 0 0)
(5.2004311e-10 0.0063887251 0 -0.00055601101 0 0)
(5.341303e-10 0.004559069 0 -0.00028329264 0 0)
(-8.102963e-11 0.0027308173 0 -0.00010177009 0 0)
(-8.5548107e-10 0.00090912647 0 -1.1289383e-05 0 0)
(-8.7861128e-10 -0.00090912646 0 -1.128936e-05 0 0)
(-1.3545301e-10 -0.0027308173 0 -0.00010177003 0 0)
(4.7731802e-10 -0.004559069 0 -0.00028329258 0 0)
(4.9675632e-10 -0.0063887251 0 -0.00055601099 0 0)
(3.7389362e-10 0.0063887252 0 -0.00055601102 0 0)
(6.4184912e-10 0.0045590691 0 -0.00028329267 0 0)
(-8.4872512e-11 0.0027308175 0 -0.0001017701 0 0)
(-8.9122868e-10 0.00090912659 0 -1.1289356e-05 0 0)
(-9.1358679e-10 -0.00090912657 0 -1.1289332e-05 0 0)
(-1.4215518e-10 -0.0027308175 0 -0.00010177004 0 0)
(5.8394238e-10 -0.0045590691 0 -0.00028329261 0 0)
(3.4257156e-10 -0.0063887252 0 -0.00055601099 0 0)
(5.4912407e-10 0.0063887248 0 -0.000556011 0 0)
(5.7611718e-10 0.0045590691 0 -0.0002832927 0 0)
(-8.3682121e-11 0.0027308177 0 -0.00010177011 0 0)
(-9.1563208e-10 0.00090912668 0 -1.1289327e-05 0 0)
(-9.4072545e-10 -0.00090912665 0 -1.1289302e-05 0 0)
(-1.4340544e-10 -0.0027308176 0 -0.00010177005 0 0)
(5.1290456e-10 -0.0045590691 0 -0.00028329264 0 0)
(5.2193376e-10 -0.0063887249 0 -0.00055601097 0 0)
(4.0470219e-10 0.0063887249 0 -0.00055601101 0 0)
(6.8762444e-10 0.0045590692 0 -0.00028329273 0 0)
(-8.873583e-11 0.0027308179 0 -0.00010177012 0 0)
(-9.5686265e-10 0.00090912681 0 -1.1289294e-05 0 0)
(-9.8084309e-10 -0.00090912677 0 -1.1289268e-05 0 0)
(-1.5034906e-10 -0.0027308178 0 -0.00010177006 0 0)
(6.2414253e-10 -0.0045590692 0 -0.00028329267 0 0)
(3.6969313e-10 -0.0063887249 0 -0.00055601098 0 0)
(5.8272264e-10 0.0063887246 0 -0.00055601099 0 0)
(6.2448923e-10 0.0045590692 0 -0.00028329277 0 0)
(-8.833307e-11 0.0027308181 0 -0.00010177014 0 0)
(-9.8769042e-10 0.0009091269 0 -1.1289259e-05 0 0)
(-1.0137718e-09 -0.00090912686 0 -1.1289232e-05 0 0)
(-1.5110962e-10 -0.0027308181 0 -0.00010177007 0 0)
(5.5684577e-10 -0.0045590693 0 -0.0002832927 0 0)
(5.5222063e-10 -0.0063887246 0 -0.00055601096 0 0)
(4.4063903e-10 0.0063887246 0 -0.000556011 0 0)
(7.4045074e-10 0.0045590693 0 -0.00028329281 0 0)
(-9.5080203e-11 0.0027308183 0 -0.00010177015 0 0)
(-1.0361633e-09 0.00090912704 0 -1.1289219e-05 0 0)
(-1.0605502e-09 -0.00090912699 0 -1.1289193e-05 0 0)
(-1.581491e-10 -0.0027308183 0 -0.00010177008 0 0)
(6.7404235e-10 -0.0045590694 0 -0.00028329274 0 0)
(4.0288383e-10 -0.0063887247 0 -0.00055601097 0 0)
(6.2204995e-10 0.0063887243 0 -0.00055601098 0 0)
(6.8066594e-10 0.0045590694 0 -0.00028329284 0 0)
(-9.6010986e-11 0.0027308185 0 -0.00010177016 0 0)
(-1.075256e-09 0.00090912715 0 -1.1289176e-05 0 0)
(-1.1008357e-09 -0.00090912709 0 -1.128915e-05 0 0)
(-1.5829735e-10 -0.0027308185 0 -0.00010177009 0 0)
(6.1198793e-10 -0.0045590694 0 -0.00028329278 0 0)
(5.8955423e-10 -0.0063887243 0 -0.00055601095 0 0)
(4.8301593e-10 0.0063887243 0 -0.00055601099 0 0)
(8.0187735e-10 0.0045590695 0 -0.00028329289 0 0)
(-1.0497586e-10 0.0027308188 0 -0.00010177017 0 0)
(-1.133e-09 0.0009091273 0 -1.1289127e-05 0 0)
(-1.1560788e-09 -0.00090912723 0 -1.1289102e-05 0 0)
(-1.6532004e-10 -0.0027308187 0 -0.00010177011 0 0)
(7.3669032e-10 -0.0045590695 0 -0.00028329282 0 0)
(4.4427479e-10 -0.0063887244 0 -0.00055601096 0 0)
(6.6851274e-10 0.0063887239 0 -0.00055601097 0 0)
(7.4635908e-10 0.0045590695 0 -0.00028329293 0 0)
(-1.0778976e-10 0.002730819 0 -0.00010177018 0 0)
(-1.182425e-09 0.00090912742 0 -1.1289074e-05 0 0)
(-1.2055466e-09 -0.00090912735 0 -1.128905e-05 0 0)
(-1.6481296e-10 -0.002730819 0 -0.00010177012 0 0)
(6.8154598e-10 -0.0045590696 0 -0.00028329287 0 0)
(6.3622302e-10 -0.006388724 0 -0.00055601094 0 0)
(5.3336589e-10 0.0063887239 0 -0.00055601098 0 0)
(8.7382305e-10 0.0045590697 0 -0.00028329298 0 0)
(-1.1944502e-10 0.0027308193 0 -0.00010177019 0 0)
(-1.2516774e-09 0.00090912758 0 -1.1289014e-05 0 0)
(-1.2713747e-09 -0.00090912749 0 -1.1288992e-05 0 0)
(-1.7183485e-10 -0.0027308193 0 -0.00010177014 0 0)
(8.1540556e-10 -0.0045590697 0 -0.00028329293 0 0)
(4.9631315e-10 -0.006388724 0 -0.00055601096 0 0)
(7.2377159e-10 0.0063887236 0 -0.00055601096 0 0)
(8.2373986e-10 0.0045590697 0 -0.00028329304 0 0)
(-1.2456784e-10 0.0027308196 0 -0.0001017702 0 0)
(-1.313639e-09 0.00090912771 0 -1.1288949e-05 0 0)
(-1.3321126e-09 -0.00090912764 0 -1.1288929e-05 0 0)
(-1.7083412e-10 -0.0027308195 0 -0.00010177015 0 0)
(7.6885924e-10 -0.0045590698 0 -0.00028329298 0 0)
(6.9477547e-10 -0.0063887237 0 -0.00055601094 0 0)
(5.9352286e-10 0.0063887236 0 -0.00055601098 0 0)
(9.5878135e-10 0.0045590698 0 -0.0002832931 0 0)
(-1.3918858e-10 0.0027308199 0 -0.00010177021 0 0)
(-1.3967288e-09 0.00090912788 0 -1.1288875e-05 0 0)
(-1.4109816e-09 -0.00090912779 0 -1.1288859e-05 0 0)
(-1.7814041e-10 -0.0027308198 0 -0.00010177017 0 0)
(9.1345365e-10 -0.0045590699 0 -0.00028329305 0 0)
(5.6162577e-10 -0.0063887237 0 -0.00055601096 0 0)
(7.8983128e-10 0.0063887232 0 -0.00055601096 0 0)
(9.1568078e-10 0.0045590699 0 -0.00028329316 0 0)
(-1.467419e-10 0.0027308202 0 -0.00010177022 0 0)
(-1.4734215e-09 0.00090912804 0 -1.1288796e-05 0 0)
(-1.4853171e-09 -0.00090912796 0 -1.1288784e-05 0 0)
(-1.7718345e-10 -0.0027308201 0 -0.00010177019 0 0)
(8.7698149e-10 -0.00455907 0 -0.00028329312 0 0)
(7.6782471e-10 -0.0063887233 0 -0.00055601095 0 0)
(6.6572763e-10 0.0063887231 0 -0.00055601098 0 0)
(1.060088e-09 0.0045590701 0 -0.00028329323 0 0)
(-1.6421884e-10 0.0027308205 0 -0.00010177023 0 0)
(-1.5725822e-09 0.00090912823 0 -1.1288707e-05 0 0)
(-1.5800008e-09 -0.00090912812 0 -1.1288698e-05 0 0)
(-1.8549872e-10 -0.0027308205 0 -0.00010177021 0 0)
(1.0335514e-09 -0.0045590701 0 -0.0002832932 0 0)
(6.427589e-10 -0.0063887233 0 -0.00055601097 0 0)
(8.6916188e-10 0.0063887227 0 -0.00055601097 0 0)
(1.0260191e-09 0.0045590701 0 -0.0002832933 0 0)
(-1.7380615e-10 0.0027308209 0 -0.00010177024 0 0)
(-1.6659708e-09 0.00090912841 0 -1.1288612e-05 0 0)
(-1.6704139e-09 -0.00090912832 0 -1.1288608e-05 0 0)
(-1.856893e-10 -0.0027308208 0 -0.00010177023 0 0)
(1.0080924e-09 -0.0045590702 0 -0.00028329329 0 0)
(8.5772973e-10 -0.0063887229 0 -0.00055601097 0 0)
(7.5275128e-10 0.0063887227 0 -0.00055601099 0 0)
(1.1821503e-09 0.0045590703 0 -0.00028329338 0 0)
(-1.9346374e-10 0.0027308212 0 -0.00010177026 0 0)
(-1.7830649e-09 0.00090912861 0 -1.1288507e-05 0 0)
(-1.7838844e-09 -0.00090912849 0 -1.1288503e-05 0 0)
(-1.963315e-10 -0.0027308212 0 -0.00010177025 0 0)
(1.1772002e-09 -0.0045590703 0 -0.00028329338 0 0)
(7.4179038e-10 -0.0063887228 0 -0.000556011 0 0)
(9.6480577e-10 0.0063887222 0 -0.00055601098 0 0)
(1.1596805e-09 0.0045590704 0 -0.00028329347 0 0)
(-2.0399248e-10 0.0027308216 0 -0.00010177027 0 0)
(-1.8945803e-09 0.00090912883 0 -1.1288394e-05 0 0)
(-1.8927814e-09 -0.00090912873 0 -1.1288396e-05 0 0)
(-1.9947492e-10 -0.0027308216 0 -0.00010177027 0 0)
(1.1627571e-09 -0.0045590704 0 -0.00028329348 0 0)
(9.6614729e-10 -0.0063887224 0 -0.000556011 0 0)
(8.5794593e-10 0.0063887221 0 -0.00055601101 0 0)
(1.3304065e-09 0.0045590705 0 -0.00028329357 0 0)
(-2.2450624e-10 0.0027308221 0 -0.00010177029 0 0)
(-2.030701e-09 0.00090912906 0 -1.1288271e-05 0 0)
(-2.0278439e-09 -0.00090912891 0 -1.1288271e-05 0 0)
(-2.1439372e-10 -0.002730822 0 -0.0001017703 0 0)
(1.3438985e-09 -0.0045590706 0 -0.00028329359 0 0)
(8.5980812e-10 -0.0063887223 0 -0.00055601103 0 0)
(1.0803406e-09 0.0063887216 0 -0.000556011 0 0)
(1.3223199e-09 0.0045590707 0 -0.00028329368 0 0)
(-2.3415353e-10 0.0027308225 0 -0.00010177031 0 0)
(-2.1608111e-09 0.00090912931 0 -1.1288141e-05 0 0)
(-2.1570284e-09 -0.00090912918 0 -1.1288146e-05 0 0)
(-2.2292556e-10 -0.0027308225 0 -0.00010177032 0 0)
(1.3390933e-09 -0.0045590707 0 -0.0002832937 0 0)
(1.0934589e-09 -0.0063887218 0 -0.00055601103 0 0)
(9.850157e-10 0.0063887215 0 -0.00055601103 0 0)
(1.5105438e-09 0.0045590708 0 -0.0002832938 0 0)
(-2.5372927e-10 0.002730823 0 -0.00010177033 0 0)
(-2.3156732e-09 0.00090912957 0 -1.1288001e-05 0 0)
(-2.3154277e-09 -0.00090912938 0 -1.1287997e-05 0 0)
(-2.44466e-10 -0.002730823 0 -0.00010177034 0 0)
(1.5302929e-09 -0.0045590709 0 -0.00028329383 0 0)
(9.9625251e-10 -0.0063887216 0 -0.00055601106 0 0)
(1.2194077e-09 0.006388721 0 -0.00055601103 0 0)
(1.5188146e-09 0.004559071 0 -0.00028329393 0 0)
(-2.6028388e-10 0.0027308235 0 -0.00010177035 0 0)
(-2.4631767e-09 0.00090912987 0 -1.1287855e-05 0 0)
(-2.4649866e-09 -0.00090912971 0 -1.1287854e-05 0 0)
(-2.6093019e-10 -0.0027308235 0 -0.00010177035 0 0)
(1.5318789e-09 -0.004559071 0 -0.00028329395 0 0)
(1.2380594e-09 -0.0063887211 0 -0.00055601107 0 0)
(1.1370736e-09 0.0063887208 0 -0.00055601107 0 0)
(1.7261264e-09 0.0045590712 0 -0.00028329407 0 0)
(-2.7738481e-10 0.0027308241 0 -0.00010177038 0 0)
(-2.6339769e-09 0.00090913016 0 -1.1287701e-05 0 0)
(-2.6455434e-09 -0.00090912992 0 -1.1287684e-05 0 0)
(-2.9107163e-10 -0.002730824 0 -0.00010177037 0 0)
(1.7292554e-09 -0.0045590712 0 -0.00028329408 0 0)
(1.1480588e-09 -0.0063887209 0 -0.0005560111 0 0)
(1.3842284e-09 0.0063887202 0 -0.00055601107 0 0)
(1.7495314e-09 0.0045590713 0 -0.00028329422 0 0)
(-2.7915615e-10 0.0027308247 0 -0.00010177042 0 0)
(-2.7946027e-09 0.00090913051 0 -1.1287543e-05 0 0)
(-2.8117656e-09 -0.00090913031 0 -1.1287527e-05 0 0)
(-3.1673084e-10 -0.0027308246 0 -0.00010177038 0 0)
(1.7314894e-09 -0.0045590714 0 -0.00028329421 0 0)
(1.3953745e-09 -0.0063887204 0 -0.0005560111 0 0)
(1.3141737e-09 0.00638872 0 -0.00055601111 0 0)
(1.9733605e-09 0.0045590715 0 -0.00028329438 0 0)
(-2.9371193e-10 0.0027308253 0 -0.00010177046 0 0)
(-2.9738101e-09 0.00090913082 0 -1.1287382e-05 0 0)
(-3.0069621e-09 -0.00090913056 0 -1.1287344e-05 0 0)
(-3.5545366e-10 -0.0027308252 0 -0.0001017704 0 0)
(1.9286909e-09 -0.0045590716 0 -0.00028329434 0 0)
(1.3083214e-09 -0.0063887201 0 -0.00055601113 0 0)
(1.5720887e-09 0.0063887194 0 -0.00055601112 0 0)
(2.0029349e-09 0.0045590717 0 -0.00028329454 0 0)
(-2.9055385e-10 0.002730826 0 -0.00010177051 0 0)
(-3.1379412e-09 0.0009091312 0 -1.1287224e-05 0 0)
(-3.1791398e-09 -0.00090913104 0 -1.1287182e-05 0 0)
(-3.8749121e-10 -0.0027308259 0 -0.00010177041 0 0)
(1.9223793e-09 -0.0045590717 0 -0.00028329447 0 0)
(1.5561966e-09 -0.0063887195 0 -0.00055601112 0 0)
(1.5079291e-09 0.0063887191 0 -0.00055601115 0 0)
(2.2314067e-09 0.0045590719 0 -0.0002832947 0 0)
(-3.0508241e-10 0.0027308266 0 -0.00010177056 0 0)
(-3.3099131e-09 0.00090913152 0 -1.128707e-05 0 0)
(-3.3703551e-09 -0.00090913133 0 -1.1287006e-05 0 0)
(-4.2990108e-10 -0.0027308265 0 -0.00010177043 0 0)
(2.1098489e-09 -0.004559072 0 -0.00028329459 0 0)
(1.4638277e-09 -0.0063887192 0 -0.00055601114 0 0)
(1.7682216e-09 0.0063887184 0 -0.00055601114 0 0)
(2.2433393e-09 0.0045590721 0 -0.00028329486 0 0)
(-2.9897607e-10 0.0027308274 0 -0.00010177061 0 0)
(-3.4603641e-09 0.00090913187 0 -1.128693e-05 0 0)
(-3.5294722e-09 -0.00090913189 0 -1.1286857e-05 0 0)
(-4.5639336e-10 -0.0027308273 0 -0.00010177045 0 0)
(2.0811579e-09 -0.0045590722 0 -0.0002832947 0 0)
(1.7036141e-09 -0.0063887186 0 -0.00055601111 0 0)
(1.6913263e-09 0.006388718 0 -0.00055601116 0 0)
(2.447405e-09 0.0045590723 0 -0.00028329499 0 0)
(-3.1949516e-10 0.0027308281 0 -0.00010177067 0 0)
(-3.5986753e-09 0.00090913221 0 -1.1286806e-05 0 0)
(-3.6854175e-09 -0.00090913224 0 -1.1286723e-05 0 0)
(-4.878456e-10 -0.0027308281 0 -0.00010177049 0 0)
(2.2460297e-09 -0.0045590724 0 -0.00028329481 0 0)
(1.5904781e-09 -0.0063887182 0 -0.00055601109 0 0)
(1.9337216e-09 0.0063887173 0 -0.00055601111 0 0)
(2.396648e-09 0.0045590725 0 -0.0002832951 0 0)
(-3.1384067e-10 0.0027308288 0 -0.00010177071 0 0)
(-3.7135974e-09 0.00090913252 0 -1.1286712e-05 0 0)
(-3.8111492e-09 -0.00090913285 0 -1.1286603e-05 0 0)
(-4.7839775e-10 -0.0027308289 0 -0.00010177056 0 0)
(2.1770784e-09 -0.0045590726 0 -0.00028329488 0 0)
(1.8078794e-09 -0.0063887176 0 -0.00055601103 0 0)
(1.8028667e-09 0.0063887169 0 -0.00055601107 0 0)
(2.5254634e-09 0.0045590727 0 -0.00028329515 0 0)
(-3.48864e-10 0.0027308295 0 -0.00010177078 0 0)
(-3.777207e-09 0.00090913297 0 -1.1286653e-05 0 0)
(-3.8565529e-09 -0.00090913333 0 -1.1286589e-05 0 0)
(-4.6639857e-10 -0.0027308297 0 -0.00010177065 0 0)
(2.3083301e-09 -0.0045590728 0 -0.00028329496 0 0)
(1.6461609e-09 -0.0063887172 0 -0.00055601095 0 0)
(1.9904729e-09 0.0063887162 0 -0.00055601094 0 0)
(2.3509211e-09 0.0045590728 0 -0.00028329515 0 0)
(-3.4204825e-10 0.0027308303 0 -0.00010177081 0 0)
(-3.8134786e-09 0.00090913348 0 -1.1286663e-05 0 0)
(-3.8250677e-09 -0.00090913334 0 -1.1286619e-05 0 0)
(-3.5605746e-10 -0.0027308306 0 -0.00010177083 0 0)
(2.1884071e-09 -0.004559073 0 -0.00028329498 0 0)
(1.821096e-09 -0.0063887166 0 -0.00055601084 0 0)
(1.7306691e-09 0.0063887158 0 -0.00055601077 0 0)
(2.3499008e-09 0.0045590729 0 -0.00028329504 0 0)
(-3.9403938e-10 0.0027308309 0 -0.00010177089 0 0)
(-3.8158888e-09 0.0009091338 0 -1.1286643e-05 0 0)
(-3.745686e-09 -0.0009091347 0 -1.1286761e-05 0 0)
(-2.4231893e-10 -0.0027308315 0 -0.00010177102 0 0)
(2.3035189e-09 -0.0045590732 0 -0.00028329504 0 0)
(1.5658153e-09 -0.0063887162 0 -0.00055601065 0 0)
(1.8170271e-09 0.0063887152 0 -0.00055601051 0 0)
(2.0158054e-09 0.004559073 0 -0.00028329493 0 0)
(-3.6022189e-10 0.0027308318 0 -0.00010177093 0 0)
(-3.8663432e-09 0.00090913429 0 -1.1286666e-05 0 0)
(-3.6328729e-09 -0.00090913462 0 -1.1286855e-05 0 0)
(9.3513832e-11 -0.0027308324 0 -0.00010177145 0 0)
(2.1757719e-09 -0.0045590733 0 -0.00028329508 0 0)
(1.6839007e-09 -0.0063887156 0 -0.00055601045 0 0)
(1.3237207e-09 0.0063887149 0 -0.00055601011 0 0)
(1.9139374e-09 0.0045590731 0 -0.00028329468 0 0)
(-4.0241041e-10 0.0027308325 0 -0.00010177107 0 0)
(-3.9591778e-09 0.00090913457 0 -1.1286534e-05 0 0)
(-3.5436831e-09 -0.00090913672 0 -1.1287032e-05 0 0)
(3.9244913e-10 -0.0027308335 0 -0.00010177185 0 0)
(2.4105152e-09 -0.0045590734 0 -0.00028329525 0 0)
(1.2818492e-09 -0.0063887154 0 -0.0005560101 0 0)
(1.2964024e-09 0.0063887146 0 -0.00055600969 0 0)
(1.5597634e-09 0.0045590731 0 -0.00028329461 0 0)
(-2.4784103e-10 0.0027308337 0 -0.00010177119 0 0)
(-4.3459654e-09 0.0009091351 0 -1.1286246e-05 0 0)
(-3.6871985e-09 -0.00090913686 0 -1.128686e-05 0 0)
(1.1862766e-09 -0.0027308348 0 -0.00010177274 0 0)
(2.506566e-09 -0.0045590734 0 -0.00028329556 0 0)
(1.3794415e-09 -0.0063887149 0 -0.00055600983 0 0)
(5.0448638e-10 0.0063887145 0 -0.000556009 0 0)
(1.7218121e-09 0.0045590734 0 -0.00028329459 0 0)
(-1.8960032e-10 0.002730835 0 -0.00010177151 0 0)
(-5.1422477e-09 0.00090913577 0 -1.1285401e-05 0 0)
(-4.118367e-09 -0.00090913958 0 -1.1286539e-05 0 0)
(1.7906496e-09 -0.0027308367 0 -0.00010177352 0 0)
(3.3555139e-09 -0.0045590736 0 -0.00028329633 0 0)
(8.3574812e-10 -0.0063887147 0 -0.00055600932 0 0)
(4.964377e-10 0.0063887144 0 -0.00055600852 0 0)
(1.9889267e-09 0.0045590736 0 -0.00028329526 0 0)
(2.6090991e-10 0.002730837 0 -0.00010177193 0 0)
(-6.6725297e-09 0.00090913685 0 -1.1283985e-05 0 0)
(-5.5678543e-09 -0.00090914071 0 -1.128511e-05 0 0)
(3.3843984e-09 -0.0027308394 0 -0.00010177522 0 0)
(4.3818859e-09 -0.0045590737 0 -0.00028329771 0 0)
(1.1001261e-09 -0.0063887143 0 -0.00055600912 0 0)
(-3.6367224e-10 0.0063887146 0 -0.00055600777 0 0)
(3.7113514e-09 0.0045590745 0 -0.0002832968 0 0)
(6.1586966e-10 0.0027308404 0 -0.00010177269 0 0)
(-9.9200937e-09 0.00090913877 0 -1.1280714e-05 0 0)
(-9.242732e-09 -0.00090914481 0 -1.1281485e-05 0 0)
(4.5446166e-09 -0.0027308435 0 -0.00010177678 0 0)
(7.2817818e-09 -0.0045590743 0 -0.00028330047 0 0)
(7.2155623e-10 -0.006388714 0 -0.00055600877 0 0)
(1.2806097e-10 0.0063887144 0 -0.00055600764 0 0)
(6.2982773e-09 0.0045590755 0 -0.00028330002 0 0)
(1.6880286e-09 0.0027308464 0 -0.00010177387 0 0)
(-1.6086021e-08 0.00090914258 0 -1.1274682e-05 0 0)
(-1.4568851e-08 -0.00090914901 0 -1.1276345e-05 0 0)
(7.1373105e-09 -0.0027308507 0 -0.00010177946 0 0)
(1.0881014e-08 -0.0045590751 0 -0.00028330478 0 0)
(1.6727248e-09 -0.0063887131 0 -0.00055600901 0 0)
(4.0725666e-10 0.0063887141 0 -0.00055600798 0 0)
(1.3289109e-08 0.0045590782 0 -0.00028330695 0 0)
(2.7057014e-09 0.0027308559 0 -0.00010177552 0 0)
(-2.755716e-08 0.00090915016 0 -1.1263324e-05 0 0)
(-2.5629604e-08 -0.0009091568 0 -1.1265133e-05 0 0)
(9.2356289e-09 -0.002730861 0 -0.0001017825 0 0)
(1.9329573e-08 -0.0045590772 0 -0.00028331301 0 0)
(2.666737e-09 -0.0063887116 0 -0.00055601002 0 0)
(2.6913856e-09 0.0063887124 0 -0.00055600934 0 0)
(2.1593748e-08 0.004559081 0 -0.00028331628 0 0)
(4.7191576e-09 0.002730872 0 -0.00010177804 0 0)
(-4.562872e-08 0.00090916045 0 -1.1245224e-05 0 0)
(-4.1391991e-08 -0.00090916753 0 -1.1249925e-05 0 0)
(1.2779489e-08 -0.0027308787 0 -0.00010178609 0 0)
(2.8863784e-08 -0.0045590794 0 -0.00028332398 0 0)
(5.5892514e-09 -0.0063887091 0 -0.00055601173 0 0)
(7.231323e-09 0.0063887084 0 -0.00055601367 0 0)
(4.1130569e-08 0.004559088 0 -0.00028333625 0 0)
(7.4587109e-09 0.002730896 0 -0.00010178194 0 0)
(-7.0364202e-08 0.00090917604 0 -1.1220944e-05 0 0)
(-6.7588298e-08 -0.00090918345 0 -1.1223211e-05 0 0)
(1.5945437e-08 -0.0027309029 0 -0.00010179132 0 0)
(4.9936521e-08 -0.0045590856 0 -0.00028334474 0 0)
(1.0894629e-08 -0.0063887031 0 -0.00055601694 0 0)
(1.4566617e-08 0.0063887023 0 -0.00055601946 0 0)
(6.0612013e-08 0.0045590937 0 -0.00028335734 0 0)
(1.0542162e-08 0.0027309339 0 -0.00010178635 0 0)
(-1.0760668e-07 0.00090919722 0 -1.1183371e-05 0 0)
(-1.0660505e-07 -0.00090920694 0 -1.1185396e-05 0 0)
(2.0032714e-08 -0.0027309426 0 -0.00010179542 0 0)
(7.1519449e-08 -0.0045590907 0 -0.00028336908 0 0)
(1.8745649e-08 -0.0063886955 0 -0.00055602257 0 0)
(2.7619204e-08 0.0063886879 0 -0.00055603164 0 0)
(1.056982e-07 0.0045591095 0 -0.00028340384 0 0)
(1.4904512e-08 0.0027309831 0 -0.00010179262 0 0)
(-1.6428104e-07 0.00090923079 0 -1.1127736e-05 0 0)
(-1.6044537e-07 -0.00090923714 0 -1.113037e-05 0 0)
(2.3531156e-08 -0.0027309916 0 -0.00010180288 0 0)
(1.1647929e-07 -0.0045591046 0 -0.00028341379 0 0)
(3.2709975e-08 -0.0063886786 0 -0.00055603613 0 0)
(4.6682339e-08 0.0063886691 0 -0.0005560477 0 0)
(1.4320247e-07 0.0045591184 0 -0.00028344386 0 0)
(1.9270693e-08 0.0027310622 0 -0.0001018 0 0)
(-2.3081508e-07 0.00090926969 0 -1.1060364e-05 0 0)
(-2.4092215e-07 -0.00090928274 0 -1.1051996e-05 0 0)
(2.6784611e-08 -0.0027310709 0 -0.0001018064 0 0)
(1.5659192e-07 -0.0045591139 0 -0.00028345861 0 0)
(5.1824788e-08 -0.0063886585 0 -0.00055605104 0 0)
(7.5001483e-08 0.0063886334 0 -0.00055607388 0 0)
(2.3157281e-07 0.0045591484 0 -0.00028353523 0 0)
(2.4157894e-08 0.0027311536 0 -0.00010180798 0 0)
(-3.4052874e-07 0.0009093332 0 -1.0952468e-05 0 0)
(-3.3421342e-07 -0.00090933413 0 -1.0956623e-05 0 0)
(2.8845814e-08 -0.0027311609 0 -0.0001018152 0 0)
(2.4008975e-07 -0.0045591404 0 -0.00028354219 0 0)
(8.0302256e-08 -0.0063886196 0 -0.00055607832 0 0)
(1.1388567e-07 0.0063885875 0 -0.00055610698 0 0)
(2.9274375e-07 0.0045591592 0 -0.00028360012 0 0)
(2.6210762e-08 0.0027312928 0 -0.00010181537 0 0)
(-4.4179547e-07 0.00090939453 0 -1.0849648e-05 0 0)
(-4.7177051e-07 -0.00090941168 0 -1.0822254e-05 0 0)
(2.7442356e-08 -0.0027312991 0 -0.00010181454 0 0)
(3.042948e-07 -0.0045591536 0 -0.00028361349 0 0)
(1.1928129e-07 -0.0063885735 0 -0.00055610981 0 0)
(1.6638392e-07 0.0063885131 0 -0.00055615492 0 0)
(4.3881953e-07 0.0045592096 0 -0.00028375136 0 0)
(3.006265e-08 0.0027314417 0 -0.00010182407 0 0)
(-6.2690596e-07 0.00090950264 0 -1.0667176e-05 0 0)
(-6.1077813e-07 -0.00090948995 0 -1.0680146e-05 0 0)
(2.5303549e-08 -0.0027314471 0 -0.00010182257 0 0)
(4.3902528e-07 -0.0045591977 0 -0.00028374917 0 0)
(1.6947462e-07 -0.0063884961 0 -0.00055615697 0 0)
(2.3166164e-07 0.0063884203 0 -0.00055621004 0 0)
(5.1977732e-07 0.0045592143 0 -0.00028383702 0 0)
(2.5738039e-08 0.0027316553 0 -0.00010182784 0 0)
(-7.5490224e-07 0.0009095859 0 -1.0536803e-05 0 0)
(-8.2086165e-07 -0.00090961262 0 -1.0474203e-05 0 0)
(1.3058478e-08 -0.0027316628 0 -0.00010181219 0 0)
(5.2528631e-07 -0.0045592125 0 -0.00028384482 0 0)
(2.3418746e-07 -0.0063884057 0 -0.00055620951 0 0)
(3.1387098e-07 0.0063882867 0 -0.00055628358 0 0)
(7.2805677e-07 0.0045592889 0 -0.00028405314 0 0)
(2.2941297e-08 0.0027318664 0 -0.00010183203 0 0)
(-1.0245378e-06 0.0009097509 0 -1.0270379e-05 0 0)
(-9.9922008e-07 -0.0009097201 0 -1.0291789e-05 0 0)
(3.8327783e-09 -0.0027318766 0 -0.00010181635 0 0)
(7.0949436e-07 -0.0045592765 0 -0.0002840315 0 0)
(3.1428925e-07 -0.0063882694 0 -0.00055628301 0 0)
(4.033406e-07 0.006388128 0 -0.00055635724 0 0)
(8.1621146e-07 0.0045592827 0 -0.00028414706 0 0)
(7.4860631e-09 0.0027321643 0 -0.0001018274 0 0)
(-1.1853903e-06 0.00090986621 0 -1.010595e-05 0 0)
(-1.2866681e-06 -0.00090990213 0 -1.0008858e-05 0 0)
(-2.558074e-08 -0.0027321695 0 -0.00010179086 0 0)
(7.9401233e-07 -0.0045592766 0 -0.00028412608 0 0)
(3.9746943e-07 -0.0063881184 0 -0.00055634857 0 0)
(5.1748778e-07 0.006387916 0 -0.00055645653 0 0)
(1.0609119e-06 0.0045593719 0 -0.00028440264 0 0)
(-1.3382616e-08 0.0027324409 0 -0.00010181588 0 0)
(-1.5178113e-06 0.00091009135 0 -9.7763202e-06 0 0)
(-1.4637771e-06 -0.00091002409 0 -9.827325e-06 0 0)
(-3.5268733e-08 -0.0027324004 0 -0.00010179546 0 0)
(1.033224e-06 -0.0045593792 0 -0.00028437173 0 0)
(5.1104932e-07 -0.0063879046 0 -0.00055644969 0 0)
(6.3214004e-07 0.0063876686 0 -0.00055654878 0 0)
(1.1424849e-06 0.0045593735 0 -0.00028449053 0 0)
(-5.0985337e-08 0.0027328229 0 -0.00010179332 0 0)
(-1.604433e-06 0.00091017694 0 -9.6869486e-06 0 0)
(-1.5920458e-06 -0.00091016035 0 -9.703911e-06 0 0)
(-8.6729886e-08 -0.0027327592 0 -0.00010175172 0 0)
(1.0685745e-06 -0.0045593486 0 -0.00028441453 0 0)
(6.1229549e-07 -0.0063876733 0 -0.00055652752 0 0)
(7.3423232e-07 0.0063873891 0 -0.00055662754 0 0)
(1.2296816e-06 0.0045593975 0 -0.00028458075 0 0)
(-9.4565663e-08 0.0027331139 0 -0.00010176061 0 0)
(-1.896474e-06 0.00091042784 0 -9.4070678e-06 0 0)
(-1.8457125e-06 -0.00091036025 0 -9.4526509e-06 0 0)
(-1.2627117e-07 -0.0027330395 0 -0.00010172869 0 0)
(1.2018018e-06 -0.0045594137 0 -0.00028455137 0 0)
(7.1418952e-07 -0.0063873976 0 -0.00055660844 0 0)
(8.2159629e-07 0.0063870904 0 -0.00055668647 0 0)
(1.276386e-06 0.0045594245 0 -0.0002846284 0 0)
(-1.3677517e-07 0.0027332993 0 -0.00010172653 0 0)
(-1.7663991e-06 0.00091049339 0 -9.5535833e-06 0 0)
(-1.7894936e-06 -0.0009104651 0 -9.5314031e-06 0 0)
(-1.8306404e-07 -0.0027333007 0 -0.00010167803 0 0)
(1.236866e-06 -0.0045594365 0 -0.00028458847 0 0)
(7.973067e-07 -0.0063871092 0 -0.0005566631 0 0)
(8.7622637e-07 0.0063867824 0 -0.00055672285 0 0)
(1.2066176e-06 0.004559417 0 -0.0002845601 0 0)
(-1.9306465e-07 0.0027334611 0 -0.00010167554 0 0)
(-1.7050223e-06 0.00091059151 0 -9.6473231e-06 0 0)
(-1.7267218e-06 -0.00091056823 0 -9.6227184e-06 0 0)
(-2.3385735e-07 -0.0027334593 0 -0.00010163271 0 0)
(1.1250882e-06 -0.0045594188 0 -0.00028447508 0 0)
(8.48987e-07 -0.0063868092 0 -0.00055669629 0 0)
(8.9888179e-07 0.006386533 0 -0.00055674393 0 0)
(9.6523348e-07 0.0045594447 0 -0.00028429515 0 0)
(-2.9234952e-07 0.0027337064 0 -0.00010162541 0 0)
(-1.5877463e-06 0.00091073833 0 -9.8964657e-06 0 0)
(-1.6080393e-06 -0.0009107093 0 -9.8645203e-06 0 0)
(-3.3013102e-07 -0.002733694 0 -0.00010159484 0 0)
(9.3603499e-07 -0.0045594628 0 -0.00028425973 0 0)
(8.669929e-07 -0.0063865701 0 -0.00055671336 0 0)
(9.1824475e-07 0.0063862365 0 -0.00055657317 0 0)
(7.0641054e-07 0.0045596183 0 -0.0002837368 0 0)
(-3.7072641e-07 0.002734025 0 -0.00010177757 0 0)
(-1.2269059e-06 0.00091083487 0 -1.1125638e-05 0 0)
(-1.2388243e-06 -0.00091080313 0 -1.1103719e-05 0 0)
(-4.0437088e-07 -0.0027340046 0 -0.00010177908 0 0)
(6.6131359e-07 -0.0045596381 0 -0.00028370903 0 0)
(8.83521e-07 -0.0063862849 0 -0.0005565481 0 0)
(8.937484e-07 0.0063862832 0 -0.00055610855 0 0)
(6.3305018e-07 0.0045597272 0 -0.00028328247 0 0)
(-3.6390951e-07 0.0027339409 0 -0.00010187504 0 0)
(-1.1854948e-06 0.00091077846 0 -1.1652685e-05 0 0)
(-1.2005522e-06 -0.00091074184 0 -1.1608895e-05 0 0)
(-3.9512979e-07 -0.0027339354 0 -0.00010192026 0 0)
(5.8838276e-07 -0.00455974 0 -0.00028326171 0 0)
(8.5793177e-07 -0.0063863422 0 -0.00055611345 0 0)
)
;

boundaryField
{
    left
    {
        type            fixedValue;
        value           uniform (0 0 0 0 0 0);
    }
    right
    {
        type            zeroGradient;
    }
    walls
    {
        type            zeroGradient;
    }
    frontAndBack
    {
        type            empty;
    }
}


// ************************************************************************* //
