/*--------------------------------*- C++ -*----------------------------------*\
| =========                 |                                                 |
| \\      /  F ield         | OpenFOAM: The Open Source CFD Toolbox           |
|  \\    /   O peration     | Version:  5.x                                   |
|   \\  /    A nd           | Web:      www.OpenFOAM.org                      |
|    \\/     M anipulation  |                                                 |
\*---------------------------------------------------------------------------*/
FoamFile
{
    version     2.0;
    format      ascii;
    class       volVectorField;
    location    "6";
    object      U;
}
// * * * * * * * * * * * * * * * * * * * * * * * * * * * * * * * * * * * * * //

dimensions      [0 1 -1 0 0 0 0];

internalField   nonuniform List<vector> 
1920
(
(-2.1289507e-07 1.2525397e-07 0)
(-5.2689001e-07 5.8985156e-08 0)
(-8.2964877e-07 -2.6727236e-08 0)
(-3.9766913e-07 -7.9768573e-08 0)
(3.9834407e-07 -8.0908679e-08 0)
(8.3005432e-07 -2.5694324e-08 0)
(5.2711342e-07 5.8301716e-08 0)
(2.1282359e-07 1.254985e-07 0)
(-7.1847173e-08 2.3214214e-07 0)
(-1.1447446e-06 4.2775017e-07 0)
(-1.7954259e-06 -6.3276946e-08 0)
(-9.1070619e-07 -6.2111382e-07 0)
(9.1230006e-07 -6.1893056e-07 0)
(1.7968065e-06 -6.483457e-08 0)
(1.1449851e-06 4.2925896e-07 0)
(7.2137988e-08 2.3176727e-07 0)
(-1.3930866e-07 6.2059002e-07 0)
(-1.6879236e-06 9.869838e-07 0)
(-2.5526342e-06 -1.4655572e-07 0)
(-1.2117119e-06 -1.4384561e-06 0)
(1.2141202e-06 -1.4414461e-06 0)
(2.5540907e-06 -1.4313447e-07 0)
(1.6889941e-06 9.856362e-07 0)
(1.3909544e-07 6.2154622e-07 0)
(-1.9104788e-07 1.1152605e-06 0)
(-2.1290993e-06 1.6662845e-06 0)
(-2.9809172e-06 -2.7931298e-07 0)
(-1.4780511e-06 -2.502025e-06 0)
(1.4805631e-06 -2.4974516e-06 0)
(2.9830651e-06 -2.8189919e-07 0)
(2.1296875e-06 1.6698558e-06 0)
(1.9139049e-07 1.1148001e-06 0)
(-2.5153836e-07 1.7154682e-06 0)
(-2.3125834e-06 2.4329857e-06 0)
(-3.2881332e-06 -4.6225194e-07 0)
(-1.5284023e-06 -3.6872868e-06 0)
(1.5309863e-06 -3.6915603e-06 0)
(3.2897796e-06 -4.5655771e-07 0)
(2.3137418e-06 2.4315985e-06 0)
(2.5141864e-07 1.717252e-06 0)
(-2.4531519e-07 2.3616632e-06 0)
(-2.4171295e-06 3.2170536e-06 0)
(-3.2881485e-06 -6.4854554e-07 0)
(-1.617979e-06 -4.9347099e-06 0)
(1.6199885e-06 -4.9286526e-06 0)
(3.2898627e-06 -6.5131266e-07 0)
(2.4176996e-06 3.2222081e-06 0)
(2.4553874e-07 2.3614192e-06 0)
(-2.6146133e-07 2.9998973e-06 0)
(-2.3006751e-06 3.999485e-06 0)
(-3.2427347e-06 -8.4804578e-07 0)
(-1.4981402e-06 -6.1557852e-06 0)
(1.4995925e-06 -6.1604557e-06 0)
(3.2437054e-06 -8.4113135e-07 0)
(2.3013082e-06 3.99846e-06 0)
(2.6146771e-07 3.002228e-06 0)
(-2.2304494e-07 3.6078673e-06 0)
(-2.1690274e-06 4.7307329e-06 0)
(-2.9553165e-06 -1.0266473e-06 0)
(-1.450205e-06 -7.3200011e-06 0)
(1.4508277e-06 -7.3135829e-06 0)
(2.9558242e-06 -1.0291291e-06 0)
(2.1692768e-06 4.7365037e-06 0)
(2.2306062e-07 3.6078765e-06 0)
(-2.1179896e-07 4.1528229e-06 0)
(-1.8943536e-06 5.4039739e-06 0)
(-2.6867397e-06 -1.1968885e-06 0)
(-1.2454754e-06 -8.366522e-06 0)
(1.2452909e-06 -8.3708744e-06 0)
(2.6866731e-06 -1.1899921e-06 0)
(1.8942413e-06 5.4033328e-06 0)
(2.1189745e-07 4.1552297e-06 0)
(-1.644656e-07 4.6296878e-06 0)
(-1.6502476e-06 5.9894433e-06 0)
(-2.2803665e-06 -1.3331732e-06 0)
(-1.1204751e-06 -9.2943564e-06 0)
(1.1195893e-06 -9.2885621e-06 0)
(2.2796055e-06 -1.3352043e-06 0)
(1.6501016e-06 5.9947926e-06 0)
(1.6430747e-07 4.6298244e-06 0)
(-1.4159503e-07 5.0256261e-06 0)
(-1.341894e-06 6.4925001e-06 0)
(-1.9311525e-06 -1.4530388e-06 0)
(-9.046126e-07 -1.007142e-05 0)
(9.0301408e-07 -1.0075042e-05 0)
(1.9301594e-06 -1.4471971e-06 0)
(1.3411856e-06 6.4920476e-06 0)
(1.41736e-07 5.0276845e-06 0)
(-1.0120137e-07 5.3472467e-06 0)
(-1.0847377e-06 6.9016647e-06 0)
(-1.5360136e-06 -1.5398152e-06 0)
(-7.5666613e-07 -1.0716183e-05 0)
(7.5467129e-07 -1.0711622e-05 0)
(1.5343655e-06 -1.541478e-06 0)
(1.0842818e-06 6.9058446e-06 0)
(1.0095825e-07 5.3473489e-06 0)
(-7.771912e-08 5.5945196e-06 0)
(-8.2227711e-07 7.2310239e-06 0)
(-1.2101188e-06 -1.6105694e-06 0)
(-5.7681544e-07 -1.1219604e-05 0)
(5.7434479e-07 -1.1222401e-05 0)
(1.2085283e-06 -1.6063684e-06 0)
(8.2125583e-07 7.2304989e-06 0)
(7.7856161e-08 5.5959795e-06 0)
(-5.0280811e-08 5.7802779e-06 0)
(-6.1158273e-07 7.4808992e-06 0)
(-9.0062782e-07 -1.6554424e-06 0)
(-4.4551672e-07 -1.161031e-05 0)
(4.4289933e-07 -1.1607183e-05 0)
(8.9853432e-07 -1.6569596e-06 0)
(6.1093073e-07 7.4835556e-06 0)
(5.0034495e-08 5.7802133e-06 0)
(-3.2072865e-08 5.9107776e-06 0)
(-4.2795661e-07 7.6688292e-06 0)
(-6.5332299e-07 -1.6891122e-06 0)
(-3.2048456e-07 -1.1892784e-05 0)
(3.1758392e-07 -1.1894896e-05 0)
(6.5140194e-07 -1.6867209e-06 0)
(4.2683836e-07 7.6679767e-06 0)
(3.2173293e-08 5.911557e-06 0)
(-1.735647e-08 5.9996265e-06 0)
(-2.8513833e-07 7.8002446e-06 0)
(-4.5037357e-07 -1.7057057e-06 0)
(-2.2438985e-07 -1.2096021e-05 0)
(2.2144294e-07 -1.2094236e-05 0)
(4.4809652e-07 -1.7073661e-06 0)
(2.8434783e-07 7.8013149e-06 0)
(1.7150035e-08 5.9992937e-06 0)
(-5.9103657e-09 6.0542847e-06 0)
(-1.7849203e-07 7.8916315e-06 0)
(-2.9239112e-07 -1.7165998e-06 0)
(-1.5145368e-07 -1.2229236e-05 0)
(1.4832452e-07 -1.2230935e-05 0)
(2.9025501e-07 -1.7159452e-06 0)
(1.7736239e-07 7.8902101e-06 0)
(5.957847e-09 6.0543901e-06 0)
(-5.3862355e-10 6.0857728e-06 0)
(-9.7491444e-08 7.9487624e-06 0)
(-1.8140417e-07 -1.7179929e-06 0)
(-9.154962e-08 -1.2315861e-05 0)
(8.8397321e-08 -1.2315203e-05 0)
(1.7902978e-07 -1.7200972e-06 0)
(9.6576087e-08 7.9483092e-06 0)
(3.7898392e-10 6.0850805e-06 0)
(5.386889e-09 6.0999127e-06 0)
(-4.8160272e-08 7.9843943e-06 0)
(-9.6209548e-08 -1.7178194e-06 0)
(-5.7340726e-08 -1.2364226e-05 0)
(5.4078824e-08 -1.2365785e-05 0)
(9.3917273e-08 -1.718747e-06 0)
(4.7035832e-08 7.9821815e-06 0)
(-5.3924912e-09 6.0993694e-06 0)
(5.3229011e-09 6.1040131e-06 0)
(-1.0559731e-08 8.0025166e-06 0)
(-4.8416529e-08 -1.7133414e-06 0)
(-2.5044769e-08 -1.2390264e-05 0)
(2.1788725e-08 -1.2390515e-05 0)
(4.6012821e-08 -1.7161469e-06 0)
(9.5505247e-09 8.0006295e-06 0)
(-5.4448758e-09 6.1028796e-06 0)
(7.8873167e-09 6.1014868e-06 0)
(4.3159271e-09 8.0115143e-06 0)
(-1.0498742e-08 -1.7095425e-06 0)
(-1.4504377e-08 -1.2399261e-05 0)
(1.1263004e-08 -1.2400905e-05 0)
(8.1674107e-09 -1.7118883e-06 0)
(-5.4042392e-09 8.0083482e-06 0)
(-7.933173e-09 6.1003204e-06 0)
(5.4241434e-09 6.0963463e-06 0)
(1.7511558e-08 8.0133409e-06 0)
(1.7590572e-09 -1.7043546e-06 0)
(9.3875124e-10 -1.2400469e-05 0)
(-4.0703501e-09 -1.2401436e-05 0)
(-4.0409908e-09 -1.7080128e-06 0)
(-1.8527893e-08 8.010131e-06 0)
(-5.5164664e-09 6.0947245e-06 0)
(6.5073694e-09 6.0900348e-06 0)
(1.587271e-08 8.0127247e-06 0)
(1.483778e-08 -1.7006097e-06 0)
(-3.9157686e-10 -1.2396272e-05 0)
(-2.5508696e-09 -1.2398135e-05 0)
(-1.6985721e-08 -1.7041908e-06 0)
(-1.6842095e-08 8.0085613e-06 0)
(-6.5730865e-09 6.0882929e-06 0)
(3.4481463e-09 6.0843156e-06 0)
(1.8457481e-08 8.0101854e-06 0)
(1.1178403e-08 -1.6967728e-06 0)
(6.8154737e-09 -1.239126e-05 0)
(-9.4878777e-09 -1.2392782e-05 0)
(-1.3105387e-08 -1.7012859e-06 0)
(-1.9350599e-08 8.0058287e-06 0)
(-3.5115961e-09 6.0822236e-06 0)
(4.2094593e-09 6.0794679e-06 0)
(1.1201177e-08 8.0079982e-06 0)
(1.4240712e-08 -1.6943168e-06 0)
(9.1692212e-10 -1.2385923e-05 0)
(-3.2121378e-09 -1.238803e-05 0)
(-1.5938958e-08 -1.6988926e-06 0)
(-1.1938972e-08 8.0029476e-06 0)
(-4.2740203e-09 6.0772466e-06 0)
(1.3528196e-09 6.076028e-06 0)
(1.092144e-08 8.0059628e-06 0)
(5.6928584e-09 -1.6921584e-06 0)
(5.1557506e-09 -1.238217e-05 0)
(-7.0377342e-09 -1.2384088e-05 0)
(-7.0245511e-09 -1.6973734e-06 0)
(-1.1562563e-08 8.0007305e-06 0)
(-1.383591e-09 6.0735602e-06 0)
(2.2999641e-09 6.0737805e-06 0)
(3.2024571e-09 8.0049895e-06 0)
(6.44051e-09 -1.6910202e-06 0)
(-1.6981908e-09 -1.2379605e-05 0)
(3.2573805e-10 -1.2381904e-05 0)
(-7.4735562e-09 -1.6962804e-06 0)
(-3.6149965e-09 7.999306e-06 0)
(-2.3477311e-09 6.0712298e-06 0)
(-1.5439057e-10 6.0727424e-06 0)
(3.3480479e-09 8.0046559e-06 0)
(-2.1644568e-09 -1.6901756e-06 0)
(2.091367e-09 -1.2378861e-05 0)
(-2.9745785e-09 -1.2381015e-05 0)
(1.5777495e-09 -1.6958213e-06 0)
(-3.6570241e-09 7.9989017e-06 0)
(1.5884124e-10 6.0700537e-06 0)
(1.0897187e-09 6.0725946e-06 0)
(-3.1482661e-09 8.0052459e-06 0)
(-7.2943803e-10 -1.6899836e-06 0)
(-4.3861291e-09 -1.2379296e-05 0)
(4.0546246e-09 -1.2381684e-05 0)
(4.5302142e-10 -1.6955729e-06 0)
(3.0984632e-09 7.9992731e-06 0)
(-1.1135113e-09 6.0698989e-06 0)
(-1.0231657e-09 6.0732138e-06 0)
(-1.7462269e-09 8.0063609e-06 0)
(-7.9960342e-09 -1.6899699e-06 0)
(-1.9575897e-10 -1.2381069e-05 0)
(3.3832878e-10 -1.2383302e-05 0)
(8.169849e-09 -1.6957208e-06 0)
(1.7804997e-09 8.0004701e-06 0)
(1.0608415e-09 6.0704851e-06 0)
(4.6014316e-10 6.0743377e-06 0)
(-6.9291962e-09 8.0080632e-06 0)
(-5.256903e-09 -1.6903396e-06 0)
(-6.0697837e-09 -1.2383589e-05 0)
(6.71447e-09 -1.2385944e-05 0)
(5.6901699e-09 -1.6959052e-06 0)
(7.2148398e-09 8.002162e-06 0)
(-4.6078696e-10 6.0716824e-06 0)
(-1.4344989e-09 6.0758571e-06 0)
(-4.4445013e-09 8.0100518e-06 0)
(-1.1242016e-08 -1.6907768e-06 0)
(-1.3987513e-09 -1.2386906e-05 0)
(2.4242477e-09 -1.2389079e-05 0)
(1.2066914e-08 -1.6963187e-06 0)
(4.7709428e-09 8.0043809e-06 0)
(1.4986374e-09 6.0732579e-06 0)
(1.9503845e-10 6.0775978e-06 0)
(-8.7143699e-09 8.0123479e-06 0)
(-7.4688683e-09 -1.6914319e-06 0)
(-6.8264661e-09 -1.2390564e-05 0)
(8.2395204e-09 -1.2392776e-05 0)
(8.4579815e-09 -1.6966722e-06 0)
(9.2585449e-09 8.0068312e-06 0)
(-1.7883415e-10 6.0751386e-06 0)
(-1.5836292e-09 6.0795024e-06 0)
(-5.5517515e-09 8.0147404e-06 0)
(-1.26145e-08 -1.6920778e-06 0)
(-1.8374736e-09 -1.2394629e-05 0)
(3.4931797e-09 -1.2396631e-05 0)
(1.3900785e-08 -1.6971584e-06 0)
(6.0807154e-09 8.0095675e-06 0)
(1.6647174e-09 6.0771632e-06 0)
(1.1798042e-10 6.0814656e-06 0)
(-9.3130629e-09 8.0172696e-06 0)
(-8.2337742e-09 -1.6928513e-06 0)
(-7.0236848e-09 -1.2398765e-05 0)
(8.9245973e-09 -1.2400753e-05 0)
(9.5712869e-09 -1.6975492e-06 0)
(1.0015231e-08 8.0123608e-06 0)
(-9.3492546e-11 6.0793095e-06 0)
(-1.6078246e-09 6.0834749e-06 0)
(-5.8086903e-09 8.0197835e-06 0)
(-1.2937296e-08 -1.6935698e-06 0)
(-1.8883475e-09 -1.2403082e-05 0)
(3.8846366e-09 -1.2404843e-05 0)
(1.4469414e-08 -1.6980253e-06 0)
(6.439217e-09 8.0152843e-06 0)
(1.6960935e-09 6.0814743e-06 0)
(1.2048989e-10 6.0854659e-06 0)
(-9.3330492e-09 8.0223508e-06 0)
(-8.2754247e-09 -1.6943707e-06 0)
(-6.9757544e-09 -1.2407326e-05 0)
(9.0797556e-09 -1.2409042e-05 0)
(9.7518019e-09 -1.6984052e-06 0)
(1.0093732e-08 8.0181697e-06 0)
(-9.5898406e-11 6.0836658e-06 0)
(-1.5841228e-09 6.0874544e-06 0)
(-5.6945532e-09 8.0248499e-06 0)
(-1.2787481e-08 -1.6950917e-06 0)
(-1.8067265e-09 -1.2411635e-05 0)
(3.8767768e-09 -1.2413123e-05 0)
(1.4368402e-08 -1.6988505e-06 0)
(6.3358064e-09 8.0210966e-06 0)
(1.6714426e-09 6.0858195e-06 0)
(1.477516e-10 6.0893959e-06 0)
(-9.1278845e-09 8.0273713e-06 0)
(-8.0350845e-09 -1.695874e-06 0)
(-6.8676114e-09 -1.2415807e-05 0)
(8.9339577e-09 -1.2417239e-05 0)
(9.4745074e-09 -1.6992131e-06 0)
(9.8653393e-09 8.0239425e-06 0)
(-1.2927941e-10 6.0879569e-06 0)
(-1.5484109e-09 6.091321e-06 0)
(-5.4607638e-09 8.0298059e-06 0)
(-1.2481856e-08 -1.6965638e-06 0)
(-1.7201433e-09 -1.2419995e-05 0)
(3.6559187e-09 -1.2421211e-05 0)
(1.3959308e-08 -1.6996334e-06 0)
(6.0441405e-09 8.0267836e-06 0)
(1.6292019e-09 6.0900367e-06 0)
(1.7709912e-10 6.0931928e-06 0)
(-8.8670073e-09 8.0322565e-06 0)
(-7.7293077e-09 -1.6973054e-06 0)
(-6.7786481e-09 -1.2424024e-05 0)
(8.6344389e-09 -1.2425188e-05 0)
(9.0068387e-09 -1.6999875e-06 0)
(9.5246817e-09 8.02953e-06 0)
(-1.6847919e-10 6.0920841e-06 0)
(-1.5140113e-09 6.0950483e-06 0)
(-5.215119e-09 8.0346174e-06 0)
(-1.2159998e-08 -1.6979495e-06 0)
(-1.6708243e-09 -1.2428052e-05 0)
(3.3358494e-09 -1.2429019e-05 0)
(1.3435308e-08 -1.7003955e-06 0)
(5.697792e-09 8.0322493e-06 0)
(1.585305e-09 6.0940709e-06 0)
(2.0177596e-10 6.0968522e-06 0)
(-8.6147275e-09 8.036997e-06 0)
(-7.44e-09 -1.6986413e-06 0)
(-6.7260378e-09 -1.243192e-05 0)
(8.2695825e-09 -1.2432848e-05 0)
(8.4835311e-09 -1.700752e-06 0)
(9.1614146e-09 8.0348744e-06 0)
(-2.0444518e-10 6.0960208e-06 0)
(-1.4839363e-09 6.0986436e-06 0)
(-4.990991e-09 8.0392895e-06 0)
(-1.1865055e-08 -1.6992351e-06 0)
(-1.6573999e-09 -1.2435781e-05 0)
(2.9827207e-09 -1.243654e-05 0)
(1.2889574e-08 -1.7011585e-06 0)
(5.3535815e-09 8.0374625e-06 0)
(1.5449148e-09 6.0979139e-06 0)
(2.2149224e-10 6.100387e-06 0)
(-8.3853016e-09 8.0416044e-06 0)
(-7.1830037e-09 -1.699875e-06 0)
(-6.6989606e-09 -1.243949e-05 0)
(7.8902373e-09 -1.2440226e-05 0)
(7.9657206e-09 -1.7015247e-06 0)
(8.8109505e-09 8.0399631e-06 0)
(-2.3514991e-10 6.0997703e-06 0)
(-1.4574408e-09 6.1021213e-06 0)
(-4.7898261e-09 8.0438355e-06 0)
(-1.1597339e-08 -1.7004192e-06 0)
(-1.6625389e-09 -1.2443192e-05 0)
(2.63349e-09 -1.2443788e-05 0)
(1.2362211e-08 -1.7019358e-06 0)
(5.0311178e-09 8.0424226e-06 0)
(1.5087765e-09 6.1015754e-06 0)
(2.3785088e-10 6.1038103e-06 0)
(-8.1738413e-09 8.046091e-06 0)
(-6.9486216e-09 -1.7010089e-06 0)
(-6.679001e-09 -1.244675e-05 0)
(7.5242524e-09 -1.2447342e-05 0)
(7.4773135e-09 -1.7023148e-06 0)
(8.4836451e-09 8.0448035e-06 0)
(-2.6110243e-10 6.1033454e-06 0)
(-1.4329663e-09 6.105492e-06 0)
(-4.6029569e-09 8.0482651e-06 0)
(-1.1343384e-08 -1.7015069e-06 0)
(-1.6675177e-09 -1.2450303e-05 0)
(2.307446e-09 -1.2450782e-05 0)
(1.1867272e-08 -1.7027321e-06 0)
(4.7338787e-09 8.0471419e-06 0)
(1.4761809e-09 6.1050695e-06 0)
(2.5251524e-10 6.1071299e-06 0)
(-7.9710173e-09 8.0504631e-06 0)
(-6.7216539e-09 -1.7020502e-06 0)
(-6.6498776e-09 -1.245372e-05 0)
(7.1854307e-09 -1.2454212e-05 0)
(7.0246364e-09 -1.7031232e-06 0)
(8.1795568e-09 8.0494107e-06 0)
(-2.8343675e-10 6.1067599e-06 0)
(-1.4092049e-09 6.1087608e-06 0)
(-4.4210501e-09 8.0525809e-06 0)
(-1.1089136e-08 -1.7025071e-06 0)
(-1.6581807e-09 -1.2457131e-05 0)
(2.0131003e-09 -1.2457536e-05 0)
(1.1406822e-08 -1.7035454e-06 0)
(4.459269e-09 8.0516365e-06 0)
(1.446158e-09 6.1084093e-06 0)
(2.6667358e-10 6.1103486e-06 0)
(-7.7688276e-09 8.0547204e-06 0)
(-6.4894896e-09 -1.7030088e-06 0)
(-6.6007538e-09 -1.2460415e-05 0)
(6.8789824e-09 -1.2460846e-05 0)
(6.6062563e-09 -1.7039454e-06 0)
(7.895211e-09 8.0538012e-06 0)
(-3.0322965e-10 6.1100262e-06 0)
(-1.3853336e-09 6.1119286e-06 0)
(-4.2372707e-09 8.05678e-06 0)
(-1.082458e-08 -1.7034298e-06 0)
(-1.6262417e-09 -1.246369e-05 0)
(1.7524087e-09 -1.2464056e-05 0)
(1.0977835e-08 -1.7043692e-06 0)
(4.2029946e-09 8.0559225e-06 0)
(1.417872e-09 6.1116059e-06 0)
(2.8101605e-10 6.1134653e-06 0)
(-7.5621207e-09 8.0588579e-06 0)
(-6.2442544e-09 -1.7038952e-06 0)
(-6.526331e-09 -1.2466845e-05 0)
(6.604966e-09 -1.2467247e-05 0)
(6.2176895e-09 -1.7047737e-06 0)
(7.6264391e-09 8.0579902e-06 0)
(-3.2132549e-10 6.1131537e-06 0)
(-1.3609503e-09 6.1149929e-06 0)
(-4.047702e-09 8.0608557e-06 0)
(-1.0544373e-08 -1.7042853e-06 0)
(-1.5685087e-09 -1.246999e-05 0)
(1.5234915e-09 -1.2470345e-05 0)
(1.0575484e-08 -1.7051949e-06 0)
(3.9607994e-09 8.0600142e-06 0)
(1.390703e-09 6.1146675e-06 0)
(2.9586117e-10 6.116477e-06 0)
(-7.3484134e-09 8.062868e-06 0)
(-5.9824576e-09 -1.7047193e-06 0)
(-6.42567e-09 -1.247302e-05 0)
(6.3605532e-09 -1.2473418e-05 0)
(5.8536297e-09 -1.7055992e-06 0)
(7.3694597e-09 8.0619909e-06 0)
(-3.3833549e-10 6.1161497e-06 0)
(-1.3359417e-09 6.1179503e-06 0)
(-3.8507984e-09 8.0647999e-06 0)
(-1.0246995e-08 -1.7050834e-06 0)
(-1.4854599e-09 -1.2476037e-05 0)
(1.3224548e-09 -1.2476401e-05 0)
(1.0194711e-08 -1.7060135e-06 0)
(3.7290736e-09 8.0639234e-06 0)
(1.3642277e-09 6.1176004e-06 0)
(3.112908e-10 6.1193798e-06 0)
(-7.1272052e-09 8.0667423e-06 0)
(-5.7038597e-09 -1.7054902e-06 0)
(-6.30075e-09 -1.2478945e-05 0)
(6.1415447e-09 -1.2479356e-05 0)
(5.5090025e-09 -1.7064132e-06 0)
(7.1212235e-09 8.065814e-06 0)
(-3.546814e-10 6.1190196e-06 0)
(-1.3103673e-09 6.1207969e-06 0)
(-3.6466508e-09 8.0686043e-06 0)
(-9.9335557e-09 -1.7058323e-06 0)
(-1.3798483e-09 -1.2481836e-05 0)
(1.1446103e-09 -1.2482224e-05 0)
(9.8309525e-09 -1.7068168e-06 0)
(3.5050087e-09 8.0676596e-06 0)
(1.3381787e-09 6.1204092e-06 0)
(3.2725293e-10 6.12217e-06 0)
(-6.8992803e-09 8.0704729e-06 0)
(-5.4103097e-09 -1.7062157e-06 0)
(-6.1552075e-09 -1.2484623e-05 0)
(5.9433634e-09 -1.2485058e-05 0)
(5.1794473e-09 -1.7072078e-06 0)
(6.8794673e-09 8.069468e-06 0)
(-3.7064032e-10 6.1217671e-06 0)
(-1.2843761e-09 6.1235292e-06 0)
(-3.43635e-09 8.0722615e-06 0)
(-9.6067337e-09 -1.7065391e-06 0)
(-1.2555888e-09 -1.248739e-05 0)
(9.852574e-10 -1.2487808e-05 0)
(9.4804612e-09 -1.7075975e-06 0)
(3.2865762e-09 8.0712304e-06 0)
(1.3124056e-09 6.1230971e-06 0)
(3.4362905e-10 6.1248444e-06 0)
(-6.6661543e-09 8.0740531e-06 0)
(-5.1048093e-09 -1.706902e-06 0)
(-5.9933924e-09 -1.2490056e-05 0)
(5.7616658e-09 -1.2490521e-05 0)
(4.8615013e-09 -1.7079765e-06 0)
(6.6426525e-09 8.0729594e-06 0)
(-3.863811e-10 6.1243952e-06 0)
(-1.2581544e-09 6.1261444e-06 0)
(-3.2215156e-09 8.0757656e-06 0)
(-9.2699821e-09 -1.7072092e-06 0)
(-1.1169748e-09 -1.24927e-05 0)
(8.4014168e-10 -1.2493154e-05 0)
(9.1403937e-09 -1.7083499e-06 0)
(3.0724366e-09 8.0746416e-06 0)
(1.2868442e-09 6.1256667e-06 0)
(3.6027488e-10 6.1274007e-06 0)
(-6.4296841e-09 8.077478e-06 0)
(-4.7908481e-09 -1.707554e-06 0)
(-5.819737e-09 -1.2495248e-05 0)
(5.5926734e-09 -1.2495744e-05 0)
(4.5526161e-09 -1.7087144e-06 0)
(6.4098604e-09 8.0762934e-06 0)
(-4.0199275e-10 6.126906e-06 0)
(-1.2318957e-09 6.1286408e-06 0)
(-3.0039783e-09 8.0791126e-06 0)
(-8.9269848e-09 -1.7078471e-06 0)
(-9.6818298e-10 -1.249777e-05 0)
(7.0567943e-10 -1.2498258e-05 0)
(8.8087731e-09 -1.7090696e-06 0)
(2.8618247e-09 8.0778978e-06 0)
(1.2614919e-09 6.1281198e-06 0)
(3.7704299e-10 6.1298378e-06 0)
(-6.1918134e-09 8.0807444e-06 0)
(-4.4719713e-09 -1.7081755e-06 0)
(-5.6383783e-09 -1.2500199e-05 0)
(5.4333096e-09 -1.2500726e-05 0)
(4.2510785e-09 -1.7094178e-06 0)
(6.1806721e-09 8.0794743e-06 0)
(-4.175066e-10 6.1293013e-06 0)
(-1.2057839e-09 6.1310177e-06 0)
(-2.7855792e-09 8.0823e-06 0)
(-8.5813189e-09 -1.7084557e-06 0)
(-8.1299496e-10 -1.25026e-05 0)
(5.790231e-10 -1.2503121e-05 0)
(8.4843811e-09 -1.7097536e-06 0)
(2.654428e-09 8.0810026e-06 0)
(1.2363878e-09 6.1304582e-06 0)
(3.937946e-10 6.1321552e-06 0)
(-5.9544171e-09 8.0838508e-06 0)
(-4.1515208e-09 -1.7087691e-06 0)
(-5.4529632e-09 -1.2504913e-05 0)
(5.2812094e-09 -1.2505468e-05 0)
(3.9558811e-09 -1.7100843e-06 0)
(5.9550495e-09 8.0825054e-06 0)
(-4.3291399e-10 6.1315827e-06 0)
(-1.1799857e-09 6.1332752e-06 0)
(-2.5680508e-09 8.0853273e-06 0)
(-8.2362628e-09 -1.7090376e-06 0)
(-6.5467106e-10 -1.2507195e-05 0)
(4.5802819e-10 -1.2507744e-05 0)
(8.1666165e-09 -1.7104003e-06 0)
(2.4502706e-09 8.0839594e-06 0)
(1.2115977e-09 6.1326836e-06 0)
(4.1040518e-10 6.1343537e-06 0)
(-5.719214e-09 8.0867971e-06 0)
(-3.8324975e-09 -1.7093369e-06 0)
(-5.2665762e-09 -1.2509392e-05 0)
(5.1346549e-09 -1.250997e-05 0)
(3.6665756e-09 -1.7107128e-06 0)
(5.733225e-09 8.0853898e-06 0)
(-4.4818029e-10 6.1337521e-06 0)
(-1.1546469e-09 6.1354144e-06 0)
(-2.3529537e-09 8.0881951e-06 0)
(-7.8947015e-09 -1.7095942e-06 0)
(-4.9591865e-10 -1.2511558e-05 0)
(3.4116653e-10 -1.2512129e-05 0)
(7.8553471e-09 -1.7110086e-06 0)
(2.2496093e-09 8.0867713e-06 0)
(1.1872012e-09 6.1347978e-06 0)
(4.2676646e-10 6.1364348e-06 0)
(-5.4877213e-09 8.0895849e-06 0)
(-3.5175e-09 -1.7098801e-06 0)
(-5.0817401e-09 -1.2513641e-05 0)
(4.9924754e-09 -1.2514237e-05 0)
(3.3831264e-09 -1.7113027e-06 0)
(5.5156052e-09 8.0881307e-06 0)
(-4.6325582e-10 6.1358114e-06 0)
(-1.1298917e-09 6.1374371e-06 0)
(-2.1416459e-09 8.0909055e-06 0)
(-7.5590928e-09 -1.7101268e-06 0)
(-3.3891626e-10 -1.2515692e-05 0)
(2.2741825e-10 -1.251628e-05 0)
(7.5507714e-09 -1.7115786e-06 0)
(2.0528445e-09 8.0894412e-06 0)
(1.163283e-09 6.1368029e-06 0)
(4.4278673e-10 6.1384004e-06 0)
(-5.2612372e-09 8.0922168e-06 0)
(-3.2087116e-09 -1.7103996e-06 0)
(-4.9004574e-09 -1.2517665e-05 0)
(4.8539373e-09 -1.2518271e-05 0)
(3.1057797e-09 -1.7118544e-06 0)
(5.3026914e-09 8.0907311e-06 0)
(-4.7808434e-10 6.1377627e-06 0)
(-1.1058234e-09 6.1393458e-06 0)
(-1.9352744e-09 8.0934616e-06 0)
(-7.2314709e-09 -1.710636e-06 0)
(-1.8536493e-10 -1.2519603e-05 0)
(1.1616161e-10 -1.2520202e-05 0)
(7.253297e-09 -1.7121109e-06 0)
(1.8604495e-09 8.0919722e-06 0)
(1.1399257e-09 6.1387012e-06 0)
(4.5839029e-10 6.1402536e-06 0)
(-5.0408405e-09 8.0946963e-06 0)
(-2.9079139e-09 -1.7108962e-06 0)
(-4.7242689e-09 -1.2521467e-05 0)
(4.7186387e-09 -1.252208e-05 0)
(2.8349529e-09 -1.7123687e-06 0)
(5.0950172e-09 8.0931942e-06 0)
(-4.926089e-10 6.1396084e-06 0)
(-1.0825251e-09 6.1411436e-06 0)
(-1.734779e-09 8.0958675e-06 0)
(-6.9134684e-09 -1.7111224e-06 0)
(-3.6550373e-11 -1.2523296e-05 0)
(7.0727844e-12 -1.2523901e-05 0)
(6.9634427e-09 -1.7126065e-06 0)
(1.6729144e-09 8.0943678e-06 0)
(1.1172053e-09 6.1404953e-06 0)
(4.7351645e-10 6.1419975e-06 0)
(-4.8273983e-09 8.097028e-06 0)
(-2.6165149e-09 -1.7113703e-06 0)
(-4.5543188e-09 -1.2525055e-05 0)
(4.5864168e-09 -1.2525669e-05 0)
(2.5711461e-09 -1.7128469e-06 0)
(4.8931013e-09 8.0955235e-06 0)
(-5.0677604e-10 6.1413513e-06 0)
(-1.0600617e-09 6.1428339e-06 0)
(-1.5409033e-09 8.0981279e-06 0)
(-6.6063504e-09 -1.7115865e-06 0)
(1.0659425e-10 -1.2526778e-05 0)
(-9.9959767e-11 -1.2527382e-05 0)
(6.6817619e-09 -1.7130668e-06 0)
(1.4907064e-09 8.0966314e-06 0)
(1.0951881e-09 6.1421879e-06 0)
(4.8811826e-10 6.1436358e-06 0)
(-4.6215807e-09 8.0992167e-06 0)
(-2.3355843e-09 -1.7118223e-06 0)
(-4.3914158e-09 -1.2528435e-05 0)
(4.4572716e-09 -1.2529044e-05 0)
(2.3148756e-09 -1.7132904e-06 0)
(4.6974151e-09 8.0977226e-06 0)
(-5.2053868e-10 6.1429944e-06 0)
(-1.0384808e-09 6.1444206e-06 0)
(-1.3542095e-09 8.1002481e-06 0)
(-6.3110514e-09 -1.7120285e-06 0)
(2.434299e-10 -1.2530056e-05 0)
(-2.0490478e-10 -1.2530655e-05 0)
(6.4087867e-09 -1.7134934e-06 0)
(1.3142417e-09 8.0987668e-06 0)
(1.0739288e-09 6.1437823e-06 0)
(5.0216151e-10 6.1451725e-06 0)
(-4.4238768e-09 8.101268e-06 0)
(-2.0658904e-09 -1.7122523e-06 0)
(-4.2360907e-09 -1.2531614e-05 0)
(4.3313057e-09 -1.2532214e-05 0)
(2.0666253e-09 -1.7137011e-06 0)
(4.5083607e-09 8.0997955e-06 0)
(-5.3385741e-10 6.1445409e-06 0)
(-1.017815e-09 6.1459077e-06 0)
(-1.1750954e-09 8.1022336e-06 0)
(-6.0282139e-09 -1.7124487e-06 0)
(3.7355924e-10 -1.2533136e-05 0)
(-3.0764284e-10 -1.2533725e-05 0)
(6.1449888e-09 -1.713888e-06 0)
(1.1438682e-09 8.1007782e-06 0)
(1.0534704e-09 6.1452817e-06 0)
(5.1562329e-10 6.1466116e-06 0)
(-4.2346138e-09 8.1031877e-06 0)
(-1.8079368e-09 -1.7126609e-06 0)
(-4.0886458e-09 -1.2534599e-05 0)
(4.2086772e-09 -1.2535186e-05 0)
(1.8268147e-09 -1.7140806e-06 0)
(4.3262591e-09 8.1017464e-06 0)
(-5.4670123e-10 6.1459941e-06 0)
(-9.9808279e-10 6.1472995e-06 0)
(-1.003812e-09 8.1040904e-06 0)
(-5.7582255e-09 -1.7128475e-06 0)
(4.967814e-10 -1.2536026e-05 0)
(-4.0800737e-10 -1.2536602e-05 0)
(5.8907552e-09 -1.7142526e-06 0)
(9.7985603e-10 8.1026698e-06 0)
(1.0338436e-09 6.1466896e-06 0)
(5.2849073e-10 6.1479576e-06 0)
(-4.0539749e-09 8.1049816e-06 0)
(-1.5619988e-09 -1.7130482e-06 0)
(-3.9491987e-09 -1.2537397e-05 0)
(4.0895658e-09 -1.2537969e-05 0)
(1.5957789e-09 -1.7144309e-06 0)
(4.1513444e-09 8.1035796e-06 0)
(-5.5904784e-10 6.1473575e-06 0)
(-9.7929084e-10 6.1486002e-06 0)
(-8.404812e-10 8.1058245e-06 0)
(-5.5012552e-09 -1.7132252e-06 0)
(6.1305286e-10 -1.2538734e-05 0)
(-5.0581507e-10 -1.2539294e-05 0)
(5.6463738e-09 -1.714589e-06 0)
(8.223943e-10 8.1044459e-06 0)
(1.0150678e-09 6.1480095e-06 0)
(5.4076003e-10 6.1492148e-06 0)
(-3.8820184e-09 8.1066559e-06 0)
(-1.3281561e-09 -1.7134146e-06 0)
(-3.8177188e-09 -1.2540018e-05 0)
(3.9741484e-09 -1.2540571e-05 0)
(1.3737574e-09 -1.7147539e-06 0)
(3.9837641e-09 8.1052996e-06 0)
(-5.7088311e-10 6.1486349e-06 0)
(-9.6143505e-10 6.1498144e-06 0)
(-6.8511339e-10 8.1074419e-06 0)
(-5.2572862e-09 -1.7135822e-06 0)
(7.2245462e-10 -1.2541267e-05 0)
(-6.0088787e-10 -1.2541809e-05 0)
(5.4120287e-09 -1.714899e-06 0)
(6.7159207e-10 8.1061111e-06 0)
(9.9715162e-10 6.1492452e-06 0)
(5.5243508e-10 6.1503875e-06 0)
(-3.7186945e-09 8.1082166e-06 0)
(-1.1063242e-09 -1.7137606e-06 0)
(-3.6940597e-09 -1.2542467e-05 0)
(3.8625819e-09 -1.2543e-05 0)
(1.1608919e-09 -1.7150514e-06 0)
(3.8235823e-09 8.1069109e-06 0)
(-5.8220064e-10 6.14983e-06 0)
(-9.4450241e-10 6.1509462e-06 0)
(-5.3762368e-10 8.1089487e-06 0)
(-5.0261464e-09 -1.7139189e-06 0)
(8.251639e-10 -1.2543634e-05 0)
(-6.9306717e-10 -1.2544155e-05 0)
(5.1878002e-09 -1.7151844e-06 0)
(5.2748224e-10 8.10767e-06 0)
(9.8009448e-10 6.1504003e-06 0)
(5.635263e-10 6.15148e-06 0)
(-3.5638631e-09 8.1096696e-06 0)
(-8.9628213e-10 -1.7140867e-06 0)
(-3.5779853e-09 -1.2544755e-05 0)
(3.7549928e-09 -1.2545266e-05 0)
(9.5722747e-10 -1.7153252e-06 0)
(3.6707858e-09 8.1084182e-06 0)
(-5.9300093e-10 6.1509463e-06 0)
(-9.284724e-10 6.152e-06 0)
(-3.9784744e-10 8.1103507e-06 0)
(-4.8075366e-09 -1.7142358e-06 0)
(9.214308e-10 -1.2545843e-05 0)
(-7.8222362e-10 -1.2546342e-05 0)
(4.9736696e-09 -1.715447e-06 0)
(3.9002772e-10 8.1091272e-06 0)
(9.6388713e-10 6.1514786e-06 0)
(5.7404974e-10 6.1524965e-06 0)
(-3.4173085e-09 8.1110208e-06 0)
(-6.976984e-10 -1.7143933e-06 0)
(-3.4691927e-09 -1.2546888e-05 0)
(3.6514708e-09 -1.2547376e-05 0)
(7.6271799e-10 -1.7155769e-06 0)
(3.5252915e-09 8.1098261e-06 0)
(-6.0329067e-10 6.1519876e-06 0)
(-9.1331813e-10 6.1529799e-06 0)
(-2.6555461e-10 8.1116536e-06 0)
(-4.6010555e-09 -1.7145335e-06 0)
(1.0115588e-09 -1.2547901e-05 0)
(-8.6826236e-10 -1.2548378e-05 0)
(4.7695271e-09 -1.7156884e-06 0)
(2.5912858e-10 8.1104873e-06 0)
(9.4851321e-10 6.1524838e-06 0)
(5.8402599e-10 6.1534412e-06 0)
(-3.2787542e-09 8.1122758e-06 0)
(-5.1015365e-10 -1.7146809e-06 0)
(-3.367331e-09 -1.2548874e-05 0)
(3.552066e-09 -1.2549338e-05 0)
(5.7723389e-10 -1.7158082e-06 0)
(3.3869544e-09 8.1111392e-06 0)
(-6.1308186e-10 6.1529576e-06 0)
(-8.990078e-10 6.1538899e-06 0)
(-1.4046261e-10 8.1128631e-06 0)
(-4.4062213e-09 -1.7148125e-06 0)
(1.0958884e-09 -1.2549815e-05 0)
(-9.5112554e-10 -1.2550269e-05 0)
(4.5751806e-09 -1.7159102e-06 0)
(1.3462973e-10 8.1117549e-06 0)
(9.3395019e-10 6.1534193e-06 0)
(5.934793e-10 6.1543179e-06 0)
(-3.1478754e-09 8.1134399e-06 0)
(-3.3316054e-10 -1.7149502e-06 0)
(-3.2720167e-09 -1.255072e-05 0)
(3.4567885e-09 -1.255116e-05 0)
(4.005711e-10 -1.7160206e-06 0)
(3.2555767e-09 8.1123619e-06 0)
(-6.22391e-10 6.1538597e-06 0)
(-8.855057e-10 6.1547339e-06 0)
(-2.2247878e-11 8.1139844e-06 0)
(-4.222492e-09 -1.7150735e-06 0)
(1.1747836e-09 -1.2551594e-05 0)
(-1.0307925e-09 -1.2552025e-05 0)
(4.3903664e-09 -1.7161138e-06 0)
(1.6329224e-11 8.1129343e-06 0)
(9.2017064e-10 6.1542887e-06 0)
(6.0243677e-10 6.1551304e-06 0)
(-3.0243108e-09 8.1145185e-06 0)
(-1.6618131e-10 -1.7152018e-06 0)
(-3.1828465e-09 -1.2552434e-05 0)
(3.36561e-09 -1.2552851e-05 0)
(2.3246071e-10 -1.7162154e-06 0)
(3.1309156e-09 8.1134986e-06 0)
(-6.3123833e-10 6.1546974e-06 0)
(-8.7277314e-10 6.1555155e-06 0)
(8.9443884e-11 8.1150225e-06 0)
(-4.0492817e-09 -1.7153169e-06 0)
(1.2486218e-09 -1.2553244e-05 0)
(-1.1072785e-09 -1.2553652e-05 0)
(4.214759e-09 -1.7163006e-06 0)
(-9.6014399e-11 8.1140299e-06 0)
(9.0714304e-10 6.1550953e-06 0)
(6.1092771e-10 6.1558824e-06 0)
(-2.907672e-09 8.1155163e-06 0)
(-8.6426677e-12 -1.7154362e-06 0)
(-3.0994076e-09 -1.2554022e-05 0)
(3.2784663e-09 -1.2554416e-05 0)
(7.2578827e-11 -1.716394e-06 0)
(3.012692e-09 8.1145535e-06 0)
(-6.3964703e-10 6.155474e-06 0)
(-8.6076948e-10 6.1562382e-06 0)
(1.949889e-10 8.1159821e-06 0)
(-3.8859749e-09 -1.7155435e-06 0)
(1.3177848e-09 -1.2554772e-05 0)
(-1.180632e-09 -1.2555157e-05 0)
(4.0479821e-09 -1.7164717e-06 0)
(-2.0267444e-10 8.1150457e-06 0)
(8.9483289e-10 6.1558425e-06 0)
(6.1898298e-10 6.156577e-06 0)
(-2.7975526e-09 8.116438e-06 0)
(1.4005129e-10 -1.7156542e-06 0)
(-3.0212858e-09 -1.2555492e-05 0)
(3.1952607e-09 -1.2555863e-05 0)
(-7.9443824e-11 -1.7165575e-06 0)
(2.9005974e-09 8.1155307e-06 0)
(-6.4764263e-10 6.1561926e-06 0)
(-8.4945275e-10 6.1569053e-06 0)
(2.9477763e-10 8.1168677e-06 0)
(-3.7319391e-09 -1.7157539e-06 0)
(1.3826521e-09 -1.2556184e-05 0)
(-1.2509317e-09 -1.2556547e-05 0)
(3.8896181e-09 -1.7166282e-06 0)
(-3.0394912e-10 8.1159858e-06 0)
(8.8320331e-10 6.1565331e-06 0)
(6.2663432e-10 6.1572176e-06 0)
(-2.6935354e-09 8.1172877e-06 0)
(2.8050857e-10 -1.7158562e-06 0)
(-2.9480718e-09 -1.2556849e-05 0)
(3.115868e-09 -1.2557198e-05 0)
(-2.2401277e-10 -1.716707e-06 0)
(2.7943018e-09 8.116434e-06 0)
(-6.5525252e-10 6.1568562e-06 0)
(-8.387803e-10 6.1575198e-06 0)
(3.8920818e-10 8.1176835e-06 0)
(-3.5865345e-09 -1.7159487e-06 0)
(1.4435957e-09 -1.2557487e-05 0)
(-1.3182825e-09 -1.2557829e-05 0)
(3.7392177e-09 -1.7167713e-06 0)
(-4.0015559e-10 8.1168538e-06 0)
(8.72216e-10 6.1571701e-06 0)
(6.3391411e-10 6.157807e-06 0)
(-2.5951986e-09 8.1180696e-06 0)
(4.1334018e-10 -1.716043e-06 0)
(-2.8793663e-09 -1.2558099e-05 0)
(3.0401391e-09 -1.2558427e-05 0)
(-3.6156123e-10 -1.7168435e-06 0)
(2.693459e-09 8.1172672e-06 0)
(-6.6250516e-10 6.1574676e-06 0)
(-8.2870943e-10 6.1580845e-06 0)
(4.7868102e-10 8.1184333e-06 0)
(-3.4491229e-09 -1.7161286e-06 0)
(1.5009768e-09 -1.2558685e-05 0)
(-1.3828126e-09 -1.2559007e-05 0)
(3.596308e-09 -1.7169018e-06 0)
(-4.9162388e-10 8.1176534e-06 0)
(8.6183165e-10 6.1577563e-06 0)
(6.408548e-10 6.158348e-06 0)
(-2.5021214e-09 8.1187873e-06 0)
(5.391531e-10 -1.7162152e-06 0)
(-2.8147834e-09 -1.2559247e-05 0)
(2.9679042e-09 -1.2559556e-05 0)
(-4.9254223e-10 -1.7169678e-06 0)
(2.5977129e-09 8.1180335e-06 0)
(-6.6942996e-10 6.1580294e-06 0)
(-8.1919777e-10 6.1586021e-06 0)
(5.6359423e-10 8.1191206e-06 0)
(-3.3190741e-09 -1.716294e-06 0)
(1.5551427e-09 -1.2559785e-05 0)
(-1.4446686e-09 -1.2560087e-05 0)
(3.4604008e-09 -1.7170205e-06 0)
(-5.786921e-10 8.1183879e-06 0)
(8.5201054e-10 6.1582942e-06 0)
(6.4748873e-10 6.1588431e-06 0)
(-2.4138878e-09 8.1194443e-06 0)
(6.5854409e-10 -1.7163733e-06 0)
(-2.7539528e-09 -1.2560299e-05 0)
(2.8989782e-09 -1.2560589e-05 0)
(-6.1742165e-10 -1.7170807e-06 0)
(2.5067023e-09 8.1187363e-06 0)
(-6.7605665e-10 6.158544e-06 0)
(-8.1020368e-10 6.159075e-06 0)
(6.4433993e-10 8.1197486e-06 0)
(-3.1957715e-09 -1.7164457e-06 0)
(1.6064247e-09 -1.256079e-05 0)
(-1.5040122e-09 -1.2561075e-05 0)
(3.3309993e-09 -1.7171282e-06 0)
(-6.6170185e-10 8.1190602e-06 0)
(8.4271318e-10 6.158786e-06 0)
(6.5384766e-10 6.1592946e-06 0)
(-2.3300902e-09 8.1200435e-06 0)
(7.7209527e-10 -1.7165179e-06 0)
(-2.6965223e-09 -1.256126e-05 0)
(2.8331636e-09 -1.2561532e-05 0)
(-7.3667176e-10 -1.7171829e-06 0)
(2.4200652e-09 8.1193785e-06 0)
(-6.8241486e-10 6.1590138e-06 0)
(-8.0168662e-10 6.1595053e-06 0)
(7.2130113e-10 8.1203204e-06 0)
(-3.0786165e-09 -1.7165841e-06 0)
(1.6551376e-09 -1.2561706e-05 0)
(-1.5610166e-09 -1.2561974e-05 0)
(3.2076043e-09 -1.7172255e-06 0)
(-7.4099444e-10 8.1196734e-06 0)
(8.3390055e-10 6.159234e-06 0)
(6.5996277e-10 6.1597045e-06 0)
(-2.2503328e-09 8.1205878e-06 0)
(8.8037021e-10 -1.7166495e-06 0)
(-2.6421584e-09 -1.2562133e-05 0)
(2.7702551e-09 -1.2562389e-05 0)
(-8.5076553e-10 -1.7172751e-06 0)
(2.3374426e-09 8.1199629e-06 0)
(-6.8853412e-10 6.1594407e-06 0)
(-7.9360724e-10 6.1598951e-06 0)
(7.9484908e-10 8.1208386e-06 0)
(-2.9670322e-09 -1.7167098e-06 0)
(1.7015782e-09 -1.2562537e-05 0)
(-1.6158628e-09 -1.2562789e-05 0)
(3.0897199e-09 -1.717313e-06 0)
(-8.1690714e-10 8.12023e-06 0)
(8.2553442e-10 6.1596402e-06 0)
(6.6586436e-10 6.1600748e-06 0)
(-2.1742334e-09 8.1210798e-06 0)
(9.8391086e-10 -1.7167686e-06 0)
(-2.5905467e-09 -1.2562922e-05 0)
(2.7100423e-09 -1.2563163e-05 0)
(-9.6017143e-10 -1.7173577e-06 0)
(2.2584821e-09 8.1204919e-06 0)
(-6.9444343e-10 6.1598267e-06 0)
(-7.8592781e-10 6.1602461e-06 0)
(8.6534138e-10 8.1213057e-06 0)
(-2.8604659e-09 -1.7168232e-06 0)
(1.7460255e-09 -1.2563286e-05 0)
(-1.6687366e-09 -1.2563523e-05 0)
(2.9768584e-09 -1.7173912e-06 0)
(-8.8977056e-10 8.1207324e-06 0)
(8.1757769e-10 6.1600063e-06 0)
(6.7158154e-10 6.1604072e-06 0)
(-2.1014258e-09 8.1215218e-06 0)
(1.0832352e-09 -1.7168757e-06 0)
(-2.541393e-09 -1.2563632e-05 0)
(2.6523137e-09 -1.2563858e-05 0)
(-1.065349e-09 -1.7174312e-06 0)
(2.1828406e-09 8.1209678e-06 0)
(-7.0017098e-10 6.1601735e-06 0)
(-7.7861225e-10 6.16056e-06 0)
(9.3312014e-10 8.1217237e-06 0)
(-2.7583916e-09 -1.7169248e-06 0)
(1.7887407e-09 -1.2563956e-05 0)
(-1.7198252e-09 -1.2564181e-05 0)
(2.8685446e-09 -1.7174605e-06 0)
(-9.5990559e-10 8.1211828e-06 0)
(8.0999471e-10 6.160334e-06 0)
(6.771423e-10 6.1607032e-06 0)
(-2.0315611e-09 8.1219157e-06 0)
(1.1788351e-09 -1.7169712e-06 0)
(-2.4944223e-09 -1.2564264e-05 0)
(2.5968593e-09 -1.2564478e-05 0)
(-1.1667446e-09 -1.7174961e-06 0)
(2.1101868e-09 8.1213927e-06 0)
(-7.0574407e-10 6.1604826e-06 0)
(-7.7162638e-10 6.1608382e-06 0)
(9.9851035e-10 8.1220947e-06 0)
(-2.6603116e-09 -1.7170149e-06 0)
(1.8299668e-09 -1.2564551e-05 0)
(-1.7693144e-09 -1.2564764e-05 0)
(2.7643202e-09 -1.7175214e-06 0)
(-1.0276211e-09 8.1215832e-06 0)
(8.0275129e-10 6.1606247e-06 0)
(6.8257326e-10 6.1609642e-06 0)
(-1.9643096e-09 8.1222635e-06 0)
(1.2711751e-09 -1.7170555e-06 0)
(-2.4493794e-09 -1.2564823e-05 0)
(2.5434736e-09 -1.2565025e-05 0)
(-1.2647876e-09 -1.7175527e-06 0)
(2.0402039e-09 8.1217685e-06 0)
(-7.1118887e-10 6.1607554e-06 0)
(-7.6493795e-10 6.161082e-06 0)
(1.0618187e-09 8.1224203e-06 0)
(-2.5657584e-09 -1.7170941e-06 0)
(1.8699294e-09 -1.2565073e-05 0)
(-1.8173861e-09 -1.2565275e-05 0)
(2.6637473e-09 -1.7175741e-06 0)
(-1.0932117e-09 8.1219352e-06 0)
(7.9581512e-10 6.1608797e-06 0)
(6.8789963e-10 6.1611913e-06 0)
(-1.8993614e-09 8.1225666e-06 0)
(1.36069e-09 -1.7171289e-06 0)
(-2.4060281e-09 -1.256531e-05 0)
(2.4919586e-09 -1.2565501e-05 0)
(-1.3598865e-09 -1.7176013e-06 0)
(1.972592e-09 8.1220968e-06 0)
(-7.1653026e-10 6.160993e-06 0)
(-7.5851671e-10 6.1612924e-06 0)
(1.1233321e-09 8.122702e-06 0)
(-2.4742958e-09 -1.7171625e-06 0)
(1.9088367e-09 -1.2565525e-05 0)
(-1.8642149e-09 -1.2565717e-05 0)
(2.5664119e-09 -1.7176189e-06 0)
(-1.1569554e-09 8.1222405e-06 0)
(7.8915583e-10 6.1611001e-06 0)
(6.9314493e-10 6.1613855e-06 0)
(-1.8364284e-09 8.1228266e-06 0)
(1.4477842e-09 -1.7171918e-06 0)
(-2.3641516e-09 -1.2565727e-05 0)
(2.4421258e-09 -1.256591e-05 0)
(-1.4524257e-09 -1.7176421e-06 0)
(1.9070695e-09 8.122379e-06 0)
(-7.2179167e-10 6.1611966e-06 0)
(-7.5233489e-10 6.1614705e-06 0)
(1.1833165e-09 8.122941e-06 0)
(-2.3855208e-09 -1.7172205e-06 0)
(1.9468795e-09 -1.2565908e-05 0)
(-1.9099663e-09 -1.2566092e-05 0)
(2.4719278e-09 -1.7176561e-06 0)
(-1.2191115e-09 8.1225003e-06 0)
(7.8274517e-10 6.161287e-06 0)
(6.9833087e-10 6.1615478e-06 0)
(-1.7752452e-09 8.1230444e-06 0)
(1.5328298e-09 -1.7172444e-06 0)
(-2.3235517e-09 -1.2566077e-05 0)
(2.3937997e-09 -1.2566252e-05 0)
(-1.5427616e-09 -1.7176754e-06 0)
(1.843376e-09 8.1226164e-06 0)
(-7.2699475e-10 6.1613671e-06 0)
(-7.463668e-10 6.161617e-06 0)
(1.2420156e-09 8.1231385e-06 0)
(-2.2990648e-09 -1.7172684e-06 0)
(1.9842315e-09 -1.2566225e-05 0)
(-1.9547934e-09 -1.2566401e-05 0)
(2.3799396e-09 -1.7176858e-06 0)
(-1.2799187e-09 8.1227159e-06 0)
(7.7655721e-10 6.1614411e-06 0)
(7.0347732e-10 6.1616789e-06 0)
(-1.7155703e-09 8.1232212e-06 0)
(1.616165e-09 -1.717287e-06 0)
(-2.2840487e-09 -1.2566361e-05 0)
(2.3468197e-09 -1.2566529e-05 0)
(-1.6312198e-09 -1.7177013e-06 0)
(1.7812741e-09 8.1228101e-06 0)
(-7.3215943e-10 6.1615053e-06 0)
(-7.405894e-10 6.1617327e-06 0)
(1.2996493e-09 8.1232955e-06 0)
(-2.2145952e-09 -1.7173064e-06 0)
(2.0210496e-09 -1.2566476e-05 0)
(-1.9988344e-09 -1.2566647e-05 0)
(2.2901266e-09 -1.7177082e-06 0)
(-1.3395925e-09 8.1228883e-06 0)
(7.7056847e-10 6.1615633e-06 0)
(7.0860199e-10 6.1617795e-06 0)
(-1.6571879e-09 8.1233579e-06 0)
(1.6980922e-09 -1.7173198e-06 0)
(-2.2454816e-09 -1.2566581e-05 0)
(2.3010429e-09 -1.2566742e-05 0)
(-1.7180902e-09 -1.71772e-06 0)
(1.7205516e-09 8.1229611e-06 0)
(-7.3730349e-10 6.1616117e-06 0)
(-7.3498223e-10 6.1618181e-06 0)
(1.356412e-09 8.1234126e-06 0)
(-2.1318172e-09 -1.7173347e-06 0)
(2.0574735e-09 -1.2566664e-05 0)
(-2.04221e-09 -1.2566829e-05 0)
(2.2022063e-09 -1.7177234e-06 0)
(-1.3983228e-09 8.1230184e-06 0)
(7.6475818e-10 6.1616542e-06 0)
(7.1372029e-10 6.16185e-06 0)
(-1.5999089e-09 8.1234551e-06 0)
(1.7788765e-09 -1.717343e-06 0)
(-2.2077076e-09 -1.2566737e-05 0)
(2.2563467e-09 -1.2566894e-05 0)
(-1.8036243e-09 -1.7177315e-06 0)
(1.6610239e-09 8.1230701e-06 0)
(-7.4244245e-10 6.1616872e-06 0)
(-7.2952751e-10 6.1618737e-06 0)
(1.4124712e-09 8.1234906e-06 0)
(-2.0504757e-09 -1.7173534e-06 0)
(2.0936255e-09 -1.2566789e-05 0)
(-2.0850205e-09 -1.256695e-05 0)
(2.1159383e-09 -1.7177315e-06 0)
(-1.456272e-09 8.1231069e-06 0)
(7.5910832e-10 6.1617142e-06 0)
(7.1884506e-10 6.161891e-06 0)
(-1.5435729e-09 8.1235134e-06 0)
(1.858743e-09 -1.7173567e-06 0)
(-2.1706025e-09 -1.2566832e-05 0)
(2.2126317e-09 -1.2566984e-05 0)
(-1.8880303e-09 -1.7177359e-06 0)
(1.6025366e-09 8.1231379e-06 0)
(-7.4758931e-10 6.161732e-06 0)
(-7.2421043e-10 6.1618999e-06 0)
(1.4679656e-09 8.1235299e-06 0)
(-1.9703572e-09 -1.7173628e-06 0)
(2.1296109e-09 -1.2566852e-05 0)
(-2.1273424e-09 -1.256701e-05 0)
(2.0311283e-09 -1.7177325e-06 0)
(-1.5135715e-09 8.1231544e-06 0)
(7.5360393e-10 6.1617438e-06 0)
(7.2398645e-10 6.1619028e-06 0)
(-1.4880499e-09 8.1235334e-06 0)
(1.9378747e-09 -1.7173612e-06 0)
(-2.1340602e-09 -1.2566865e-05 0)
(2.1698246e-09 -1.2567014e-05 0)
(-1.9714692e-09 -1.7177332e-06 0)
(1.5449677e-09 8.123165e-06 0)
(-7.5275429e-10 6.1617466e-06 0)
(-7.1901925e-10 6.1618971e-06 0)
(1.5230029e-09 8.1235312e-06 0)
(-1.8912922e-09 -1.717363e-06 0)
(2.1655171e-09 -1.2566855e-05 0)
(-2.1692256e-09 -1.256701e-05 0)
(1.9476325e-09 -1.7177264e-06 0)
(-1.5703196e-09 8.1231616e-06 0)
(7.4823329e-10 6.1617434e-06 0)
(7.2915149e-10 6.1618857e-06 0)
(-1.433242e-09 8.1235154e-06 0)
(2.0164104e-09 -1.7173566e-06 0)
(-2.097993e-09 -1.2566837e-05 0)
(2.1278811e-09 -1.2566984e-05 0)
(-2.0540498e-09 -1.7177236e-06 0)
(1.4882308e-09 8.1231521e-06 0)
(-7.5794448e-10 6.1617315e-06 0)
(-7.1394541e-10 6.1618656e-06 0)
(1.577658e-09 8.1234946e-06 0)
(-1.8131571e-09 -1.7173541e-06 0)
(2.201414e-09 -1.2566797e-05 0)
(-2.2106901e-09 -1.256695e-05 0)
(1.8653616e-09 -1.7177134e-06 0)
(-1.6265779e-09 8.123129e-06 0)
(7.4298815e-10 6.1617134e-06 0)
(7.3434395e-10 6.16184e-06 0)
(-1.3790851e-09 8.1234599e-06 0)
(2.094442e-09 -1.717343e-06 0)
(-2.0623314e-09 -1.2566749e-05 0)
(2.0867889e-09 -1.2566895e-05 0)
(-2.1358248e-09 -1.7177069e-06 0)
(1.4322776e-09 8.1230996e-06 0)
(-7.6316343e-10 6.1616868e-06 0)
(-7.0898379e-10 6.1618056e-06 0)
(1.6319713e-09 8.1234207e-06 0)
(-1.735876e-09 -1.7173364e-06 0)
(2.2373534e-09 -1.2566679e-05 0)
(-2.2517221e-09 -1.2566831e-05 0)
(1.7842856e-09 -1.7176932e-06 0)
(-1.6823688e-09 8.1230571e-06 0)
(7.3786386e-10 6.1616541e-06 0)
(7.3956405e-10 6.1617659e-06 0)
(-1.3255506e-09 8.1233671e-06 0)
(2.1720125e-09 -1.7173206e-06 0)
(-2.0270233e-09 -1.2566602e-05 0)
(2.0465712e-09 -1.2566747e-05 0)
(-2.2167853e-09 -1.7176831e-06 0)
(1.3771005e-09 8.123008e-06 0)
(-7.6841118e-10 6.161613e-06 0)
(-7.0413269e-10 6.1617173e-06 0)
(1.6859462e-09 8.1233096e-06 0)
(-1.6594227e-09 -1.7173098e-06 0)
(2.2733697e-09 -1.2566503e-05 0)
(-2.2922712e-09 -1.2566655e-05 0)
(1.7044379e-09 -1.7176661e-06 0)
(-1.7376728e-09 8.1229463e-06 0)
(7.328597e-10 6.1615658e-06 0)
(7.4480815e-10 6.1616637e-06 0)
(-1.2726468e-09 8.1232374e-06 0)
(2.249114e-09 -1.7172895e-06 0)
(-1.992034e-09 -1.2566396e-05 0)
(2.0072895e-09 -1.2566541e-05 0)
(-2.296857e-09 -1.7176523e-06 0)
(1.3227355e-09 8.1228779e-06 0)
(-7.7368359e-10 6.1615104e-06 0)
(-6.9939413e-10 6.1616011e-06 0)
(1.7395481e-09 8.1231617e-06 0)
(-1.5838215e-09 -1.7172748e-06 0)
(2.3094799e-09 -1.2566268e-05 0)
(-2.3322461e-09 -1.256642e-05 0)
(1.6259192e-09 -1.7176318e-06 0)
(-1.792425e-09 8.1227972e-06 0)
(7.2797892e-10 6.1614488e-06 0)
(7.500685e-10 6.1615336e-06 0)
(-1.2204199e-09 8.123071e-06 0)
(2.3256871e-09 -1.71725e-06 0)
(-1.9573444e-09 -1.2566133e-05 0)
(1.9690468e-09 -1.2566278e-05 0)
(-2.3758951e-09 -1.7176143e-06 0)
(1.2692641e-09 8.1227097e-06 0)
(-7.7897207e-10 6.1613792e-06 0)
(-6.9477373e-10 6.1614571e-06 0)
(1.7927034e-09 8.1229774e-06 0)
(-1.5091478e-09 -1.7172313e-06 0)
(2.345685e-09 -1.2565976e-05 0)
(-2.3715114e-09 -1.2566129e-05 0)
(1.5489012e-09 -1.7175904e-06 0)
(-1.846513e-09 8.1226104e-06 0)
(7.2322897e-10 6.1613035e-06 0)
(7.5533304e-10 6.161376e-06 0)
(-1.1689542e-09 8.1228684e-06 0)
(2.4016201e-09 -1.7172023e-06 0)
(-1.922949e-09 -1.2565812e-05 0)
(1.9319904e-09 -1.2565959e-05 0)
(-2.4536816e-09 -1.7175692e-06 0)
(1.2168157e-09 8.1225042e-06 0)
(-7.8426346e-10 6.16122e-06 0)
(-6.9028087e-10 6.1612858e-06 0)
(1.8452992e-09 8.122757e-06 0)
(-1.4355264e-09 -1.7171798e-06 0)
(2.3819716e-09 -1.2565627e-05 0)
(-2.4098845e-09 -1.2565781e-05 0)
(1.4736291e-09 -1.7175418e-06 0)
(-1.8997753e-09 8.1223866e-06 0)
(7.1862153e-10 6.1611303e-06 0)
(7.6058539e-10 6.1611912e-06 0)
(-1.1183714e-09 8.12263e-06 0)
(2.4767507e-09 -1.7171467e-06 0)
(-1.8888538e-09 -1.2565436e-05 0)
(1.8963145e-09 -1.2565583e-05 0)
(-2.5299223e-09 -1.7175168e-06 0)
(1.165568e-09 8.122262e-06 0)
(-7.8953954e-10 6.1610332e-06 0)
(-6.8592824e-10 6.1610875e-06 0)
(1.8971839e-09 8.122501e-06 0)
(-1.3631294e-09 -1.7171204e-06 0)
(2.4183145e-09 -1.2565223e-05 0)
(-2.4471327e-09 -1.2565378e-05 0)
(1.4004229e-09 -1.717486e-06 0)
(-1.9519999e-09 8.1221267e-06 0)
(7.1417264e-10 6.1609299e-06 0)
(7.6580459e-10 6.1609797e-06 0)
(-1.0688283e-09 8.1223563e-06 0)
(2.5508693e-09 -1.7170835e-06 0)
(-1.8550718e-09 -1.2565004e-05 0)
(1.8622617e-09 -1.2565153e-05 0)
(-2.6042462e-09 -1.717457e-06 0)
(1.1157472e-09 8.1219842e-06 0)
(-7.9477702e-10 6.1608195e-06 0)
(-6.8173192e-10 6.1608628e-06 0)
(1.9481702e-09 8.1222099e-06 0)
(-1.2921708e-09 -1.7170537e-06 0)
(2.4546808e-09 -1.2564764e-05 0)
(-2.4829715e-09 -1.2564921e-05 0)
(1.329676e-09 -1.7174227e-06 0)
(-2.0029252e-09 8.1218317e-06 0)
(7.0990243e-10 6.1607029e-06 0)
(7.7096553e-10 6.1607419e-06 0)
(-1.0205135e-09 8.1220479e-06 0)
(2.6237245e-09 -1.7170132e-06 0)
(-1.8216179e-09 -1.2564519e-05 0)
(1.8301234e-09 -1.256467e-05 0)
(-2.6762067e-09 -1.7173898e-06 0)
(1.067626e-09 8.1216718e-06 0)
(-7.9994735e-10 6.1605795e-06 0)
(-6.7771062e-10 6.1606121e-06 0)
(1.9980392e-09 8.1218845e-06 0)
(-1.2228984e-09 -1.71698e-06 0)
(2.4910347e-09 -1.2564253e-05 0)
(-2.5170637e-09 -1.2564411e-05 0)
(1.2618525e-09 -1.7173521e-06 0)
(-2.0522416e-09 8.1215027e-06 0)
(7.0583498e-10 6.16045e-06 0)
(7.7603914e-10 6.1604785e-06 0)
(-9.7364061e-10 8.1217056e-06 0)
(2.6950327e-09 -1.7169363e-06 0)
(-1.7885024e-09 -1.2563982e-05 0)
(1.8002394e-09 -1.2564134e-05 0)
(-2.7452864e-09 -1.7173151e-06 0)
(1.0215204e-09 8.1213263e-06 0)
(-8.0501682e-10 6.1603141e-06 0)
(-6.7388501e-10 6.1603362e-06 0)
(2.0465473e-09 8.1215255e-06 0)
(-1.1555821e-09 -1.7168999e-06 0)
(2.5273446e-09 -1.2563691e-05 0)
(-2.549021e-09 -1.256385e-05 0)
(1.1974792e-09 -1.7172738e-06 0)
(-2.0995968e-09 8.1211414e-06 0)
(7.019978e-10 6.1601723e-06 0)
(7.809932e-10 6.1601903e-06 0)
(-9.2843949e-10 8.1213301e-06 0)
(2.7644905e-09 -1.7168533e-06 0)
(-1.755722e-09 -1.2563396e-05 0)
(1.7729937e-09 -1.2563548e-05 0)
(-2.8109058e-09 -1.7172328e-06 0)
(9.7778182e-10 8.1209491e-06 0)
(-8.0994696e-10 6.1600245e-06 0)
(-6.7027667e-10 6.160036e-06 0)
(2.0934366e-09 8.1211339e-06 0)
(-1.0904981e-09 -1.7168141e-06 0)
(2.5635919e-09 -1.2563081e-05 0)
(-2.5784079e-09 -1.2563239e-05 0)
(1.1371333e-09 -1.7171879e-06 0)
(-2.1446028e-09 8.1207494e-06 0)
(6.9842116e-10 6.159871e-06 0)
(7.8579323e-10 6.1598782e-06 0)
(-8.8514379e-10 8.1209226e-06 0)
(2.8317932e-09 -1.7167652e-06 0)
(-1.7232504e-09 -1.2562762e-05 0)
(1.7488081e-09 -1.2562913e-05 0)
(-2.8724383e-09 -1.7171427e-06 0)
(9.367879e-10 8.1205422e-06 0)
(-8.1469483e-10 6.1597119e-06 0)
(-6.6690649e-10 6.1597123e-06 0)
(2.1384491e-09 8.1207106e-06 0)
(-1.0279075e-09 -1.7167235e-06 0)
(2.5997803e-09 -1.2562425e-05 0)
(-2.6047506e-09 -1.2562581e-05 0)
(1.0814235e-09 -1.7170942e-06 0)
(-2.1868487e-09 8.1203287e-06 0)
(6.9513706e-10 6.1595473e-06 0)
(7.9040403e-10 6.1595433e-06 0)
(-8.4397407e-10 8.1204842e-06 0)
(2.8966572e-09 -1.7166726e-06 0)
(-1.6910262e-09 -1.2562084e-05 0)
(1.7281295e-09 -1.2562233e-05 0)
(-2.9292326e-09 -1.7170446e-06 0)
(8.9892616e-10 8.1201078e-06 0)
(-8.1921424e-10 6.1593778e-06 0)
(-6.6379276e-10 6.1593664e-06 0)
(2.1813445e-09 8.120257e-06 0)
(-9.6803008e-10 -1.7166288e-06 0)
(2.6359468e-09 -1.2561726e-05 0)
(-2.6275511e-09 -1.2561878e-05 0)
(1.0309612e-09 -1.7169924e-06 0)
(-2.2259186e-09 8.1198817e-06 0)
(6.9217771e-10 6.159203e-06 0)
(7.9479179e-10 6.1591865e-06 0)
(-8.0511673e-10 8.1200161e-06 0)
(2.958849e-09 -1.7165768e-06 0)
(-1.6589421e-09 -1.2561365e-05 0)
(1.7114112e-09 -1.256151e-05 0)
(-2.9806464e-09 -1.7169383e-06 0)
(8.6457245e-10 8.1196484e-06 0)
(-8.2345713e-10 6.1590239e-06 0)
(-6.6094864e-10 6.1589993e-06 0)
(2.2219241e-09 8.1197743e-06 0)
(-9.1101221e-10 -1.7165313e-06 0)
(2.6721721e-09 -1.2560988e-05 0)
(-2.6463111e-09 -1.2561134e-05 0)
(9.8632052e-10 -1.7168823e-06 0)
(-2.2614164e-09 8.1194111e-06 0)
(6.8957346e-10 6.1588398e-06 0)
(7.9892671e-10 6.1588093e-06 0)
(-7.6869754e-10 8.1195196e-06 0)
(3.0182193e-09 -1.7164787e-06 0)
(-1.6268347e-09 -1.2560607e-05 0)
(1.6990817e-09 -1.2560746e-05 0)
(-3.0260925e-09 -1.7168235e-06 0)
(8.3406063e-10 8.1191668e-06 0)
(-8.2737562e-10 6.1586521e-06 0)
(-6.5837895e-10 6.1586125e-06 0)
(2.2600589e-09 8.1192638e-06 0)
(-8.5688962e-10 -1.7164322e-06 0)
(2.7085883e-09 -1.2560213e-05 0)
(-2.6605687e-09 -1.256035e-05 0)
(9.4798201e-10 -1.7167637e-06 0)
(-2.2930008e-09 8.1189198e-06 0)
(6.8735e-10 6.1584596e-06 0)
(8.0278641e-10 6.158413e-06 0)
(-7.3475059e-10 8.1189961e-06 0)
(3.0747415e-09 -1.7163797e-06 0)
(-1.5944785e-09 -1.2559815e-05 0)
(1.6915001e-09 -1.2559945e-05 0)
(-3.0651049e-09 -1.7167e-06 0)
(8.0764182e-10 8.1186659e-06 0)
(-8.3092523e-10 6.1582644e-06 0)
(-6.5607644e-10 6.1582072e-06 0)
(2.2957233e-09 8.1187269e-06 0)
(-8.0554705e-10 -1.7163327e-06 0)
(2.7453805e-09 -1.2559407e-05 0)
(-2.6699523e-09 -1.2559531e-05 0)
(9.1625626e-10 -1.7166362e-06 0)
(-2.3204322e-09 8.1184108e-06 0)
(6.8552456e-10 6.1580648e-06 0)
(8.0635978e-10 6.1579987e-06 0)
(-7.031826e-10 8.1184469e-06 0)
(3.1285528e-09 -1.7162813e-06 0)
(-1.5615888e-09 -1.2558994e-05 0)
(1.6888903e-09 -1.2559109e-05 0)
(-3.0974265e-09 -1.7165674e-06 0)
(7.8543006e-10 8.118149e-06 0)
(-8.3406907e-10 6.1578631e-06 0)
(-6.5401747e-10 6.1577847e-06 0)
(2.329032e-09 8.1181647e-06 0)
(-7.5667707e-10 -1.7162344e-06 0)
(2.782778e-09 -1.2558572e-05 0)
(-2.6742585e-09 -1.2558679e-05 0)
(8.9118115e-10 -1.7164993e-06 0)
(-2.3436345e-09 8.1178875e-06 0)
(6.8410089e-10 6.1576573e-06 0)
(8.0965191e-10 6.1575679e-06 0)
(-6.7373408e-10 8.1178731e-06 0)
(3.1799949e-09 -1.7161848e-06 0)
(-1.5278389e-09 -1.2558145e-05 0)
(1.6912486e-09 -1.2558243e-05 0)
(-3.1231276e-09 -1.7164252e-06 0)
(7.6733141e-10 8.1176193e-06 0)
(-8.3678376e-10 6.1574503e-06 0)
(-6.5215713e-10 6.1573461e-06 0)
(2.3602808e-09 8.1175785e-06 0)
(-7.0974191e-10 -1.7161386e-06 0)
(2.821028e-09 -1.2557712e-05 0)
(-2.6735622e-09 -1.2557797e-05 0)
(8.7238828e-10 -1.7163526e-06 0)
(-2.3627761e-09 8.1173528e-06 0)
(6.8306242e-10 6.1572395e-06 0)
(8.1268897e-10 6.1571215e-06 0)
(-6.459398e-10 8.1172756e-06 0)
(3.2296487e-09 -1.7160917e-06 0)
(-1.4928969e-09 -1.2557274e-05 0)
(1.6982166e-09 -1.2557348e-05 0)
(-3.1427572e-09 -1.7162729e-06 0)
(7.529534e-10 8.1170798e-06 0)
(-8.3906758e-10 6.1570282e-06 0)
(-6.5042465e-10 6.1568925e-06 0)
(2.3899853e-09 8.1169688e-06 0)
(-6.6394477e-10 -1.7160469e-06 0)
(2.8603461e-09 -1.2556831e-05 0)
(-2.6683619e-09 -1.2556888e-05 0)
(8.5893193e-10 -1.7161957e-06 0)
(-2.3783716e-09 8.1168098e-06 0)
(6.8236338e-10 6.1568134e-06 0)
(8.1552334e-10 6.1566603e-06 0)
(-6.1909141e-10 8.1166551e-06 0)
(3.2783574e-09 -1.7160033e-06 0)
(-1.4564917e-09 -1.2556382e-05 0)
(1.7089159e-09 -1.2556427e-05 0)
(-3.1575349e-09 -1.7161101e-06 0)
(7.4149279e-10 8.1165332e-06 0)
(-8.4095076e-10 6.1565987e-06 0)
(-6.4871844e-10 6.1564244e-06 0)
(2.4189165e-09 8.1163362e-06 0)
(-6.1821579e-10 -1.7159604e-06 0)
(2.9008367e-09 -1.2555931e-05 0)
(-2.6597694e-09 -1.2555953e-05 0)
(8.4908013e-10 -1.716028e-06 0)
(-2.391406e-09 8.1162606e-06 0)
(6.8191751e-10 6.1563806e-06 0)
(8.1823838e-10 6.1561848e-06 0)
(-5.9220705e-10 8.1160116e-06 0)
(3.3272316e-09 -1.7159207e-06 0)
(-1.4185107e-09 -1.2555471e-05 0)
(1.7217402e-09 -1.255548e-05 0)
(-3.1695798e-09 -1.7159364e-06 0)
(7.3160185e-10 8.1159811e-06 0)
(-8.4250879e-10 6.156163e-06 0)
(-6.4690263e-10 6.1559418e-06 0)
(2.4481276e-09 8.1156803e-06 0)
(-5.712207e-10 -1.7158798e-06 0)
(2.9423797e-09 -1.2555012e-05 0)
(-2.6497368e-09 -1.2554994e-05 0)
(8.4007112e-10 -1.7158493e-06 0)
(-2.4034799e-09 8.1157063e-06 0)
(6.8158425e-10 6.155942e-06 0)
(8.2095188e-10 6.1556946e-06 0)
(-5.6401232e-10 8.1153446e-06 0)
(3.37763e-09 -1.7158442e-06 0)
(-1.379131e-09 -1.2554543e-05 0)
(1.7341144e-09 -1.2554508e-05 0)
(-3.1821687e-09 -1.7157516e-06 0)
(7.2123805e-10 8.1154241e-06 0)
(-8.4387873e-10 6.1557218e-06 0)
(-6.4480467e-10 6.1554443e-06 0)
(2.4789665e-09 8.1150002e-06 0)
(-5.2139424e-10 -1.7158052e-06 0)
(2.9844887e-09 -1.2554075e-05 0)
(-2.6413113e-09 -1.2554008e-05 0)
(8.2785097e-10 -1.7156594e-06 0)
(-2.4169659e-09 8.1151466e-06 0)
(6.8115274e-10 6.1554977e-06 0)
(8.2381765e-10 6.1551888e-06 0)
(-5.3293716e-10 8.1146529e-06 0)
(3.4311162e-09 -1.7157734e-06 0)
(-1.3389731e-09 -1.2553594e-05 0)
(1.7422417e-09 -1.2553509e-05 0)
(-3.1999998e-09 -1.7155558e-06 0)
(7.0750938e-10 8.1148606e-06 0)
(-8.4527705e-10 6.1552741e-06 0)
(-6.4221586e-10 6.1549304e-06 0)
(2.5130713e-09 8.1142945e-06 0)
(-4.6699742e-10 -1.7157355e-06 0)
(3.0261572e-09 -1.2553115e-05 0)
(-2.6388814e-09 -1.2552993e-05 0)
(8.0682578e-10 -1.7154589e-06 0)
(-2.4351603e-09 8.1145787e-06 0)
(6.8032453e-10 6.1550459e-06 0)
(8.2702409e-10 6.1546655e-06 0)
(-4.9713104e-10 8.1139344e-06 0)
(3.4893945e-09 -1.7157064e-06 0)
(-1.2992508e-09 -1.2552618e-05 0)
(1.7408842e-09 -1.2552479e-05 0)
(-3.2294171e-09 -1.7153497e-06 0)
(6.8653978e-10 8.1142863e-06 0)
(-8.4701828e-10 6.1548175e-06 0)
(-6.3889421e-10 6.1543977e-06 0)
(2.552348e-09 8.1135607e-06 0)
(-4.0618661e-10 -1.7156681e-06 0)
(3.0657318e-09 -1.2552124e-05 0)
(-2.6483582e-09 -1.2551944e-05 0)
(7.6968662e-10 -1.7152487e-06 0)
(-2.4623968e-09 8.1139966e-06 0)
(6.7869788e-10 6.1545833e-06 0)
(8.3079025e-10 6.1541219e-06 0)
(-4.5449496e-10 8.1131863e-06 0)
(3.554248e-09 -1.7156398e-06 0)
(-1.2618669e-09 -1.2551608e-05 0)
(1.7232532e-09 -1.255141e-05 0)
(-3.2785222e-09 -1.715135e-06 0)
(6.53395e-10 8.1136937e-06 0)
(-8.4953044e-10 6.1543474e-06 0)
(-6.345704e-10 6.1538428e-06 0)
(2.5989335e-09 8.1127954e-06 0)
(-3.3706694e-10 -1.7155982e-06 0)
(3.1008756e-09 -1.2551093e-05 0)
(-2.6771943e-09 -1.2550851e-05 0)
(7.0739756e-10 -1.715031e-06 0)
(-2.5040747e-09 8.1133907e-06 0)
(6.7575862e-10 6.1541036e-06 0)
(8.353588e-10 6.1535538e-06 0)
(-4.0272251e-10 8.1124051e-06 0)
(3.6275107e-09 -1.7155679e-06 0)
(-1.2293764e-09 -1.2550549e-05 0)
(1.6811233e-09 -1.2550293e-05 0)
(-3.3570675e-09 -1.7149141e-06 0)
(6.0212785e-10 8.1130704e-06 0)
(-8.5336134e-10 6.153856e-06 0)
(-6.2895671e-10 6.1532611e-06 0)
(2.6551587e-09 8.1119947e-06 0)
(-2.5768898e-10 -1.715519e-06 0)
(3.1287165e-09 -1.2550004e-05 0)
(-2.7341153e-09 -1.2549703e-05 0)
(6.0946908e-10 -1.7148091e-06 0)
(-2.5665326e-09 8.1127464e-06 0)
(6.7088436e-10 6.1535976e-06 0)
(8.4098882e-10 6.1529559e-06 0)
(-3.3933659e-10 8.1115863e-06 0)
(3.7111302e-09 -1.7154823e-06 0)
(-1.2047151e-09 -1.2549421e-05 0)
(1.6053154e-09 -1.2549113e-05 0)
(-3.4759981e-09 -1.7146909e-06 0)
(5.2602136e-10 8.1123995e-06 0)
(-8.5916901e-10 6.1533324e-06 0)
(-6.2175743e-10 6.1526465e-06 0)
(2.7235305e-09 8.1111534e-06 0)
(-1.6593155e-10 -1.7154206e-06 0)
(3.1462973e-09 -1.2548835e-05 0)
(-2.8284103e-09 -1.2548483e-05 0)
(4.6466691e-10 -1.7145875e-06 0)
(-2.6566871e-09 8.1120439e-06 0)
(6.6337309e-10 6.1530525e-06 0)
(8.4795113e-10 6.1523215e-06 0)
(-2.6170503e-10 8.1107244e-06 0)
(3.807384e-09 -1.7153721e-06 0)
(-1.190582e-09 -1.25482e-05 0)
(1.4867137e-09 -1.2547851e-05 0)
(-3.6464953e-09 -1.7144703e-06 0)
(4.1812078e-10 8.1116584e-06 0)
(-8.6768604e-10 6.1527619e-06 0)
(-6.1268154e-10 6.1519916e-06 0)
(2.8067561e-09 8.1102656e-06 0)
(-5.9224121e-11 -1.7152905e-06 0)
(3.1514432e-09 -1.2547559e-05 0)
(-2.9686393e-09 -1.2547171e-05 0)
(2.6230697e-10 -1.7143718e-06 0)
(-2.7813534e-09 8.1112582e-06 0)
(6.5250989e-10 6.1524518e-06 0)
(8.5653269e-10 6.1516425e-06 0)
(-1.6702839e-10 8.1098129e-06 0)
(3.9193015e-09 -1.715224e-06 0)
(-1.1884014e-09 -1.2546855e-05 0)
(1.3179503e-09 -1.2546486e-05 0)
(-3.8784029e-09 -1.7142582e-06 0)
(2.7214486e-10 8.1108193e-06 0)
(-8.7964919e-10 6.1521264e-06 0)
(-6.0146069e-10 6.1512877e-06 0)
(2.9078232e-09 8.1093236e-06 0)
(6.5894672e-11 -1.7151142e-06 0)
(3.1441075e-09 -1.2546143e-05 0)
(-3.1606917e-09 -1.2545741e-05 0)
(-5.7519329e-12 -1.7141684e-06 0)
(-2.9461838e-09 8.1103597e-06 0)
(6.3768898e-10 6.1517755e-06 0)
(8.6705424e-10 6.150909e-06 0)
(-5.2334295e-11 8.1088437e-06 0)
(4.0512778e-09 -1.7150232e-06 0)
(-1.1969013e-09 -1.2545351e-05 0)
(1.0957979e-09 -1.254499e-05 0)
(-4.1780057e-09 -1.7140605e-06 0)
(8.3841049e-11 8.1098506e-06 0)
(-8.9568832e-10 6.1514046e-06 0)
(-5.8788746e-10 6.1505243e-06 0)
(3.0300954e-09 8.1083179e-06 0)
(2.1425497e-10 -1.7148762e-06 0)
(3.1281135e-09 -1.254455e-05 0)
(-3.4052983e-09 -1.2544164e-05 0)
(-3.4241119e-10 -1.7139832e-06 0)
(-3.1542195e-09 8.1093159e-06 0)
(6.1861049e-10 6.1510013e-06 0)
(8.7989823e-10 6.1501098e-06 0)
(8.5387601e-11 8.107806e-06 0)
(4.2097094e-09 -1.7147549e-06 0)
(-1.2105856e-09 -1.2543649e-05 0)
(8.2410385e-10 -1.2543334e-05 0)
(-4.5452925e-09 -1.7138817e-06 0)
(-1.4719846e-10 8.1087193e-06 0)
(-9.1617306e-10 6.1505736e-06 0)
(-5.7191488e-10 6.1496892e-06 0)
(3.1772607e-09 8.1072361e-06 0)
(3.9218824e-10 -1.7145625e-06 0)
(3.1129249e-09 -1.2542743e-05 0)
(-3.6953966e-09 -1.2542409e-05 0)
(-7.420958e-10 -1.7138203e-06 0)
(-3.4041219e-09 8.1080948e-06 0)
(5.9557918e-10 6.1501063e-06 0)
(8.955177e-10 6.1492318e-06 0)
(2.4856544e-10 8.1066859e-06 0)
(4.4031633e-09 -1.7144074e-06 0)
(-1.218773e-09 -1.2541712e-05 0)
(5.1678104e-10 -1.2541487e-05 0)
(-4.9710585e-09 -1.7137235e-06 0)
(-4.1529709e-10 8.1073945e-06 0)
(-9.4101614e-10 6.1496117e-06 0)
(-5.5391079e-10 6.1487688e-06 0)
(3.3526983e-09 8.1060618e-06 0)
(6.0648886e-10 -1.7141633e-06 0)
(3.1146282e-09 -1.2540686e-05 0)
(-4.0141384e-09 -1.2540444e-05 0)
(-1.18734e-09 -1.7136797e-06 0)
(-3.6882047e-09 8.1066697e-06 0)
(5.6994938e-10 6.1490702e-06 0)
(9.1432658e-10 6.1482606e-06 0)
(4.3721659e-10 8.105465e-06 0)
(4.641055e-09 -1.7139747e-06 0)
(-1.2064176e-09 -1.2539507e-05 0)
(1.9997363e-10 -1.2539417e-05 0)
(-5.4343866e-09 -1.7135821e-06 0)
(-7.0605816e-10 8.1058533e-06 0)
(-9.6940818e-10 6.1485016e-06 0)
(-5.3526182e-10 6.1477487e-06 0)
(3.557333e-09 8.104775e-06 0)
(8.6074373e-10 -1.7136768e-06 0)
(3.154699e-09 -1.2538352e-05 0)
(-4.3347006e-09 -1.2538239e-05 0)
(-1.6456801e-09 -1.7135562e-06 0)
(-3.9902905e-09 8.1050246e-06 0)
(5.4480834e-10 6.1478795e-06 0)
(9.3622249e-10 6.1471827e-06 0)
(6.4460273e-10 8.1041218e-06 0)
(4.9290468e-09 -1.7134604e-06 0)
(-1.1584721e-09 -1.2537013e-05 0)
(-8.7845426e-11 -1.25371e-05 0)
(-5.900998e-09 -1.7134479e-06 0)
(-9.9317204e-10 8.1040865e-06 0)
(-9.9936309e-10 6.147236e-06 0)
(-5.1968461e-10 6.1466172e-06 0)
(3.7842862e-09 8.1033541e-06 0)
(1.1469244e-09 -1.7131131e-06 0)
(3.2545489e-09 -1.2535731e-05 0)
(-4.6231492e-09 -1.2535773e-05 0)
(-2.0672531e-09 -1.7134392e-06 0)
(-4.2829911e-09 8.1031618e-06 0)
(5.2610156e-10 6.1465339e-06 0)
(9.5921949e-10 6.1459908e-06 0)
(8.484307e-10 8.1026351e-06 0)
(5.2586994e-09 -1.712881e-06 0)
(-1.0696287e-09 -1.2534232e-05 0)
(-2.992456e-10 -1.2534526e-05 0)
(-6.3225328e-09 -1.7133064e-06 0)
(-1.2340721e-09 8.1021057e-06 0)
(-1.0267293e-09 6.1458248e-06 0)
(-5.1579809e-10 6.1453737e-06 0)
(4.0079199e-09 8.1017834e-06 0)
(1.4303182e-09 -1.7124971e-06 0)
(3.423874e-09 -1.253284e-05 0)
(-4.8451695e-09 -1.2533047e-05 0)
(-2.3834025e-09 -1.7133169e-06 0)
(-4.5232632e-09 8.1011083e-06 0)
(5.2457673e-10 6.1450548e-06 0)
(9.7630551e-10 6.1446961e-06 0)
(9.9587927e-10 8.1009949e-06 0)
(5.5896778e-09 -1.7122682e-06 0)
(-9.5974999e-10 -1.25312e-05 0)
(-3.8610157e-10 -1.2531715e-05 0)
(-6.6365382e-09 -1.7131454e-06 0)
(-1.3636486e-09 8.0999495e-06 0)
(-1.0429481e-09 6.1443059e-06 0)
(-5.4153491e-10 6.1440452e-06 0)
(4.1658009e-09 8.1000675e-06 0)
(1.6294423e-09 -1.7118724e-06 0)
(3.6430166e-09 -1.2529738e-05 0)
(-4.9767693e-09 -1.2530104e-05 0)
(-2.5080745e-09 -1.7131877e-06 0)
(-4.6451032e-09 8.098922e-06 0)
(5.5902148e-10 6.1434979e-06 0)
(9.6954534e-10 6.1433515e-06 0)
(9.8471728e-10 8.0992196e-06 0)
(5.8291052e-09 -1.7116725e-06 0)
(-8.8980446e-10 -1.2528009e-05 0)
(-3.1509525e-10 -1.2528743e-05 0)
(-6.7699101e-09 -1.7129708e-06 0)
(-1.2876464e-09 8.0976869e-06 0)
(-1.0306113e-09 6.1427613e-06 0)
(-6.3015515e-10 6.1427168e-06 0)
(4.139478e-09 8.0982532e-06 0)
(1.6058526e-09 -1.7113057e-06 0)
(3.8472256e-09 -1.2526551e-05 0)
(-5.0204821e-09 -1.2527053e-05 0)
(-2.3523128e-09 -1.7130833e-06 0)
(-4.5533249e-09 8.096693e-06 0)
(6.607001e-10 6.1419733e-06 0)
(9.0180927e-10 6.142089e-06 0)
(6.5763412e-10 8.0973774e-06 0)
(5.8340579e-09 -1.7111675e-06 0)
(-9.5956658e-10 -1.2524819e-05 0)
(-9.8411648e-11 -1.2525764e-05 0)
(-6.6637413e-09 -1.7128341e-06 0)
(-8.8911687e-10 8.0954123e-06 0)
(-9.5689823e-10 6.1413399e-06 0)
(-8.3447996e-10 6.1415699e-06 0)
(3.7644159e-09 8.096444e-06 0)
(1.2138765e-09 -1.7108945e-06 0)
(3.9402407e-09 -1.2523468e-05 0)
(-5.0382476e-09 -1.2524083e-05 0)
(-1.8897343e-09 -1.7131027e-06 0)
(-4.142967e-09 8.0945279e-06 0)
(8.7620836e-10 6.1406655e-06 0)
(7.1183537e-10 6.1411535e-06 0)
(-1.3488325e-10 8.0955798e-06 0)
(5.5159303e-09 -1.7108598e-06 0)
(-1.2408622e-09 -1.2521838e-05 0)
(1.3607601e-10 -1.2522997e-05 0)
(-6.3820102e-09 -1.7128681e-06 0)
(-9.5157204e-11 8.0932047e-06 0)
(-7.6975432e-10 6.140272e-06 0)
(-1.2182451e-09 6.1408969e-06 0)
(2.9562151e-09 8.0947545e-06 0)
(5.3210798e-10 -1.7107773e-06 0)
(3.9029595e-09 -1.2520662e-05 0)
(-5.2404424e-09 -1.2521388e-05 0)
(-1.3748451e-09 -1.7134485e-06 0)
(-3.4213564e-09 8.0924725e-06 0)
(1.2588172e-09 6.1398277e-06 0)
(3.3065328e-10 6.1408727e-06 0)
(-1.2748617e-09 8.0938626e-06 0)
(5.2222621e-09 -1.7108915e-06 0)
(-1.5578768e-09 -1.2519129e-05 0)
(-2.4596323e-11 -1.252055e-05 0)
(-6.4573913e-09 -1.7133086e-06 0)
(8.7937052e-10 8.0909819e-06 0)
(-4.1342095e-10 6.1398218e-06 0)
(-1.81001e-09 6.1409853e-06 0)
(2.1337438e-09 8.0930731e-06 0)
(5.0508529e-10 -1.7111225e-06 0)
(4.1169393e-09 -1.2517932e-05 0)
(-6.2223616e-09 -1.251881e-05 0)
(-1.9202598e-09 -1.7144272e-06 0)
(-2.9014008e-09 8.0902613e-06 0)
(1.8252319e-09 6.1396539e-06 0)
(-2.4415427e-10 6.1414e-06 0)
(-1.6992776e-09 8.0917621e-06 0)
(6.6864312e-09 -1.7114002e-06 0)
(-9.8484344e-10 -1.2515986e-05 0)
(-1.6533492e-09 -1.2517782e-05 0)
(-8.7455779e-09 -1.7144429e-06 0)
(9.0052222e-10 8.0880802e-06 0)
(1.0184882e-10 6.1400283e-06 0)
(-2.4807583e-09 6.1416405e-06 0)
(3.202513e-09 8.0903706e-06 0)
(4.2989302e-09 -1.712034e-06 0)
(6.0549204e-09 -1.2513679e-05 0)
(-9.4881955e-09 -1.2514799e-05 0)
(-6.7266408e-09 -1.7163234e-06 0)
(-4.5224396e-09 8.0866597e-06 0)
(2.4398649e-09 6.1398132e-06 0)
(-7.6859008e-10 6.1419197e-06 0)
(1.9403267e-09 8.0872588e-06 0)
(1.4839934e-08 -1.7123374e-06 0)
(3.0501094e-09 -1.2509357e-05 0)
(-7.1822018e-09 -1.2511716e-05 0)
(-1.8087166e-08 -1.716366e-06 0)
(-3.3493137e-09 8.0822622e-06 0)
(5.2893404e-10 6.1399434e-06 0)
(-2.7093677e-09 6.1409681e-06 0)
(1.128305e-08 8.0831751e-06 0)
(1.9533108e-08 -1.7132415e-06 0)
(1.3401885e-08 -1.2502618e-05 0)
(-1.8361769e-08 -1.2504093e-05 0)
(-2.3153219e-08 -1.7189976e-06 0)
(-1.3293457e-08 8.0780423e-06 0)
(2.5897369e-09 6.1382865e-06 0)
(-4.4608371e-10 6.1388979e-06 0)
(1.728588e-08 8.074694e-06 0)
(4.0416108e-08 -1.7129903e-06 0)
(1.5976837e-08 -1.2490697e-05 0)
(-2.1418615e-08 -1.2493834e-05 0)
(-4.4756543e-08 -1.7183792e-06 0)
(-1.9298444e-08 8.0677779e-06 0)
(8.9408759e-11 6.135959e-06 0)
(-1.2528877e-09 6.1330205e-06 0)
(3.6890319e-08 8.0628771e-06 0)
(6.0907846e-08 -1.7134051e-06 0)
(3.3328363e-08 -1.2471675e-05 0)
(-3.91136e-08 -1.2473554e-05 0)
(-6.5229231e-08 -1.7210368e-06 0)
(-3.9403191e-08 8.0558719e-06 0)
(1.0625806e-09 6.1291123e-06 0)
(2.4250662e-09 6.1231062e-06 0)
(5.8224691e-08 8.0415115e-06 0)
(1.0227e-07 -1.7110528e-06 0)
(4.706581e-08 -1.2440928e-05 0)
(-5.2477286e-08 -1.2444969e-05 0)
(-1.0673153e-07 -1.7179047e-06 0)
(-6.0405625e-08 8.0323085e-06 0)
(-2.87036e-09 6.1189442e-06 0)
(4.1325672e-09 6.1043032e-06 0)
(9.7253242e-08 8.0120454e-06 0)
(1.5145252e-07 -1.7089415e-06 0)
(7.6997663e-08 -1.2394235e-05 0)
(-8.1555517e-08 -1.2396373e-05 0)
(-1.5496047e-07 -1.7184121e-06 0)
(-9.9551996e-08 8.0032043e-06 0)
(-4.3329054e-09 6.0990164e-06 0)
(1.0600613e-08 6.0758514e-06 0)
(1.4487138e-07 7.9645128e-06 0)
(2.2680902e-07 -1.7012873e-06 0)
(1.0894612e-07 -1.2324471e-05 0)
(-1.1156513e-07 -1.2329276e-05 0)
(-2.2931196e-07 -1.7090335e-06 0)
(-1.4622526e-07 7.9533978e-06 0)
(-1.1031257e-08 6.0705802e-06 0)
(1.659912e-08 6.0301917e-06 0)
(2.14235e-07 7.9011257e-06 0)
(3.1911489e-07 -1.6926113e-06 0)
(1.577181e-07 -1.2224766e-05 0)
(-1.5765752e-07 -1.2226691e-05 0)
(-3.1925986e-07 -1.702984e-06 0)
(-2.1502633e-07 7.8914782e-06 0)
(-1.6688635e-08 6.0239113e-06 0)
(2.7438023e-08 5.9662336e-06 0)
(2.9865553e-07 7.8078265e-06 0)
(4.4078314e-07 -1.6742806e-06 0)
(2.139419e-07 -1.2085666e-05 0)
(-2.0997352e-07 -1.2090648e-05 0)
(-4.3839596e-07 -1.6813271e-06 0)
(-2.9772217e-07 7.7964345e-06 0)
(-2.7670272e-08 5.9606409e-06 0)
(3.9321029e-08 5.8739452e-06 0)
(4.0588912e-07 7.6886134e-06 0)
(5.8500789e-07 -1.652698e-06 0)
(2.8509425e-07 -1.1898577e-05 0)
(-2.7650098e-07 -1.1899438e-05 0)
(-5.7878637e-07 -1.6618168e-06 0)
(-4.0354126e-07 7.6805429e-06 0)
(-3.9134623e-08 5.8678728e-06 0)
(5.5480116e-08 5.7529205e-06 0)
(5.3000993e-07 7.5264406e-06 0)
(7.5450514e-07 -1.6164559e-06 0)
(3.6597045e-07 -1.1653608e-05 0)
(-3.5183004e-07 -1.1657661e-05 0)
(-7.4434323e-07 -1.6201247e-06 0)
(-5.2525669e-07 7.5179013e-06 0)
(-5.5275799e-08 5.7486454e-06 0)
(7.3583127e-08 5.592314e-06 0)
(6.7030027e-07 7.3290401e-06 0)
(9.4190083e-07 -1.5741958e-06 0)
(4.547493e-07 -1.1343507e-05 0)
(-4.3478612e-07 -1.1342191e-05 0)
(-9.2701324e-07 -1.5787898e-06 0)
(-6.6337139e-07 7.326203e-06 0)
(-7.2941334e-08 5.5885523e-06 0)
(9.4175107e-08 5.394502e-06 0)
(8.1913813e-07 7.0794855e-06 0)
(1.13657e-06 -1.5128819e-06 0)
(5.4870573e-07 -1.0962076e-05 0)
(-5.2281882e-07 -1.0963734e-05 0)
(-1.1171347e-06 -1.5098873e-06 0)
(-8.0954379e-07 7.0780663e-06 0)
(-9.328566e-08 5.3939472e-06 0)
(1.1637205e-07 5.1517308e-06 0)
(9.645293e-07 6.792283e-06 0)
(1.3270299e-06 -1.4437388e-06 0)
(6.3578567e-07 -1.0509298e-05 0)
(-6.0450206e-07 -1.050477e-05 0)
(-1.3032151e-06 -1.4401998e-06 0)
(-9.5238847e-07 6.798834e-06 0)
(-1.1509976e-07 5.1530229e-06 0)
(1.3723737e-07 4.8741174e-06 0)
(1.0945392e-06 6.4581707e-06 0)
(1.4869479e-06 -1.3554447e-06 0)
(7.1347037e-07 -9.9937174e-06 0)
(-6.7782409e-07 -9.9915761e-06 0)
(-1.4593327e-06 -1.3429942e-06 0)
(-1.0801013e-06 6.468174e-06 0)
(-1.3545974e-07 4.8800255e-06 0)
(1.5625871e-07 4.5599877e-06 0)
(1.1843803e-06 6.1018195e-06 0)
(1.595497e-06 -1.2600184e-06 0)
(7.5881708e-07 -9.4293161e-06 0)
(-7.2016015e-07 -9.4209686e-06 0)
(-1.5653376e-06 -1.2454577e-06 0)
(-1.1676315e-06 6.1214581e-06 0)
(-1.5418405e-07 4.5694941e-06 0)
(1.723538e-07 4.2171749e-06 0)
(1.2176786e-06 5.7240882e-06 0)
(1.608605e-06 -1.1450139e-06 0)
(7.6526891e-07 -8.8329193e-06 0)
(-7.2538771e-07 -8.8257782e-06 0)
(-1.5767078e-06 -1.1210147e-06 0)
(-1.1997139e-06 5.7496982e-06 0)
(-1.6924633e-07 4.2332576e-06 0)
(2.1563984e-07 3.8131233e-06 0)
(1.1681198e-06 5.2739343e-06 0)
(1.5024325e-06 -1.0133671e-06 0)
(7.0459498e-07 -8.0990111e-06 0)
(-6.6477467e-07 -8.0872395e-06 0)
(-1.4706708e-06 -9.8705332e-07 0)
(-1.1491266e-06 5.3076871e-06 0)
(-2.1194095e-07 3.8335156e-06 0)
)
;

boundaryField
{
    left
    {
        type            uniformFixedValue;
        uniformValue    sine;
        uniformValueCoeffs
        {
            t0              0;
            amplitude       constant 0.0125;
            frequency       constant 1;
            scale           constant (0 1 0);
            level           constant (0 0 0);
        }
        value           uniform (0 -1.0841838e-15 0);
    }
    right
    {
        type            zeroGradient;
    }
    walls
    {
        type            fixedValue;
        value           uniform (0 0 0);
    }
    frontAndBack
    {
        type            empty;
    }
}


// ************************************************************************* //
