/*--------------------------------*- C++ -*----------------------------------*\
| =========                 |                                                 |
| \\      /  F ield         | OpenFOAM: The Open Source CFD Toolbox           |
|  \\    /   O peration     | Version:  5.x                                   |
|   \\  /    A nd           | Web:      www.OpenFOAM.org                      |
|    \\/     M anipulation  |                                                 |
\*---------------------------------------------------------------------------*/
FoamFile
{
    version     2.0;
    format      ascii;
    class       volVectorField;
    location    "6";
    object      U_0;
}
// * * * * * * * * * * * * * * * * * * * * * * * * * * * * * * * * * * * * * //

dimensions      [0 1 -1 0 0 0 0];

internalField   nonuniform List<vector> 
1920
(
(-0.00037674791 -0.0034628137 0)
(-0.00068711521 -0.0039251458 0)
(-0.0003737162 -0.0038939781 0)
(-0.00011734475 -0.0038905118 0)
(0.00011734507 -0.0038905118 0)
(0.00037371632 -0.0038939781 0)
(0.00068711509 -0.0039251458 0)
(0.00037674782 -0.0034628135 0)
(-0.00052009551 -0.0032076324 0)
(-0.0011327942 -0.0040335504 0)
(-0.00072317346 -0.0040869551 0)
(-0.00024537488 -0.0040893853 0)
(0.00024537546 -0.0040893852 0)
(0.00072317373 -0.004086955 0)
(0.0011327942 -0.0040335501 0)
(0.00052009547 -0.0032076319 0)
(-0.00043556541 -0.0027956859 0)
(-0.0011200066 -0.0040309301 0)
(-0.00080800755 -0.0042920115 0)
(-0.00029028881 -0.0043526372 0)
(0.00029028954 -0.0043526372 0)
(0.00080800792 -0.0042920114 0)
(0.0011200066 -0.0040309299 0)
(0.00043556544 -0.0027956856 0)
(-0.00032286029 -0.0023989103 0)
(-0.00094897846 -0.0039611565 0)
(-0.00075238603 -0.0044737304 0)
(-0.00028270631 -0.0046283772 0)
(0.00028270712 -0.0046283772 0)
(0.00075238648 -0.0044737305 0)
(0.00094897862 -0.0039611563 0)
(0.00032286037 -0.0023989102 0)
(-0.00022968709 -0.0020937402 0)
(-0.00074541509 -0.0038717481 0)
(-0.00063716942 -0.0046139661 0)
(-0.00024797316 -0.0048749063 0)
(0.00024797393 -0.0048749063 0)
(0.00063716991 -0.0046139662 0)
(0.00074541533 -0.0038717481 0)
(0.00022968719 -0.0020937402 0)
(-0.00015894788 -0.0018740824 0)
(-0.00055827649 -0.0037862694 0)
(-0.00050766876 -0.0047150831 0)
(-0.00020349126 -0.0050773943 0)
(0.00020349192 -0.0050773943 0)
(0.00050766925 -0.0047150831 0)
(0.0005582768 -0.0037862693 0)
(0.00015894799 -0.0018740824 0)
(-0.00010735535 -0.0017186519 0)
(-0.00040398139 -0.0037131379 0)
(-0.00038733951 -0.0047853736 0)
(-0.00015905647 -0.0052354249 0)
(0.00015905699 -0.0052354249 0)
(0.00038733995 -0.0047853736 0)
(0.00040398174 -0.0037131378 0)
(0.00010735548 -0.0017186519 0)
(-7.0998109e-05 -0.0016104248 0)
(-0.0002847773 -0.0036545013 0)
(-0.00028574215 -0.0048329732 0)
(-0.00011993201 -0.0053542948 0)
(0.00011993239 -0.0053542947 0)
(0.00028574254 -0.0048329731 0)
(0.00028477768 -0.0036545011 0)
(7.0998249e-05 -0.0016104247 0)
(-4.6166984e-05 -0.0015365424 0)
(-0.00019639735 -0.0036096591 0)
(-0.00020525319 -0.0048644986 0)
(-8.770871e-05 -0.0054410766 0)
(8.770893e-05 -0.0054410765 0)
(0.00020525352 -0.0048644984 0)
(0.00019639773 -0.0036096588 0)
(4.6167137e-05 -0.0015365423 0)
(-2.9523957e-05 -0.0014870399 0)
(-0.00013295988 -0.0035766038 0)
(-0.00014403721 -0.0048849599 0)
(-6.2640166e-05 -0.0055028598 0)
(6.2640258e-05 -0.0055028597 0)
(0.00014403747 -0.0048849596 0)
(0.00013296025 -0.0035766035 0)
(2.9524105e-05 -0.0014870398 0)
(-1.859652e-05 -0.0014544235 0)
(-8.8426315e-05 -0.0035529349 0)
(-9.9101423e-05 -0.0048979956 0)
(-4.3714741e-05 -0.005545896 0)
(4.3714715e-05 -0.0055458958 0)
(9.9101604e-05 -0.0048979953 0)
(8.8426646e-05 -0.0035529345 0)
(1.8596669e-05 -0.0014544234 0)
(-1.1501812e-05 -0.0014332689 0)
(-5.7860173e-05 -0.0035363964 0)
(-6.6879991e-05 -0.0049061441 0)
(-2.9957132e-05 -0.0055752924 0)
(2.9957013e-05 -0.0055752922 0)
(6.6880099e-05 -0.0049061437 0)
(5.7860461e-05 -0.0035363961 0)
(1.1501949e-05 -0.0014332687 0)
(-6.9887712e-06 -0.0014197701 0)
(-3.7203075e-05 -0.0035250863 0)
(-4.4360952e-05 -0.0049111385 0)
(-2.0116616e-05 -0.0055950051 0)
(2.0116424e-05 -0.0055950049 0)
(4.4360989e-05 -0.0049111381 0)
(3.7203313e-05 -0.0035250859 0)
(6.9888949e-06 -0.00141977 0)
(-4.1462812e-06 -0.0014113039 0)
(-2.3513632e-05 -0.0035175068 0)
(-2.8879242e-05 -0.0049141298 0)
(-1.3289303e-05 -0.0056079894 0)
(1.3289051e-05 -0.0056079892 0)
(2.8879225e-05 -0.0049141294 0)
(2.3513814e-05 -0.0035175065 0)
(4.1463926e-06 -0.0014113038 0)
(-2.3977869e-06 -0.0014060971 0)
(-1.4562583e-05 -0.0035125257 0)
(-1.8466317e-05 -0.0049158745 0)
(-8.6018279e-06 -0.0056163861 0)
(8.601542e-06 -0.0056163859 0)
(1.8466237e-05 -0.0049158742 0)
(1.4562718e-05 -0.0035125253 0)
(2.3978769e-06 -0.001406097 0)
(-1.3352762e-06 -0.0014029654 0)
(-8.8239634e-06 -0.003509318 0)
(-1.1561487e-05 -0.0049168562 0)
(-5.4699308e-06 -0.0056217125 0)
(5.4696066e-06 -0.0056217124 0)
(1.1561376e-05 -0.0049168559 0)
(8.8240441e-06 -0.0035093177 0)
(1.335358e-06 -0.0014029653 0)
(-7.0860065e-07 -0.0014011338 0)
(-5.1988785e-06 -0.0035072953 0)
(-7.0784902e-06 -0.0049173836 0)
(-3.3977252e-06 -0.005625019 0)
(3.3973904e-06 -0.0056250189 0)
(7.0783288e-06 -0.0049173834 0)
(5.1989255e-06 -0.0035072951 0)
(7.0865938e-07 -0.0014011337 0)
(-3.4682935e-07 -0.0014000996 0)
(-2.9596357e-06 -0.0035060511 0)
(-4.2131733e-06 -0.0049176459 0)
(-2.0615762e-06 -0.0056270217 0)
(2.0612321e-06 -0.0056270216 0)
(4.2129997e-06 -0.0049176458 0)
(2.9596411e-06 -0.003506051 0)
(3.4688453e-07 -0.0014000995 0)
(-1.4684499e-07 -0.0013995445 0)
(-1.6045939e-06 -0.0035053063 0)
(-2.4233092e-06 -0.0049177608 0)
(-1.2115907e-06 -0.005628198 0)
(1.2112496e-06 -0.005628198 0)
(2.4231115e-06 -0.0049177607 0)
(1.6045807e-06 -0.0035053063 0)
(1.4688186e-07 -0.0013995445 0)
(-4.1562265e-08 -0.0013992683 0)
(-8.0870335e-07 -0.0035048768 0)
(-1.3289368e-06 -0.0049177961 0)
(-6.8516958e-07 -0.0056288626 0)
(6.8483646e-07 -0.0056288626 0)
(1.3287424e-06 -0.0049177961 0)
(8.0866915e-07 -0.0035048769 0)
(4.1598012e-08 -0.0013992683 0)
(9.1544005e-09 -0.0013991493 0)
(-3.5722986e-07 -0.0035046401 0)
(-6.7941047e-07 -0.0049177931 0)
(-3.6610065e-07 -0.0056292175 0)
(3.6578914e-07 -0.0056292176 0)
(6.7921691e-07 -0.0049177932 0)
(3.5718923e-07 -0.0035046402 0)
(-9.1288047e-09 -0.0013991494 0)
(2.988988e-08 -0.0013991139 0)
(-1.1409619e-07 -0.0035045191 0)
(-3.0691708e-07 -0.004917773 0)
(-1.7948423e-07 -0.0056293913 0)
(1.79201e-07 -0.0056293914 0)
(3.0674245e-07 -0.0049177733 0)
(1.1405687e-07 -0.0035045193 0)
(-2.98654e-08 -0.001399114 0)
(3.4910872e-08 -0.0013991196 0)
(7.3005392e-09 -0.003504464 0)
(-1.0416885e-07 -0.0049177488 0)
(-7.3951453e-08 -0.0056294629 0)
(7.3702985e-08 -0.0056294631 0)
(1.0401936e-07 -0.004917749 0)
(-7.3382066e-09 -0.0035044644 0)
(-3.4888021e-08 -0.0013991197 0)
(3.2667002e-08 -0.0013991425 0)
(5.9317636e-08 -0.0035044456 0)
(-1.0227693e-09 -0.0049177252 0)
(-1.8653684e-08 -0.0056294807 0)
(1.8456833e-08 -0.0056294808 0)
(9.0184982e-10 -0.0049177256 0)
(-5.9335092e-08 -0.003504446 0)
(-3.2646881e-08 -0.0013991426 0)
(2.7273492e-08 -0.00139917 0)
(7.5015744e-08 -0.0035044452 0)
(4.3913819e-08 -0.0049177054 0)
(8.9279216e-09 -0.0056294721 0)
(-9.0741863e-09 -0.0056294724 0)
(-4.3988937e-08 -0.0049177058 0)
(-7.5026569e-08 -0.0035044457 0)
(-2.7248242e-08 -0.0013991702 0)
(2.1614958e-08 -0.0013991959 0)
(7.1731597e-08 -0.0035044532 0)
(5.8923395e-08 -0.0049176893 0)
(1.8949855e-08 -0.0056294533 0)
(-1.9032081e-08 -0.0056294534 0)
(-5.8961875e-08 -0.0049176899 0)
(-7.1709651e-08 -0.0035044537 0)
(-2.1594337e-08 -0.0013991961 0)
(1.6070978e-08 -0.0013992178 0)
(6.169922e-08 -0.0035044636 0)
(5.7029453e-08 -0.0049176773 0)
(2.2051293e-08 -0.0056294321 0)
(-2.2075833e-08 -0.0056294323 0)
(-5.7011875e-08 -0.0049176778 0)
(-6.1669209e-08 -0.0035044642 0)
(-1.6041382e-08 -0.0013992181 0)
(1.1871324e-08 -0.0013992351 0)
(4.8603113e-08 -0.0035044738 0)
(4.9851016e-08 -0.0049176683 0)
(1.9339808e-08 -0.0056294127 0)
(-1.92952e-08 -0.0056294129 0)
(-4.9795395e-08 -0.0049176689 0)
(-4.8535677e-08 -0.0035044744 0)
(-1.1847841e-08 -0.0013992354 0)
(8.1668887e-09 -0.0013992481 0)
(3.7287371e-08 -0.0035044825 0)
(3.9114996e-08 -0.0049176619 0)
(1.6923057e-08 -0.0056293965 0)
(-1.6821361e-08 -0.0056293968 0)
(-3.9003037e-08 -0.0049176625 0)
(-3.7213062e-08 -0.0035044832 0)
(-8.1333538e-09 -0.0013992484 0)
(5.8286419e-09 -0.0013992575 0)
(2.6643818e-08 -0.0035044895 0)
(3.0376352e-08 -0.0049176574 0)
(1.2300416e-08 -0.0056293839 0)
(-1.2134519e-08 -0.0056293841 0)
(-3.0230544e-08 -0.004917658 0)
(-2.6534219e-08 -0.0035044901 0)
(-5.8018107e-09 -0.0013992578 0)
(3.6948594e-09 -0.0013992641 0)
(1.9243442e-08 -0.0035044946 0)
(2.1343586e-08 -0.0049176543 0)
(9.9951355e-09 -0.0056293745 0)
(-9.7810864e-09 -0.0056293747 0)
(-2.1149591e-08 -0.0049176549 0)
(-1.9129954e-08 -0.0035044953 0)
(-3.65896e-09 -0.0013992644 0)
(2.633126e-09 -0.0013992685 0)
(1.2595376e-08 -0.0035044983 0)
(1.5633407e-08 -0.0049176522 0)
(6.2639301e-09 -0.0056293677 0)
(-5.9990651e-09 -0.0056293679 0)
(-1.5414208e-08 -0.0049176528 0)
(-1.2453443e-08 -0.0035044989 0)
(-2.6037056e-09 -0.0013992688 0)
(1.4660781e-09 -0.0013992714 0)
(8.7516621e-09 -0.0035045008 0)
(9.7951269e-09 -0.0049176508 0)
(5.1267036e-09 -0.005629363 0)
(-4.8286436e-09 -0.0056293633 0)
(-9.5415125e-09 -0.0049176513 0)
(-8.6098356e-09 -0.0035045014 0)
(-1.4297231e-09 -0.0013992717 0)
(1.1146015e-09 -0.0013992732 0)
(5.0106337e-09 -0.0035045024 0)
(6.9546367e-09 -0.0049176498 0)
(2.5347661e-09 -0.0056293599 0)
(-2.2040998e-09 -0.0056293601 0)
(-6.6869882e-09 -0.0049176504 0)
(-4.8495372e-09 -0.0035045029 0)
(-1.0839013e-09 -0.0013992735 0)
(4.5883297e-10 -0.0013992743 0)
(3.4053321e-09 -0.0035045033 0)
(3.4987449e-09 -0.0049176492 0)
(2.3564885e-09 -0.0056293579 0)
(-2.0099622e-09 -0.0056293581 0)
(-3.21264e-09 -0.0049176497 0)
(-3.2484441e-09 -0.0035045038 0)
(-4.2370185e-10 -0.0013992745 0)
(4.5524736e-10 -0.0013992748 0)
(1.3470909e-09 -0.0035045037 0)
(2.4904691e-09 -0.0049176488 0)
(5.6111267e-10 -0.0056293567 0)
(-2.0097918e-10 -0.0056293569 0)
(-2.2016124e-09 -0.0049176493 0)
(-1.180273e-09 -0.0035045042 0)
(-4.2461292e-10 -0.001399275 0)
(4.4411476e-11 -0.001399275 0)
(9.3512363e-10 -0.0035045038 0)
(4.3307236e-10 -0.0049176485 0)
(9.5792351e-10 -0.0056293561 0)
(-5.9830519e-10 -0.0056293563 0)
(-1.4077431e-10 -0.0049176489 0)
(-7.7592983e-10 -0.0035045042 0)
(-1.1679336e-11 -0.0013992752 0)
(1.9375584e-10 -0.0013992749 0)
(-2.6377007e-10 -0.0035045036 0)
(4.0854024e-10 -0.0049176483 0)
(-3.8052434e-10 -0.0056293558 0)
(7.3719172e-10 -0.005629356 0)
(-1.229401e-10 -0.0049176487 0)
(4.2490926e-10 -0.003504504 0)
(-1.6424424e-10 -0.0013992751 0)
(-1.0800866e-10 -0.0013992748 0)
(-1.0848379e-10 -0.0035045034 0)
(-9.2542105e-10 -0.0049176481 0)
(3.0800247e-10 -0.0056293558 0)
(3.5181654e-11 -0.0056293559 0)
(1.2024836e-09 -0.0049176485 0)
(2.5979717e-10 -0.0035045037 0)
(1.3773432e-10 -0.0013992749 0)
(1.0048216e-10 -0.0013992745 0)
(-9.050766e-10 -0.003504503 0)
(-4.815155e-10 -0.004917648 0)
(-7.934985e-10 -0.0056293559 0)
(1.1216183e-09 -0.0056293561 0)
(7.4543361e-10 -0.0049176483 0)
(1.0524861e-09 -0.0035045033 0)
(-7.2724102e-11 -0.0013992746 0)
(-1.5483081e-10 -0.0013992742 0)
(-5.0764655e-10 -0.0035045025 0)
(-1.4707093e-09 -0.0049176478 0)
(2.2657966e-11 -0.0056293562 0)
(2.8364512e-10 -0.0056293563 0)
(1.7180824e-09 -0.0049176481 0)
(6.4444312e-10 -0.0035045028 0)
(1.8144201e-10 -0.0013992743 0)
(7.1642076e-11 -0.0013992739 0)
(-1.127226e-09 -0.003504502 0)
(-8.2837567e-10 -0.0049176477 0)
(-9.6083085e-10 -0.0056293565 0)
(1.2449968e-09 -0.0056293566 0)
(1.0594892e-09 -0.004917648 0)
(1.2565325e-09 -0.0035045023 0)
(-4.5845973e-11 -0.001399274 0)
(-1.6348406e-10 -0.0013992736 0)
(-6.402046e-10 -0.0035045016 0)
(-1.6607505e-09 -0.0049176476 0)
(-1.0004491e-10 -0.0056293568 0)
(3.5870951e-10 -0.0056293569 0)
(1.8712102e-09 -0.0049176478 0)
(7.5942061e-10 -0.0035045018 0)
(1.87236e-10 -0.0013992736 0)
(6.445045e-11 -0.0013992732 0)
(-1.1836852e-09 -0.003504501 0)
(-9.4760049e-10 -0.0049176475 0)
(-1.0224449e-09 -0.0056293572 0)
(1.2564636e-09 -0.0056293572 0)
(1.1416535e-09 -0.0049176477 0)
(1.2937669e-09 -0.0035045012 0)
(-4.0495207e-11 -0.0013992733 0)
(-1.60379e-10 -0.0013992729 0)
(-6.7256348e-10 -0.0035045005 0)
(-1.7077433e-09 -0.0049176474 0)
(-1.5496715e-10 -0.0056293575 0)
(3.6365309e-10 -0.0056293576 0)
(1.8802069e-09 -0.0049176476 0)
(7.7407879e-10 -0.0035045007 0)
(1.8173709e-10 -0.0013992729 0)
(6.304176e-11 -0.0013992725 0)
(-1.1810692e-09 -0.0035045 0)
(-9.7893391e-10 -0.0049176473 0)
(-1.0407532e-09 -0.0056293579 0)
(1.2257461e-09 -0.0056293579 0)
(1.1370478e-09 -0.0049176474 0)
(1.2732056e-09 -0.0035045001 0)
(-4.0602777e-11 -0.0013992726 0)
(-1.5468227e-10 -0.0013992722 0)
(-6.7145602e-10 -0.0035044995 0)
(-1.7014407e-09 -0.0049176472 0)
(-1.8242255e-10 -0.0056293582 0)
(3.4491478e-10 -0.0056293583 0)
(1.8391927e-09 -0.0049176473 0)
(7.5716226e-10 -0.0035044996 0)
(1.7418651e-10 -0.0013992722 0)
(6.2364298e-11 -0.0013992718 0)
(-1.1599658e-09 -0.003504499 0)
(-9.7873048e-10 -0.0049176471 0)
(-1.0410105e-09 -0.0056293586 0)
(1.182923e-09 -0.0056293586 0)
(1.105509e-09 -0.0049176472 0)
(1.2368721e-09 -0.0035044991 0)
(-4.1034478e-11 -0.0013992719 0)
(-1.4901359e-10 -0.0013992715 0)
(-6.6076421e-10 -0.0035044985 0)
(-1.6762919e-09 -0.0049176469 0)
(-1.9788878e-10 -0.0056293589 0)
(3.2157607e-10 -0.005629359 0)
(1.7850967e-09 -0.004917647 0)
(7.3361776e-10 -0.0035044986 0)
(1.6717755e-10 -0.0013992715 0)
(6.1237464e-11 -0.0013992712 0)
(-1.1339297e-09 -0.003504498 0)
(-9.673861e-10 -0.0049176468 0)
(-1.0325098e-09 -0.0056293593 0)
(1.1397057e-09 -0.0056293593 0)
(1.069117e-09 -0.0049176469 0)
(1.1988959e-09 -0.0035044981 0)
(-4.0620571e-11 -0.0013992712 0)
(-1.4383028e-10 -0.0013992709 0)
(-6.4770368e-10 -0.0035044975 0)
(-1.6440743e-09 -0.0049176467 0)
(-2.0675422e-10 -0.0056293596 0)
(3.0043246e-10 -0.0056293596 0)
(1.7305674e-09 -0.0049176468 0)
(7.1094739e-10 -0.0035044976 0)
(1.610797e-10 -0.0013992709 0)
(5.9636398e-11 -0.0013992705 0)
(-1.1066235e-09 -0.003504497 0)
(-9.5132491e-10 -0.0049176466 0)
(-1.018488e-09 -0.0056293599 0)
(1.0998422e-09 -0.00562936 0)
(1.0345734e-09 -0.0049176467 0)
(1.1628768e-09 -0.0035044971 0)
(-3.940489e-11 -0.0013992706 0)
(-1.3903808e-10 -0.0013992702 0)
(-6.3382303e-10 -0.0035044965 0)
(-1.6082926e-09 -0.0049176465 0)
(-2.1085883e-10 -0.0056293603 0)
(2.8313363e-10 -0.0056293603 0)
(1.6788353e-09 -0.0049176466 0)
(6.9045526e-10 -0.0035044966 0)
(1.5568419e-10 -0.0013992702 0)
(5.7757751e-11 -0.0013992699 0)
(-1.0786534e-09 -0.003504496 0)
(-9.3224861e-10 -0.0049176464 0)
(-1.000248e-09 -0.0056293606 0)
(1.0638825e-09 -0.0056293606 0)
(1.0029441e-09 -0.0049176464 0)
(1.128973e-09 -0.0035044961 0)
(-3.7678157e-11 -0.0013992699 0)
(-1.3449295e-10 -0.0013992696 0)
(-6.1915313e-10 -0.0035044956 0)
(-1.5699119e-09 -0.0049176462 0)
(-2.1104542e-10 -0.0056293609 0)
(2.6937979e-10 -0.0056293609 0)
(1.6299289e-09 -0.0049176463 0)
(6.7164128e-10 -0.0035044956 0)
(1.5073233e-10 -0.0013992696 0)
(5.5762904e-11 -0.0013992693 0)
(-1.0499725e-09 -0.0035044951 0)
(-9.1060298e-10 -0.0049176461 0)
(-9.7862877e-10 -0.0056293612 0)
(1.0312554e-09 -0.0056293613 0)
(9.7357982e-10 -0.0049176462 0)
(1.0965223e-09 -0.0035044952 0)
(-3.5696799e-11 -0.0013992693 0)
(-1.3010999e-10 -0.001399269 0)
(-6.0354231e-10 -0.0035044946 0)
(-1.5293459e-09 -0.004917646 0)
(-2.0797812e-10 -0.0056293615 0)
(2.582845e-10 -0.0056293616 0)
(1.5830635e-09 -0.0049176461 0)
(6.5373077e-10 -0.0035044947 0)
(1.4604067e-10 -0.001399269 0)
(5.3744487e-11 -0.0013992687 0)
(-1.0205602e-09 -0.0035044941 0)
(-8.8666681e-10 -0.0049176459 0)
(-9.5440185e-10 -0.0056293618 0)
(1.0011298e-09 -0.0056293619 0)
(9.4554772e-10 -0.004917646 0)
(1.0648787e-09 -0.0035044943 0)
(-3.3634113e-11 -0.0013992687 0)
(-1.2585801e-10 -0.0013992684 0)
(-5.8696307e-10 -0.0035044937 0)
(-1.4869955e-09 -0.0049176458 0)
(-2.023074e-10 -0.0056293621 0)
(2.4892228e-10 -0.0056293622 0)
(1.5374552e-09 -0.0049176459 0)
(6.3610886e-10 -0.0035044938 0)
(1.4150304e-10 -0.0013992684 0)
(5.1747298e-11 -0.0013992681 0)
(-9.9052179e-10 -0.0035044932 0)
(-8.6078139e-10 -0.0049176457 0)
(-9.2830524e-10 -0.0056293624 0)
(9.727459e-10 -0.0056293625 0)
(9.1807699e-10 -0.0049176458 0)
(1.0336038e-09 -0.0035044934 0)
(-3.1595472e-11 -0.0013992682 0)
(-1.2173466e-10 -0.0013992678 0)
(-5.6950813e-10 -0.0035044928 0)
(-1.4433123e-09 -0.0049176456 0)
(-1.946458e-10 -0.0056293627 0)
(2.4052411e-10 -0.0056293628 0)
(1.4925369e-09 -0.0049176457 0)
(6.183826e-10 -0.003504493 0)
(1.3706628e-10 -0.0013992679 0)
(4.9792081e-11 -0.0013992675 0)
(-9.6004105e-10 -0.0035044924 0)
(-8.3333285e-10 -0.0049176455 0)
(-9.0099797e-10 -0.005629363 0)
(9.4551951e-10 -0.0056293631 0)
(8.9064424e-10 -0.0049176456 0)
(1.0024571e-09 -0.0035044925 0)
(-2.9641319e-11 -0.0013992676 0)
(-1.1774805e-10 -0.0013992673 0)
(-5.5132946e-10 -0.003504492 0)
(-1.3987501e-09 -0.0049176454 0)
(-1.8552241e-10 -0.0056293633 0)
(2.3252245e-10 -0.0056293634 0)
(1.4479692e-09 -0.0049176455 0)
(6.0034032e-10 -0.0035044921 0)
(1.3270886e-10 -0.0013992673 0)
(4.7890024e-11 -0.001399267 0)
(-9.2932443e-10 -0.0035044915 0)
(-8.0469877e-10 -0.0049176453 0)
(-8.7302741e-10 -0.0056293636 0)
(9.190501e-10 -0.0056293636 0)
(8.62945e-10 -0.0049176454 0)
(9.7134336e-10 -0.0035044917 0)
(-2.7804922e-11 -0.0013992671 0)
(-1.1390679e-10 -0.0013992667 0)
(-5.3259199e-10 -0.0035044911 0)
(-1.3537228e-09 -0.0049176452 0)
(-1.753626e-10 -0.0056293639 0)
(2.2453522e-10 -0.0056293639 0)
(1.4035935e-09 -0.0049176453 0)
(5.8189679e-10 -0.0035044913 0)
(1.2842618e-10 -0.0013992668 0)
(4.6049845e-11 -0.0013992665 0)
(-8.9856826e-10 -0.0035044907 0)
(-7.7521636e-10 -0.0049176451 0)
(-8.4482341e-10 -0.0056293641 0)
(8.9309211e-10 -0.0056293642 0)
(8.348396e-10 -0.0049176453 0)
(9.4026088e-10 -0.0035044909 0)
(-2.6103658e-11 -0.0013992665 0)
(-1.1021674e-10 -0.0013992662 0)
(-5.1345067e-10 -0.0035044904 0)
(-1.3085851e-09 -0.004917645 0)
(-1.6449259e-10 -0.0056293644 0)
(2.1632899e-10 -0.0056293645 0)
(1.3593779e-09 -0.0049176452 0)
(5.6304843e-10 -0.0035044905 0)
(1.2422237e-10 -0.0013992663 0)
(4.4279809e-11 -0.0013992659 0)
(-8.6794618e-10 -0.00350449 0)
(-7.4517304e-10 -0.0049176449 0)
(-8.1671249e-10 -0.0056293647 0)
(8.6751582e-10 -0.0056293647 0)
(8.0630148e-10 -0.0049176451 0)
(9.0926445e-10 -0.0035044902 0)
(-2.4545392e-11 -0.001399266 0)
(-1.0668008e-10 -0.0013992657 0)
(-4.9404371e-10 -0.0035044896 0)
(-1.2636332e-09 -0.0049176448 0)
(-1.5315695e-10 -0.0056293649 0)
(2.0777846e-10 -0.005629365 0)
(1.3153714e-09 -0.004917645 0)
(5.4384112e-10 -0.0035044898 0)
(1.2010495e-10 -0.0013992658 0)
(4.2588235e-11 -0.0013992655 0)
(-8.3760704e-10 -0.0035044892 0)
(-7.1481113e-10 -0.0049176447 0)
(-7.8893898e-10 -0.0056293652 0)
(8.4227045e-10 -0.0056293653 0)
(7.7737606e-10 -0.0049176449 0)
(8.7843858e-10 -0.0035044894 0)
(-2.3132517e-11 -0.0013992655 0)
(-1.032962e-10 -0.0013992652 0)
(-4.7449244e-10 -0.0035044889 0)
(-1.2191128e-09 -0.0049176446 0)
(-1.4153966e-10 -0.0056293654 0)
(1.9883173e-10 -0.0056293655 0)
(1.2716696e-09 -0.0049176448 0)
(5.243481e-10 -0.0035044891 0)
(1.1608257e-10 -0.0013992653 0)
(4.0982672e-11 -0.001399265 0)
(-8.0767788e-10 -0.0035044885 0)
(-6.8433597e-10 -0.0049176446 0)
(-7.6168627e-10 -0.0056293657 0)
(8.1735409e-10 -0.0056293658 0)
(7.4815074e-10 -0.0049176448 0)
(8.4788052e-10 -0.0035044887 0)
(-2.1864084e-11 -0.0013992651 0)
(-1.0006253e-10 -0.0013992648 0)
(-4.5490431e-10 -0.0035044882 0)
(-1.175229e-09 -0.0049176445 0)
(-1.2978191e-10 -0.0056293659 0)
(1.894836e-10 -0.005629366 0)
(1.2283898e-09 -0.0049176447 0)
(5.0465552e-10 -0.0035044884 0)
(1.121635e-10 -0.0013992648 0)
(3.9469608e-11 -0.0013992645 0)
(-7.7826708e-10 -0.0035044878 0)
(-6.5392426e-10 -0.0049176444 0)
(-7.3509343e-10 -0.0056293662 0)
(7.9279194e-10 -0.0056293663 0)
(7.1873399e-10 -0.0049176446 0)
(8.1768916e-10 -0.003504488 0)
(-2.0737003e-11 -0.0013992646 0)
(-9.697516e-11 -0.0013992643 0)
(-4.3537479e-10 -0.0035044875 0)
(-1.1321535e-09 -0.0049176443 0)
(-1.1799587e-10 -0.0056293664 0)
(1.7975635e-10 -0.0056293665 0)
(1.1856553e-09 -0.0049176446 0)
(4.8485349e-10 -0.0035044877 0)
(1.08355e-10 -0.0013992644 0)
(3.8054205e-11 -0.0013992641 0)
(-7.4946673e-10 -0.0035044872 0)
(-6.237294e-10 -0.0049176443 0)
(-7.0926717e-10 -0.0056293666 0)
(7.6862182e-10 -0.0056293667 0)
(6.8924164e-10 -0.0049176445 0)
(7.8795854e-10 -0.0035044874 0)
(-1.9746694e-11 -0.0013992642 0)
(-9.4029385e-11 -0.0013992639 0)
(-4.1598908e-10 -0.0035044868 0)
(-1.0900303e-09 -0.0049176442 0)
(-1.0627277e-10 -0.0056293669 0)
(1.6968786e-10 -0.005629367 0)
(1.1435848e-09 -0.0049176444 0)
(4.6503011e-10 -0.0035044871 0)
(1.0466304e-10 -0.001399264 0)
(3.6739918e-11 -0.0013992637 0)
(-7.2135428e-10 -0.0035044865 0)
(-5.9388464e-10 -0.0049176441 0)
(-6.8428888e-10 -0.0056293671 0)
(7.4488554e-10 -0.0056293672 0)
(6.5978861e-10 -0.0049176444 0)
(7.5877377e-10 -0.0035044868 0)
(-1.8887647e-11 -0.0013992638 0)
(-9.1220096e-11 -0.0013992635 0)
(-3.9682229e-10 -0.0035044862 0)
(-1.0489779e-09 -0.0049176441 0)
(-9.4687935e-11 -0.0056293673 0)
(1.5932404e-10 -0.0056293674 0)
(1.1022873e-09 -0.0049176443 0)
(4.4526839e-10 -0.0035044865 0)
(1.0109213e-10 -0.0013992636 0)
(3.5528773e-11 -0.0013992633 0)
(-6.939931e-10 -0.0035044859 0)
(-5.6450453e-10 -0.004917644 0)
(-6.6021889e-10 -0.0056293675 0)
(7.2162394e-10 -0.0056293676 0)
(6.3048375e-10 -0.0049176442 0)
(7.3020925e-10 -0.0035044862 0)
(-1.8153565e-11 -0.0013992634 0)
(-8.8541711e-11 -0.0013992631 0)
(-3.7793959e-10 -0.0035044857 0)
(-1.0090913e-09 -0.004917644 0)
(-8.3302861e-11 -0.0056293678 0)
(1.4871459e-10 -0.0056293679 0)
(1.0618583e-09 -0.0049176442 0)
(4.2564426e-10 -0.0035044859 0)
(9.7645407e-11 -0.0013992632 0)
(3.4421566e-11 -0.0013992629 0)
(-6.67433e-10 -0.0035044854 0)
(-5.3568532e-10 -0.0049176439 0)
(-6.3709911e-10 -0.005629368 0)
(6.9887488e-10 -0.0056293681 0)
(6.0142731e-10 -0.0049176441 0)
(7.0232787e-10 -0.0035044856 0)
(-1.7537713e-11 -0.001399263 0)
(-8.598856e-11 -0.0013992627 0)
(-3.5939601e-10 -0.0035044851 0)
(-9.7044309e-10 -0.0049176438 0)
(-7.2166296e-11 -0.0056293682 0)
(1.3791071e-10 -0.0056293683 0)
(1.0223798e-09 -0.0049176441 0)
(4.0622541e-10 -0.0035044853 0)
(9.4324799e-11 -0.0013992628 0)
(3.3417771e-11 -0.0013992626 0)
(-6.4171087e-10 -0.0035044848 0)
(-5.0750509e-10 -0.0049176438 0)
(-6.1495426e-10 -0.0056293684 0)
(6.7667217e-10 -0.0056293685 0)
(5.7270941e-10 -0.004917644 0)
(6.751808e-10 -0.003504485 0)
(-1.7033032e-11 -0.0013992626 0)
(-8.3554706e-11 -0.0013992624 0)
(-3.412363e-10 -0.0035044846 0)
(-9.3308422e-10 -0.0049176437 0)
(-6.1315076e-11 -0.0056293686 0)
(1.2696366e-10 -0.0056293687 0)
(9.8391868e-10 -0.004917644 0)
(3.8707109e-10 -0.0035044848 0)
(9.1131018e-11 -0.0013992625 0)
(3.2516009e-11 -0.0013992622 0)
(-6.1685078e-10 -0.0035044843 0)
(-4.8002435e-10 -0.0049176437 0)
(-5.9379386e-10 -0.0056293688 0)
(6.5504521e-10 -0.0056293689 0)
(5.4440933e-10 -0.0049176439 0)
(6.4880806e-10 -0.0035044845 0)
(-1.6632173e-11 -0.0013992623 0)
(-8.1234183e-11 -0.001399262 0)
(-3.2349515e-10 -0.0035044841 0)
(-8.9704564e-10 -0.0049176437 0)
(-5.0774509e-11 -0.005629369 0)
(1.1592361e-10 -0.0056293691 0)
(9.4652837e-10 -0.0049176439 0)
(3.6823204e-10 -0.0035044843 0)
(8.8063846e-11 -0.0013992621 0)
(3.1713967e-11 -0.0013992619 0)
(-5.9286552e-10 -0.0035044838 0)
(-4.5328681e-10 -0.0049176436 0)
(-5.7361345e-10 -0.0056293692 0)
(6.3401897e-10 -0.0056293693 0)
(5.1659555e-10 -0.0049176438 0)
(6.2323911e-10 -0.003504484 0)
(-1.6327857e-11 -0.001399262 0)
(-7.9021046e-11 -0.0013992617 0)
(-3.0619794e-10 -0.0035044836 0)
(-8.6233997e-10 -0.0049176436 0)
(-4.0559725e-11 -0.0056293694 0)
(1.0483912e-10 -0.0056293694 0)
(9.1024879e-10 -0.0049176438 0)
(3.4975055e-10 -0.0035044838 0)
(8.5122103e-11 -0.0013992618 0)
(3.100875e-11 -0.0013992616 0)
(-5.6975729e-10 -0.0035044834 0)
(-4.2732089e-10 -0.0049176435 0)
(-5.5439667e-10 -0.0056293695 0)
(6.1361404e-10 -0.0056293696 0)
(4.8932581e-10 -0.0049176437 0)
(5.9849364e-10 -0.0035044836 0)
(-1.6112804e-11 -0.0013992617 0)
(-7.6909485e-11 -0.0013992614 0)
(-2.8936128e-10 -0.0035044831 0)
(-8.2896387e-10 -0.0049176435 0)
(-3.0676578e-11 -0.0056293697 0)
(9.3756114e-11 -0.0056293698 0)
(8.7510752e-10 -0.0049176437 0)
(3.3166109e-10 -0.0035044833 0)
(8.2303909e-11 -0.0013992615 0)
(3.0396834e-11 -0.0013992613 0)
(-5.4751958e-10 -0.0035044829 0)
(-4.021414e-10 -0.0049176435 0)
(-5.3611711e-10 -0.0056293699 0)
(5.9384658e-10 -0.00562937 0)
(4.6264727e-10 -0.0049176437 0)
(5.7458242e-10 -0.0035044831 0)
(-1.5979809e-11 -0.0013992614 0)
(-7.4893746e-11 -0.0013992611 0)
(-2.7299451e-10 -0.0035044827 0)
(-7.9690013e-10 -0.0049176434 0)
(-2.1123267e-11 -0.0056293701 0)
(8.2717367e-11 -0.0056293701 0)
(8.4112066e-10 -0.0049176436 0)
(3.1399038e-10 -0.0035044829 0)
(7.9606773e-11 -0.0013992612 0)
(2.9874357e-11 -0.001399261 0)
(-5.2613797e-10 -0.0035044825 0)
(-3.7775131e-10 -0.0049176434 0)
(-5.1874056e-10 -0.0056293702 0)
(5.7472813e-10 -0.0056293703 0)
(4.3659722e-10 -0.0049176436 0)
(5.5150817e-10 -0.0035044827 0)
(-1.592209e-11 -0.0013992611 0)
(-7.2968309e-11 -0.0013992609 0)
(-2.5710014e-10 -0.0035044823 0)
(-7.6612011e-10 -0.0049176434 0)
(-1.1891964e-11 -0.0056293704 0)
(7.1762025e-11 -0.0056293705 0)
(8.0829394e-10 -0.0049176435 0)
(2.9675819e-10 -0.0035044825 0)
(7.7027472e-11 -0.0013992609 0)
(2.943709e-11 -0.0013992607 0)
(-5.0559187e-10 -0.0035044821 0)
(-3.5414393e-10 -0.0049176433 0)
(-5.0222684e-10 -0.0056293706 0)
(5.5626585e-10 -0.0056293706 0)
(4.1120363e-10 -0.0049176435 0)
(5.2926644e-10 -0.0035044823 0)
(-1.5933095e-11 -0.0013992608 0)
(-7.1127852e-11 -0.0013992606 0)
(-2.4167534e-10 -0.0035044819 0)
(-7.3658627e-10 -0.0049176433 0)
(-2.9702793e-12 -0.0056293707 0)
(6.0925134e-11 -0.0056293708 0)
(7.7662364e-10 -0.0049176435 0)
(2.7997808e-10 -0.0035044821 0)
(7.456247e-11 -0.0013992607 0)
(2.9080536e-11 -0.0013992605 0)
(-4.8585565e-10 -0.0035044817 0)
(-3.3130489e-10 -0.0049176433 0)
(-4.865318e-10 -0.0056293709 0)
(5.3846217e-10 -0.0056293709 0)
(3.8648597e-10 -0.0049176434 0)
(5.0784691e-10 -0.0035044819 0)
(-1.6006537e-11 -0.0013992605 0)
(-6.9367261e-11 -0.0013992603 0)
(-2.2671301e-10 -0.0035044816 0)
(-7.082543e-10 -0.0049176432 0)
(5.6571744e-12 -0.005629371 0)
(5.0237421e-11 -0.0056293711 0)
(7.4609793e-10 -0.0049176434 0)
(2.6365822e-10 -0.0035044817 0)
(7.2207879e-11 -0.0013992604 0)
(2.8800063e-11 -0.0013992602 0)
(-4.6690036e-10 -0.0035044814 0)
(-3.0921385e-10 -0.0049176432 0)
(-4.7160896e-10 -0.0056293712 0)
(5.2131545e-10 -0.0056293712 0)
(3.6245604e-10 -0.0049176434 0)
(4.872341e-10 -0.0035044815 0)
(-1.6136511e-11 -0.0013992603 0)
(-6.7681685e-11 -0.0013992601 0)
(-2.1220284e-10 -0.0035044812 0)
(-6.8107516e-10 -0.0049176432 0)
(1.4007874e-11 -0.0056293713 0)
(3.9725201e-11 -0.0056293714 0)
(7.1669788e-10 -0.0049176433 0)
(2.4780163e-10 -0.0035044814 0)
(6.9959492e-11 -0.0013992602 0)
(2.8590922e-11 -0.00139926 0)
(-4.486944e-10 -0.003504481 0)
(-2.8784646e-10 -0.0049176432 0)
(-4.5741083e-10 -0.0056293715 0)
(5.0481998e-10 -0.0056293715 0)
(3.3911876e-10 -0.0049176433 0)
(4.6740817e-10 -0.0035044812 0)
(-1.6317485e-11 -0.0013992601 0)
(-6.6066605e-11 -0.0013992599 0)
(-1.9813211e-10 -0.0035044809 0)
(-6.549969e-10 -0.0049176431 0)
(2.2099832e-11 -0.0056293716 0)
(2.9410456e-11 -0.0056293717 0)
(6.8839874e-10 -0.0049176433 0)
(2.3240736e-10 -0.003504481 0)
(6.7812836e-11 -0.00139926 0)
(2.8448305e-11 -0.0013992598 0)
(-4.3120468e-10 -0.0035044807 0)
(-2.671755e-10 -0.0049176431 0)
(-4.438904e-10 -0.0056293717 0)
(4.8896628e-10 -0.0056293718 0)
(3.1647326e-10 -0.0049176433 0)
(4.4834597e-10 -0.0035044809 0)
(-1.6544301e-11 -0.0013992598 0)
(-6.4517713e-11 -0.0013992597 0)
(-1.8448647e-10 -0.0035044806 0)
(-6.2996604e-10 -0.0049176431 0)
(2.9951194e-11 -0.0056293719 0)
(1.9310902e-11 -0.0056293719 0)
(6.6117092e-10 -0.0049176432 0)
(2.1747103e-10 -0.0035044807 0)
(6.5763362e-11 -0.0013992597 0)
(2.8367472e-11 -0.0013992596 0)
(-4.1439752e-10 -0.0035044804 0)
(-2.4717219e-10 -0.0049176431 0)
(-4.3100158e-10 -0.005629372 0)
(4.7374158e-10 -0.0056293721 0)
(2.9451384e-10 -0.0049176432 0)
(4.3002199e-10 -0.0035044806 0)
(-1.6812142e-11 -0.0013992596 0)
(-6.303098e-11 -0.0013992595 0)
(-1.7125074e-10 -0.0035044803 0)
(-6.0592892e-10 -0.0049176431 0)
(3.7579332e-11 -0.0056293721 0)
(9.4404462e-12 -0.0056293722 0)
(6.3498124e-10 -0.0049176432 0)
(2.029857e-10 -0.0035044804 0)
(6.3806448e-11 -0.0013992595 0)
(2.8343631e-11 -0.0013992594 0)
(-3.9823922e-10 -0.0035044801 0)
(-2.2780736e-10 -0.004917643 0)
(-4.187003e-10 -0.0056293723 0)
(4.591304e-10 -0.0056293723 0)
(2.7323071e-10 -0.0049176432 0)
(4.1240883e-10 -0.0035044803 0)
(-1.7116541e-11 -0.0013992594 0)
(-6.160261e-11 -0.0013992593 0)
(-1.5840927e-10 -0.00350448 0)
(-5.8283272e-10 -0.004917643 0)
(4.5000372e-11 -0.0056293724 0)
(-1.9044397e-13 -0.0056293724 0)
(6.0979365e-10 -0.0049176431 0)
(1.8894217e-10 -0.0035044801 0)
(6.1937395e-11 -0.0013992593 0)
(2.8372235e-11 -0.0013992592 0)
(-3.8269664e-10 -0.0035044798 0)
(-2.0905216e-10 -0.004917643 0)
(-4.0694486e-10 -0.0056293725 0)
(4.4511476e-10 -0.0056293725 0)
(2.5261103e-10 -0.0049176431 0)
(3.9547798e-10 -0.00350448 0)
(-1.7453334e-11 -0.0013992592 0)
(-6.0229061e-11 -0.0013992591 0)
(-1.4594667e-10 -0.0035044797 0)
(-5.6062618e-10 -0.004917643 0)
(5.2228829e-11 -0.0056293726 0)
(-9.5745486e-12 -0.0056293727 0)
(5.8557036e-10 -0.0049176431 0)
(1.7532972e-10 -0.0035044798 0)
(6.01516e-11 -0.0013992592 0)
(2.844869e-11 -0.001399259 0)
(-3.6773768e-10 -0.0035044796 0)
(-1.9087883e-10 -0.004917643 0)
(-3.9569616e-10 -0.0056293727 0)
(4.3167488e-10 -0.0056293728 0)
(2.3263954e-10 -0.0049176431 0)
(3.7920037e-10 -0.0035044797 0)
(-1.7818631e-11 -0.0013992591 0)
(-5.8906993e-11 -0.0013992589 0)
(-1.3384799e-10 -0.0035044795 0)
(-5.3926021e-10 -0.0049176429 0)
(5.9277597e-11 -0.0056293728 0)
(-1.8707225e-11 -0.0056293729 0)
(5.6227259e-10 -0.0049176431 0)
(1.6213666e-10 -0.0035044796 0)
(5.8444539e-11 -0.001399259 0)
(2.8568586e-11 -0.0013992588 0)
(-3.533317e-10 -0.0035044793 0)
(-1.7326093e-10 -0.0049176429 0)
(-3.8491802e-10 -0.0056293729 0)
(4.1878968e-10 -0.005629373 0)
(2.1329966e-10 -0.0049176431 0)
(3.6354695e-10 -0.0035044795 0)
(-1.8208829e-11 -0.0013992589 0)
(-5.7633344e-11 -0.0013992588 0)
(-1.220991e-10 -0.0035044792 0)
(-5.1868831e-10 -0.0049176429 0)
(6.615754e-11 -0.005629373 0)
(-2.7585837e-11 -0.0056293731 0)
(5.3986125e-10 -0.004917643 0)
(1.4935094e-10 -0.0035044793 0)
(5.6811732e-11 -0.0013992588 0)
(2.8727589e-11 -0.0013992587 0)
(-3.3944949e-10 -0.0035044791 0)
(-1.5617403e-10 -0.0049176429 0)
(-3.7457703e-10 -0.0056293731 0)
(4.0643704e-10 -0.0056293732 0)
(1.9457364e-10 -0.004917643 0)
(3.4848911e-10 -0.0035044792 0)
(-1.8620492e-11 -0.0013992587 0)
(-5.6405077e-11 -0.0013992586 0)
(-1.1068672e-10 -0.003504479 0)
(-4.9886688e-10 -0.0049176429 0)
(7.287764e-11 -0.0056293732 0)
(-3.6209679e-11 -0.0056293733 0)
(5.1829758e-10 -0.004917643 0)
(1.3696019e-10 -0.0035044791 0)
(5.5248843e-11 -0.0013992587 0)
(2.8921633e-11 -0.0013992585 0)
(-3.2606355e-10 -0.0035044789 0)
(-1.3959575e-10 -0.0049176429 0)
(-3.6464286e-10 -0.0056293733 0)
(3.945943e-10 -0.0056293734 0)
(1.7644363e-10 -0.004917643 0)
(3.339989e-10 -0.003504479 0)
(-1.9050455e-11 -0.0013992586 0)
(-5.5219493e-11 -0.0013992585 0)
(-9.9598863e-11 -0.0035044788 0)
(-4.7975531e-10 -0.0049176429 0)
(7.9445025e-11 -0.0056293734 0)
(-4.4579305e-11 -0.0056293735 0)
(4.9754363e-10 -0.004917643 0)
(1.249523e-10 -0.0035044789 0)
(5.3751659e-11 -0.0013992585 0)
(2.9146739e-11 -0.0013992584 0)
(-3.1314837e-10 -0.0035044787 0)
(-1.2350596e-10 -0.0049176428 0)
(-3.5508779e-10 -0.0056293735 0)
(3.832386e-10 -0.0056293736 0)
(1.5889188e-10 -0.004917643 0)
(3.2004949e-10 -0.0035044788 0)
(-1.9495782e-11 -0.0013992584 0)
(-5.4073898e-11 -0.0013992583 0)
(-8.8824742e-11 -0.0035044786 0)
(-4.6131619e-10 -0.0049176428 0)
(8.5865025e-11 -0.0056293736 0)
(-5.2696186e-11 -0.0056293737 0)
(4.7756281e-10 -0.0049176429 0)
(1.1331568e-10 -0.0035044787 0)
(5.2316065e-11 -0.0013992584 0)
(2.9399029e-11 -0.0013992583 0)
(-3.0068043e-10 -0.0035044785 0)
(-1.078869e-10 -0.0049176428 0)
(-3.4588674e-10 -0.0056293737 0)
(3.7234739e-10 -0.0056293737 0)
(1.4190151e-10 -0.0049176429 0)
(3.0661522e-10 -0.0035044786 0)
(-1.9953609e-11 -0.0013992583 0)
(-5.2965889e-11 -0.0013992582 0)
(-7.8355041e-11 -0.0035044784 0)
(-4.4351525e-10 -0.0049176428 0)
(9.2141324e-11 -0.0056293738 0)
(-6.0562179e-11 -0.0056293738 0)
(4.583202e-10 -0.0049176429 0)
(1.0203949e-10 -0.0035044785 0)
(5.093824e-11 -0.0013992582 0)
(2.9674821e-11 -0.0013992581 0)
(-2.8863799e-10 -0.0035044783 0)
(-9.2723327e-11 -0.0049176428 0)
(-3.3701714e-10 -0.0056293739 0)
(3.6189868e-10 -0.0056293739 0)
(1.2545643e-10 -0.0049176429 0)
(2.9367208e-10 -0.0035044784 0)
(-2.0421173e-11 -0.0013992582 0)
(-5.1893005e-11 -0.0013992581 0)
(-6.818158e-11 -0.0035044782 0)
(-4.2632144e-10 -0.0049176428 0)
(9.8275956e-11 -0.0056293739 0)
(-6.8179493e-11 -0.005629374 0)
(4.3978287e-10 -0.0049176429 0)
(9.1113841e-11 -0.0035044783 0)
(4.9614444e-11 -0.0013992581 0)
(2.9970522e-11 -0.001399258 0)
(-2.770013e-10 -0.0035044781 0)
(-7.8002167e-11 -0.0049176428 0)
(-3.2845886e-10 -0.005629374 0)
(3.5187101e-10 -0.005629374 0)
(1.0954212e-10 -0.0049176429 0)
(2.8119765e-10 -0.0035044782 0)
(-2.0895887e-11 -0.0013992581 0)
(-5.0853258e-11 -0.001399258 0)
(-5.8297927e-11 -0.0035044781 0)
(-4.0970667e-10 -0.0049176428 0)
(1.0426952e-10 -0.0056293741 0)
(-7.555024e-11 -0.0056293741 0)
(4.2192021e-10 -0.0049176429 0)
(8.0530075e-11 -0.0035044781 0)
(4.8341174e-11 -0.001399258 0)
(3.0282615e-11 -0.0013992579 0)
(-2.6575273e-10 -0.003504478 0)
(-6.371308e-11 -0.0049176428 0)
(-3.2019385e-10 -0.0056293742 0)
(3.422442e-10 -0.0056293742 0)
(9.414573e-11 -0.0049176428 0)
(2.6917129e-10 -0.0035044781 0)
(-2.1375154e-11 -0.0013992579 0)
(-4.9844386e-11 -0.0013992578 0)
(-4.8698921e-11 -0.0035044779 0)
(-3.9364626e-10 -0.0049176427 0)
(1.1012129e-10 -0.0056293742 0)
(-8.2676106e-11 -0.0056293743 0)
(4.0470414e-10 -0.0049176428 0)
(7.0280719e-11 -0.003504478 0)
(4.7115117e-11 -0.0013992579 0)
(3.060788e-11 -0.0013992578 0)
(-2.5487662e-10 -0.0035044778 0)
(-4.9847965e-11 -0.0049176427 0)
(-3.1220606e-10 -0.0056293743 0)
(3.3299924e-10 -0.0056293743 0)
(7.9256252e-11 -0.0049176428 0)
(2.5757428e-10 -0.0035044779 0)
(-2.1856507e-11 -0.0013992578 0)
(-4.8864562e-11 -0.0013992577 0)
(-3.9380884e-11 -0.0035044778 0)
(-3.7811839e-10 -0.0049176427 0)
(1.1582937e-10 -0.0056293744 0)
(-8.9558233e-11 -0.0056293744 0)
(3.8810928e-10 -0.0049176428 0)
(6.035978e-11 -0.0035044778 0)
(4.5933114e-11 -0.0013992578 0)
(3.0942944e-11 -0.0013992577 0)
(-2.4435919e-10 -0.0035044777 0)
(-3.640106e-11 -0.0049176427 0)
(-3.044814e-10 -0.0056293744 0)
(3.2411842e-10 -0.0056293744 0)
(6.4864932e-11 -0.0049176428 0)
(2.4638993e-10 -0.0035044778 0)
(-2.2337535e-11 -0.0013992577 0)
(-4.7911928e-11 -0.0013992577 0)
(-3.0341748e-11 -0.0035044776 0)
(-3.6310422e-10 -0.0049176427 0)
(1.2139072e-10 -0.0056293745 0)
(-9.619708e-11 -0.0056293745 0)
(3.7211316e-10 -0.0049176428 0)
(5.0762773e-11 -0.0035044777 0)
(4.4792337e-11 -0.0013992577 0)
(3.1284758e-11 -0.0013992576 0)
(-2.3418872e-10 -0.0035044775 0)
(-2.3369131e-11 -0.0049176427 0)
(-2.9700749e-10 -0.0056293745 0)
(3.1558575e-10 -0.0056293746 0)
(5.0965159e-11 -0.0049176428 0)
(2.3560363e-10 -0.0035044776 0)
(-2.2815732e-11 -0.0013992576 0)
(-4.6984842e-11 -0.0013992576 0)
(-2.158091e-11 -0.0035044775 0)
(-3.4858795e-10 -0.0049176427 0)
(1.2680124e-10 -0.0056293746 0)
(-1.0259204e-10 -0.0056293746 0)
(3.5669618e-10 -0.0049176428 0)
(4.1486937e-11 -0.0035044776 0)
(4.3690151e-11 -0.0013992576 0)
(3.1630164e-11 -0.0013992575 0)
(-2.243554e-10 -0.0035044774 0)
(-1.0751065e-11 -0.0049176427 0)
(-2.897737e-10 -0.0056293746 0)
(3.0738679e-10 -0.0056293747 0)
(3.7552764e-11 -0.0049176428 0)
(2.2520289e-10 -0.0035044775 0)
(-2.328863e-11 -0.0013992575 0)
(-4.6081747e-11 -0.0013992575 0)
(-1.3099191e-11 -0.0035044774 0)
(-3.3455657e-10 -0.0049176427 0)
(1.3205592e-10 -0.0056293747 0)
(-1.0874164e-10 -0.0056293747 0)
(3.4184197e-10 -0.0049176427 0)
(3.2530894e-11 -0.0035044774 0)
(4.2624015e-11 -0.0013992575 0)
(3.1976183e-11 -0.0013992574 0)
(-2.148514e-10 -0.0035044773 0)
(1.4517716e-12 -0.0049176427 0)
(-2.8277089e-10 -0.0056293747 0)
(2.9950885e-10 -0.0056293748 0)
(2.4626097e-11 -0.0049176427 0)
(2.151773e-10 -0.0035044774 0)
(-2.3753894e-11 -0.0013992575 0)
(-4.5201301e-11 -0.0013992574 0)
(-4.8990242e-12 -0.0035044772 0)
(-3.2100026e-10 -0.0049176427 0)
(1.3714879e-10 -0.0056293748 0)
(-1.1464326e-10 -0.0056293748 0)
(3.2753709e-10 -0.0049176427 0)
(2.3895279e-11 -0.0035044773 0)
(4.159179e-11 -0.0013992574 0)
(3.2319884e-11 -0.0013992574 0)
(-2.0567084e-10 -0.0035044772 0)
(1.3235683e-11 -0.0049176427 0)
(-2.7599172e-10 -0.0056293748 0)
(2.91941e-10 -0.0056293749 0)
(1.2185949e-11 -0.0049176427 0)
(2.0551874e-10 -0.0035044773 0)
(-2.4209053e-11 -0.0013992574 0)
(-4.4342254e-11 -0.0013992573 0)
(3.0157198e-12 -0.0035044771 0)
(-3.0791181e-10 -0.0049176426 0)
(1.4207297e-10 -0.0056293749 0)
(-1.2029335e-10 -0.0056293749 0)
(3.1377138e-10 -0.0049176427 0)
(1.5582101e-11 -0.0035044772 0)
(4.0591484e-11 -0.0013992574 0)
(3.2658298e-11 -0.0013992573 0)
(-1.9680985e-10 -0.0035044771 0)
(2.4594908e-11 -0.0049176426 0)
(-2.6943032e-10 -0.0056293749 0)
(2.8467412e-10 -0.0056293749 0)
(2.3548324e-13 -0.0049176427 0)
(1.9622118e-10 -0.0035044772 0)
(-2.4651668e-11 -0.0013992573 0)
(-4.3503681e-11 -0.0013992573 0)
(1.0639662e-11 -0.003504477 0)
(-2.9528709e-10 -0.0049176426 0)
(1.4682077e-10 -0.005629375 0)
(-1.2568728e-10 -0.005629375 0)
(3.0053765e-10 -0.0049176427 0)
(7.5952113e-12 -0.0035044771 0)
(3.9621418e-11 -0.0013992573 0)
(3.2988614e-11 -0.0013992572 0)
(-1.8826657e-10 -0.003504477 0)
(3.5521403e-11 -0.0049176426 0)
(-2.6308256e-10 -0.005629375 0)
(2.7770069e-10 -0.005629375 0)
(-1.1219814e-11 -0.0049176427 0)
(1.8728078e-10 -0.0035044771 0)
(-2.5079271e-11 -0.0013992573 0)
(-4.2684649e-11 -0.0013992572 0)
(1.7965958e-11 -0.003504477 0)
(-2.8312472e-10 -0.0049176426 0)
(1.5138356e-10 -0.005629375 0)
(-1.3081974e-10 -0.0056293751 0)
(2.8783155e-10 -0.0049176427 0)
(-6.0109959e-14 -0.003504477 0)
(3.8679999e-11 -0.0013992572 0)
(3.3308025e-11 -0.0013992572 0)
(-1.8004095e-10 -0.0035044769 0)
(4.6004862e-11 -0.0049176426 0)
(-2.569459e-10 -0.0056293751 0)
(2.7101469e-10 -0.0056293751 0)
(-2.2172372e-11 -0.0049176427 0)
(1.786955e-10 -0.003504477 0)
(-2.5489581e-11 -0.0013992572 0)
(-4.1884549e-11 -0.0013992571 0)
(2.4986422e-11 -0.0035044769 0)
(-2.7142617e-10 -0.0049176426 0)
(1.5575179e-10 -0.0056293751 0)
(-1.3568485e-10 -0.0056293751 0)
(2.7565145e-10 -0.0049176426 0)
(-7.3772803e-12 -0.0035044769 0)
(3.7766022e-11 -0.0013992572 0)
(3.3613878e-11 -0.0013992571 0)
(-1.7213489e-10 -0.0035044768 0)
(5.6033108e-11 -0.0049176426 0)
(-2.5101981e-10 -0.0056293751 0)
(2.646114e-10 -0.0056293751 0)
(-3.2612985e-11 -0.0049176426 0)
(1.7046528e-10 -0.0035044769 0)
(-2.588018e-11 -0.0013992571 0)
(-4.1102817e-11 -0.0013992571 0)
(3.1691731e-11 -0.0035044768 0)
(-2.6019581e-10 -0.0049176426 0)
(1.5991493e-10 -0.0056293752 0)
(-1.4027647e-10 -0.0056293752 0)
(2.6399806e-10 -0.0049176426 0)
(-1.4348613e-11 -0.0035044768 0)
(3.6878553e-11 -0.0013992571 0)
(3.3903559e-11 -0.0013992571 0)
(-1.6455204e-10 -0.0035044768 0)
(6.559187e-11 -0.0049176426 0)
(-2.4530562e-10 -0.0056293752 0)
(2.5848706e-10 -0.0056293752 0)
(-4.2531129e-11 -0.0049176426 0)
(1.6259171e-10 -0.0035044768 0)
(-2.6248686e-11 -0.0013992571 0)
(-4.0339258e-11 -0.001399257 0)
(3.8071327e-11 -0.0035044767 0)
(-2.4944072e-10 -0.0049176426 0)
(1.6386137e-10 -0.0056293752 0)
(-1.445888e-10 -0.0056293752 0)
(2.5287394e-10 -0.0049176426 0)
(-2.0965454e-11 -0.0035044768 0)
(3.6016802e-11 -0.0013992571 0)
(3.4174594e-11 -0.001399257 0)
(-1.5729782e-10 -0.0035044767 0)
(7.466524e-11 -0.0049176426 0)
(-2.3980699e-10 -0.0056293752 0)
(2.5263852e-10 -0.0056293753 0)
(-5.1915703e-11 -0.0049176426 0)
(1.5507769e-10 -0.0035044767 0)
(-2.6592915e-11 -0.001399257 0)
(-3.9593753e-11 -0.001399257 0)
(4.4113821e-11 -0.0035044767 0)
(-2.3917067e-10 -0.0049176426 0)
(1.6757839e-10 -0.0056293753 0)
(-1.4861687e-10 -0.0056293753 0)
(2.4228306e-10 -0.0049176426 0)
(-2.7218956e-11 -0.0035044767 0)
(3.5180301e-11 -0.001399257 0)
(3.4424604e-11 -0.001399257 0)
(-1.5037922e-10 -0.0035044766 0)
(8.3235686e-11 -0.0049176425 0)
(-2.3452991e-10 -0.0056293753 0)
(2.470626e-10 -0.0056293753 0)
(-6.0755652e-11 -0.0049176426 0)
(1.4792706e-10 -0.0035044767 0)
(-2.6910776e-11 -0.001399257 0)
(-3.8866555e-11 -0.001399257 0)
(4.980703e-11 -0.0035044766 0)
(-2.2939787e-10 -0.0049176425 0)
(1.7105201e-10 -0.0056293753 0)
(-1.523573e-10 -0.0056293753 0)
(2.3222985e-10 -0.0049176426 0)
(-3.3100169e-11 -0.0035044766 0)
(3.4368803e-11 -0.001399257 0)
(3.4651401e-11 -0.0013992569 0)
(-1.4380467e-10 -0.0035044766 0)
(9.1284583e-11 -0.0049176425 0)
(-2.2948305e-10 -0.0056293753 0)
(2.4175551e-10 -0.0056293753 0)
(-6.9040989e-11 -0.0049176426 0)
(1.4114426e-10 -0.0035044766 0)
(-2.7200423e-11 -0.001399257 0)
(-3.8158034e-11 -0.0013992569 0)
(5.5138503e-11 -0.0035044765 0)
(-2.2013695e-10 -0.0049176425 0)
(1.74267e-10 -0.0056293753 0)
(-1.5580916e-10 -0.0056293753 0)
(2.2271857e-10 -0.0049176426 0)
(-3.860102e-11 -0.0035044766 0)
(3.3582182e-11 -0.0013992569 0)
(3.4853051e-11 -0.0013992569 0)
(-1.3758372e-10 -0.0035044765 0)
(9.8792245e-11 -0.0049176425 0)
(-2.2467799e-10 -0.0056293753 0)
(2.3671229e-10 -0.0056293754 0)
(-7.6763848e-11 -0.0049176426 0)
(1.3473346e-10 -0.0035044766 0)
(-2.7460284e-11 -0.0013992569 0)
(-3.7468792e-11 -0.0013992569 0)
(6.0095694e-11 -0.0035044765 0)
(-2.1140459e-10 -0.0049176425 0)
(1.7720662e-10 -0.0056293754 0)
(-1.5897472e-10 -0.0056293754 0)
(2.1375219e-10 -0.0049176425 0)
(-4.3714829e-11 -0.0035044765 0)
(3.2820533e-11 -0.0013992569 0)
(3.5027812e-11 -0.0013992569 0)
(-1.3172683e-10 -0.0035044765 0)
(1.0573856e-10 -0.0049176425 0)
(-2.2012939e-10 -0.0056293754 0)
(2.3192569e-10 -0.0056293754 0)
(-8.3919641e-11 -0.0049176425 0)
(1.2869837e-10 -0.0035044765 0)
(-2.7689089e-11 -0.0013992569 0)
(-3.6799706e-11 -0.0013992569 0)
(6.4666434e-11 -0.0035044764 0)
(-2.032192e-10 -0.0049176425 0)
(1.7985259e-10 -0.0056293754 0)
(-1.618606e-10 -0.0056293754 0)
(2.0533135e-10 -0.0049176425 0)
(-4.8437051e-11 -0.0035044765 0)
(3.2084147e-11 -0.0013992569 0)
(3.5174317e-11 -0.0013992568 0)
(-1.2624502e-10 -0.0035044764 0)
(1.1210356e-10 -0.0049176425 0)
(-2.1585534e-10 -0.0056293754 0)
(2.2738568e-10 -0.0056293754 0)
(-9.0508404e-11 -0.0049176425 0)
(1.2304111e-10 -0.0035044765 0)
(-2.7886106e-11 -0.0013992569 0)
(-3.6151868e-11 -0.0013992568 0)
(6.8839456e-11 -0.0035044764 0)
(-1.9560044e-10 -0.0049176425 0)
(1.8218541e-10 -0.0056293754 0)
(-1.6447875e-10 -0.0056293754 0)
(1.9745297e-10 -0.0049176425 0)
(-5.2766225e-11 -0.0035044764 0)
(3.1373372e-11 -0.0013992568 0)
(3.529148e-11 -0.0013992568 0)
(-1.2114943e-10 -0.0035044764 0)
(1.1786811e-10 -0.0049176425 0)
(-2.1187711e-10 -0.0056293754 0)
(2.2307837e-10 -0.0056293754 0)
(-9.6536161e-11 -0.0049176425 0)
(1.1776178e-10 -0.0035044764 0)
(-2.8050995e-11 -0.0013992568 0)
(-3.5526528e-11 -0.0013992568 0)
(7.2604998e-11 -0.0035044764 0)
(-1.8856846e-10 -0.0049176425 0)
(1.8418429e-10 -0.0056293754 0)
(-1.668473e-10 -0.0056293754 0)
(1.9010917e-10 -0.0049176425 0)
(-5.6704821e-11 -0.0035044764 0)
(3.0688658e-11 -0.0013992568 0)
(3.5378813e-11 -0.0013992568 0)
(-1.1645054e-10 -0.0035044764 0)
(1.2301485e-10 -0.0049176425 0)
(-2.0821921e-10 -0.0056293754 0)
(2.1898545e-10 -0.0056293754 0)
(-1.0201631e-10 -0.0049176425 0)
(1.1285732e-10 -0.0035044764 0)
(-2.8184108e-11 -0.0013992568 0)
(-3.4925144e-11 -0.0013992568 0)
(7.5955592e-11 -0.0035044763 0)
(-1.8214285e-10 -0.0049176425 0)
(1.8582776e-10 -0.0056293754 0)
(-1.689914e-10 -0.0056293754 0)
(1.8328605e-10 -0.0049176425 0)
(-6.0260132e-11 -0.0035044764 0)
(3.0030412e-11 -0.0013992568 0)
(3.5436148e-11 -0.0013992568 0)
(-1.1215771e-10 -0.0035044763 0)
(1.2752949e-10 -0.0049176424 0)
(-2.0490839e-10 -0.0056293754 0)
(2.1508343e-10 -0.0056293754 0)
(-1.0697082e-10 -0.0049176425 0)
(1.0832081e-10 -0.0035044763 0)
(-2.8286472e-11 -0.0013992568 0)
(-3.4349348e-11 -0.0013992568 0)
(7.888684e-11 -0.0035044763 0)
(-1.7634144e-10 -0.0049176424 0)
(1.8709468e-10 -0.0056293754 0)
(-1.7094345e-10 -0.0056293754 0)
(1.7696234e-10 -0.0049176425 0)
(-6.3445307e-11 -0.0035044763 0)
(2.9398887e-11 -0.0013992568 0)
(3.5463959e-11 -0.0013992568 0)
(-1.0827798e-10 -0.0035044763 0)
(1.3140252e-10 -0.0049176424 0)
(-2.0197308e-10 -0.0056293754 0)
(2.1134395e-10 -0.0056293754 0)
(-1.1143139e-10 -0.0049176424 0)
(1.0414057e-10 -0.0035044763 0)
(-2.8360015e-11 -0.0013992568 0)
(-3.3800853e-11 -0.0013992568 0)
(8.139885e-11 -0.0035044763 0)
(-1.7117832e-10 -0.0049176424 0)
(1.8796557e-10 -0.0056293754 0)
(-1.7274338e-10 -0.0056293754 0)
(1.7110884e-10 -0.0049176424 0)
(-6.6280065e-11 -0.0035044763 0)
(2.8794333e-11 -0.0013992568 0)
(3.5463396e-11 -0.0013992567 0)
(-1.0481466e-10 -0.0035044763 0)
(1.3463129e-10 -0.0049176424 0)
(-1.9944118e-10 -0.0056293754 0)
(2.0773359e-10 -0.0056293754 0)
(-1.1544018e-10 -0.0049176424 0)
(1.0029931e-10 -0.0035044763 0)
(-2.8407435e-11 -0.0013992567 0)
(-3.3281206e-11 -0.0013992567 0)
(8.3497726e-11 -0.0035044763 0)
(-1.6666101e-10 -0.0049176424 0)
(1.8842465e-10 -0.0056293754 0)
(-1.7443768e-10 -0.0056293754 0)
(1.6568717e-10 -0.0049176424 0)
(-6.8791445e-11 -0.0035044763 0)
(2.8216588e-11 -0.0013992567 0)
(3.5436416e-11 -0.0013992567 0)
(-1.0176555e-10 -0.0035044762 0)
(1.3722342e-10 -0.0049176424 0)
(-1.9733739e-10 -0.0056293754 0)
(2.0421509e-10 -0.0056293754 0)
(-1.1905034e-10 -0.0049176424 0)
(9.6773457e-11 -0.0035044762 0)
(-2.8432405e-11 -0.0013992567 0)
(-3.2791896e-11 -0.0013992567 0)
(8.5197457e-11 -0.0035044762 0)
(-1.6278688e-10 -0.0049176424 0)
(1.8846351e-10 -0.0056293754 0)
(-1.7607784e-10 -0.0056293754 0)
(1.6065008e-10 -0.0049176424 0)
(-7.1014402e-11 -0.0035044762 0)
(2.7665081e-11 -0.0013992567 0)
(3.5385939e-11 -0.0013992567 0)
(-9.9120954e-11 -0.0035044762 0)
(1.3920057e-10 -0.0049176424 0)
(-1.9567907e-10 -0.0056293754 0)
(2.007494e-10 -0.0056293754 0)
(-1.2232555e-10 -0.0049176424 0)
(9.3532531e-11 -0.0035044762 0)
(-2.8439585e-11 -0.0013992567 0)
(-3.2333795e-11 -0.0013992567 0)
(8.6522305e-11 -0.0035044762 0)
(-1.5953868e-10 -0.0049176424 0)
(1.8808535e-10 -0.0056293754 0)
(-1.7771746e-10 -0.0056293754 0)
(1.559417e-10 -0.0049176424 0)
(-7.2991953e-11 -0.0035044762 0)
(2.7138733e-11 -0.0013992567 0)
(3.5316072e-11 -0.0013992567 0)
(-9.6860097e-11 -0.0035044762 0)
(1.4060328e-10 -0.0049176424 0)
(-1.9447089e-10 -0.0056293754 0)
(1.9729895e-10 -0.0056293754 0)
(-1.2533853e-10 -0.0049176424 0)
(9.0538922e-11 -0.0035044762 0)
(-2.8434793e-11 -0.0013992567 0)
(-3.1907081e-11 -0.0013992567 0)
(8.7510154e-11 -0.0035044762 0)
(-1.568784e-10 -0.0049176424 0)
(1.8731084e-10 -0.0056293754 0)
(-1.7940775e-10 -0.0056293754 0)
(1.514991e-10 -0.0049176424 0)
(-7.4775006e-11 -0.0035044762 0)
(2.6635686e-11 -0.0013992567 0)
(3.5232483e-11 -0.0013992567 0)
(-9.4948237e-11 -0.0035044762 0)
(1.4149738e-10 -0.0049176423 0)
(-1.9369738e-10 -0.0056293754 0)
(1.9383229e-10 -0.0056293754 0)
(-1.2816893e-10 -0.0049176424 0)
(8.7747958e-11 -0.0035044762 0)
(-2.8424733e-11 -0.0013992567 0)
(-3.1510526e-11 -0.0013992567 0)
(8.8215979e-11 -0.0035044762 0)
(-1.5474043e-10 -0.0049176423 0)
(1.8618572e-10 -0.0056293754 0)
(-1.8119157e-10 -0.0056293754 0)
(1.4725497e-10 -0.0049176423 0)
(-7.6421535e-11 -0.0035044762 0)
(2.6153175e-11 -0.0013992567 0)
(3.5142866e-11 -0.0013992567 0)
(-9.3331834e-11 -0.0035044761 0)
(1.4198075e-10 -0.0049176423 0)
(-1.933147e-10 -0.0056293754 0)
(1.9033078e-10 -0.0056293754 0)
(-1.3089902e-10 -0.0049176423 0)
(8.5108926e-11 -0.0035044762 0)
(-2.8417191e-11 -0.0013992567 0)
(-3.1140912e-11 -0.0013992567 0)
(8.8715634e-11 -0.0035044761 0)
(-1.5302369e-10 -0.0049176423 0)
(1.8478894e-10 -0.0056293754 0)
(-1.8309492e-10 -0.0056293754 0)
(1.4314205e-10 -0.0049176423 0)
(-7.79946e-11 -0.0035044761 0)
(2.5687471e-11 -0.0013992567 0)
(3.5056971e-11 -0.0013992567 0)
(-9.1934772e-11 -0.0035044761 0)
(1.4219e-10 -0.0049176423 0)
(-1.9324075e-10 -0.0056293754 0)
(1.8679642e-10 -0.0056293754 0)
(-1.336072e-10 -0.0049176423 0)
(8.2566639e-11 -0.0035044761 0)
(-2.8420556e-11 -0.0013992567 0)
(-3.0792395e-11 -0.0013992567 0)
(8.9108972e-11 -0.0035044761 0)
(-1.5158451e-10 -0.0049176423 0)
(1.8324106e-10 -0.0056293754 0)
(-1.8511725e-10 -0.0056293754 0)
(1.3909931e-10 -0.0049176423 0)
(-7.9559303e-11 -0.0035044761 0)
(2.5233577e-11 -0.0013992567 0)
(3.4987249e-11 -0.0013992567 0)
(-9.0654041e-11 -0.0035044761 0)
(1.4230535e-10 -0.0049176423 0)
(-1.9334587e-10 -0.0056293754 0)
(1.8326081e-10 -0.0056293754 0)
(-1.3635978e-10 -0.0049176423 0)
(8.0064138e-11 -0.0035044761 0)
(-2.8443855e-11 -0.0013992567 0)
(-3.04551e-11 -0.0013992567 0)
(8.9521485e-11 -0.0035044761 0)
(-1.5023102e-10 -0.0049176423 0)
(1.8171048e-10 -0.0056293754 0)
(-1.8722018e-10 -0.0056293754 0)
(1.3507949e-10 -0.0049176423 0)
(-8.1178022e-11 -0.0035044761 0)
(2.4784852e-11 -0.0013992567 0)
(3.4948629e-11 -0.0013992566 0)
(-8.9357502e-11 -0.0035044761 0)
(1.4255111e-10 -0.0049176423 0)
(-1.9344507e-10 -0.0056293754 0)
(1.7979287e-10 -0.0056293754 0)
(-1.391995e-10 -0.0049176423 0)
(7.7546028e-11 -0.0035044761 0)
(-2.8495785e-11 -0.0013992567 0)
(-3.0113856e-11 -0.0013992566 0)
(9.0102148e-11 -0.0035044761 0)
(-1.4872186e-10 -0.0049176423 0)
(1.8041331e-10 -0.0056293753 0)
(-1.8931539e-10 -0.0056293754 0)
(1.3105722e-10 -0.0049176423 0)
(-8.2903833e-11 -0.0035044761 0)
(2.4332266e-11 -0.0013992567 0)
(3.4957974e-11 -0.0013992566 0)
(-8.7883419e-11 -0.0035044761 0)
(1.4318633e-10 -0.0049176422 0)
(-1.9329535e-10 -0.0056293753 0)
(1.7650358e-10 -0.0056293753 0)
(-1.4213112e-10 -0.0049176423 0)
(7.4961616e-11 -0.0035044761 0)
(-2.8584324e-11 -0.0013992566 0)
(-2.9745561e-11 -0.0013992566 0)
(9.1014163e-11 -0.0035044761 0)
(-1.4677293e-10 -0.0049176422 0)
(1.7960247e-10 -0.0056293753 0)
(-1.9125288e-10 -0.0056293753 0)
(1.2703712e-10 -0.0049176423 0)
(-8.477079e-11 -0.0035044761 0)
(2.38622e-11 -0.0013992566 0)
(3.5032312e-11 -0.0013992566 0)
(-8.6045036e-11 -0.003504476 0)
(1.4447919e-10 -0.0049176422 0)
(-1.926003e-10 -0.0056293753 0)
(1.7354363e-10 -0.0056293753 0)
(-1.4510064e-10 -0.0049176422 0)
(7.2267951e-11 -0.0035044761 0)
(-2.8715147e-11 -0.0013992566 0)
(-2.9315246e-11 -0.0013992566 0)
(9.2413354e-11 -0.003504476 0)
(-1.4407699e-10 -0.0049176422 0)
(1.7953679e-10 -0.0056293753 0)
(-1.9280649e-10 -0.0056293753 0)
(1.2306242e-10 -0.0049176422 0)
(-8.677851e-11 -0.0035044761 0)
(2.3352676e-11 -0.0013992566 0)
(3.518461e-11 -0.0013992566 0)
(-8.3643285e-11 -0.003504476 0)
(1.4665254e-10 -0.0049176422 0)
(-1.9102654e-10 -0.0056293753 0)
(1.710942e-10 -0.0056293753 0)
(-1.4796134e-10 -0.0049176422 0)
(6.9434045e-11 -0.0035044761 0)
(-2.8889644e-11 -0.0013992566 0)
(-2.8770815e-11 -0.0013992566 0)
(9.440419e-11 -0.003504476 0)
(-1.4034804e-10 -0.0049176422 0)
(1.8042147e-10 -0.0056293753 0)
(-1.9365111e-10 -0.0056293753 0)
(1.1923266e-10 -0.0049176422 0)
(-8.8862799e-11 -0.0035044761 0)
(2.2766661e-11 -0.0013992566 0)
(3.541644e-11 -0.0013992566 0)
(-8.0499496e-11 -0.003504476 0)
(1.4978024e-10 -0.0049176422 0)
(-1.88239e-10 -0.0056293753 0)
(1.6935624e-10 -0.0056293753 0)
(-1.5040504e-10 -0.0049176422 0)
(6.6457544e-11 -0.003504476 0)
(-2.9100627e-11 -0.0013992566 0)
(-2.8036334e-11 -0.0013992566 0)
(9.6953228e-11 -0.003504476 0)
(-1.3541597e-10 -0.0049176422 0)
(1.8230374e-10 -0.0056293752 0)
(-1.933121e-10 -0.0056293753 0)
(1.1576004e-10 -0.0049176422 0)
(-9.0830987e-11 -0.003504476 0)
(2.204419e-11 -0.0013992566 0)
(3.570366e-11 -0.0013992566 0)
(-7.6537636e-11 -0.003504476 0)
(1.5358997e-10 -0.0049176421 0)
(-1.8397146e-10 -0.0056293752 0)
(1.685656e-10 -0.0056293752 0)
(-1.5180962e-10 -0.0049176422 0)
(6.3426439e-11 -0.003504476 0)
(-2.9322729e-11 -0.0013992566 0)
(-2.7011558e-11 -0.0013992566 0)
(9.9711863e-11 -0.003504476 0)
(-1.2943874e-10 -0.0049176421 0)
(1.8490138e-10 -0.0056293752 0)
(-1.9104838e-10 -0.0056293752 0)
(1.1314198e-10 -0.0049176422 0)
(-9.2209201e-11 -0.003504476 0)
(2.1099237e-11 -0.0013992566 0)
(3.5966987e-11 -0.0013992566 0)
(-7.1996526e-11 -0.003504476 0)
(1.5708082e-10 -0.0049176421 0)
(-1.7817784e-10 -0.0056293752 0)
(1.6910063e-10 -0.0056293752 0)
(-1.5089183e-10 -0.0049176422 0)
(6.0714402e-11 -0.003504476 0)
(-2.9488453e-11 -0.0013992566 0)
(-2.559638e-11 -0.0013992566 0)
(1.0163953e-10 -0.003504476 0)
(-1.2339142e-10 -0.0049176421 0)
(1.8731684e-10 -0.0056293752 0)
(-1.8559238e-10 -0.0056293752 0)
(1.1263195e-10 -0.0049176422 0)
(-9.1880224e-11 -0.003504476 0)
(1.9842857e-11 -0.0013992566 0)
(3.6005061e-11 -0.0013992566 0)
(-6.7962602e-11 -0.003504476 0)
(1.5775005e-10 -0.0049176421 0)
(-1.7137484e-10 -0.0056293752 0)
(1.718287e-10 -0.0056293752 0)
(-1.4493539e-10 -0.0049176421 0)
(5.9513768e-11 -0.003504476 0)
(-2.9425018e-11 -0.0013992566 0)
(-2.3792432e-11 -0.0013992566 0)
(1.0017633e-10 -0.003504476 0)
(-1.2018405e-10 -0.0049176421 0)
(1.8753451e-10 -0.0056293751 0)
(-1.7460833e-10 -0.0056293752 0)
(1.1738805e-10 -0.0049176421 0)
(-8.7246535e-11 -0.003504476 0)
(1.8285845e-11 -0.0013992566 0)
(3.533e-11 -0.0013992566 0)
(-6.7643805e-11 -0.0035044759 0)
(1.5000298e-10 -0.0049176421 0)
(-1.6542188e-10 -0.0056293751 0)
(1.789691e-10 -0.0056293752 0)
(-1.281399e-10 -0.0049176421 0)
(6.3139662e-11 -0.003504476 0)
(-2.8689629e-11 -0.0013992566 0)
(-2.1999692e-11 -0.0013992566 0)
(8.943425e-11 -0.0035044759 0)
(-1.2712036e-10 -0.0049176421 0)
(1.8148899e-10 -0.0056293751 0)
(-1.5363504e-10 -0.0056293751 0)
(1.3502948e-10 -0.0049176421 0)
(-7.237487e-11 -0.003504476 0)
(1.6839932e-11 -0.0013992566 0)
(3.2765043e-11 -0.0013992566 0)
(-7.9225313e-11 -0.0035044759 0)
(1.2192894e-10 -0.004917642 0)
(-1.652172e-10 -0.0056293751 0)
(1.9595214e-10 -0.0056293751 0)
(-8.8268876e-11 -0.0049176421 0)
(7.9951541e-11 -0.003504476 0)
(-2.6159204e-11 -0.0013992566 0)
(-2.1757482e-11 -0.0013992566 0)
(5.6391044e-11 -0.0035044759 0)
(-1.6096394e-10 -0.004917642 0)
(1.613323e-10 -0.0056293751 0)
(-1.1416708e-10 -0.0056293751 0)
(1.8284873e-10 -0.0049176421 0)
(-3.4108728e-11 -0.003504476 0)
(1.706816e-11 -0.0013992566 0)
(2.5511403e-11 -0.0013992566 0)
(-1.2179899e-10 -0.0035044759 0)
(4.9144946e-11 -0.004917642 0)
(-1.8209017e-10 -0.0056293751 0)
(2.3499092e-10 -0.0056293752 0)
(-3.4305238e-13 -0.0049176421 0)
(1.2936181e-10 -0.0035044759 0)
(-1.9080012e-11 -0.0013992566 0)
(-2.7408073e-11 -0.0013992566 0)
(-2.6505875e-11 -0.0035044759 0)
(-2.5744005e-10 -0.004917642 0)
(1.1248038e-10 -0.0056293752 0)
(-4.056588e-11 -0.0056293752 0)
(2.9742294e-10 -0.0049176421 0)
(5.5410673e-11 -0.0035044759 0)
(2.3358941e-11 -0.0013992566 0)
(7.2036918e-12 -0.0013992565 0)
(-2.3647591e-10 -0.0035044758 0)
(-1.1555985e-10 -0.004917642 0)
(-2.3982194e-10 -0.0056293753 0)
(3.2112872e-10 -0.0056293753 0)
(1.8376746e-10 -0.004917642 0)
(2.5298501e-10 -0.0035044758 0)
(-1.0961885e-12 -0.0013992565 0)
(-4.947917e-11 -0.0013992565 0)
(-2.1377851e-10 -0.0035044757 0)
(-4.8652236e-10 -0.004917642 0)
(9.7497493e-12 -0.0056293754 0)
(9.3672824e-11 -0.0056293754 0)
(5.4981184e-10 -0.004917642 0)
(2.511975e-10 -0.0035044757 0)
(4.6315208e-11 -0.0013992565 0)
(-3.5521282e-11 -0.0013992564 0)
(-5.0406011e-10 -0.0035044756 0)
(-4.5525414e-10 -0.0049176421 0)
(-3.83325e-10 -0.0056293755 0)
(5.005649e-10 -0.0056293755 0)
(5.481421e-10 -0.0049176421 0)
(5.3221324e-10 -0.0035044756 0)
(4.121551e-11 -0.0013992564 0)
(-1.1075039e-10 -0.0013992562 0)
(-6.0221471e-10 -0.0035044755 0)
(-9.6995663e-10 -0.0049176421 0)
(-1.837062e-10 -0.0056293758 0)
(3.2635744e-10 -0.0056293758 0)
(1.0625786e-09 -0.0049176421 0)
(6.50564e-10 -0.0035044754 0)
(1.0881557e-10 -0.0013992562 0)
(-1.2749551e-10 -0.001399256 0)
(-1.0644224e-09 -0.0035044752 0)
(-1.0916681e-09 -0.0049176423 0)
(-6.8565795e-10 -0.0056293762 0)
(8.4658182e-10 -0.0056293762 0)
(1.2148662e-09 -0.0049176422 0)
(1.1072443e-09 -0.0035044751 0)
(1.3285116e-10 -0.001399256 0)
(-2.5504128e-10 -0.0013992556 0)
(-1.333042e-09 -0.0035044749 0)
(-1.8798096e-09 -0.0049176423 0)
(-5.0110923e-10 -0.0056293768 0)
(6.8977599e-10 -0.0056293767 0)
(2.0072319e-09 -0.0049176422 0)
(1.3948884e-09 -0.0035044748 0)
(2.5477633e-10 -0.0013992556 0)
(-3.0681863e-10 -0.0013992552 0)
(-2.1114646e-09 -0.0035044743 0)
(-2.1337056e-09 -0.0049176426 0)
(-1.2355006e-09 -0.0056293775 0)
(1.4451866e-09 -0.0056293775 0)
(2.2912489e-09 -0.0049176424 0)
(2.1714484e-09 -0.0035044742 0)
(3.1220847e-10 -0.0013992551 0)
(-5.5440893e-10 -0.0013992544 0)
(-2.5299767e-09 -0.0035044739 0)
(-3.3513777e-09 -0.0049176427 0)
(-9.0496693e-10 -0.0056293786 0)
(1.1416299e-09 -0.0056293785 0)
(3.515579e-09 -0.0049176426 0)
(2.6070825e-09 -0.0035044737 0)
(5.5630868e-10 -0.0013992544 0)
(-6.1306227e-10 -0.0013992536 0)
(-3.7869234e-09 -0.0035044729 0)
(-3.4639924e-09 -0.0049176434 0)
(-2.0562787e-09 -0.0056293797 0)
(2.3120935e-09 -0.0056293797 0)
(3.6548034e-09 -0.0049176431 0)
(3.8644661e-09 -0.0035044728 0)
(6.1930669e-10 -0.0013992535 0)
(-1.0991673e-09 -0.0013992523 0)
(-4.0576569e-09 -0.0035044723 0)
(-5.1568236e-09 -0.0049176436 0)
(-1.0984813e-09 -0.0056293815 0)
(1.3744029e-09 -0.0056293813 0)
(5.3518125e-09 -0.0049176434 0)
(4.1494463e-09 -0.003504472 0)
(1.1036813e-09 -0.0013992522 0)
(-1.0403008e-09 -0.0013992509 0)
(-5.8101404e-09 -0.003504471 0)
(-4.1645757e-09 -0.0049176447 0)
(-2.8566539e-09 -0.005629383 0)
(3.1415685e-09 -0.005629383 0)
(4.3778651e-09 -0.0049176443 0)
(5.9014732e-09 -0.0035044707 0)
(1.0487839e-09 -0.0013992508 0)
(-1.9359113e-09 -0.0013992489 0)
(-4.9087597e-09 -0.0035044705 0)
(-5.8763487e-09 -0.0049176451 0)
(-1.149607e-10 -0.0056293852 0)
(4.0406654e-10 -0.0056293849 0)
(6.0832948e-09 -0.0049176449 0)
(5.0105767e-09 -0.0035044701 0)
(1.9432638e-09 -0.0013992488 0)
(-1.4258739e-09 -0.0013992472 0)
(-6.599349e-09 -0.0035044693 0)
(-1.3273178e-09 -0.0049176469 0)
(-2.4654502e-09 -0.0056293863 0)
(2.7421455e-09 -0.0056293862 0)
(1.5385043e-09 -0.0049176464 0)
(6.6945887e-09 -0.0035044689 0)
(1.4385105e-09 -0.001399247 0)
(-2.9024116e-09 -0.001399245 0)
(-2.0221109e-09 -0.0035044701 0)
(-1.2842129e-09 -0.0049176474 0)
(4.3917901e-09 -0.0056293872 0)
(-4.1370257e-09 -0.0056293869 0)
(1.4681758e-09 -0.0049176471 0)
(2.1238691e-09 -0.0035044696 0)
(2.9122664e-09 -0.0013992448 0)
(-1.2566971e-09 -0.0013992441 0)
(-1.7004374e-09 -0.0035044709 0)
(1.1864195e-08 -0.0049176497 0)
(2.1479688e-09 -0.0056293851 0)
(-1.9388959e-09 -0.005629385 0)
(-1.1694724e-08 -0.0049176491 0)
(1.7825428e-09 -0.0035044705 0)
(1.2755042e-09 -0.0013992438 0)
(-3.3271471e-09 -0.0013992436 0)
(1.143893e-08 -0.003504476 0)
(1.8020533e-08 -0.00491765 0)
(1.7072621e-08 -0.0056293802 0)
(-1.6919475e-08 -0.0056293799 0)
(-1.7909296e-08 -0.0049176496 0)
(-1.1353071e-08 -0.0035044754 0)
(3.3379644e-09 -0.0013992434 0)
(5.7684595e-10 -0.0013992466 0)
(1.8230315e-08 -0.0035044834 0)
(4.8331081e-08 -0.0049176519 0)
(1.7081498e-08 -0.005629368 0)
(-1.7015225e-08 -0.0056293679 0)
(-4.8253639e-08 -0.0049176513 0)
(-1.8184976e-08 -0.0035044829 0)
(-5.50919e-10 -0.0013992463 0)
(-1.6596188e-09 -0.0013992529 0)
(4.7690914e-08 -0.0035044991 0)
(6.8797625e-08 -0.0049176507 0)
(4.5580873e-08 -0.0056293473 0)
(-4.5604991e-08 -0.0056293469 0)
(-6.8815809e-08 -0.0049176503 0)
(-4.7641814e-08 -0.0035044984 0)
(1.667515e-09 -0.0013992526 0)
(5.9569958e-09 -0.0013992667 0)
(6.8699706e-08 -0.0035045222 0)
(1.2804481e-07 -0.00491765 0)
(5.2140704e-08 -0.0056293113 0)
(-5.2291649e-08 -0.0056293112 0)
(-1.2811006e-07 -0.0049176494 0)
(-6.8719508e-08 -0.0035045216 0)
(-5.9261224e-09 -0.0013992664 0)
(4.7178307e-09 -0.0013992893 0)
(1.2418387e-07 -0.0035045597 0)
(1.7479488e-07 -0.0049176448 0)
(1.0009761e-07 -0.0056292566 0)
(-1.0036228e-07 -0.0056292563 0)
(-1.7499282e-07 -0.0049176443 0)
(-1.2419653e-07 -0.0035045591 0)
(-4.7205239e-09 -0.001399289 0)
(1.7413237e-08 -0.0013993261 0)
(1.6956362e-07 -0.0035046131 0)
(2.7498089e-07 -0.0049176372 0)
(1.1940961e-07 -0.0056291743 0)
(-1.1982729e-07 -0.0056291742 0)
(-2.7522679e-07 -0.0049176367 0)
(-1.6967959e-07 -0.0035046126 0)
(-1.7385249e-08 -0.0013993258 0)
(1.907562e-08 -0.0013993803 0)
(2.592731e-07 -0.0035046895 0)
(3.6036451e-07 -0.0049176232 0)
(1.9038885e-07 -0.0056290582 0)
(-1.9092091e-07 -0.005629058 0)
(-3.6077222e-07 -0.0049176229 0)
(-2.5937645e-07 -0.003504689 0)
(-1.9101302e-08 -0.00139938 0)
(3.7404784e-08 -0.0013994573 0)
(3.373916e-07 -0.0035047928 0)
(5.0703466e-07 -0.0049176026 0)
(2.2810571e-07 -0.0056288989 0)
(-2.2879254e-07 -0.0056288989 0)
(-5.0747551e-07 -0.0049176023 0)
(-3.3763413e-07 -0.0035047925 0)
(-3.7394024e-08 -0.0013994571 0)
(4.3940325e-08 -0.0013995622 0)
(4.6163796e-07 -0.003504928 0)
(6.3537482e-07 -0.0049175735 0)
(3.1937241e-07 -0.0056286886 0)
(-3.201463e-07 -0.0056286885 0)
(-6.3599081e-07 -0.0049175733 0)
(-4.6186075e-07 -0.0035049278 0)
(-4.4003047e-08 -0.0013995621 0)
(6.6834124e-08 -0.0013996985 0)
(5.7083272e-07 -0.003505101 0)
(8.1767382e-07 -0.0049175325 0)
(3.7522719e-07 -0.0056284205 0)
(-3.7613052e-07 -0.0056284205 0)
(-8.1829138e-07 -0.0049175325 0)
(-5.7122155e-07 -0.0035051009 0)
(-6.6855716e-08 -0.0013996985 0)
(7.8842629e-08 -0.0013998716 0)
(7.1380107e-07 -0.0035053116 0)
(9.7248179e-07 -0.0049174816 0)
(4.7349181e-07 -0.0056280885 0)
(-4.7443623e-07 -0.0056280885 0)
(-9.7327063e-07 -0.0049174816 0)
(-7.1415542e-07 -0.0035053117 0)
(-7.8947309e-08 -0.0013998716 0)
(1.0315386e-07 -0.0014000796 0)
(8.317145e-07 -0.0035055643 0)
(1.1525569e-06 -0.0049174151 0)
(5.3406064e-07 -0.0056276939 0)
(-5.3510678e-07 -0.0056276939 0)
(-1.1533149e-06 -0.0049174154 0)
(-8.3223429e-07 -0.0035055645 0)
(-1.0320749e-07 -0.0014000797 0)
(1.1787818e-07 -0.0014003231 0)
(9.5354746e-07 -0.0035058485 0)
(1.2831934e-06 -0.0049173403 0)
(6.1225414e-07 -0.0056272423 0)
(-6.1331296e-07 -0.0056272425 0)
(-1.2841059e-06 -0.0049173407 0)
(-9.5400106e-07 -0.0035058491 0)
(-1.180037e-07 -0.0014003233 0)
(1.3674154e-07 -0.0014005933 0)
(1.0273196e-06 -0.0035061616 0)
(1.3860426e-06 -0.0049172495 0)
(6.4341885e-07 -0.0056267481 0)
(-6.4455073e-07 -0.0056267483 0)
(-1.3868922e-06 -0.0049172503 0)
(-1.0279139e-06 -0.0035061623 0)
(-1.3681171e-07 -0.0014005937 0)
(1.4921079e-07 -0.0014008941 0)
(1.0601237e-06 -0.0035064855 0)
(1.3929993e-06 -0.0049171511 0)
(6.5491099e-07 -0.0056262254 0)
(-6.5602097e-07 -0.0056262258 0)
(-1.3939676e-06 -0.004917152 0)
(-1.0606337e-06 -0.0035064866 0)
(-1.4935231e-07 -0.0014008946 0)
(1.872132e-07 -0.001401243 0)
(1.0141526e-06 -0.0035068792 0)
(1.3041396e-06 -0.0049170286 0)
(5.9741302e-07 -0.0056255796 0)
(-5.9855356e-07 -0.0056255799 0)
(-1.3050067e-06 -0.0049170296 0)
(-1.0147585e-06 -0.0035068803 0)
(-1.873234e-07 -0.0014012437 0)
)
;

boundaryField
{
    left
    {
        type            uniformFixedValue;
        uniformValue    sine;
        uniformValueCoeffs
        {
            t0              0;
            amplitude       constant 0.0125;
            frequency       constant 1;
            scale           constant (0 1 0);
            level           constant (0 0 0);
        }
        value           uniform (0 -0.0038627124 0);
    }
    right
    {
        type            zeroGradient;
    }
    walls
    {
        type            fixedValue;
        value           uniform (0 0 0);
    }
    frontAndBack
    {
        type            empty;
    }
}


// ************************************************************************* //
