/*--------------------------------*- C++ -*----------------------------------*\
| =========                 |                                                 |
| \\      /  F ield         | OpenFOAM: The Open Source CFD Toolbox           |
|  \\    /   O peration     | Version:  5.x                                   |
|   \\  /    A nd           | Web:      www.OpenFOAM.org                      |
|    \\/     M anipulation  |                                                 |
\*---------------------------------------------------------------------------*/
FoamFile
{
    version     2.0;
    format      ascii;
    class       surfaceScalarField;
    location    "1";
    object      phi;
}
// * * * * * * * * * * * * * * * * * * * * * * * * * * * * * * * * * * * * * //

dimensions      [0 3 -1 0 0 0 0];

internalField   nonuniform List<scalar> 
3592
(
-5.9036895e-10
5.9036895e-10
-1.6399811e-09
1.0496177e-09
-1.5230733e-09
-1.1690231e-10
1.0104344e-12
-1.5240788e-09
1.5240883e-09
-1.523073e-09
1.640991e-09
-1.1689763e-10
5.9036958e-10
1.0506267e-09
5.9037491e-10
-1.5117552e-09
2.1021303e-09
-3.8368091e-09
3.3746831e-09
-3.482709e-09
-4.7099094e-10
1.6723548e-12
-5.0084493e-09
3.4869386e-09
-5.0083281e-09
3.838337e-09
-4.6828467e-10
1.512596e-09
3.3763792e-09
2.1029772e-09
-2.321435e-09
4.4235724e-09
-5.4578475e-09
6.5111073e-09
-4.8233729e-09
-1.1054544e-09
3.2155785e-12
-9.8350269e-09
4.8277283e-09
-9.8328298e-09
5.4613089e-09
-1.1018539e-09
2.3222365e-09
6.5154629e-09
4.4252191e-09
-2.8844635e-09
7.3080425e-09
-6.5026693e-09
1.0129324e-08
-5.680225e-09
-1.9278878e-09
2.9675239e-12
-1.5518209e-08
5.6863612e-09
-1.5516213e-08
6.5058124e-09
-1.9212941e-09
2.8857199e-09
1.0135566e-08
7.3109446e-09
-3.142348e-09
1.0450397e-08
-7.0619324e-09
1.4048919e-08
-6.1077807e-09
-2.8820292e-09
3.3852434e-12
-2.1629365e-08
6.1128912e-09
-2.1625709e-08
7.0656499e-09
-2.8740424e-09
3.1434917e-09
1.4057735e-08
1.0454442e-08
-3.2316566e-09
1.3682059e-08
-7.1546616e-09
1.7971935e-08
-6.193153e-09
-3.8435271e-09
2.5516566e-12
-2.7825059e-08
6.1980915e-09
-2.7821238e-08
7.1574919e-09
-3.8334318e-09
3.2326923e-09
1.7982545e-08
1.3687139e-08
-3.0936738e-09
1.6775739e-08
-6.9206377e-09
2.179891e-08
-5.9668772e-09
-4.7972775e-09
1.9905821e-12
-3.3793917e-08
5.9701625e-09
-3.37894e-08
6.9228314e-09
-4.7860905e-09
3.0944726e-09
2.1810914e-08
1.6781617e-08
-2.8741239e-09
1.9649869e-08
-6.3844742e-09
2.5309271e-08
-5.5306272e-09
-5.6511135e-09
1.0234264e-12
-3.9325558e-08
5.5323467e-09
-3.9320713e-08
6.3856868e-09
-5.6394196e-09
2.874489e-09
2.5322122e-08
1.9656112e-08
-2.5240357e-09
2.2173911e-08
-5.6957381e-09
2.8480984e-08
-4.930376e-09
-6.4164658e-09
-5.0108506e-14
-4.4255874e-08
4.9306228e-09
-4.4251376e-08
5.6956776e-09
-6.4044644e-09
2.5241612e-09
2.8493648e-08
2.2180278e-08
-2.1686203e-09
2.4342538e-08
-4.8832914e-09
3.1195666e-08
-4.2573816e-09
-7.0423645e-09
-7.473602e-13
-4.8512498e-08
4.255603e-09
-4.8507716e-08
4.8825866e-09
-7.031437e-09
2.1682641e-09
3.1207982e-08
2.4348548e-08
-1.769311e-09
2.6111854e-08
-4.0609343e-09
3.34873e-08
-3.5468593e-09
-7.5564298e-09
-1.8471626e-12
-5.2057501e-08
3.5442813e-09
-5.2053835e-08
4.0589179e-09
-7.5460638e-09
1.7688144e-09
3.3498095e-08
2.6117367e-08
-1.4102906e-09
2.7522151e-08
-3.2498866e-09
3.5326907e-08
-2.8644209e-09
-7.9418844e-09
-2.1366624e-12
-5.4919774e-08
2.8600527e-09
-5.4916014e-08
3.2476925e-09
-7.9336925e-09
1.4094257e-09
3.5336372e-08
2.7526798e-08
-1.0672131e-09
2.858937e-08
-2.517629e-09
3.6777333e-08
-2.2308584e-09
-8.2286455e-09
-3.0086038e-12
-5.7147615e-08
2.2263414e-09
-5.7145355e-08
2.5143923e-09
-8.2217337e-09
1.0663176e-09
3.6784457e-08
2.8593121e-08
-7.8169259e-10
2.9371069e-08
-1.8718939e-09
3.7867546e-08
-1.6789945e-09
-8.4215337e-09
-3.0094088e-12
-5.8823589e-08
1.6731476e-09
-5.8821501e-08
1.8687864e-09
-8.4173614e-09
7.805605e-10
3.7872693e-08
2.9373687e-08
-5.4037925e-10
2.9911454e-08
-1.336943e-09
3.866412e-08
-1.2133077e-09
-8.5451597e-09
-3.6330279e-12
-6.0033255e-08
1.2076277e-09
-6.0032753e-08
1.3330848e-09
-8.5428091e-09
5.3926966e-10
3.8666518e-08
2.9912961e-08
-3.5260242e-10
3.0264063e-08
-9.0793413e-10
3.9219463e-08
-8.3974982e-10
-8.6133328e-09
-3.5428699e-12
-6.0869451e-08
8.3312746e-10
-6.0869412e-08
9.0427286e-10
-8.6139434e-09
3.5133582e-10
3.9219465e-08
3.0264303e-08
-2.1204975e-10
3.0476118e-08
-5.8014753e-10
3.958757e-08
-5.5118781e-10
-8.6422834e-09
-3.9794019e-12
-6.1416651e-08
5.4475134e-10
-6.1418134e-08
5.7595002e-10
-8.6451329e-09
2.1080655e-10
3.9584618e-08
3.0475114e-08
-1.0999744e-10
3.0586122e-08
-3.4202145e-10
3.9819606e-08
-3.3819859e-10
-8.646095e-09
-3.9033616e-12
-6.1750935e-08
3.3111997e-10
-6.1753147e-08
3.3796767e-10
-8.6519695e-09
1.0863645e-10
3.981396e-08
3.0583756e-08
-4.4802765e-11
3.063093e-08
-1.7593721e-10
3.995075e-08
-1.8908473e-10
-8.6329386e-09
-4.1711005e-12
-6.193584e-08
1.8215311e-10
-6.1939462e-08
1.7153722e-10
-8.6413447e-09
4.3462087e-11
3.9942044e-08
3.0627222e-08
-1.2475319e-12
3.0632184e-08
-7.00732e-11
4.0019587e-08
-8.9616035e-11
-8.6133845e-09
-4.0790367e-12
-6.2021367e-08
8.2370576e-11
-6.2025901e-08
6.5806017e-11
-8.624769e-09
-1.68412e-13
4.0008029e-08
3.062706e-08
1.8805302e-11
3.0613384e-08
-5.3988663e-12
4.00438e-08
-2.9157881e-11
-8.5896168e-09
-4.1330027e-12
-6.2046383e-08
2.2159409e-11
-6.2052185e-08
1.0231176e-12
-8.603624e-09
-2.0168332e-11
4.0029229e-08
3.0606896e-08
3.0513351e-11
3.0582877e-08
2.6127804e-11
4.0048197e-08
4.9247172e-12
-8.5684024e-09
-3.9283728e-12
-6.2037519e-08
-1.1814531e-11
-6.2044288e-08
-3.0261521e-11
-8.5851658e-09
-3.1882028e-11
4.003086e-08
3.0575019e-08
2.9278766e-11
3.0553604e-08
3.9608304e-11
4.0037877e-08
1.9544306e-11
-8.54833e-09
-3.7237439e-12
-6.2014243e-08
-2.5923061e-11
-6.2022081e-08
-4.3561812e-11
-8.5675186e-09
-3.0523818e-11
4.0017831e-08
3.05445e-08
2.7890075e-11
3.052572e-08
3.8283037e-11
4.0027496e-08
2.3549299e-11
-8.5335849e-09
-3.339487e-12
-6.1987343e-08
-2.9358673e-11
-6.1996051e-08
-4.1802807e-11
-8.5550632e-09
-2.9055441e-11
4.0005094e-08
3.051545e-08
1.9808077e-11
3.0505917e-08
3.2508019e-11
4.0014805e-08
1.998959e-11
-8.5210583e-09
-2.8881875e-12
-6.1964458e-08
-2.497175e-11
-6.1973959e-08
-3.5571699e-11
-8.544455e-09
-2.0768919e-11
3.99903e-08
3.0494685e-08
1.5512157e-11
3.0490411e-08
2.1636222e-11
4.0008692e-08
1.4275562e-11
-8.5136863e-09
-2.3403298e-12
-6.1947831e-08
-1.8313071e-11
-6.1957976e-08
-2.4086583e-11
-8.5386703e-09
-1.6322007e-11
3.9982546e-08
3.0478369e-08
7.3029184e-12
3.0483113e-08
1.2538591e-11
4.0003465e-08
6.6759032e-12
-8.5078155e-09
-1.7219643e-12
-6.1939425e-08
-9.6632577e-12
-6.1950027e-08
-1.4348777e-11
-8.5339767e-09
-7.8507735e-12
3.9976056e-08
3.0470522e-08
4.1928552e-12
3.0478927e-08
2.1870321e-12
4.0005482e-08
4.0046993e-13
-8.5060176e-09
-1.0952898e-12
-6.1937919e-08
-2.2526371e-12
-6.1948858e-08
-3.2967313e-12
-8.5329214e-09
-4.5569788e-12
3.9977327e-08
3.0465971e-08
-2.0674543e-12
3.0480999e-08
-4.4550589e-12
4.0007878e-08
-5.8358967e-12
-8.504629e-09
-4.2904171e-13
-6.1943318e-08
5.0759747e-12
-6.1954356e-08
4.0355237e-12
-8.531873e-09
1.9804217e-12
3.997939e-08
3.0467955e-08
-3.1499924e-12
3.0484156e-08
-1.1543135e-11
4.0016283e-08
-9.8923331e-12
-8.5062684e-09
1.6709284e-13
-6.1953367e-08
1.0245322e-11
-6.1964423e-08
1.1789813e-11
-8.5334063e-09
3.234023e-12
3.9987956e-08
3.0471195e-08
-7.4828536e-12
3.0491643e-08
-1.4885616e-11
4.0023694e-08
-1.372167e-11
-8.5074247e-09
7.671747e-13
-6.1967848e-08
1.502535e-11
-6.1978674e-08
1.5746001e-11
-8.5341193e-09
7.8173998e-12
3.9995893e-08
3.0479016e-08
-6.9499381e-12
3.04986e-08
-1.9013826e-11
4.003577e-08
-1.554779e-11
-8.5108794e-09
1.2408392e-12
-6.1984626e-08
1.7770222e-11
-6.1995193e-08
2.0405406e-11
-8.5367432e-09
7.4071235e-12
4.0008901e-08
3.0486429e-08
-9.9843729e-12
3.0508589e-08
-1.991101e-11
4.0045704e-08
-1.7511457e-11
-8.5132715e-09
1.6970417e-12
-6.2003827e-08
2.0416459e-11
-6.2013905e-08
2.1755411e-11
-8.5380747e-09
1.0637852e-11
4.0020027e-08
3.049707e-08
-8.4750589e-12
3.051707e-08
-2.2141626e-11
4.0059382e-08
-1.7872992e-11
-8.5175287e-09
1.9975027e-12
-6.2023687e-08
2.1408034e-11
-6.2033304e-08
2.4328035e-11
-8.5409835e-09
9.1846316e-12
4.0035181e-08
3.0506261e-08
-1.0804392e-11
3.0527879e-08
-2.1637122e-11
4.0070223e-08
-1.8764015e-11
-8.5203946e-09
2.278653e-12
-6.2044723e-08
2.2664952e-11
-6.2053684e-08
2.4083403e-11
-8.5423946e-09
1.1646356e-11
4.0047625e-08
3.0517911e-08
-8.811974e-12
3.0536698e-08
-2.2886889e-11
4.0084309e-08
-1.8377155e-11
-8.524893e-09
2.3984647e-12
-6.2065487e-08
2.2603222e-11
-6.2073878e-08
2.5479999e-11
-8.5452602e-09
9.6425863e-12
4.0063473e-08
3.0527559e-08
-1.0824467e-11
3.0547526e-08
-2.1728975e-11
4.0095222e-08
-1.8784418e-11
-8.5278305e-09
2.5130516e-12
-6.2086778e-08
2.3078717e-11
-6.2094436e-08
2.4400837e-11
-8.5465752e-09
1.1728731e-11
4.0076152e-08
3.0539291e-08
-8.6413991e-12
3.0556174e-08
-2.2570037e-11
4.0109162e-08
-1.8105906e-11
-8.5322832e-09
2.4767397e-12
-6.210735e-08
2.2461329e-11
-6.211441e-08
2.5222401e-11
-8.5493251e-09
9.4779004e-12
4.0091907e-08
3.0548775e-08
-1.0542494e-11
3.0566721e-08
-2.1179187e-11
4.0119806e-08
-1.8359756e-11
-8.5350959e-09
2.4582133e-12
-6.2128161e-08
2.2547011e-11
-6.2134492e-08
2.376778e-11
-8.550539e-09
1.1407786e-11
4.0104275e-08
3.0560186e-08
-8.3120956e-12
3.057504e-08
-2.1901058e-11
4.0133406e-08
-1.7618256e-11
-8.5393673e-09
2.3070534e-12
-6.2148076e-08
2.1673186e-11
-6.2153848e-08
2.4350103e-11
-8.5532047e-09
9.069803e-12
4.0119565e-08
3.0569261e-08
-1.019096e-11
3.0585234e-08
-2.0470344e-11
4.0143693e-08
-1.7863612e-11
-8.5419674e-09
2.1988518e-12
-6.2168132e-08
2.1591591e-11
-6.2173234e-08
2.2761604e-11
-8.554368e-09
1.0949291e-11
4.0131385e-08
3.0580214e-08
-7.9701071e-12
3.0593211e-08
-2.1190027e-11
4.0156924e-08
-1.7145058e-11
-8.546001e-09
1.9775061e-12
-6.2187244e-08
2.062394e-11
-6.219187e-08
2.3270691e-11
-8.5570036e-09
8.5980481e-12
4.0146068e-08
3.0588818e-08
-9.8553422e-12
3.060307e-08
-1.9786625e-11
4.0166863e-08
-1.742362e-11
-8.5483576e-09
1.8217723e-12
-6.2206483e-08
2.04913e-11
-6.2210533e-08
2.1661602e-11
-8.5581674e-09
1.0471111e-11
4.0157265e-08
3.0599292e-08
-7.6590944e-12
3.0610736e-08
-2.0534491e-11
4.017975e-08
-1.6742384e-11
-8.5521384e-09
1.569624e-12
-6.2224784e-08
1.9511731e-11
-6.2228464e-08
2.2170218e-11
-8.5608147e-09
8.1360055e-12
4.017131e-08
3.0607434e-08
-9.5531188e-12
3.0620293e-08
-1.9167885e-11
4.0189371e-08
-1.7049944e-11
-8.5542501e-09
1.4008425e-12
-6.2243229e-08
1.9384426e-11
-6.2246442e-08
2.0587041e-11
-8.5620111e-09
1.0016998e-11
4.0181886e-08
3.0617454e-08
-7.3800291e-12
3.062768e-08
-1.993904e-11
4.0201942e-08
-1.6392777e-11
-8.557785e-09
1.1478777e-12
-6.2260759e-08
1.8430905e-11
-6.2263714e-08
2.1121899e-11
-8.5646909e-09
7.7069821e-12
4.0195312e-08
3.0625166e-08
-9.276738e-12
3.063696e-08
-1.8598351e-11
4.021127e-08
-1.6711088e-11
-8.5596663e-09
9.9055658e-13
-6.2278454e-08
1.8333535e-11
-6.2281051e-08
1.95795e-11
-8.5659308e-09
9.5977478e-12
4.02053e-08
3.0634767e-08
-7.1209865e-12
3.0644088e-08
-1.937836e-11
4.0223539e-08
-1.6059394e-11
-8.5629739e-09
7.5661919e-13
-6.229526e-08
1.7421104e-11
-6.2297705e-08
2.0146518e-11
-8.5686451e-09
7.3134653e-12
4.0218143e-08
3.0642086e-08
-9.0133991e-12
3.0653104e-08
-1.8049575e-11
4.0232581e-08
-1.6370754e-11
-8.564647e-09
6.2565676e-13
-6.231225e-08
1.7361903e-11
-6.2314435e-08
1.8646054e-11
-8.5699234e-09
9.211381e-12
4.0227584e-08
3.06513e-08
-6.8696227e-12
3.0659981e-08
-1.8825175e-11
4.0244548e-08
-1.570966e-11
-8.5677512e-09
4.2168223e-13
-6.2328371e-08
1.649393e-11
-6.2330497e-08
1.9242662e-11
-8.572661e-09
6.9506697e-12
4.0239886e-08
3.0658257e-08
-8.7524688e-12
3.0668736e-08
-1.7497489e-11
4.02533e-08
-1.6001888e-11
-8.5692413e-09
3.2410775e-13
-6.2344692e-08
1.6472901e-11
-6.234664e-08
1.7780035e-11
-8.5739625e-09
8.8520514e-12
4.024882e-08
3.0667111e-08
-6.617118e-12
3.067536e-08
-1.8259794e-11
4.0264953e-08
-1.5322535e-11
-8.5721672e-09
1.541938e-13
-6.2360158e-08
1.5646999e-11
-6.2362122e-08
1.8400795e-11
-8.5767052e-09
6.61219e-12
4.0260619e-08
3.0673729e-08
-8.4872322e-12
3.068385e-08
-1.6926908e-11
4.0273399e-08
-1.5589433e-11
-8.5734994e-09
9.1336259e-14
-6.2375833e-08
1.5660233e-11
-6.2377686e-08
1.6970417e-11
-8.57801e-09
8.5135761e-12
4.0269082e-08
3.0682246e-08
-6.3585306e-12
3.0690216e-08
-1.7671433e-11
4.0284723e-08
-1.4888379e-11
-8.5762712e-09
-4.5090108e-14
-6.2390666e-08
1.4871436e-11
-6.2392592e-08
1.7609466e-11
-8.5807369e-09
6.2920967e-12
4.0280409e-08
3.0688543e-08
-8.2144809e-12
3.0698433e-08
-1.6330902e-11
4.0292846e-08
-1.5128506e-11
-8.5774685e-09
-7.5562788e-14
-6.2405714e-08
1.4913461e-11
-6.2407576e-08
1.6205862e-11
-8.5820241e-09
8.190649e-12
4.028843e-08
3.0696736e-08
-6.0919665e-12
3.0704532e-08
-1.7056536e-11
4.0303821e-08
-1.4406235e-11
-8.5801075e-09
-1.8187456e-13
-6.2419927e-08
1.4155983e-11
-6.2421903e-08
1.6857926e-11
-8.584715e-09
5.9855686e-12
4.0299313e-08
3.0702727e-08
-7.9335327e-12
3.0712468e-08
-1.570863e-11
4.0311602e-08
-1.462134e-11
-8.5811899e-09
-1.8430386e-13
-6.243436e-08
1.422108e-11
-6.2436304e-08
1.5476378e-11
-8.5859653e-09
7.8791383e-12
4.0306915e-08
3.0710609e-08
-5.8175768e-12
3.0718292e-08
-1.6416493e-11
4.0322212e-08
-1.388077e-11
-8.5837144e-09
-2.6524389e-13
-6.2447964e-08
1.3489289e-11
-6.2450047e-08
1.6137149e-11
-8.5886022e-09
5.6889746e-12
4.0317374e-08
3.0716304e-08
-7.6452994e-12
3.072594e-08
-1.5063141e-11
4.0329636e-08
-1.4074434e-11
-8.5846985e-09
-2.4478004e-13
-6.246179e-08
1.3572215e-11
-6.246386e-08
1.4773899e-11
-8.5897991e-09
7.5760511e-12
4.0324577e-08
3.0723882e-08
-5.5367273e-12
3.0731484e-08
-1.5755644e-11
4.0339865e-08
-1.3319733e-11
-8.5871232e-09
-3.0547323e-13
-6.2474793e-08
1.2861152e-11
-6.2477016e-08
1.5440119e-11
-8.5923672e-09
5.3997651e-12
4.0334627e-08
3.0729287e-08
-7.3515772e-12
3.0738838e-08
-1.4399633e-11
4.0346919e-08
-1.349637e-11
-8.5880221e-09
-2.6728631e-13
-6.2488018e-08
1.2957492e-11
-6.2490236e-08
1.4092381e-11
-8.5934975e-09
7.2793883e-12
4.0341445e-08
3.0736569e-08
-5.2514058e-12
3.0744096e-08
-1.5079806e-11
4.0356758e-08
-1.2732132e-11
-8.5903586e-09
-3.1262491e-13
-6.2500427e-08
1.2263095e-11
-6.2502801e-08
1.4761784e-11
-8.5959853e-09
5.1163052e-12
4.0351101e-08
3.0741691e-08
-7.0545628e-12
3.0751153e-08
-1.3724236e-11
4.0363433e-08
-1.2896324e-11
-8.5911823e-09
-2.6144364e-13
-6.2513058e-08
1.2369384e-11
-6.2515428e-08
1.3427651e-11
-8.5970392e-09
6.9879701e-12
4.0357545e-08
3.0748681e-08
-4.9638334e-12
3.0756123e-08
-1.4395285e-11
4.0372875e-08
-1.2127053e-11
-8.5934395e-09
-2.957552e-13
-6.2524878e-08
1.1688532e-11
-6.2527402e-08
1.4098837e-11
-8.5994387e-09
4.8376978e-12
4.0366816e-08
3.0753524e-08
-6.7565465e-12
3.0762882e-08
-1.3043224e-11
4.0379167e-08
-1.2283151e-11
-8.5941955e-09
-2.356434e-13
-6.2536922e-08
1.1802233e-11
-6.2539436e-08
1.2777137e-11
-8.6004094e-09
6.7012604e-12
4.0372897e-08
3.0760227e-08
-4.6762264e-12
3.0767565e-08
-1.3708262e-11
4.038821e-08
-1.1512964e-11
-8.5963798e-09
-2.6255374e-13
-6.2548162e-08
1.1132674e-11
-6.255082e-08
1.3449416e-11
-8.6027154e-09
4.5636114e-12
4.0381792e-08
3.0764796e-08
-6.4597302e-12
3.0774027e-08
-1.2362548e-11
4.0394117e-08
-1.1664878e-11
-8.5970737e-09
-1.9684343e-13
-6.2559626e-08
1.1252074e-11
-6.2562266e-08
1.2139559e-11
-8.603599e-09
6.4192028e-12
4.0387517e-08
3.0771217e-08
-4.3906589e-12
3.0778424e-08
-1.3024445e-11
4.0402762e-08
-1.089737e-11
-8.5991898e-09
-2.1926261e-13
-6.2570294e-08
1.0592298e-11
-6.2573067e-08
1.2812789e-11
-8.6058087e-09
4.2941262e-12
4.0396046e-08
3.0775517e-08
-6.1661255e-12
3.0784592e-08
-1.1687581e-11
4.0408288e-08
-1.1048481e-11
-8.5998253e-09
-1.5058143e-13
-6.2581188e-08
1.0716362e-11
-6.258393e-08
1.1514615e-11
-8.6066033e-09
6.1420769e-12
4.0401422e-08
3.0781661e-08
-4.1089902e-12
3.0788708e-08
-1.2348889e-11
4.0416538e-08
-1.0286676e-11
-8.6018766e-09
-1.7075885e-13
-6.2591294e-08
1.0065456e-11
-6.2594156e-08
1.2189049e-11
-8.6087162e-09
4.0295993e-12
4.0409592e-08
3.0785696e-08
-5.8775044e-12
3.0794587e-08
-1.1023005e-11
4.0421688e-08
-1.043982e-11
-8.6024565e-09
-1.0110588e-13
-6.2601629e-08
1.0193677e-11
-6.2604447e-08
1.0902688e-11
-8.6094217e-09
5.8703742e-12
4.0414628e-08
3.0791568e-08
-3.8328333e-12
3.0798426e-08
-1.1685932e-11
4.0429551e-08
-9.6861852e-12
-8.6044454e-09
-1.2071819e-13
-6.2611184e-08
9.5511735e-12
-6.2614109e-08
1.1578842e-11
-8.6114388e-09
3.7705532e-12
4.0422446e-08
3.0795343e-08
-5.5953808e-12
3.0804023e-08
-1.0372773e-11
4.0434333e-08
-9.8436756e-12
-8.6049713e-09
-5.1559664e-14
-6.2620973e-08
9.6834337e-12
-6.2623841e-08
1.0304599e-11
-8.6120567e-09
5.6046993e-12
4.042715e-08
3.080095e-08
-3.563545e-12
3.0807593e-08
-1.1039181e-11
4.0441819e-08
-9.1001621e-12
-8.6068996e-09
-7.1807567e-14
-6.2629991e-08
9.0491828e-12
-6.2632952e-08
1.0983143e-11
-8.6139802e-09
3.5175877e-12
4.0434625e-08
3.0804473e-08
-5.3210095e-12
3.0812916e-08
-9.74013e-12
4.0446242e-08
-9.2638409e-12
-8.6073729e-09
-4.1737365e-15
-6.2639248e-08
9.1856259e-12
-6.2642139e-08
9.7214041e-12
-8.6145128e-09
5.3456928e-12
4.0439004e-08
3.080982e-08
-3.3022331e-12
3.0816225e-08
-1.0411552e-11
4.0453362e-08
-8.5319355e-12
-8.6092418e-09
-2.5874773e-14
-6.2647744e-08
8.5596833e-12
-6.2650714e-08
1.0403076e-11
-8.6163458e-09
3.2713128e-12
4.0446145e-08
3.0813096e-08
-5.0553968e-12
3.0821282e-08
-9.1276489e-12
4.0457438e-08
-8.7032226e-12
-8.6096635e-09
3.9550752e-14
-6.2656484e-08
8.7006167e-12
-6.2659372e-08
9.1542371e-12
-8.6167965e-09
5.0939741e-12
4.0450209e-08
3.0818192e-08
-3.0497682e-12
3.0824338e-08
-9.8053143e-12
4.0464203e-08
-7.984006e-12
-8.6114742e-09
1.587949e-14
-6.2664474e-08
8.0831566e-12
-6.2667429e-08
9.8397741e-12
-8.6185428e-09
3.0323007e-12
4.0457026e-08
3.0821229e-08
-4.7993165e-12
3.0829138e-08
-8.5372895e-12
4.0467945e-08
-8.1639541e-12
-8.611845e-09
7.8683051e-14
-6.2672714e-08
8.2289721e-12
-6.2675577e-08
8.6041934e-12
-8.6189153e-09
4.8501021e-12
4.0460783e-08
3.0826081e-08
-2.8068026e-12
3.0831952e-08
-9.2221489e-12
4.047437e-08
-7.4581559e-12
-8.6135985e-09
5.2754841e-14
-6.2680215e-08
7.6202199e-12
-6.2683135e-08
9.2942892e-12
-8.6205791e-09
2.8010529e-12
4.0467286e-08
3.0828887e-08
-4.5533298e-12
3.0836506e-08
-7.9704576e-12
4.0477791e-08
-7.6475017e-12
-8.6139191e-09
1.1272777e-13
-6.2687973e-08
7.7713353e-12
-6.2690791e-08
8.0722498e-12
-8.6208776e-09
4.614549e-12
4.0470747e-08
3.0833503e-08
-2.5737899e-12
3.0839086e-08
-8.6632136e-12
4.048389e-08
-6.9555526e-12
-8.6156163e-09
8.442876e-14
-6.2695003e-08
7.1715191e-12
-6.2697868e-08
8.7675219e-12
-8.6224634e-09
2.5779805e-12
4.0476945e-08
3.0836086e-08
-4.3178059e-12
3.0843405e-08
-7.4280677e-12
4.0487004e-08
-7.1547636e-12
-8.6158875e-09
1.4151525e-13
-6.2702297e-08
7.3283354e-12
-6.2705053e-08
7.5592129e-12
-8.622692e-09
4.3876869e-12
4.048012e-08
3.0840474e-08
-2.3510059e-12
3.0845762e-08
-8.1292034e-12
4.0492792e-08
-6.4768418e-12
-8.6175294e-09
1.1085774e-13
-6.2708875e-08
6.7376525e-12
-6.271167e-08
8.2601841e-12
-8.6242044e-09
2.3633942e-12
4.0486026e-08
3.0842843e-08
-4.0929433e-12
3.0849856e-08
-6.9106044e-12
4.0495612e-08
-6.6861598e-12
-8.617752e-09
1.651128e-13
-6.2715724e-08
6.9005261e-12
-6.2718403e-08
7.0656897e-12
-8.6243675e-09
4.1697812e-12
4.0488924e-08
3.0847014e-08
-2.1385698e-12
3.0852001e-08
-7.6204116e-12
4.0501104e-08
-6.0222336e-12
-8.6193398e-09
1.321984e-13
-6.2721869e-08
6.319121e-12
-6.272458e-08
7.7727786e-12
-8.6258111e-09
2.1575009e-12
4.0494549e-08
3.0849176e-08
-3.8787917e-12
3.0855881e-08
-6.4181813e-12
4.0503646e-08
-6.2417118e-12
-8.6195146e-09
1.837543e-13
-6.2728292e-08
6.4883449e-12
-6.2730883e-08
6.592076e-12
-8.6259129e-09
3.9609909e-12
4.0497182e-08
3.0853138e-08
-1.9364648e-12
3.0857823e-08
-7.1367869e-12
4.0508856e-08
-5.5915774e-12
-8.6210495e-09
1.4874486e-13
-6.2734023e-08
5.9162967e-12
-6.2736641e-08
7.3055942e-12
-8.6272923e-09
1.9604061e-12
4.0502536e-08
3.0855103e-08
-3.6752724e-12
3.08615e-08
-5.9505963e-12
4.0511134e-08
-5.8211149e-12
-8.6211775e-09
1.9778535e-13
-6.274004e-08
6.0920908e-12
-6.2742534e-08
6.1385563e-12
-8.627337e-09
3.7613737e-12
4.0504916e-08
3.0858866e-08
-1.7445583e-12
3.086325e-08
-6.6779878e-12
4.0516077e-08
-5.1844294e-12
-8.6226609e-09
1.6088037e-13
-6.2745376e-08
5.5294071e-12
-6.2747892e-08
6.8587111e-12
-8.6286565e-09
1.77212e-12
4.0510011e-08
3.0860643e-08
-3.4821979e-12
3.0866733e-08
-5.5073835e-12
4.0518105e-08
-5.4238009e-12
-8.6227431e-09
2.0762027e-13
-6.2751006e-08
5.7119144e-12
-6.2753395e-08
5.7051132e-12
-8.6286481e-09
3.5708927e-12
4.0512148e-08
3.0864214e-08
-1.56262e-12
3.0868302e-08
-6.2434315e-12
4.0522795e-08
-4.8001116e-12
-8.6241764e-09
1.6903938e-13
-6.2755966e-08
5.1585304e-12
-6.2758375e-08
6.4320131e-12
-8.6299118e-09
1.5925647e-12
4.0516996e-08
3.0865812e-08
-3.2992903e-12
3.0871602e-08
-5.08786e-12
4.0524586e-08
-5.0489934e-12
-8.6242141e-09
2.137088e-13
-6.2761227e-08
5.347817e-12
-6.2763508e-08
5.2915421e-12
-8.6298542e-09
3.3894262e-12
4.05189e-08
3.0869202e-08
-1.3903394e-12
3.0872998e-08
-5.8323397e-12
4.0529037e-08
-4.4377633e-12
-8.6255986e-09
1.7367854e-13
-6.2765829e-08
4.8035976e-12
-6.2768128e-08
6.0252051e-12
-8.6310661e-09
1.4215847e-12
4.0523513e-08
3.0870628e-08
-3.1261983e-12
3.0876125e-08
-4.6911688e-12
4.0530604e-08
-4.6957562e-12
-8.6255931e-09
2.1651154e-13
-6.277074e-08
4.9996559e-12
-6.2772911e-08
4.8974697e-12
-8.6309628e-09
3.2167774e-12
4.0525195e-08
3.0873845e-08
-1.2273417e-12
3.0877358e-08
-5.4437787e-12
4.053483e-08
-4.0963855e-12
-8.6269305e-09
1.7525583e-13
-6.2775002e-08
4.4644012e-12
-6.277719e-08
5.6378327e-12
-8.6321265e-09
1.2589557e-12
4.0529583e-08
3.0875109e-08
-2.9625123e-12
3.0880321e-08
-4.3163169e-12
4.0536186e-08
-4.3630339e-12
-8.626883e-09
2.1648149e-13
-6.2779581e-08
4.6671556e-12
-6.278164e-08
4.5223742e-12
-8.6319808e-09
3.0526853e-12
4.0531054e-08
3.0878162e-08
-1.0732016e-12
3.08814e-08
-5.0766957e-12
4.0540199e-08
-3.7748789e-12
-8.628175e-09
1.742145e-13
-6.2783521e-08
4.1406065e-12
-6.2785597e-08
5.2693029e-12
-8.6330999e-09
1.104396e-12
4.0535227e-08
3.0879271e-08
-2.8077779e-12
3.0884208e-08
-3.9622086e-12
4.0541355e-08
-4.0496876e-12
-8.6280869e-09
2.140512e-13
-6.2787784e-08
4.3499198e-12
-6.2789732e-08
4.1656069e-12
-8.6329148e-09
2.8968347e-12
4.0536498e-08
3.0882169e-08
-9.2745643e-13
3.0885141e-08
-4.7299499e-12
4.0545166e-08
-3.4720769e-12
-8.629335e-09
1.7097248e-13
-6.2791417e-08
3.8317659e-12
-6.2793384e-08
4.9189057e-12
-8.6339925e-09
9.5757524e-13
4.0540468e-08
3.0883131e-08
-2.6615081e-12
3.0887803e-08
-3.6276751e-12
4.0546134e-08
-3.7545249e-12
-8.6292077e-09
2.0962322e-13
-6.2795381e-08
4.0474469e-12
-6.2797221e-08
3.8264123e-12
-8.6337708e-09
2.7488659e-12
4.0541547e-08
3.088588e-08
-7.8961597e-13
3.0888598e-08
-4.4023397e-12
4.0549756e-08
-3.1867711e-12
-8.6304135e-09
1.6591495e-13
-6.2798725e-08
3.5373333e-12
-6.2800583e-08
4.5858346e-12
-8.6348099e-09
8.1812425e-13
4.0545323e-08
3.0886703e-08
-2.5231935e-12
3.0891122e-08
-3.3114987e-12
4.0550546e-08
-3.4763231e-12
-8.6302485e-09
2.0356517e-13
-6.2802404e-08
3.7591445e-12
-6.2804138e-08
3.5039488e-12
-8.6345542e-09
2.6083842e-12
4.0546219e-08
3.0889311e-08
-6.5917296e-13
3.0891786e-08
-4.0926265e-12
4.0553988e-08
-2.917735e-12
-8.6314137e-09
1.5939011e-13
-6.2805472e-08
3.2566802e-12
-6.2807227e-08
4.2692062e-12
-8.6355574e-09
6.8564323e-13
4.0549811e-08
3.0890002e-08
-2.3923113e-12
3.0894179e-08
-3.0124351e-12
4.0554609e-08
-3.2138509e-12
-8.6312122e-09
1.9620631e-13
-6.2808882e-08
3.4843451e-12
-6.2810514e-08
3.1973069e-12
-8.6352701e-09
2.4749681e-12
4.0550535e-08
3.0892477e-08
-5.3561059e-13
3.089472e-08
-3.7995531e-12
4.0557882e-08
-2.663741e-12
-8.6323384e-09
1.5170762e-13
-6.2811688e-08
2.9891099e-12
-6.2813343e-08
3.968078e-12
-8.6362398e-09
5.5971027e-13
4.0553951e-08
3.0893041e-08
-2.2683326e-12
3.0896988e-08
-2.7292298e-12
4.0558344e-08
-2.9658831e-12
-8.6321018e-09
1.8783722e-13
-6.2814842e-08
3.2223208e-12
-6.2816377e-08
2.9055268e-12
-8.6359228e-09
2.3481774e-12
4.055451e-08
3.0895389e-08
-4.1840943e-13
3.0897412e-08
-3.521861e-12
4.0561456e-08
-2.4235754e-12
-8.6331906e-09
1.4313849e-13
-6.28174e-08
2.7338727e-12
-6.2818959e-08
3.6814653e-12
-8.6368613e-09
4.3988785e-13
4.0557759e-08
3.0895834e-08
-2.1507291e-12
3.0899563e-08
-2.4606345e-12
4.0561767e-08
-2.7312151e-12
-8.6329203e-09
1.7870971e-13
-6.282031e-08
2.9722977e-12
-6.2821753e-08
2.627614e-12
-8.6365166e-09
2.2275595e-12
4.055816e-08
3.0898061e-08
-3.0705293e-13
3.0899876e-08
-3.2583036e-12
4.0564727e-08
-2.1960498e-12
-8.6339731e-09
1.3391581e-13
-6.2822631e-08
2.4901789e-12
-6.28241e-08
3.4083563e-12
-8.6374256e-09
3.2572938e-13
4.0561251e-08
3.0898392e-08
-2.0389783e-12
3.0901914e-08
-2.2054178e-12
4.0564894e-08
-2.5086718e-12
-8.6336702e-09
1.6903899e-13
-6.2825309e-08
2.7334683e-12
-6.2826665e-08
2.3625537e-12
-8.6370549e-09
2.1126559e-12
4.0561501e-08
3.0900504e-08
-2.0103248e-13
3.0902121e-08
-3.0076569e-12
4.056771e-08
-1.9800098e-12
-8.6346885e-09
1.2423739e-13
-6.2827404e-08
2.2572121e-12
-6.2828789e-08
3.1477254e-12
-8.6379364e-09
2.1678466e-13
4.056444e-08
3.0900725e-08
-1.9325677e-12
3.0904053e-08
-1.9623759e-12
4.056774e-08
-2.2971161e-12
-8.6343543e-09
1.5900609e-13
-6.282986e-08
2.5050048e-12
-6.2831135e-08
2.1093231e-12
-8.637541e-09
2.0030071e-12
4.0564547e-08
3.0902728e-08
-9.9850971e-14
3.0904158e-08
-2.7687289e-12
4.0570418e-08
-1.7743421e-12
-8.6353394e-09
1.1426816e-13
-6.283174e-08
2.0341406e-12
-6.2833046e-08
2.898545e-12
-8.6383964e-09
1.1260501e-13
4.0567341e-08
3.0902845e-08
-1.8309986e-12
3.0905989e-08
-1.7303406e-12
4.0570317e-08
-2.0954548e-12
-8.6349749e-09
1.4876083e-13
-6.2833985e-08
2.2860693e-12
-6.2835184e-08
1.866903e-12
-8.6379777e-09
1.8981576e-12
4.056731e-08
3.0904743e-08
-3.0260946e-15
3.0905997e-08
-2.5403667e-12
4.0572863e-08
-1.5779794e-12
-8.6359281e-09
1.0414384e-13
-6.2835658e-08
1.8201279e-12
-6.2836891e-08
2.6597967e-12
-8.6388085e-09
1.2747171e-14
4.0569965e-08
3.090476e-08
-1.7337889e-12
3.0907731e-08
-1.5081852e-12
4.0572638e-08
-1.9026431e-12
-8.6355344e-09
1.3842504e-13
-6.28377e-08
2.0758248e-12
-6.2838829e-08
1.6342879e-12
-8.6383675e-09
1.7976601e-12
4.0569802e-08
3.0906558e-08
8.9906885e-14
3.0907646e-08
-2.3214624e-12
4.0575058e-08
-1.3899048e-12
-8.6364568e-09
9.3973564e-14
-6.2839175e-08
1.6143427e-12
-6.2840341e-08
2.4304805e-12
-8.6391748e-09
-8.3222425e-14
4.0572323e-08
3.0906479e-08
-1.6404757e-12
3.0909286e-08
-1.294831e-12
4.0574712e-08
-1.7176878e-12
-8.6360349e-09
1.280962e-13
-6.2841022e-08
1.8734441e-12
-6.2842087e-08
1.4104946e-12
-8.6387126e-09
1.7010789e-12
4.0572033e-08
3.090818e-08
1.793929e-13
3.0909112e-08
-2.1109581e-12
4.0577011e-08
-1.2091542e-12
-8.6369276e-09
8.38444e-14
-6.2842306e-08
1.4159686e-12
-6.2843411e-08
2.2096235e-12
-8.6394975e-09
-1.7572457e-13
4.0574426e-08
3.0908008e-08
-1.5506178e-12
3.0910662e-08
-1.089251e-12
4.0576549e-08
-1.5396503e-12
-8.6364783e-09
1.1785125e-13
-6.2843965e-08
1.6781192e-12
-6.2844972e-08
1.1945712e-12
-8.6390148e-09
1.6079932e-12
4.0574012e-08
3.0909616e-08
2.6585481e-13
3.0910402e-08
-1.9078508e-12
4.0578732e-08
-1.0348191e-12
-8.6373423e-09
7.3824115e-14
-6.2845065e-08
1.2242117e-12
-6.2846114e-08
1.9962881e-12
-8.6397782e-09
-2.6516383e-13
4.0576281e-08
3.0909355e-08
-1.4637972e-12
3.0911865e-08
-8.9047431e-13
4.0578158e-08
-1.3676486e-12
-8.6368664e-09
1.0774958e-13
-6.2846541e-08
1.4890691e-12
-6.2847496e-08
9.8560421e-13
-8.6392757e-09
1.5180009e-12
4.0575749e-08
3.0910872e-08
3.4969195e-13
3.091152e-08
-1.7111955e-12
4.0580227e-08
-8.6604831e-13
-8.6377025e-09
6.3965168e-14
-6.2847463e-08
1.0383092e-12
-6.2848462e-08
1.7895793e-12
-8.6400183e-09
-3.5192572e-13
4.0577898e-08
3.0910525e-08
-1.3796213e-12
3.0912899e-08
-6.9759012e-13
4.0579545e-08
-1.2008594e-12
-8.6372006e-09
9.7837164e-14
-6.2848762e-08
1.3055478e-12
-6.2849671e-08
7.827263e-13
-8.6394966e-09
1.4307203e-12
4.057725e-08
3.0911955e-08
4.3127811e-13
3.0912473e-08
-1.520109e-12
4.0581504e-08
-7.0205015e-13
-8.6380097e-09
5.4308013e-14
-6.284951e-08
8.5753736e-13
-6.2850465e-08
1.5886521e-12
-8.6402191e-09
-4.3637389e-13
4.0579282e-08
3.0911523e-08
-1.297724e-12
3.091377e-08
-5.0975091e-13
4.0580716e-08
-1.0385194e-12
-8.6374824e-09
8.8149531e-14
-6.2850638e-08
1.1268526e-12
-6.2851505e-08
5.8512344e-13
-8.6396786e-09
1.3457941e-12
4.0578521e-08
3.0912868e-08
5.1095965e-13
3.0913264e-08
-1.3337744e-12
4.0582569e-08
-5.4209406e-13
-8.6382652e-09
4.4884597e-14
-6.2851217e-08
6.8121879e-13
-6.2852133e-08
1.3927186e-12
-8.6403816e-09
-5.1884725e-13
4.058044e-08
3.0912353e-08
-1.2177686e-12
3.0914481e-08
-3.261767e-13
4.0581677e-08
-8.7992811e-13
-8.6377131e-09
7.8715494e-14
-6.2852177e-08
9.5233079e-13
-6.2853008e-08
3.9204175e-13
-8.6398227e-09
1.2628914e-12
4.0579569e-08
3.0913615e-08
5.8905374e-13
3.0913897e-08
-1.1514439e-12
4.0583425e-08
-3.8551262e-13
-8.6384702e-09
3.5721515e-14
-6.285259e-08
5.0873047e-13
-6.2853473e-08
1.2010554e-12
-8.6405065e-09
-5.9965708e-13
4.0581377e-08
3.091302e-08
-1.1394487e-12
3.0915035e-08
-1.4615869e-13
4.0582431e-08
-7.2444942e-13
-8.6378936e-09
6.9560221e-14
-6.2853385e-08
7.8138866e-13
-6.2854186e-08
2.0279543e-13
-8.6399294e-09
1.1817112e-12
4.0580398e-08
3.0914201e-08
6.6584635e-13
3.0914375e-08
-9.7244372e-13
4.0584078e-08
-2.3170411e-13
-8.6386256e-09
2.684363e-14
-6.2853635e-08
3.3951211e-13
-6.2854491e-08
1.0130105e-12
-8.6405944e-09
-6.7908388e-13
4.0582097e-08
3.0913526e-08
-1.0624909e-12
3.0915436e-08
3.0936153e-14
4.0582984e-08
-5.7151411e-13
-8.638025e-09
6.0708998e-14
-6.2854269e-08
6.1349895e-13
-6.2855045e-08
1.6773861e-14
-8.6399993e-09
1.1019852e-12
4.0581011e-08
3.0914627e-08
7.4158981e-13
3.09147e-08
-7.9617839e-13
4.0584529e-08
-8.0134907e-14
-8.6387323e-09
1.8277375e-14
-6.2854359e-08
1.7307398e-13
-6.2855192e-08
8.2801214e-13
-8.6406459e-09
-7.5737446e-13
4.0582604e-08
3.0913874e-08
-9.8665687e-13
3.0915685e-08
2.0566035e-13
4.0583336e-08
-4.206227e-13
-8.6381079e-09
5.2190151e-14
-6.2854834e-08
4.4820952e-13
-6.2855589e-08
-1.6654965e-13
-8.6400328e-09
1.0234808e-12
4.0581413e-08
3.0914897e-08
8.1650065e-13
3.0914874e-08
-6.221356e-13
4.0584783e-08
6.9657708e-14
-8.6387911e-09
1.005402e-14
-6.2854766e-08
9.0058802e-15
-6.285558e-08
6.455765e-13
-8.640661e-09
-8.3473832e-13
4.05829e-08
3.0914066e-08
-9.1174568e-13
3.0915784e-08
3.7848095e-13
4.0583492e-08
-2.7134854e-13
-8.6381433e-09
4.4038973e-14
-6.2855083e-08
2.8515254e-13
-6.2855823e-08
-3.4760975e-13
-8.64003e-09
9.4600535e-13
4.0581606e-08
3.0915011e-08
8.9075702e-13
3.0914899e-08
-4.4989137e-13
4.058484e-08
2.1806204e-13
-8.6388026e-09
2.2133664e-15
-6.2854859e-08
-1.5301349e-13
-6.285566e-08
4.6531654e-13
-8.6406401e-09
-9.1134395e-13
4.058299e-08
3.0914104e-08
-8.3759636e-13
3.0915735e-08
5.497741e-13
4.0583452e-08
-1.2334103e-13
-8.6381316e-09
3.6300927e-14
-6.2855021e-08
1.2405374e-13
-6.2855749e-08
-5.2673979e-13
-8.6399912e-09
8.694089e-13
4.0581593e-08
3.0914972e-08
9.6449582e-13
3.0914776e-08
-2.7911584e-13
4.0584703e-08
3.6538907e-13
-8.6387676e-09
-5.19264e-15
-6.2854642e-08
-3.1320716e-13
-6.2855433e-08
2.869515e-13
-8.6405831e-09
-9.8731523e-13
4.0582874e-08
3.0913989e-08
-7.6409071e-13
3.0915538e-08
7.1981928e-13
4.0583218e-08
2.367146e-14
-8.6380737e-09
2.9035923e-14
-6.285465e-08
-3.5257864e-14
-6.2855371e-08
-7.0416223e-13
-8.6399162e-09
7.9358845e-13
4.0581375e-08
3.0914782e-08
1.03781e-12
3.0914506e-08
-1.0957831e-13
4.0584373e-08
5.1186923e-13
-8.6386866e-09
-1.2095798e-14
-6.2854117e-08
-4.7168952e-13
-6.2854903e-08
1.1031615e-13
-8.64049e-09
-1.0627274e-12
4.0582555e-08
3.0913723e-08
-6.9115579e-13
3.0915195e-08
8.8879414e-13
4.0582792e-08
1.6987821e-13
-8.63797e-09
2.2322203e-14
-6.2853972e-08
-1.9283959e-13
-6.285469e-08
-8.7997921e-13
-8.6398049e-09
7.1849181e-13
4.0580956e-08
3.091444e-08
1.1107457e-12
3.091409e-08
5.8847203e-14
4.0583851e-08
6.5764941e-13
-8.6385603e-09
-1.840727e-14
-6.2853288e-08
-6.2845639e-13
-6.2854072e-08
-6.4629406e-14
-8.6403606e-09
-1.1376031e-12
4.0582036e-08
3.0913307e-08
-6.1876634e-13
3.0914707e-08
1.0567693e-12
4.0582175e-08
3.1538386e-13
-8.6378213e-09
1.6261113e-14
-6.2852991e-08
-3.4862499e-13
-6.2853709e-08
-1.0541627e-12
-8.6396572e-09
6.4412139e-13
4.0580336e-08
3.091395e-08
1.1833003e-12
3.0913529e-08
2.2617744e-13
4.0583139e-08
8.0279116e-13
-8.6383895e-09
-2.4012833e-14
-6.2852156e-08
-7.8337465e-13
-6.2852942e-08
-2.3779016e-13
-8.6401947e-09
-1.2119081e-12
4.0581317e-08
3.0912742e-08
-5.4694704e-13
3.0914074e-08
1.2237038e-12
4.0581367e-08
4.6020703e-13
-8.6376285e-09
1.0982103e-14
-6.2851709e-08
-5.0241377e-13
-6.2852431e-08
-1.2265452e-12
-8.6394728e-09
5.7053773e-13
4.0579519e-08
3.0913311e-08
1.2554197e-12
3.0912824e-08
3.9231625e-13
4.0582238e-08
9.4726978e-13
-8.638175e-09
-2.8767748e-14
-6.2850725e-08
-9.3617207e-13
-6.2851515e-08
-4.0892773e-13
-8.639992e-09
-1.2855481e-12
4.0580402e-08
3.091203e-08
-4.7577393e-13
3.0913298e-08
1.3894431e-12
4.0580371e-08
6.0428016e-13
-8.6373924e-09
6.6480263e-15
-6.285013e-08
-6.5386206e-13
-6.2850857e-08
-1.3968114e-12
-8.6392514e-09
4.9786334e-13
4.0578507e-08
3.0912526e-08
1.3269973e-12
3.0911976e-08
5.5705348e-13
4.0581149e-08
1.0909751e-12
-8.637918e-09
-3.249074e-14
-6.2848998e-08
-1.0864287e-12
-6.2849795e-08
-5.7765206e-13
-8.6397521e-09
-1.3583648e-12
4.0579294e-08
3.0911172e-08
-4.0537513e-13
3.0912379e-08
1.5537181e-12
4.0579188e-08
7.4745184e-13
-8.6371144e-09
3.4614861e-15
-6.2848257e-08
-8.0247445e-13
-6.2848992e-08
-1.5644912e-12
-8.6389925e-09
4.2628481e-13
4.0577302e-08
3.0911597e-08
1.3978736e-12
3.0910986e-08
7.2006575e-13
4.0579873e-08
1.2337155e-12
-8.6376197e-09
-3.4957745e-14
-6.284698e-08
-1.2335693e-12
-6.2847785e-08
-7.4341646e-13
-8.6394746e-09
-1.4301343e-12
4.0577995e-08
3.0910171e-08
-3.3592993e-13
3.0911321e-08
1.7161481e-12
4.057782e-08
8.8949236e-13
-8.6367958e-09
1.6715461e-15
-6.2846095e-08
-9.4759766e-13
-6.2846839e-08
-1.7289552e-12
-8.6386957e-09
3.5605453e-13
4.0575909e-08
3.0910526e-08
1.4678379e-12
3.0909858e-08
8.8092146e-13
4.0578414e-08
1.375225e-12
-8.6372818e-09
-3.5894714e-14
-6.2844676e-08
-1.3768584e-12
-6.284549e-08
-9.0551453e-13
-8.6391591e-09
-1.5005655e-12
4.0576511e-08
3.0909029e-08
-2.6766624e-13
3.0910124e-08
1.8762477e-12
4.0576268e-08
1.0301032e-12
-8.6364384e-09
1.5807822e-15
-6.284365e-08
-1.0884174e-12
-6.2844402e-08
-1.8894144e-12
-8.6383607e-09
2.8749075e-13
4.0574333e-08
3.0909315e-08
1.5366315e-12
3.0908592e-08
1.0390907e-12
4.0576773e-08
1.5151751e-12
-8.6369062e-09
-3.497047e-14
-6.2842092e-08
-1.5153993e-12
-6.2842914e-08
-1.0630821e-12
-8.638805e-09
-1.5693006e-12
4.0574845e-08
3.090775e-08
-2.0085546e-13
3.0908791e-08
2.03344e-12
4.0574537e-08
1.1689312e-12
-8.6360446e-09
3.5531275e-15
-6.2840929e-08
-1.2239594e-12
-6.2841689e-08
-2.0449238e-12
-8.6379867e-09
2.2097558e-13
4.0572578e-08
3.090797e-08
1.6039538e-12
3.0907192e-08
1.1939619e-12
4.0574955e-08
1.653192e-12
-8.6364956e-09
-3.1788792e-14
-6.2839236e-08
-1.6481376e-12
-6.2840065e-08
-1.2151048e-12
-8.6384118e-09
-1.6359187e-12
4.0573005e-08
3.0906338e-08
-1.3580432e-13
3.0907326e-08
2.1870761e-12
4.057263e-08
1.30559e-12
-8.635617e-09
8.0206948e-15
-6.2837942e-08
-1.3530975e-12
-6.2838707e-08
-2.1943946e-12
-8.6375732e-09
1.5694966e-13
4.0570653e-08
3.0906493e-08
1.6694727e-12
3.0905662e-08
1.3448658e-12
4.0572962e-08
1.7888815e-12
-8.6360528e-09
-2.5881775e-14
-6.2836119e-08
-1.7738739e-12
-6.2836951e-08
-1.3604341e-12
-8.6379787e-09
-1.6999421e-12
4.0570999e-08
3.0904797e-08
-7.2842559e-14
3.0905733e-08
2.3364647e-12
4.0570551e-08
1.4396878e-12
-8.635159e-09
1.549088e-14
-6.2834698e-08
-1.4745699e-12
-6.2835463e-08
-2.3366141e-12
-8.6371194e-09
9.5903733e-14
4.0568565e-08
3.0904892e-08
1.7328379e-12
3.0904005e-08
1.4911107e-12
4.05708e-08
1.9218603e-12
-8.6355816e-09
-1.6704032e-14
-6.2832751e-08
-1.8912852e-12
-6.2833581e-08
-1.4978143e-12
-8.637505e-09
-1.7608466e-12
4.0568834e-08
3.0903135e-08
-1.2305926e-14
3.0904015e-08
2.4809115e-12
4.0568305e-08
1.5708639e-12
-8.6346746e-09
2.6549467e-14
-6.283121e-08
-1.5870086e-12
-6.283197e-08
-2.4702799e-12
-8.6366246e-09
3.8364407e-14
4.0566324e-08
3.0903172e-08
1.7937012e-12
3.0902226e-08
1.6320273e-12
4.0568474e-08
2.0517974e-12
-8.6350862e-09
-3.6314307e-15
-6.2829147e-08
-1.9989625e-12
-6.2829967e-08
-1.6259233e-12
-8.6369898e-09
-1.8180792e-12
4.0566523e-08
3.0901358e-08
4.5486805e-14
3.0902179e-08
2.6197707e-12
4.0565897e-08
1.6988341e-12
-8.6341684e-09
4.1859406e-14
-6.2827492e-08
-1.6889851e-12
-6.2828239e-08
-2.5940494e-12
-8.6360876e-09
-1.5126492e-14
4.0563942e-08
3.0901341e-08
1.8517419e-12
3.0900332e-08
1.7670276e-12
4.0565989e-08
2.1784623e-12
-8.6345717e-09
1.4033124e-14
-6.282532e-08
-2.0954668e-12
-6.2826122e-08
-1.7434338e-12
-8.6364318e-09
-1.8710813e-12
4.0564076e-08
3.0899474e-08
1.0026289e-13
3.090023e-08
2.7525105e-12
4.0563335e-08
1.8234424e-12
-8.6336458e-09
6.2149578e-14
-6.2823562e-08
-1.7790803e-12
-6.2824284e-08
-2.7066127e-12
-8.6355072e-09
-6.4041081e-14
4.0561432e-08
3.0899408e-08
1.9066987e-12
3.0898328e-08
1.8956773e-12
4.0563353e-08
2.3017803e-12
-8.6340438e-09
3.7042538e-14
-6.282129e-08
-2.1794146e-12
-6.282206e-08
-1.8490992e-12
-8.6358297e-09
-1.9193242e-12
4.0561508e-08
3.0897493e-08
1.5183219e-13
3.0898174e-08
2.8787914e-12
4.0560624e-08
1.9447187e-12
-8.633113e-09
8.8188287e-14
-6.2819436e-08
-1.8559862e-12
-6.2820118e-08
-2.806793e-12
-8.6348819e-09
-1.0790639e-13
4.0558808e-08
3.0897383e-08
1.9584105e-12
3.089622e-08
2.0177803e-12
4.0560572e-08
2.4218906e-12
-8.6335089e-09
6.61663e-14
-6.2817073e-08
-2.2495988e-12
-6.2817795e-08
-1.9418723e-12
-8.6351818e-09
-1.9623551e-12
4.0558835e-08
3.0895425e-08
2.0013039e-13
3.0896018e-08
2.9985572e-12
4.0557771e-08
2.0629366e-12
-8.6325766e-09
1.2073002e-13
-6.2815133e-08
-1.9186513e-12
-6.2815759e-08
-2.8936864e-12
-8.6342098e-09
-1.4635919e-13
4.0556086e-08
3.0895277e-08
2.006862e-12
3.0894016e-08
2.1334751e-12
4.0557652e-08
2.5392013e-12
-8.6329743e-09
1.0212161e-13
-6.2812689e-08
-2.3051613e-12
-6.2813344e-08
-2.0210669e-12
-8.6344862e-09
-1.9998616e-12
4.0556071e-08
3.0893281e-08
2.452687e-13
3.0893769e-08
3.1121339e-12
4.0554783e-08
2.1786628e-12
-8.6320442e-09
1.6042636e-13
-6.2810673e-08
-1.9664826e-12
-6.281122e-08
-2.9668473e-12
-8.6334889e-09
-1.792198e-13
4.0553281e-08
3.08931e-08
2.0522364e-12
3.0891721e-08
2.2433361e-12
4.0554599e-08
2.6544315e-12
-8.6324472e-09
1.4545898e-13
-6.2808157e-08
-2.3458295e-12
-6.2808721e-08
-2.0865721e-12
-8.6337404e-09
-2.0317554e-12
4.0553233e-08
3.0891072e-08
2.875887e-13
3.0891432e-08
3.2203329e-12
4.0551664e-08
2.2927883e-12
-8.631523e-09
2.0768208e-13
-6.2806075e-08
-1.9996214e-12
-6.2806517e-08
-3.0265348e-12
-8.6327166e-09
-2.0658821e-13
4.0550411e-08
3.0890864e-08
2.0949721e-12
3.0889341e-08
2.3484747e-12
4.0551418e-08
2.7686258e-12
-8.6319351e-09
1.9638507e-13
-6.2803495e-08
-2.3722339e-12
-6.2803941e-08
-2.1391326e-12
-8.632942e-09
-2.0582821e-12
4.0550336e-08
3.088881e-08
3.2771807e-13
3.0889012e-08
3.324547e-12
4.0548418e-08
2.4065236e-12
-8.6310206e-09
2.6244104e-13
-6.2801354e-08
-2.0193071e-12
-6.2801662e-08
-3.0740286e-12
-8.6318905e-09
-2.2896747e-13
4.0547489e-08
3.0888579e-08
2.1358172e-12
3.0886881e-08
2.4506276e-12
4.0548111e-08
2.883128e-12
-8.631445e-09
2.5450698e-13
-6.2798718e-08
-2.3863226e-12
-6.2799014e-08
-2.1807023e-12
-8.6320884e-09
-2.0801593e-12
4.0547395e-08
3.0886503e-08
3.666238e-13
3.0886512e-08
3.4268279e-12
4.0545048e-08
2.5213444e-12
-8.6305431e-09
3.2388464e-13
-6.2796524e-08
-2.0283432e-12
-6.2796665e-08
-3.1120225e-12
-8.631008e-09
-2.4741722e-13
4.0544529e-08
3.0886254e-08
2.1758809e-12
3.0884341e-08
2.5522193e-12
4.0544679e-08
2.9994947e-12
-8.6309823e-09
3.1848292e-13
-6.2793835e-08
-2.3918786e-12
-6.2793947e-08
-2.2148775e-12
-8.6311773e-09
-2.0987465e-12
4.0544419e-08
3.0884159e-08
4.0565625e-13
3.0883933e-08
3.5299318e-12
4.0541552e-08
2.6388705e-12
-8.6300948e-09
3.9003605e-13
-6.2791589e-08
-2.0316649e-12
-6.2791528e-08
-3.1450948e-12
-8.6300671e-09
-2.6373754e-13
4.0541535e-08
3.0883893e-08
2.2166705e-12
3.0881721e-08
2.6563851e-12
4.054112e-08
3.1193393e-12
-8.6305497e-09
3.8558039e-13
-6.2788848e-08
-2.3951313e-12
-6.278874e-08
-2.2473991e-12
-8.6302072e-09
-2.116243e-12
4.0541411e-08
3.0881781e-08
4.4657734e-13
3.0881272e-08
3.6373194e-12
4.0537926e-08
2.7606719e-12
-8.6296767e-09
4.5727868e-13
-6.2786548e-08
-2.036986e-12
-6.2786249e-08
-3.1802359e-12
-8.6290673e-09
-2.8067707e-13
4.0538509e-08
3.0881499e-08
2.2601111e-12
3.0879017e-08
2.7669444e-12
4.0537427e-08
3.2441045e-12
-8.6301459e-09
4.5116503e-13
-6.2783748e-08
-2.4054248e-12
-6.2783385e-08
-2.286694e-12
-8.6291783e-09
-2.1359042e-12
4.0538364e-08
3.0879366e-08
4.9156652e-13
3.0878523e-08
3.7531027e-12
4.0534162e-08
2.8880144e-12
-8.6292844e-09
5.1983284e-13
-6.2781383e-08
-2.055466e-12
-6.2780813e-08
-3.2273868e-12
-8.6280098e-09
-3.0214852e-13
4.0535437e-08
3.0879063e-08
2.3085395e-12
3.0876219e-08
2.8883208e-12
4.053359e-08
3.3747942e-12
-8.6297629e-09
5.0818657e-13
-6.2778509e-08
-2.4358523e-12
-6.2777861e-08
-2.3443867e-12
-8.6280936e-09
-2.1622509e-12
4.0535261e-08
3.0876904e-08
5.4320019e-13
3.0875674e-08
3.8819458e-12
4.0530248e-08
3.0215886e-12
-8.6289063e-09
5.6928557e-13
-6.277606e-08
-2.1022769e-12
-6.2775193e-08
-3.2998958e-12
-8.6268994e-09
-3.334194e-13
4.0532293e-08
3.0876569e-08
2.3646731e-12
3.0873314e-08
3.0254254e-12
4.0529595e-08
3.5117256e-12
-8.6293846e-09
5.4679077e-13
-6.2773087e-08
-2.5037068e-12
-6.2772135e-08
-2.4356653e-12
-8.6269598e-09
-2.2012305e-12
4.0532064e-08
3.0874372e-08
6.0440712e-13
3.0872707e-08
4.0289458e-12
4.0526168e-08
3.1613122e-12
-8.6285207e-09
5.9433873e-13
-6.2770524e-08
-2.1968767e-12
-6.2769347e-08
-3.4147491e-12
-8.6257454e-09
-3.8122215e-13
4.0529029e-08
3.0873989e-08
2.4315571e-12
3.087028e-08
3.183546e-12
4.0525423e-08
3.6544231e-12
-8.6289836e-09
5.5426203e-13
-6.2767416e-08
-2.6305047e-12
-6.2766155e-08
-2.5793217e-12
-8.6257889e-09
-2.2602613e-12
4.0528716e-08
3.0871732e-08
6.7840947e-13
3.08696e-08
4.1995517e-12
4.0521899e-08
3.306355e-12
-8.6280942e-09
5.810224e-13
-6.2764694e-08
-2.3627056e-12
-6.2763215e-08
-3.5923603e-12
-8.6245628e-09
-4.5370475e-13
4.0525575e-08
3.0871277e-08
2.5125096e-12
3.0867092e-08
3.3683124e-12
4.052105e-08
3.8018311e-12
-8.6285197e-09
5.1558473e-13
-6.27614e-08
-2.8412606e-12
-6.275985e-08
-2.7972206e-12
-8.6245992e-09
-2.3480679e-12
4.0525132e-08
3.0868932e-08
7.6866982e-13
3.0866321e-08
4.3996087e-12
4.0517416e-08
3.4555889e-12
-8.6275795e-09
5.1369545e-13
-6.2758462e-08
-2.6259438e-12
-6.2756714e-08
-3.8556482e-12
-8.623373e-09
-5.6011435e-13
4.0521834e-08
3.0868371e-08
2.6110876e-12
3.0863715e-08
3.5858382e-12
4.0516449e-08
3.953067e-12
-8.6279387e-09
4.14966e-13
-6.2754916e-08
-3.16263e-12
-6.2753129e-08
-3.112906e-12
-8.6234151e-09
-2.4741943e-12
4.0521202e-08
3.08659e-08
8.7887144e-13
3.0862833e-08
4.635634e-12
4.0512689e-08
3.6086878e-12
-8.6269156e-09
3.7717932e-13
-6.2751688e-08
-3.0129424e-12
-6.2749743e-08
-4.228104e-12
-8.6222035e-09
-7.1009105e-13
4.0517682e-08
3.0865188e-08
2.7311083e-12
3.0860107e-08
3.8431336e-12
4.0511584e-08
4.1089212e-12
-8.6271734e-09
2.3864351e-13
-6.2747811e-08
-3.6195508e-12
-6.2745877e-08
-3.5490506e-12
-8.6222663e-09
-2.6480745e-12
4.0516787e-08
3.0862544e-08
1.0129483e-12
3.0859092e-08
4.9153967e-12
4.0507679e-08
3.7680343e-12
-8.6260299e-09
1.6028556e-13
-6.2744206e-08
-3.546013e-12
-6.2742174e-08
-4.7305918e-12
-8.6210853e-09
-9.1245331e-13
4.0512966e-08
3.086163e-08
2.8767344e-12
3.085622e-08
4.1488072e-12
4.0506414e-08
4.2741792e-12
-8.6261473e-09
-2.0872587e-14
-6.2739904e-08
-4.2301761e-12
-6.2737957e-08
-4.1235478e-12
-8.6211842e-09
-2.8775704e-12
4.0511727e-08
3.0858756e-08
1.1751317e-12
3.0855042e-08
5.2487425e-12
4.0502338e-08
3.9413621e-12
-8.6248437e-09
-1.3928513e-13
-6.2735827e-08
-4.2375163e-12
-6.2733862e-08
-5.3767814e-12
-8.6200485e-09
-1.1733945e-12
4.0507521e-08
3.0857581e-08
3.0525614e-12
3.0851994e-08
4.5138493e-12
4.0500884e-08
4.460483e-12
-8.6247823e-09
-3.5938967e-13
-6.2730999e-08
-4.9992565e-12
-6.2729215e-08
-4.8442565e-12
-8.6201959e-09
-3.1669497e-12
4.050585e-08
3.0854418e-08
1.3698491e-12
3.0850622e-08
5.6482704e-12
4.0496602e-08
4.1445462e-12
-8.6232825e-09
-5.0926808e-13
-6.2726349e-08
-5.0826711e-12
-6.2724645e-08
-6.1673951e-12
-8.6191147e-09
-1.4940803e-12
4.0501174e-08
3.0852922e-08
3.2634591e-12
3.0847364e-08
4.9518033e-12
4.0494921e-08
4.6887598e-12
-8.6230114e-09
-7.5546425e-13
-6.2720897e-08
-5.9107347e-12
-6.2719482e-08
-5.7027396e-12
-8.619315e-09
-3.5143696e-12
4.0498992e-08
3.0849411e-08
1.6010178e-12
3.084576e-08
6.1288053e-12
4.0490391e-08
4.403051e-12
-8.6212895e-09
-9.1789112e-13
-6.271558e-08
-6.0522048e-12
-6.2714352e-08
-7.0838134e-12
-8.6182869e-09
-1.8677055e-12
4.0493774e-08
3.0847542e-08
3.5135187e-12
3.0842251e-08
5.4767373e-12
4.0488435e-08
4.989116e-12
-8.6207937e-09
-1.1667485e-12
-6.2709416e-08
-6.9210648e-12
-6.270859e-08
-6.6676625e-12
-8.6185325e-09
-3.9089745e-12
4.0491022e-08
3.0843637e-08
1.869723e-12
3.0840379e-08
6.7034545e-12
4.0483598e-08
4.7491821e-12
-8.6188433e-09
-1.3123559e-12
-6.2703358e-08
-7.0866961e-12
-6.2702819e-08
-8.0818052e-12
-8.6175409e-09
-2.2760257e-12
4.0485214e-08
3.0841359e-08
3.8027156e-12
3.0836582e-08
6.0959955e-12
4.0481312e-08
5.3945077e-12
-8.6181336e-09
-1.531571e-12
-6.2696424e-08
-7.9553872e-12
-6.2696387e-08
-7.6785469e-12
-8.6178099e-09
-4.3275233e-12
4.0481869e-08
3.0837036e-08
2.1683467e-12
3.0834411e-08
7.3723462e-12
4.0476105e-08
5.2106206e-12
-8.6159757e-09
-1.6245943e-12
-6.2689593e-08
-8.094852e-12
-6.268992e-08
-9.0858358e-12
-8.6168224e-09
-2.6850011e-12
4.0475466e-08
3.0834349e-08
4.1187292e-12
3.0830297e-08
6.7929577e-12
4.0473439e-08
5.9230114e-12
-8.6150975e-09
-1.7798537e-12
-6.2681882e-08
-8.9086263e-12
-6.2682784e-08
-8.6398653e-12
-8.6170833e-09
-4.7297597e-12
4.0471563e-08
3.0829623e-08
2.4680415e-12
3.0827827e-08
8.0985135e-12
4.0467805e-08
5.7848809e-12
-8.6127876e-09
-1.7882167e-12
-6.2674312e-08
-8.9573967e-12
-6.2675618e-08
-9.9831935e-12
-8.6160609e-09
-3.0383007e-12
4.0464616e-08
3.0826583e-08
4.420152e-12
3.0823411e-08
7.4943309e-12
4.0464739e-08
6.5438413e-12
-8.6118287e-09
-1.8566666e-12
-6.2665904e-08
-9.6526742e-12
-6.2667814e-08
-9.4142715e-12
-8.6162913e-09
-5.0504882e-12
4.0460258e-08
3.0821537e-08
2.6961299e-12
3.0820713e-08
8.7666086e-12
4.0458666e-08
6.39714e-12
-8.609463e-09
-1.7687544e-12
-6.2657741e-08
-9.5379233e-12
-6.2660048e-08
-1.0616523e-11
-8.615216e-09
-3.2465707e-12
4.0452886e-08
3.0818288e-08
4.6082272e-12
3.081611e-08
8.0220999e-12
4.0455259e-08
7.129463e-12
-8.6085618e-09
-1.7582736e-12
-6.2648846e-08
-1.0051887e-11
-6.2651747e-08
-9.8154782e-12
-8.6154443e-09
-5.1859803e-12
4.0448264e-08
3.0813106e-08
2.7044734e-12
3.0813403e-08
9.1329646e-12
4.0448828e-08
6.8537738e-12
-8.6062862e-09
-1.6033642e-12
-6.2640392e-08
-9.7066399e-12
-6.2643647e-08
-1.0779739e-11
-8.6143744e-09
-3.1726794e-12
4.0440655e-08
3.0809932e-08
4.4938598e-12
3.0808914e-08
8.0559173e-12
4.0445274e-08
7.4226696e-12
-8.6056443e-09
-1.5720539e-12
-6.2631389e-08
-1.0000955e-11
-6.263521e-08
-9.6178388e-12
-8.6147492e-09
-4.978778e-12
4.0436022e-08
3.0804958e-08
2.249216e-12
3.0806663e-08
8.8206925e-12
4.04387e-08
6.8479088e-12
-8.603675e-09
-1.4357231e-12
-6.2623108e-08
-9.4086608e-12
-6.262724e-08
-1.0255749e-11
-8.6139052e-09
-2.6283285e-12
4.0428393e-08
3.0802328e-08
3.7998293e-12
3.0802868e-08
7.2059247e-12
4.0435302e-08
7.1158201e-12
-8.603576e-09
-1.4997693e-12
-6.2614484e-08
-9.546354e-12
-6.2619185e-08
-8.6598905e-12
-8.6147832e-09
-4.2329681e-12
4.0423973e-08
3.0798099e-08
1.0550502e-12
3.0801811e-08
7.5268499e-12
4.0428828e-08
6.1734983e-12
-8.602226e-09
-1.5188574e-12
-6.2606795e-08
-8.8854697e-12
-6.2611821e-08
-9.0321859e-12
-8.6146394e-09
-1.4442282e-12
4.0416384e-08
3.0796654e-08
2.3166028e-12
3.07995e-08
5.4565004e-12
4.0425696e-08
6.2775028e-12
-8.6030379e-09
-1.8309632e-12
-6.2598678e-08
-9.2680036e-12
-6.2604376e-08
-7.2642194e-12
-8.6166345e-09
-2.8644643e-12
4.0411991e-08
3.0793793e-08
-8.5862708e-13
3.0800356e-08
5.8204257e-12
4.0419015e-08
5.479142e-12
-8.6026998e-09
-2.1493238e-12
-6.2591052e-08
-9.3159437e-12
-6.2597212e-08
-8.0311836e-12
-8.6179221e-09
2.247769e-13
4.0403734e-08
3.0794017e-08
4.6146721e-13
3.07999e-08
4.4910194e-12
4.0414994e-08
6.5627273e-12
-8.6047623e-09
-2.8308285e-12
-6.258165e-08
-1.1293875e-11
-6.258874e-08
-7.4408679e-12
-8.6217661e-09
-1.4195028e-12
4.039772e-08
3.0792602e-08
-2.2749568e-12
3.0802173e-08
7.1686631e-12
4.0405549e-08
8.087761e-12
-8.6056844e-09
-3.5040967e-12
-6.2570061e-08
-1.4350802e-11
-6.2577896e-08
-1.0954627e-11
-8.625165e-09
1.0597027e-12
4.0385704e-08
3.079366e-08
6.1230082e-13
3.0801567e-08
1.0605445e-11
4.0395564e-08
1.3777319e-11
-8.6088469e-09
-4.5283455e-12
-6.2551746e-08
-2.1492123e-11
-6.2560923e-08
-1.5561237e-11
-8.6310867e-09
-2.3230305e-12
4.0372474e-08
3.0791342e-08
1.0615186e-12
3.0800503e-08
2.1865529e-11
4.0374758e-08
2.3390816e-11
-8.6103751e-09
-5.3911126e-12
-6.2522967e-08
-3.3065434e-11
-6.2533251e-08
-2.7925732e-11
-8.636229e-09
-3.158903e-12
4.0347706e-08
3.0788182e-08
9.494004e-12
3.0791015e-08
3.9644308e-11
4.0344616e-08
4.2079078e-11
-8.6128004e-09
-6.4499563e-12
-6.2474429e-08
-5.3202423e-11
-6.248649e-08
-4.6981914e-11
-8.6424403e-09
-1.2148728e-11
4.031288e-08
3.0776037e-08
1.9266371e-11
3.0771747e-08
7.278101e-11
4.02911e-08
7.1629675e-11
-8.611652e-09
-7.0031899e-12
-6.2395799e-08
-8.4298421e-11
-6.2409197e-08
-8.0942279e-11
-8.6457989e-09
-2.2257612e-11
4.0254194e-08
3.0753779e-08
4.1254624e-11
3.0730498e-08
1.2299619e-10
4.0209367e-08
1.1886551e-10
-8.6075118e-09
-7.4362511e-12
-6.2269488e-08
-1.3179697e-10
-6.2284827e-08
-1.3180724e-10
-8.6457795e-09
-4.4600496e-11
4.0166995e-08
3.0709183e-08
7.1154784e-11
3.0659341e-08
2.0069487e-10
4.0079825e-08
1.8803606e-10
-8.5948561e-09
-6.8586257e-12
-6.2074596e-08
-2.0066917e-10
-6.209102e-08
-2.0911139e-10
-8.63734e-09
-7.4458087e-11
4.003234e-08
3.0634723e-08
1.1947364e-10
3.0539873e-08
3.1080839e-10
3.9888498e-08
2.8697916e-10
-8.5710176e-09
-5.7571218e-12
-6.1781851e-08
-2.9708108e-10
-6.1799687e-08
-3.1819735e-10
-8.6162147e-09
-1.2253716e-10
3.9836688e-08
3.051219e-08
1.8447845e-10
3.0355392e-08
4.6359063e-10
3.9609384e-08
4.215277e-10
-8.5289582e-09
-3.1465369e-12
-6.1357179e-08
-4.2785984e-10
-6.1374976e-08
-4.6829474e-10
-8.5757829e-09
-1.8671938e-10
3.955511e-08
3.0325469e-08
2.7462321e-10
3.0080774e-08
6.6518246e-10
3.9218832e-08
5.9814463e-10
-8.4619116e-09
2.9259664e-13
-6.0759319e-08
-5.9776481e-10
-6.0776911e-08
-6.6619728e-10
-8.507342e-09
-2.7564117e-10
3.9164561e-08
3.0049832e-08
3.8951531e-10
2.9691257e-08
9.2160765e-10
3.8686737e-08
8.2113119e-10
-8.3614393e-09
5.4349043e-12
-5.9943627e-08
-8.1249843e-10
-5.9958981e-08
-9.1697032e-10
-8.402874e-09
-3.8863255e-10
3.8636221e-08
2.9661197e-08
5.3283102e-10
2.9158431e-08
1.2350902e-09
3.7984485e-08
1.0909942e-09
-8.2173355e-09
1.1368697e-11
-5.8863993e-08
-1.0712678e-09
-5.8876337e-08
-1.2237759e-09
-8.2503583e-09
-5.2956212e-10
3.7942013e-08
2.9131638e-08
7.0248351e-10
2.8455944e-08
1.6008923e-09
3.7086072e-08
1.4049292e-09
-8.0213777e-09
1.8590508e-11
-5.7477659e-08
-1.3730236e-09
-5.7484728e-08
-1.5812839e-09
-8.0421029e-09
-6.9624081e-10
3.7056966e-08
2.8435395e-08
8.9396893e-10
2.756198e-08
2.0095688e-09
3.5970478e-08
1.7513832e-09
-7.7631853e-09
2.6070754e-11
-5.5752341e-08
-1.7057816e-09
-5.5752869e-08
-1.9811369e-09
-7.7667413e-09
-8.8437396e-10
3.5960208e-08
2.7551024e-08
1.0994628e-09
2.6462513e-08
2.4382757e-09
3.463166e-08
2.1137027e-09
-7.4386189e-09
3.3713975e-11
-5.3672358e-08
-2.0546178e-09
-5.3664543e-08
-2.400522e-09
-7.4208433e-09
-1.0862136e-09
3.4645895e-08
2.6464807e-08
1.303016e-09
2.5159501e-08
2.8579533e-09
3.3076727e-08
2.4630165e-09
-7.0436766e-09
4.0677621e-11
-5.1250014e-08
-2.3913713e-09
-5.1232489e-08
-2.8112688e-09
-7.0009408e-09
-1.2860195e-09
3.3120649e-08
2.5178789e-08
1.4856503e-09
2.3673846e-08
3.2220229e-09
3.1340348e-08
2.7640576e-09
-6.5857187e-09
4.6241483e-11
-4.8532205e-08
-2.6818472e-09
-4.8504408e-08
-3.167556e-09
-6.515239e-09
-1.4649895e-09
3.1418077e-08
2.3713796e-08
1.6164691e-09
2.205738e-08
3.4725421e-09
2.9484279e-08
2.9630132e-09
-6.0761863e-09
5.022486e-11
-4.5619413e-08
-2.8739747e-09
-4.5580205e-08
-3.4116397e-09
-5.9775707e-09
-1.5923949e-09
2.9598834e-08
2.2121402e-08
1.678758e-09
2.0378617e-08
3.5319747e-09
2.7631058e-08
2.9892545e-09
-5.5334704e-09
5.1748067e-11
-4.2681911e-08
-2.8965012e-09
-4.263196e-08
-3.4672874e-09
-5.406789e-09
-1.6515007e-09
2.7783045e-08
2.0469901e-08
1.6976661e-09
3.3222547e-09
2.7575421e-09
5.207807e-11
-2.6659271e-09
-3.255719e-09
-1.6685262e-09
)
;

boundaryField
{
    left
    {
        type            calculated;
        value           nonuniform List<scalar> 8(-9.5714217e-20 -9.5714217e-20 -9.5714217e-20 -9.5714217e-20 -9.5714217e-20 -9.5714217e-20 -9.5714217e-20 -9.5714217e-20);
    }
    right
    {
        type            calculated;
        value           nonuniform List<scalar> 8(1.8680953e-08 2.600647e-08 -4.9687566e-09 -3.9976446e-08 -3.9913953e-08 -4.8169958e-09 2.6195852e-08 1.8801375e-08);
    }
    walls
    {
        type            calculated;
        value           uniform 0;
    }
    frontAndBack
    {
        type            empty;
        value           nonuniform 0();
    }
}


// ************************************************************************* //
