/*--------------------------------*- C++ -*----------------------------------*\
| =========                 |                                                 |
| \\      /  F ield         | OpenFOAM: The Open Source CFD Toolbox           |
|  \\    /   O peration     | Version:  5.x                                   |
|   \\  /    A nd           | Web:      www.OpenFOAM.org                      |
|    \\/     M anipulation  |                                                 |
\*---------------------------------------------------------------------------*/
FoamFile
{
    version     2.0;
    format      ascii;
    class       surfaceScalarField;
    location    "1";
    object      phi_0;
}
// * * * * * * * * * * * * * * * * * * * * * * * * * * * * * * * * * * * * * //

dimensions      [0 3 -1 0 0 0 0];

internalField   nonuniform List<scalar> 
3592
(
-1.8377133e-06
-1.7475849e-05
-1.1782955e-06
-1.9972978e-05
-5.8249698e-07
-1.9909357e-05
2.9080819e-13
-1.9896057e-05
5.8249761e-07
-1.9896057e-05
1.1782953e-06
-1.9909357e-05
1.8377129e-06
-1.9972977e-05
-1.7475847e-05
-2.4551968e-06
-1.5020649e-05
-2.2249178e-06
-2.0203253e-05
-1.1931122e-06
-2.0941156e-05
5.3308194e-13
-2.1089163e-05
1.1931131e-06
-2.1089163e-05
2.2249176e-06
-2.0941156e-05
2.4551966e-06
-2.0203252e-05
-1.5020647e-05
-2.1448983e-06
-1.2875747e-05
-2.3663941e-06
-1.9981752e-05
-1.3757412e-06
-2.1931803e-05
6.3589475e-13
-2.24649e-05
1.3757423e-06
-2.24649e-05
2.366394e-06
-2.1931803e-05
2.1448984e-06
-1.9981752e-05
-1.2875746e-05
-1.6989489e-06
-1.1176794e-05
-2.103069e-06
-1.9577627e-05
-1.3041541e-06
-2.2730711e-05
7.1126634e-13
-2.3769049e-05
1.3041552e-06
-2.376905e-05
2.1030691e-06
-2.2730712e-05
1.6989491e-06
-1.9577627e-05
-1.1176794e-05
-1.2794494e-06
-9.8973405e-06
-1.7147063e-06
-1.9142364e-05
-1.1176414e-06
-2.332777e-05
6.1731629e-13
-2.4886687e-05
1.1176424e-06
-2.4886687e-05
1.7147066e-06
-2.3327771e-05
1.2794498e-06
-1.9142365e-05
-9.8973407e-06
-9.2887784e-07
-8.9684584e-06
-1.3247742e-06
-1.8746462e-05
-8.9893195e-07
-2.3753607e-05
5.1254044e-13
-2.5785615e-05
8.9893273e-07
-2.5785615e-05
1.3247747e-06
-2.3753608e-05
9.2887829e-07
-1.8746463e-05
-8.9684588e-06
-6.5539448e-07
-8.3130603e-06
-9.8475993e-07
-1.8417091e-05
-6.91143e-07
-2.4047219e-05
3.4271597e-13
-2.6476754e-05
6.911436e-07
-2.6476755e-05
9.8476056e-07
-2.404722e-05
6.5539503e-07
-1.8417092e-05
-8.3130607e-06
-4.5216616e-07
-7.8608901e-06
-7.1053782e-07
-1.8158714e-05
-5.1336853e-07
-2.4244383e-05
2.1638713e-13
-2.6990118e-05
5.1336893e-07
-2.6990119e-05
7.1053856e-07
-2.4244384e-05
4.5216678e-07
-1.8158715e-05
-7.8608905e-06
-3.0610094e-07
-7.554786e-06
-5.0043629e-07
-1.7964374e-05
-3.7083617e-07
-2.4373979e-05
8.5627994e-14
-2.7360951e-05
3.7083642e-07
-2.7360951e-05
5.0043709e-07
-2.437398e-05
3.061016e-07
-1.7964374e-05
-7.5547863e-06
-2.0376703e-07
-7.3510155e-06
-3.451927e-07
-1.7822943e-05
-2.6165513e-07
-2.4457513e-05
-5.164577e-15
-2.7622602e-05
2.6165525e-07
-2.7622603e-05
3.4519351e-07
-2.4457513e-05
2.0376771e-07
-1.7822943e-05
-7.3510158e-06
-1.3345329e-07
-7.2175598e-06
-2.3369719e-07
-1.7722695e-05
-1.8082214e-07
-2.4510385e-05
-6.8646032e-14
-2.7803422e-05
1.8082216e-07
-2.7803422e-05
2.3369797e-07
-2.4510385e-05
1.3345394e-07
-1.7722695e-05
-7.2175601e-06
-8.6026455e-08
-7.1315306e-06
-1.5542963e-07
-1.7653288e-05
-1.2261043e-07
-2.45432e-05
-1.2187355e-13
-2.7926029e-05
1.226104e-07
-2.7926028e-05
1.5543032e-07
-2.45432e-05
8.6027071e-08
-1.7653288e-05
-7.1315309e-06
-5.4522556e-08
-7.0770065e-06
-1.0160008e-07
-1.7606208e-05
-8.1638315e-08
-2.456316e-05
-1.2953893e-13
-2.8007665e-05
8.1638212e-08
-2.8007664e-05
1.016007e-07
-2.456316e-05
5.4523106e-08
-1.7606207e-05
-7.0770066e-06
-3.3944604e-08
-7.0430598e-06
-6.5234269e-08
-1.7574914e-05
-5.3389267e-08
-2.4575002e-05
-1.5766113e-13
-2.8061051e-05
5.3389173e-08
-2.8061051e-05
6.5234771e-08
-2.4575002e-05
3.3945087e-08
-1.7574914e-05
-7.04306e-06
-2.0697688e-08
-7.0223611e-06
-4.1097931e-08
-1.7554512e-05
-3.4268615e-08
-2.458183e-05
-1.3160792e-13
-2.8095317e-05
3.4268468e-08
-2.8095317e-05
4.109835e-08
-2.458183e-05
2.0698089e-08
-1.7554512e-05
-7.0223612e-06
-1.2320819e-08
-7.0100387e-06
-2.5344072e-08
-1.7541486e-05
-2.1559586e-08
-2.4585612e-05
-1.4416014e-13
-2.8116874e-05
2.1559481e-08
-2.8116874e-05
2.5344379e-08
-2.4585612e-05
1.2321154e-08
-1.7541486e-05
-7.0100389e-06
-7.1119115e-09
-7.0029262e-06
-1.5245647e-08
-1.7533351e-05
-1.3259632e-08
-2.4587597e-05
-1.0224623e-13
-2.8130132e-05
1.3259494e-08
-2.8130132e-05
1.5245895e-08
-2.4587597e-05
7.1121725e-09
-1.7533351e-05
-7.0029264e-06
-3.9433745e-09
-6.9989816e-06
-8.8921377e-09
-1.75284e-05
-7.9400689e-09
-2.4588547e-05
-1.0244952e-13
-2.813807e-05
7.9399925e-09
-2.813807e-05
8.8923081e-09
-2.4588547e-05
3.9435878e-09
-1.75284e-05
-6.9989819e-06
-2.0608935e-09
-6.9969203e-06
-4.9809677e-09
-1.7525479e-05
-4.5979674e-09
-2.4588929e-05
-5.7123088e-14
-2.8142667e-05
4.5978816e-09
-2.8142667e-05
4.9811138e-09
-2.4588929e-05
2.061055e-09
-1.7525479e-05
-6.9969206e-06
-9.7828527e-10
-6.9959409e-06
-2.6327002e-09
-1.7523822e-05
-2.5461536e-09
-2.4589013e-05
-4.6157389e-14
-2.8145211e-05
2.5461369e-09
-2.8145211e-05
2.6328112e-09
-2.4589014e-05
9.7842357e-10
-1.7523823e-05
-6.9959413e-06
-3.8065129e-10
-6.99556e-06
-1.2670928e-09
-1.7522935e-05
-1.3200599e-09
-2.4588959e-05
-2.4642142e-15
-2.814653e-05
1.3200596e-09
-2.814653e-05
1.2672098e-09
-2.458896e-05
3.8076115e-10
-1.7522936e-05
-6.9955603e-06
-7.1176478e-11
-6.9954877e-06
-5.0513733e-10
-1.7522499e-05
-6.123885e-10
-2.458885e-05
1.897988e-14
-2.814714e-05
6.1245833e-10
-2.8147141e-05
5.0525739e-10
-2.4588851e-05
7.1284498e-11
-1.75225e-05
-6.9954882e-06
7.3734417e-11
-6.9955612e-06
-1.0543896e-10
-1.7522319e-05
-2.2221764e-10
-2.4588733e-05
5.7264493e-14
-2.8147362e-05
2.2232539e-10
-2.8147362e-05
1.0558313e-10
-2.4588734e-05
-7.3636814e-11
-1.752232e-05
-6.9955617e-06
1.2747633e-10
-6.9956876e-06
8.4700174e-11
-1.7522274e-05
-2.1728535e-11
-2.4588624e-05
8.789455e-14
-2.8147381e-05
2.1901718e-11
-2.8147382e-05
-8.4527382e-11
-2.4588625e-05
-1.2736672e-10
-1.7522276e-05
-6.9956882e-06
1.3529094e-10
-6.9958226e-06
1.5776528e-10
-1.7522296e-05
7.0007975e-11
-2.4588536e-05
1.1892613e-13
-2.8147311e-05
-6.9782677e-11
-2.8147311e-05
-1.5756194e-10
-2.4588537e-05
-1.3518119e-10
-1.7522298e-05
-6.9958232e-06
1.2096802e-10
-6.9959425e-06
1.705558e-10
-1.7522344e-05
1.0164144e-10
-2.4588465e-05
1.5338399e-13
-2.8147207e-05
-1.0136094e-10
-2.8147208e-05
-1.7031216e-10
-2.4588466e-05
-1.2084024e-10
-1.7522346e-05
-6.9959432e-06
9.9835871e-11
-6.996042e-06
1.5432706e-10
-1.7522398e-05
1.0311043e-10
-2.4588413e-05
1.774514e-13
-2.8147104e-05
-1.0277345e-10
-2.8147104e-05
-1.5405589e-10
-2.4588415e-05
-9.9704125e-11
-1.7522399e-05
-6.9960427e-06
7.7208511e-11
-6.9961181e-06
1.2808474e-10
-1.7522447e-05
9.0543921e-11
-2.4588373e-05
2.1088035e-13
-2.8147012e-05
-9.0164394e-11
-2.8147012e-05
-1.2777232e-10
-2.4588375e-05
-7.7058535e-11
-1.7522448e-05
-6.9961189e-06
5.8050326e-11
-6.9961759e-06
9.9885638e-11
-1.7522488e-05
7.3825421e-11
-2.4588347e-05
2.2770325e-13
-2.8146937e-05
-7.3394356e-11
-2.8146938e-05
-9.9553847e-11
-2.4588349e-05
-5.7896999e-11
-1.7522489e-05
-6.9961766e-06
4.1562458e-11
-6.9962164e-06
7.5220511e-11
-1.752252e-05
5.6861474e-11
-2.4588327e-05
2.5669964e-13
-2.8146879e-05
-5.6401003e-11
-2.814688e-05
-7.4853445e-11
-2.4588328e-05
-4.1393986e-11
-1.7522521e-05
-6.9962172e-06
2.9668444e-11
-6.9962458e-06
5.4367247e-11
-1.7522544e-05
4.2433893e-11
-2.4588314e-05
2.6647118e-13
-2.8146836e-05
-4.1932924e-11
-2.8146837e-05
-5.3990346e-11
-2.4588316e-05
-2.9499385e-11
-1.7522545e-05
-6.9962465e-06
1.9978217e-11
-6.9962647e-06
3.8697716e-11
-1.7522561e-05
3.043238e-11
-2.4588304e-05
2.8843184e-13
-2.8146804e-05
-2.9914682e-11
-2.8146805e-05
-3.8294906e-11
-2.4588306e-05
-1.9798296e-11
-1.7522562e-05
-6.9962655e-06
1.3830683e-11
-6.9962783e-06
2.6432391e-11
-1.7522573e-05
2.1529629e-11
-2.4588299e-05
2.9157731e-13
-2.8146783e-05
-2.0985749e-11
-2.8146783e-05
-2.6028743e-11
-2.45883e-05
-1.365352e-11
-1.7522574e-05
-6.996279e-06
8.6900635e-12
-6.996286e-06
1.8085295e-11
-1.752258e-05
1.4610046e-11
-2.4588294e-05
3.0525201e-13
-2.8146767e-05
-1.40611e-11
-2.8146767e-05
-1.7666028e-11
-2.4588295e-05
-8.506255e-12
-1.7522582e-05
-6.9962867e-06
5.9789928e-12
-6.9962918e-06
1.1665882e-11
-1.7522586e-05
9.9468468e-12
-2.4588291e-05
3.0242431e-13
-2.8146757e-05
-9.3868424e-12
-2.8146757e-05
-1.1253476e-11
-2.4588293e-05
-5.8010015e-12
-1.7522587e-05
-6.9962923e-06
3.3596557e-12
-6.9962941e-06
7.7626943e-12
-1.7522588e-05
6.3665192e-12
-2.4588288e-05
3.0780885e-13
-2.8146749e-05
-5.8115976e-12
-2.8146749e-05
-7.344258e-12
-2.458829e-05
-3.1785384e-12
-1.752259e-05
-6.9962947e-06
2.4292794e-12
-6.9962964e-06
4.6173172e-12
-1.752259e-05
4.2143653e-12
-2.4588288e-05
2.9980615e-13
-2.8146745e-05
-3.6623773e-12
-2.8146745e-05
-4.2118473e-12
-2.4588289e-05
-2.2563535e-12
-1.7522591e-05
-6.9962968e-06
1.0553788e-12
-6.9962965e-06
3.0446279e-12
-1.752259e-05
2.4698314e-12
-2.4588285e-05
2.9778805e-13
-2.8146741e-05
-1.9312429e-12
-2.8146741e-05
-2.6411132e-12
-2.4588286e-05
-8.8193975e-13
-1.7522591e-05
-6.9962969e-06
9.5730993e-13
-6.9962972e-06
1.5300965e-12
-1.752259e-05
1.6145817e-12
-2.4588285e-05
2.8563597e-13
-2.8146739e-05
-1.0905153e-12
-2.8146739e-05
-1.1440024e-12
-2.4588286e-05
-7.936347e-13
-1.7522591e-05
-6.9962976e-06
1.4637816e-13
-6.9962964e-06
1.0607518e-12
-1.752259e-05
7.7251143e-13
-2.4588283e-05
2.7781457e-13
-2.8146737e-05
-2.6793104e-13
-2.8146737e-05
-6.8252694e-13
-2.4588284e-05
1.6105368e-14
-1.7522591e-05
-6.9962968e-06
4.0222221e-13
-6.9962967e-06
2.8839974e-13
-1.7522589e-05
5.2385478e-13
-2.4588283e-05
2.6282064e-13
-2.8146736e-05
-4.2151644e-14
-2.8146737e-05
6.9641836e-14
-2.4588284e-05
-2.5028383e-13
-1.752259e-05
-6.9962969e-06
-1.7351531e-13
-6.9962956e-06
2.9658277e-13
-1.7522588e-05
8.7891731e-14
-2.4588281e-05
2.5109723e-13
-2.8146735e-05
3.7072068e-13
-2.8146735e-05
4.9898966e-14
-2.4588282e-05
3.233711e-13
-1.7522589e-05
-6.9962958e-06
2.1690995e-13
-6.9962957e-06
-1.6469602e-13
-1.7522587e-05
9.8893063e-14
-2.4588281e-05
2.3468443e-13
-2.8146735e-05
3.3192813e-13
-2.8146735e-05
4.8986178e-13
-2.4588282e-05
-7.767904e-14
-1.7522588e-05
-6.9962958e-06
-2.6743464e-13
-6.9962945e-06
3.1105469e-14
-1.7522586e-05
-1.6858033e-13
-2.4588279e-05
2.2098148e-13
-2.8146734e-05
5.7519878e-13
-2.8146734e-05
2.8090304e-13
-2.458828e-05
4.0435879e-13
-1.7522586e-05
-6.9962947e-06
1.6546087e-13
-6.9962945e-06
-3.1028448e-13
-1.7522585e-05
-5.6487863e-14
-2.4588279e-05
2.0453685e-13
-2.8146734e-05
4.3359918e-13
-2.8146734e-05
6.0130005e-13
-2.458828e-05
-3.8674436e-14
-1.7522585e-05
-6.9962946e-06
-2.8502751e-13
-6.9962933e-06
-4.9949709e-14
-1.7522584e-05
-2.594375e-13
-2.4588278e-05
1.9054837e-13
-2.8146733e-05
6.1346487e-13
-2.8146733e-05
3.2796655e-13
-2.4588278e-05
4.097761e-13
-1.7522584e-05
-6.9962934e-06
1.5521876e-13
-6.9962933e-06
-3.4897702e-13
-1.7522583e-05
-1.1252906e-13
-2.4588278e-05
1.7524725e-13
-2.8146733e-05
4.3793607e-13
-2.8146733e-05
6.0748228e-13
-2.4588278e-05
-3.9716852e-14
-1.7522583e-05
-6.9962934e-06
-2.8195966e-13
-6.9962921e-06
-7.1643177e-14
-1.7522582e-05
-2.9241557e-13
-2.4588276e-05
1.6226853e-13
-2.8146732e-05
5.9758183e-13
-2.8146732e-05
3.1859401e-13
-2.4588276e-05
3.9600334e-13
-1.7522582e-05
-6.9962923e-06
1.5388469e-13
-6.9962922e-06
-3.5654981e-13
-1.7522581e-05
-1.3574433e-13
-2.4588276e-05
1.4895486e-13
-2.8146732e-05
4.1499609e-13
-2.8146732e-05
5.8624717e-13
-2.4588276e-05
-4.7962424e-14
-1.7522581e-05
-6.9962922e-06
-2.7612561e-13
-6.996291e-06
-7.8426817e-14
-1.752258e-05
-3.0732476e-13
-2.4588274e-05
1.3781645e-13
-2.8146731e-05
5.7027076e-13
-2.8146731e-05
2.9879045e-13
-2.4588274e-05
3.8130871e-13
-1.752258e-05
-6.9962911e-06
1.5220835e-13
-6.9962911e-06
-3.5799411e-13
-1.7522579e-05
-1.4917397e-13
-2.4588274e-05
1.2696098e-13
-2.8146731e-05
3.8992278e-13
-2.8146731e-05
5.6374081e-13
-2.4588274e-05
-5.3942145e-14
-1.7522579e-05
-6.9962911e-06
-2.7184557e-13
-6.9962899e-06
-8.3566214e-14
-1.7522577e-05
-3.168971e-13
-2.4588272e-05
1.1804975e-13
-2.814673e-05
5.4573525e-13
-2.814673e-05
2.8251017e-13
-2.4588273e-05
3.7008863e-13
-1.7522578e-05
-6.99629e-06
1.486299e-13
-6.99629e-06
-3.5977193e-13
-1.7522577e-05
-1.594755e-13
-2.4588272e-05
1.0977819e-13
-2.814673e-05
3.7013937e-13
-2.814673e-05
5.4676246e-13
-2.4588273e-05
-5.6142552e-14
-1.7522577e-05
-6.99629e-06
-2.6934267e-13
-6.9962888e-06
-8.9733352e-14
-1.7522575e-05
-3.2433822e-13
-2.4588271e-05
1.0311888e-13
-2.8146729e-05
5.2741456e-13
-2.8146729e-05
2.7239371e-13
-2.4588271e-05
3.6241759e-13
-1.7522575e-05
-6.9962889e-06
1.4358614e-13
-6.9962889e-06
-3.626216e-13
-1.7522574e-05
-1.6802307e-13
-2.4588271e-05
9.7286923e-14
-2.8146729e-05
3.5672252e-13
-2.8146729e-05
5.3575496e-13
-2.4588271e-05
-5.5232374e-14
-1.7522575e-05
-6.9962889e-06
-2.6802555e-13
-6.9962878e-06
-9.6747587e-14
-1.7522573e-05
-3.3013976e-13
-2.4588269e-05
9.2650175e-14
-2.8146728e-05
5.1512451e-13
-2.8146728e-05
2.6771751e-13
-2.4588269e-05
3.5741183e-13
-1.7522573e-05
-6.9962879e-06
1.3770458e-13
-6.9962879e-06
-3.6606147e-13
-1.7522572e-05
-1.7494963e-13
-2.4588269e-05
8.8936515e-14
-2.8146728e-05
3.4879238e-13
-2.8146728e-05
5.295315e-13
-2.4588269e-05
-5.2174596e-14
-1.7522573e-05
-6.9962879e-06
-2.6740292e-13
-6.9962867e-06
-1.0407591e-13
-1.7522571e-05
-3.3436262e-13
-2.4588267e-05
8.5947454e-14
-2.8146727e-05
5.0769789e-13
-2.8146727e-05
2.6711174e-13
-2.4588268e-05
3.5422172e-13
-1.7522571e-05
-6.9962869e-06
1.3139503e-13
-6.9962868e-06
-3.696753e-13
-1.752257e-05
-1.8035479e-13
-2.4588267e-05
8.3944004e-14
-2.8146727e-05
3.4505899e-13
-2.8146727e-05
5.2677124e-13
-2.4588268e-05
-4.7747431e-14
-1.7522571e-05
-6.9962869e-06
-2.6721206e-13
-6.9962857e-06
-1.1141644e-13
-1.7522569e-05
-3.3720257e-13
-2.4588266e-05
8.2173447e-14
-2.8146726e-05
5.0386599e-13
-2.8146726e-05
2.6933306e-13
-2.4588266e-05
3.5222263e-13
-1.752257e-05
-6.9962859e-06
1.2486138e-13
-6.9962858e-06
-3.7330725e-13
-1.7522569e-05
-1.8451021e-13
-2.4588266e-05
8.1457446e-14
-2.8146726e-05
3.4430378e-13
-2.8146726e-05
5.2638124e-13
-2.4588266e-05
-4.2503349e-14
-1.7522569e-05
-6.9962859e-06
-2.673477e-13
-6.9962847e-06
-1.1869664e-13
-1.7522567e-05
-3.39003e-13
-2.4588264e-05
8.0487624e-14
-2.8146725e-05
5.0251168e-13
-2.8146725e-05
2.7340077e-13
-2.4588265e-05
3.5098468e-13
-1.7522568e-05
-6.9962849e-06
1.1818935e-13
-6.9962848e-06
-3.7697177e-13
-1.7522567e-05
-1.8778571e-13
-2.4588264e-05
8.0670519e-14
-2.8146725e-05
3.4550108e-13
-2.8146726e-05
5.2752067e-13
-2.4588265e-05
-3.6826048e-14
-1.7522567e-05
-6.9962849e-06
-2.6777815e-13
-6.9962838e-06
-1.2595697e-13
-1.7522566e-05
-3.4015152e-13
-2.4588263e-05
8.0135917e-14
-2.8146725e-05
5.0272018e-13
-2.8146725e-05
2.7856784e-13
-2.4588263e-05
3.5021194e-13
-1.7522566e-05
-6.996284e-06
1.1141824e-13
-6.9962839e-06
-3.8074182e-13
-1.7522565e-05
-1.9054807e-13
-2.4588263e-05
8.0891239e-14
-2.8146725e-05
3.4782896e-13
-2.8146725e-05
5.2955201e-13
-2.4588263e-05
-3.0986722e-14
-1.7522565e-05
-6.996284e-06
-2.6849059e-13
-6.9962828e-06
-1.3325762e-13
-1.7522564e-05
-3.4099329e-13
-2.4588261e-05
8.0497413e-14
-2.8146724e-05
5.0377095e-13
-2.8146724e-05
2.8426758e-13
-2.4588262e-05
3.4969543e-13
-1.7522564e-05
-6.996283e-06
1.0457962e-13
-6.9962829e-06
-3.8467828e-13
-1.7522563e-05
-1.930956e-13
-2.4588262e-05
8.1571041e-14
-2.8146724e-05
3.5065076e-13
-2.8146724e-05
5.3199286e-13
-2.4588262e-05
-2.5181332e-14
-1.7522563e-05
-6.9962831e-06
-2.6946561e-13
-6.9962819e-06
-1.4062996e-13
-1.7522562e-05
-3.4178731e-13
-2.458826e-05
8.1098654e-14
-2.8146723e-05
5.0511533e-13
-2.8146724e-05
2.9007172e-13
-2.4588261e-05
3.4928413e-13
-1.7522562e-05
-6.9962821e-06
9.7714271e-14
-6.996282e-06
-3.8880019e-13
-1.7522561e-05
-1.956329e-13
-2.458826e-05
8.2306445e-14
-2.8146724e-05
3.5349049e-13
-2.8146724e-05
5.3448089e-13
-2.4588261e-05
-1.955426e-14
-1.7522562e-05
-6.9962822e-06
-2.7066852e-13
-6.996281e-06
-1.4806082e-13
-1.752256e-05
-3.4269557e-13
-2.4588259e-05
8.1604585e-14
-2.8146723e-05
5.0635126e-13
-2.8146723e-05
2.9566003e-13
-2.4588259e-05
3.4886751e-13
-1.7522561e-05
-6.9962812e-06
9.0874397e-14
-6.9962812e-06
-3.9307975e-13
-1.752256e-05
-1.9827224e-13
-2.4588259e-05
8.2824419e-14
-2.8146723e-05
3.5600616e-13
-2.8146723e-05
5.367479e-13
-2.458826e-05
-1.4211532e-14
-1.752256e-05
-6.9962813e-06
-2.7205064e-13
-6.9962801e-06
-1.5549554e-13
-1.7522559e-05
-3.4379354e-13
-2.4588258e-05
8.1800231e-14
-2.8146722e-05
5.0719652e-13
-2.8146723e-05
3.0079827e-13
-2.4588258e-05
3.4836486e-13
-1.7522559e-05
-6.9962804e-06
8.4121666e-14
-6.9962803e-06
-3.9745118e-13
-1.7522558e-05
-2.0104885e-13
-2.4588258e-05
8.2959618e-14
-2.8146723e-05
3.5796449e-13
-2.8146723e-05
5.3860046e-13
-2.4588258e-05
-9.2299544e-15
-1.7522559e-05
-6.9962805e-06
-2.7355349e-13
-6.9962793e-06
-1.6284914e-13
-1.7522557e-05
-3.4508837e-13
-2.4588257e-05
8.1565717e-14
-2.8146722e-05
5.0746506e-13
-2.8146722e-05
3.0531981e-13
-2.4588257e-05
3.4771839e-13
-1.7522558e-05
-6.9962796e-06
7.7521524e-14
-6.9962795e-06
-4.0182266e-13
-1.7522557e-05
-2.0394092e-13
-2.4588257e-05
8.2629915e-14
-2.8146722e-05
3.5921755e-13
-2.8146723e-05
5.3990409e-13
-2.4588257e-05
-4.6632729e-15
-1.7522557e-05
-6.9962796e-06
-2.7511431e-13
-6.9962785e-06
-1.7001925e-13
-1.7522556e-05
-3.465389e-13
-2.4588256e-05
8.0852252e-14
-2.8146722e-05
5.0704438e-13
-2.8146722e-05
3.0911218e-13
-2.4588256e-05
3.4688764e-13
-1.7522556e-05
-6.9962787e-06
7.1139182e-14
-6.9962787e-06
-4.0608994e-13
-1.7522555e-05
-2.0688902e-13
-2.4588256e-05
8.1813409e-14
-2.8146722e-05
3.5968218e-13
-2.8146722e-05
5.4057045e-13
-2.4588256e-05
-5.4751258e-16
-1.7522556e-05
-6.9962788e-06
-2.7667025e-13
-6.9962777e-06
-1.768979e-13
-1.7522554e-05
-3.4807472e-13
-2.4588255e-05
7.9661112e-14
-2.8146721e-05
5.0587781e-13
-2.8146722e-05
3.1210489e-13
-2.4588255e-05
3.4584571e-13
-1.7522555e-05
-6.9962779e-06
6.5034971e-14
-6.9962779e-06
-4.1014662e-13
-1.7522554e-05
-2.0981277e-13
-2.4588255e-05
8.0529423e-14
-2.8146722e-05
3.5932345e-13
-2.8146722e-05
5.4054692e-13
-2.4588255e-05
3.0962666e-15
-1.7522554e-05
-6.996278e-06
-2.7816285e-13
-6.9962769e-06
-1.8338054e-13
-1.7522553e-05
-3.496106e-13
-2.4588254e-05
7.8026569e-14
-2.8146721e-05
5.0394854e-13
-2.8146721e-05
3.1425983e-13
-2.4588254e-05
3.4457645e-13
-1.7522553e-05
-6.9962772e-06
5.9262696e-14
-6.9962771e-06
-4.1389192e-13
-1.7522552e-05
-2.1262393e-13
-2.4588254e-05
7.8822854e-14
-2.8146722e-05
3.5814068e-13
-2.8146722e-05
5.3980828e-13
-2.4588255e-05
6.2579616e-15
-1.7522553e-05
-6.9962773e-06
-2.7953916e-13
-6.9962762e-06
-1.8937267e-13
-1.7522552e-05
-3.5105763e-13
-2.4588253e-05
7.6002303e-14
-2.8146721e-05
5.0126812e-13
-2.8146721e-05
3.1556409e-13
-2.4588253e-05
3.4307174e-13
-1.7522552e-05
-6.9962764e-06
5.3866778e-14
-6.9962764e-06
-4.1723605e-13
-1.7522551e-05
-2.1523536e-13
-2.4588253e-05
7.6753059e-14
-2.8146722e-05
3.5615717e-13
-2.8146722e-05
5.3835007e-13
-2.4588254e-05
8.936885e-15
-1.7522552e-05
-6.9962765e-06
-2.807544e-13
-6.9962755e-06
-1.9479311e-13
-1.752255e-05
-3.5233096e-13
-2.4588252e-05
7.3651618e-14
-2.8146721e-05
4.9786751e-13
-2.8146721e-05
3.1602358e-13
-2.4588252e-05
3.4133018e-13
-1.7522551e-05
-6.9962757e-06
4.888292e-14
-6.9962757e-06
-4.2010361e-13
-1.752255e-05
-2.175673e-13
-2.4588252e-05
7.4385278e-14
-2.8146721e-05
3.5341235e-13
-2.8146722e-05
5.3618351e-13
-2.4588253e-05
1.1139458e-14
-1.752255e-05
-6.9962758e-06
-2.8177154e-13
-6.9962748e-06
-1.995771e-13
-1.7522549e-05
-3.5335482e-13
-2.4588251e-05
7.1040783e-14
-2.8146721e-05
4.9378999e-13
-2.8146721e-05
3.1565882e-13
-2.4588252e-05
3.3935495e-13
-1.752255e-05
-6.996275e-06
4.4336821e-14
-6.996275e-06
-4.2243466e-13
-1.7522549e-05
-2.1955087e-13
-2.4588252e-05
7.178526e-14
-2.8146721e-05
3.4995568e-13
-2.8146722e-05
5.3333165e-13
-2.4588252e-05
1.2877941e-14
-1.7522549e-05
-6.9962751e-06
-2.8256223e-13
-6.9962741e-06
-2.036761e-13
-1.7522548e-05
-3.5406517e-13
-2.4588251e-05
6.8234447e-14
-2.8146721e-05
4.8908653e-13
-2.8146721e-05
3.145009e-13
-2.4588251e-05
3.371538e-13
-1.7522548e-05
-6.9962743e-06
4.0245162e-14
-6.9962743e-06
-4.2418503e-13
-1.7522548e-05
-2.2113051e-13
-2.4588251e-05
6.9015657e-14
-2.8146721e-05
3.4584268e-13
-2.8146722e-05
5.2982617e-13
-2.4588251e-05
1.4169044e-14
-1.7522548e-05
-6.9962745e-06
-2.8310575e-13
-6.9962734e-06
-2.0705808e-13
-1.7522547e-05
-3.5441087e-13
-2.458825e-05
6.5292695e-14
-2.8146721e-05
4.8381234e-13
-2.8146721e-05
3.1258881e-13
-2.458825e-05
3.3473699e-13
-1.7522547e-05
-6.9962737e-06
3.6616446e-14
-6.9962737e-06
-4.2532616e-13
-1.7522546e-05
-2.222635e-13
-2.458825e-05
6.6133399e-14
-2.8146721e-05
3.4113203e-13
-2.8146722e-05
5.2570474e-13
-2.4588251e-05
1.5032981e-14
-1.7522547e-05
-6.9962738e-06
-2.8338898e-13
-6.9962728e-06
-2.0970585e-13
-1.7522546e-05
-3.5435396e-13
-2.4588249e-05
6.2269663e-14
-2.8146721e-05
4.7802415e-13
-2.8146721e-05
3.0996727e-13
-2.458825e-05
3.3211728e-13
-1.7522546e-05
-6.996273e-06
3.3451365e-14
-6.9962731e-06
-4.2584302e-13
-1.7522545e-05
-2.229206e-13
-2.458825e-05
6.318939e-14
-2.8146722e-05
3.3588301e-13
-2.8146722e-05
5.2100947e-13
-2.458825e-05
1.5492458e-14
-1.7522546e-05
-6.9962732e-06
-2.8340541e-13
-6.9962722e-06
-2.1161562e-13
-1.7522545e-05
-3.5386892e-13
-2.4588249e-05
5.9212404e-14
-2.8146721e-05
4.7177859e-13
-2.8146721e-05
3.0668453e-13
-2.4588249e-05
3.2930909e-13
-1.7522545e-05
-6.9962724e-06
3.07442e-14
-6.9962724e-06
-4.2573294e-13
-1.7522544e-05
-2.2308462e-13
-2.4588249e-05
6.0227315e-14
-2.8146722e-05
3.3015428e-13
-2.8146722e-05
5.1578514e-13
-2.458825e-05
1.5572105e-14
-1.7522545e-05
-6.9962726e-06
-2.831543e-13
-6.9962716e-06
-2.1279536e-13
-1.7522544e-05
-3.529414e-13
-2.4588248e-05
5.6161326e-14
-2.8146721e-05
4.6513084e-13
-2.8146721e-05
3.0279136e-13
-2.4588249e-05
3.2632811e-13
-1.7522544e-05
-6.9962718e-06
2.8483763e-14
-6.9962719e-06
-4.2500402e-13
-1.7522543e-05
-2.2274885e-13
-2.4588249e-05
5.728419e-14
-2.8146722e-05
3.2400257e-13
-2.8146722e-05
5.1007802e-13
-2.4588249e-05
1.5297684e-14
-1.7522544e-05
-6.996272e-06
-2.8263938e-13
-6.996271e-06
-2.1326296e-13
-1.7522543e-05
-3.515672e-13
-2.4588248e-05
5.3149943e-14
-2.8146721e-05
4.5813396e-13
-2.8146721e-05
2.9833939e-13
-2.4588248e-05
3.2319052e-13
-1.7522543e-05
-6.9962712e-06
2.665416e-14
-6.9962713e-06
-4.2367304e-13
-1.7522542e-05
-2.2191644e-13
-2.4588248e-05
5.4390104e-14
-2.8146722e-05
3.1748248e-13
-2.8146722e-05
5.0393472e-13
-2.4588249e-05
1.4695681e-14
-1.7522543e-05
-6.9962714e-06
-2.8186883e-13
-6.9962705e-06
-2.1304449e-13
-1.7522542e-05
-3.4975083e-13
-2.4588247e-05
5.0205217e-14
-2.8146721e-05
4.5083833e-13
-2.8146722e-05
2.9338057e-13
-2.4588248e-05
3.1991286e-13
-1.7522542e-05
-6.9962706e-06
2.5236312e-14
-6.9962707e-06
-4.2176421e-13
-1.7522542e-05
-2.2059808e-13
-2.4588248e-05
5.1569545e-14
-2.8146722e-05
3.1064548e-13
-2.8146722e-05
4.9740168e-13
-2.4588248e-05
1.3792454e-14
-1.7522542e-05
-6.9962708e-06
-2.8085341e-13
-6.9962699e-06
-2.1217191e-13
-1.7522541e-05
-3.4750337e-13
-2.4588247e-05
4.7348828e-14
-2.8146722e-05
4.4329122e-13
-2.8146722e-05
2.8796606e-13
-2.4588247e-05
3.1651182e-13
-1.7522541e-05
-6.9962701e-06
2.420838e-14
-6.9962702e-06
-4.1930673e-13
-1.7522541e-05
-2.1881042e-13
-2.4588248e-05
4.8841559e-14
-2.8146722e-05
3.0353991e-13
-2.8146722e-05
4.9052416e-13
-2.4588248e-05
1.2614776e-14
-1.7522541e-05
-6.9962703e-06
-2.796069e-13
-6.9962694e-06
-2.106826e-13
-1.752254e-05
-3.4484199e-13
-2.4588246e-05
4.4597152e-14
-2.8146722e-05
4.3553669e-13
-2.8146722e-05
2.8214571e-13
-2.4588247e-05
3.1300365e-13
-1.752254e-05
-6.9962696e-06
2.354654e-14
-6.9962697e-06
-4.163348e-13
-1.752254e-05
-2.1657614e-13
-2.4588247e-05
4.6220289e-14
-2.8146723e-05
2.9621076e-13
-2.8146723e-05
4.8334627e-13
-2.4588247e-05
1.1188024e-14
-1.752254e-05
-6.9962698e-06
-2.7814398e-13
-6.9962689e-06
-2.0861682e-13
-1.7522539e-05
-3.4178794e-13
-2.4588246e-05
4.1962144e-14
-2.8146722e-05
4.2761562e-13
-2.8146722e-05
2.7596774e-13
-2.4588246e-05
3.0940403e-13
-1.7522539e-05
-6.9962691e-06
2.3225931e-14
-6.9962692e-06
-4.1288421e-13
-1.7522539e-05
-2.1392038e-13
-2.4588247e-05
4.3716187e-14
-2.8146723e-05
2.8869984e-13
-2.8146723e-05
4.7590974e-13
-2.4588247e-05
9.5374677e-15
-1.7522539e-05
-6.9962693e-06
-2.7648115e-13
-6.9962684e-06
-2.0601695e-13
-1.7522538e-05
-3.383659e-13
-2.4588246e-05
3.9452403e-14
-2.8146722e-05
4.1956546e-13
-2.8146722e-05
2.694781e-13
-2.4588246e-05
3.0572807e-13
-1.7522539e-05
-6.9962686e-06
2.3221241e-14
-6.9962687e-06
-4.0899339e-13
-1.7522538e-05
-2.1087222e-13
-2.4588246e-05
4.1336128e-14
-2.8146723e-05
2.8104558e-13
-2.8146723e-05
4.6825464e-13
-2.4588247e-05
7.6870182e-15
-1.7522539e-05
-6.9962688e-06
-2.7463485e-13
-6.9962679e-06
-2.029266e-13
-1.7522538e-05
-3.3460294e-13
-2.4588245e-05
3.7073164e-14
-2.8146723e-05
4.1142071e-13
-2.8146723e-05
2.6272054e-13
-2.4588246e-05
3.0199023e-13
-1.7522538e-05
-6.9962681e-06
2.35066e-14
-6.9962683e-06
-4.0470099e-13
-1.7522538e-05
-2.0746171e-13
-2.4588246e-05
3.9084242e-14
-2.8146723e-05
2.7328324e-13
-2.8146723e-05
4.6041834e-13
-2.4588246e-05
5.6598678e-15
-1.7522538e-05
-6.9962683e-06
-2.7262234e-13
-6.9962675e-06
-1.9938941e-13
-1.7522537e-05
-3.3052711e-13
-2.4588245e-05
3.4827118e-14
-2.8146723e-05
4.032127e-13
-2.8146723e-05
2.557362e-13
-2.4588245e-05
2.98204e-13
-1.7522537e-05
-6.9962676e-06
2.4056814e-14
-6.9962678e-06
-4.0004587e-13
-1.7522537e-05
-2.0371987e-13
-2.4588246e-05
3.6962358e-14
-2.8146724e-05
2.6544503e-13
-2.8146724e-05
4.5243623e-13
-2.4588246e-05
3.4776559e-15
-1.7522537e-05
-6.9962679e-06
-2.7046022e-13
-6.996267e-06
-1.9544904e-13
-1.7522536e-05
-3.2616725e-13
-2.4588245e-05
3.2714933e-14
-2.8146723e-05
3.9496994e-13
-2.8146723e-05
2.4856385e-13
-2.4588245e-05
2.9438187e-13
-1.7522536e-05
-6.9962672e-06
2.4847087e-14
-6.9962674e-06
-3.9506629e-13
-1.7522536e-05
-1.9967814e-13
-2.4588246e-05
3.4970321e-14
-2.8146724e-05
2.5756032e-13
-2.8146724e-05
4.4434114e-13
-2.4588246e-05
1.1610499e-15
-1.7522536e-05
-6.9962674e-06
-2.6816495e-13
-6.9962666e-06
-1.9114754e-13
-1.7522536e-05
-3.2155237e-13
-2.4588245e-05
3.0735601e-14
-2.8146723e-05
3.8671815e-13
-2.8146724e-05
2.4123963e-13
-2.4588245e-05
2.9053546e-13
-1.7522536e-05
-6.9962667e-06
2.5853606e-14
-6.996267e-06
-3.8979941e-13
-1.7522536e-05
-1.9536794e-13
-2.4588245e-05
3.3106618e-14
-2.8146724e-05
2.4965594e-13
-2.8146724e-05
4.3616317e-13
-2.4588246e-05
-1.2707011e-15
-1.7522536e-05
-6.996267e-06
-2.6575211e-13
-6.9962662e-06
-1.8652611e-13
-1.7522535e-05
-3.1671115e-13
-2.4588244e-05
2.8886754e-14
-2.8146724e-05
3.7848079e-13
-2.8146724e-05
2.3379701e-13
-2.4588245e-05
2.8667539e-13
-1.7522535e-05
-6.9962663e-06
2.7053313e-14
-6.9962665e-06
-3.8428109e-13
-1.7522535e-05
-1.908198e-13
-2.4588245e-05
3.1368614e-14
-2.8146724e-05
2.4175606e-13
-2.8146725e-05
4.2793045e-13
-2.4588245e-05
-3.7994873e-15
-1.7522535e-05
-6.9962666e-06
-2.6323692e-13
-6.9962658e-06
-1.8162391e-13
-1.7522534e-05
-3.1167152e-13
-2.4588244e-05
2.7165211e-14
-2.8146724e-05
3.7027869e-13
-2.8146724e-05
2.2626705e-13
-2.4588244e-05
2.8281136e-13
-1.7522534e-05
-6.9962659e-06
2.8424281e-14
-6.9962662e-06
-3.7854529e-13
-1.7522534e-05
-1.8606344e-13
-2.4588245e-05
2.9752807e-14
-2.8146725e-05
2.3388244e-13
-2.8146725e-05
4.196686e-13
-2.4588245e-05
-6.4086532e-15
-1.7522534e-05
-6.9962662e-06
-2.6063327e-13
-6.9962654e-06
-1.7647838e-13
-1.7522534e-05
-3.0646038e-13
-2.4588244e-05
2.5566826e-14
-2.8146724e-05
3.6213072e-13
-2.8146724e-05
2.1867844e-13
-2.4588244e-05
2.7895205e-13
-1.7522534e-05
-6.9962655e-06
2.9945818e-14
-6.9962658e-06
-3.7262431e-13
-1.7522534e-05
-1.8112752e-13
-2.4588245e-05
2.8255077e-14
-2.8146725e-05
2.26055e-13
-2.8146725e-05
4.1140104e-13
-2.4588245e-05
-9.0823176e-15
-1.7522534e-05
-6.9962658e-06
-2.5795459e-13
-6.996265e-06
-1.7112496e-13
-1.7522533e-05
-3.0110373e-13
-2.4588244e-05
2.4087216e-14
-2.8146725e-05
3.5405379e-13
-2.8146725e-05
2.1105757e-13
-2.4588244e-05
2.7510553e-13
-1.7522533e-05
-6.9962652e-06
3.1598556e-14
-6.9962654e-06
-3.665487e-13
-1.7522533e-05
-1.7603946e-13
-2.4588245e-05
2.6870688e-14
-2.8146725e-05
2.1829147e-13
-2.8146725e-05
4.031492e-13
-2.4588245e-05
-1.1806121e-14
-1.7522533e-05
-6.9962654e-06
-2.5521283e-13
-6.9962647e-06
-1.6559699e-13
-1.7522533e-05
-2.9562618e-13
-2.4588244e-05
2.2721101e-14
-2.8146725e-05
3.4606281e-13
-2.8146725e-05
2.0342884e-13
-2.4588244e-05
2.7127876e-13
-1.7522533e-05
-6.9962648e-06
3.3363836e-14
-6.9962651e-06
-3.6034673e-13
-1.7522533e-05
-1.7082535e-13
-2.4588244e-05
2.5594617e-14
-2.8146726e-05
2.1060793e-13
-2.8146726e-05
3.9493256e-13
-2.4588245e-05
-1.4566307e-14
-1.7522533e-05
-6.9962651e-06
-2.5241972e-13
-6.9962643e-06
-1.5992584e-13
-1.7522532e-05
-2.9005115e-13
-2.4588244e-05
2.1463403e-14
-2.8146725e-05
3.3817143e-13
-2.8146725e-05
1.9581446e-13
-2.4588244e-05
2.6747811e-13
-1.7522532e-05
-6.9962644e-06
3.5224623e-14
-6.9962647e-06
-3.5404515e-13
-1.7522532e-05
-1.6550992e-13
-2.4588244e-05
2.4421811e-14
-2.8146726e-05
2.0301891e-13
-2.8146726e-05
3.8676888e-13
-2.4588244e-05
-1.7350633e-14
-1.7522532e-05
-6.9962647e-06
-2.495854e-13
-6.996264e-06
-1.5414095e-13
-1.7522531e-05
-2.8440061e-13
-2.4588243e-05
2.0308556e-14
-2.8146725e-05
3.303914e-13
-2.8146726e-05
1.8823485e-13
-2.4588244e-05
2.6370892e-13
-1.7522532e-05
-6.9962641e-06
3.7164765e-14
-6.9962644e-06
-3.4766859e-13
-1.7522532e-05
-1.6011638e-13
-2.4588244e-05
2.334681e-14
-2.8146726e-05
1.9553702e-13
-2.8146726e-05
3.7867377e-13
-2.4588244e-05
-2.0147396e-14
-1.7522532e-05
-6.9962644e-06
-2.4671952e-13
-6.9962637e-06
-1.4826951e-13
-1.7522531e-05
-2.7869543e-13
-2.4588243e-05
1.9251101e-14
-2.8146726e-05
3.2273308e-13
-2.8146726e-05
1.8070841e-13
-2.4588243e-05
2.5997642e-13
-1.7522531e-05
-6.9962638e-06
3.9169373e-14
-6.9962641e-06
-3.4123994e-13
-1.7522531e-05
-1.5466699e-13
-2.4588244e-05
2.2364116e-14
-2.8146726e-05
1.8817378e-13
-2.8146727e-05
3.7066156e-13
-2.4588244e-05
-2.2946115e-14
-1.7522531e-05
-6.9962641e-06
-2.4383066e-13
-6.9962634e-06
-1.4233722e-13
-1.7522531e-05
-2.7295511e-13
-2.4588243e-05
1.8285127e-14
-2.8146726e-05
3.1520569e-13
-2.8146726e-05
1.7325212e-13
-2.4588243e-05
2.5628457e-13
-1.7522531e-05
-6.9962635e-06
4.1224473e-14
-6.9962638e-06
-3.3478049e-13
-1.7522531e-05
-1.491822e-13
-2.4588244e-05
2.1467929e-14
-2.8146727e-05
1.8093909e-13
-2.8146727e-05
3.6274501e-13
-2.4588244e-05
-2.5736914e-14
-1.7522531e-05
-6.9962638e-06
-2.409266e-13
-6.996263e-06
-1.3636769e-13
-1.752253e-05
-2.6719802e-13
-2.4588243e-05
1.7404799e-14
-2.8146726e-05
3.0781695e-13
-2.8146726e-05
1.6588116e-13
-2.4588243e-05
2.5263699e-13
-1.752253e-05
-6.9962631e-06
4.3317238e-14
-6.9962635e-06
-3.2830976e-13
-1.752253e-05
-1.4368184e-13
-2.4588244e-05
2.0652686e-14
-2.8146727e-05
1.7384165e-13
-2.8146727e-05
3.5493535e-13
-2.4588244e-05
-2.8510938e-14
-1.752253e-05
-6.9962635e-06
-2.3801449e-13
-6.9962628e-06
-1.3038296e-13
-1.752253e-05
-2.6144148e-13
-2.4588243e-05
1.6604217e-14
-2.8146727e-05
3.0057339e-13
-2.8146727e-05
1.5860912e-13
-2.4588243e-05
2.4903661e-13
-1.752253e-05
-6.9962628e-06
4.5435554e-14
-6.9962632e-06
-3.2184571e-13
-1.752253e-05
-1.3818438e-13
-2.4588244e-05
1.991234e-14
-2.8146727e-05
1.6688893e-13
-2.8146727e-05
3.4724218e-13
-2.4588244e-05
-3.1260012e-14
-1.752253e-05
-6.9962632e-06
-2.3510065e-13
-6.9962625e-06
-1.2440348e-13
-1.7522529e-05
-2.5570179e-13
-2.4588243e-05
1.587698e-14
-2.8146727e-05
2.9348028e-13
-2.8146727e-05
1.5144804e-13
-2.4588243e-05
2.4548596e-13
-1.7522529e-05
-6.9962626e-06
4.7568782e-14
-6.9962629e-06
-3.1540515e-13
-1.7522529e-05
-1.3270721e-13
-2.4588244e-05
1.9240632e-14
-2.8146728e-05
1.6008663e-13
-2.8146728e-05
3.3967387e-13
-2.4588244e-05
-3.3976954e-14
-1.7522529e-05
-6.9962629e-06
-2.3219059e-13
-6.9962622e-06
-1.1844826e-13
-1.7522529e-05
-2.4999446e-13
-2.4588243e-05
1.5216596e-14
-2.8146727e-05
2.8654138e-13
-2.8146727e-05
1.4440838e-13
-2.4588243e-05
2.4198681e-13
-1.7522529e-05
-6.9962623e-06
4.9706483e-14
-6.9962626e-06
-3.0900353e-13
-1.7522529e-05
-1.2726693e-13
-2.4588243e-05
1.8630901e-14
-2.8146728e-05
1.5343919e-13
-2.8146728e-05
3.3223738e-13
-2.4588244e-05
-3.6655117e-14
-1.7522529e-05
-6.9962626e-06
-2.2928949e-13
-6.9962619e-06
-1.1253507e-13
-1.7522528e-05
-2.443341e-13
-2.4588243e-05
1.4616036e-14
-2.8146727e-05
2.7975905e-13
-2.8146727e-05
1.3749907e-13
-2.4588243e-05
2.3854053e-13
-1.7522529e-05
-6.996262e-06
5.183963e-14
-6.9962624e-06
-3.0265494e-13
-1.7522529e-05
-1.2187955e-13
-2.4588243e-05
1.8076067e-14
-2.8146728e-05
1.4694956e-13
-2.8146728e-05
3.2493788e-13
-2.4588243e-05
-3.9288986e-14
-1.7522529e-05
-6.9962624e-06
-2.2640174e-13
-6.9962617e-06
-1.0667995e-13
-1.7522528e-05
-2.38735e-13
-2.4588242e-05
1.4067671e-14
-2.8146728e-05
2.7313425e-13
-2.8146728e-05
1.3072704e-13
-2.4588243e-05
2.3514776e-13
-1.7522528e-05
-6.9962618e-06
5.3959597e-14
-6.9962621e-06
-2.963726e-13
-1.7522528e-05
-1.1656033e-13
-2.4588243e-05
1.756811e-14
-2.8146728e-05
1.4061893e-13
-2.8146728e-05
3.1777918e-13
-2.4588243e-05
-4.1873681e-14
-1.7522528e-05
-6.9962621e-06
-2.2353156e-13
-6.9962614e-06
-1.0089837e-13
-1.7522528e-05
-2.3321093e-13
-2.4588242e-05
1.356284e-14
-2.8146728e-05
2.6666622e-13
-2.8146728e-05
1.2409779e-13
-2.4588242e-05
2.3180867e-13
-1.7522528e-05
-6.9962615e-06
5.6058765e-14
-6.9962619e-06
-2.9016895e-13
-1.7522528e-05
-1.113243e-13
-2.4588243e-05
1.7097997e-14
-2.8146729e-05
1.3444644e-13
-2.8146729e-05
3.1076344e-13
-2.4588243e-05
-4.4405316e-14
-1.7522528e-05
-6.9962619e-06
-2.2068249e-13
-6.9962612e-06
-9.5204346e-14
-1.7522527e-05
-2.2777592e-13
-2.4588242e-05
1.3091766e-14
-2.8146728e-05
2.6035187e-13
-2.8146728e-05
1.176146e-13
-2.4588242e-05
2.2852286e-13
-1.7522527e-05
-6.9962613e-06
5.8129978e-14
-6.9962616e-06
-2.8405557e-13
-1.7522527e-05
-1.0618673e-13
-2.4588243e-05
1.6655502e-14
-2.8146729e-05
1.2842888e-13
-2.8146729e-05
3.0389083e-13
-2.4588243e-05
-4.6880977e-14
-1.7522527e-05
-6.9962616e-06
-2.1785802e-13
-6.996261e-06
-8.9611515e-14
-1.7522527e-05
-2.2244396e-13
-2.4588242e-05
1.2643273e-14
-2.8146728e-05
2.5418597e-13
-2.8146728e-05
1.112788e-13
-2.4588242e-05
2.2528957e-13
-1.7522527e-05
-6.996261e-06
6.0167095e-14
-6.9962614e-06
-2.7804408e-13
-1.7522527e-05
-1.0116288e-13
-2.4588243e-05
1.6228302e-14
-2.8146729e-05
1.2256061e-13
-2.8146729e-05
2.971597e-13
-2.4588243e-05
-4.9298615e-14
-1.7522527e-05
-6.9962614e-06
-2.150611e-13
-6.9962608e-06
-8.4133128e-14
-1.7522527e-05
-2.1723016e-13
-2.4588242e-05
1.2203897e-14
-2.8146729e-05
2.4816043e-13
-2.8146729e-05
1.0508925e-13
-2.4588242e-05
2.221068e-13
-1.7522527e-05
-6.9962608e-06
6.2164002e-14
-6.9962612e-06
-2.7214554e-13
-1.7522527e-05
-9.626928e-14
-2.4588243e-05
1.5801925e-14
-2.8146729e-05
1.168325e-13
-2.8146729e-05
2.9056588e-13
-2.4588243e-05
-5.1657615e-14
-1.7522527e-05
-6.9962612e-06
-2.1229531e-13
-6.9962605e-06
-7.8781647e-14
-1.7522526e-05
-2.1215069e-13
-2.4588242e-05
1.175744e-14
-2.8146729e-05
2.4226396e-13
-2.8146729e-05
9.9041791e-14
-2.4588242e-05
2.1897235e-13
-1.7522526e-05
-6.9962606e-06
6.4115417e-14
-6.996261e-06
-2.6637174e-13
-1.7522526e-05
-9.1523709e-14
-2.4588243e-05
1.5358539e-14
-2.814673e-05
1.1123196e-13
-2.814673e-05
2.8410255e-13
-2.4588243e-05
-5.3958485e-14
-1.7522526e-05
-6.996261e-06
-2.0956396e-13
-6.9962603e-06
-7.3570532e-14
-1.7522526e-05
-2.0722402e-13
-2.4588242e-05
1.128421e-14
-2.8146729e-05
2.3648115e-13
-2.8146729e-05
9.3129418e-14
-2.4588242e-05
2.1588306e-13
-1.7522526e-05
-6.9962604e-06
6.6015997e-14
-6.9962608e-06
-2.607358e-13
-1.7522526e-05
-8.6946327e-14
-2.4588243e-05
1.4876335e-14
-2.814673e-05
1.0574157e-13
-2.814673e-05
2.7776009e-13
-2.4588243e-05
-5.6202901e-14
-1.7522526e-05
-6.9962607e-06
-2.0687108e-13
-6.9962601e-06
-6.8514221e-14
-1.7522526e-05
-2.0247164e-13
-2.4588242e-05
1.0759975e-14
-2.8146729e-05
2.3079192e-13
-2.8146729e-05
8.7341578e-14
-2.4588242e-05
2.1283498e-13
-1.7522526e-05
-6.9962602e-06
6.7860589e-14
-6.9962606e-06
-2.5525212e-13
-1.7522526e-05
-8.2560939e-14
-2.4588243e-05
1.4328329e-14
-2.814673e-05
1.0033885e-13
-2.814673e-05
2.7152528e-13
-2.4588243e-05
-5.8394301e-14
-1.7522526e-05
-6.9962605e-06
-2.0422151e-13
-6.9962599e-06
-6.3628582e-14
-1.7522525e-05
-1.9791945e-13
-2.4588242e-05
1.0154668e-14
-2.814673e-05
2.2517052e-13
-2.814673e-05
8.1663321e-14
-2.4588242e-05
2.0982316e-13
-1.7522525e-05
-6.99626e-06
6.9643205e-14
-6.9962604e-06
-2.4993786e-13
-1.7522526e-05
-7.8395797e-14
-2.4588243e-05
1.3681117e-14
-2.814673e-05
9.4994722e-14
-2.814673e-05
2.6538091e-13
-2.4588243e-05
-6.0537874e-14
-1.7522526e-05
-6.9962604e-06
-2.0162147e-13
-6.9962598e-06
-5.8932299e-14
-1.7522525e-05
-1.9359858e-13
-2.4588242e-05
9.4314631e-15
-2.814673e-05
2.1958452e-13
-2.814673e-05
7.6075417e-14
-2.4588242e-05
2.068417e-13
-1.7522525e-05
-6.9962598e-06
7.1357612e-14
-6.9962602e-06
-2.4481401e-13
-1.7522525e-05
-7.4484865e-14
-2.4588243e-05
1.2893953e-14
-2.814673e-05
8.9673078e-14
-2.814673e-05
2.5930549e-13
-2.4588243e-05
-6.2640345e-14
-1.7522525e-05
-6.9962602e-06
-1.9907867e-13
-6.9962596e-06
-5.4447687e-14
-1.7522525e-05
-1.8954685e-13
-2.4588242e-05
8.5454663e-15
-2.814673e-05
2.1399439e-13
-2.814673e-05
7.0553302e-14
-2.4588242e-05
2.0388342e-13
-1.7522525e-05
-6.9962596e-06
7.2996131e-14
-6.99626e-06
-2.3990573e-13
-1.7522525e-05
-7.0869055e-14
-2.4588243e-05
1.1917584e-14
-2.8146731e-05
8.4330261e-14
-2.8146731e-05
2.5327286e-13
-2.4588243e-05
-6.4710653e-14
-1.7522525e-05
-6.99626e-06
-1.9660298e-13
-6.9962594e-06
-5.0201246e-14
-1.7522525e-05
-1.8580968e-13
-2.4588242e-05
7.4435003e-15
-2.814673e-05
2.083533e-13
-2.814673e-05
6.5067683e-14
-2.4588242e-05
2.0093988e-13
-1.7522525e-05
-6.9962594e-06
7.4549915e-14
-6.9962599e-06
-2.3524338e-13
-1.7522525e-05
-6.7596432e-14
-2.4588243e-05
1.0694679e-14
-2.8146731e-05
7.8915072e-14
-2.8146731e-05
2.4725229e-13
-2.4588243e-05
-6.6759425e-14
-1.7522525e-05
-6.9962598e-06
-1.9420668e-13
-6.9962592e-06
-4.622418e-14
-1.7522524e-05
-1.8243949e-13
-2.4588242e-05
6.064311e-15
-2.814673e-05
2.0260754e-13
-2.814673e-05
5.9584561e-14
-2.4588242e-05
1.9800195e-13
-1.7522524e-05
-6.9962593e-06
7.6008083e-14
-6.9962597e-06
-2.3086234e-13
-1.7522525e-05
-6.4721524e-14
-2.4588243e-05
9.1606623e-15
-2.8146731e-05
7.3370358e-14
-2.8146731e-05
2.4120984e-13
-2.4588242e-05
-6.8799044e-14
-1.7522525e-05
-6.9962596e-06
-1.9190421e-13
-6.9962591e-06
-4.2551905e-14
-1.7522524e-05
-1.7949462e-13
-2.4588242e-05
4.3414156e-15
-2.814673e-05
1.9669919e-13
-2.814673e-05
5.4066851e-14
-2.4588242e-05
1.9505968e-13
-1.7522524e-05
-6.9962591e-06
7.7358768e-14
-6.9962595e-06
-2.2680167e-13
-1.7522524e-05
-6.2302548e-14
-2.4588242e-05
7.2479235e-15
-2.8146731e-05
6.7636434e-14
-2.8146731e-05
2.3511023e-13
-2.4588242e-05
-7.0842731e-14
-1.7522524e-05
-6.9962595e-06
-1.8971165e-13
-6.9962589e-06
-3.9221316e-14
-1.7522524e-05
-1.7703459e-13
-2.4588242e-05
2.2083041e-15
-2.8146731e-05
1.9057105e-13
-2.8146731e-05
4.8477505e-14
-2.4588242e-05
1.9210339e-13
-1.7522524e-05
-6.9962589e-06
7.858933e-14
-6.9962594e-06
-2.2310052e-13
-1.7522524e-05
-6.0395534e-14
-2.4588242e-05
4.8933289e-15
-2.8146731e-05
6.165809e-14
-2.8146731e-05
2.2892074e-13
-2.4588242e-05
-7.2903277e-14
-1.7522524e-05
-6.9962593e-06
-1.8764561e-13
-6.9962587e-06
-3.6267157e-14
-1.7522524e-05
-1.7511228e-13
-2.4588242e-05
-3.9188508e-16
-2.8146731e-05
1.8417568e-13
-2.8146731e-05
4.2784698e-14
-2.4588242e-05
1.8912541e-13
-1.7522524e-05
-6.9962588e-06
7.9688925e-14
-6.9962592e-06
-2.1979277e-13
-1.7522524e-05
-5.9043743e-14
-2.4588242e-05
2.0504259e-15
-2.8146731e-05
5.5395462e-14
-2.8146731e-05
2.2261826e-13
-2.4588242e-05
-7.4991633e-14
-1.7522524e-05
-6.9962592e-06
-1.8571992e-13
-6.9962586e-06
-3.3713802e-14
-1.7522523e-05
-1.7376082e-13
-2.4588241e-05
-3.4905725e-15
-2.8146731e-05
1.7748813e-13
-2.8146731e-05
3.697027e-14
-2.4588241e-05
1.8612188e-13
-1.7522523e-05
-6.9962586e-06
8.0650465e-14
-6.9962591e-06
-2.1689658e-13
-1.7522524e-05
-5.8262202e-14
-2.4588242e-05
-1.2916258e-15
-2.8146732e-05
4.8839909e-14
-2.8146732e-05
2.1619868e-13
-2.4588242e-05
-7.7112411e-14
-1.7522524e-05
-6.996259e-06
-1.8394265e-13
-6.9962584e-06
-3.1563844e-14
-1.7522523e-05
-1.7297479e-13
-2.4588241e-05
-7.0724993e-15
-2.8146731e-05
1.705256e-13
-2.8146731e-05
3.1041169e-14
-2.4588241e-05
1.8309719e-13
-1.7522523e-05
-6.9962585e-06
8.1476506e-14
-6.9962589e-06
-2.1440142e-13
-1.7522523e-05
-5.801591e-14
-2.4588242e-05
-5.0836321e-15
-2.8146732e-05
4.2035744e-14
-2.8146732e-05
2.0969059e-13
-2.4588242e-05
-7.9261018e-14
-1.7522523e-05
-6.9962589e-06
-1.82309e-13
-6.9962583e-06
-2.9783486e-14
-1.7522523e-05
-1.726858e-13
-2.4588241e-05
-1.1047794e-14
-2.8146731e-05
1.633708e-13
-2.8146731e-05
2.5044178e-14
-2.4588241e-05
1.8006749e-13
-1.7522523e-05
-6.9962583e-06
8.2184603e-14
-6.9962588e-06
-2.1225094e-13
-1.7522523e-05
-5.8193706e-14
-2.4588242e-05
-9.1860814e-15
-2.8146732e-05
3.510625e-14
-2.8146732e-05
2.0317036e-13
-2.4588242e-05
-8.1417534e-14
-1.7522523e-05
-6.9962587e-06
-1.807957e-13
-6.9962581e-06
-2.8283482e-14
-1.7522523e-05
-1.7273496e-13
-2.4588241e-05
-1.5220724e-14
-2.8146731e-05
1.561989e-13
-2.8146731e-05
1.9082412e-14
-2.4588241e-05
1.7706657e-13
-1.7522523e-05
-6.9962582e-06
8.2814875e-14
-6.9962586e-06
-2.1032386e-13
-1.7522523e-05
-5.8580057e-14
-2.4588242e-05
-1.3337936e-14
-2.8146732e-05
2.8279986e-14
-2.8146732e-05
1.9677831e-13
-2.4588242e-05
-8.3541926e-14
-1.7522523e-05
-6.9962586e-06
-1.7935119e-13
-6.996258e-06
-2.690187e-14
-1.7522522e-05
-1.7284561e-13
-2.4588241e-05
-1.9260679e-14
-2.8146731e-05
1.493021e-13
-2.8146731e-05
1.3330209e-14
-2.4588241e-05
1.7414872e-13
-1.7522523e-05
-6.9962581e-06
8.3436814e-14
-6.9962585e-06
-2.0841696e-13
-1.7522523e-05
-5.8832068e-14
-2.4588242e-05
-1.713223e-14
-2.8146732e-05
2.1911755e-14
-2.8146732e-05
1.907306e-13
-2.4588242e-05
-8.5570137e-14
-1.7522523e-05
-6.9962585e-06
-1.7788943e-13
-6.9962578e-06
-2.5389986e-14
-1.7522522e-05
-1.7260688e-13
-2.4588241e-05
-2.2684432e-14
-2.8146732e-05
1.431034e-13
-2.8146732e-05
8.0416336e-15
-2.4588241e-05
1.7139082e-13
-1.7522522e-05
-6.9962579e-06
8.4154777e-14
-6.9962583e-06
-2.0623661e-13
-1.7522522e-05
-5.8472393e-14
-2.4588242e-05
-2.0009102e-14
-2.8146732e-05
1.6488292e-14
-2.8146732e-05
1.8532082e-13
-2.4588242e-05
-8.7414197e-14
-1.7522523e-05
-6.9962583e-06
-1.7628328e-13
-6.9962577e-06
-2.3413271e-14
-1.7522522e-05
-1.7147896e-13
-2.4588241e-05
-2.4863317e-14
-2.8146732e-05
1.3815027e-13
-2.8146732e-05
3.5462822e-15
-2.4588241e-05
1.6888548e-13
-1.7522522e-05
-6.9962578e-06
8.5106925e-14
-6.9962582e-06
-2.0340809e-13
-1.7522522e-05
-5.6912459e-14
-2.4588242e-05
-2.1281763e-14
-2.8146732e-05
1.2610196e-14
-2.8146732e-05
1.8090447e-13
-2.4588242e-05
-8.8967983e-14
-1.7522522e-05
-6.9962582e-06
-1.7436549e-13
-6.9962576e-06
-2.0577475e-14
-1.7522522e-05
-1.6883856e-13
-2.4588241e-05
-2.5069804e-14
-2.8146732e-05
1.3507963e-13
-2.8146732e-05
2.2779289e-16
-2.4588241e-05
1.6672737e-13
-1.7522522e-05
-6.9962577e-06
8.6452523e-14
-6.996258e-06
-1.995191e-13
-1.7522522e-05
-5.3528042e-14
-2.4588242e-05
-2.0207012e-14
-2.8146732e-05
1.0945118e-14
-2.8146732e-05
1.7786706e-13
-2.4588242e-05
-9.0119757e-14
-1.7522522e-05
-6.9962581e-06
-1.7194082e-13
-6.9962574e-06
-1.6503816e-14
-1.7522521e-05
-1.6408797e-13
-2.4588241e-05
-2.2571964e-14
-2.8146732e-05
1.3455795e-13
-2.8146732e-05
-1.5035678e-15
-2.4588241e-05
1.6498907e-13
-1.7522522e-05
-6.9962576e-06
8.8335636e-14
-6.9962579e-06
-1.9422415e-13
-1.7522522e-05
-4.7814156e-14
-2.4588242e-05
-1.6107535e-14
-2.8146732e-05
1.2173555e-14
-2.8146733e-05
1.7659537e-13
-2.4588242e-05
-9.0761844e-14
-1.7522522e-05
-6.996258e-06
-1.6882647e-13
-6.9962573e-06
-1.0992906e-14
-1.7522521e-05
-1.5686167e-13
-2.4588241e-05
-1.6776707e-14
-2.8146732e-05
1.3723646e-13
-2.8146732e-05
-1.2052805e-15
-2.4588241e-05
1.63705e-13
-1.7522522e-05
-6.9962574e-06
9.0798165e-14
-6.9962578e-06
-1.8747198e-13
-1.7522522e-05
-3.967024e-14
-2.4588241e-05
-8.5322491e-15
-2.8146732e-05
1.6995978e-14
-2.8146733e-05
1.7752294e-13
-2.4588242e-05
-9.0769764e-14
-1.7522522e-05
-6.9962578e-06
-1.6496099e-13
-6.9962571e-06
-4.3724635e-15
-1.7522521e-05
-1.4740494e-13
-2.4588241e-05
-7.3940789e-15
-2.8146732e-05
1.4383435e-13
-2.8146732e-05
1.7562587e-15
-2.4588241e-05
1.629093e-13
-1.7522521e-05
-6.9962573e-06
9.3576393e-14
-6.9962576e-06
-1.7999542e-13
-1.7522521e-05
-2.9922181e-14
-2.4588241e-05
2.582473e-15
-2.8146733e-05
2.6376378e-14
-2.8146733e-05
1.8143407e-13
-2.4588242e-05
-8.9869148e-14
-1.7522522e-05
-6.9962577e-06
-1.6068964e-13
-6.996257e-06
1.7591689e-15
-1.7522521e-05
-1.3728559e-13
-2.458824e-05
5.4287099e-15
-2.8146732e-05
1.556085e-13
-2.8146732e-05
8.7916268e-15
-2.4588241e-05
1.628564e-13
-1.7522521e-05
-6.9962572e-06
9.5624155e-14
-6.9962575e-06
-1.7439992e-13
-1.7522521e-05
-2.1327681e-14
-2.4588241e-05
1.6820803e-14
-2.8146733e-05
4.2389137e-14
-2.8146733e-05
1.9043872e-13
-2.4588242e-05
-8.7208676e-14
-1.7522521e-05
-6.9962576e-06
-1.574834e-13
-6.9962569e-06
2.8967202e-15
-1.7522521e-05
-1.3081915e-13
-2.458824e-05
2.1086909e-14
-2.8146732e-05
1.7573444e-13
-2.8146732e-05
2.3687113e-14
-2.4588241e-05
1.6471723e-13
-1.7522521e-05
-6.9962571e-06
9.399242e-14
-6.9962574e-06
-1.7760205e-13
-1.7522521e-05
-2.0615203e-14
-2.4588241e-05
3.3357325e-14
-2.8146733e-05
7.0384267e-14
-2.8146733e-05
2.1047099e-13
-2.4588241e-05
-8.0227807e-14
-1.7522521e-05
-6.9962575e-06
-1.596811e-13
-6.9962568e-06
-1.195346e-14
-1.752252e-05
-1.3802979e-13
-2.458824e-05
3.870604e-14
-2.8146732e-05
2.1259052e-13
-2.8146732e-05
5.6376152e-14
-2.4588241e-05
1.7237666e-13
-1.7522521e-05
-6.9962569e-06
8.1269404e-14
-6.9962572e-06
-2.0617159e-13
-1.7522521e-05
-4.2699506e-14
-2.4588241e-05
5.1266386e-14
-2.8146733e-05
1.2374348e-13
-2.8146733e-05
2.569572e-13
-2.4588241e-05
-6.19907e-14
-1.7522521e-05
-6.9962573e-06
-1.7846513e-13
-6.9962566e-06
-6.7885295e-14
-1.752252e-05
-1.8077724e-13
-2.458824e-05
5.755826e-14
-2.8146732e-05
2.8662554e-13
-2.8146733e-05
1.3100902e-13
-2.458824e-05
1.9657133e-13
-1.752252e-05
-6.9962568e-06
4.0012558e-14
-6.996257e-06
-2.9744886e-13
-1.752252e-05
-1.1914683e-13
-2.4588241e-05
7.0019168e-14
-2.8146733e-05
2.3324796e-13
-2.8146733e-05
3.6651777e-13
-2.4588241e-05
-1.5405048e-14
-1.752252e-05
-6.9962571e-06
-2.4029746e-13
-6.9962564e-06
-2.1922968e-13
-1.752252e-05
-3.0465969e-13
-2.458824e-05
7.7628804e-14
-2.8146733e-05
4.4331947e-13
-2.8146733e-05
3.0176949e-13
-2.458824e-05
2.6358581e-13
-1.752252e-05
-6.9962565e-06
-6.8428851e-14
-6.9962567e-06
-5.3074207e-13
-1.752252e-05
-3.1368044e-13
-2.4588241e-05
9.0125354e-14
-2.8146734e-05
4.6372443e-13
-2.8146734e-05
6.1890058e-13
-2.4588241e-05
9.8240861e-14
-1.752252e-05
-6.9962567e-06
-4.0311008e-13
-6.9962558e-06
-5.7650155e-13
-1.7522519e-05
-5.9945963e-13
-2.458824e-05
1.0019474e-13
-2.8146734e-05
7.747001e-13
-2.8146734e-05
6.8046899e-13
-2.458824e-05
4.3172557e-13
-1.7522519e-05
-6.9962559e-06
-3.2364408e-13
-6.9962559e-06
-1.0621568e-12
-1.7522519e-05
-7.4614727e-13
-2.4588241e-05
1.1349766e-13
-2.8146735e-05
9.3866555e-13
-2.8146735e-05
1.1722779e-12
-2.4588241e-05
3.5924578e-13
-1.7522519e-05
-6.9962558e-06
-7.8280633e-13
-6.9962547e-06
-1.3450904e-12
-1.7522518e-05
-1.2263849e-12
-2.4588241e-05
1.2781872e-13
-2.8146736e-05
1.4467149e-12
-2.8146736e-05
1.4753603e-12
-2.4588241e-05
8.179814e-13
-1.7522517e-05
-6.9962547e-06
-8.7340801e-13
-6.9962542e-06
-2.1659323e-12
-1.7522517e-05
-1.6160082e-12
-2.4588242e-05
1.4308246e-13
-2.8146739e-05
1.8630675e-12
-2.8146738e-05
2.3043161e-12
-2.4588242e-05
9.1678592e-13
-1.7522516e-05
-6.9962541e-06
-1.5841818e-12
-6.9962522e-06
-2.8537637e-12
-1.7522515e-05
-2.4304342e-12
-2.4588242e-05
1.6343963e-13
-2.814674e-05
2.710092e-12
-2.814674e-05
3.0187658e-12
-2.4588241e-05
1.6288324e-12
-1.7522515e-05
-6.9962521e-06
-1.9498464e-12
-6.9962506e-06
-4.2358023e-12
-1.7522513e-05
-3.1818756e-12
-2.4588243e-05
1.8137877e-13
-2.8146744e-05
3.5002155e-12
-2.8146744e-05
4.4120394e-12
-2.4588243e-05
2.0047554e-12
-1.7522513e-05
-6.9962504e-06
-3.1008644e-12
-6.996247e-06
-5.4857861e-12
-1.752251e-05
-4.4603151e-12
-2.4588244e-05
2.0814098e-13
-2.8146748e-05
4.8163014e-12
-2.8146748e-05
5.6959221e-12
-2.4588243e-05
3.1596326e-12
-1.752251e-05
-6.9962468e-06
-3.8083081e-12
-6.9962436e-06
-7.5995611e-12
-1.7522507e-05
-5.5696823e-12
-2.4588246e-05
2.2765336e-13
-2.8146755e-05
5.9746443e-12
-2.8146754e-05
7.8235758e-12
-2.4588245e-05
3.8798815e-12
-1.7522506e-05
-6.9962432e-06
-5.5785724e-12
-6.9962375e-06
-9.2829873e-12
-1.7522503e-05
-7.1999272e-12
-2.4588248e-05
2.5792598e-13
-2.8146762e-05
7.6431211e-12
-2.8146761e-05
9.5457885e-12
-2.4588247e-05
5.656927e-12
-1.7522502e-05
-6.9962372e-06
-6.430245e-12
-6.9962315e-06
-1.1811404e-11
-1.7522498e-05
-8.1297627e-12
-2.4588252e-05
2.7456173e-13
-2.8146771e-05
8.6227935e-12
-2.814677e-05
1.2087122e-11
-2.4588251e-05
6.5235333e-12
-1.7522496e-05
-6.9962309e-06
-8.7175219e-12
-6.9962223e-06
-1.2771888e-11
-1.7522493e-05
-9.137206e-12
-2.4588255e-05
3.0044572e-13
-2.8146779e-05
9.657274e-12
-2.8146779e-05
1.3084003e-11
-2.4588253e-05
8.8196639e-12
-1.7522492e-05
-6.9962217e-06
-8.7137466e-12
-6.9962139e-06
-1.3856423e-11
-1.7522488e-05
-7.8877485e-12
-2.4588261e-05
3.0550065e-13
-2.8146788e-05
8.4389352e-12
-2.8146788e-05
1.4172937e-11
-2.458826e-05
8.8310639e-12
-1.7522487e-05
-6.9962131e-06
-1.0479081e-11
-6.9962029e-06
-1.0389769e-11
-1.7522488e-05
-5.1695203e-12
-2.4588266e-05
3.1358605e-13
-2.8146793e-05
5.717039e-12
-2.8146792e-05
1.0727725e-11
-2.4588264e-05
1.0604631e-11
-1.7522486e-05
-6.996202e-06
-6.8447213e-12
-6.9961963e-06
-4.6712907e-12
-1.7522491e-05
3.3614682e-12
-2.4588274e-05
2.9482606e-13
-2.8146791e-05
-2.8301757e-12
-2.814679e-05
4.9942137e-12
-2.4588272e-05
6.9818636e-12
-1.7522488e-05
-6.9961953e-06
-4.9441781e-12
-6.9961908e-06
1.1860103e-11
-1.7522507e-05
1.7017852e-11
-2.4588279e-05
2.6807288e-13
-2.8146773e-05
-1.6544768e-11
-2.8146772e-05
-1.1547014e-11
-2.4588276e-05
5.0836858e-12
-1.7522504e-05
-6.9961897e-06
8.1639274e-12
-6.9961993e-06
3.5940858e-11
-1.7522535e-05
4.3175189e-11
-2.4588286e-05
2.1287418e-13
-2.8146731e-05
-4.2796802e-11
-2.814673e-05
-3.5674297e-11
-2.4588284e-05
-8.0225577e-12
-1.7522533e-05
-6.996198e-06
2.0451615e-11
-6.9962192e-06
8.1657387e-11
-1.7522596e-05
8.1202253e-11
-2.4588285e-05
1.355955e-13
-2.8146649e-05
-8.0956236e-11
-2.8146648e-05
-8.1448215e-11
-2.4588283e-05
-2.032221e-11
-1.7522593e-05
-6.9962179e-06
5.2899755e-11
-6.9962725e-06
1.4401392e-10
-1.7522688e-05
1.4207067e-10
-2.4588284e-05
3.6567028e-14
-2.8146508e-05
-1.4201961e-10
-2.8146507e-05
-1.4389302e-10
-2.4588281e-05
-5.2786913e-11
-1.7522685e-05
-6.996271e-06
8.6724269e-11
-6.9963587e-06
2.431361e-10
-1.7522844e-05
2.2460164e-10
-2.4588265e-05
-9.8176732e-14
-2.8146282e-05
-2.2476127e-10
-2.8146281e-05
-2.4313222e-10
-2.4588262e-05
-8.6649821e-11
-1.7522841e-05
-6.9963573e-06
1.5166666e-10
-6.9965108e-06
3.7077287e-10
-1.7523064e-05
3.4248172e-10
-2.4588238e-05
-2.3649175e-13
-2.8145941e-05
-3.4293519e-10
-2.814594e-05
-3.7090535e-10
-2.4588235e-05
-1.5163809e-10
-1.7523061e-05
-6.9965094e-06
2.2106582e-10
-6.9967316e-06
5.5086273e-10
-1.7523393e-05
4.9229495e-10
-2.4588179e-05
-4.192759e-13
-2.8145447e-05
-4.93016e-10
-2.8145447e-05
-5.5117612e-10
-2.4588177e-05
-2.2111641e-10
-1.7523391e-05
-6.9967304e-06
3.3082479e-10
-6.9970631e-06
7.6934663e-10
-1.7523833e-05
6.871397e-10
-2.4588098e-05
-5.7572132e-13
-2.8144761e-05
-6.8821941e-10
-2.814476e-05
-7.6984538e-10
-2.4588096e-05
-3.3096021e-10
-1.7523831e-05
-6.997062e-06
4.4679742e-10
-6.9975098e-06
1.047857e-09
-1.7524434e-05
9.1826128e-10
-2.4587968e-05
-7.7815918e-13
-2.8143841e-05
-9.19617e-10
-2.8143841e-05
-1.0485937e-09
-2.4587967e-05
-4.4706239e-10
-1.7524432e-05
-6.9975091e-06
6.0434666e-10
-6.9981151e-06
1.3629563e-09
-1.7525193e-05
1.1922748e-09
-2.4587799e-05
-9.180667e-13
-2.8142649e-05
-1.1939917e-09
-2.8142649e-05
-1.3639189e-09
-2.4587798e-05
-6.0473273e-10
-1.7525192e-05
-6.9981146e-06
7.6387411e-10
-6.9988792e-06
1.7246866e-09
-1.7526154e-05
1.4909062e-09
-2.4587565e-05
-1.1036786e-12
-2.8141157e-05
-1.4928509e-09
-2.8141157e-05
-1.7259181e-09
-2.4587565e-05
-7.6442626e-10
-1.7526154e-05
-6.9988791e-06
9.5115477e-10
-6.9998314e-06
2.0963618e-09
-1.75273e-05
1.8072932e-09
-2.4587278e-05
-1.2036469e-12
-2.813935e-05
-1.8095432e-09
-2.813935e-05
-2.097825e-09
-2.4587279e-05
-9.5182457e-10
-1.7527301e-05
-6.9998317e-06
1.1235788e-09
-7.0009552e-06
2.4672359e-09
-1.7528644e-05
2.1098528e-09
-2.458692e-05
-1.362291e-12
-2.8137239e-05
-2.1122598e-09
-2.8137239e-05
-2.4689345e-09
-2.4586922e-05
-1.1243845e-09
-1.7528646e-05
-7.0009562e-06
1.2883363e-09
-7.0022444e-06
2.7840432e-09
-1.753014e-05
2.3735363e-09
-2.4586511e-05
-1.4322396e-12
-2.8134865e-05
-2.3761781e-09
-2.8134866e-05
-2.7859087e-09
-2.4586514e-05
-1.2891738e-09
-1.7530143e-05
-7.0022459e-06
1.3990413e-09
-7.0036434e-06
3.0065276e-09
-1.7531747e-05
2.5465155e-09
-2.4586051e-05
-1.5416833e-12
-2.8132317e-05
-2.5492281e-09
-2.8132318e-05
-3.0085329e-09
-2.4586055e-05
-1.3999583e-09
-1.7531752e-05
-7.0036459e-06
1.4556701e-09
-7.0050996e-06
3.057608e-09
-1.7533349e-05
2.5710492e-09
-2.4585565e-05
-1.5506597e-12
-2.8129745e-05
-2.5738855e-09
-2.8129747e-05
-3.0596839e-09
-2.4585569e-05
-1.4565809e-09
-1.7533355e-05
-7.0051025e-06
1.4683719e-09
2.8771072e-09
2.3678561e-09
-1.5794851e-12
-2.3706433e-09
-2.8791693e-09
-1.4693391e-09
)
;

boundaryField
{
    left
    {
        type            calculated;
        value           nonuniform List<scalar> 8(1.9313562e-05 1.9313562e-05 1.9313562e-05 1.9313562e-05 1.9313562e-05 1.9313562e-05 1.9313562e-05 1.9313562e-05);
    }
    right
    {
        type            calculated;
        value           nonuniform List<scalar> 8(-7.0065678e-06 -1.7534758e-05 -2.4585055e-05 -2.8127375e-05 -2.8127378e-05 -2.4585061e-05 -1.7534764e-05 -7.0065719e-06);
    }
    walls
    {
        type            calculated;
        value           uniform 0;
    }
    frontAndBack
    {
        type            empty;
        value           nonuniform 0();
    }
}


// ************************************************************************* //
