/*--------------------------------*- C++ -*----------------------------------*\
| =========                 |                                                 |
| \\      /  F ield         | OpenFOAM: The Open Source CFD Toolbox           |
|  \\    /   O peration     | Version:  5.x                                   |
|   \\  /    A nd           | Web:      www.OpenFOAM.org                      |
|    \\/     M anipulation  |                                                 |
\*---------------------------------------------------------------------------*/
FoamFile
{
    version     2.0;
    format      ascii;
    class       volSymmTensorField;
    location    "1";
    object      sigma_0;
}
// * * * * * * * * * * * * * * * * * * * * * * * * * * * * * * * * * * * * * //

dimensions      [0 2 -2 0 0 0 0];

internalField   nonuniform List<symmTensor> 
1920
(
(9.6830275e-05 0.0031073168 0 -0.0024234309 0 0)
(-0.00014596501 0.00078715522 0 0.00045877834 0 0)
(-0.00019237992 0.0008408526 0 9.1127947e-05 0 0)
(0.00010394517 0.00029771463 0 -7.0043844e-05 0 0)
(0.00010395627 -0.00029771863 0 -7.0053082e-05 0 0)
(-0.00019238069 -0.00084085484 0 9.112796e-05 0 0)
(-0.0001459664 -0.00078715917 0 0.00045878126 0 0)
(9.6829569e-05 -0.0031073162 0 -0.0024234295 0 0)
(0.0013408098 0.001548172 0 -0.0005356123 0 0)
(2.84145e-05 0.00033648299 0 0.00021115596 0 0)
(-0.00083996223 -0.00015597694 0 0.00067670038 0 0)
(-0.00088344359 -3.4898865e-05 0 0.00077672064 0 0)
(-0.00088344032 3.4898467e-05 0 0.00077671084 0 0)
(-0.00083996969 0.00015600857 0 0.00067671201 0 0)
(2.8415735e-05 -0.0003364756 0 0.00021114994 0 0)
(0.0013408094 -0.0015481739 0 -0.00053561098 0 0)
(0.00078004014 0.0014554259 0 -0.0012479703 0 0)
(0.00028641637 -1.4640186e-05 0 -0.0002236742 0 0)
(-0.00053353721 1.3355521e-05 0 0.0004561764 0 0)
(-0.00058036559 4.6793106e-06 0 0.00054221435 0 0)
(-0.00058037348 -4.6807528e-06 0 0.00054222854 0 0)
(-0.00053353038 -1.3389204e-05 0 0.00045616362 0 0)
(0.000286418 1.4637045e-05 0 -0.00022367243 0 0)
(0.00078003994 -0.0014554249 0 -0.0012479717 0 0)
(0.00058786803 0.0013685967 0 -0.0009652576 0 0)
(0.00027256976 0.0002307051 0 -0.00024469942 0 0)
(-0.00034551797 -3.9190223e-06 0 0.00032119369 0 0)
(-0.00050063034 -1.9310224e-05 0 0.00049731288 0 0)
(-0.00050061237 1.9303839e-05 0 0.00049729235 0 0)
(-0.00034554413 3.9208627e-06 0 0.00032122132 0 0)
(0.00027257154 -0.00023070267 0 -0.00024470227 0 0)
(0.00058786581 -0.0013685964 0 -0.00096525428 0 0)
(0.00045971978 0.0013294212 0 -0.000726561 0 0)
(0.00022249667 0.0003530762 0 -0.00022421695 0 0)
(-0.00018867263 0.00014846067 0 0.0001690741 0 0)
(-0.00046339281 6.2880428e-06 0 0.00045122952 0 0)
(-0.00046342609 -6.2934438e-06 0 0.00045126597 0 0)
(-0.00018860921 -0.00014849441 0 0.00016901059 0 0)
(0.00022250268 -0.00035308609 0 -0.00022422242 0 0)
(0.00045972779 -0.0013294224 0 -0.00072657044 0 0)
(0.00028951314 0.0012591776 0 -0.00050015676 0 0)
(0.00017701348 0.00046716068 0 -0.0001998649 0 0)
(-0.0002335756 0.00011075625 0 0.00021657634 0 0)
(-0.00026529773 4.7729069e-05 0 0.00025642607 0 0)
(-0.00026528613 -4.7737687e-05 0 0.00025641181 0 0)
(-0.0002335767 -0.0001107627 0 0.00021658023 0 0)
(0.00017702248 -0.00046715534 0 -0.00019987443 0 0)
(0.00028951671 -0.0012591769 0 -0.00050015957 0 0)
(0.00022345962 0.0012282576 0 -0.00041392215 0 0)
(0.00012379231 0.00060499841 0 -0.00016456379 0 0)
(-8.1612784e-05 0.00027871852 0 6.7180715e-05 0 0)
(-0.00022639361 6.5168127e-05 0 0.00022170865 0 0)
(-0.00022638907 -6.5177281e-05 0 0.00022170514 0 0)
(-8.1618792e-05 -0.00027869944 0 6.718562e-05 0 0)
(0.00012380127 -0.00060500028 0 -0.00016457244 0 0)
(0.00022345966 -0.001228251 0 -0.00041392214 0 0)
(0.00015098517 0.0011972718 0 -0.00032729845 0 0)
(9.6517922e-05 0.00065584215 0 -0.00014710513 0 0)
(-6.3498825e-05 0.00032057061 0 4.7818215e-05 0 0)
(-0.00017110456 8.5116584e-05 0 0.00016865799 0 0)
(-0.00017107553 -8.5133616e-05 0 0.0001686287 0 0)
(-6.3483891e-05 -0.00032058336 0 4.7803191e-05 0 0)
(9.653057e-05 -0.00065583292 0 -0.00014711761 0 0)
(0.00015099299 -0.0011972686 0 -0.00032730615 0 0)
(0.00010822903 0.001179702 0 -0.00027602298 0 0)
(6.850736e-05 0.0007072782 0 -0.00012772959 0 0)
(-4.1643309e-05 0.00036323793 0 2.3588092e-05 0 0)
(-0.00012072116 0.00010475923 0 0.00011901324 0 0)
(-0.00012077061 -0.00010474898 0 0.00011906277 0 0)
(-4.1639687e-05 -0.00036322444 0 2.3585288e-05 0 0)
(6.8516236e-05 -0.00070728418 0 -0.00012773987 0 0)
(0.00010823173 -0.0011796918 0 -0.00027602495 0 0)
(7.2225515e-05 0.0011662642 0 -0.0002346559 0 0)
(4.956942e-05 0.00073913498 0 -0.00011489359 0 0)
(-2.6067337e-05 0.0003986678 0 5.5637292e-06 0 0)
(-8.2151268e-05 0.00012081345 0 8.0500816e-05 0 0)
(-8.2057578e-05 -0.00012085508 0 8.0407343e-05 0 0)
(-2.6047656e-05 -0.00039869212 0 5.5428159e-06 0 0)
(4.9585363e-05 -0.00073911817 0 -0.00011490806 0 0)
(7.2233231e-05 -0.0011662561 0 -0.00023466382 0 0)
(4.7580165e-05 0.0011576707 0 -0.000206794 0 0)
(3.5343163e-05 0.00076197539 0 -0.00010515268 0 0)
(-1.5900117e-05 0.00042513204 0 -6.7448539e-06 0 0)
(-5.494535e-05 0.00013275626 0 5.3078151e-05 0 0)
(-5.5066875e-05 -0.00013271354 0 5.3199401e-05 0 0)
(-1.590049e-05 -0.00042510984 0 -6.7431298e-06 0 0)
(3.5345162e-05 -0.00076198473 0 -0.00010515661 0 0)
(4.7583708e-05 -0.0011576568 0 -0.00020679633 0 0)
(3.0134416e-05 0.0011519374 0 -0.00018742923 0 0)
(2.4345563e-05 0.00077882821 0 -9.7295651e-05 0 0)
(-9.4945402e-06 0.00044402651 0 -1.4857437e-05 0 0)
(-3.6165265e-05 0.00014134912 0 3.4007346e-05 0 0)
(-3.599659e-05 -0.00014142613 0 3.3838941e-05 0 0)
(-9.4775137e-06 -0.00044405413 0 -1.4876092e-05 0 0)
(2.436306e-05 -0.00077880494 0 -9.7311489e-05 0 0)
(3.0142074e-05 -0.0011519252 0 -0.00018743721 0 0)
(1.9128427e-05 0.0011484829 0 -0.00017528502 0 0)
(1.6345011e-05 0.00079050468 0 -9.1424056e-05 0 0)
(-5.555952e-06 0.00045706972 0 -2.0077266e-05 0 0)
(-2.3592762e-05 0.00014736666 0 2.1165388e-05 0 0)
(-2.3784947e-05 -0.00014729078 0 2.1357276e-05 0 0)
(-5.5590342e-06 -0.00045704647 0 -2.0072742e-05 0 0)
(1.6343702e-05 -0.00079050951 0 -9.1424334e-05 0 0)
(1.9128108e-05 -0.0011484652 0 -0.00017528332 0 0)
(1.1855354e-05 0.0011462936 0 -0.00016734001 0 0)
(1.0752062e-05 0.00079828617 0 -8.7235699e-05 0 0)
(-3.1551149e-06 0.00046597237 0 -2.3395066e-05 0 0)
(-1.5215586e-05 0.0001515016 0 1.2565656e-05 0 0)
(-1.5011143e-05 -0.00015160136 0 1.2361242e-05 0 0)
(-3.144085e-06 -0.0004659983 0 -2.340762e-05 0 0)
(1.0762722e-05 -0.00079826785 0 -8.7244896e-05 0 0)
(1.1861895e-05 -0.0011462789 0 -0.00016734673 0 0)
(7.2176256e-06 0.0011449479 0 -0.00016231144 0 0)
(6.9165309e-06 0.00080339719 0 -8.4308195e-05 0 0)
(-1.7256851e-06 0.00047191597 0 -2.5461985e-05 0 0)
(-9.4592078e-06 0.00015442482 0 6.644211e-06 0 0)
(-9.6612663e-06 -0.00015434237 0 6.8461662e-06 0 0)
(-1.7302653e-06 -0.00047189796 0 -2.5456201e-05 0 0)
(6.9129975e-06 -0.00080339767 0 -8.4305797e-05 0 0)
(7.2164066e-06 -0.0011449294 0 -0.00016230902 0 0)
(4.2884309e-06 0.0011441294 0 -0.00015915924 0 0)
(4.3609738e-06 0.00080665509 0 -8.2330908e-05 0 0)
(-8.9690095e-07 0.00047581167 0 -2.6717895e-05 0 0)
(-5.9873204e-06 0.00015624991 0 3.0549285e-06 0 0)
(-5.7937901e-06 -0.00015635139 0 2.8612697e-06 0 0)
(-8.9202006e-07 -0.0004758332 0 -2.6723953e-05 0 0)
(4.3659592e-06 -0.00080664067 0 -8.2334745e-05 0 0)
(4.2907654e-06 -0.001144113 0 -0.00015916155 0 0)
(2.479777e-06 0.0011436434 0 -0.00015722957 0 0)
(2.6998908e-06 0.00080868968 0 -8.1028177e-05 0 0)
(-4.2608045e-07 0.0004783432 0 -2.7471198e-05 0 0)
(-3.5070921e-06 0.00015757336 0 4.9551297e-07 0 0)
(-3.685091e-06 -0.0001575008 0 6.7356537e-07 0 0)
(-4.3111066e-07 -0.00047833296 0 -2.7465359e-05 0 0)
(2.6947198e-06 -0.00080868796 0 -8.1023677e-05 0 0)
(2.4777706e-06 -0.0011436255 0 -0.00015722664 0 0)
(1.3799005e-06 0.0011433609 0 -0.00015606493 0 0)
(1.6232075e-06 0.00080994898 0 -8.0172602e-05 0 0)
(-1.7569806e-07 0.0004799252 0 -2.7901002e-05 0 0)
(-2.209931e-06 0.00015829767 0 -8.5386928e-07 0 0)
(-2.0801457e-06 -0.00015837408 0 -9.8365121e-07 0 0)
(-1.7531655e-07 -0.0004799417 0 -2.7902167e-05 0 0)
(1.6239017e-06 -0.00080993843 0 -8.0172525e-05 0 0)
(1.379757e-06 -0.0011433446 0 -0.0001560646 0 0)
(7.3697139e-07 0.0011432062 0 -0.00015539239 0 0)
(9.6077619e-07 0.00081069098 0 -7.9640292e-05 0 0)
(-4.4004446e-08 0.00048093287 0 -2.8146565e-05 0 0)
(-1.1297545e-06 0.00015889482 0 -1.9680279e-06 0 0)
(-1.2378683e-06 -0.00015885489 0 -1.85997e-06 0 0)
(-4.872083e-08 -0.00048092974 0 -2.8141427e-05 0 0)
(9.553186e-07 -0.00081068798 0 -7.963513e-05 0 0)
(7.3452948e-07 -0.0011431897 0 -0.0001553893 0 0)
(3.6113001e-07 0.0011431228 0 -0.00015500305 0 0)
(5.3660694e-07 0.00081114045 0 -7.9293673e-05 0 0)
(1.3883059e-08 0.00048152223 0 -2.8272835e-05 0 0)
(-6.3578536e-07 0.00015918571 0 -2.4835193e-06 0 0)
(-5.4007688e-07 -0.00015924871 0 -2.5796337e-06 0 0)
(1.1763943e-08 -0.0004815343 0 -2.8271179e-05 0 0)
(5.3475481e-07 -0.00081113298 0 -7.9291374e-05 0 0)
(3.5969314e-07 -0.0011431075 0 -0.00015500134 0 0)
(1.5957682e-07 0.001143085 0 -0.00015479913 0 0)
(2.9641687e-07 0.00081138043 0 -7.909569e-05 0 0)
(3.8549971e-08 0.00048189364 0 -2.8339006e-05 0 0)
(-2.1472957e-07 0.00015942923 0 -2.9176581e-06 0 0)
(-3.0249668e-07 -0.00015939742 0 -2.8294077e-06 0 0)
(3.4474573e-08 -0.00048189537 0 -2.8334792e-05 0 0)
(2.9154078e-07 -0.00081137671 0 -7.909087e-05 0 0)
(1.5719803e-07 -0.0011430701 0 -0.00015479633 0 0)
(4.6432766e-08 0.0011430689 0 -0.00015468652 0 0)
(1.4024003e-07 0.00081152478 0 -7.8963496e-05 0 0)
(4.230035e-08 0.00048208801 0 -2.8365894e-05 0 0)
(-1.9407576e-07 0.00015945528 0 -2.9439773e-06 0 0)
(-1.1001596e-07 -0.00015951537 0 -3.0288545e-06 0 0)
(3.9178453e-08 -0.0004820967 0 -2.836302e-05 0 0)
(1.372399e-07 -0.0008115193 0 -7.8960269e-05 0 0)
(4.4557656e-08 -0.0011430548 0 -0.00015468436 0 0)
(-3.9924042e-09 0.0011430683 0 -0.00015463965 0 0)
(6.5826861e-08 0.00081158464 0 -7.8900364e-05 0 0)
(3.9359518e-08 0.00048221125 0 -2.8376069e-05 0 0)
(3.4349756e-08 0.00015959039 0 -3.1778175e-06 0 0)
(-1.9243078e-08 -0.00015957354 0 -3.1239222e-06 0 0)
(3.5855895e-08 -0.00048221545 0 -2.8372589e-05 0 0)
(6.1766628e-08 -0.00081158054 0 -7.8896241e-05 0 0)
(-6.0601768e-09 -0.001143055 0 -0.0001546373 0 0)
(-2.9849288e-08 0.0011430747 0 -0.00015461671 0 0)
(1.1843119e-08 0.00081162196 0 -7.885219e-05 0 0)
(3.3202887e-08 0.00048226136 0 -2.8376366e-05 0 0)
(-3.0899821e-09 0.0001595734 0 -3.141884e-06 0 0)
(1.7721311e-08 -0.00015959939 0 -3.16285e-06 0 0)
(2.9887207e-08 -0.00048226779 0 -2.837318e-05 0 0)
(8.4509651e-09 -0.00081161758 0 -7.884869e-05 0 0)
(-3.1697646e-08 -0.001143062 0 -0.0001546146 0 0)
(-3.7031773e-08 0.0011430807 0 -0.00015461302 0 0)
(-4.3613626e-09 0.0008116298 0 -7.8837571e-05 0 0)
(2.6226445e-08 0.00048229514 0 -2.837251e-05 0 0)
(3.2274779e-08 0.00015959533 0 -3.1783388e-06 0 0)
(2.7262837e-08 -0.00015960478 0 -3.1733874e-06 0 0)
(2.3013207e-08 -0.00048230022 0 -2.8369384e-05 0 0)
(-7.803513e-09 -0.00081162573 0 -7.8834018e-05 0 0)
(-3.8845235e-08 -0.0011430687 0 -0.00015461102 0 0)
(-3.579194e-08 0.0011430889 0 -0.00015461658 0 0)
(-2.4718169e-08 0.00081163612 0 -7.8817317e-05 0 0)
(2.2076119e-08 0.00048230061 0 -2.8369422e-05 0 0)
(4.855387e-08 0.00015960868 0 -3.1952849e-06 0 0)
(4.239388e-08 -0.00015961581 0 -3.1891557e-06 0 0)
(1.8850383e-08 -0.00048230575 0 -2.836627e-05 0 0)
(-2.79387e-08 -0.00081163221 0 -7.8814033e-05 0 0)
(-3.753806e-08 -0.0011430774 0 -0.0001546146 0 0)
(-3.1955027e-08 0.0011430951 0 -0.00015462297 0 0)
(-2.0357622e-08 0.000811633 0 -7.8820837e-05 0 0)
(1.4708933e-08 0.00048230511 0 -2.8362002e-05 0 0)
(3.9514908e-08 0.00015959906 0 -3.1862268e-06 0 0)
(4.0430767e-08 -0.00015961181 0 -3.1871988e-06 0 0)
(1.155179e-08 -0.00048230986 0 -2.8358949e-05 0 0)
(-2.381126e-08 -0.00081162906 0 -7.8817241e-05 0 0)
(-3.3686714e-08 -0.0011430842 0 -0.00015462111 0 0)
(-2.7437306e-08 0.0011431001 0 -0.00015462838 0 0)
(-2.3481942e-08 0.00081162509 0 -7.881761e-05 0 0)
(1.333372e-08 0.000482299 0 -2.8360212e-05 0 0)
(3.7051792e-08 0.00015960205 0 -3.1838178e-06 0 0)
(3.6467993e-08 -0.00015961162 0 -3.1833158e-06 0 0)
(1.0183218e-08 -0.00048230336 0 -2.8357103e-05 0 0)
(-2.6641046e-08 -0.00081162149 0 -7.8814417e-05 0 0)
(-2.8866451e-08 -0.00114309 0 -0.00015462678 0 0)
(-2.2765146e-08 0.0011431052 0 -0.00015463478 0 0)
(-1.9281897e-08 0.00081161983 0 -7.8820226e-05 0 0)
(1.0795845e-08 0.00048229357 0 -2.835736e-05 0 0)
(3.93703e-08 0.00015959881 0 -3.1860606e-06 0 0)
(3.6555959e-08 -0.00015960773 0 -3.1832522e-06 0 0)
(7.4678219e-09 -0.00048229752 0 -2.83541e-05 0 0)
(-2.2614254e-08 -0.0008116166 0 -7.8816764e-05 0 0)
(-2.4466805e-08 -0.0011430954 0 -0.00015463298 0 0)
(-1.9992605e-08 0.0011431087 0 -0.00015463777 0 0)
(-1.9930071e-08 0.00081161884 0 -7.8819542e-05 0 0)
(5.3399425e-09 0.00048228152 0 -2.8351044e-05 0 0)
(2.7689884e-08 0.00015959482 0 -3.1742457e-06 0 0)
(2.8213961e-08 -0.00015960417 0 -3.17484e-06 0 0)
(2.5576108e-09 -0.00048228599 0 -2.8348304e-05 0 0)
(-2.3093993e-08 -0.00081161548 0 -7.8816338e-05 0 0)
(-2.1463809e-08 -0.0011430997 0 -0.00015463616 0 0)
(-1.6118209e-08 0.0011431129 0 -0.00015464281 0 0)
(-1.5260818e-08 0.00081161208 0 -7.8822981e-05 0 0)
(7.0429303e-09 0.00048227893 0 -2.8352676e-05 0 0)
(3.4631022e-08 0.00015959483 0 -3.1811474e-06 0 0)
(3.1149151e-08 -0.00015960208 0 -3.1776684e-06 0 0)
(3.7274828e-09 -0.00048228215 0 -2.8349416e-05 0 0)
(-1.8553583e-08 -0.00081160909 0 -7.8819574e-05 0 0)
(-1.7753602e-08 -0.0011431044 0 -0.0001546411 0 0)
(-1.4408847e-08 0.0011431158 0 -0.00015464436 0 0)
(-1.6062071e-08 0.00081161119 0 -7.8822323e-05 0 0)
(5.0510216e-09 0.00048227053 0 -2.8350035e-05 0 0)
(2.3241796e-08 0.00015958956 0 -3.1696263e-06 0 0)
(2.2394182e-08 -0.00015959755 0 -3.1688208e-06 0 0)
(1.9512802e-09 -0.00048227411 0 -2.8346972e-05 0 0)
(-1.9233588e-08 -0.00081160832 0 -7.8819098e-05 0 0)
(-1.5912649e-08 -0.0011431079 0 -0.00015464275 0 0)
(-1.2181156e-08 0.0011431191 0 -0.00015464741 0 0)
(-1.2203068e-08 0.00081160614 0 -7.882529e-05 0 0)
(5.7439448e-09 0.00048226755 0 -2.8350685e-05 0 0)
(2.6962912e-08 0.00015958927 0 -3.1732966e-06 0 0)
(2.558221e-08 -0.00015959614 0 -3.1719487e-06 0 0)
(2.6384557e-09 -0.00048227055 0 -2.8347613e-05 0 0)
(-1.5432367e-08 -0.00081160356 0 -7.882196e-05 0 0)
(-1.3775491e-08 -0.0011431117 0 -0.00015464576 0 0)
(-1.0767239e-08 0.0011431216 0 -0.00015464848 0 0)
(-1.2786638e-08 0.00081160498 0 -7.8825019e-05 0 0)
(4.4191954e-09 0.00048226041 0 -2.8348922e-05 0 0)
(2.0672295e-08 0.0001595853 0 -3.1669496e-06 0 0)
(1.9391982e-08 -0.00015959212 0 -3.1656945e-06 0 0)
(1.379543e-09 -0.00048226348 0 -2.8345916e-05 0 0)
(-1.5870391e-08 -0.00081160259 0 -7.8821876e-05 0 0)
(-1.22364e-08 -0.0011431149 0 -0.00015464694 0 0)
(-9.9468563e-09 0.0011431242 0 -0.00015464996 0 0)
(-1.0320172e-08 0.00081160174 0 -7.8826804e-05 0 0)
(4.5419765e-09 0.00048225716 0 -2.8349088e-05 0 0)
(1.9845161e-08 0.00015958332 0 -3.1660507e-06 0 0)
(1.9096178e-08 -0.00015958958 0 -3.1653432e-06 0 0)
(1.6288462e-09 -0.00048225991 0 -2.8346194e-05 0 0)
(-1.3379906e-08 -0.00081159958 0 -7.8823654e-05 0 0)
(-1.146185e-08 -0.001143118 0 -0.0001546484 0 0)
(-8.6145761e-09 0.0011431265 0 -0.00015465086 0 0)
(-1.0480356e-08 0.00081160022 0 -7.8827039e-05 0 0)
(4.0124111e-09 0.00048225175 0 -2.834826e-05 0 0)
(1.743811e-08 0.00015958112 0 -3.1636528e-06 0 0)
(1.5861084e-08 -0.00015958662 0 -3.1620847e-06 0 0)
(1.1740999e-09 -0.00048225444 0 -2.8345452e-05 0 0)
(-1.3374338e-08 -0.00081159828 0 -7.8824087e-05 0 0)
(-1.0011627e-08 -0.0011431209 0 -0.00015464941 0 0)
(-8.5976001e-09 0.0011431287 0 -0.00015465146 0 0)
(-9.1418247e-09 0.0008115982 0 -7.8827814e-05 0 0)
(3.7593144e-09 0.00048224863 0 -2.8348092e-05 0 0)
(1.7454974e-08 0.00015958007 0 -3.1636176e-06 0 0)
(1.6619043e-08 -0.00015958549 0 -3.1628208e-06 0 0)
(1.1082412e-09 -0.0004822511 0 -2.8345453e-05 0 0)
(-1.1925838e-08 -0.00081159643 0 -7.8824952e-05 0 0)
(-9.9824406e-09 -0.0011431236 0 -0.00015465005 0 0)
(-7.4647968e-09 0.0011431308 0 -0.00015465212 0 0)
(-9.1159617e-09 0.00081159661 0 -7.8828265e-05 0 0)
(3.6519644e-09 0.00048224443 0 -2.8347766e-05 0 0)
(1.5992482e-08 0.00015957808 0 -3.1621844e-06 0 0)
(1.494112e-08 -0.00015958332 0 -3.1611399e-06 0 0)
(1.1150118e-09 -0.00048224676 0 -2.8345256e-05 0 0)
(-1.1717195e-08 -0.00081159506 0 -7.8825612e-05 0 0)
(-8.7288961e-09 -0.0011431262 0 -0.00015465081 0 0)
(-7.7232158e-09 0.0011431328 0 -0.00015465241 0 0)
(-8.3217816e-09 0.00081159516 0 -7.8828554e-05 0 0)
(3.2877811e-09 0.00048224144 0 -2.8347505e-05 0 0)
(1.5827142e-08 0.00015957679 0 -3.161972e-06 0 0)
(1.5067023e-08 -0.00015958147 0 -3.1612466e-06 0 0)
(9.6374196e-10 -0.00048224361 0 -2.8345189e-05 0 0)
(-1.0750272e-08 -0.00081159374 0 -7.8826059e-05 0 0)
(-8.9371955e-09 -0.0011431287 0 -0.00015465119 0 0)
(-6.8174135e-09 0.0011431347 0 -0.00015465283 0 0)
(-8.3940877e-09 0.00081159371 0 -7.8828924e-05 0 0)
(3.3002217e-09 0.00048223816 0 -2.8347338e-05 0 0)
(1.4916145e-08 0.00015957511 0 -3.1610987e-06 0 0)
(1.4061312e-08 -0.0001595796 0 -3.1602476e-06 0 0)
(1.1283976e-09 -0.00048224017 0 -2.8345192e-05 0 0)
(-1.0629567e-08 -0.00081159247 0 -7.8826646e-05 0 0)
(-7.9000575e-09 -0.001143131 0 -0.00015465171 0 0)
(-7.1431944e-09 0.0011431367 0 -0.00015465304 0 0)
(-7.7508528e-09 0.00081159248 0 -7.8829087e-05 0 0)
(2.9474046e-09 0.00048223513 0 -2.8347106e-05 0 0)
(1.4628251e-08 0.00015957388 0 -3.1607663e-06 0 0)
(1.3902125e-08 -0.00015957774 0 -3.1600705e-06 0 0)
(9.931567e-10 -0.00048223701 0 -2.8345158e-05 0 0)
(-9.7821377e-09 -0.00081159135 0 -7.8827001e-05 0 0)
(-8.1595373e-09 -0.0011431333 0 -0.00015465202 0 0)
(-6.3851576e-09 0.0011431384 0 -0.0001546533 0 0)
(-7.9660701e-09 0.0008115912 0 -7.8829324e-05 0 0)
(2.9619251e-09 0.00048223238 0 -2.8346957e-05 0 0)
(1.3985427e-08 0.00015957236 0 -3.1601637e-06 0 0)
(1.3291728e-08 -0.00015957609 0 -3.1594715e-06 0 0)
(1.1773975e-09 -0.0004822341 0 -2.8345196e-05 0 0)
(-9.8056613e-09 -0.00081159022 0 -7.8827453e-05 0 0)
(-7.2679967e-09 -0.0011431355 0 -0.00015465239 0 0)
(-6.738112e-09 0.0011431403 0 -0.00015465347 0 0)
(-7.3621941e-09 0.00081159009 0 -7.882946e-05 0 0)
(2.6424069e-09 0.0004822294 0 -2.8346771e-05 0 0)
(1.3657602e-08 0.00015957118 0 -3.1597934e-06 0 0)
(1.3031999e-08 -0.00015957438 0 -3.1591948e-06 0 0)
(1.0657658e-09 -0.000482231 0 -2.83452e-05 0 0)
(-8.9926638e-09 -0.00081158919 0 -7.8827787e-05 0 0)
(-7.5510263e-09 -0.0011431376 0 -0.00015465266 0 0)
(-6.056905e-09 0.001143142 0 -0.00015465365 0 0)
(-7.6548787e-09 0.00081158895 0 -7.8829621e-05 0 0)
(2.6538532e-09 0.00048222695 0 -2.8346625e-05 0 0)
(1.3158448e-08 0.00015956977 0 -3.1593348e-06 0 0)
(1.2614103e-08 -0.00015957285 0 -3.1587904e-06 0 0)
(1.243694e-09 -0.00048222839 0 -2.8345238e-05 0 0)
(-9.1063974e-09 -0.00081158816 0 -7.8828149e-05 0 0)
(-6.743743e-09 -0.0011431396 0 -0.00015465294 0 0)
(-6.4249511e-09 0.0011431438 0 -0.00015465381 0 0)
(-7.0696281e-09 0.00081158792 0 -7.8829747e-05 0 0)
(2.3626495e-09 0.00048222412 0 -2.8346473e-05 0 0)
(1.2834297e-08 0.00015956864 0 -3.15897e-06 0 0)
(1.2329843e-08 -0.00015957128 0 -3.1584901e-06 0 0)
(1.1409953e-09 -0.00048222544 0 -2.8345257e-05 0 0)
(-8.325349e-09 -0.00081158718 0 -7.882846e-05 0 0)
(-7.0478993e-09 -0.0011431416 0 -0.00015465319 0 0)
(-5.782155e-09 0.0011431454 0 -0.00015465395 0 0)
(-7.3918455e-09 0.00081158688 0 -7.8829877e-05 0 0)
(2.3814922e-09 0.00048222184 0 -2.8346339e-05 0 0)
(1.2415238e-08 0.00015956729 0 -3.1585913e-06 0 0)
(1.2004867e-08 -0.00015956985 0 -3.1581796e-06 0 0)
(1.3090909e-09 -0.00048222303 0 -2.8345289e-05 0 0)
(-8.4910696e-09 -0.00081158622 0 -7.8828767e-05 0 0)
(-6.2917495e-09 -0.0011431435 0 -0.00015465342 0 0)
(-6.1571687e-09 0.0011431472 0 -0.0001546541 0 0)
(-6.8172841e-09 0.00081158591 0 -7.8829999e-05 0 0)
(2.1131758e-09 0.00048221915 0 -2.8346211e-05 0 0)
(1.2110282e-08 0.00015956621 0 -3.1582473e-06 0 0)
(1.1723287e-08 -0.00015956839 0 -3.1578828e-06 0 0)
(1.2041246e-09 -0.00048222024 0 -2.8345308e-05 0 0)
(-7.7448254e-09 -0.00081158528 0 -7.882905e-05 0 0)
(-6.6148483e-09 -0.0011431454 0 -0.00015465364 0 0)
(-5.5340549e-09 0.0011431487 0 -0.00015465422 0 0)
(-7.1460444e-09 0.00081158494 0 -7.8830119e-05 0 0)
(2.145235e-09 0.00048221701 0 -2.8346094e-05 0 0)
(1.1739581e-08 0.00015956492 0 -3.1579165e-06 0 0)
(1.144399e-08 -0.00015956705 0 -3.1576187e-06 0 0)
(1.3605873e-09 -0.00048221799 0 -2.8345332e-05 0 0)
(-7.9447398e-09 -0.00081158438 0 -7.8829318e-05 0 0)
(-5.8937487e-09 -0.0011431471 0 -0.00015465384 0 0)
(-5.9104134e-09 0.0011431504 0 -0.00015465436 0 0)
(-6.5765593e-09 0.00081158403 0 -7.8830242e-05 0 0)
(1.8972567e-09 0.00048221444 0 -2.8345986e-05 0 0)
(1.1457073e-08 0.00015956387 0 -3.1575964e-06 0 0)
(1.1172279e-08 -0.0001595657 0 -3.1573326e-06 0 0)
(1.2486238e-09 -0.00048221534 0 -2.8345344e-05 0 0)
(-7.2325129e-09 -0.00081158348 0 -7.8829573e-05 0 0)
(-6.2326414e-09 -0.0011431489 0 -0.00015465404 0 0)
(-5.2978872e-09 0.0011431518 0 -0.00015465448 0 0)
(-6.9014075e-09 0.00081158313 0 -7.8830363e-05 0 0)
(1.9438186e-09 0.00048221241 0 -2.8345887e-05 0 0)
(1.1118336e-08 0.00015956263 0 -3.1572972e-06 0 0)
(1.0916207e-08 -0.00015956444 0 -3.1570923e-06 0 0)
(1.3920901e-09 -0.00048221323 0 -2.8345357e-05 0 0)
(-7.4573975e-09 -0.00081158262 0 -7.8829811e-05 0 0)
(-5.5380785e-09 -0.0011431505 0 -0.00015465422 0 0)
(-5.672133e-09 0.0011431535 0 -0.00015465461 0 0)
(-6.3335156e-09 0.00081158227 0 -7.8830491e-05 0 0)
(1.7143438e-09 0.00048220996 0 -2.8345797e-05 0 0)
(1.0856576e-08 0.00015956162 0 -3.1569993e-06 0 0)
(1.0654353e-08 -0.00015956316 0 -3.1568168e-06 0 0)
(1.2719087e-09 -0.00048221071 0 -2.8345361e-05 0 0)
(-6.7760763e-09 -0.00081158177 0 -7.8830041e-05 0 0)
(-5.8893827e-09 -0.0011431522 0 -0.0001546544 0 0)
(-5.0659157e-09 0.0011431549 0 -0.00015465473 0 0)
(-6.6501899e-09 0.00081158141 0 -7.8830615e-05 0 0)
(1.7743828e-09 0.00048220803 0 -2.8345714e-05 0 0)
(1.0540668e-08 0.00015956043 0 -3.1567227e-06 0 0)
(1.041097e-08 -0.000159562 0 -3.1565896e-06 0 0)
(1.4022174e-09 -0.00048220873 0 -2.8345365e-05 0 0)
(-7.0200418e-09 -0.00081158094 0 -7.8830255e-05 0 0)
(-5.2160691e-09 -0.0011431536 0 -0.00015465456 0 0)
(-5.4363032e-09 0.0011431565 0 -0.00015465486 0 0)
(-6.0824047e-09 0.0008115806 0 -7.8830749e-05 0 0)
(1.5613421e-09 0.00048220568 0 -2.834564e-05 0 0)
(1.0296423e-08 0.00015955945 0 -3.1564436e-06 0 0)
(1.0157073e-08 -0.00015956078 0 -3.1563229e-06 0 0)
(1.2742764e-09 -0.00048220632 0 -2.8345359e-05 0 0)
(-6.3656503e-09 -0.00081158013 0 -7.8830464e-05 0 0)
(-5.5766373e-09 -0.0011431553 0 -0.00015465473 0 0)
(-4.8346002e-09 0.0011431578 0 -0.00015465497 0 0)
(-6.389821e-09 0.0008115798 0 -7.8830879e-05 0 0)
(1.6327641e-09 0.00048220385 0 -2.8345572e-05 0 0)
(9.9978158e-09 0.00015955831 0 -3.156184e-06 0 0)
(9.9214658e-09 -0.00015955971 0 -3.1561039e-06 0 0)
(1.3923282e-09 -0.00048220446 0 -2.8345354e-05 0 0)
(-6.6242287e-09 -0.00081157935 0 -7.8830658e-05 0 0)
(-4.9207987e-09 -0.0011431567 0 -0.00015465487 0 0)
(-5.2005839e-09 0.0011431593 0 -0.0001546551 0 0)
(-5.8221057e-09 0.00081157903 0 -7.8831018e-05 0 0)
(1.4338738e-09 0.0004822016 0 -2.8345511e-05 0 0)
(9.7678216e-09 0.00015955736 0 -3.1559204e-06 0 0)
(9.6737751e-09 -0.00015955855 0 -3.155844e-06 0 0)
(1.2578924e-09 -0.00048220217 0 -2.8345341e-05 0 0)
(-5.992749e-09 -0.00081157857 0 -7.8830849e-05 0 0)
(-5.2879391e-09 -0.0011431582 0 -0.00015465503 0 0)
(-4.6028917e-09 0.0011431606 0 -0.00015465522 0 0)
(-6.1208124e-09 0.00081157827 0 -7.8831153e-05 0 0)
(1.51427e-09 0.00048219987 0 -2.8345455e-05 0 0)
(9.4829512e-09 0.00015955628 0 -3.1556742e-06 0 0)
(9.4437089e-09 -0.00015955756 0 -3.155631e-06 0 0)
(1.3652803e-09 -0.00048220041 0 -2.8345328e-05 0 0)
(-6.2623002e-09 -0.00081157783 0 -7.8831027e-05 0 0)
(-4.6466822e-09 -0.0011431595 0 -0.00015465516 0 0)
(-4.9646747e-09 0.0011431621 0 -0.00015465535 0 0)
(-5.5539925e-09 0.00081157754 0 -7.8831297e-05 0 0)
(1.3272217e-09 0.00048219772 0 -2.8345404e-05 0 0)
(9.2644925e-09 0.00015955536 0 -3.1554233e-06 0 0)
(9.2011949e-09 -0.00015955644 0 -3.1553768e-06 0 0)
(1.2259255e-09 -0.00048219823 0 -2.8345309e-05 0 0)
(-5.6500887e-09 -0.00081157709 0 -7.8831205e-05 0 0)
(-5.0182354e-09 -0.001143161 0 -0.00015465531 0 0)
(-4.3711378e-09 0.0011431633 0 -0.00015465546 0 0)
(-5.8453161e-09 0.00081157682 0 -7.8831435e-05 0 0)
(1.4142762e-09 0.00048219608 0 -2.8345359e-05 0 0)
(8.9909905e-09 0.00015955433 0 -3.1551882e-06 0 0)
(8.975759e-09 -0.00015955553 0 -3.1551688e-06 0 0)
(1.3245354e-09 -0.00048219658 0 -2.834529e-05 0 0)
(-5.9276541e-09 -0.00081157638 0 -7.8831371e-05 0 0)
(-4.3893113e-09 -0.0011431622 0 -0.00015465543 0 0)
(-4.7293297e-09 0.0011431647 0 -0.00015465559 0 0)
(-5.2806179e-09 0.00081157613 0 -7.8831582e-05 0 0)
(1.2369256e-09 0.00048219403 0 -2.8345316e-05 0 0)
(8.7820467e-09 0.00015955344 0 -3.1549478e-06 0 0)
(8.7380862e-09 -0.00015955445 0 -3.1549199e-06 0 0)
(1.1818594e-09 -0.0004821945 0 -2.8345267e-05 0 0)
(-5.3316283e-09 -0.00081157568 0 -7.8831537e-05 0 0)
(-4.7636461e-09 -0.0011431636 0 -0.00015465557 0 0)
(-4.1403815e-09 0.0011431658 0 -0.00015465571 0 0)
(-5.5661737e-09 0.00081157544 0 -7.8831722e-05 0 0)
(1.3286234e-09 0.00048219248 0 -2.8345278e-05 0 0)
(8.5183459e-09 0.00015955247 0 -3.1547222e-06 0 0)
(8.5170642e-09 -0.00015955362 0 -3.1547166e-06 0 0)
(1.2735763e-09 -0.00048219294 0 -2.8345244e-05 0 0)
(-5.6148894e-09 -0.00081157501 0 -7.8831692e-05 0 0)
(-4.1453374e-09 -0.0011431647 0 -0.00015465569 0 0)
(-4.4957682e-09 0.0011431671 0 -0.00015465583 0 0)
(-5.0049126e-09 0.00081157479 0 -7.8831871e-05 0 0)
(1.159104e-09 0.00048219052 0 -2.8345242e-05 0 0)
(8.3175435e-09 0.00015955161 0 -3.1544908e-06 0 0)
(8.2843851e-09 -0.00015955258 0 -3.1544731e-06 0 0)
(1.1290353e-09 -0.00048219097 0 -2.8345217e-05 0 0)
(-5.0325749e-09 -0.00081157435 0 -7.883185e-05 0 0)
(-4.5213006e-09 -0.0011431661 0 -0.00015465582 0 0)
(-3.9119298e-09 0.0011431682 0 -0.00015465594 0 0)
(-5.286329e-09 0.00081157414 0 -7.8832012e-05 0 0)
(1.2538115e-09 0.00048218906 0 -2.8345209e-05 0 0)
(8.0626445e-09 0.0001595507 0 -3.1542736e-06 0 0)
(8.0679378e-09 -0.00015955182 0 -3.1542745e-06 0 0)
(1.215571e-09 -0.0004821895 0 -2.8345191e-05 0 0)
(-5.3198071e-09 -0.00081157371 0 -7.8831997e-05 0 0)
(-3.9123357e-09 -0.0011431672 0 -0.00015465594 0 0)
(-4.2653309e-09 0.0011431695 0 -0.00015465607 0 0)
(-4.7297299e-09 0.00081157352 0 -7.883216e-05 0 0)
(1.090579e-09 0.0004821872 0 -2.8345178e-05 0 0)
(7.8691393e-09 0.00015954988 0 -3.1540504e-06 0 0)
(7.8406896e-09 -0.00015955082 0 -3.1540367e-06 0 0)
(1.0703979e-09 -0.00048218763 0 -2.8345163e-05 0 0)
(-4.7493041e-09 -0.00081157308 0 -7.8832147e-05 0 0)
(-4.2891784e-09 -0.0011431684 0 -0.00015465606 0 0)
(-3.6871042e-09 0.0011431705 0 -0.00015465618 0 0)
(-5.0085034e-09 0.00081157291 0 -7.88323e-05 0 0)
(1.1870469e-09 0.00048218582 0 -2.834515e-05 0 0)
(7.6224516e-09 0.00015954902 0 -3.153841e-06 0 0)
(7.6291777e-09 -0.00015955012 0 -3.1538432e-06 0 0)
(1.1532118e-09 -0.00048218624 0 -2.8345135e-05 0 0)
(-5.0393032e-09 -0.00081157248 0 -7.8832287e-05 0 0)
(-3.6886491e-09 -0.0011431694 0 -0.00015465617 0 0)
(-4.0392958e-09 0.0011431717 0 -0.0001546563 0 0)
(-4.4576108e-09 0.00081157232 0 -7.8832446e-05 0 0)
(1.0288759e-09 0.00048218405 0 -2.8345122e-05 0 0)
(7.4357963e-09 0.00015954823 0 -3.1536254e-06 0 0)
(7.4079262e-09 -0.00015954916 0 -3.1536117e-06 0 0)
(1.0083931e-09 -0.00048218447 0 -2.8345107e-05 0 0)
(-4.4792079e-09 -0.00081157189 0 -7.8832431e-05 0 0)
(-4.0659452e-09 -0.0011431706 0 -0.00015465629 0 0)
(-3.4671109e-09 0.0011431727 0 -0.00015465641 0 0)
(-4.7350434e-09 0.00081157174 0 -7.8832584e-05 0 0)
(1.126199e-09 0.00048218276 0 -2.8345097e-05 0 0)
(7.1970188e-09 0.00015954743 0 -3.1534234e-06 0 0)
(7.2017998e-09 -0.00015954851 0 -3.1534236e-06 0 0)
(1.0886735e-09 -0.00048218317 0 -2.8345078e-05 0 0)
(-4.7711989e-09 -0.00081157131 0 -7.8832566e-05 0 0)
(-3.4732261e-09 -0.0011431716 0 -0.0001546564 0 0)
(-3.8187881e-09 0.0011431738 0 -0.00015465653 0 0)
(-4.1906935e-09 0.00081157119 0 -7.8832728e-05 0 0)
(9.7214971e-10 0.00048218108 0 -2.8345072e-05 0 0)
(7.0170439e-09 0.00015954667 0 -3.1532151e-06 0 0)
(6.9871397e-09 -0.00015954759 0 -3.1531988e-06 0 0)
(9.4496131e-10 -0.00048218149 0 -2.8345049e-05 0 0)
(-4.2205091e-09 -0.00081157076 0 -7.8832704e-05 0 0)
(-3.8507924e-09 -0.0011431727 0 -0.00015465651 0 0)
(-3.2529834e-09 0.0011431747 0 -0.00015465663 0 0)
(-4.4678757e-09 0.00081157064 0 -7.8832862e-05 0 0)
(1.0697079e-09 0.00048217986 0 -2.8345049e-05 0 0)
(6.7860697e-09 0.00015954593 0 -3.1530204e-06 0 0)
(6.7868651e-09 -0.000159547 0 -3.1530164e-06 0 0)
(1.0236426e-09 -0.00048218026 0 -2.8345021e-05 0 0)
(-4.51405e-09 -0.00081157022 0 -7.8832834e-05 0 0)
(-3.2654657e-09 -0.0011431736 0 -0.00015465661 0 0)
(-3.604748e-09 0.0011431758 0 -0.00015465675 0 0)
(-3.9307009e-09 0.00081157012 0 -7.8833003e-05 0 0)
(9.1908008e-10 0.00048217828 0 -2.8345027e-05 0 0)
(6.6127858e-09 0.00015954521 0 -3.1528193e-06 0 0)
(6.57936e-09 -0.00015954612 0 -3.152799e-06 0 0)
(8.8158459e-10 -0.00048217867 0 -2.8344992e-05 0 0)
(-3.972069e-09 -0.0008115697 0 -7.8832967e-05 0 0)
(-3.6432908e-09 -0.0011431747 0 -0.00015465672 0 0)
(-3.045568e-09 0.0011431766 0 -0.00015465684 0 0)
(-4.2085218e-09 0.0008115696 0 -7.8833133e-05 0 0)
(1.0164759e-09 0.00048217714 0 -2.8345005e-05 0 0)
(6.3896258e-09 0.00015954452 0 -3.1526319e-06 0 0)
(6.3853713e-09 -0.00015954557 0 -3.1526228e-06 0 0)
(9.5938126e-10 -0.00048217752 0 -2.8344965e-05 0 0)
(-4.2669614e-09 -0.00081156918 0 -7.8833091e-05 0 0)
(-3.0650823e-09 -0.0011431756 0 -0.00015465682 0 0)
(-3.3979291e-09 0.0011431776 0 -0.00015465696 0 0)
(-3.6789708e-09 0.00081156911 0 -7.8833269e-05 0 0)
(8.6875968e-10 0.00048217563 0 -2.8344984e-05 0 0)
(6.2231476e-09 0.00015954383 0 -3.1524381e-06 0 0)
(6.1855224e-09 -0.00015954473 0 -3.1524131e-06 0 0)
(8.1935703e-10 -0.00048217602 0 -2.8344937e-05 0 0)
(-3.733213e-09 -0.00081156869 0 -7.883322e-05 0 0)
(-3.4432672e-09 -0.0011431766 0 -0.00015465693 0 0)
(-2.8455302e-09 0.0011431784 0 -0.00015465705 0 0)
(-3.9581391e-09 0.00081156862 0 -7.8833395e-05 0 0)
(9.6576182e-10 0.00048217457 0 -2.8344964e-05 0 0)
(6.007872e-09 0.00015954318 0 -3.1522579e-06 0 0)
(5.998193e-09 -0.00015954422 0 -3.1522433e-06 0 0)
(8.9680282e-10 -0.00048217494 0 -2.8344911e-05 0 0)
(-4.029425e-09 -0.00081156821 0 -7.883334e-05 0 0)
(-2.8719937e-09 -0.0011431774 0 -0.00015465702 0 0)
(-3.1989099e-09 0.0011431794 0 -0.00015465716 0 0)
(-3.4365042e-09 0.00081156816 0 -7.8833526e-05 0 0)
(8.2059253e-10 0.00048217315 0 -2.8344944e-05 0 0)
(5.8483628e-09 0.00015954254 0 -3.1520716e-06 0 0)
(5.8064191e-09 -0.00015954343 0 -3.1520418e-06 0 0)
(7.5905882e-10 -0.00048217353 0 -2.8344884e-05 0 0)
(-3.5035823e-09 -0.00081156775 0 -7.8833464e-05 0 0)
(-3.2507046e-09 -0.0011431783 0 -0.00015465713 0 0)
(-2.65337e-09 0.0011431801 0 -0.00015465725 0 0)
(-3.7175732e-09 0.0008115677 0 -7.8833647e-05 0 0)
(9.1708752e-10 0.00048217215 0 -2.8344925e-05 0 0)
(5.6410578e-09 0.00015954193 0 -3.1518987e-06 0 0)
(5.626045e-09 -0.00015954295 0 -3.1518786e-06 0 0)
(8.3654349e-10 -0.00048217252 0 -2.8344859e-05 0 0)
(-3.8011862e-09 -0.0008115673 0 -7.8833579e-05 0 0)
(-2.6862342e-09 -0.0011431791 0 -0.00015465721 0 0)
(-3.0081122e-09 0.001143181 0 -0.00015465735 0 0)
(-3.2040148e-09 0.00081156727 0 -7.8833773e-05 0 0)
(7.7420718e-10 0.00048217082 0 -2.8344905e-05 0 0)
(5.4886876e-09 0.00015954133 0 -3.15172e-06 0 0)
(5.4426768e-09 -0.00015954221 0 -3.1516857e-06 0 0)
(7.0122416e-10 -0.00048217119 0 -2.8344834e-05 0 0)
(-3.2830161e-09 -0.00081156687 0 -7.8833698e-05 0 0)
(-3.0656675e-09 -0.00114318 0 -0.00015465731 0 0)
(-2.4694412e-09 0.0011431817 0 -0.00015465744 0 0)
(-3.4874062e-09 0.00081156683 0 -7.8833889e-05 0 0)
(8.7016197e-10 0.00048216989 0 -2.8344887e-05 0 0)
(5.2894248e-09 0.00015954076 0 -3.1515545e-06 0 0)
(5.2694711e-09 -0.00015954176 0 -3.1515293e-06 0 0)
(7.790259e-10 -0.00048217024 0 -2.834481e-05 0 0)
(-3.5821417e-09 -0.00081156645 0 -7.8833808e-05 0 0)
(-2.5078906e-09 -0.0011431807 0 -0.0001546574 0 0)
(-2.8258195e-09 0.0011431825 0 -0.00015465754 0 0)
(-2.9819759e-09 0.00081156643 0 -7.8834009e-05 0 0)
(7.2938843e-10 0.00048216864 0 -2.8344868e-05 0 0)
(5.1443437e-09 0.00015954019 0 -3.1513834e-06 0 0)
(5.0947472e-09 -0.00015954107 0 -3.1513451e-06 0 0)
(6.4619862e-10 -0.00048216899 0 -2.8344786e-05 0 0)
(-3.0714631e-09 -0.00081156605 0 -7.8833922e-05 0 0)
(-2.888248e-09 -0.0011431815 0 -0.00015465749 0 0)
(-2.2939683e-09 0.0011431831 0 -0.00015465762 0 0)
(-3.268001e-09 0.00081156602 0 -7.8834119e-05 0 0)
(8.2482164e-10 0.00048216777 0 -2.8344851e-05 0 0)
(4.9531608e-09 0.00015953966 0 -3.1512253e-06 0 0)
(4.9288411e-09 -0.00015954064 0 -3.1511956e-06 0 0)
(7.2450997e-10 -0.00048216811 0 -2.8344764e-05 0 0)
(-3.3722638e-09 -0.00081156565 0 -7.8834028e-05 0 0)
(-2.3370574e-09 -0.0011431822 0 -0.00015465758 0 0)
(-2.6521938e-09 0.0011431839 0 -0.00015465772 0 0)
(-2.7706613e-09 0.00081156564 0 -7.8834234e-05 0 0)
(6.8602466e-10 0.00048216659 0 -2.8344833e-05 0 0)
(4.8154799e-09 0.00015953914 0 -3.1510619e-06 0 0)
(4.7629084e-09 -0.00015953999 0 -3.1510202e-06 0 0)
(5.9418469e-10 -0.00048216694 0 -2.8344742e-05 0 0)
(-2.8689197e-09 -0.00081156527 0 -7.8834138e-05 0 0)
(-2.7185281e-09 -0.001143183 0 -0.00015465767 0 0)
(-2.1270635e-09 0.0011431845 0 -0.00015465779 0 0)
(-3.0595386e-09 0.00081156526 0 -7.8834338e-05 0 0)
(7.8098655e-10 0.00048216578 0 -2.8344816e-05 0 0)
(4.63237e-09 0.00015953864 0 -3.1509112e-06 0 0)
(4.6043559e-09 -0.00015953959 0 -3.1508777e-06 0 0)
(6.7313339e-10 -0.00048216611 0 -2.8344721e-05 0 0)
(-3.171549e-09 -0.0008115649 0 -7.8834239e-05 0 0)
(-2.1738067e-09 -0.0011431836 0 -0.00015465774 0 0)
(-2.4872918e-09 0.0011431853 0 -0.00015465788 0 0)
(-2.5701781e-09 0.00081156491 0 -7.8834447e-05 0 0)
(6.4407075e-10 0.00048216468 0 -2.8344799e-05 0 0)
(4.5021512e-09 0.00015953815 0 -3.1507555e-06 0 0)
(4.447273e-09 -0.00015953899 0 -3.1507112e-06 0 0)
(5.4527787e-10 -0.00048216501 0 -2.83447e-05 0 0)
(-2.6753859e-09 -0.00081156455 0 -7.8834344e-05 0 0)
(-2.5565581e-09 -0.0011431843 0 -0.00015465783 0 0)
(-1.9687408e-09 0.0011431858 0 -0.00015465796 0 0)
(-2.8620493e-09 0.00081156454 0 -7.8834546e-05 0 0)
(7.3862852e-10 0.00048216393 0 -2.8344782e-05 0 0)
(4.3270572e-09 0.00015953768 0 -3.1506122e-06 0 0)
(4.2960587e-09 -0.0001595386 0 -3.1505756e-06 0 0)
(6.2494288e-10 -0.00048216425 0 -2.834468e-05 0 0)
(-2.9799823e-09 -0.0008115642 0 -7.883444e-05 0 0)
(-2.0181723e-09 -0.0011431849 0 -0.00015465791 0 0)
(-2.3310787e-09 0.0011431865 0 -0.00015465804 0 0)
(-2.3804966e-09 0.00081156422 0 -7.8834649e-05 0 0)
(6.0352048e-10 0.00048216289 0 -2.8344766e-05 0 0)
(4.2043079e-09 0.00015953723 0 -3.1504643e-06 0 0)
(4.1477998e-09 -0.00015953805 0 -3.150418e-06 0 0)
(4.9949359e-10 -0.00048216321 0 -2.8344661e-05 0 0)
(-2.4908385e-09 -0.00081156388 0 -7.883454e-05 0 0)
(-2.4023435e-09 -0.0011431856 0 -0.00015465799 0 0)
(-1.81893e-09 0.001143187 0 -0.00015465811 0 0)
(-2.6754378e-09 0.00081156388 0 -7.8834742e-05 0 0)
(6.9774876e-10 0.00048216219 0 -2.834475e-05 0 0)
(4.037123e-09 0.00015953679 0 -3.1503283e-06 0 0)
(4.0038469e-09 -0.00015953768 0 -3.1502893e-06 0 0)
(5.7991747e-10 -0.0004821625 0 -2.8344643e-05 0 0)
(-2.7975175e-09 -0.00081156355 0 -7.8834631e-05 0 0)
(-1.8701394e-09 -0.0011431861 0 -0.00015465806 0 0)
(-2.1834408e-09 0.0011431876 0 -0.00015465819 0 0)
(-2.2014724e-09 0.00081156357 0 -7.883484e-05 0 0)
(5.6438863e-10 0.00048216123 0 -2.8344734e-05 0 0)
(3.9217959e-09 0.00015953638 0 -3.150188e-06 0 0)
(3.8643101e-09 -0.00015953717 0 -3.1501404e-06 0 0)
(4.5678765e-10 -0.00048216154 0 -2.8344625e-05 0 0)
(-2.3152165e-09 -0.00081156325 0 -7.8834727e-05 0 0)
(-2.2558392e-09 -0.0011431868 0 -0.00015465814 0 0)
(-1.6774879e-09 0.0011431881 0 -0.00015465826 0 0)
(-2.4995062e-09 0.00081156325 0 -7.8834928e-05 0 0)
(6.5836284e-10 0.00048216058 0 -2.8344718e-05 0 0)
(3.7623656e-09 0.00015953597 0 -3.1500591e-06 0 0)
(3.7274883e-09 -0.00015953681 0 -3.1500184e-06 0 0)
(5.3798539e-10 -0.00048216088 0 -2.8344609e-05 0 0)
(-2.6240659e-09 -0.00081156294 0 -7.8834814e-05 0 0)
(-1.7296424e-09 -0.0011431873 0 -0.0001546582 0 0)
(-2.0441975e-09 0.0011431887 0 -0.00015465833 0 0)
(-2.0328683e-09 0.00081156297 0 -7.883502e-05 0 0)
(5.2669819e-10 0.00048215968 0 -2.8344703e-05 0 0)
(3.65436e-09 0.00015953559 0 -3.1499263e-06 0 0)
(3.596503e-09 -0.00015953636 0 -3.149878e-06 0 0)
(4.1707189e-10 -0.00048215997 0 -2.8344592e-05 0 0)
(-2.148413e-09 -0.00081156266 0 -7.8834904e-05 0 0)
(-2.116949e-09 -0.0011431879 0 -0.00015465828 0 0)
(-1.5442099e-09 0.0011431891 0 -0.00015465839 0 0)
(-2.3339718e-09 0.00081156267 0 -7.8835102e-05 0 0)
(6.2049091e-10 0.00048215907 0 -2.8344688e-05 0 0)
(3.5024873e-09 0.0001595352 0 -3.1498044e-06 0 0)
(3.4666364e-09 -0.00015953601 0 -3.1497626e-06 0 0)
(4.9903858e-10 -0.00048215936 0 -2.8344577e-05 0 0)
(-2.4594913e-09 -0.00081156238 0 -7.8834986e-05 0 0)
(-1.5965658e-09 -0.0011431883 0 -0.00015465834 0 0)
(-1.9131119e-09 0.0011431897 0 -0.00015465847 0 0)
(-1.8743705e-09 0.00081156241 0 -7.8835189e-05 0 0)
(4.9047281e-10 0.00048215824 0 -2.8344673e-05 0 0)
(3.4016539e-09 0.00015953485 0 -3.1496789e-06 0 0)
(3.3439732e-09 -0.00015953559 0 -3.1496306e-06 0 0)
(3.8022629e-10 -0.00048215852 0 -2.8344561e-05 0 0)
(-1.9902737e-09 -0.00081156212 0 -7.8835073e-05 0 0)
(-1.9855284e-09 -0.0011431889 0 -0.00015465841 0 0)
(-1.4188407e-09 0.0011431901 0 -0.00015465852 0 0)
(-2.1784848e-09 0.00081156213 0 -7.8835266e-05 0 0)
(5.8415133e-10 0.00048215767 0 -2.8344659e-05 0 0)
(3.2571039e-09 0.00015953448 0 -3.1495638e-06 0 0)
(3.2208483e-09 -0.00015953526 0 -3.1495215e-06 0 0)
(4.6294325e-10 -0.00048215796 0 -2.8344547e-05 0 0)
(-2.3036112e-09 -0.00081156185 0 -7.883515e-05 0 0)
(-1.4707481e-09 -0.0011431893 0 -0.00015465847 0 0)
(-1.7899014e-09 0.0011431906 0 -0.00015465859 0 0)
(-1.725606e-09 0.00081156189 0 -7.8835348e-05 0 0)
(4.5573028e-10 0.0004821569 0 -2.8344644e-05 0 0)
(3.1632504e-09 0.00015953416 0 -3.1494454e-06 0 0)
(3.1062274e-09 -0.00015953488 0 -3.1493975e-06 0 0)
(3.4610746e-10 -0.00048215717 0 -2.8344533e-05 0 0)
(-1.8405984e-09 -0.00081156161 0 -7.8835232e-05 0 0)
(-1.8613895e-09 -0.0011431899 0 -0.00015465854 0 0)
(-1.3010831e-09 0.001143191 0 -0.00015465864 0 0)
(-2.0326421e-09 0.00081156163 0 -7.883542e-05 0 0)
(5.4935415e-10 0.00048215637 0 -2.8344631e-05 0 0)
(3.0257573e-09 0.00015953382 0 -3.1493368e-06 0 0)
(2.9895998e-09 -0.00015953456 0 -3.1492945e-06 0 0)
(4.2954517e-10 -0.00048215665 0 -2.834452e-05 0 0)
(-2.1561991e-09 -0.00081156137 0 -7.8835305e-05 0 0)
(-1.3519868e-09 -0.0011431903 0 -0.00015465859 0 0)
(-1.6742462e-09 0.0011431915 0 -0.00015465871 0 0)
(-1.5861554e-09 0.00081156141 0 -7.8835496e-05 0 0)
(4.2248364e-10 0.00048215565 0 -2.8344617e-05 0 0)
(2.938654e-09 0.00015953353 0 -3.1492254e-06 0 0)
(2.8827022e-09 -0.00015953422 0 -3.1491783e-06 0 0)
(3.1455804e-10 -0.00048215591 0 -2.8344507e-05 0 0)
(-1.6991457e-09 -0.00081156114 0 -7.8835382e-05 0 0)
(-1.7443061e-09 -0.0011431908 0 -0.00015465866 0 0)
(-1.1906084e-09 0.0011431918 0 -0.00015465876 0 0)
(-1.8960013e-09 0.00081156116 0 -7.8835564e-05 0 0)
(5.1610758e-10 0.00048215516 0 -2.8344604e-05 0 0)
(2.8079263e-09 0.0001595332 0 -3.1491231e-06 0 0)
(2.7723023e-09 -0.00015953391 0 -3.1490812e-06 0 0)
(3.9868143e-10 -0.00048215543 0 -2.8344495e-05 0 0)
(-2.0169897e-09 -0.00081156091 0 -7.8835451e-05 0 0)
(-1.2400445e-09 -0.0011431911 0 -0.00015465871 0 0)
(-1.5657997e-09 0.0011431923 0 -0.00015465882 0 0)
(-1.4555654e-09 0.00081156096 0 -7.8835636e-05 0 0)
(3.9073379e-10 0.0004821545 0 -2.8344591e-05 0 0)
(2.7273134e-09 0.00015953294 0 -3.1490182e-06 0 0)
(2.6727781e-09 -0.00015953361 0 -3.1489723e-06 0 0)
(2.8541393e-10 -0.00048215475 0 -2.8344483e-05 0 0)
(-1.565638e-09 -0.00081156071 0 -7.8835524e-05 0 0)
(-1.6340205e-09 -0.0011431916 0 -0.00015465877 0 0)
(-1.0870639e-09 0.0011431925 0 -0.00015465886 0 0)
(-1.7680918e-09 0.00081156073 0 -7.8835699e-05 0 0)
(4.8440488e-10 0.00048215404 0 -2.8344578e-05 0 0)
(2.6030405e-09 0.00015953264 0 -3.1489219e-06 0 0)
(2.568318e-09 -0.0001595333 0 -3.1488808e-06 0 0)
(3.7018734e-10 -0.00048215431 0 -2.8344472e-05 0 0)
(-1.8856842e-09 -0.0008115605 0 -7.8835589e-05 0 0)
(-1.134655e-09 -0.0011431919 0 -0.00015465881 0 0)
(-1.4641953e-09 0.001143193 0 -0.00015465892 0 0)
(-1.33336e-09 0.00081156054 0 -7.8835766e-05 0 0)
(3.6045839e-10 0.00048215343 0 -2.8344566e-05 0 0)
(2.5286338e-09 0.0001595324 0 -3.1488234e-06 0 0)
(2.4757954e-09 -0.00015953304 0 -3.1487789e-06 0 0)
(2.5849605e-10 -0.00048215368 0 -2.8344461e-05 0 0)
(-1.4397664e-09 -0.00081156031 0 -7.8835658e-05 0 0)
(-1.530249e-09 -0.0011431924 0 -0.00015465887 0 0)
(-9.9008086e-10 0.0011431932 0 -0.00015465896 0 0)
(-1.6484255e-09 0.00081156032 0 -7.8835825e-05 0 0)
(4.5420342e-10 0.00048215301 0 -2.8344554e-05 0 0)
(2.4104908e-09 0.00015953211 0 -3.1487327e-06 0 0)
(2.3769735e-09 -0.00015953274 0 -3.1486928e-06 0 0)
(3.4387427e-10 -0.00048215326 0 -2.8344451e-05 0 0)
(-1.7619565e-09 -0.00081156011 0 -7.8835719e-05 0 0)
(-1.0355297e-09 -0.0011431927 0 -0.00015465892 0 0)
(-1.3690535e-09 0.0011431937 0 -0.00015465902 0 0)
(-1.2190505e-09 0.00081156015 0 -7.8835888e-05 0 0)
(3.3169181e-10 0.00048215244 0 -2.8344542e-05 0 0)
(2.3419885e-09 0.00015953189 0 -3.1486402e-06 0 0)
(2.2910666e-09 -0.00015953251 0 -3.1485975e-06 0 0)
(2.3364891e-10 -0.00048215268 0 -2.8344441e-05 0 0)
(-1.3211985e-09 -0.00081155993 0 -7.8835784e-05 0 0)
(-1.4326888e-09 -0.0011431931 0 -0.00015465897 0 0)
(-8.9928056e-10 0.0011431939 0 -0.00015465906 0 0)
(-1.5365046e-09 0.00081155995 0 -7.8835943e-05 0 0)
(4.2557993e-10 0.00048215205 0 -2.8344531e-05 0 0)
(2.2296414e-09 0.00015953163 0 -3.148555e-06 0 0)
(2.1975726e-09 -0.00015953223 0 -3.1485164e-06 0 0)
(3.1959873e-10 -0.0004821523 0 -2.8344432e-05 0 0)
(-1.6454589e-09 -0.00081155975 0 -7.8835842e-05 0 0)
(-9.4236262e-10 -0.0011431934 0 -0.00015465901 0 0)
(-1.2799889e-09 0.0011431943 0 -0.00015465911 0 0)
(-1.1121419e-09 0.00081155979 0 -7.8836002e-05 0 0)
(3.0428913e-10 0.00048215153 0 -2.8344519e-05 0 0)
(2.1667292e-09 0.00015953143 0 -3.1484681e-06 0 0)
(2.1178884e-09 -0.00015953202 0 -3.1484273e-06 0 0)
(2.1068849e-10 -0.00048215177 0 -2.8344422e-05 0 0)
(-1.2095825e-09 -0.00081155959 0 -7.8835903e-05 0 0)
(-1.3410226e-09 -0.0011431938 0 -0.00015465906 0 0)
(-8.1428134e-10 0.0011431945 0 -0.00015465914 0 0)
(-1.4318316e-09 0.00081155961 0 -7.8836053e-05 0 0)
(3.9829591e-10 0.00048215117 0 -2.8344508e-05 0 0)
(2.0598407e-09 0.00015953118 0 -3.148388e-06 0 0)
(2.0294074e-09 -0.00015953175 0 -3.148351e-06 0 0)
(2.9716786e-10 -0.00048215141 0 -2.8344414e-05 0 0)
(-1.5358281e-09 -0.00081155942 0 -7.8835957e-05 0 0)
(-8.5483632e-10 -0.001143194 0 -0.0001546591 0 0)
(-1.1966155e-09 0.0011431949 0 -0.00015465919 0 0)
(-1.0121438e-09 0.00081155946 0 -7.8836109e-05 0 0)
(2.7838307e-10 0.00048215068 0 -2.8344497e-05 0 0)
(2.0021976e-09 0.000159531 0 -3.1483065e-06 0 0)
(1.9555521e-09 -0.00015953156 0 -3.1482677e-06 0 0)
(1.8946576e-10 -0.00048215092 0 -2.8344405e-05 0 0)
(-1.104554e-09 -0.00081155927 0 -7.8836015e-05 0 0)
(-1.2549246e-09 -0.0011431944 0 -0.00015465915 0 0)
(-7.3470213e-10 0.001143195 0 -0.00015465922 0 0)
(-1.3339119e-09 0.00081155929 0 -7.8836157e-05 0 0)
(3.7258443e-10 0.00048215035 0 -2.8344487e-05 0 0)
(1.900428e-09 0.00015953077 0 -3.1482312e-06 0 0)
(1.8717684e-09 -0.0001595313 0 -3.1481959e-06 0 0)
(2.7643755e-10 -0.00048215059 0 -2.8344398e-05 0 0)
(-1.4326907e-09 -0.00081155911 0 -7.8836065e-05 0 0)
(-7.7262675e-10 -0.0011431946 0 -0.00015465918 0 0)
(-1.1185501e-09 0.0011431954 0 -0.00015465927 0 0)
(-9.1856888e-10 0.00081155915 0 -7.8836209e-05 0 0)
(2.5375093e-10 0.00048214991 0 -2.8344477e-05 0 0)
(1.8477291e-09 0.0001595306 0 -3.1481547e-06 0 0)
(1.8033515e-09 -0.00015953114 0 -3.148118e-06 0 0)
(1.6982319e-10 -0.00048215015 0 -2.834439e-05 0 0)
(-1.0057407e-09 -0.00081155897 0 -7.883612e-05 0 0)
(-1.1740642e-09 -0.0011431949 0 -0.00015465923 0 0)
(-6.6016767e-10 0.0011431956 0 -0.0001546593 0 0)
(-1.2422628e-09 0.00081155899 0 -7.8836254e-05 0 0)
(3.4814017e-10 0.0004821496 0 -2.8344467e-05 0 0)
(1.7507441e-09 0.00015953039 0 -3.1480838e-06 0 0)
(1.7239515e-09 -0.0001595309 0 -3.1480504e-06 0 0)
(2.5725258e-10 -0.00048214983 0 -2.8344383e-05 0 0)
(-1.3356681e-09 -0.00081155883 0 -7.8836167e-05 0 0)
(-6.9540716e-10 -0.0011431951 0 -0.00015465926 0 0)
(-1.045418e-09 0.0011431959 0 -0.00015465934 0 0)
(-8.3094687e-10 0.00081155887 0 -7.8836303e-05 0 0)
(2.3046664e-10 0.00048214919 0 -2.8344457e-05 0 0)
(1.7026671e-09 0.00015953024 0 -3.148012e-06 0 0)
(1.6605909e-09 -0.00015953075 0 -3.1479775e-06 0 0)
(1.5161246e-10 -0.00048214943 0 -2.8344375e-05 0 0)
(-9.1276674e-10 -0.0008115587 0 -7.8836219e-05 0 0)
(-1.0981111e-09 -0.0011431955 0 -0.00015465931 0 0)
(-5.903113e-10 0.001143196 0 -0.00015465937 0 0)
(-1.1564154e-09 0.00081155872 0 -7.8836344e-05 0 0)
(3.2506713e-10 0.00048214891 0 -2.8344448e-05 0 0)
(1.6101369e-09 0.00015953004 0 -3.1479453e-06 0 0)
(1.5852663e-09 -0.00015953052 0 -3.1479138e-06 0 0)
(2.3946225e-10 -0.00048214914 0 -2.8344369e-05 0 0)
(-1.2443802e-09 -0.00081155857 0 -7.8836263e-05 0 0)
(-6.2285237e-10 -0.0011431956 0 -0.00015465934 0 0)
(-9.7685421e-10 0.0011431963 0 -0.00015465941 0 0)
(-7.4881984e-10 0.00081155861 0 -7.8836391e-05 0 0)
(2.0841996e-10 0.00048214854 0 -2.8344439e-05 0 0)
(1.5663626e-09 0.0001595299 0 -3.1478779e-06 0 0)
(1.5265912e-09 -0.00015953039 0 -3.1478456e-06 0 0)
(1.3470314e-10 -0.00048214878 0 -2.8344362e-05 0 0)
(-8.2525747e-10 -0.00081155846 0 -7.8836312e-05 0 0)
(-1.0267376e-09 -0.0011431959 0 -0.00015465938 0 0)
(-5.24778e-10 0.0011431965 0 -0.00015465944 0 0)
(-1.0759177e-09 0.00081155847 0 -7.8836429e-05 0 0)
(3.0325837e-10 0.00048214827 0 -2.834443e-05 0 0)
(1.4779668e-09 0.00015952972 0 -3.1478151e-06 0 0)
(1.4550396e-09 -0.00015953018 0 -3.1477855e-06 0 0)
(2.2293778e-10 -0.0004821485 0 -2.8344356e-05 0 0)
(-1.1584505e-09 -0.00081155833 0 -7.8836353e-05 0 0)
(-5.546411e-10 -0.0011431961 0 -0.00015465941 0 0)
(-9.1250691e-10 0.0011431968 0 -0.00015465948 0 0)
(-6.7174953e-10 0.00081155837 0 -7.8836473e-05 0 0)
(1.875478e-10 0.00048214794 0 -2.8344422e-05 0 0)
(1.4381834e-09 0.00015952959 0 -3.1477517e-06 0 0)
(1.4006943e-09 -0.00015953006 0 -3.1477216e-06 0 0)
(1.1896529e-10 -0.00048214818 0 -2.8344349e-05 0 0)
(-7.4284239e-10 -0.00081155823 0 -7.8836399e-05 0 0)
(-9.5962217e-10 -0.0011431964 0 -0.00015465944 0 0)
(-4.6322635e-10 0.0011431969 0 -0.0001546595 0 0)
(-1.0003383e-09 0.00081155824 0 -7.8836509e-05 0 0)
(2.8263381e-10 0.0004821477 0 -2.8344413e-05 0 0)
(1.353612e-09 0.00015952942 0 -3.1476925e-06 0 0)
(1.332622e-09 -0.00015952987 0 -3.1476648e-06 0 0)
(2.0754948e-10 -0.00048214792 0 -2.8344344e-05 0 0)
(-1.077508e-09 -0.00081155811 0 -7.8836438e-05 0 0)
(-4.9045943e-10 -0.0011431965 0 -0.00015465947 0 0)
(-8.5203907e-10 0.0011431971 0 -0.00015465954 0 0)
(-5.9931861e-10 0.00081155815 0 -7.883655e-05 0 0)
(1.6780493e-10 0.00048214739 0 -2.8344405e-05 0 0)
(1.3175172e-09 0.00015952931 0 -3.1476328e-06 0 0)
(1.2822672e-09 -0.00015952976 0 -3.1476049e-06 0 0)
(1.0428281e-10 -0.00048214764 0 -2.8344338e-05 0 0)
(-6.6515865e-10 -0.00081155802 0 -7.8836482e-05 0 0)
(-8.9645174e-10 -0.0011431968 0 -0.00015465951 0 0)
(-4.0533032e-10 0.0011431972 0 -0.00015465956 0 0)
(-9.2926669e-10 0.00081155804 0 -7.8836584e-05 0 0)
(2.6315374e-10 0.00048214717 0 -2.8344397e-05 0 0)
(1.2364721e-09 0.00015952916 0 -3.1475769e-06 0 0)
(1.2173907e-09 -0.00015952958 0 -3.1475512e-06 0 0)
(1.9318107e-10 -0.00048214738 0 -2.8344333e-05 0 0)
(-1.0011916e-09 -0.00081155791 0 -7.8836519e-05 0 0)
(-4.3000283e-10 -0.0011431969 0 -0.00015465953 0 0)
(-7.9512967e-10 0.0011431975 0 -0.00015465959 0 0)
(-5.3113086e-10 0.00081155795 0 -7.8836623e-05 0 0)
(1.4911286e-10 0.0004821469 0 -2.834439e-05 0 0)
(1.203775e-09 0.00015952905 0 -3.1475207e-06 0 0)
(1.170704e-09 -0.00015952948 0 -3.1474948e-06 0 0)
(9.0547676e-11 -0.00048214714 0 -2.8344327e-05 0 0)
(-5.9185366e-10 -0.00081155783 0 -7.883656e-05 0 0)
(-8.3692365e-10 -0.0011431972 0 -0.00015465957 0 0)
(-3.5078011e-10 0.0011431975 0 -0.00015465962 0 0)
(-8.6231526e-10 0.00081155784 0 -7.8836655e-05 0 0)
(2.4473663e-10 0.00048214669 0 -2.8344382e-05 0 0)
(1.1259716e-09 0.00015952891 0 -3.1474679e-06 0 0)
(1.1087533e-09 -0.00015952932 0 -3.147444e-06 0 0)
(1.797257e-10 -0.00048214689 0 -2.8344322e-05 0 0)
(-9.2915099e-10 -0.00081155773 0 -7.8836594e-05 0 0)
(-3.7297768e-10 -0.0011431972 0 -0.00015465959 0 0)
(-7.4147446e-10 0.0011431978 0 -0.00015465965 0 0)
(-4.6681334e-10 0.00081155777 0 -7.8836692e-05 0 0)
(1.3141148e-10 0.00048214645 0 -2.8344375e-05 0 0)
(1.096394e-09 0.00015952882 0 -3.1474148e-06 0 0)
(1.0654287e-09 -0.00015952923 0 -3.147391e-06 0 0)
(7.7659703e-11 -0.00048214668 0 -2.8344317e-05 0 0)
(-5.2258716e-10 -0.00081155765 0 -7.8836634e-05 0 0)
(-7.8074719e-10 -0.0011431975 0 -0.00015465962 0 0)
(-2.9928275e-10 0.0011431979 0 -0.00015465967 0 0)
(-7.9912001e-10 0.00081155767 0 -7.8836722e-05 0 0)
(2.2731655e-10 0.00048214626 0 -2.8344368e-05 0 0)
(1.0215615e-09 0.00015952869 0 -3.1473648e-06 0 0)
(1.0061483e-09 -0.00015952908 0 -3.1473427e-06 0 0)
(1.6708496e-10 -0.00048214645 0 -2.8344313e-05 0 0)
(-8.610504e-10 -0.00081155756 0 -7.8836666e-05 0 0)
(-3.191027e-10 -0.0011431976 0 -0.00015465964 0 0)
(-6.9078701e-10 0.0011431981 0 -0.0001546597 0 0)
(-4.060155e-10 0.00081155761 0 -7.8836757e-05 0 0)
(1.1463547e-10 0.00048214605 0 -2.8344361e-05 0 0)
(9.9483905e-10 0.00015952861 0 -3.1473146e-06 0 0)
(9.6589617e-10 -0.000159529 0 -3.1472927e-06 0 0)
(6.552757e-11 -0.00048214627 0 -2.8344308e-05 0 0)
(-4.5703275e-10 -0.00081155749 0 -7.8836703e-05 0 0)
(-7.2764532e-10 -0.0011431978 0 -0.00015465967 0 0)
(-2.5056333e-10 0.0011431981 0 -0.00015465972 0 0)
(-7.3933924e-10 0.00081155751 0 -7.8836785e-05 0 0)
(2.1082372e-10 0.00048214586 0 -2.8344354e-05 0 0)
(9.227216e-10 0.00015952849 0 -3.1472672e-06 0 0)
(9.0904631e-10 -0.00015952887 0 -3.1472468e-06 0 0)
(1.5516977e-10 -0.00048214605 0 -2.8344304e-05 0 0)
(-7.9656813e-10 -0.00081155741 0 -7.8836734e-05 0 0)
(-2.6811075e-10 -0.0011431979 0 -0.00015465969 0 0)
(-6.4279858e-10 0.0011431984 0 -0.00015465975 0 0)
(-3.4841055e-10 0.00081155746 0 -7.8836819e-05 0 0)
(9.8721586e-11 0.00048214569 0 -2.8344348e-05 0 0)
(8.9860483e-10 0.00015952842 0 -3.1472197e-06 0 0)
(8.7159448e-10 -0.00015952879 0 -3.1471996e-06 0 0)
(5.4067572e-11 -0.0004821459 0 -2.8344299e-05 0 0)
(-3.948794e-10 -0.00081155735 0 -7.8836769e-05 0 0)
(-6.7735522e-10 -0.0011431981 0 -0.00015465972 0 0)
(-2.0436461e-10 0.0011431984 0 -0.00015465976 0 0)
(-6.8265495e-10 0.00081155737 0 -7.8836845e-05 0 0)
(1.9518978e-10 0.00048214551 0 -2.8344342e-05 0 0)
(8.2896148e-10 0.00015952831 0 -3.1471745e-06 0 0)
(8.1695051e-10 -0.00015952867 0 -3.1471558e-06 0 0)
(1.4389955e-10 -0.00048214569 0 -2.8344295e-05 0 0)
(-7.3539853e-10 -0.00081155728 0 -7.8836798e-05 0 0)
(-2.1974928e-10 -0.0011431981 0 -0.00015465974 0 0)
(-5.9725823e-10 0.0011431986 0 -0.00015465979 0 0)
(-2.9369571e-10 0.00081155732 0 -7.8836877e-05 0 0)
(8.3607973e-11 0.00048214537 0 -2.8344336e-05 0 0)
(8.0721657e-10 0.00015952825 0 -3.1471294e-06 0 0)
(7.8204457e-10 -0.00015952861 0 -3.1471111e-06 0 0)
(4.3203133e-11 -0.00048214556 0 -2.8344291e-05 0 0)
(-3.3583479e-10 -0.00081155722 0 -7.8836832e-05 0 0)
(-6.296286e-10 -0.0011431983 0 -0.00015465977 0 0)
(-1.6044678e-10 0.0011431986 0 -0.0001546598 0 0)
(-6.2877315e-10 0.00081155724 0 -7.8836902e-05 0 0)
(1.8034801e-10 0.0004821452 0 -2.834433e-05 0 0)
(7.3982212e-10 0.00015952815 0 -3.1470864e-06 0 0)
(7.2939741e-10 -0.0001595285 0 -3.1470693e-06 0 0)
(1.3320078e-10 -0.00048214537 0 -2.8344287e-05 0 0)
(-6.772551e-10 -0.00081155716 0 -7.883686e-05 0 0)
(-1.7378032e-10 -0.0011431984 0 -0.00015465979 0 0)
(-5.5393343e-10 0.0011431988 0 -0.00015465983 0 0)
(-2.4158939e-10 0.0008115572 0 -7.8836933e-05 0 0)
(6.9234415e-11 0.00048214509 0 -2.8344324e-05 0 0)
(7.2023139e-10 0.00015952809 0 -3.1470435e-06 0 0)
(6.9680145e-10 -0.00015952844 0 -3.1470269e-06 0 0)
(3.286494e-11 -0.00048214526 0 -2.8344284e-05 0 0)
(-2.7962208e-10 -0.00081155711 0 -7.8836892e-05 0 0)
(-5.8423364e-10 -0.0011431986 0 -0.00015465981 0 0)
(-1.1858828e-10 0.0011431988 0 -0.00015465985 0 0)
(-5.7742226e-10 0.00081155713 0 -7.8836957e-05 0 0)
(1.6623443e-10 0.00048214492 0 -2.8344318e-05 0 0)
(6.5487605e-10 0.00015952801 0 -3.1470025e-06 0 0)
(6.4595704e-10 -0.00015952835 0 -3.1469868e-06 0 0)
(1.2300772e-10 -0.00048214508 0 -2.834428e-05 0 0)
(-6.2186926e-10 -0.00081155705 0 -7.8836918e-05 0 0)
(-1.2998217e-10 -0.0011431986 0 -0.00015465983 0 0)
(-5.1260941e-10 0.001143199 0 -0.00015465987 0 0)
(-1.9183334e-10 0.00081155709 0 -7.8836986e-05 0 0)
(5.554291e-11 0.00048214483 0 -2.8344313e-05 0 0)
(6.3723834e-10 0.00015952796 0 -3.1469615e-06 0 0)
(6.1545346e-10 -0.00015952829 0 -3.1469465e-06 0 0)
(2.2990059e-11 -0.00048214499 0 -2.8344276e-05 0 0)
(-2.2598424e-10 -0.00081155701 0 -7.8836949e-05 0 0)
(-5.4095479e-10 -0.0011431988 0 -0.00015465986 0 0)
(-7.8584733e-11 0.001143199 0 -0.00015465989 0 0)
(-5.2835301e-10 0.00081155703 0 -7.8837009e-05 0 0)
(1.5278884e-10 0.00048214467 0 -2.8344307e-05 0 0)
(5.737284e-10 0.00015952788 0 -3.1469222e-06 0 0)
(5.6623335e-10 -0.00015952821 0 -3.146908e-06 0 0)
(1.1326088e-10 -0.00048214482 0 -2.8344273e-05 0 0)
(-5.6899139e-10 -0.00081155695 0 -7.8836974e-05 0 0)
(-8.8149732e-11 -0.0011431988 0 -0.00015465987 0 0)
(-4.7308887e-10 0.0011431991 0 -0.00015465991 0 0)
(-1.441908e-10 0.000811557 0 -7.8837037e-05 0 0)
(4.2478108e-11 0.00048214461 0 -2.8344303e-05 0 0)
(5.5785911e-10 0.00015952784 0 -3.1468831e-06 0 0)
(5.3762253e-10 -0.00015952816 0 -3.1468695e-06 0 0)
(1.3521351e-11 -0.00048214475 0 -2.8344269e-05 0 0)
(-1.7468382e-10 -0.00081155692 0 -7.8837004e-05 0 0)
(-4.9959275e-10 -0.0011431989 0 -0.00015465989 0 0)
(-4.0249681e-11 0.0011431991 0 -0.00015465992 0 0)
(-4.8133795e-10 0.00081155694 0 -7.8837059e-05 0 0)
(1.3995534e-10 0.00048214446 0 -2.8344297e-05 0 0)
(4.9601662e-10 0.00015952778 0 -3.1468454e-06 0 0)
(4.8986332e-10 -0.00015952809 0 -3.1468325e-06 0 0)
(1.0390662e-10 -0.0004821446 0 -2.8344266e-05 0 0)
(-5.1839222e-10 -0.00081155687 0 -7.8837028e-05 0 0)
(-4.809404e-11 -0.0011431989 0 -0.00015465991 0 0)
(-4.3519221e-10 0.0011431993 0 -0.00015465995 0 0)
(-9.8446611e-11 0.00081155692 0 -7.8837086e-05 0 0)
(2.9988326e-11 0.00048214442 0 -2.8344293e-05 0 0)
(4.8174826e-10 0.00015952774 0 -3.1468079e-06 0 0)
(4.6296415e-10 -0.00015952805 0 -3.1467957e-06 0 0)
(4.4073137e-12 -0.00048214455 0 -2.8344263e-05 0 0)
(-1.2550323e-10 -0.00081155684 0 -7.8837056e-05 0 0)
(-4.5996543e-10 -0.0011431991 0 -0.00015465993 0 0)
(-3.4133991e-12 0.0011431992 0 -0.00015465996 0 0)
(-4.3617095e-10 0.00081155687 0 -7.8837107e-05 0 0)
(1.2768291e-10 0.00048214428 0 -2.8344288e-05 0 0)
(4.2141153e-10 0.00015952768 0 -3.1467716e-06 0 0)
(4.1651779e-10 -0.00015952799 0 -3.14676e-06 0 0)
(9.4896239e-11 -0.00048214441 0 -2.834426e-05 0 0)
(-4.6986309e-10 -0.0008115568 0 -7.8837079e-05 0 0)
(-9.6433428e-12 -0.0011431991 0 -0.00015465995 0 0)
(-3.9875696e-10 0.0011431994 0 -0.00015465998 0 0)
(-5.4406543e-11 0.00081155685 0 -7.8837134e-05 0 0)
(1.8025804e-11 0.00048214426 0 -2.8344283e-05 0 0)
(4.0859359e-10 0.00015952766 0 -3.1467356e-06 0 0)
(3.9116718e-10 -0.00015952795 0 -3.1467247e-06 0 0)
(-4.3985113e-12 -0.00048214438 0 -2.8344257e-05 0 0)
(-7.8245715e-11 -0.00081155677 0 -7.8837107e-05 0 0)
(-4.2190793e-10 -0.0011431992 0 -0.00015465997 0 0)
(3.2076232e-11 0.0011431994 0 -0.00015465999 0 0)
(-3.9266694e-10 0.0008115568 0 -7.8837154e-05 0 0)
(1.1592572e-10 0.00048214413 0 -2.8344279e-05 0 0)
(3.4961704e-10 0.00015952761 0 -3.1467006e-06 0 0)
(3.4590086e-10 -0.0001595279 0 -3.1466902e-06 0 0)
(8.618609e-11 -0.00048214425 0 -2.8344254e-05 0 0)
(-4.2321652e-10 -0.00081155674 0 -7.8837128e-05 0 0)
(2.7357208e-11 -0.0011431992 0 -0.00015465998 0 0)
(-3.6363816e-10 0.0011431995 0 -0.00015466001 0 0)
(-1.1896932e-11 0.00081155679 0 -7.8837179e-05 0 0)
(6.5476424e-12 0.00048214413 0 -2.8344275e-05 0 0)
(3.3811636e-10 0.00015952759 0 -3.1466659e-06 0 0)
(3.2195351e-10 -0.00015952787 0 -3.1466562e-06 0 0)
(-1.2937816e-11 -0.00048214423 0 -2.8344251e-05 0 0)
(-3.2735587e-11 -0.00081155672 0 -7.8837155e-05 0 0)
(-3.8527243e-10 -0.0011431993 0 -0.00015466 0 0)
(6.6354444e-11 0.0011431994 0 -0.00015466002 0 0)
(-3.5066151e-10 0.00081155675 0 -7.8837199e-05 0 0)
(1.046444e-10 0.000482144 0 -2.834427e-05 0 0)
(2.8037085e-10 0.00015952755 0 -3.1466321e-06 0 0)
(2.7774947e-10 -0.00015952783 0 -3.1466228e-06 0 0)
(7.7737395e-11 -0.00048214411 0 -2.8344248e-05 0 0)
(-3.782864e-10 -0.00081155669 0 -7.8837176e-05 0 0)
(6.3044781e-11 -0.0011431993 0 -0.00015466001 0 0)
(-3.2970765e-10 0.0011431996 0 -0.00015466005 0 0)
(2.9235434e-11 0.00081155674 0 -7.8837223e-05 0 0)
(-4.4830751e-12 0.00048214402 0 -2.8344266e-05 0 0)
(2.7007137e-10 0.00015952753 0 -3.1465986e-06 0 0)
(2.5507799e-10 -0.00015952781 0 -3.14659e-06 0 0)
(-2.1248326e-11 -0.00048214411 0 -2.8344245e-05 0 0)
(1.1181073e-11 -0.00081155668 0 -7.8837202e-05 0 0)
(-3.4992946e-10 -0.0011431994 0 -0.00015466004 0 0)
(9.9539978e-11 0.0011431995 0 -0.00015466005 0 0)
(-3.1001008e-10 0.00081155671 0 -7.8837242e-05 0 0)
(9.380446e-11 0.0004821439 0 -2.8344262e-05 0 0)
(2.1344401e-10 0.0001595275 0 -3.1465659e-06 0 0)
(2.1183382e-10 -0.00015952778 0 -3.1465577e-06 0 0)
(6.9514748e-11 -0.00048214401 0 -2.8344242e-05 0 0)
(-3.3492854e-10 -0.00081155665 0 -7.8837222e-05 0 0)
(9.7538796e-11 -0.0011431994 0 -0.00015466005 0 0)
(-2.9685391e-10 0.0011431996 0 -0.00015466008 0 0)
(6.912425e-11 0.00081155671 0 -7.8837266e-05 0 0)
(-1.5098453e-11 0.00048214394 0 -2.8344258e-05 0 0)
(2.0424759e-10 0.00015952749 0 -3.1465335e-06 0 0)
(1.9032868e-10 -0.00015952776 0 -3.146526e-06 0 0)
(-2.9363105e-11 -0.00048214402 0 -2.834424e-05 0 0)
(5.3636621e-11 -0.00081155664 0 -7.8837248e-05 0 0)
(-3.1576702e-10 -0.0011431995 0 -0.00015466007 0 0)
(1.3173462e-10 0.0011431996 0 -0.00015466008 0 0)
(-2.7058757e-10 0.00081155668 0 -7.8837284e-05 0 0)
(8.3378103e-11 0.00048214383 0 -2.8344254e-05 0 0)
(1.4864172e-10 0.00015952747 0 -3.1465018e-06 0 0)
(1.4795673e-10 -0.00015952774 0 -3.1464945e-06 0 0)
(6.1487584e-11 -0.00048214393 0 -2.8344237e-05 0 0)
(-2.9302059e-10 -0.00081155662 0 -7.8837267e-05 0 0)
(1.3094094e-10 -0.0011431994 0 -0.00015466008 0 0)
(-2.6498223e-10 0.0011431997 0 -0.0001546601 0 0)
(1.0788417e-10 0.00081155668 0 -7.8837308e-05 0 0)
(-2.5323174e-11 0.00048214388 0 -2.8344251e-05 0 0)
(1.4046587e-10 0.00015952746 0 -3.1464705e-06 0 0)
(1.2752524e-10 -0.00015952772 0 -3.1464638e-06 0 0)
(-3.731263e-11 -0.00048214396 0 -2.8344235e-05 0 0)
(9.4741621e-11 -0.00081155662 0 -7.8837292e-05 0 0)
(-2.8269145e-10 -0.0011431995 0 -0.0001546601 0 0)
(1.6302416e-10 0.0011431996 0 -0.00015466011 0 0)
(-2.3228864e-10 0.00081155666 0 -7.8837326e-05 0 0)
(7.3344259e-11 0.00048214379 0 -2.8344247e-05 0 0)
(8.5801793e-11 0.00015952746 0 -3.1464397e-06 0 0)
(8.5953314e-11 -0.00015952771 0 -3.1464333e-06 0 0)
(5.3625828e-11 -0.00048214388 0 -2.8344232e-05 0 0)
(-2.5246227e-10 -0.0008115566 0 -7.8837311e-05 0 0)
(1.6333484e-10 -0.0011431995 0 -0.00015466011 0 0)
(-2.3401378e-10 0.0011431997 0 -0.00015466013 0 0)
(1.4561036e-10 0.00081155667 0 -7.8837349e-05 0 0)
(-3.5176251e-11 0.00048214384 0 -2.8344244e-05 0 0)
(7.8581391e-11 0.00015952745 0 -3.1464093e-06 0 0)
(6.6519048e-11 -0.0001595277 0 -3.1464035e-06 0 0)
(-4.5121768e-11 -0.00048214392 0 -2.834423e-05 0 0)
(1.3458354e-10 -0.0008115566 0 -7.8837334e-05 0 0)
(-2.5062638e-10 -0.0011431996 0 -0.00015466013 0 0)
(1.9347808e-10 0.0011431996 0 -0.00015466014 0 0)
(-1.9502578e-10 0.00081155665 0 -7.8837366e-05 0 0)
(6.368809e-11 0.00048214376 0 -2.834424e-05 0 0)
(2.4796455e-11 0.00015952745 0 -3.1463794e-06 0 0)
(2.5691044e-11 -0.00015952769 0 -3.1463738e-06 0 0)
(4.5908707e-11 -0.00048214385 0 -2.8344227e-05 0 0)
(-2.1317572e-10 -0.00081155659 0 -7.8837353e-05 0 0)
(1.9478665e-10 -0.0011431995 0 -0.00015466013 0 0)
(-2.0388598e-10 0.0011431997 0 -0.00015466016 0 0)
(1.8238061e-10 0.00081155666 0 -7.8837389e-05 0 0)
(-4.4669616e-11 0.00048214384 0 -2.8344238e-05 0 0)
(1.8482911e-11 0.00015952745 0 -3.1463499e-06 0 0)
(7.1936829e-12 -0.00015952769 0 -3.1463448e-06 0 0)
(-5.2816556e-11 -0.0004821439 0 -2.8344225e-05 0 0)
(1.7322922e-10 -0.0008115566 0 -7.8837376e-05 0 0)
(-2.195136e-10 -0.0011431996 0 -0.00015466015 0 0)
(2.2315037e-10 0.0011431996 0 -0.00015466017 0 0)
(-1.5872934e-10 0.00081155665 0 -7.8837405e-05 0 0)
(5.4402551e-11 0.00048214377 0 -2.8344234e-05 0 0)
(-3.4472474e-11 0.00015952746 0 -3.1463209e-06 0 0)
(-3.2934236e-11 -0.00015952769 0 -3.1463159e-06 0 0)
(3.8308941e-11 -0.00048214385 0 -2.8344222e-05 0 0)
(-1.7510491e-10 -0.00081155659 0 -7.8837394e-05 0 0)
(2.2534524e-10 -0.0011431995 0 -0.00015466016 0 0)
(-1.7455133e-10 0.0011431997 0 -0.00015466019 0 0)
(2.1825554e-10 0.00081155666 0 -7.8837427e-05 0 0)
(-5.380759e-11 0.00048214385 0 -2.8344232e-05 0 0)
(-3.9911271e-11 0.00015952746 0 -3.1462922e-06 0 0)
(-5.0538649e-11 -0.00015952769 0 -3.1462877e-06 0 0)
(-6.0414165e-11 -0.00048214391 0 -2.8344221e-05 0 0)
(2.1072328e-10 -0.0008115566 0 -7.8837416e-05 0 0)
(-1.8931179e-10 -0.0011431996 0 -0.00015466018 0 0)
(2.5208019e-10 0.0011431996 0 -0.00015466019 0 0)
(-1.2334589e-10 0.00081155665 0 -7.8837444e-05 0 0)
(4.5487043e-11 0.00048214379 0 -2.8344228e-05 0 0)
(-9.2070439e-11 0.00015952749 0 -3.146264e-06 0 0)
(-8.9995892e-11 -0.0001595277 0 -3.1462595e-06 0 0)
(3.0813845e-11 -0.00048214387 0 -2.8344218e-05 0 0)
(-1.382144e-10 -0.0008115566 0 -7.8837434e-05 0 0)
(2.5504228e-10 -0.0011431995 0 -0.00015466019 0 0)
(-1.459765e-10 0.0011431997 0 -0.00015466021 0 0)
(2.5328028e-10 0.00081155667 0 -7.8837465e-05 0 0)
(-6.2588414e-11 0.00048214389 0 -2.8344226e-05 0 0)
(-9.6652547e-11 0.00015952749 0 -3.1462362e-06 0 0)
(-1.0673842e-10 -0.00015952771 0 -3.1462321e-06 0 0)
(-6.7938259e-11 -0.00048214395 0 -2.8344217e-05 0 0)
(2.4709077e-10 -0.00081155662 0 -7.8837456e-05 0 0)
(-1.5999639e-10 -0.0011431996 0 -0.0001546602 0 0)
(2.8029291e-10 0.0011431996 0 -0.00015466022 0 0)
(-8.8836524e-11 0.00081155667 0 -7.8837481e-05 0 0)
(3.6947335e-11 0.00048214384 0 -2.8344222e-05 0 0)
(-1.4803487e-10 0.00015952752 0 -3.1462087e-06 0 0)
(-1.455407e-10 -0.00015952773 0 -3.1462047e-06 0 0)
(2.3398027e-11 -0.00048214392 0 -2.8344213e-05 0 0)
(-1.0248816e-10 -0.00081155662 0 -7.8837472e-05 0 0)
(2.8389333e-10 -0.0011431995 0 -0.00015466021 0 0)
(-1.1814123e-10 0.0011431997 0 -0.00015466023 0 0)
(2.8748605e-10 0.00081155669 0 -7.8837503e-05 0 0)
(-7.1003131e-11 0.00048214395 0 -2.8344221e-05 0 0)
(-1.5176498e-10 0.00015952753 0 -3.1461817e-06 0 0)
(-1.6144095e-10 -0.00015952774 0 -3.1461781e-06 0 0)
(-7.5396822e-11 -0.000482144 0 -2.8344212e-05 0 0)
(2.8233714e-10 -0.00081155664 0 -7.8837494e-05 0 0)
(-1.3155811e-10 -0.0011431995 0 -0.00015466023 0 0)
(3.078021e-10 0.0011431995 0 -0.00015466024 0 0)
(-5.5175211e-11 0.00081155669 0 -7.8837518e-05 0 0)
(2.8796459e-11 0.00048214391 0 -2.8344217e-05 0 0)
(-2.0237793e-10 0.00015952757 0 -3.1461551e-06 0 0)
(-1.9959207e-10 -0.00015952776 0 -3.1461514e-06 0 0)
(1.6056243e-11 -0.00048214399 0 -2.8344209e-05 0 0)
(-6.7927606e-11 -0.00081155665 0 -7.883751e-05 0 0)
(3.1189935e-10 -0.0011431994 0 -0.00015466024 0 0)
(-9.103615e-11 0.0011431996 0 -0.00015466026 0 0)
(3.2089265e-10 0.00081155672 0 -7.8837539e-05 0 0)
(-7.9035377e-11 0.00048214403 0 -2.8344216e-05 0 0)
(-2.0524939e-10 0.00015952758 0 -3.1461289e-06 0 0)
(-2.1465998e-10 -0.00015952778 0 -3.1461255e-06 0 0)
(-8.2818349e-11 -0.00048214408 0 -2.8344208e-05 0 0)
(3.164522e-10 -0.00081155667 0 -7.8837531e-05 0 0)
(-1.0400138e-10 -0.0011431995 0 -0.00015466025 0 0)
(3.3461107e-10 0.0011431995 0 -0.00015466026 0 0)
(-2.2345635e-11 0.00081155673 0 -7.8837554e-05 0 0)
(2.1053161e-11 0.00048214401 0 -2.8344213e-05 0 0)
(-2.5509045e-10 0.00015952763 0 -3.1461031e-06 0 0)
(-2.5215487e-10 -0.00015952781 0 -3.1460996e-06 0 0)
(8.7578885e-12 -0.00048214408 0 -2.8344205e-05 0 0)
(-3.4550263e-11 -0.00081155668 0 -7.8837546e-05 0 0)
(3.3904894e-10 -0.0011431994 0 -0.00015466026 0 0)
(-6.4660644e-11 0.0011431995 0 -0.00015466028 0 0)
(3.5351192e-10 0.00081155676 0 -7.8837575e-05 0 0)
(-8.6664325e-11 0.00048214413 0 -2.8344212e-05 0 0)
(-2.570883e-10 0.00015952764 0 -3.1460778e-06 0 0)
(-2.6639235e-10 -0.00015952783 0 -3.1460744e-06 0 0)
(-9.0196753e-11 -0.00048214418 0 -2.8344204e-05 0 0)
(3.4941103e-10 -0.00081155671 0 -7.8837567e-05 0 0)
(-7.734201e-11 -0.0011431994 0 -0.00015466027 0 0)
(3.6071589e-10 0.0011431994 0 -0.00015466028 0 0)
(9.6632844e-12 0.00081155677 0 -7.8837589e-05 0 0)
(1.3742525e-11 0.00048214412 0 -2.8344209e-05 0 0)
(-3.0614774e-10 0.0001595277 0 -3.1460527e-06 0 0)
(-3.0322179e-10 -0.00015952786 0 -3.1460493e-06 0 0)
(1.5110669e-12 -0.00048214419 0 -2.8344201e-05 0 0)
(-2.3845501e-12 -0.00081155673 0 -7.8837582e-05 0 0)
(3.6532011e-10 -0.0011431993 0 -0.00015466028 0 0)
(-3.901933e-11 0.0011431995 0 -0.0001546603 0 0)
(3.8535253e-10 0.00081155681 0 -7.8837609e-05 0 0)
(-9.3860799e-11 0.00048214425 0 -2.8344208e-05 0 0)
(-3.0725207e-10 0.00015952771 0 -3.1460283e-06 0 0)
(-3.1662565e-10 -0.00015952789 0 -3.1460248e-06 0 0)
(-9.7573945e-11 -0.0004821443 0 -2.8344201e-05 0 0)
(3.8117955e-10 -0.00081155675 0 -7.8837601e-05 0 0)
(-5.1604207e-11 -0.0011431993 0 -0.00015466029 0 0)
(3.8610944e-10 0.0011431993 0 -0.0001546603 0 0)
(4.0862393e-11 0.00081155682 0 -7.8837624e-05 0 0)
(6.8949266e-12 0.00048214426 0 -2.8344206e-05 0 0)
(-3.555172e-10 0.00015952778 0 -3.1460041e-06 0 0)
(-3.5278055e-10 -0.00015952793 0 -3.1460004e-06 0 0)
(-5.7298557e-12 -0.00048214432 0 -2.8344198e-05 0 0)
(2.8533592e-11 -0.00081155678 0 -7.8837616e-05 0 0)
(3.9068431e-10 -0.0011431992 0 -0.0001546603 0 0)
(-1.4117272e-11 0.0011431994 0 -0.00015466032 0 0)
(4.1642579e-10 0.00081155686 0 -7.8837644e-05 0 0)
(-1.005932e-10 0.00048214439 0 -2.8344205e-05 0 0)
(-3.5570788e-10 0.00015952779 0 -3.1459805e-06 0 0)
(-3.6534681e-10 -0.00015952796 0 -3.1459767e-06 0 0)
(-1.0493549e-10 -0.00048214444 0 -2.8344197e-05 0 0)
(4.1171856e-10 -0.00081155681 0 -7.8837635e-05 0 0)
(-2.6816882e-11 -0.0011431992 0 -0.00015466031 0 0)
(4.1078658e-10 0.0011431992 0 -0.00015466032 0 0)
(7.126877e-11 0.00081155688 0 -7.8837657e-05 0 0)
(5.4498086e-13 0.00048214441 0 -2.8344203e-05 0 0)
(-4.0316772e-10 0.00015952787 0 -3.1459571e-06 0 0)
(-4.0082252e-10 -0.00015952801 0 -3.1459531e-06 0 0)
(-1.2951472e-11 -0.00048214447 0 -2.8344194e-05 0 0)
(5.8166853e-11 -0.00081155683 0 -7.8837649e-05 0 0)
(4.1511078e-10 -0.0011431991 0 -0.00015466032 0 0)
(1.0045499e-11 0.0011431992 0 -0.00015466034 0 0)
(4.4675338e-10 0.00081155692 0 -7.8837677e-05 0 0)
(-1.068232e-10 0.00048214456 0 -2.8344203e-05 0 0)
(-4.0243029e-10 0.00015952789 0 -3.1459344e-06 0 0)
(-4.1255439e-10 -0.00015952805 0 -3.1459301e-06 0 0)
(-1.1233295e-10 -0.0004821446 0 -2.8344193e-05 0 0)
(4.4099067e-10 -0.00081155687 0 -7.8837667e-05 0 0)
(-3.00796e-12 -0.0011431991 0 -0.00015466033 0 0)
(4.3475076e-10 0.0011431991 0 -0.00015466034 0 0)
(1.0091502e-10 0.00081155694 0 -7.883769e-05 0 0)
(-5.2680491e-12 0.00048214459 0 -2.8344201e-05 0 0)
(-4.4908212e-10 0.00015952797 0 -3.1459119e-06 0 0)
(-4.4735591e-10 -0.0001595281 0 -3.1459073e-06 0 0)
(-2.0208397e-11 -0.00048214464 0 -2.834419e-05 0 0)
(8.6483141e-11 -0.0008115569 0 -7.883768e-05 0 0)
(4.3857211e-10 -0.001143199 0 -0.00015466034 0 0)
(3.348175e-11 0.0011431991 0 -0.00015466036 0 0)
(4.7637703e-10 0.00081155699 0 -7.883771e-05 0 0)
(-1.1251101e-10 0.00048214474 0 -2.8344201e-05 0 0)
(-4.4741526e-10 0.00015952799 0 -3.1458901e-06 0 0)
(-4.5827236e-10 -0.00015952814 0 -3.1458851e-06 0 0)
(-1.1976808e-10 -0.00048214478 0 -2.834419e-05 0 0)
(4.6896761e-10 -0.00081155694 0 -7.8837698e-05 0 0)
(1.9801206e-11 -0.001143199 0 -0.00015466035 0 0)
(4.5802207e-10 0.001143199 0 -0.00015466036 0 0)
(1.2985978e-10 0.00081155701 0 -7.8837723e-05 0 0)
(-1.050467e-11 0.00048214478 0 -2.8344199e-05 0 0)
(-4.9327254e-10 0.00015952808 0 -3.1458684e-06 0 0)
(-4.9242172e-10 -0.00015952819 0 -3.145863e-06 0 0)
(-2.7510625e-11 -0.00048214483 0 -2.8344187e-05 0 0)
(1.1346545e-10 -0.00081155697 0 -7.8837711e-05 0 0)
(4.6105131e-10 -0.0011431988 0 -0.00015466035 0 0)
(5.622607e-11 0.001143199 0 -0.00015466037 0 0)
(5.0537053e-10 0.00081155706 0 -7.8837742e-05 0 0)
(-1.1761344e-10 0.00048214494 0 -2.83442e-05 0 0)
(-4.9069763e-10 0.00015952811 0 -3.1458474e-06 0 0)
(-5.0256738e-10 -0.00015952824 0 -3.1458414e-06 0 0)
(-1.272925e-10 -0.00048214498 0 -2.8344186e-05 0 0)
(4.956414e-10 -0.00081155702 0 -7.8837728e-05 0 0)
(4.160434e-11 -0.0011431989 0 -0.00015466037 0 0)
(4.8064774e-10 0.0011431988 0 -0.00015466037 0 0)
(1.5820055e-10 0.00081155709 0 -7.8837755e-05 0 0)
(-1.5122407e-11 0.00048214499 0 -2.8344199e-05 0 0)
(-5.3580002e-10 0.00015952819 0 -3.1458266e-06 0 0)
(-5.3611423e-10 -0.0001595283 0 -3.14582e-06 0 0)
(-3.4911948e-11 -0.00048214504 0 -2.8344183e-05 0 0)
(1.3912326e-10 -0.00081155705 0 -7.883774e-05 0 0)
(4.825506e-10 -0.0011431987 0 -0.00015466037 0 0)
(7.8346597e-11 0.0011431988 0 -0.00015466039 0 0)
(5.3385269e-10 0.00081155714 0 -7.8837773e-05 0 0)
(-1.2209242e-10 0.00048214515 0 -2.83442e-05 0 0)
(-5.3237287e-10 0.00015952823 0 -3.1458064e-06 0 0)
(-5.4556986e-10 -0.00015952835 0 -3.145799e-06 0 0)
(-1.3494836e-10 -0.00048214519 0 -2.8344183e-05 0 0)
(5.2103716e-10 -0.0008115571 0 -7.8837756e-05 0 0)
(6.242014e-11 -0.0011431987 0 -0.00015466038 0 0)
(5.0271434e-10 0.0011431986 0 -0.00015466039 0 0)
(1.8608933e-10 0.00081155718 0 -7.8837786e-05 0 0)
(-1.908812e-11 0.00048214522 0 -2.8344199e-05 0 0)
(-5.7679838e-10 0.00015952832 0 -3.1457863e-06 0 0)
(-5.7860414e-10 -0.00015952841 0 -3.1457782e-06 0 0)
(-4.246744e-11 -0.00048214526 0 -2.834418e-05 0 0)
(1.6350787e-10 -0.00081155714 0 -7.8837768e-05 0 0)
(5.0310322e-10 -0.0011431986 0 -0.00015466038 0 0)
(9.9957644e-11 0.0011431987 0 -0.0001546604 0 0)
(5.6200527e-10 0.00081155723 0 -7.8837805e-05 0 0)
(-1.2591198e-10 0.00048214539 0 -2.83442e-05 0 0)
(-5.7262377e-10 0.00015952837 0 -3.1457667e-06 0 0)
(-5.8749974e-10 -0.00015952847 0 -3.1457577e-06 0 0)
(-1.4279203e-10 -0.00048214543 0 -2.834418e-05 0 0)
(5.452309e-10 -0.00081155719 0 -7.8837784e-05 0 0)
(8.2305421e-11 -0.0011431986 0 -0.00015466039 0 0)
(5.2436264e-10 0.0011431985 0 -0.0001546604 0 0)
(2.1374687e-10 0.00081155727 0 -7.8837817e-05 0 0)
(-2.2373435e-11 0.00048214546 0 -2.83442e-05 0 0)
(-6.1650489e-10 0.00015952845 0 -3.1457472e-06 0 0)
(-6.2016609e-10 -0.00015952853 0 -3.1457373e-06 0 0)
(-5.0238421e-11 -0.0004821455 0 -2.8344176e-05 0 0)
(1.8673406e-10 -0.00081155723 0 -7.8837794e-05 0 0)
(5.2278743e-10 -0.0011431984 0 -0.0001546604 0 0)
(1.2123585e-10 0.0011431985 0 -0.00015466042 0 0)
(5.9008671e-10 0.00081155733 0 -7.8837836e-05 0 0)
(-1.2905592e-10 0.00048214564 0 -2.8344202e-05 0 0)
(-6.1175558e-10 0.00015952851 0 -3.1457281e-06 0 0)
(-6.2869721e-10 -0.0001595286 0 -3.145717e-06 0 0)
(-1.5090803e-10 -0.00048214567 0 -2.8344176e-05 0 0)
(5.6837362e-10 -0.00081155729 0 -7.883781e-05 0 0)
(1.0137179e-10 -0.0011431984 0 -0.00015466041 0 0)
(5.4580255e-10 0.0011431983 0 -0.00015466042 0 0)
(2.4148302e-10 0.00081155736 0 -7.8837849e-05 0 0)
(-2.497642e-11 0.00048214573 0 -2.8344201e-05 0 0)
(-6.5529903e-10 0.00015952859 0 -3.145709e-06 0 0)
(-6.6121241e-10 -0.00015952866 0 -3.1456969e-06 0 0)
(-5.831954e-11 -0.00048214576 0 -2.8344172e-05 0 0)
(2.0900403e-10 -0.00081155733 0 -7.883782e-05 0 0)
(5.4174721e-10 -0.0011431982 0 -0.00015466041 0 0)
(1.4243622e-10 0.0011431983 0 -0.00015466043 0 0)
(6.1845277e-10 0.00081155742 0 -7.8837868e-05 0 0)
(-1.3153217e-10 0.00048214591 0 -2.8344204e-05 0 0)
(-6.5023652e-10 0.00015952866 0 -3.1456902e-06 0 0)
(-6.6965811e-10 -0.00015952873 0 -3.1456766e-06 0 0)
(-1.5936918e-10 -0.00048214594 0 -2.8344172e-05 0 0)
(5.9072146e-10 -0.00081155739 0 -7.8837835e-05 0 0)
(1.1980799e-10 -0.0011431982 0 -0.00015466042 0 0)
(5.6733174e-10 0.0011431981 0 -0.00015466043 0 0)
(2.6971141e-10 0.00081155747 0 -7.8837881e-05 0 0)
(-2.6928939e-11 0.00048214601 0 -2.8344204e-05 0 0)
(-6.937443e-10 0.00015952874 0 -3.1456712e-06 0 0)
(-7.0232873e-10 -0.0001595288 0 -3.1456563e-06 0 0)
(-6.6788952e-11 -0.00048214603 0 -2.8344168e-05 0 0)
(2.3064735e-10 -0.00081155744 0 -7.8837846e-05 0 0)
(5.6021613e-10 -0.001143198 0 -0.00015466042 0 0)
(1.6391018e-10 0.0011431981 0 -0.00015466045 0 0)
(6.475701e-10 0.00081155753 0 -7.88379e-05 0 0)
(-1.3339856e-10 0.0004821462 0 -2.8344207e-05 0 0)
(-6.8874984e-10 0.00015952882 0 -3.1456522e-06 0 0)
(-7.1107406e-10 -0.00015952887 0 -3.1456357e-06 0 0)
(-1.6827649e-10 -0.00048214622 0 -2.8344168e-05 0 0)
(6.1267957e-10 -0.0008115575 0 -7.8837861e-05 0 0)
(1.3790842e-10 -0.001143198 0 -0.00015466043 0 0)
(5.8935264e-10 0.0011431979 0 -0.00015466045 0 0)
(2.9896461e-10 0.00081155757 0 -7.8837914e-05 0 0)
(-2.8325795e-11 0.00048214631 0 -2.8344207e-05 0 0)
(-7.3265487e-10 0.0001595289 0 -3.1456328e-06 0 0)
(-7.4431857e-10 -0.00015952895 0 -3.1456149e-06 0 0)
(-7.5746428e-11 -0.00048214632 0 -2.8344164e-05 0 0)
(2.5216759e-10 -0.00081155755 0 -7.8837871e-05 0 0)
(5.7855084e-10 -0.0011431978 0 -0.00015466043 0 0)
(1.8612271e-10 0.0011431979 0 -0.00015466046 0 0)
(6.7803006e-10 0.00081155764 0 -7.8837934e-05 0 0)
(-1.3479013e-10 0.0004821465 0 -2.8344211e-05 0 0)
(-7.2825734e-10 0.00015952899 0 -3.1456132e-06 0 0)
(-7.5387706e-10 -0.00015952902 0 -3.1455934e-06 0 0)
(-1.7770053e-10 -0.00048214652 0 -2.8344163e-05 0 0)
(6.3485568e-10 -0.00081155762 0 -7.8837886e-05 0 0)
(1.5611045e-10 -0.0011431978 0 -0.00015466044 0 0)
(6.1238942e-10 0.0011431977 0 -0.00015466046 0 0)
(3.299036e-10 0.00081155769 0 -7.8837949e-05 0 0)
(-2.9358283e-11 0.00048214662 0 -2.8344211e-05 0 0)
(-7.7315088e-10 0.00015952907 0 -3.1455929e-06 0 0)
(-7.8824827e-10 -0.0001595291 0 -3.1455715e-06 0 0)
(-8.5254267e-11 -0.00048214663 0 -2.8344159e-05 0 0)
(2.7430468e-10 -0.00081155768 0 -7.8837897e-05 0 0)
(5.9727271e-10 -0.0011431976 0 -0.00015466044 0 0)
(2.0966813e-10 0.0011431977 0 -0.00015466047 0 0)
(7.1055506e-10 0.00081155776 0 -7.8837971e-05 0 0)
(-1.3595436e-10 0.00048214682 0 -2.8344215e-05 0 0)
(-7.7006938e-10 0.00015952917 0 -3.1455718e-06 0 0)
(-7.9928854e-10 -0.00015952918 0 -3.1455485e-06 0 0)
(-1.876964e-10 -0.00048214683 0 -2.8344159e-05 0 0)
(6.5813074e-10 -0.00081155774 0 -7.8837913e-05 0 0)
(1.7504146e-10 -0.0011431976 0 -0.00015466045 0 0)
(6.3710272e-10 0.0011431974 0 -0.00015466048 0 0)
(3.6332224e-10 0.00081155781 0 -7.8837987e-05 0 0)
(-3.0352429e-11 0.00048214696 0 -2.8344215e-05 0 0)
(-8.1674589e-10 0.00015952924 0 -3.1455498e-06 0 0)
(-8.3550127e-10 -0.00015952927 0 -3.1455247e-06 0 0)
(-9.5344511e-11 -0.00048214696 0 -2.8344154e-05 0 0)
(2.9811137e-10 -0.00081155781 0 -7.8837925e-05 0 0)
(6.1712034e-10 -0.0011431974 0 -0.00015466045 0 0)
(2.3528373e-10 0.0011431974 0 -0.00015466049 0 0)
(7.4600047e-10 0.00081155788 0 -7.883801e-05 0 0)
(-1.3730508e-10 0.00048214716 0 -2.8344219e-05 0 0)
(-8.1592853e-10 0.00015952936 0 -3.1455264e-06 0 0)
(-8.4887174e-10 -0.00015952935 0 -3.1454994e-06 0 0)
(-1.9825345e-10 -0.00048214716 0 -2.8344154e-05 0 0)
(6.8374085e-10 -0.00081155788 0 -7.8837943e-05 0 0)
(1.9557558e-10 -0.0011431974 0 -0.00015466046 0 0)
(6.6430156e-10 0.0011431972 0 -0.00015466049 0 0)
(4.001455e-10 0.00081155794 0 -7.8838028e-05 0 0)
(-3.1827344e-11 0.00048214732 0 -2.8344219e-05 0 0)
(-8.65426e-10 0.00015952943 0 -3.1455017e-06 0 0)
(-8.8782484e-10 -0.00015952944 0 -3.1454729e-06 0 0)
(-1.059701e-10 -0.00048214731 0 -2.8344149e-05 0 0)
(3.2504025e-10 -0.00081155794 0 -7.8837956e-05 0 0)
(6.3911026e-10 -0.0011431972 0 -0.00015466046 0 0)
(2.6385914e-10 0.0011431972 0 -0.00015466051 0 0)
(7.8535122e-10 0.00081155802 0 -7.8838054e-05 0 0)
(-1.3946508e-10 0.00048214753 0 -2.8344223e-05 0 0)
(-8.6809307e-10 0.00015952956 0 -3.1454747e-06 0 0)
(-9.0458262e-10 -0.00015952953 0 -3.1454441e-06 0 0)
(-2.0927952e-10 -0.00048214752 0 -2.8344148e-05 0 0)
(7.1336748e-10 -0.00081155802 0 -7.8837977e-05 0 0)
(2.1889784e-10 -0.0011431972 0 -0.00015466047 0 0)
(6.9495115e-10 0.0011431969 0 -0.00015466051 0 0)
(4.4142637e-10 0.00081155808 0 -7.8838074e-05 0 0)
(-3.4535556e-11 0.0004821477 0 -2.8344223e-05 0 0)
(-9.2173504e-10 0.00015952963 0 -3.1454459e-06 0 0)
(-9.4739337e-10 -0.00015952963 0 -3.1454138e-06 0 0)
(-1.1698912e-10 -0.00048214768 0 -2.8344144e-05 0 0)
(3.5703324e-10 -0.00081155809 0 -7.8837993e-05 0 0)
(6.6460274e-10 -0.001143197 0 -0.00015466048 0 0)
(2.9644363e-10 0.0011431969 0 -0.00015466053 0 0)
(8.2972061e-10 0.00081155816 0 -7.8838102e-05 0 0)
(-1.4332059e-10 0.00048214792 0 -2.8344225e-05 0 0)
(-9.2941509e-10 0.00015952977 0 -3.1454138e-06 0 0)
(-9.6882587e-10 -0.00015952972 0 -3.1453804e-06 0 0)
(-2.2057182e-10 -0.0004821479 0 -2.8344143e-05 0 0)
(7.4922256e-10 -0.00081155817 0 -7.8838017e-05 0 0)
(2.4656819e-10 -0.0011431969 0 -0.00015466049 0 0)
(7.30181e-10 0.0011431966 0 -0.00015466054 0 0)
(4.88346e-10 0.00081155822 0 -7.8838126e-05 0 0)
(-3.9508056e-11 0.00048214811 0 -2.8344224e-05 0 0)
(-9.8884366e-10 0.00015952985 0 -3.1453794e-06 0 0)
(-1.0168513e-09 -0.00015952983 0 -3.1453448e-06 0 0)
(-1.2814419e-10 -0.00048214808 0 -2.8344139e-05 0 0)
(3.9659426e-10 -0.00081155825 0 -7.8838038e-05 0 0)
(6.9536162e-10 -0.0011431967 0 -0.0001546605 0 0)
(3.3425526e-10 0.0011431966 0 -0.00015466056 0 0)
(8.8035821e-10 0.00081155831 0 -7.8838158e-05 0 0)
(-1.500339e-10 0.00048214834 0 -2.8344226e-05 0 0)
(-1.0033958e-09 0.00015953 0 -3.1453404e-06 0 0)
(-1.0445005e-09 -0.00015952993 0 -3.1453052e-06 0 0)
(-2.3181802e-10 -0.00048214832 0 -2.8344139e-05 0 0)
(7.941031e-10 -0.00081155833 0 -7.8838067e-05 0 0)
(2.805732e-10 -0.0011431967 0 -0.00015466051 0 0)
(7.7129541e-10 0.0011431963 0 -0.00015466056 0 0)
(5.4223765e-10 0.00081155838 0 -7.8838186e-05 0 0)
(-4.8045506e-11 0.00048214855 0 -2.8344222e-05 0 0)
(-1.0705853e-09 0.00015953008 0 -3.1452983e-06 0 0)
(-1.0993684e-09 -0.00015953005 0 -3.1452628e-06 0 0)
(-1.3908348e-10 -0.00048214851 0 -2.8344136e-05 0 0)
(4.468203e-10 -0.00081155842 0 -7.8838094e-05 0 0)
(7.335919e-10 -0.0011431964 0 -0.00015466052 0 0)
(3.7869717e-10 0.0011431963 0 -0.00015466059 0 0)
(9.3869139e-10 0.00081155847 0 -7.8838222e-05 0 0)
(-1.6102109e-10 0.0004821488 0 -2.8344222e-05 0 0)
(-1.0941938e-09 0.00015953024 0 -3.1452502e-06 0 0)
(-1.1350454e-09 -0.00015953016 0 -3.1452153e-06 0 0)
(-2.426383e-10 -0.00048214877 0 -2.8344136e-05 0 0)
(8.5138479e-10 -0.00081155851 0 -7.883813e-05 0 0)
(3.2334427e-10 -0.0011431964 0 -0.00015466054 0 0)
(8.1979772e-10 0.001143196 0 -0.0001546606 0 0)
(6.046502e-10 0.00081155855 0 -7.8838255e-05 0 0)
(-6.1657845e-11 0.00048214903 0 -2.8344217e-05 0 0)
(-1.1714341e-09 0.00015953034 0 -3.1451982e-06 0 0)
(-1.1986747e-09 -0.00015953029 0 -3.1451642e-06 0 0)
(-1.494352e-10 -0.00048214898 0 -2.8344133e-05 0 0)
(5.1134456e-10 -0.00081155861 0 -7.8838165e-05 0 0)
(7.8193162e-10 -0.0011431961 0 -0.00015466056 0 0)
(4.3139293e-10 0.0011431959 0 -0.00015466062 0 0)
(1.0064202e-09 0.00081155865 0 -7.8838296e-05 0 0)
(-1.7783299e-10 0.0004821493 0 -2.8344214e-05 0 0)
(-1.2065619e-09 0.00015953051 0 -3.1451386e-06 0 0)
(-1.2444682e-09 -0.00015953041 0 -3.1451067e-06 0 0)
(-2.5269858e-10 -0.00048214927 0 -2.8344134e-05 0 0)
(9.2490604e-10 -0.00081155871 0 -7.8838211e-05 0 0)
(3.7771289e-10 -0.0011431961 0 -0.00015466058 0 0)
(8.7743992e-10 0.0011431956 0 -0.00015466064 0 0)
(6.7748049e-10 0.00081155874 0 -7.8838335e-05 0 0)
(-8.1889872e-11 0.00048214956 0 -2.8344205e-05 0 0)
(-1.2963941e-09 0.00015953062 0 -3.1450741e-06 0 0)
(-1.3190918e-09 -0.00015953057 0 -3.1450447e-06 0 0)
(-1.5896681e-10 -0.00048214951 0 -2.8344132e-05 0 0)
(5.9414967e-10 -0.00081155881 0 -7.8838256e-05 0 0)
(8.4336347e-10 -0.0011431958 0 -0.0001546606 0 0)
(4.9425441e-10 0.0011431955 0 -0.00015466067 0 0)
(1.0856933e-09 0.00081155886 0 -7.8838383e-05 0 0)
(-2.0192997e-10 0.00048214985 0 -2.8344199e-05 0 0)
(-1.345681e-09 0.00015953079 0 -3.1450005e-06 0 0)
(-1.3773637e-09 -0.0001595307 0 -3.1449747e-06 0 0)
(-2.6192349e-10 -0.00048214982 0 -2.8344134e-05 0 0)
(1.0186976e-09 -0.00081155892 0 -7.8838313e-05 0 0)
(4.467703e-10 -0.0011431957 0 -0.00015466064 0 0)
(9.4631028e-10 0.0011431952 0 -0.00015466069 0 0)
(7.6319449e-10 0.00081155896 0 -7.8838429e-05 0 0)
(-1.1002789e-10 0.00048215014 0 -2.8344187e-05 0 0)
(-1.4507762e-09 0.00015953093 0 -3.1449208e-06 0 0)
(-1.4655363e-09 -0.00015953088 0 -3.1448994e-06 0 0)
(-1.6785299e-10 -0.00048215009 0 -2.8344134e-05 0 0)
(6.9920526e-10 -0.00081155903 0 -7.883837e-05 0 0)
(9.2101422e-10 -0.0011431954 0 -0.00015466066 0 0)
(5.6959074e-10 0.0011431951 0 -0.00015466073 0 0)
(1.1793766e-09 0.00081155908 0 -7.8838485e-05 0 0)
(-2.3432832e-10 0.00048215046 0 -2.8344178e-05 0 0)
(-1.5168716e-09 0.00015953111 0 -3.1448306e-06 0 0)
(-1.538897e-09 -0.00015953102 0 -3.1448143e-06 0 0)
(-2.7079993e-10 -0.00048215044 0 -2.8344137e-05 0 0)
(1.1365234e-09 -0.00081155915 0 -7.883844e-05 0 0)
(5.3359782e-10 -0.0011431953 0 -0.0001546607 0 0)
(1.0289649e-09 0.0011431948 0 -0.00015466075 0 0)
(8.6513177e-10 0.0008115592 0 -7.8838541e-05 0 0)
(-1.4670324e-10 0.00048215079 0 -2.8344162e-05 0 0)
(-1.6398417e-09 0.00015953127 0 -3.1447331e-06 0 0)
(-1.6434807e-09 -0.00015953122 0 -3.144723e-06 0 0)
(-1.7702319e-10 -0.00048215075 0 -2.8344136e-05 0 0)
(8.2990861e-10 -0.00081155928 0 -7.8838511e-05 0 0)
(1.0178161e-09 -0.001143195 0 -0.00015466074 0 0)
(6.6025322e-10 0.0011431947 0 -0.0001546608 0 0)
(1.291389e-09 0.00081155934 0 -7.8838608e-05 0 0)
(-2.7510181e-10 0.00048215116 0 -2.8344149e-05 0 0)
(-1.7251698e-09 0.00015953147 0 -3.1446242e-06 0 0)
(-1.7347285e-09 -0.00015953138 0 -3.1446199e-06 0 0)
(-2.8078384e-10 -0.00048215115 0 -2.8344139e-05 0 0)
(1.2812331e-09 -0.00081155942 0 -7.8838596e-05 0 0)
(6.4085327e-10 -0.0011431949 0 -0.00015466079 0 0)
(1.128581e-09 0.0011431943 0 -0.00015466083 0 0)
(9.8783033e-10 0.00081155948 0 -7.8838674e-05 0 0)
(-1.9131972e-10 0.00048215153 0 -2.8344131e-05 0 0)
(-1.8683097e-09 0.00015953165 0 -3.1445062e-06 0 0)
(-1.8588188e-09 -0.00015953162 0 -3.1445098e-06 0 0)
(-1.8857718e-10 -0.0004821515 0 -2.8344138e-05 0 0)
(9.8835739e-10 -0.00081155956 0 -7.8838682e-05 0 0)
(1.1360273e-09 -0.0011431945 0 -0.00015466084 0 0)
(7.6976571e-10 0.0011431941 0 -0.00015466088 0 0)
(1.4269954e-09 0.00081155963 0 -7.8838755e-05 0 0)
(-3.2293819e-10 0.00048215194 0 -2.8344115e-05 0 0)
(-1.9747611e-09 0.00015953186 0 -3.1443769e-06 0 0)
(-1.9708011e-09 -0.00015953179 0 -3.1443857e-06 0 0)
(-2.9464875e-10 -0.00048215195 0 -2.834414e-05 0 0)
(1.4539949e-09 -0.00081155971 0 -7.8838781e-05 0 0)
(7.702245e-10 -0.0011431943 0 -0.0001546609 0 0)
(1.2490496e-09 0.0011431938 0 -0.00015466093 0 0)
(1.1371963e-09 0.00081155979 0 -7.8838837e-05 0 0)
(-2.4176471e-10 0.00048215236 0 -2.8344096e-05 0 0)
(-2.1398038e-09 0.00015953208 0 -3.1442367e-06 0 0)
(-2.1175289e-09 -0.00015953207 0 -3.1442538e-06 0 0)
(-2.0602872e-10 -0.00048215235 0 -2.8344136e-05 0 0)
(1.1745596e-09 -0.00081155987 0 -7.8838883e-05 0 0)
(1.2766424e-09 -0.001143194 0 -0.00015466095 0 0)
(9.0230817e-10 0.0011431936 0 -0.00015466099 0 0)
(1.5928023e-09 0.00081155997 0 -7.8838935e-05 0 0)
(-3.7463142e-10 0.00048215283 0 -2.834408e-05 0 0)
(-2.2681576e-09 0.00015953229 0 -3.1440865e-06 0 0)
(-2.2528454e-09 -0.00015953226 0 -3.144106e-06 0 0)
(-3.1658755e-10 -0.00048215285 0 -2.8344136e-05 0 0)
(1.6535609e-09 -0.00081156004 0 -7.8838995e-05 0 0)
(9.2180173e-10 -0.0011431937 0 -0.00015466102 0 0)
(1.3948058e-09 0.0011431931 0 -0.00015466104 0 0)
(1.3201641e-09 0.00081156016 0 -7.8839035e-05 0 0)
(-2.9378793e-10 0.00048215328 0 -2.8344062e-05 0 0)
(-2.4561529e-09 0.00015953259 0 -3.1439231e-06 0 0)
(-2.4249322e-09 -0.00015953258 0 -3.1439497e-06 0 0)
(-2.3414801e-10 -0.00048215331 0 -2.8344125e-05 0 0)
(1.3857774e-09 -0.00081156023 0 -7.883911e-05 0 0)
(1.4387576e-09 -0.0011431933 0 -0.00015466108 0 0)
(1.0622547e-09 0.0011431929 0 -0.00015466112 0 0)
(1.795983e-09 0.00081156036 0 -7.8839155e-05 0 0)
(-4.2539372e-10 0.00048215384 0 -2.8344047e-05 0 0)
(-2.6057413e-09 0.00015953287 0 -3.1437524e-06 0 0)
(-2.5853721e-09 -0.00015953277 0 -3.1437767e-06 0 0)
(-3.5174123e-10 -0.00048215388 0 -2.834412e-05 0 0)
(1.8758029e-09 -0.00081156041 0 -7.8839234e-05 0 0)
(1.0934389e-09 -0.001143193 0 -0.00015466116 0 0)
(1.5699799e-09 0.0011431924 0 -0.00015466118 0 0)
(1.543228e-09 0.00081156057 0 -7.8839277e-05 0 0)
(-3.4210861e-10 0.00048215431 0 -2.8344035e-05 0 0)
(-2.8173339e-09 0.00015953329 0 -3.1435661e-06 0 0)
(-2.7839593e-09 -0.00015953312 0 -3.1435944e-06 0 0)
(-2.7794063e-10 -0.00048215441 0 -2.8344103e-05 0 0)
(1.6162642e-09 -0.00081156062 0 -7.8839359e-05 0 0)
(1.6189413e-09 -0.0011431926 0 -0.00015466123 0 0)
(1.2527035e-09 0.0011431921 0 -0.00015466127 0 0)
(2.0419447e-09 0.00081156081 0 -7.883942e-05 0 0)
(-4.7155015e-10 0.00048215503 0 -2.8344024e-05 0 0)
(-2.9857203e-09 0.0001595336 0 -3.1433762e-06 0 0)
(-2.9681706e-09 -0.00015953334 0 -3.1433986e-06 0 0)
(-4.0410615e-10 -0.00048215504 0 -2.834409e-05 0 0)
(2.1137707e-09 -0.00081156083 0 -7.8839492e-05 0 0)
(1.2801089e-09 -0.0011431922 0 -0.00015466131 0 0)
(1.7761336e-09 0.0011431916 0 -0.00015466135 0 0)
(1.8089369e-09 0.00081156105 0 -7.8839565e-05 0 0)
(-3.8274391e-10 0.00048215561 0 -2.8344017e-05 0 0)
(-3.2162461e-09 0.00015953403 0 -3.1431726e-06 0 0)
(-3.1930339e-09 -0.0001595339 0 -3.1431904e-06 0 0)
(-3.3961823e-10 -0.00048215564 0 -2.8344065e-05 0 0)
(1.8576271e-09 -0.00081156107 0 -7.8839621e-05 0 0)
(1.8105284e-09 -0.0011431917 0 -0.00015466138 0 0)
(1.4720316e-09 0.0011431912 0 -0.00015466145 0 0)
(2.329413e-09 0.0008115613 0 -7.8839728e-05 0 0)
(-5.0970111e-10 0.00048215652 0 -2.8344014e-05 0 0)
(-3.3995208e-09 0.00015953435 0 -3.142966e-06 0 0)
(-3.3922624e-09 -0.0001595343 0 -3.1429807e-06 0 0)
(-4.7278049e-10 -0.00048215632 0 -2.8344044e-05 0 0)
(2.358497e-09 -0.00081156131 0 -7.8839759e-05 0 0)
(1.4730334e-09 -0.0011431913 0 -0.00015466146 0 0)
(2.0073886e-09 0.0011431906 0 -0.00015466154 0 0)
(2.1093558e-09 0.00081156156 0 -7.8839892e-05 0 0)
(-4.1251695e-10 0.00048215715 0 -2.8344011e-05 0 0)
(-3.6416278e-09 0.00015953479 0 -3.1427552e-06 0 0)
(-3.6279964e-09 -0.0001595348 0 -3.1427585e-06 0 0)
(-4.1258044e-10 -0.00048215694 0 -2.8344021e-05 0 0)
(2.100102e-09 -0.00081156156 0 -7.8839885e-05 0 0)
(2.0024851e-09 -0.0011431907 0 -0.00015466153 0 0)
(1.7070567e-09 0.0011431902 0 -0.00015466164 0 0)
(2.6422552e-09 0.00081156184 0 -7.8840062e-05 0 0)
(-5.376471e-10 0.0004821581 0 -2.8344018e-05 0 0)
(-3.8309215e-09 0.00015953514 0 -3.1425375e-06 0 0)
(-3.8413175e-09 -0.00015953509 0 -3.1425409e-06 0 0)
(-5.4851032e-10 -0.00048215784 0 -2.8343995e-05 0 0)
(2.6010539e-09 -0.00081156183 0 -7.8840027e-05 0 0)
(1.658051e-09 -0.0011431903 0 -0.0001546616 0 0)
(2.2415319e-09 0.0011431895 0 -0.00015466172 0 0)
(2.4165498e-09 0.00081156211 0 -7.884023e-05 0 0)
(-4.3297244e-10 0.00048215877 0 -2.8344014e-05 0 0)
(-4.0705668e-09 0.00015953559 0 -3.1423386e-06 0 0)
(-4.0725301e-09 -0.00015953561 0 -3.1423172e-06 0 0)
(-4.7574553e-10 -0.0004821586 0 -2.8343991e-05 0 0)
(2.3355639e-09 -0.00081156211 0 -7.8840144e-05 0 0)
(2.177269e-09 -0.0011431896 0 -0.00015466166 0 0)
(1.921643e-09 0.001143189 0 -0.0001546618 0 0)
(2.9396056e-09 0.0008115624 0 -7.884038e-05 0 0)
(-5.6168359e-10 0.00048215976 0 -2.8344033e-05 0 0)
(-4.2553097e-09 0.00015953593 0 -3.1421141e-06 0 0)
(-4.2673267e-09 -0.00015953594 0 -3.1421288e-06 0 0)
(-5.9580581e-10 -0.00048215969 0 -2.8343976e-05 0 0)
(2.8375905e-09 -0.00081156238 0 -7.8840294e-05 0 0)
(1.8125347e-09 -0.0011431892 0 -0.0001546617 0 0)
(2.427069e-09 0.0011431883 0 -0.00015466184 0 0)
(2.674494e-09 0.00081156265 0 -7.8840524e-05 0 0)
(-4.5197222e-10 0.00048216051 0 -2.8344018e-05 0 0)
(-4.4824122e-09 0.00015953638 0 -3.1419431e-06 0 0)
(-4.4846661e-09 -0.00015953655 0 -3.1419103e-06 0 0)
(-4.7319891e-10 -0.00048216055 0 -2.8344033e-05 0 0)
(2.566058e-09 -0.00081156267 0 -7.8840399e-05 0 0)
(2.3077999e-09 -0.0011431885 0 -0.00015466173 0 0)
(2.0428068e-09 0.0011431877 0 -0.00015466185 0 0)
(3.1542731e-09 0.00081156293 0 -7.8840612e-05 0 0)
(-5.8747641e-10 0.00048216153 0 -2.8344051e-05 0 0)
(-4.6409984e-09 0.00015953681 0 -3.1417278e-06 0 0)
(-4.6093772e-09 -0.00015953702 0 -3.1418039e-06 0 0)
(-5.3753244e-10 -0.00048216163 0 -2.8344063e-05 0 0)
(3.0855359e-09 -0.00081156295 0 -7.8840575e-05 0 0)
(1.9024729e-09 -0.0011431879 0 -0.00015466172 0 0)
(2.4729868e-09 0.001143187 0 -0.0001546618 0 0)
(2.8107565e-09 0.00081156313 0 -7.8840701e-05 0 0)
(-4.7177084e-10 0.00048216233 0 -2.8344022e-05 0 0)
(-4.8621311e-09 0.00015953731 0 -3.1415919e-06 0 0)
(-4.7697612e-09 -0.00015953761 0 -3.1416302e-06 0 0)
(-2.9552934e-10 -0.00048216265 0 -2.8344251e-05 0 0)
(2.8319348e-09 -0.00081156322 0 -7.8840698e-05 0 0)
(2.3589386e-09 -0.0011431872 0 -0.00015466171 0 0)
(1.9580241e-09 0.0011431864 0 -0.00015466169 0 0)
(3.2317289e-09 0.00081156341 0 -7.8840703e-05 0 0)
(-6.1723771e-10 0.00048216335 0 -2.8344073e-05 0 0)
(-5.0358635e-09 0.00015953768 0 -3.1413408e-06 0 0)
(-4.8494544e-09 -0.00015953872 0 -3.1415914e-06 0 0)
(-2.5043172e-10 -0.00048216393 0 -2.8344393e-05 0 0)
(3.4353286e-09 -0.00081156349 0 -7.8840958e-05 0 0)
(1.8907259e-09 -0.0011431867 0 -0.00015466162 0 0)
(2.2674924e-09 0.0011431857 0 -0.0001546615 0 0)
(2.817782e-09 0.00081156354 0 -7.8840762e-05 0 0)
(-4.7344088e-10 0.00048216437 0 -2.8344047e-05 0 0)
(-5.3672454e-09 0.00015953812 0 -3.1411118e-06 0 0)
(-5.0965953e-09 -0.00015953909 0 -3.1413187e-06 0 0)
(2.2411359e-10 -0.0004821652 0 -2.834481e-05 0 0)
(3.297032e-09 -0.00081156374 0 -7.8841224e-05 0 0)
(2.3146291e-09 -0.0011431859 0 -0.00015466156 0 0)
(1.5677993e-09 0.0011431851 0 -0.0001546612 0 0)
(3.2875897e-09 0.00081156388 0 -7.8840774e-05 0 0)
(-6.1577477e-10 0.00048216555 0 -2.8344138e-05 0 0)
(-5.7943583e-09 0.00015953872 0 -3.1406023e-06 0 0)
(-5.2398652e-09 -0.00015954082 0 -3.1412248e-06 0 0)
(4.5826038e-10 -0.00048216681 0 -2.8345182e-05 0 0)
(4.1974428e-09 -0.00081156404 0 -7.8841747e-05 0 0)
(1.7921628e-09 -0.0011431853 0 -0.00015466141 0 0)
(1.7918325e-09 0.0011431845 0 -0.00015466087 0 0)
(3.0058938e-09 0.00081156405 0 -7.8841041e-05 0 0)
(-3.9014824e-10 0.00048216718 0 -2.8344173e-05 0 0)
(-6.6406158e-09 0.00015953949 0 -3.1398629e-06 0 0)
(-5.8954894e-09 -0.00015954182 0 -3.1405825e-06 0 0)
(1.3191105e-09 -0.00048216875 0 -2.8345932e-05 0 0)
(4.4722851e-09 -0.00081156433 0 -7.8842538e-05 0 0)
(2.2873468e-09 -0.0011431845 0 -0.00015466135 0 0)
(9.9738958e-10 0.001143184 0 -0.0001546605 0 0)
(4.025214e-09 0.0008115647 0 -7.8841549e-05 0 0)
(-4.9913599e-10 0.00048216926 0 -2.8344347e-05 0 0)
(-7.9652158e-09 0.00015954063 0 -3.1384782e-06 0 0)
(-6.9365451e-09 -0.00015954414 0 -3.139512e-06 0 0)
(1.8520401e-09 -0.0004821714 0 -2.8346746e-05 0 0)
(6.2647776e-09 -0.0008115649 0 -7.8843826e-05 0 0)
(1.862698e-09 -0.0011431837 0 -0.00015466133 0 0)
(1.4681112e-09 0.0011431835 0 -0.00015466029 0 0)
(4.587322e-09 0.0008115653 0 -7.8842819e-05 0 0)
(-1.2920843e-10 0.00048217262 0 -2.834452e-05 0 0)
(-1.0279112e-08 0.00015954213 0 -3.1362513e-06 0 0)
(-9.1357842e-09 -0.00015954636 0 -3.1374828e-06 0 0)
(3.1592845e-09 -0.00048217521 0 -2.8347769e-05 0 0)
(7.716295e-09 -0.00081156551 0 -7.8846105e-05 0 0)
(2.8256875e-09 -0.0011431827 0 -0.00015466154 0 0)
(1.1440209e-09 0.0011431827 0 -0.00015466045 0 0)
(7.6376353e-09 0.00081156706 0 -7.8845272e-05 0 0)
(-1.9178939e-10 0.00048217789 0 -2.834485e-05 0 0)
(-1.4562542e-08 0.00015954552 0 -3.1319984e-06 0 0)
(-1.3111986e-08 -0.00015955031 0 -3.1332565e-06 0 0)
(4.0444684e-09 -0.0004821809 0 -2.8349317e-05 0 0)
(1.1850965e-08 -0.00081156712 0 -7.8849418e-05 0 0)
(3.0827026e-09 -0.0011431812 0 -0.00015466236 0 0)
(2.9584363e-09 0.0011431817 0 -0.0001546613 0 0)
(1.0911167e-08 0.00081156912 0 -7.8849587e-05 0 0)
(3.6218815e-10 0.00048218572 0 -2.8345197e-05 0 0)
(-2.2006116e-08 0.00015954908 0 -3.1244687e-06 0 0)
(-1.9933451e-08 -0.00015955538 0 -3.1269372e-06 0 0)
(5.6416904e-09 -0.00048218925 0 -2.8350229e-05 0 0)
(1.6200131e-08 -0.00081156885 0 -7.8855292e-05 0 0)
(5.5874643e-09 -0.0011431795 0 -0.00015466366 0 0)
(4.7097648e-09 0.0011431796 0 -0.00015466365 0 0)
(1.9163362e-08 0.00081157365 0 -7.8857141e-05 0 0)
(2.7208126e-10 0.00048219833 0 -2.8345722e-05 0 0)
(-3.399881e-08 0.00015955694 0 -3.1127671e-06 0 0)
(-3.0694358e-08 -0.00015956297 0 -3.1154757e-06 0 0)
(6.5959748e-09 -0.00048220219 0 -2.8352614e-05 0 0)
(2.5663807e-08 -0.00081157318 0 -7.8863285e-05 0 0)
(8.0557813e-09 -0.001143176 0 -0.00015466701 0 0)
(1.0337541e-08 0.0011431767 0 -0.00015466777 0 0)
(2.8343774e-08 0.00081157874 0 -7.8867972e-05 0 0)
(9.692768e-10 0.00048221473 0 -2.8346199e-05 0 0)
(-4.9207975e-08 0.00015956496 0 -3.0971558e-06 0 0)
(-4.8623559e-08 -0.00015957383 0 -3.0986426e-06 0 0)
(7.9099205e-09 -0.00048222038 0 -2.835251e-05 0 0)
(3.6268617e-08 -0.00081157762 0 -7.8876725e-05 0 0)
(1.4562448e-08 -0.001143172 0 -0.00015467144 0 0)
(1.753097e-08 0.0011431703 0 -0.00015467576 0 0)
(4.7829226e-08 0.00081158928 0 -7.8886565e-05 0 0)
(1.2506924e-10 0.00048224454 0 -2.8346387e-05 0 0)
(-7.9524651e-08 0.00015958288 0 -3.0675064e-06 0 0)
(-7.2862414e-08 -0.000159588 0 -3.0729309e-06 0 0)
(7.8736894e-09 -0.00048224735 0 -2.8355232e-05 0 0)
(5.604908e-08 -0.00081158753 0 -7.8893999e-05 0 0)
(2.224172e-08 -0.0011431635 0 -0.00015468057 0 0)
(3.1701564e-08 0.0011431617 0 -0.00015468742 0 0)
(6.9506047e-08 0.00081160075 0 -7.8910998e-05 0 0)
(5.3958278e-10 0.00048227675 0 -2.8346529e-05 0 0)
(-1.0887976e-07 0.00015959885 0 -3.0372558e-06 0 0)
(-1.1318367e-07 -0.00015960977 0 -3.034595e-06 0 0)
(7.4431482e-09 -0.00048228477 0 -2.835228e-05 0 0)
(7.8389649e-08 -0.00081159751 0 -7.8921269e-05 0 0)
(3.7216451e-08 -0.0011431536 0 -0.00015469201 0 0)
(5.0451396e-08 0.0011431453 0 -0.00015470722 0 0)
(1.083804e-07 0.00081162106 0 -7.8948787e-05 0 0)
(-2.8303394e-09 0.00048233643 0 -2.8344902e-05 0 0)
(-1.7164584e-07 0.00015963353 0 -2.9756269e-06 0 0)
(-1.6090608e-07 -0.00015963498 0 -2.9842838e-06 0 0)
(4.5022328e-09 -0.00048233512 0 -2.8353891e-05 0 0)
(1.1609352e-07 -0.00081161736 0 -7.8955091e-05 0 0)
(5.5618221e-08 -0.0011431347 0 -0.00015471263 0 0)
(7.957505e-08 0.0011431236 0 -0.0001547323 0 0)
(1.4931942e-07 0.0008116421 0 -7.899396e-05 0 0)
(-3.8778885e-09 0.00048239333 0 -2.8343483e-05 0 0)
(-2.2394996e-07 0.00015966283 0 -2.921758e-06 0 0)
(-2.3777763e-07 -0.00015967474 0 -2.9103755e-06 0 0)
(-3.2676744e-10 -0.0004824037 0 -2.834526e-05 0 0)
(1.5617588e-07 -0.00081163603 0 -7.9002725e-05 0 0)
(8.4792119e-08 -0.0011431123 0 -0.00015473626 0 0)
(1.1721697e-07 0.0011430879 0 -0.00015477115 0 0)
(2.153324e-07 0.00081167584 0 -7.9058809e-05 0 0)
(-1.2799624e-08 0.00048249971 0 -2.8337316e-05 0 0)
(-3.3222587e-07 0.0001597208 0 -2.8150499e-06 0 0)
(-3.1887201e-07 -0.0001597158 0 -2.8255012e-06 0 0)
(-9.1401467e-09 -0.00048249137 0 -2.8343094e-05 0 0)
(2.2180188e-07 -0.00081167225 0 -7.9063388e-05 0 0)
(1.2250491e-07 -0.0011430727 0 -0.00015477679 0 0)
(1.7088004e-07 0.0011430398 0 -0.00015481878 0 0)
(2.8346782e-07 0.00081171134 0 -7.9132885e-05 0 0)
(-1.7629822e-08 0.00048259036 0 -2.8332019e-05 0 0)
(-4.2189372e-07 0.00015977268 0 -2.723063e-06 0 0)
(-4.4391575e-07 -0.00015978135 0 -2.7041429e-06 0 0)
(-2.1568304e-08 -0.00048260152 0 -2.8325759e-05 0 0)
(2.8253108e-07 -0.00081170155 0 -7.9133878e-05 0 0)
(1.7183384e-07 -0.0011430273 0 -0.0001548184 0 0)
(2.3132309e-07 0.0011429734 0 -0.00015488015 0 0)
(3.7830822e-07 0.0008117595 0 -7.9226773e-05 0 0)
(-3.5870908e-08 0.00048275734 0 -2.8317604e-05 0 0)
(-5.7094812e-07 0.00015985267 0 -2.5757739e-06 0 0)
(-5.6129258e-07 -0.000159841 0 -2.5819913e-06 0 0)
(-3.972977e-08 -0.00048273912 0 -2.8316096e-05 0 0)
(3.7983662e-07 -0.00081175754 0 -7.9226197e-05 0 0)
(2.3338074e-07 -0.001142956 0 -0.00015488273 0 0)
(3.151946e-07 0.0011428818 0 -0.00015495623 0 0)
(4.7457124e-07 0.00081181216 0 -7.9330296e-05 0 0)
(-4.7789906e-08 0.00048288718 0 -2.8305384e-05 0 0)
(-7.1829512e-07 0.00015994196 0 -2.4253152e-06 0 0)
(-7.2919259e-07 -0.0001599356 0 -2.4178972e-06 0 0)
(-6.2354406e-08 -0.00048289507 0 -2.8288102e-05 0 0)
(4.6040001e-07 -0.00081179952 0 -7.9317557e-05 0 0)
(3.101476e-07 -0.0011428707 0 -0.00015494998 0 0)
(3.9924434e-07 0.0011427714 0 -0.00015503997 0 0)
(5.8622217e-07 0.00081187067 0 -7.9441829e-05 0 0)
(-7.8012519e-08 0.00048311649 0 -2.827949e-05 0 0)
(-9.0503626e-07 0.00016004839 0 -2.2394558e-06 0 0)
(-8.9242519e-07 -0.0001600227 0 -2.248854e-06 0 0)
(-9.3370751e-08 -0.00048309251 0 -2.8266447e-05 0 0)
(5.7590921e-07 -0.00081187039 0 -7.9429571e-05 0 0)
(3.9336225e-07 -0.0011427574 0 -0.00015503473 0 0)
(5.0729553e-07 0.0011426208 0 -0.00015513972 0 0)
(6.8971431e-07 0.00081193361 0 -7.9552759e-05 0 0)
(-1.0123469e-07 0.00048328794 0 -2.8257136e-05 0 0)
(-1.0638847e-06 0.00016015706 0 -2.0774337e-06 0 0)
(-1.0804094e-06 -0.00016014563 0 -2.0637772e-06 0 0)
(-1.2547981e-07 -0.00048328147 0 -2.8230091e-05 0 0)
(6.5853231e-07 -0.00081191976 0 -7.9522161e-05 0 0)
(4.9424167e-07 -0.0011426157 0 -0.00015512609 0 0)
(6.0438391e-07 0.0011424569 0 -0.00015523348 0 0)
(8.0427485e-07 0.00081200353 0 -7.9668226e-05 0 0)
(-1.3946791e-07 0.00048354241 0 -2.8222601e-05 0 0)
(-1.1864755e-06 0.00016024167 0 -1.9581137e-06 0 0)
(-1.1989328e-06 -0.00016022253 0 -1.9437619e-06 0 0)
(-1.6419909e-07 -0.00048350385 0 -2.819956e-05 0 0)
(7.7009374e-07 -0.00081199975 0 -7.9632519e-05 0 0)
(5.8754041e-07 -0.001142454 0 -0.00015521737 0 0)
(7.0572106e-07 0.0011422557 0 -0.00015532513 0 0)
(8.9663464e-07 0.00081208059 0 -7.9761998e-05 0 0)
(-1.7473547e-07 0.00048373238 0 -2.819032e-05 0 0)
(-1.3325225e-06 0.00016037116 0 -1.8162448e-06 0 0)
(-1.3399552e-06 -0.00016034505 0 -1.8095079e-06 0 0)
(-2.0960607e-07 -0.00048373118 0 -2.8154535e-05 0 0)
(8.5874713e-07 -0.00081207555 0 -7.9723776e-05 0 0)
(6.8431947e-07 -0.0011422607 0 -0.00015530431 0 0)
(7.8710415e-07 0.0011420427 0 -0.00015540198 0 0)
(9.2472199e-07 0.00081211964 0 -7.9792537e-05 0 0)
(-2.2378619e-07 0.00048400156 0 -2.8137784e-05 0 0)
(-1.4558291e-06 0.0001604894 0 -1.6880772e-06 0 0)
(-1.4649064e-06 -0.00016046312 0 -1.6786714e-06 0 0)
(-2.5838812e-07 -0.00048398123 0 -2.8101278e-05 0 0)
(8.8048409e-07 -0.00081211968 0 -7.974711e-05 0 0)
(7.6062546e-07 -0.0011420552 0 -0.00015537497 0 0)
(8.4508399e-07 0.0011417966 0 -0.0001554813 0 0)
(9.1866737e-07 0.00081217629 0 -7.9809781e-05 0 0)
(-2.5524492e-07 0.000484102 0 -2.8101628e-05 0 0)
(-1.4415203e-06 0.00016057811 0 -1.6510318e-06 0 0)
(-1.4625534e-06 -0.00016056076 0 -1.6252515e-06 0 0)
(-2.9006377e-07 -0.00048408697 0 -2.8066357e-05 0 0)
(8.748231e-07 -0.00081217857 0 -7.9759694e-05 0 0)
(8.1416897e-07 -0.0011418202 0 -0.00015544908 0 0)
(8.7068066e-07 0.0011415747 0 -0.00015550381 0 0)
(8.2268511e-07 0.00081226943 0 -7.9668147e-05 0 0)
(-2.9686733e-07 0.00048439469 0 -2.8132819e-05 0 0)
(-1.338941e-06 0.00016069611 0 -2.0191948e-06 0 0)
(-1.3501801e-06 -0.00016066992 0 -2.008172e-06 0 0)
(-3.3156802e-07 -0.000484377 0 -2.8104511e-05 0 0)
(7.7660986e-07 -0.00081227646 0 -7.9628864e-05 0 0)
(8.3673728e-07 -0.001141607 0 -0.00015547055 0 0)
(8.6070121e-07 0.0011414207 0 -0.00015507482 0 0)
(7.4993236e-07 0.0008123989 0 -7.9219906e-05 0 0)
(-2.9527918e-07 0.00048451857 0 -2.8250945e-05 0 0)
(-1.2757176e-06 0.00016074752 0 -2.6285586e-06 0 0)
(-1.289915e-06 -0.00016071778 0 -2.595502e-06 0 0)
(-3.2757463e-07 -0.00048450498 0 -2.8266563e-05 0 0)
(7.0452874e-07 -0.00081240119 0 -7.9187996e-05 0 0)
(8.2456628e-07 -0.0011414651 0 -0.00015506739 0 0)
)
;

boundaryField
{
    left
    {
        type            fixedValue;
        value           uniform (0 0 0 0 0 0);
    }
    right
    {
        type            zeroGradient;
    }
    walls
    {
        type            zeroGradient;
    }
    frontAndBack
    {
        type            empty;
    }
}


// ************************************************************************* //
