/*--------------------------------*- C++ -*----------------------------------*\
| =========                 |                                                 |
| \\      /  F ield         | OpenFOAM: The Open Source CFD Toolbox           |
|  \\    /   O peration     | Version:  5.x                                   |
|   \\  /    A nd           | Web:      www.OpenFOAM.org                      |
|    \\/     M anipulation  |                                                 |
\*---------------------------------------------------------------------------*/
FoamFile
{
    version     2.0;
    format      ascii;
    class       volVectorField;
    location    "1";
    object      U;
}
// * * * * * * * * * * * * * * * * * * * * * * * * * * * * * * * * * * * * * //

dimensions      [0 1 -1 0 0 0 0];

internalField   nonuniform List<vector> 
1920
(
(-8.3750613e-08 4.0133521e-08 0)
(-4.8396017e-07 4.5236323e-08 0)
(-7.7076812e-07 -1.0909872e-08 0)
(-3.7415188e-07 -6.4752103e-08 0)
(3.748124e-07 -6.585797e-08 0)
(7.7116427e-07 -9.9075213e-09 0)
(4.8417588e-07 4.4573586e-08 0)
(8.3680091e-08 4.0370114e-08 0)
(-1.0460997e-07 2.2973798e-07 0)
(-1.2145077e-06 4.0935082e-07 0)
(-1.8047918e-06 -4.6273564e-08 0)
(-9.0445683e-07 -5.9931941e-07 0)
(9.0602435e-07 -5.9719893e-07 0)
(1.8061433e-06 -4.778146e-08 0)
(1.2147428e-06 4.1081604e-07 0)
(1.048905e-07 2.2937347e-07 0)
(-1.9255145e-07 6.2866084e-07 0)
(-1.7577601e-06 9.6035286e-07 0)
(-2.5869926e-06 -1.456782e-07 0)
(-1.2175723e-06 -1.4235632e-06 0)
(1.2199507e-06 -1.426461e-06 0)
(2.5884354e-06 -1.4234891e-07 0)
(1.7588087e-06 9.5905308e-07 0)
(1.9234384e-07 6.2958804e-07 0)
(-2.2758827e-07 1.1521428e-06 0)
(-2.1742408e-06 1.6399396e-06 0)
(-3.0182801e-06 -2.9103394e-07 0)
(-1.4875302e-06 -2.5015613e-06 0)
(1.4900342e-06 -2.497113e-06 0)
(3.0204155e-06 -2.9352134e-07 0)
(2.174833e-06 1.6434222e-06 0)
(2.2792159e-07 1.1516997e-06 0)
(-2.7283748e-07 1.7654183e-06 0)
(-2.3332223e-06 2.4118859e-06 0)
(-3.3181476e-06 -4.8060491e-07 0)
(-1.5367206e-06 -3.697642e-06 0)
(1.539324e-06 -3.7017779e-06 0)
(3.3198103e-06 -4.7504841e-07 0)
(2.3343805e-06 2.4105698e-06 0)
(2.727225e-07 1.7671588e-06 0)
(-2.5736116e-07 2.4149808e-06 0)
(-2.4212e-06 3.2017898e-06 0)
(-3.3072936e-06 -6.6977782e-07 0)
(-1.6232324e-06 -4.9518171e-06 0)
(1.62532e-06 -4.9459126e-06 0)
(3.3090504e-06 -6.724182e-07 0)
(2.421792e-06 3.2068471e-06 0)
(2.5758132e-07 2.4147623e-06 0)
(-2.6730819e-07 3.0528839e-06 0)
(-2.2950124e-06 3.9891895e-06 0)
(-3.2521718e-06 -8.6978397e-07 0)
(-1.5005845e-06 -6.1762133e-06 0)
(1.502162e-06 -6.1807209e-06 0)
(3.2532385e-06 -8.6298293e-07 0)
(2.2956808e-06 3.9882701e-06 0)
(2.6731794e-07 3.0551775e-06 0)
(-2.2471403e-07 3.6566057e-06 0)
(-2.1586924e-06 4.724283e-06 0)
(-2.9581801e-06 -1.0474972e-06 0)
(-1.4511067e-06 -7.3416053e-06 0)
(1.4518954e-06 -7.3353201e-06 0)
(2.9588112e-06 -1.0498066e-06 0)
(2.1589971e-06 4.7300001e-06 0)
(2.247361e-07 3.6566591e-06 0)
(-2.1144098e-07 4.1975237e-06 0)
(-1.8823729e-06 5.4000426e-06 0)
(-2.6861025e-06 -1.2158984e-06 0)
(-1.2450657e-06 -8.3882035e-06 0)
(1.2450793e-06 -8.3923867e-06 0)
(2.6861792e-06 -1.2090505e-06 0)
(1.8823323e-06 5.399558e-06 0)
(2.1154175e-07 4.199926e-06 0)
(-1.6321052e-07 4.6700559e-06 0)
(-1.6389836e-06 5.9870128e-06 0)
(-2.2773394e-06 -1.3505913e-06 0)
(-1.1191337e-06 -9.3150447e-06 0)
(1.1184562e-06 -9.3093318e-06 0)
(2.2767387e-06 -1.3524078e-06 0)
(1.6389064e-06 5.9923948e-06 0)
(1.6306425e-07 4.670267e-06 0)
(-1.4008693e-07 5.0621596e-06 0)
(-1.3318786e-06 6.4907909e-06 0)
(-1.9270865e-06 -1.4688546e-06 0)
(-9.0270939e-07 -1.0090587e-05 0)
(9.0132136e-07 -1.0094047e-05 0)
(1.9262423e-06 -1.462964e-06 0)
(1.3312493e-06 6.4905513e-06 0)
(1.4022835e-07 5.0642601e-06 0)
(-9.9703504e-08 5.3805214e-06 0)
(-1.0763874e-06 6.9002437e-06 0)
(-1.5316106e-06 -1.5544525e-06 0)
(-7.547309e-07 -1.0733555e-05 0)
(7.5292381e-07 -1.072901e-05 0)
(1.5301072e-06 -1.5558645e-06 0)
(1.0759904e-06 6.9045535e-06 0)
(9.9472288e-08 5.3807281e-06 0)
(-7.6458692e-08 5.6252032e-06 0)
(-8.1551495e-07 7.2294931e-06 0)
(-1.2060544e-06 -1.6241722e-06 0)
(-5.7489767e-07 -1.1235422e-05 0)
(5.7258629e-07 -1.123807e-05 0)
(1.2045746e-06 -1.6198277e-06 0)
(8.1455355e-07 7.2292261e-06 0)
(7.6594259e-08 5.626748e-06 0)
(-4.9237624e-08 5.808938e-06 0)
(-6.0640299e-07 7.4791533e-06 0)
(-8.9700326e-07 -1.668339e-06 0)
(-4.4391237e-07 -1.1624612e-05 0)
(4.414137e-07 -1.1621442e-05 0)
(8.9499913e-07 -1.6695841e-06 0)
(6.0578401e-07 7.4820181e-06 0)
(4.8999239e-08 5.8089976e-06 0)
(-3.1303312e-08 5.937932e-06 0)
(-4.2399611e-07 7.6667647e-06 0)
(-6.5038346e-07 -1.7014318e-06 0)
(-3.1906984e-07 -1.1905899e-05 0)
(3.162453e-07 -1.1907881e-05 0)
(6.4851412e-07 -1.6988289e-06 0)
(4.2290521e-07 7.6661925e-06 0)
(3.1400795e-08 5.9388235e-06 0)
(-1.6760263e-08 6.0256693e-06 0)
(-2.8226686e-07 7.7978865e-06 0)
(-4.479445e-07 -1.7176509e-06 0)
(-2.2331502e-07 -1.2108113e-05 0)
(2.2040914e-07 -1.2106246e-05 0)
(4.4569216e-07 -1.7190363e-06 0)
(2.8148196e-07 7.7992092e-06 0)
(1.6556603e-08 6.0254659e-06 0)
(-5.5075849e-09 6.0795322e-06 0)
(-1.7635527e-07 7.8889858e-06 0)
(-2.9055324e-07 -1.7282588e-06 0)
(-1.5055229e-07 -1.2240546e-05 0)
(1.4742939e-07 -1.2242125e-05 0)
(2.8841862e-07 -1.7273572e-06 0)
(1.7522458e-07 7.8878434e-06 0)
(5.5518229e-09 6.0797589e-06 0)
(-2.3186396e-10 6.1104537e-06 0)
(-9.60012e-08 7.9458768e-06 0)
(-1.7993082e-07 -1.7294651e-06 0)
(-9.0916037e-08 -1.2326552e-05 0)
(8.774375e-08 -1.2325795e-05 0)
(1.7753966e-07 -1.7313062e-06 0)
(9.5074332e-08 7.9456885e-06 0)
(7.1117638e-11 6.1098847e-06 0)
(5.5770344e-09 6.1241952e-06 0)
(-4.7049531e-08 7.9813043e-06 0)
(-9.5135044e-08 -1.7291594e-06 0)
(-5.6799977e-08 -1.2374443e-05 0)
(5.3503704e-08 -1.2375898e-05 0)
(9.2816748e-08 -1.7298319e-06 0)
(4.5908554e-08 7.9793551e-06 0)
(-5.5850703e-09 6.1237696e-06 0)
(5.4727329e-09 6.128017e-06 0)
(-9.8007505e-09 7.999256e-06 0)
(-4.7540914e-08 -1.7245884e-06 0)
(-2.4679193e-08 -1.2400118e-05 0)
(2.1384708e-08 -1.2400263e-05 0)
(4.510472e-08 -1.7271477e-06 0)
(8.7762037e-09 7.997627e-06 0)
(-5.5976622e-09 6.1269959e-06 0)
(7.9710234e-09 6.1252925e-06 0)
(4.9063135e-09 8.0081158e-06 0)
(-9.8610078e-09 -1.7207322e-06 0)
(-1.4171648e-08 -1.2408825e-05 0)
(1.0890673e-08 -1.2410376e-05 0)
(7.5033048e-09 -1.7228292e-06 0)
(-6.01258e-09 8.0051951e-06 0)
(-8.0176651e-09 6.1242358e-06 0)
(5.4985837e-09 6.120011e-06 0)
(1.791882e-08 8.0098219e-06 0)
(2.3086249e-09 -1.7154967e-06 0)
(1.1641971e-09 -1.2409815e-05 0)
(-4.3254846e-09 -1.2410677e-05 0)
(-4.6172872e-09 -1.7189229e-06 0)
(-1.8944473e-08 8.0068584e-06 0)
(-5.5939669e-09 6.1184924e-06 0)
(6.5440233e-09 6.1135934e-06 0)
(1.6218808e-08 8.0091083e-06 0)
(1.525076e-08 -1.7117276e-06 0)
(-1.6593557e-10 -1.2405429e-05 0)
(-2.797526e-09 -1.2407202e-05 0)
(-1.7411776e-08 -1.7150679e-06 0)
(-1.7199384e-08 8.0051782e-06 0)
(-6.6087116e-09 6.1119549e-06 0)
(3.4891413e-09 6.1077945e-06 0)
(1.8707159e-08 8.0064795e-06 0)
(1.1561094e-08 -1.7078643e-06 0)
(6.9728551e-09 -1.2400274e-05 0)
(-9.6556191e-09 -1.2401692e-05 0)
(-1.3498939e-08 -1.7121521e-06 0)
(-1.9600319e-08 8.0023616e-06 0)
(-3.5548713e-09 6.1058013e-06 0)
(4.227271e-09 6.1028809e-06 0)
(1.1437328e-08 8.0042173e-06 0)
(1.4542983e-08 -1.7053962e-06 0)
(1.0861204e-09 -1.2394803e-05 0)
(-3.3869156e-09 -1.2396822e-05 0)
(-1.6239768e-08 -1.7097359e-06 0)
(-1.2179018e-08 7.9993965e-06 0)
(-4.2894675e-09 6.1007608e-06 0)
(1.3794807e-09 6.0993867e-06 0)
(1.1103452e-08 8.0021108e-06 0)
(5.9897335e-09 -1.7032211e-06 0)
(5.2815631e-09 -1.2390945e-05 0)
(-7.1610771e-09 -1.2392763e-05 0)
(-7.3227586e-09 -1.7082112e-06 0)
(-1.1738842e-08 7.9971154e-06 0)
(-1.4118846e-09 6.0970181e-06 0)
(2.3111523e-09 6.0970906e-06 0)
(3.3884445e-09 8.0010745e-06 0)
(6.6878778e-09 -1.702074e-06 0)
(-1.559907e-09 -1.2388275e-05 0)
(1.8881682e-10 -1.2390485e-05 0)
(-7.7145438e-09 -1.7070999e-06 0)
(-3.8019427e-09 7.9956222e-06 0)
(-2.3560407e-09 6.0946422e-06 0)
(-1.3386457e-10 6.0960089e-06 0)
(3.5004052e-09 8.0006811e-06 0)
(-1.9150887e-09 -1.701217e-06 0)
(2.1993769e-09 -1.2387443e-05 0)
(-3.0810437e-09 -1.2389499e-05 0)
(1.326419e-09 -1.7066365e-06 0)
(-3.8035934e-09 7.9951639e-06 0)
(1.3687319e-10 6.0934215e-06 0)
(1.0991573e-09 6.0958204e-06 0)
(-2.9880999e-09 8.0012153e-06 0)
(-5.1303346e-10 -1.7010157e-06 0)
(-4.2718072e-09 -1.2387788e-05 0)
(3.9332104e-09 -1.2390086e-05 0)
(2.367186e-10 -1.706373e-06 0)
(2.9347049e-09 7.995475e-06 0)
(-1.1202969e-09 6.093228e-06 0)
(-1.005675e-09 6.0964008e-06 0)
(-1.6090205e-09 8.0022786e-06 0)
(-7.7786382e-09 -1.7009908e-06 0)
(-1.0323914e-10 -1.2389481e-05 0)
(2.3216646e-10 -1.2391619e-05 0)
(7.939495e-09 -1.7065172e-06 0)
(1.6437606e-09 7.9966222e-06 0)
(1.0415612e-09 6.0937741e-06 0)
(4.694377e-10 6.0974885e-06 0)
(-6.7857124e-09 8.0039304e-06 0)
(-5.0621614e-09 -1.7013489e-06 0)
(-5.9781816e-09 -1.239192e-05 0)
(6.5955093e-09 -1.2394186e-05 0)
(5.480428e-09 -1.7066894e-06 0)
(7.060808e-09 7.9982573e-06 0)
(-4.6816813e-10 6.0949349e-06 0)
(-1.4190287e-09 6.0989722e-06 0)
(-4.3171605e-09 8.0058738e-06 0)
(-1.1049817e-08 -1.7017743e-06 0)
(-1.3214797e-09 -1.2395161e-05 0)
(2.3096259e-09 -1.2397243e-05 0)
(1.1844387e-08 -1.7071003e-06 0)
(4.6355628e-09 8.0004274e-06 0)
(1.4807182e-09 6.0964718e-06 0)
(2.0461859e-10 6.1006797e-06 0)
(-8.5836807e-09 8.008124e-06 0)
(-7.2910176e-09 -1.702415e-06 0)
(-6.7562395e-09 -1.2398742e-05 0)
(8.1169023e-09 -1.240087e-05 0)
(8.2463788e-09 -1.7074447e-06 0)
(9.1085985e-09 8.0028221e-06 0)
(-1.8742593e-10 6.0983163e-06 0)
(-1.5698034e-09 6.1025509e-06 0)
(-5.4314952e-09 8.0104763e-06 0)
(-1.2442808e-08 -1.7030479e-06 0)
(-1.773653e-09 -1.2402732e-05 0)
(3.3672021e-09 -1.2404652e-05 0)
(1.3680541e-08 -1.7079296e-06 0)
(5.9435166e-09 8.0055093e-06 0)
(1.6477414e-09 6.1003027e-06 0)
(1.2801479e-10 6.1044832e-06 0)
(-9.1923701e-09 8.0129633e-06 0)
(-8.0683825e-09 -1.7038044e-06 0)
(-6.9714513e-09 -1.2406795e-05 0)
(8.797163e-09 -1.2408706e-05 0)
(9.3550669e-09 -1.708314e-06 0)
(9.8674012e-09 8.0082472e-06 0)
(-1.033695e-10 6.1024125e-06 0)
(-1.5953861e-09 6.1064608e-06 0)
(-5.6929728e-09 8.0154408e-06 0)
(-1.2780989e-08 -1.7045089e-06 0)
(-1.8340679e-09 -1.2411038e-05 0)
(3.7484418e-09 -1.2412728e-05 0)
(1.4250108e-08 -1.7087902e-06 0)
(6.2995223e-09 8.0111207e-06 0)
(1.6799818e-09 6.104539e-06 0)
(1.3113767e-10 6.1084224e-06 0)
(-9.2195001e-09 8.0179684e-06 0)
(-8.117434e-09 -1.7052911e-06 0)
(-6.9364678e-09 -1.241521e-05 0)
(8.9496847e-09 -1.2416861e-05 0)
(9.5313211e-09 -1.7091657e-06 0)
(9.9477835e-09 8.0139507e-06 0)
(-1.0695088e-10 6.1066938e-06 0)
(-1.572818e-09 6.1103804e-06 0)
(-5.5806577e-09 8.0204336e-06 0)
(-1.2641051e-08 -1.7059973e-06 0)
(-1.7567003e-09 -1.2419446e-05 0)
(3.7337866e-09 -1.2420876e-05 0)
(1.4151016e-08 -1.7096118e-06 0)
(6.1940475e-09 8.0168269e-06 0)
(1.6562345e-09 6.1088091e-06 0)
(1.5919186e-10 6.1122933e-06 0)
(-9.0185953e-09 8.0229166e-06 0)
(-7.8792091e-09 -1.7067599e-06 0)
(-6.8354459e-09 -1.2423548e-05 0)
(8.8049238e-09 -1.2424927e-05 0)
(9.2515667e-09 -1.7099711e-06 0)
(9.7217671e-09 8.0196176e-06 0)
(-1.4135857e-10 6.1109098e-06 0)
(-1.5379945e-09 6.1141882e-06 0)
(-5.3460681e-09 8.0253182e-06 0)
(-1.2339977e-08 -1.7074349e-06 0)
(-1.6688414e-09 -1.2427663e-05 0)
(3.5103037e-09 -1.2428832e-05 0)
(1.3745699e-08 -1.7103922e-06 0)
(5.9011263e-09 8.0224081e-06 0)
(1.6149581e-09 6.1129514e-06 0)
(1.895003e-10 6.1160315e-06 0)
(-8.7594153e-09 8.0277306e-06 0)
(-7.570777e-09 -1.7081567e-06 0)
(-6.7481311e-09 -1.2431622e-05 0)
(8.5103266e-09 -1.2432745e-05 0)
(8.7835948e-09 -1.7107433e-06 0)
(9.3841765e-09 8.0251e-06 0)
(-1.8145587e-10 6.1149622e-06 0)
(-1.5042816e-09 6.1178565e-06 0)
(-5.0974591e-09 8.0300582e-06 0)
(-1.2018241e-08 -1.7087865e-06 0)
(-1.6134579e-09 -1.2435577e-05 0)
(3.1914259e-09 -1.2436511e-05 0)
(1.3227378e-08 -1.7111514e-06 0)
(5.5543311e-09 8.0277692e-06 0)
(1.5720725e-09 6.1169112e-06 0)
(2.1525992e-10 6.1196315e-06 0)
(-8.5068905e-09 8.0323988e-06 0)
(-7.2751637e-09 -1.7094591e-06 0)
(-6.6928409e-09 -1.2439375e-05 0)
(8.1536015e-09 -1.2440275e-05 0)
(8.2618756e-09 -1.7115043e-06 0)
(9.0245865e-09 8.0303408e-06 0)
(-2.1822441e-10 6.1188249e-06 0)
(-1.4747581e-09 6.1213918e-06 0)
(-4.8688963e-09 8.0346569e-06 0)
(-1.1720322e-08 -1.7100397e-06 0)
(-1.5905386e-09 -1.2443164e-05 0)
(2.8423429e-09 -1.2443902e-05 0)
(1.2688807e-08 -1.7119097e-06 0)
(5.2103081e-09 8.0328797e-06 0)
(1.5327174e-09 6.1206807e-06 0)
(2.3611526e-10 6.1231056e-06 0)
(-8.2760396e-09 8.0369314e-06 0)
(-7.0096167e-09 -1.7106615e-06 0)
(-6.6602888e-09 -1.2446804e-05 0)
(7.7845161e-09 -1.2447522e-05 0)
(7.7469911e-09 -1.7122712e-06 0)
(8.6782196e-09 8.0353282e-06 0)
(-2.4966749e-10 6.1225014e-06 0)
(-1.4487502e-09 6.1248078e-06 0)
(-4.6625921e-09 8.0391266e-06 0)
(-1.1447984e-08 -1.7111937e-06 0)
(-1.5843176e-09 -1.2450434e-05 0)
(2.4988491e-09 -1.2451018e-05 0)
(1.2169512e-08 -1.7126796e-06 0)
(4.8884532e-09 8.0377398e-06 0)
(1.497617e-09 6.1242699e-06 0)
(2.5360263e-10 6.1264662e-06 0)
(-8.0627294e-09 8.04134e-06 0)
(-6.7658462e-09 -1.7117667e-06 0)
(-6.6336121e-09 -1.2453924e-05 0)
(7.4297807e-09 -1.2454506e-05 0)
(7.262256e-09 -1.7130524e-06 0)
(8.3552391e-09 8.0400701e-06 0)
(-2.7631559e-10 6.1260047e-06 0)
(-1.424762e-09 6.128115e-06 0)
(-4.4705864e-09 8.0434762e-06 0)
(-1.1189087e-08 -1.7122543e-06 0)
(-1.5775291e-09 -1.2457405e-05 0)
(2.1791515e-09 -1.2457878e-05 0)
(1.1683002e-08 -1.7134655e-06 0)
(4.5920691e-09 8.0423621e-06 0)
(1.4660479e-09 6.1276929e-06 0)
(2.6932907e-10 6.1297214e-06 0)
(-7.8582717e-09 8.0456306e-06 0)
(-6.5298612e-09 -1.7127824e-06 0)
(-6.5978548e-09 -1.2460754e-05 0)
(7.1022248e-09 -1.2461241e-05 0)
(6.8135143e-09 -1.7138488e-06 0)
(8.0555608e-09 8.0445819e-06 0)
(-2.9931294e-10 6.1293489e-06 0)
(-1.4015319e-09 6.1313186e-06 0)
(-4.2841111e-09 8.0477088e-06 0)
(-1.0930642e-08 -1.7132301e-06 0)
(-1.5571806e-09 -1.2464093e-05 0)
(1.8909223e-09 -1.2464497e-05 0)
(1.1230935e-08 -1.7142653e-06 0)
(4.3184536e-09 8.0467628e-06 0)
(1.4370337e-09 6.130963e-06 0)
(2.8444216e-10 6.132874e-06 0)
(-7.6551372e-09 8.0498033e-06 0)
(-6.2899552e-09 -1.7137183e-06 0)
(-6.5431538e-09 -1.2467309e-05 0)
(6.806358e-09 -1.2467739e-05 0)
(6.3990184e-09 -1.7146561e-06 0)
(7.7756339e-09 8.04888e-06 0)
(-3.1973697e-10 6.1325461e-06 0)
(-1.3782652e-09 6.1344197e-06 0)
(-4.0967222e-09 8.0518219e-06 0)
(-1.0663357e-08 -1.7141312e-06 0)
(-1.5157809e-09 -1.2470515e-05 0)
(1.6355742e-09 -1.2470881e-05 0)
(1.0810049e-08 -1.7150728e-06 0)
(4.0632742e-09 8.0509578e-06 0)
(1.4097387e-09 6.1340913e-06 0)
(2.9960775e-10 6.1359237e-06 0)
(-7.4484689e-09 8.0538538e-06 0)
(-6.0388291e-09 -1.7145844e-06 0)
(-6.464809e-09 -1.2473602e-05 0)
(6.5418286e-09 -1.2474005e-05 0)
(6.0141369e-09 -1.7154671e-06 0)
(7.5112729e-09 8.0529796e-06 0)
(-3.3842596e-10 6.135606e-06 0)
(-1.3545718e-09 6.1374167e-06 0)
(-3.9047242e-09 8.0558097e-06 0)
(-1.0382299e-08 -1.7149675e-06 0)
(-1.4505766e-09 -1.2476678e-05 0)
(1.410964e-09 -1.2477034e-05 0)
(1.0415429e-08 -1.71588e-06 0)
(3.8222902e-09 8.0549614e-06 0)
(1.3835467e-09 6.137086e-06 0)
(3.151342e-10 6.1388678e-06 0)
(-7.2359189e-09 8.0577755e-06 0)
(-5.7732708e-09 -1.7153904e-06 0)
(-6.3621476e-09 -1.2479642e-05 0)
(6.3056489e-09 -1.248004e-05 0)
(5.6535494e-09 -1.7162732e-06 0)
(7.2587213e-09 8.0568936e-06 0)
(-3.5598189e-10 6.1385359e-06 0)
(-1.3303375e-09 6.1403066e-06 0)
(-3.7066501e-09 8.059665e-06 0)
(-1.0086085e-08 -1.7157483e-06 0)
(-1.362189e-09 -1.2482591e-05 0)
(1.2131548e-09 -1.2482955e-05 0)
(1.0042038e-08 -1.7166787e-06 0)
(3.5919395e-09 8.0587853e-06 0)
(1.3580398e-09 6.1399535e-06 0)
(3.3110415e-10 6.1417033e-06 0)
(-7.0169965e-09 8.0615609e-06 0)
(-5.4930836e-09 -1.716145e-06 0)
(-6.2371582e-09 -1.2485433e-05 0)
(6.0936452e-09 -1.2485843e-05 0)
(5.3122539e-09 -1.7170666e-06 0)
(7.0149754e-09 8.0606326e-06 0)
(-3.7281676e-10 6.1413411e-06 0)
(-1.3056122e-09 6.1430862e-06 0)
(-3.5025621e-09 8.0633806e-06 0)
(-9.7757619e-09 -1.7164814e-06 0)
(-1.2532978e-09 -1.2488258e-05 0)
(1.037565e-09 -1.2488643e-05 0)
(9.6854007e-09 -1.717461e-06 0)
(3.369472e-09 8.0624388e-06 0)
(1.3329551e-09 6.1426984e-06 0)
(3.4747359e-10 6.1444268e-06 0)
(-6.7924072e-09 8.0652033e-06 0)
(-5.1999917e-09 -1.7168555e-06 0)
(-6.0933122e-09 -1.2490981e-05 0)
(5.9013829e-09 -1.2491412e-05 0)
(4.9860042e-09 -1.7178399e-06 0)
(6.7778204e-09 8.0642051e-06 0)
(-3.8919957e-10 6.1440256e-06 0)
(-1.2805303e-09 6.1457526e-06 0)
(-3.2934491e-09 8.06695e-06 0)
(-9.4538144e-09 -1.7171735e-06 0)
(-1.1276069e-09 -1.2493683e-05 0)
(8.796836e-10 -1.2494097e-05 0)
(9.3418782e-09 -1.7182204e-06 0)
(3.1529118e-09 8.0659293e-06 0)
(1.3081452e-09 6.1453241e-06 0)
(3.6413646e-10 6.147036e-06 0)
(-6.5635329e-09 8.0686968e-06 0)
(-4.8967682e-09 -1.7175278e-06 0)
(-5.9346941e-09 -1.2496287e-05 0)
(5.7247168e-09 -1.2496746e-05 0)
(4.6714583e-09 -1.7185873e-06 0)
(6.5457558e-09 8.0676175e-06 0)
(-4.0529386e-10 6.1465923e-06 0)
(-1.2552612e-09 6.1483035e-06 0)
(-3.0807871e-09 8.0703682e-06 0)
(-9.1234252e-09 -1.7178298e-06 0)
(-9.8912688e-10 -1.2498868e-05 0)
(7.354754e-10 -1.2499314e-05 0)
(9.0087323e-09 -1.7189515e-06 0)
(2.9409563e-09 8.0692627e-06 0)
(1.2835466e-09 6.1478332e-06 0)
(3.8096285e-10 6.1495289e-06 0)
(-6.3320689e-09 8.0720372e-06 0)
(-4.5866207e-09 -1.7181665e-06 0)
(-5.7654282e-09 -1.2501355e-05 0)
(5.5600794e-09 -1.2501842e-05 0)
(4.3661705e-09 -1.7193042e-06 0)
(6.3178834e-09 8.0708751e-06 0)
(-4.2118639e-10 6.1490436e-06 0)
(-1.2299813e-09 6.1507376e-06 0)
(-2.8662439e-09 8.0736319e-06 0)
(-8.7879784e-09 -1.7184543e-06 0)
(-8.4172872e-10 -1.2503817e-05 0)
(6.0156906e-10 -1.2504294e-05 0)
(8.6840685e-09 -1.7196506e-06 0)
(2.7328564e-09 8.0724436e-06 0)
(1.259155e-09 6.1502278e-06 0)
(3.9782017e-10 6.1519047e-06 0)
(-6.0997896e-09 8.0752219e-06 0)
(-4.2727969e-09 -1.7187751e-06 0)
(-5.5893421e-09 -1.2506187e-05 0)
(5.4045881e-09 -1.2506703e-05 0)
(4.0685e-09 -1.7199873e-06 0)
(6.0937861e-09 8.073982e-06 0)
(-4.3690922e-10 6.1513813e-06 0)
(-1.2048587e-09 6.1530545e-06 0)
(-2.6514952e-09 8.0767392e-06 0)
(-8.4507524e-09 -1.7190502e-06 0)
(-6.8889854e-10 -1.250853e-05 0)
(4.7530067e-10 -1.2509037e-05 0)
(8.3667197e-09 -1.7203148e-06 0)
(2.5282945e-09 8.0754758e-06 0)
(1.2350061e-09 6.1525096e-06 0)
(4.1458405e-10 6.1541635e-06 0)
(-5.8684063e-09 8.0782499e-06 0)
(-3.9583507e-09 -1.7193562e-06 0)
(-5.4097974e-09 -1.2510786e-05 0)
(5.2560401e-09 -1.2511327e-05 0)
(3.7774778e-09 -1.7206345e-06 0)
(5.873409e-09 8.0769418e-06 0)
(-4.5245701e-10 6.1536073e-06 0)
(-1.1800458e-09 6.1552547e-06 0)
(-2.4381164e-09 8.0796898e-06 0)
(-8.1147476e-09 -1.7196195e-06 0)
(-5.3362983e-10 -1.2513013e-05 0)
(3.5467081e-10 -1.2513545e-05 0)
(8.0561052e-09 -1.7209426e-06 0)
(2.3272714e-09 8.0783627e-06 0)
(1.2111609e-09 6.1546807e-06 0)
(4.3114318e-10 6.156306e-06 0)
(-5.6394871e-09 8.0811217e-06 0)
(-3.6460191e-09 -1.7199117e-06 0)
(-5.2296306e-09 -1.2515156e-05 0)
(5.1128425e-09 -1.2515717e-05 0)
(3.4926616e-09 -1.7212447e-06 0)
(5.6569533e-09 8.0797577e-06 0)
(-4.6780029e-10 6.1557235e-06 0)
(-1.1556763e-09 6.1573393e-06 0)
(-2.2275245e-09 8.0824847e-06 0)
(-7.7826019e-09 -1.7201638e-06 0)
(-3.7840116e-10 -1.2517268e-05 0)
(2.3825651e-10 -1.2517821e-05 0)
(7.7520859e-09 -1.7215334e-06 0)
(2.1300064e-09 8.0811074e-06 0)
(1.1876934e-09 6.1567429e-06 0)
(4.4740127e-10 6.1583338e-06 0)
(-5.4144162e-09 8.0838388e-06 0)
(-3.3381683e-09 -1.7204429e-06 0)
(-5.0511583e-09 -1.2519301e-05 0)
(4.9739135e-09 -1.2519877e-05 0)
(3.2139953e-09 -1.7218177e-06 0)
(5.4447845e-09 8.0824329e-06 0)
(-4.8289586e-10 6.1577318e-06 0)
(-1.1318648e-09 6.1593104e-06 0)
(-2.0209515e-09 8.0851263e-06 0)
(-7.4565613e-09 -1.7206843e-06 0)
(-2.2520193e-10 -1.2521301e-05 0)
(1.2510619e-10 -1.2521868e-05 0)
(7.4548316e-09 -1.7220871e-06 0)
(1.9368532e-09 8.0837129e-06 0)
(1.1646826e-09 6.1586983e-06 0)
(4.6327719e-10 6.1602493e-06 0)
(-5.1943783e-09 8.086404e-06 0)
(-3.0367832e-09 -1.7209506e-06 0)
(-4.8762181e-09 -1.2523224e-05 0)
(4.8385763e-09 -1.2523811e-05 0)
(2.9416845e-09 -1.7223537e-06 0)
(5.2373568e-09 8.0849705e-06 0)
(-4.976946e-10 6.1596346e-06 0)
(-1.1087064e-09 6.1611704e-06 0)
(-1.8194358e-09 8.0876177e-06 0)
(-7.1384836e-09 -1.7211817e-06 0)
(-7.5582132e-11 -1.2525115e-05 0)
(1.4635689e-11 -1.2525692e-05 0)
(7.1647073e-09 -1.7226043e-06 0)
(1.7482326e-09 8.0861826e-06 0)
(1.1422056e-09 6.1605494e-06 0)
(4.787045e-10 6.1620552e-06 0)
(-4.9803571e-09 8.088821e-06 0)
(-2.74348e-09 -1.7214357e-06 0)
(-4.7062244e-09 -1.2526933e-05 0)
(4.70646e-09 -1.2527524e-05 0)
(2.6760928e-09 -1.7228537e-06 0)
(5.0351545e-09 8.0873738e-06 0)
(-5.1214688e-10 6.1614343e-06 0)
(-1.0862784e-09 6.1629225e-06 0)
(-1.6238261e-09 8.089963e-06 0)
(-6.8298592e-09 -1.7216566e-06 0)
(6.9289869e-11 -1.2528717e-05 0)
(-9.3465692e-11 -1.2529298e-05 0)
(6.8821801e-09 -1.7230862e-06 0)
(1.5645811e-09 8.0885198e-06 0)
(1.1203334e-09 6.1622986e-06 0)
(4.9363047e-10 6.1637548e-06 0)
(-4.7731428e-09 8.0910941e-06 0)
(-2.4595322e-09 -1.7218984e-06 0)
(-4.5422271e-09 -1.2530432e-05 0)
(4.5774134e-09 -1.2531023e-05 0)
(2.4176596e-09 -1.7233187e-06 0)
(4.8386485e-09 8.0896462e-06 0)
(-5.2620656e-10 6.1631336e-06 0)
(-1.064641e-09 6.16457e-06 0)
(-1.4347909e-09 8.0921668e-06 0)
(-6.5318406e-09 -1.7221093e-06 0)
(2.085692e-10 -1.2532112e-05 0)
(-1.9931442e-10 -1.2532693e-05 0)
(6.6077487e-09 -1.7235339e-06 0)
(1.3863132e-09 8.090728e-06 0)
(1.0991278e-09 6.1639489e-06 0)
(5.0801513e-10 6.1653517e-06 0)
(-4.5733442e-09 8.0932283e-06 0)
(-2.1859024e-09 -1.7223393e-06 0)
(-4.3849692e-09 -1.2533728e-05 0)
(4.4514342e-09 -1.2534314e-05 0)
(2.1668375e-09 -1.7237504e-06 0)
(4.648265e-09 8.0917915e-06 0)
(-5.3983327e-10 6.1647356e-06 0)
(-1.0438389e-09 6.1661167e-06 0)
(-1.2528317e-09 8.0942343e-06 0)
(-6.2452769e-09 -1.7225403e-06 0)
(3.4168091e-10 -1.2535309e-05 0)
(-3.0289674e-10 -1.2535883e-05 0)
(6.3418904e-09 -1.7239491e-06 0)
(1.2137958e-09 8.0928111e-06 0)
(1.0786403e-09 6.1655034e-06 0)
(5.2183006e-10 6.1668497e-06 0)
(-4.3814038e-09 8.0952289e-06 0)
(-1.9232757e-09 -1.7227587e-06 0)
(-4.2349378e-09 -1.2536827e-05 0)
(4.328613e-09 -1.2537405e-05 0)
(1.9240485e-09 -1.7241503e-06 0)
(4.464366e-09 8.0938137e-06 0)
(-5.52994e-10 6.1662433e-06 0)
(-1.0239027e-09 6.1675665e-06 0)
(-1.0782987e-09 8.0961709e-06 0)
(-5.9707477e-09 -1.7229499e-06 0)
(4.6827239e-10 -1.2538312e-05 0)
(-4.0411873e-10 -1.2538878e-05 0)
(6.0850261e-09 -1.7243335e-06 0)
(1.0473321e-09 8.0947731e-06 0)
(1.0589111e-09 6.1669653e-06 0)
(5.3505731e-10 6.168253e-06 0)
(-4.1976141e-09 8.0971015e-06 0)
(-1.6720933e-09 -1.7231568e-06 0)
(-4.0924099e-09 -1.2539739e-05 0)
(4.2090908e-09 -1.2540304e-05 0)
(1.6896536e-09 -1.7245202e-06 0)
(4.2872376e-09 8.0957167e-06 0)
(-5.6566349e-10 6.1676602e-06 0)
(-1.0048501e-09 6.1689237e-06 0)
(-9.1140601e-10 8.0979823e-06 0)
(-5.7085973e-09 -1.7233385e-06 0)
(5.8817177e-10 -1.2541131e-05 0)
(-5.02844e-10 -1.2541684e-05 0)
(5.8374966e-09 -1.7246888e-06 0)
(8.8715288e-10 8.0966182e-06 0)
(1.0399691e-09 6.168338e-06 0)
(5.4768825e-10 6.1695656e-06 0)
(-4.0221345e-09 8.0988519e-06 0)
(-1.432585e-09 -1.7235341e-06 0)
(-3.9574916e-09 -1.2542468e-05 0)
(4.0930271e-09 -1.2543018e-05 0)
(1.4639346e-09 -1.7248618e-06 0)
(4.1170848e-09 8.0975049e-06 0)
(-5.7782447e-10 6.1689896e-06 0)
(-9.8668758e-10 6.1701923e-06 0)
(-7.5224856e-10 8.0996744e-06 0)
(-5.4589667e-09 -1.7237063e-06 0)
(7.0135256e-10 -1.2543772e-05 0)
(-5.9892126e-10 -1.254431e-05 0)
(5.5995503e-09 -1.7250169e-06 0)
(7.3341327e-10 8.0983507e-06 0)
(1.0218327e-09 6.169625e-06 0)
(5.5972251e-10 6.1707918e-06 0)
(-3.8550079e-09 8.1004858e-06 0)
(-1.2047994e-09 -1.723891e-06 0)
(-3.830152e-09 -1.2545024e-05 0)
(3.9805781e-09 -1.2545556e-05 0)
(1.2470847e-09 -1.7251769e-06 0)
(3.954032e-09 8.0991827e-06 0)
(-5.8946731e-10 6.1702352e-06 0)
(-9.6941174e-10 6.1713766e-06 0)
(-6.0081743e-10 8.1012529e-06 0)
(-5.2218245e-09 -1.7240539e-06 0)
(8.0790334e-10 -1.2546244e-05 0)
(-6.9220422e-10 -1.2546763e-05 0)
(5.3713382e-09 -1.7253194e-06 0)
(5.8619401e-10 8.099975e-06 0)
(1.0045103e-09 6.17083e-06 0)
(5.7116681e-10 6.1719357e-06 0)
(-3.6961768e-09 8.1020092e-06 0)
(-9.8863232e-10 -1.7242279e-06 0)
(-3.710252e-09 -1.2547414e-05 0)
(3.8718809e-09 -1.2547927e-05 0)
(1.0392055e-09 -1.7254674e-06 0)
(3.7981254e-09 8.1007546e-06 0)
(-6.005894e-10 6.1714004e-06 0)
(-9.5301066e-10 6.1724808e-06 0)
(-4.5701523e-10 8.1027238e-06 0)
(-4.9969943e-09 -1.7243816e-06 0)
(9.0800218e-10 -1.2548553e-05 0)
(-7.8256474e-10 -1.2549053e-05 0)
(5.1529142e-09 -1.725598e-06 0)
(4.4550507e-10 8.1014957e-06 0)
(9.8800116e-10 6.1719564e-06 0)
(5.8203394e-10 6.1730016e-06 0)
(-3.5454989e-09 8.1034277e-06 0)
(-7.8385294e-10 -1.7245452e-06 0)
(-3.5975686e-09 -1.2549646e-05 0)
(3.7670441e-09 -1.2550138e-05 0)
(8.4030881e-10 -1.7257348e-06 0)
(3.6493392e-09 8.1022249e-06 0)
(-6.1119454e-10 6.172489e-06 0)
(-9.3746529e-10 6.173509e-06 0)
(-3.2067025e-10 8.1040926e-06 0)
(-4.7841806e-09 -1.72469e-06 0)
(1.001895e-09 -1.2550708e-05 0)
(-8.6990152e-10 -1.2551187e-05 0)
(4.9442399e-09 -1.7258546e-06 0)
(3.1129118e-10 8.1029171e-06 0)
(9.7229695e-10 6.173008e-06 0)
(5.9234181e-10 6.1739935e-06 0)
(-3.4027611e-09 8.104747e-06 0)
(-5.9012692e-10 -1.7248435e-06 0)
(-3.4918161e-09 -1.2551727e-05 0)
(3.6661415e-09 -1.2552196e-05 0)
(6.5032176e-10 -1.7259808e-06 0)
(3.5075819e-09 8.1035983e-06 0)
(-6.2129218e-10 6.1735045e-06 0)
(-9.2275055e-10 6.1744651e-06 0)
(-1.9154961e-10 8.1053648e-06 0)
(-4.5829917e-09 -1.7249796e-06 0)
(1.0898777e-09 -1.2552716e-05 0)
(-9.5414506e-10 -1.2553174e-05 0)
(4.7451913e-09 -1.7260905e-06 0)
(1.8343876e-10 8.1042438e-06 0)
(9.5738227e-10 6.1739881e-06 0)
(6.0211253e-10 6.1749152e-06 0)
(-3.2676931e-09 8.1059725e-06 0)
(-4.0703772e-10 -1.7251233e-06 0)
(-3.3926629e-09 -1.2553664e-05 0)
(3.5692101e-09 -1.2554111e-05 0)
(4.6909381e-10 -1.726207e-06 0)
(3.3727045e-09 8.1048791e-06 0)
(-6.3089664e-10 6.1744503e-06 0)
(-9.0883665e-10 6.1753531e-06 0)
(-6.9371338e-11 8.1065459e-06 0)
(-4.3929606e-09 -1.7252509e-06 0)
(1.1722806e-09 -1.2554584e-05 0)
(-1.0352597e-09 -1.255502e-05 0)
(4.5555677e-09 -1.7263074e-06 0)
(6.1782946e-11 8.1054801e-06 0)
(9.4323606e-10 6.1749004e-06 0)
(6.1137155e-10 6.1757707e-06 0)
(-3.1399791e-09 8.1071094e-06 0)
(-2.3410503e-10 -1.7253851e-06 0)
(-3.2997464e-09 -1.2555466e-05 0)
(3.4762497e-09 -1.255589e-05 0)
(2.964053e-10 -1.7264147e-06 0)
(3.2445078e-09 8.1060717e-06 0)
(-6.4002629e-10 6.17533e-06 0)
(-8.9569e-10 6.1761766e-06 0)
(4.6184936e-11 8.1076409e-06 0)
(-4.2135624e-09 -1.7255046e-06 0)
(1.2494568e-09 -1.2556319e-05 0)
(-1.1132439e-09 -1.2556733e-05 0)
(4.375101e-09 -1.7265065e-06 0)
(-5.3884828e-11 8.1066303e-06 0)
(9.2983246e-10 6.1757481e-06 0)
(6.201469e-10 6.1765635e-06 0)
(-3.0192682e-09 8.1081626e-06 0)
(-7.0801157e-11 -1.7256296e-06 0)
(-3.2126845e-09 -1.2557137e-05 0)
(3.387224e-09 -1.2557539e-05 0)
(1.319763e-10 -1.7266053e-06 0)
(3.122751e-09 8.1071802e-06 0)
(-6.4870292e-10 6.1761467e-06 0)
(-8.8327416e-10 6.1769392e-06 0)
(1.5546838e-10 8.1086545e-06 0)
(-4.0442309e-09 -1.7257412e-06 0)
(1.3217718e-09 -1.2557928e-05 0)
(-1.1881289e-09 -1.255832e-05 0)
(4.2034658e-09 -1.7266891e-06 0)
(-1.6380963e-10 8.1076986e-06 0)
(9.1714175e-10 6.1765344e-06 0)
(6.2846859e-10 6.177297e-06 0)
(-2.9051841e-09 8.1091368e-06 0)
(8.3434863e-11 -1.7258574e-06 0)
(-3.1310852e-09 -1.2558687e-05 0)
(3.3020633e-09 -1.2559067e-05 0)
(-2.4523948e-11 -1.72678e-06 0)
(3.0071589e-09 8.1082087e-06 0)
(-6.5695101e-10 6.1769036e-06 0)
(-8.7155068e-10 6.1776442e-06 0)
(2.5884875e-10 8.1095913e-06 0)
(-3.8843711e-09 -1.7259613e-06 0)
(1.3895954e-09 -1.2559418e-05 0)
(-1.2599765e-09 -1.2559789e-05 0)
(4.0402885e-09 -1.7268564e-06 0)
(-2.6826618e-10 8.1086888e-06 0)
(9.051313e-10 6.1772626e-06 0)
(6.3636798e-10 6.1779745e-06 0)
(-2.7973331e-09 8.1100364e-06 0)
(2.2918589e-10 -1.7260691e-06 0)
(-3.0545546e-09 -1.2560119e-05 0)
(3.2206677e-09 -1.2560478e-05 0)
(-1.7346834e-10 -1.72694e-06 0)
(2.8974287e-09 8.1091612e-06 0)
(-6.6479712e-10 6.1776038e-06 0)
(-8.6047976e-10 6.1782946e-06 0)
(3.5670909e-10 8.1104557e-06 0)
(-3.7333718e-09 -1.7261656e-06 0)
(1.4532957e-09 -1.2560795e-05 0)
(-1.3288759e-09 -1.2561145e-05 0)
(3.885157e-09 -1.7270095e-06 0)
(-3.6755237e-10 8.1096048e-06 0)
(8.9376618e-10 6.1779354e-06 0)
(6.4387727e-10 6.1785989e-06 0)
(-2.6953111e-09 8.1108656e-06 0)
(3.6704548e-10 -1.7262652e-06 0)
(-2.9827028e-09 -1.2561442e-05 0)
(3.1429106e-09 -1.2561779e-05 0)
(-3.1526327e-10 -1.7270862e-06 0)
(2.793237e-09 8.1100413e-06 0)
(-6.7226942e-10 6.1782501e-06 0)
(-8.5002094e-10 6.1788934e-06 0)
(4.4943974e-10 8.1112514e-06 0)
(-3.5906141e-09 -1.7263546e-06 0)
(1.5132339e-09 -1.2562064e-05 0)
(-1.3949408e-09 -1.2562394e-05 0)
(3.7376295e-09 -1.7271493e-06 0)
(-4.619834e-10 8.1104503e-06 0)
(8.8300996e-10 6.1785557e-06 0)
(6.5102908e-10 6.1791732e-06 0)
(-2.5987092e-09 8.1116281e-06 0)
(4.9761104e-10 -1.7264463e-06 0)
(-2.915148e-09 -1.2562659e-05 0)
(3.0686429e-09 -1.2562977e-05 0)
(-4.5034067e-10 -1.7272196e-06 0)
(2.6942457e-09 8.1108525e-06 0)
(-6.7939707e-10 6.1788452e-06 0)
(-8.4013357e-10 6.1794434e-06 0)
(5.3743314e-10 8.1119823e-06 0)
(-3.45548e-09 -1.726529e-06 0)
(1.5697612e-09 -1.256323e-05 0)
(-1.4583054e-09 -1.2563541e-05 0)
(3.5972418e-09 -1.7272768e-06 0)
(-5.5188645e-10 8.1112285e-06 0)
(8.7282527e-10 6.179126e-06 0)
(6.5785612e-10 6.1796998e-06 0)
(-2.5071191e-09 8.1123274e-06 0)
(6.2147542e-10 -1.7266132e-06 0)
(-2.8515208e-09 -1.2563777e-05 0)
(2.9976967e-09 -1.2564076e-05 0)
(-5.7915069e-10 -1.727341e-06 0)
(2.6001069e-09 8.111598e-06 0)
(-6.8620995e-10 6.1793915e-06 0)
(-8.3077718e-10 6.179947e-06 0)
(6.2107951e-10 8.1126517e-06 0)
(-3.3273587e-09 -1.7266893e-06 0)
(1.6232155e-09 -1.25643e-05 0)
(-1.5191212e-09 -1.2564593e-05 0)
(3.4635156e-09 -1.7273926e-06 0)
(-6.3759595e-10 8.1119426e-06 0)
(8.6317433e-10 6.1796488e-06 0)
(6.6439084e-10 6.1801812e-06 0)
(-2.4201368e-09 8.1129668e-06 0)
(7.3922239e-10 -1.7267662e-06 0)
(-2.7914664e-09 -1.25648e-05 0)
(2.929889e-09 -1.2565081e-05 0)
(-7.0215501e-10 -1.7274511e-06 0)
(2.5104678e-09 8.112281e-06 0)
(-6.9273814e-10 6.1798915e-06 0)
(-8.2191201e-10 6.1804065e-06 0)
(7.0076324e-10 8.1132627e-06 0)
(-3.2056519e-09 -1.7268359e-06 0)
(1.6739202e-09 -1.2565277e-05 0)
(-1.5775531e-09 -1.2565552e-05 0)
(3.3359644e-09 -1.7274976e-06 0)
(-7.1944937e-10 8.1125956e-06 0)
(8.5401938e-10 6.1801263e-06 0)
(6.7066517e-10 6.1806195e-06 0)
(-2.3373664e-09 8.1135493e-06 0)
(8.514216e-10 -1.7269059e-06 0)
(-2.7346458e-09 -1.2565732e-05 0)
(2.865026e-09 -1.2565996e-05 0)
(-8.1982087e-10 -1.7275507e-06 0)
(2.4249751e-09 8.1129043e-06 0)
(-6.9901173e-10 6.1803472e-06 0)
(-8.134992e-10 6.1808239e-06 0)
(7.7686003e-10 8.113818e-06 0)
(-3.089778e-09 -1.7269696e-06 0)
(1.7221827e-09 -1.2566165e-05 0)
(-1.6337765e-09 -1.2566425e-05 0)
(3.2140997e-09 -1.7275922e-06 0)
(-7.9778353e-10 8.1131902e-06 0)
(8.4532309e-10 6.1805606e-06 0)
(6.7671033e-10 6.1810168e-06 0)
(-2.2584227e-09 8.1140775e-06 0)
(9.5862499e-10 -1.7270328e-06 0)
(-2.6807376e-09 -1.2566578e-05 0)
(2.8029059e-09 -1.2566827e-05 0)
(-9.3261562e-10 -1.7276403e-06 0)
(2.3432783e-09 8.1134704e-06 0)
(-7.0506045e-10 6.1807606e-06 0)
(-8.0550104e-10 6.1812012e-06 0)
(8.4973435e-10 8.1143204e-06 0)
(-2.9791759e-09 -1.7270907e-06 0)
(1.7682936e-09 -1.2566969e-05 0)
(-1.6879736e-09 -1.2567214e-05 0)
(3.0974362e-09 -1.7276771e-06 0)
(-8.7293127e-10 8.1137288e-06 0)
(8.370488e-10 6.1809534e-06 0)
(6.8255669e-10 6.1813749e-06 0)
(-2.1829335e-09 8.1145538e-06 0)
(1.061364e-09 -1.7271474e-06 0)
(-2.6294385e-09 -1.2567341e-05 0)
(2.7433231e-09 -1.2567575e-05 0)
(-1.041002e-09 -1.7277204e-06 0)
(2.2650331e-09 8.1139818e-06 0)
(-7.1091351e-10 6.1811335e-06 0)
(-7.9788123e-10 6.1815402e-06 0)
(9.1973751e-10 8.1147719e-06 0)
(-2.873307e-09 -1.7271997e-06 0)
(1.8125267e-09 -1.2567692e-05 0)
(-1.7403303e-09 -1.2567923e-05 0)
(2.9854967e-09 -1.7277528e-06 0)
(-9.4521858e-10 8.1142138e-06 0)
(8.2916099e-10 6.1813066e-06 0)
(6.8823345e-10 6.1816953e-06 0)
(-2.1105415e-09 8.1149804e-06 0)
(1.1601469e-09 -1.7272501e-06 0)
(-2.5804636e-09 -1.2568025e-05 0)
(2.6860705e-09 -1.2568246e-05 0)
(-1.1454333e-09 -1.7277914e-06 0)
(2.1899043e-09 8.1144405e-06 0)
(-7.1659934e-10 6.1814675e-06 0)
(-7.9060504e-10 6.1818421e-06 0)
(9.8720579e-10 8.1151747e-06 0)
(-2.7716584e-09 -1.7272969e-06 0)
(1.8551383e-09 -1.2568337e-05 0)
(-1.7910337e-09 -1.2568556e-05 0)
(2.8778162e-09 -1.7278196e-06 0)
(-1.0149619e-09 8.1146471e-06 0)
(8.2162527e-10 6.1816216e-06 0)
(6.937687e-10 6.1819794e-06 0)
(-2.0409063e-09 8.1153592e-06 0)
(1.2554572e-09 -1.7273414e-06 0)
(-2.5335463e-09 -1.2568632e-05 0)
(2.630943e-09 -1.2568841e-05 0)
(-1.24635e-09 -1.7278538e-06 0)
(2.117568e-09 8.1148485e-06 0)
(-7.221454e-10 6.181764e-06 0)
(-7.8363949e-10 6.1821085e-06 0)
(1.052459e-09 8.1155306e-06 0)
(-2.6737443e-09 -1.7273829e-06 0)
(1.8963679e-09 -1.2568907e-05 0)
(-1.8402688e-09 -1.2569115e-05 0)
(2.7739462e-09 -1.7278779e-06 0)
(-1.0824659e-09 8.1150307e-06 0)
(8.1440884e-10 6.1818998e-06 0)
(6.9918909e-10 6.1822286e-06 0)
(-1.9737056e-09 8.1156919e-06 0)
(1.3477512e-09 -1.7274214e-06 0)
(-2.4884385e-09 -1.2569166e-05 0)
(2.5777401e-09 -1.2569364e-05 0)
(-1.3441752e-09 -1.7279079e-06 0)
(2.0477148e-09 8.1152075e-06 0)
(-7.2757798e-10 6.1820243e-06 0)
(-7.7695347e-10 6.1823405e-06 0)
(1.1157989e-09 8.1158411e-06 0)
(-2.5791075e-09 -1.7274579e-06 0)
(1.9364381e-09 -1.2569404e-05 0)
(-1.8882161e-09 -1.2569602e-05 0)
(2.6734583e-09 -1.7279281e-06 0)
(-1.1480208e-09 8.115366e-06 0)
(8.0748059e-10 6.1821423e-06 0)
(7.0451983e-10 6.1824439e-06 0)
(-1.9086367e-09 8.1159799e-06 0)
(1.4374572e-09 -1.7274907e-06 0)
(-2.4449106e-09 -1.2569628e-05 0)
(2.5262689e-09 -1.2569816e-05 0)
(-1.4393115e-09 -1.7279539e-06 0)
(1.9800511e-09 8.1155191e-06 0)
(-7.3292206e-10 6.1822495e-06 0)
(-7.7051787e-10 6.1825392e-06 0)
(1.1775082e-09 8.1161076e-06 0)
(-2.4873216e-09 -1.7275222e-06 0)
(1.9755544e-09 -1.2569831e-05 0)
(-1.9350487e-09 -1.2570019e-05 0)
(2.575948e-09 -1.7279703e-06 0)
(-1.2119007e-09 8.1156545e-06 0)
(8.0081124e-10 6.1823503e-06 0)
(7.097845e-10 6.1826263e-06 0)
(-1.8454176e-09 8.1162245e-06 0)
(1.5249731e-09 -1.7275494e-06 0)
(-2.402751e-09 -1.257002e-05 0)
(2.4763463e-09 -1.25702e-05 0)
(-1.5321373e-09 -1.7279921e-06 0)
(1.914302e-09 8.1157845e-06 0)
(-7.3820114e-10 6.1824406e-06 0)
(-7.6430573e-10 6.1827053e-06 0)
(1.2378488e-09 8.1163312e-06 0)
(-2.3979923e-09 -1.7275761e-06 0)
(2.0139056e-09 -1.2570189e-05 0)
(-1.9809297e-09 -1.257037e-05 0)
(2.4810376e-09 -1.7280048e-06 0)
(-1.2743608e-09 8.1158974e-06 0)
(7.9437357e-10 6.1825246e-06 0)
(7.1500485e-10 6.1827765e-06 0)
(-1.7837889e-09 8.1164268e-06 0)
(1.6106651e-09 -1.7275979e-06 0)
(-2.3617662e-09 -1.2570345e-05 0)
(2.4278018e-09 -1.2570517e-05 0)
(-1.6230032e-09 -1.7280227e-06 0)
(1.8502133e-09 8.116005e-06 0)
(-7.4343699e-10 6.1825984e-06 0)
(-7.5829236e-10 6.1828396e-06 0)
(1.2970604e-09 8.1165131e-06 0)
(-2.3107591e-09 -1.7276198e-06 0)
(2.051664e-09 -1.257048e-05 0)
(-2.0260102e-09 -1.2570654e-05 0)
(2.3883809e-09 -1.7280317e-06 0)
(-1.3356358e-09 8.1160959e-06 0)
(7.8814264e-10 6.1826659e-06 0)
(7.2020076e-10 6.1828953e-06 0)
(-1.7235148e-09 8.1165878e-06 0)
(1.6948661e-09 -1.7276362e-06 0)
(-2.3217809e-09 -1.2570603e-05 0)
(2.3804801e-09 -1.2570768e-05 0)
(-1.712228e-09 -1.7280458e-06 0)
(1.7875536e-09 8.1161814e-06 0)
(-7.4864953e-10 6.1827236e-06 0)
(-7.5245548e-10 6.1829427e-06 0)
(1.3553592e-09 8.1166539e-06 0)
(-2.2252969e-09 -1.7276535e-06 0)
(2.0889849e-09 -1.2570705e-05 0)
(-2.0704253e-09 -1.2570873e-05 0)
(2.2976657e-09 -1.7280513e-06 0)
(-1.3959371e-09 8.1162508e-06 0)
(7.8209592e-10 6.182775e-06 0)
(7.2538986e-10 6.1829831e-06 0)
(-1.6643845e-09 8.116708e-06 0)
(1.7778733e-09 -1.7276647e-06 0)
(-2.2826376e-09 -1.2570796e-05 0)
(2.3342441e-09 -1.2570956e-05 0)
(-1.8000956e-09 -1.7280615e-06 0)
(1.7261167e-09 8.1163146e-06 0)
(-7.5385654e-10 6.1828168e-06 0)
(-7.4677544e-10 6.1830152e-06 0)
(1.412936e-09 8.1167543e-06 0)
(-2.1413183e-09 -1.7276775e-06 0)
(2.1260069e-09 -1.2570865e-05 0)
(-2.1142925e-09 -1.2571029e-05 0)
(2.2086187e-09 -1.7280634e-06 0)
(-1.4554504e-09 8.1163629e-06 0)
(7.7621345e-10 6.1828524e-06 0)
(7.3058749e-10 6.1830406e-06 0)
(-1.6062144e-09 8.1167882e-06 0)
(1.8599463e-09 -1.7276835e-06 0)
(-2.2441969e-09 -1.2570925e-05 0)
(2.2889769e-09 -1.257108e-05 0)
(-1.8868502e-09 -1.72807e-06 0)
(1.6657242e-09 8.1164053e-06 0)
(-7.5907354e-10 6.1828785e-06 0)
(-7.4123524e-10 6.1830574e-06 0)
(1.4699543e-09 8.116815e-06 0)
(-2.0585755e-09 -1.7276918e-06 0)
(2.1628513e-09 -1.2570962e-05 0)
(-2.157708e-09 -1.2571123e-05 0)
(2.1210086e-09 -1.7280684e-06 0)
(-1.5143331e-09 8.1164328e-06 0)
(7.7047808e-10 6.1828985e-06 0)
(7.3580639e-10 6.1830679e-06 0)
(-1.5488495e-09 8.116829e-06 0)
(1.9413047e-09 -1.7276928e-06 0)
(-2.2063376e-09 -1.2570991e-05 0)
(2.2445855e-09 -1.2571143e-05 0)
(-1.9726925e-09 -1.7280712e-06 0)
(1.6062279e-09 8.1164542e-06 0)
(-7.6431338e-10 6.1829092e-06 0)
(-7.358208e-10 6.1830698e-06 0)
(1.5265485e-09 8.1168364e-06 0)
(-1.9768623e-09 -1.7276966e-06 0)
(2.1996222e-09 -1.2570997e-05 0)
(-2.200744e-09 -1.2571154e-05 0)
(2.0346513e-09 -1.728066e-06 0)
(-1.5727118e-09 8.116461e-06 0)
(7.6487577e-10 6.1829137e-06 0)
(7.4105649e-10 6.1830655e-06 0)
(-1.4921653e-09 8.1168305e-06 0)
(2.0221255e-09 -1.7276926e-06 0)
(-2.1689565e-09 -1.2570994e-05 0)
(2.2010033e-09 -1.2571143e-05 0)
(-2.0577748e-09 -1.7280651e-06 0)
(1.547513e-09 8.1164617e-06 0)
(-7.6958604e-10 6.1829091e-06 0)
(-7.3052114e-10 6.1830525e-06 0)
(1.5828218e-09 8.1168188e-06 0)
(-1.896017e-09 -1.7276921e-06 0)
(2.2364059e-09 -1.2570968e-05 0)
(-2.2434451e-09 -1.2571124e-05 0)
(1.9494134e-09 -1.7280565e-06 0)
(-1.6306788e-09 8.1164482e-06 0)
(7.5939566e-10 6.1828983e-06 0)
(7.4634455e-10 6.1830335e-06 0)
(-1.4360699e-09 8.1167933e-06 0)
(2.102541e-09 -1.7276832e-06 0)
(-2.1319688e-09 -1.2570935e-05 0)
(2.1581932e-09 -1.2571083e-05 0)
(-2.1421964e-09 -1.7280519e-06 0)
(1.4895e-09 8.1164283e-06 0)
(-7.748983e-10 6.1828786e-06 0)
(-7.2532848e-10 6.1830057e-06 0)
(1.6388438e-09 8.1167626e-06 0)
(-1.815924e-09 -1.7276783e-06 0)
(2.2732709e-09 -1.2570879e-05 0)
(-2.2858251e-09 -1.2571033e-05 0)
(1.8652174e-09 -1.7280398e-06 0)
(-1.6882894e-09 8.1163946e-06 0)
(7.5403036e-10 6.1828526e-06 0)
(7.5167396e-10 6.1829723e-06 0)
(-1.3805054e-09 8.1167176e-06 0)
(2.1826358e-09 -1.7276646e-06 0)
(-2.0953077e-09 -1.2570815e-05 0)
(2.116151e-09 -1.2570961e-05 0)
(-2.2259989e-09 -1.7280314e-06 0)
(1.4321488e-09 8.1163544e-06 0)
(-7.8025345e-10 6.1828178e-06 0)
(-7.202385e-10 6.1829298e-06 0)
(1.694649e-09 8.1166679e-06 0)
(-1.7365164e-09 -1.7276555e-06 0)
(2.3102675e-09 -1.2570728e-05 0)
(-2.3278633e-09 -1.2570882e-05 0)
(1.7820463e-09 -1.7280158e-06 0)
(-1.7455585e-09 8.1163008e-06 0)
(7.4877617e-10 6.1827768e-06 0)
(7.570444e-10 6.1828819e-06 0)
(-1.3254503e-09 8.1166035e-06 0)
(2.2624443e-09 -1.7276369e-06 0)
(-2.0589241e-09 -1.2570634e-05 0)
(2.0749086e-09 -1.257078e-05 0)
(-2.3091611e-09 -1.7280036e-06 0)
(1.3754607e-09 8.1162404e-06 0)
(-7.856509e-10 6.1827272e-06 0)
(-7.1525036e-10 6.1828248e-06 0)
(1.750234e-09 8.1165351e-06 0)
(-1.6577776e-09 -1.7276236e-06 0)
(2.3474281e-09 -1.2570517e-05 0)
(-2.3695006e-09 -1.2570671e-05 0)
(1.6999477e-09 -1.7279845e-06 0)
(-1.8024579e-09 8.116167e-06 0)
(7.4363331e-10 6.1826712e-06 0)
(7.624516e-10 6.1827625e-06 0)
(-1.2709205e-09 8.1164515e-06 0)
(2.3419496e-09 -1.7276004e-06 0)
(-2.0227857e-09 -1.2570392e-05 0)
(2.0345376e-09 -1.2570539e-05 0)
(-2.3915942e-09 -1.7279685e-06 0)
(1.3194814e-09 8.1160867e-06 0)
(-7.910859e-10 6.1826068e-06 0)
(-7.1036692e-10 6.1826909e-06 0)
(1.8055569e-09 8.1163643e-06 0)
(-1.5797424e-09 -1.727583e-06 0)
(2.3847679e-09 -1.2570245e-05 0)
(-2.4106363e-09 -1.25704e-05 0)
(1.6190383e-09 -1.7279458e-06 0)
(-1.8589132e-09 8.1159939e-06 0)
(7.3860606e-10 6.1825361e-06 0)
(7.6788705e-10 6.1826144e-06 0)
(-1.2169706e-09 8.1162616e-06 0)
(2.4210817e-09 -1.7275553e-06 0)
(-1.9868762e-09 -1.2570091e-05 0)
(1.9951518e-09 -1.2570239e-05 0)
(-2.4731375e-09 -1.727926e-06 0)
(1.2643034e-09 8.1158939e-06 0)
(-7.9654907e-10 6.1824571e-06 0)
(-7.0559477e-10 6.1825285e-06 0)
(1.8605353e-09 8.1161559e-06 0)
(-1.5024974e-09 -1.7275338e-06 0)
(2.4222854e-09 -1.2569914e-05 0)
(-2.451124e-09 -1.2570071e-05 0)
(1.5395074e-09 -1.7278998e-06 0)
(-1.9148008e-09 8.1157818e-06 0)
(7.3370301e-10 6.1823718e-06 0)
(7.7333777e-10 6.1824378e-06 0)
(-1.1636938e-09 8.1160343e-06 0)
(2.4997173e-09 -1.7275016e-06 0)
(-1.951193e-09 -1.2569731e-05 0)
(1.9569106e-09 -1.2569881e-05 0)
(-2.5535548e-09 -1.7278761e-06 0)
(1.2100679e-09 8.1156624e-06 0)
(-8.0202621e-10 6.1822785e-06 0)
(-7.0094417e-10 6.1823377e-06 0)
(1.9150471e-09 8.1159101e-06 0)
(-1.4261797e-09 -1.7274762e-06 0)
(2.459965e-09 -1.2569525e-05 0)
(-2.4907685e-09 -1.2569683e-05 0)
(1.4616196e-09 -1.7278462e-06 0)
(-1.9699471e-09 8.1155315e-06 0)
(7.2893702e-10 6.1821787e-06 0)
(7.7878624e-10 6.182233e-06 0)
(-1.1112216e-09 8.1157698e-06 0)
(2.5776816e-09 -1.7274399e-06 0)
(-1.9157443e-09 -1.2569313e-05 0)
(1.9200217e-09 -1.2569464e-05 0)
(-2.6325317e-09 -1.7278186e-06 0)
(1.1569657e-09 8.1153931e-06 0)
(-8.0749799e-10 6.1820712e-06 0)
(-6.9642891e-10 6.1821189e-06 0)
(1.9689304e-09 8.1156273e-06 0)
(-1.3509739e-09 -1.7274106e-06 0)
(2.497779e-09 -1.2569079e-05 0)
(-2.529323e-09 -1.2569238e-05 0)
(1.3857159e-09 -1.7277851e-06 0)
(-2.0241264e-09 8.1152438e-06 0)
(7.2432532e-10 6.1819573e-06 0)
(7.842104e-10 6.1820004e-06 0)
(-1.0597209e-09 8.1154686e-06 0)
(2.6547516e-09 -1.7273703e-06 0)
(-1.8805449e-09 -1.2568838e-05 0)
(1.8847419e-09 -1.2568991e-05 0)
(-2.709675e-09 -1.7277534e-06 0)
(1.105237e-09 8.1150868e-06 0)
(-8.1293976e-10 6.181836e-06 0)
(-6.9206597e-10 6.1818726e-06 0)
(2.021987e-09 8.1153082e-06 0)
(-1.277107e-09 -1.7273373e-06 0)
(2.535692e-09 -1.2568576e-05 0)
(-2.5664873e-09 -1.2568737e-05 0)
(1.3122127e-09 -1.7277163e-06 0)
(-2.0770622e-09 8.1149196e-06 0)
(7.1988933e-10 6.1817082e-06 0)
(7.8958372e-10 6.1817406e-06 0)
(-1.0093906e-09 8.1151314e-06 0)
(2.7306621e-09 -1.7272933e-06 0)
(-1.8456111e-09 -1.2568308e-05 0)
(1.8513788e-09 -1.2568462e-05 0)
(-2.7845142e-09 -1.7276805e-06 0)
(1.0551698e-09 8.1147447e-06 0)
(-8.1832147e-10 6.1815735e-06 0)
(-6.8787505e-10 6.1815993e-06 0)
(2.0739866e-09 8.1149532e-06 0)
(-1.2048395e-09 -1.7272568e-06 0)
(2.5736666e-09 -1.2568018e-05 0)
(-2.6019069e-09 -1.256818e-05 0)
(1.2415977e-09 -1.7276397e-06 0)
(-2.128429e-09 8.1145602e-06 0)
(7.156544e-10 6.1814323e-06 0)
(7.948757e-10 6.181454e-06 0)
(-9.6045474e-10 8.1147587e-06 0)
(2.8051157e-09 -1.7272094e-06 0)
(-1.8109534e-09 -1.2567723e-05 0)
(1.8202886e-09 -1.2567879e-05 0)
(-2.8565061e-09 -1.7275997e-06 0)
(1.0070951e-09 8.1143679e-06 0)
(-8.2360779e-10 6.1812846e-06 0)
(-6.8387768e-10 6.1812996e-06 0)
(2.1246745e-09 8.1145631e-06 0)
(-1.1344534e-09 -1.7271697e-06 0)
(2.61167e-09 -1.2567407e-05 0)
(-2.6351749e-09 -1.256757e-05 0)
(1.1744225e-09 -1.7275552e-06 0)
(-2.1778578e-09 8.114167e-06 0)
(7.1164936e-10 6.1811305e-06 0)
(8.0005257e-10 6.1811415e-06 0)
(-9.131528e-10 8.1143515e-06 0)
(2.8777959e-09 -1.7271194e-06 0)
(-1.7765673e-09 -1.2567087e-05 0)
(1.7918728e-09 -1.2567243e-05 0)
(-2.9250451e-09 -1.7275109e-06 0)
(9.6138044e-10 8.1139582e-06 0)
(-8.2875832e-10 6.1809703e-06 0)
(-6.8009615e-10 6.1809745e-06 0)
(2.173782e-09 8.1141388e-06 0)
(-1.0662353e-09 -1.7270766e-06 0)
(2.6496832e-09 -1.2566746e-05 0)
(-2.6658362e-09 -1.2566909e-05 0)
(1.1112892e-09 -1.7274627e-06 0)
(-2.2249438e-09 8.1137417e-06 0)
(7.079057e-10 6.180804e-06 0)
(8.0507828e-10 6.180804e-06 0)
(-8.6772678e-10 8.1139107e-06 0)
(2.9483863e-09 -1.7270239e-06 0)
(-1.7424235e-09 -1.2566401e-05 0)
(1.7665707e-09 -1.2566557e-05 0)
(-2.9894783e-09 -1.7274138e-06 0)
(9.1841843e-10 8.1135174e-06 0)
(-8.3372827e-10 6.180632e-06 0)
(-6.7655189e-10 6.1806249e-06 0)
(2.2210413e-09 8.1136815e-06 0)
(-1.0004541e-09 -1.7269785e-06 0)
(2.6877111e-09 -1.2566037e-05 0)
(-2.6933967e-09 -1.2566198e-05 0)
(1.0528295e-09 -1.7273618e-06 0)
(-2.2692597e-09 8.1132865e-06 0)
(7.044565e-10 6.1804541e-06 0)
(8.0991614e-10 6.1804425e-06 0)
(-8.2440364e-10 8.1134373e-06 0)
(3.0165944e-09 -1.7269238e-06 0)
(-1.7084556e-09 -1.2565668e-05 0)
(1.7448462e-09 -1.2565823e-05 0)
(-3.0491296e-09 -1.7273084e-06 0)
(8.7861044e-10 8.1130477e-06 0)
(-8.3846947e-10 6.1802712e-06 0)
(-6.7326335e-10 6.1802518e-06 0)
(2.2662047e-09 8.1131921e-06 0)
(-9.3733353e-10 -1.7268761e-06 0)
(2.7257938e-09 -1.2565282e-05 0)
(-2.7173392e-09 -1.256544e-05 0)
(9.9967555e-10 -1.7272526e-06 0)
(-2.3103744e-09 8.1128037e-06 0)
(7.0133484e-10 6.1800825e-06 0)
(8.1453098e-10 6.180058e-06 0)
(-7.8337299e-10 8.1129327e-06 0)
(3.0821815e-09 -1.7268202e-06 0)
(-1.6745483e-09 -1.2564892e-05 0)
(1.7271673e-09 -1.2565043e-05 0)
(-3.1033345e-09 -1.7271944e-06 0)
(8.4234351e-10 8.1125517e-06 0)
(-8.4293185e-10 6.1798895e-06 0)
(-6.7024344e-10 6.1798565e-06 0)
(2.309069e-09 8.1126721e-06 0)
(-8.7701856e-10 -1.7267708e-06 0)
(2.7640168e-09 -1.2564486e-05 0)
(-2.7371477e-09 -1.2564637e-05 0)
(9.5241709e-10 -1.7271346e-06 0)
(-2.3478798e-09 8.1122959e-06 0)
(6.9857163e-10 6.179691e-06 0)
(8.1889185e-10 6.1796519e-06 0)
(-7.4475963e-10 8.1123981e-06 0)
(3.1449984e-09 -1.7267142e-06 0)
(-1.6405275e-09 -1.2564076e-05 0)
(1.7139739e-09 -1.256422e-05 0)
(-3.15149e-09 -1.7270714e-06 0)
(8.099587e-10 8.1120322e-06 0)
(-8.470657e-10 6.1794888e-06 0)
(-6.6749612e-10 6.1794401e-06 0)
(2.3495053e-09 8.1121226e-06 0)
(-8.1953677e-10 -1.7266637e-06 0)
(2.8025193e-09 -1.2563652e-05 0)
(-2.7523465e-09 -1.2563794e-05 0)
(9.1154233e-10 -1.7270075e-06 0)
(-2.3814266e-09 8.1117661e-06 0)
(6.9619265e-10 6.1792815e-06 0)
(8.229756e-10 6.1792254e-06 0)
(-7.0859089e-10 8.1118348e-06 0)
(3.2050256e-09 -1.7266073e-06 0)
(-1.6061542e-09 -1.2563223e-05 0)
(1.7056305e-09 -1.2563358e-05 0)
(-3.1931225e-09 -1.7269392e-06 0)
(7.8170802e-10 8.1114923e-06 0)
(-8.5082492e-10 6.1790713e-06 0)
(-6.6501252e-10 6.1790042e-06 0)
(2.3874936e-09 8.111545e-06 0)
(-7.6475617e-10 -1.7265562e-06 0)
(2.8414952e-09 -1.2562784e-05 0)
(-2.7625567e-09 -1.2562912e-05 0)
(8.7735783e-10 -1.726871e-06 0)
(-2.4107743e-09 8.1112174e-06 0)
(6.9421455e-10 6.1788563e-06 0)
(8.2677101e-10 6.1787799e-06 0)
(-6.7475956e-10 8.1112441e-06 0)
(3.2624162e-09 -1.7265009e-06 0)
(-1.5711275e-09 -1.2562338e-05 0)
(1.702357e-09 -1.2562459e-05 0)
(-3.227981e-09 -1.7267973e-06 0)
(7.5769761e-10 8.1109351e-06 0)
(-8.5417164e-10 6.1786392e-06 0)
(-6.627664e-10 6.1785498e-06 0)
(2.4231621e-09 8.1109405e-06 0)
(-7.1234224e-10 -1.7264497e-06 0)
(2.8811838e-09 -1.2561885e-05 0)
(-2.7675784e-09 -1.2561996e-05 0)
(8.4988116e-10 -1.7267247e-06 0)
(-2.4358557e-09 8.1106532e-06 0)
(6.926394e-10 6.1784176e-06 0)
(8.3028374e-10 6.1783165e-06 0)
(-6.4298347e-10 8.1106272e-06 0)
(3.3175376e-09 -1.7263964e-06 0)
(-1.535103e-09 -1.2561425e-05 0)
(1.7041321e-09 -1.2561526e-05 0)
(-3.2561597e-09 -1.7266452e-06 0)
(7.378135e-10 8.1103639e-06 0)
(-8.5708224e-10 6.1781946e-06 0)
(-6.6070918e-10 6.1780781e-06 0)
(2.4568286e-09 8.1103102e-06 0)
(-6.6171867e-10 -1.7263459e-06 0)
(2.9218421e-09 -1.2560959e-05 0)
(-2.7675049e-09 -1.2561047e-05 0)
(8.2870081e-10 -1.7265679e-06 0)
(-2.4568612e-09 8.1100765e-06 0)
(6.9144782e-10 6.1779675e-06 0)
(8.3354153e-10 6.1778364e-06 0)
(-6.1276412e-10 8.1099848e-06 0)
(3.3710081e-09 -1.7262953e-06 0)
(-1.4977315e-09 -1.2560486e-05 0)
(1.7105607e-09 -1.2560563e-05 0)
(-3.2782571e-09 -1.7264825e-06 0)
(7.216273e-10 8.1097818e-06 0)
(-8.595558e-10 6.1777398e-06 0)
(-6.5876489e-10 6.1775901e-06 0)
(2.4890413e-09 8.1096545e-06 0)
(-6.1203709e-10 -1.7262461e-06 0)
(2.9636935e-09 -1.2560009e-05 0)
(-2.7628749e-09 -1.2560068e-05 0)
(8.1279856e-10 -1.7264003e-06 0)
(-2.474345e-09 8.1094903e-06 0)
(6.905895e-10 6.1775082e-06 0)
(8.365995e-10 6.1773402e-06 0)
(-5.8334816e-10 8.1093175e-06 0)
(3.4237202e-09 -1.7261989e-06 0)
(-1.4587272e-09 -1.2559524e-05 0)
(1.7207013e-09 -1.2559571e-05 0)
(-3.2955751e-09 -1.7263086e-06 0)
(7.0827915e-10 8.1091913e-06 0)
(-8.6162506e-10 6.1772766e-06 0)
(-6.5682537e-10 6.1770863e-06 0)
(2.5206161e-09 8.108974e-06 0)
(-5.621632e-10 -1.7261515e-06 0)
(3.0068441e-09 -1.2559039e-05 0)
(-2.7548692e-09 -1.2559061e-05 0)
(8.0033173e-10 -1.7262213e-06 0)
(-2.4893544e-09 8.1088967e-06 0)
(6.8997161e-10 6.1770411e-06 0)
(8.3954505e-10 6.1768282e-06 0)
(-5.5369576e-10 8.1086251e-06 0)
(3.4768467e-09 -1.7261084e-06 0)
(-1.4179699e-09 -1.2558542e-05 0)
(1.7328509e-09 -1.2558551e-05 0)
(-3.3103566e-09 -1.7261231e-06 0)
(6.9633895e-10 8.1085941e-06 0)
(-8.6337014e-10 6.1768062e-06 0)
(-6.5474648e-10 6.1765666e-06 0)
(2.5526636e-09 8.1082681e-06 0)
(-5.1068507e-10 -1.7260628e-06 0)
(3.0511662e-09 -1.2558047e-05 0)
(-2.7455464e-09 -1.2558026e-05 0)
(7.8838101e-10 -1.7260305e-06 0)
(-2.5035802e-09 8.1082967e-06 0)
(6.8944437e-10 6.1765673e-06 0)
(8.4250142e-10 6.1763e-06 0)
(-5.224609e-10 8.1079071e-06 0)
(3.5318205e-09 -1.7260239e-06 0)
(-1.37564e-09 -1.2557539e-05 0)
(1.7442957e-09 -1.2557503e-05 0)
(-3.3260534e-09 -1.7259258e-06 0)
(6.8365056e-10 8.1079906e-06 0)
(-8.6493533e-10 6.176329e-06 0)
(-6.5234592e-10 6.1760304e-06 0)
(2.5866028e-09 8.1075358e-06 0)
(-4.5594791e-10 -1.7259801e-06 0)
(3.0961518e-09 -1.2557034e-05 0)
(-2.7381056e-09 -1.2556963e-05 0)
(7.7267942e-10 -1.7258279e-06 0)
(-2.5195187e-09 8.1076898e-06 0)
(6.887844e-10 6.1760864e-06 0)
(8.4562938e-10 6.1757547e-06 0)
(-4.8798824e-10 8.1071621e-06 0)
(3.5902901e-09 -1.7259451e-06 0)
(-1.332377e-09 -1.2556512e-05 0)
(1.7510506e-09 -1.2556425e-05 0)
(-3.347597e-09 -1.7257168e-06 0)
(6.6717249e-10 8.1073789e-06 0)
(-8.6654783e-10 6.1758442e-06 0)
(-6.4940348e-10 6.1754761e-06 0)
(2.6241562e-09 8.1067754e-06 0)
(-3.9611259e-10 -1.7259021e-06 0)
(3.1407556e-09 -1.2555994e-05 0)
(-2.7371392e-09 -1.2555867e-05 0)
(7.4735826e-10 -1.7256139e-06 0)
(-2.5406272e-09 8.1070728e-06 0)
(6.87677e-10 6.1755968e-06 0)
(8.4912581e-10 6.17519e-06 0)
(-4.4832869e-10 8.1063877e-06 0)
(3.6540552e-09 -1.7258699e-06 0)
(-1.289432e-09 -1.2555456e-05 0)
(1.7476361e-09 -1.2555312e-05 0)
(-3.3816285e-09 -1.7254969e-06 0)
(6.4284052e-10 8.1067545e-06 0)
(-8.6853685e-10 6.175349e-06 0)
(-6.4566434e-10 6.174901e-06 0)
(2.6673271e-09 8.1059841e-06 0)
(-3.2922545e-10 -1.7258261e-06 0)
(3.1832672e-09 -1.2554921e-05 0)
(-2.7488155e-09 -1.2554732e-05 0)
(7.0477051e-10 -1.7253897e-06 0)
(-2.5714398e-09 8.1064394e-06 0)
(6.8570041e-10 6.1750945e-06 0)
(8.532195e-10 6.1746028e-06 0)
(-4.0127195e-10 8.1055809e-06 0)
(3.7250044e-09 -1.7257947e-06 0)
(-1.2487621e-09 -1.255436e-05 0)
(1.7269708e-09 -1.2554156e-05 0)
(-3.4366084e-09 -1.7252677e-06 0)
(6.0549423e-10 8.1061091e-06 0)
(-8.7134898e-10 6.1748382e-06 0)
(-6.4084522e-10 6.1743015e-06 0)
(2.7183626e-09 8.1051585e-06 0)
(-2.5327089e-10 -1.7257471e-06 0)
(3.2212792e-09 -1.2553803e-05 0)
(-2.7808915e-09 -1.255355e-05 0)
(6.3548493e-10 -1.7251574e-06 0)
(-2.6175925e-09 8.1057793e-06 0)
(6.8231656e-10 6.174573e-06 0)
(8.5816407e-10 6.1739888e-06 0)
(-3.44388e-10 8.1047378e-06 0)
(3.8050907e-09 -1.7257134e-06 0)
(-1.2129859e-09 -1.2553211e-05 0)
(1.6804985e-09 -1.2552946e-05 0)
(-3.5226987e-09 -1.7250317e-06 0)
(5.4892822e-10 8.1054298e-06 0)
(-8.7555458e-10 6.1743038e-06 0)
(-6.3464358e-10 6.1736726e-06 0)
(2.7797172e-09 8.1042939e-06 0)
(-1.6616283e-10 -1.7256578e-06 0)
(3.2518486e-09 -1.255262e-05 0)
(-2.8424255e-09 -1.2552307e-05 0)
(5.2857781e-10 -1.7249203e-06 0)
(-2.6856877e-09 8.105077e-06 0)
(6.7687625e-10 6.1740226e-06 0)
(8.6423041e-10 6.1733422e-06 0)
(-2.7506288e-10 8.1038535e-06 0)
(3.8964022e-09 -1.7256173e-06 0)
(-1.1850939e-09 -1.2551987e-05 0)
(1.5986976e-09 -1.2551668e-05 0)
(-3.6512806e-09 -1.724793e-06 0)
(4.661486e-10 8.1046986e-06 0)
(-8.8183685e-10 6.1737343e-06 0)
(-6.2674834e-10 6.1730077e-06 0)
(2.8540365e-09 8.103385e-06 0)
(-6.5617282e-11 -1.7255478e-06 0)
(3.2719715e-09 -1.2551352e-05 0)
(-2.9430335e-09 -1.2550985e-05 0)
(3.723734e-10 -1.7246831e-06 0)
(-2.7829165e-09 8.1043117e-06 0)
(6.6864951e-10 6.1734297e-06 0)
(8.7170242e-10 6.1726559e-06 0)
(-1.9051097e-10 8.1029221e-06 0)
(4.0013932e-09 -1.7254951e-06 0)
(-1.1678011e-09 -1.2550662e-05 0)
(1.4721401e-09 -1.2550301e-05 0)
(-3.8339594e-09 -1.7245567e-06 0)
(3.4992685e-10 8.1038917e-06 0)
(-8.9095438e-10 6.173114e-06 0)
(-6.168524e-10 6.1722992e-06 0)
(2.9441879e-09 8.1024251e-06 0)
(5.1143606e-11 -1.7254044e-06 0)
(3.2794886e-09 -1.2549968e-05 0)
(-3.0915491e-09 -1.2549563e-05 0)
(1.5578504e-10 -1.7244518e-06 0)
(-2.916354e-09 8.1034573e-06 0)
(6.5689527e-10 6.172777e-06 0)
(8.8088188e-10 6.1719211e-06 0)
(-8.7756912e-11 8.1019365e-06 0)
(4.1233296e-09 -1.7253328e-06 0)
(-1.1624675e-09 -1.2549203e-05 0)
(1.2932331e-09 -1.2548822e-05 0)
(-4.0809432e-09 -1.7243286e-06 0)
(1.9373961e-10 8.1029802e-06 0)
(-9.0366821e-10 6.1724241e-06 0)
(-6.0467093e-10 6.1715375e-06 0)
(3.05335e-09 8.1014061e-06 0)
(1.8785638e-10 -1.7252122e-06 0)
(3.2744783e-09 -1.2548433e-05 0)
(-3.2940261e-09 -1.2548014e-05 0)
(-1.2963849e-10 -1.7242327e-06 0)
(-3.0918713e-09 8.1024825e-06 0)
(6.4098729e-10 6.1720435e-06 0)
(8.9210797e-10 6.1711275e-06 0)
(3.6378541e-11 8.1008878e-06 0)
(4.2669347e-09 -1.725115e-06 0)
(-1.1676341e-09 -1.2547575e-05 0)
(1.0586715e-09 -1.2547203e-05 0)
(-4.3987735e-09 -1.724115e-06 0)
(-6.8448989e-12 8.1019308e-06 0)
(-9.2062857e-10 6.1716421e-06 0)
(-5.899805e-10 6.1707116e-06 0)
(3.1851253e-09 8.1003177e-06 0)
(3.4971952e-10 -1.7249552e-06 0)
(3.2610491e-09 -1.2546711e-05 0)
(-3.5512061e-09 -1.2546308e-05 0)
(-4.8696742e-10 -1.7240319e-06 0)
(-3.3126656e-09 8.1013535e-06 0)
(6.2061633e-10 6.1712058e-06 0)
(9.0578957e-10 6.1702629e-06 0)
(1.8515164e-10 8.0997644e-06 0)
(4.4390621e-09 -1.7248265e-06 0)
(-1.1774664e-09 -1.2545736e-05 0)
(7.7241935e-10 -1.2545413e-05 0)
(-4.7875671e-09 -1.7239203e-06 0)
(-2.5232727e-10 8.100709e-06 0)
(-9.422218e-10 6.1707442e-06 0)
(-5.7272114e-10 6.1698083e-06 0)
(3.3435127e-09 8.0991463e-06 0)
(5.435397e-10 -1.7246189e-06 0)
(3.2491505e-09 -1.2544759e-05 0)
(-3.855879e-09 -1.2544412e-05 0)
(-9.1063183e-10 -1.7238534e-06 0)
(-3.5774956e-09 8.1000366e-06 0)
(5.9609491e-10 6.17024e-06 0)
(9.2242224e-10 6.1693134e-06 0)
(3.6127854e-10 8.0985512e-06 0)
(4.6489039e-09 -1.724455e-06 0)
(-1.1808023e-09 -1.2543646e-05 0)
(4.4871168e-10 -1.2543417e-05 0)
(-5.2381545e-09 -1.7237461e-06 0)
(-5.3703446e-10 8.0992824e-06 0)
(-9.6838063e-10 6.1697074e-06 0)
(-5.5325746e-10 6.1688131e-06 0)
(3.5323097e-09 8.0978743e-06 0)
(7.7668248e-10 -1.724193e-06 0)
(3.2555744e-09 -1.2542542e-05 0)
(-4.190965e-09 -1.254229e-05 0)
(-1.3830378e-09 -1.7236973e-06 0)
(-3.8787651e-09 8.0985036e-06 0)
(5.6880821e-10 6.1691245e-06 0)
(9.4249354e-10 6.1682635e-06 0)
(5.6509673e-10 8.0972285e-06 0)
(4.9067057e-09 -1.7239941e-06 0)
(-1.1620503e-09 -1.2541271e-05 0)
(1.141706e-10 -1.2541182e-05 0)
(-5.7296973e-09 -1.7235884e-06 0)
(-8.4651827e-10 8.0976262e-06 0)
(-9.9833693e-10 6.1685133e-06 0)
(-5.329959e-10 6.1677105e-06 0)
(3.753014e-09 8.0964802e-06 0)
(1.053347e-09 -1.7236756e-06 0)
(3.3026918e-09 -1.2540029e-05 0)
(-4.5295199e-09 -1.253991e-05 0)
(-1.87157e-09 -1.7235579e-06 0)
(-4.2005046e-09 8.096737e-06 0)
(5.4190402e-10 6.1678447e-06 0)
(9.660293e-10 6.1670985e-06 0)
(7.9018966e-10 8.0957728e-06 0)
(5.2191981e-09 -1.7234472e-06 0)
(-1.1057396e-09 -1.2538587e-05 0)
(-1.9224779e-10 -1.2538682e-05 0)
(-6.2283038e-09 -1.7234371e-06 0)
(-1.1544468e-09 8.0957297e-06 0)
(-1.030202e-09 6.1671535e-06 0)
(-5.1571669e-10 6.1664872e-06 0)
(3.9995328e-09 8.0949404e-06 0)
(1.366057e-09 -1.7230763e-06 0)
(3.412922e-09 -1.2537207e-05 0)
(-4.8379372e-09 -1.253725e-05 0)
(-2.3263823e-09 -1.7234243e-06 0)
(-4.5158572e-09 8.0947374e-06 0)
(5.2142302e-10 6.166399e-06 0)
(9.9125683e-10 6.1658094e-06 0)
(1.0145423e-09 8.0941607e-06 0)
(5.5792672e-09 -1.7228305e-06 0)
(-1.006501e-09 -1.2535592e-05 0)
(-4.2281478e-10 -1.2535903e-05 0)
(-6.6866705e-09 -1.7232769e-06 0)
(-1.4183879e-09 8.0936028e-06 0)
(-1.0600267e-09 6.1656366e-06 0)
(-5.1016966e-10 6.1651407e-06 0)
(4.2472874e-09 8.0932367e-06 0)
(1.6804585e-09 -1.7224202e-06 0)
(3.596982e-09 -1.253409e-05 0)
(-5.0830181e-09 -1.2534306e-05 0)
(-2.6792557e-09 -1.723284e-06 0)
(-4.7828835e-09 8.0925301e-06 0)
(5.1824171e-10 6.1648073e-06 0)
(1.0114893e-09 6.1644054e-06 0)
(1.185534e-09 8.0923791e-06 0)
(5.9481446e-09 -1.7221755e-06 0)
(-8.8473867e-10 -1.2532319e-05 0)
(-5.2953015e-10 -1.2532862e-05 0)
(-7.0444456e-09 -1.7230949e-06 0)
(-1.5736905e-09 8.0912814e-06 0)
(-1.0796113e-09 6.1639987e-06 0)
(-5.3448764e-10 6.163696e-06 0)
(4.4351923e-09 8.091371e-06 0)
(1.9151721e-09 -1.7217505e-06 0)
(3.8360739e-09 -1.2530733e-05 0)
(-5.2429746e-09 -1.2531116e-05 0)
(-2.845265e-09 -1.7231351e-06 0)
(-4.9374522e-09 8.0901705e-06 0)
(5.512855e-10 6.1631233e-06 0)
(1.0092199e-09 6.1629373e-06 0)
(1.2011107e-09 8.0904434e-06 0)
(6.2346554e-09 -1.7215314e-06 0)
(-8.0261235e-10 -1.2528855e-05 0)
(-4.7990264e-10 -1.252963e-05 0)
(-7.2317548e-09 -1.722896e-06 0)
(-1.5270667e-09 8.0888316e-06 0)
(-1.0720717e-09 6.1623197e-06 0)
(-6.2212877e-10 6.1622352e-06 0)
(4.4463009e-09 8.0893871e-06 0)
(1.9317682e-09 -1.7211331e-06 0)
(4.0659309e-09 -1.2527256e-05 0)
(-5.3233689e-09 -1.2527784e-05 0)
(-2.7374355e-09 -1.7230087e-06 0)
(-4.8869111e-09 8.0877452e-06 0)
(6.5188074e-10 6.161454e-06 0)
(9.4773307e-10 6.1615342e-06 0)
(9.0438804e-10 8.088418e-06 0)
(6.2973324e-09 -1.7209707e-06 0)
(-8.6117751e-10 -1.2525355e-05 0)
(-2.8773674e-10 -1.2526354e-05 0)
(-7.193425e-09 -1.722731e-06 0)
(-1.1632278e-09 8.0863427e-06 0)
(-1.0051546e-09 6.1607451e-06 0)
(-8.2587872e-10 6.1609367e-06 0)
(4.1172424e-09 8.0873852e-06 0)
(1.5850823e-09 -1.7206643e-06 0)
(4.1899438e-09 -1.2523841e-05 0)
(-5.3887915e-09 -1.2524493e-05 0)
(-2.3323039e-09 -1.7230036e-06 0)
(-4.5287611e-09 8.085356e-06 0)
(8.6638828e-10 6.1599798e-06 0)
(7.6583497e-10 6.1604378e-06 0)
(1.4712049e-10 8.0864103e-06 0)
(6.0478205e-09 -1.720597e-06 0)
(-1.1323189e-09 -1.2522018e-05 0)
(-8.3523517e-11 -1.2523248e-05 0)
(-6.9958384e-09 -1.7227319e-06 0)
(-4.1182193e-10 8.083888e-06 0)
(-8.270502e-10 6.1595006e-06 0)
(-1.2087339e-09 6.1600889e-06 0)
(3.3632816e-09 8.0854762e-06 0)
(9.5576967e-10 -1.7204803e-06 0)
(4.1869242e-09 -1.2520653e-05 0)
(-5.6492856e-09 -1.2521429e-05 0)
(-1.8879909e-09 -1.7233222e-06 0)
(-3.870954e-09 8.0830423e-06 0)
(1.2471319e-09 6.1589484e-06 0)
(3.9365105e-10 6.159972e-06 0)
(-9.49848e-10 8.0844521e-06 0)
(5.8307987e-09 -1.72055e-06 0)
(-1.4368689e-09 -1.2518899e-05 0)
(-2.8378406e-10 -1.2520409e-05 0)
(-7.1691456e-09 -1.723134e-06 0)
(5.0888404e-10 8.0813785e-06 0)
(-4.8121385e-10 6.1588445e-06 0)
(-1.7971972e-09 6.1599752e-06 0)
(2.599411e-09 8.0835443e-06 0)
(9.9278992e-10 -1.7207465e-06 0)
(4.4332838e-09 -1.2517481e-05 0)
(-6.6928226e-09 -1.2518425e-05 0)
(-2.5202892e-09 -1.7242694e-06 0)
(-3.4221742e-09 8.0805316e-06 0)
(1.8086473e-09 6.1585476e-06 0)
(-1.7390206e-10 6.1602859e-06 0)
(-1.3190571e-09 8.082077e-06 0)
(7.370686e-09 -1.7209651e-06 0)
(-8.4047203e-10 -1.2515284e-05 0)
(-1.96483e-09 -1.251719e-05 0)
(-9.5564787e-09 -1.7242237e-06 0)
(4.6181655e-10 8.0781457e-06 0)
(2.4825858e-11 6.15881e-06 0)
(-2.4586492e-09 6.1603975e-06 0)
(3.7210625e-09 8.0805568e-06 0)
(4.867667e-09 -1.7215641e-06 0)
(6.392312e-09 -1.251272e-05 0)
(-1.0005216e-08 -1.2513928e-05 0)
(-7.4289179e-09 -1.7261265e-06 0)
(-5.1088444e-09 8.0765846e-06 0)
(2.4118638e-09 6.1584422e-06 0)
(-6.9762863e-10 6.1605608e-06 0)
(2.3910248e-09 8.0772654e-06 0)
(1.5580855e-08 -1.7217945e-06 0)
(3.2413478e-09 -1.2508119e-05 0)
(-7.5581367e-09 -1.2510611e-05 0)
(-1.8970436e-08 -1.7260953e-06 0)
(-3.8693633e-09 8.0719537e-06 0)
(4.4912744e-10 6.1584452e-06 0)
(-2.6680337e-09 6.1594616e-06 0)
(1.183023e-08 8.0730398e-06 0)
(2.0199189e-08 -1.7226616e-06 0)
(1.3736221e-08 -1.2501093e-05 0)
(-1.8879507e-08 -1.2502677e-05 0)
(-2.3959148e-08 -1.7287483e-06 0)
(-1.391503e-08 8.067578e-06 0)
(2.5403622e-09 6.1566136e-06 0)
(-3.8690752e-10 6.1572636e-06 0)
(1.7815462e-08 8.064366e-06 0)
(4.116536e-08 -1.7223322e-06 0)
(1.6247609e-08 -1.2488871e-05 0)
(-2.1857626e-08 -1.2492161e-05 0)
(-4.563902e-08 -1.7280489e-06 0)
(-1.9898035e-08 8.0570677e-06 0)
(2.0043127e-11 6.1541456e-06 0)
(-1.1818385e-09 6.1512284e-06 0)
(3.7414526e-08 8.0523906e-06 0)
(6.1665954e-08 -1.7227031e-06 0)
(3.3623816e-08 -1.2469552e-05 0)
(-3.9547579e-08 -1.2471559e-05 0)
(-6.6098459e-08 -1.7307138e-06 0)
(-3.999198e-08 8.0449936e-06 0)
(9.8227829e-10 6.1471148e-06 0)
(2.455744e-09 6.1411776e-06 0)
(5.881087e-08 8.0308439e-06 0)
(1.0294027e-07 -1.7202884e-06 0)
(4.7439368e-08 -1.2438504e-05 0)
(-5.2938991e-08 -1.2442709e-05 0)
(-1.0747836e-07 -1.7275065e-06 0)
(-6.1041008e-08 8.0212071e-06 0)
(-2.9104811e-09 6.1368007e-06 0)
(4.2355456e-09 6.1222295e-06 0)
(9.7669247e-08 8.0012027e-06 0)
(1.522364e-07 -1.7181198e-06 0)
(7.7214338e-08 -1.2391549e-05 0)
(-8.1786731e-08 -1.2393822e-05 0)
(-1.5576856e-07 -1.7279878e-06 0)
(-9.9994005e-08 7.9919349e-06 0)
(-4.4440798e-09 6.1167088e-06 0)
(1.0587104e-08 6.093644e-06 0)
(1.4542572e-07 7.9535451e-06 0)
(2.2726902e-07 -1.7104538e-06 0)
(1.0940255e-07 -1.2321529e-05 0)
(-1.1193798e-07 -1.2326493e-05 0)
(-2.2972205e-07 -1.718562e-06 0)
(-1.4677481e-07 7.9419891e-06 0)
(-1.1022661e-08 6.0881405e-06 0)
(1.671593e-08 6.0478936e-06 0)
(2.1442315e-07 7.8899777e-06 0)
(3.1975294e-07 -1.7017032e-06 0)
(1.578225e-07 -1.2221675e-05 0)
(-1.5755117e-07 -1.222372e-05 0)
(-3.1975887e-07 -1.7124326e-06 0)
(-2.1516227e-07 7.8799304e-06 0)
(-1.6808857e-08 6.0413789e-06 0)
(2.7371982e-08 5.9838304e-06 0)
(2.98996e-07 7.7966737e-06 0)
(4.4086126e-07 -1.6834558e-06 0)
(2.1438538e-07 -1.2082441e-05 0)
(-2.1005792e-07 -1.2087546e-05 0)
(-4.3821628e-07 -1.6907855e-06 0)
(-2.9796292e-07 7.7849145e-06 0)
(-2.7599158e-08 5.9780277e-06 0)
(3.9406493e-08 5.8915651e-06 0)
(4.0570415e-07 7.6773077e-06 0)
(5.8520994e-07 -1.6617863e-06 0)
(2.850632e-07 -1.1895425e-05 0)
(-2.7593478e-07 -1.1896355e-05 0)
(-5.7860883e-07 -1.6711312e-06 0)
(-4.031831e-07 7.6689644e-06 0)
(-3.9213852e-08 5.8853095e-06 0)
(5.5362819e-08 5.7705089e-06 0)
(5.2987687e-07 7.5153222e-06 0)
(7.540096e-07 -1.6257644e-06 0)
(3.6622946e-07 -1.1650547e-05 0)
(-3.513713e-07 -1.1654646e-05 0)
(-7.4331482e-07 -1.6295344e-06 0)
(-5.2489118e-07 7.5066073e-06 0)
(-5.5137351e-08 5.7661088e-06 0)
(7.357441e-08 5.6101025e-06 0)
(6.6959939e-07 7.3178537e-06 0)
(9.4132416e-07 -1.5834258e-06 0)
(4.5456414e-07 -1.1340854e-05 0)
(-4.3368699e-07 -1.1339512e-05 0)
(-9.2577243e-07 -1.5880033e-06 0)
(-6.6234363e-07 7.3150015e-06 0)
(-7.2911476e-08 5.6062818e-06 0)
(9.4013237e-08 5.4123911e-06 0)
(8.1828831e-07 7.0687338e-06 0)
(1.1353442e-06 -1.5224859e-06 0)
(5.4859387e-07 -1.0959843e-05 0)
(-5.2161848e-07 -1.0961426e-05 0)
(-1.1150819e-06 -1.5192965e-06 0)
(-8.0830687e-07 7.0674675e-06 0)
(-9.3080409e-08 5.4118774e-06 0)
(1.1621938e-07 5.1700316e-06 0)
(9.6324483e-07 6.7816111e-06 0)
(1.3254553e-06 -1.4533065e-06 0)
(6.3542675e-07 -1.050788e-05 0)
(-6.0288595e-07 -1.0503192e-05 0)
(-1.3007019e-06 -1.4494023e-06 0)
(-9.5061176e-07 6.7885409e-06 0)
(-1.1490466e-07 5.1714757e-06 0)
(1.3704204e-07 4.8926887e-06 0)
(1.0929263e-06 6.4481701e-06 0)
(1.4850066e-06 -1.365507e-06 0)
(7.1291214e-07 -9.9930802e-06 0)
(-6.7589205e-07 -9.9907134e-06 0)
(-1.4563172e-06 -1.3524768e-06 0)
(-1.0779475e-06 6.4587815e-06 0)
(-1.3519194e-07 4.8988934e-06 0)
(1.5596855e-07 4.5791318e-06 0)
(1.1826459e-06 6.0920645e-06 0)
(1.593097e-06 -1.2701195e-06 0)
(7.583189e-07 -9.4298237e-06 0)
(-7.1819835e-07 -9.4211589e-06 0)
(-1.561811e-06 -1.2547718e-06 0)
(-1.1652601e-06 6.1125916e-06 0)
(-1.5382131e-07 4.5891013e-06 0)
(1.7215281e-07 4.2367254e-06 0)
(1.2156483e-06 5.7150891e-06 0)
(1.6063382e-06 -1.1556655e-06 0)
(7.6445407e-07 -8.8344606e-06 0)
(-7.2309152e-07 -8.8269204e-06 0)
(-1.5732466e-06 -1.1306332e-06 0)
(-1.1970263e-06 5.7418854e-06 0)
(-1.6892624e-07 4.2534891e-06 0)
(2.1524552e-07 3.8334435e-06 0)
(1.1663971e-06 5.2655408e-06 0)
(1.5000371e-06 -1.0241953e-06 0)
(7.0418997e-07 -8.1021395e-06 0)
(-6.6289129e-07 -8.0898982e-06 0)
(-1.4671077e-06 -9.9667769e-07 0)
(-1.1466947e-06 5.3007205e-06 0)
(-2.1140877e-07 3.854697e-06 0)
)
;

boundaryField
{
    left
    {
        type            uniformFixedValue;
        uniformValue    sine;
        uniformValueCoeffs
        {
            t0              0;
            amplitude       constant 0.0125;
            frequency       constant 1;
            scale           constant (0 1 0);
            level           constant (0 0 0);
        }
        value           uniform (0 1.9142843e-17 0);
    }
    right
    {
        type            zeroGradient;
    }
    walls
    {
        type            fixedValue;
        value           uniform (0 0 0);
    }
    frontAndBack
    {
        type            empty;
    }
}


// ************************************************************************* //
