/*--------------------------------*- C++ -*----------------------------------*\
| =========                 |                                                 |
| \\      /  F ield         | OpenFOAM: The Open Source CFD Toolbox           |
|  \\    /   O peration     | Version:  5.x                                   |
|   \\  /    A nd           | Web:      www.OpenFOAM.org                      |
|    \\/     M anipulation  |                                                 |
\*---------------------------------------------------------------------------*/
FoamFile
{
    version     2.0;
    format      ascii;
    class       volVectorField;
    location    "1";
    object      U_0;
}
// * * * * * * * * * * * * * * * * * * * * * * * * * * * * * * * * * * * * * //

dimensions      [0 1 -1 0 0 0 0];

internalField   nonuniform List<vector> 
1920
(
(-0.0003766175 -0.0034628987 0)
(-0.00068707145 -0.0039251595 0)
(-0.00037365642 -0.0038939621 0)
(-0.0001173209 -0.0038904966 0)
(0.00011732115 -0.0038904966 0)
(0.0003736565 -0.0038939621 0)
(0.00068707131 -0.0039251595 0)
(0.00037661741 -0.0034628985 0)
(-0.00052012783 -0.0032076355 0)
(-0.0011328639 -0.0040335691 0)
(-0.00072318222 -0.0040869377 0)
(-0.00024536835 -0.004089363 0)
(0.00024536876 -0.004089363 0)
(0.00072318237 -0.0040869376 0)
(0.0011328638 -0.0040335689 0)
(0.00052012778 -0.0032076351 0)
(-0.00043561907 -0.0027956783 0)
(-0.0011200769 -0.0040309572 0)
(-0.00080804184 -0.0042920104 0)
(-0.00029029454 -0.0043526217 0)
(0.00029029502 -0.0043526216 0)
(0.00080804205 -0.0042920105 0)
(0.0011200769 -0.004030957 0)
(0.00043561911 -0.002795678 0)
(-0.0003228973 -0.0023988736 0)
(-0.00094902393 -0.0039611834 0)
(-0.00075242343 -0.004473742 0)
(-0.00028271581 -0.0046283761 0)
(0.00028271632 -0.0046283762 0)
(0.00075242366 -0.004473742 0)
(0.000949024 -0.0039611834 0)
(0.00032289736 -0.0023988735 0)
(-0.00022970875 -0.0020936903 0)
(-0.00074543576 -0.0038717698 0)
(-0.00063719945 -0.0046139844 0)
(-0.00024798148 -0.0048749159 0)
(0.00024798193 -0.0048749158 0)
(0.00063719971 -0.0046139848 0)
(0.00074543589 -0.0038717698 0)
(0.00022970884 -0.0020936904 0)
(-0.00015896015 -0.0018740291 0)
(-0.00055828039 -0.0037862853 0)
(-0.00050768771 -0.0047151043 0)
(-0.00020349653 -0.0050774105 0)
(0.0002034969 -0.0050774108 0)
(0.00050768796 -0.0047151044 0)
(0.0005582806 -0.0037862855 0)
(0.00015896025 -0.0018740291 0)
(-0.00010736134 -0.001718599 0)
(-0.00040397533 -0.0037131489 0)
(-0.00038734862 -0.0047853952 0)
(-0.00015905882 -0.0052354444 0)
(0.00015905907 -0.0052354442 0)
(0.00038734888 -0.0047853957 0)
(0.00040397559 -0.0037131489 0)
(0.00010736147 -0.0017185991 0)
(-7.0999827e-05 -0.0016103763 0)
(-0.00028476651 -0.0036545085 0)
(-0.00028574448 -0.0048329939 0)
(-0.00011993281 -0.0053543151 0)
(0.00011993297 -0.0053543154 0)
(0.00028574472 -0.0048329939 0)
(0.00028476682 -0.0036545088 0)
(7.0999959e-05 -0.0016103763 0)
(-4.6166648e-05 -0.0015364981 0)
(-0.00019638477 -0.0036096639 0)
(-0.00020525193 -0.0048645174 0)
(-8.7708033e-05 -0.0054410968 0)
(8.7708103e-05 -0.0054410966 0)
(0.00020525214 -0.0048645177 0)
(0.0001963851 -0.0036096639 0)
(4.6166793e-05 -0.0015364982 0)
(-2.9522664e-05 -0.001487 0)
(-0.00013294802 -0.0035766073 0)
(-0.00014403335 -0.004884977 0)
(-6.263859e-05 -0.0055028786 0)
(6.2638595e-05 -0.0055028788 0)
(0.00014403355 -0.0048849769 0)
(0.00013294835 -0.0035766075 0)
(2.9522814e-05 -0.0014870001 0)
(-1.8594984e-05 -0.0014543877 0)
(-8.841557e-05 -0.0035529379 0)
(-9.9096506e-05 -0.004898011 0)
(-4.371242e-05 -0.005545913 0)
(4.3712379e-05 -0.0055459127 0)
(9.9096667e-05 -0.0048980112 0)
(8.8415902e-05 -0.0035529378 0)
(1.8595125e-05 -0.0014543878 0)
(-1.1500236e-05 -0.0014332365 0)
(-5.7851113e-05 -0.0035363993 0)
(-6.6874527e-05 -0.0049061583 0)
(-2.9954819e-05 -0.005575307 0)
(2.995474e-05 -0.0055753073 0)
(6.6874676e-05 -0.0049061581 0)
(5.7851406e-05 -0.0035363995 0)
(1.1500382e-05 -0.0014332365 0)
(-6.9874613e-06 -0.0014197405 0)
(-3.7195469e-05 -0.0035250896 0)
(-4.4355841e-05 -0.0049111515 0)
(-2.0114119e-05 -0.005595018 0)
(2.0114029e-05 -0.0055950177 0)
(4.4355941e-05 -0.0049111516 0)
(3.7195751e-05 -0.0035250895 0)
(6.9875791e-06 -0.0014197406 0)
(-4.1451382e-06 -0.0014112766 0)
(-2.3507651e-05 -0.0035175106 0)
(-2.887436e-05 -0.0049141421 0)
(-1.3287185e-05 -0.0056080001 0)
(1.3287077e-05 -0.0056080003 0)
(2.8874457e-05 -0.0049141419 0)
(2.3507872e-05 -0.0035175107 0)
(4.1452616e-06 -0.0014112766 0)
(-2.3969581e-06 -0.0014060715 0)
(-1.455768e-05 -0.0035125301 0)
(-1.8462169e-05 -0.0049158861 0)
(-8.5996882e-06 -0.0056163953 0)
(8.5995901e-06 -0.0056163952 0)
(1.8462217e-05 -0.0049158862 0)
(1.4557888e-05 -0.00351253 0)
(2.3970449e-06 -0.0014060715 0)
(-1.3345663e-06 -0.0014029412 0)
(-8.8202147e-06 -0.003509323 0)
(-1.1557639e-05 -0.0049168675 0)
(-5.4682292e-06 -0.0056217201 0)
(5.4681271e-06 -0.0056217202 0)
(1.1557694e-05 -0.0049168673 0)
(8.8203593e-06 -0.003509323 0)
(1.3346607e-06 -0.0014029412 0)
(-7.0813372e-07 -0.0014011106 0)
(-5.1957195e-06 -0.003507301 0)
(-7.0753215e-06 -0.0049173945 0)
(-3.395983e-06 -0.0056250255 0)
(3.3959005e-06 -0.0056250254 0)
(7.0753367e-06 -0.0049173946 0)
(5.1958574e-06 -0.0035073009 0)
(7.0819238e-07 -0.0014011106 0)
(-3.4639938e-07 -0.0014000772 0)
(-2.9572129e-06 -0.0035060573 0)
(-4.2101634e-06 -0.0049176566 0)
(-2.0602387e-06 -0.005627027 0)
(2.0601626e-06 -0.0056270271 0)
(4.2101932e-06 -0.0049176566 0)
(2.9573011e-06 -0.0035060574 0)
(3.4646666e-07 -0.0014000772 0)
(-1.4658889e-07 -0.0013995227 0)
(-1.6024049e-06 -0.0035053131 0)
(-2.4208266e-06 -0.0049177713 0)
(-1.2101337e-06 -0.0056282024 0)
(1.2100816e-06 -0.0056282024 0)
(2.420834e-06 -0.0049177714 0)
(1.6024931e-06 -0.0035053131 0)
(1.4662832e-07 -0.0013995228 0)
(-4.1283019e-08 -0.0013992471 0)
(-8.0698108e-07 -0.0035048841 0)
(-1.3264544e-06 -0.0049178064 0)
(-6.8406392e-07 -0.0056288661 0)
(6.8402676e-07 -0.0056288662 0)
(1.3264812e-06 -0.0049178065 0)
(8.0704042e-07 -0.0035048843 0)
(4.132989e-08 -0.0013992472 0)
(9.3033486e-09 -0.0013991286 0)
(-3.5553171e-07 -0.0035046479 0)
(-6.7733292e-07 -0.0049178033 0)
(-3.6481846e-07 -0.0056292202 0)
(3.6480729e-07 -0.0056292203 0)
(6.7735561e-07 -0.0049178035 0)
(3.5559478e-07 -0.003504648 0)
(-9.2733813e-09 -0.0013991287 0)
(3.0096993e-08 -0.0013990936 0)
(-1.1271969e-07 -0.0035045274 0)
(-3.0473557e-07 -0.0049177832 0)
(-1.7852135e-07 -0.0056293933 0)
(1.7853252e-07 -0.0056293934 0)
(3.0477865e-07 -0.0049177834 0)
(1.127749e-07 -0.0035045276 0)
(-3.0062736e-08 -0.0013990937 0)
(3.500991e-08 -0.0013990997 0)
(8.7596426e-09 -0.0035044728 0)
(-1.0232466e-07 -0.0049177589 0)
(-7.2779627e-08 -0.0056294643 0)
(7.2816182e-08 -0.0056294644 0)
(1.023791e-07 -0.0049177591 0)
(-8.7009313e-09 -0.0035044731 0)
(-3.4982062e-08 -0.0013990998 0)
(3.2841602e-08 -0.0013991229 0)
(6.0521463e-08 -0.0035044548 0)
(9.7995586e-10 -0.0049177352 0)
(-1.7791982e-08 -0.0056294813 0)
(1.7856492e-08 -0.0056294814 0)
(-9.0765308e-10 -0.0049177355 0)
(-6.0454383e-08 -0.0035044551 0)
(-3.2813533e-08 -0.001399123 0)
(2.734928e-08 -0.0013991508 0)
(7.6351012e-08 -0.0035044549 0)
(4.560814e-08 -0.0049177153 0)
(1.001379e-08 -0.0056294721 0)
(-9.9263425e-09 -0.0056294723 0)
(-4.5514187e-08 -0.0049177156 0)
(-7.6283365e-08 -0.0035044552 0)
(-2.731967e-08 -0.0013991509 0)
(2.1774524e-08 -0.001399177 0)
(7.2837628e-08 -0.0035044633 0)
(6.0802502e-08 -0.0049176992 0)
(1.9727928e-08 -0.0056294526 0)
(-1.9611198e-08 -0.0056294527 0)
(-6.069524e-08 -0.0049176996 0)
(-7.2751955e-08 -0.0035044636 0)
(-2.174848e-08 -0.0013991771 0)
(1.6134829e-08 -0.0013991992 0)
(6.2957941e-08 -0.0035044741 0)
(5.8610915e-08 -0.0049176871 0)
(2.3062558e-08 -0.0056294308 0)
(-2.2926301e-08 -0.005629431 0)
(-5.8478049e-08 -0.0049176874 0)
(-6.2875676e-08 -0.0035044744 0)
(-1.6102523e-08 -0.0013991994 0)
(1.2023151e-08 -0.0013992168 0)
(4.9640959e-08 -0.0035044847 0)
(5.163082e-08 -0.0049176781 0)
(2.0040722e-08 -0.0056294109 0)
(-1.9877333e-08 -0.005629411 0)
(-5.1489655e-08 -0.0049176784 0)
(-4.9537047e-08 -0.003504485 0)
(-1.1997097e-08 -0.001399217 0)
(8.2233908e-09 -0.0013992301 0)
(3.8487908e-08 -0.0035044938 0)
(4.0599941e-08 -0.0049176716 0)
(1.7863417e-08 -0.0056293941 0)
(-1.7685204e-08 -0.0056293942 0)
(-4.0434304e-08 -0.0049176719 0)
(-3.8390987e-08 -0.0035044942 0)
(-8.1892254e-09 -0.0013992303 0)
(5.9755412e-09 -0.0013992398 0)
(2.7625446e-08 -0.0035045011 0)
(3.2068673e-08 -0.004917667 0)
(1.2928759e-08 -0.0056293809 0)
(-1.2727781e-08 -0.005629381 0)
(-3.1899484e-08 -0.0049176674 0)
(-2.7507653e-08 -0.0035045015 0)
(-5.9489208e-09 -0.00139924 0)
(3.7458118e-09 -0.0013992467 0)
(2.0394202e-08 -0.0035045067 0)
(2.2742483e-08 -0.0049176639 0)
(1.0870742e-08 -0.0056293709 0)
(-1.0660263e-08 -0.005629371 0)
(-2.2553119e-08 -0.0049176642 0)
(-2.0285828e-08 -0.003504507 0)
(-3.7112494e-09 -0.0013992468 0)
(2.7762558e-09 -0.0013992514 0)
(1.3527816e-08 -0.0035045107 0)
(1.724863e-08 -0.0049176617 0)
(6.8284925e-09 -0.0056293636 0)
(-6.6011716e-09 -0.0056293637 0)
(-1.7059711e-08 -0.004917662 0)
(-1.3401894e-08 -0.003504511 0)
(-2.7493014e-09 -0.0013992515 0)
(1.5123931e-09 -0.0013992545 0)
(9.8592303e-09 -0.0035045135 0)
(1.111942e-08 -0.0049176602 0)
(5.9484125e-09 -0.0056293583 0)
(-5.717081e-09 -0.0056293585 0)
(-1.091619e-08 -0.0049176605 0)
(-9.7439623e-09 -0.0035045139 0)
(-1.4787893e-09 -0.0013992547 0)
(1.2547109e-09 -0.0013992566 0)
(5.9007903e-09 -0.0035045155 0)
(8.5049923e-09 -0.0049176592 0)
(3.0485525e-09 -0.0056293547 0)
(-2.8069291e-09 -0.0056293548 0)
(-8.3054506e-09 -0.0049176594 0)
(-5.7723439e-09 -0.0035045158 0)
(-1.2279325e-09 -0.0013992567 0)
(5.0126123e-10 -0.0013992579 0)
(4.4767562e-09 -0.0035045167 0)
(4.7617198e-09 -0.0049176584 0)
(3.138338e-09 -0.0056293521 0)
(-2.8979305e-09 -0.0056293522 0)
(-4.5541154e-09 -0.0049176587 0)
(-4.3593003e-09 -0.003504517 0)
(-4.6953539e-10 -0.001399258 0)
(5.930185e-10 -0.0013992587 0)
(2.202267e-09 -0.0035045175 0)
(3.9894815e-09 -0.0049176579 0)
(1.038779e-09 -0.0056293504 0)
(-7.9442722e-10 -0.0056293505 0)
(-3.7881016e-09 -0.0049176582 0)
(-2.0760082e-09 -0.0035045177 0)
(-5.6690702e-10 -0.0013992588 0)
(8.3643104e-11 -0.0013992591 0)
(1.9775204e-09 -0.0035045179 0)
(1.6481568e-09 -0.0049176576 0)
(1.7141107e-09 -0.0056293493 0)
(-1.475616e-09 -0.0056293493 0)
(-1.4444644e-09 -0.0049176578 0)
(-1.8620306e-09 -0.0035045181 0)
(-5.4232107e-11 -0.0013992592 0)
(3.2979495e-10 -0.0013992593 0)
(5.6327457e-10 -0.0035045181 0)
(1.8687918e-09 -0.0049176573 0)
(7.4519982e-11 -0.0056293485 0)
(1.6234364e-10 -0.0056293486 0)
(-1.6732102e-09 -0.0049176575 0)
(-4.4276091e-10 -0.0035045183 0)
(-3.0468964e-10 -0.0013992594 0)
(-7.1402491e-11 -0.0013992594 0)
(9.1107214e-10 -0.0035045181 0)
(2.5330835e-10 -0.004917657 0)
(1.0505193e-09 -0.005629348 0)
(-8.2328617e-10 -0.005629348 0)
(-6.0149702e-11 -0.0049176572 0)
(-8.0080083e-10 -0.0035045183 0)
(9.8445351e-11 -0.0013992595 0)
(2.3525332e-10 -0.0013992594 0)
(-1.0069637e-10 -0.003504518 0)
(9.4993424e-10 -0.0049176568 0)
(-3.5072483e-10 -0.0056293476 0)
(5.7199598e-10 -0.0056293477 0)
(-7.6611769e-10 -0.004917657 0)
(2.1308311e-10 -0.0035045182 0)
(-2.1131208e-10 -0.0013992594 0)
(-1.2045378e-10 -0.0013992593 0)
(4.9357844e-10 -0.0035045179 0)
(-3.2001365e-10 -0.0049176566 0)
(7.5982784e-10 -0.0056293473 0)
(-5.5081356e-10 -0.0056293474 0)
(4.9795347e-10 -0.0049176568 0)
(-3.9072292e-10 -0.003504518 0)
(1.453238e-10 -0.0013992594 0)
(2.0542559e-10 -0.0013992592 0)
(-3.4191394e-10 -0.0035045177 0)
(5.8073684e-10 -0.0049176564 0)
(-5.239311e-10 -0.0056293471 0)
(7.2409937e-10 -0.0056293472 0)
(-4.1266437e-10 -0.0049176566 0)
(4.4489475e-10 -0.0035045178 0)
(-1.8264655e-10 -0.0013992593 0)
(-1.3112977e-10 -0.0013992591 0)
(3.4528895e-10 -0.0035045175 0)
(-5.3334685e-10 -0.0049176562 0)
(6.3616256e-10 -0.005629347 0)
(-4.496314e-10 -0.005629347 0)
(6.9340635e-10 -0.0049176564 0)
(-2.5098772e-10 -0.0035045176 0)
(1.5415005e-10 -0.0013992592 0)
(1.9734826e-10 -0.001399259 0)
(-4.1570906e-10 -0.0035045173 0)
(4.4220408e-10 -0.0049176561 0)
(-5.8877186e-10 -0.0056293468 0)
(7.6502674e-10 -0.0056293469 0)
(-2.9182509e-10 -0.0049176562 0)
(5.0896526e-10 -0.0035045174 0)
(-1.7561449e-10 -0.001399259 0)
(-1.3000468e-10 -0.0013992589 0)
(2.9807872e-10 -0.0035045171 0)
(-6.0205061e-10 -0.0049176559 0)
(5.8129629e-10 -0.0056293467 0)
(-4.1885509e-10 -0.0056293468 0)
(7.4346454e-10 -0.004917656 0)
(-2.125251e-10 -0.0035045172 0)
(1.5153786e-10 -0.0013992589 0)
(1.9501536e-10 -0.0013992588 0)
(-4.3022204e-10 -0.0035045169 0)
(3.9181915e-10 -0.0049176557 0)
(-6.1055715e-10 -0.0056293466 0)
(7.625748e-10 -0.0056293467 0)
(-2.5925318e-10 -0.0049176558 0)
(5.1420496e-10 -0.003504517 0)
(-1.7414316e-10 -0.0013992588 0)
(-1.2635999e-10 -0.0013992587 0)
(2.8391944e-10 -0.0035045167 0)
(-6.182114e-10 -0.0049176555 0)
(5.5255041e-10 -0.0056293465 0)
(-4.1350993e-10 -0.0056293465 0)
(7.4179762e-10 -0.0049176556 0)
(-2.0655939e-10 -0.0035045167 0)
(1.4675149e-10 -0.0013992587 0)
(1.9328437e-10 -0.0013992586 0)
(-4.270888e-10 -0.0035045165 0)
(3.7135082e-10 -0.0049176554 0)
(-6.1636482e-10 -0.0056293464 0)
(7.4581754e-10 -0.0056293464 0)
(-2.5527633e-10 -0.0049176554 0)
(5.0279469e-10 -0.0035045165 0)
(-1.7306687e-10 -0.0013992586 0)
(-1.2287895e-10 -0.0013992584 0)
(2.7811675e-10 -0.0035045163 0)
(-6.1769897e-10 -0.0049176552 0)
(5.3313434e-10 -0.0056293463 0)
(-4.1509614e-10 -0.0056293463 0)
(7.2541838e-10 -0.0049176552 0)
(-2.078934e-10 -0.0035045163 0)
(1.4242485e-10 -0.0013992584 0)
(1.9092959e-10 -0.0013992583 0)
(-4.2044415e-10 -0.003504516 0)
(3.5939074e-10 -0.004917655 0)
(-6.1632506e-10 -0.0056293462 0)
(7.2624082e-10 -0.0056293462 0)
(-2.5752984e-10 -0.004917655 0)
(4.8917939e-10 -0.0035045161 0)
(-1.7117072e-10 -0.0013992583 0)
(-1.2004077e-10 -0.0013992582 0)
(2.7306697e-10 -0.0035045158 0)
(-6.1292321e-10 -0.0049176548 0)
(5.1721369e-10 -0.0056293461 0)
(-4.1674014e-10 -0.0056293461 0)
(7.0739858e-10 -0.0049176549 0)
(-2.0866777e-10 -0.0035045158 0)
(1.389728e-10 -0.0013992582 0)
(1.8791542e-10 -0.0013992581 0)
(-4.1415806e-10 -0.0035045156 0)
(3.491826e-10 -0.0049176547 0)
(-6.137792e-10 -0.005629346 0)
(7.0788505e-10 -0.005629346 0)
(-2.587879e-10 -0.0049176547 0)
(4.7732532e-10 -0.0035045156 0)
(-1.6845259e-10 -0.0013992581 0)
(-1.1774477e-10 -0.001399258 0)
(2.6714413e-10 -0.0035045154 0)
(-6.0745569e-10 -0.0049176545 0)
(5.0308707e-10 -0.0056293459 0)
(-4.1633074e-10 -0.0056293459 0)
(6.9152954e-10 -0.0049176545 0)
(-2.0721399e-10 -0.0035045154 0)
(1.3622692e-10 -0.001399258 0)
(1.8444919e-10 -0.0013992579 0)
(-4.0879454e-10 -0.0035045152 0)
(3.3913989e-10 -0.0049176543 0)
(-6.0969163e-10 -0.0056293458 0)
(6.9184462e-10 -0.0056293458 0)
(-2.5740902e-10 -0.0049176543 0)
(4.6772342e-10 -0.0035045152 0)
(-1.6516497e-10 -0.0013992579 0)
(-1.1582515e-10 -0.0013992578 0)
(2.6043128e-10 -0.003504515 0)
(-6.01991e-10 -0.0049176541 0)
(4.9035988e-10 -0.0056293457 0)
(-4.1356825e-10 -0.0056293457 0)
(6.7837734e-10 -0.0049176542 0)
(-2.0373054e-10 -0.003504515 0)
(1.3395786e-10 -0.0013992578 0)
(1.8071317e-10 -0.0013992577 0)
(-4.0412562e-10 -0.0035045148 0)
(3.291708e-10 -0.004917654 0)
(-6.0436889e-10 -0.0056293456 0)
(6.7813406e-10 -0.0056293457 0)
(-2.5354768e-10 -0.004917654 0)
(4.5995893e-10 -0.0035045148 0)
(-1.6153802e-10 -0.0013992577 0)
(-1.1416961e-10 -0.0013992576 0)
(2.5328877e-10 -0.0035045146 0)
(-5.965187e-10 -0.0049176538 0)
(4.7891532e-10 -0.0056293456 0)
(-4.087748e-10 -0.0056293456 0)
(6.6757175e-10 -0.0049176538 0)
(-1.9878931e-10 -0.0035045146 0)
(1.3199853e-10 -0.0013992576 0)
(1.7682363e-10 -0.0013992575 0)
(-3.9989235e-10 -0.0035045144 0)
(3.1943703e-10 -0.0049176536 0)
(-5.9802755e-10 -0.0056293455 0)
(6.6641785e-10 -0.0056293455 0)
(-2.4779205e-10 -0.0049176537 0)
(4.5352786e-10 -0.0035045144 0)
(-1.5773202e-10 -0.0013992575 0)
(-1.1271974e-10 -0.0013992574 0)
(2.4598299e-10 -0.0035045142 0)
(-5.9098351e-10 -0.0049176535 0)
(4.6861836e-10 -0.0056293454 0)
(-4.0244014e-10 -0.0056293454 0)
(6.5857938e-10 -0.0049176535 0)
(-1.9290898e-10 -0.0035045142 0)
(1.302469e-10 -0.0013992574 0)
(1.7284805e-10 -0.0013992573 0)
(-3.9595368e-10 -0.003504514 0)
(3.1003357e-10 -0.0049176533 0)
(-5.9092195e-10 -0.0056293453 0)
(6.5628355e-10 -0.0056293453 0)
(-2.4073713e-10 -0.0049176534 0)
(4.4803182e-10 -0.003504514 0)
(-1.5385039e-10 -0.0013992573 0)
(-1.1144862e-10 -0.0013992572 0)
(2.3865533e-10 -0.0035045138 0)
(-5.8541203e-10 -0.0049176532 0)
(4.5928002e-10 -0.0056293452 0)
(-3.9505578e-10 -0.0056293452 0)
(6.5092177e-10 -0.0049176532 0)
(-1.8648142e-10 -0.0035045138 0)
(1.2864428e-10 -0.0013992572 0)
(1.6882734e-10 -0.0013992571 0)
(-3.9226248e-10 -0.0035045136 0)
(3.0096561e-10 -0.004917653 0)
(-5.8333225e-10 -0.0056293451 0)
(6.4734056e-10 -0.0056293452 0)
(-2.3288173e-10 -0.0049176531 0)
(4.4318626e-10 -0.0035045137 0)
(-1.4996052e-10 -0.0013992571 0)
(-1.1034318e-10 -0.001399257 0)
(2.3136885e-10 -0.0035045134 0)
(-5.7988829e-10 -0.0049176529 0)
(4.5069122e-10 -0.0056293451 0)
(-3.8705683e-10 -0.0056293451 0)
(6.4421494e-10 -0.0049176529 0)
(-1.7979118e-10 -0.0035045135 0)
(1.2715679e-10 -0.001399257 0)
(1.6479054e-10 -0.0013992569 0)
(-3.88817e-10 -0.0035045132 0)
(2.9219266e-10 -0.0049176527 0)
(-5.7552661e-10 -0.005629345 0)
(6.3925459e-10 -0.005629345 0)
(-2.246218e-10 -0.0049176528 0)
(4.3879112e-10 -0.0035045133 0)
(-1.4610846e-10 -0.0013992569 0)
(-1.0939376e-10 -0.0013992568 0)
(2.2415306e-10 -0.003504513 0)
(-5.7450922e-10 -0.0049176526 0)
(4.4265896e-10 -0.0056293449 0)
(-3.7880368e-10 -0.005629345 0)
(6.3816109e-10 -0.0049176526 0)
(-1.7304595e-10 -0.0035045131 0)
(1.2576372e-10 -0.0013992568 0)
(1.6076245e-10 -0.0013992567 0)
(-3.8562613e-10 -0.0035045129 0)
(2.8366885e-10 -0.0049176524 0)
(-5.6773312e-10 -0.0056293449 0)
(6.3175708e-10 -0.0056293449 0)
(-2.1626528e-10 -0.0049176525 0)
(4.3470331e-10 -0.0035045129 0)
(-1.4232749e-10 -0.0013992567 0)
(-1.0858998e-10 -0.0013992566 0)
(2.1703035e-10 -0.0035045127 0)
(-5.6935472e-10 -0.0049176523 0)
(4.3502809e-10 -0.0056293448 0)
(-3.7058035e-10 -0.0056293448 0)
(6.3253309e-10 -0.0049176524 0)
(-1.6639962e-10 -0.0035045128 0)
(1.2445129e-10 -0.0013992566 0)
(1.5676643e-10 -0.0013992565 0)
(-3.8269194e-10 -0.0035045125 0)
(2.7536445e-10 -0.0049176522 0)
(-5.6012691e-10 -0.0056293447 0)
(6.246437e-10 -0.0056293448 0)
(-2.0804778e-10 -0.0049176523 0)
(4.3081881e-10 -0.0035045126 0)
(-1.3864285e-10 -0.0013992565 0)
(-1.0791931e-10 -0.0013992564 0)
(2.100277e-10 -0.0035045123 0)
(-5.6447512e-10 -0.004917652 0)
(4.2768834e-10 -0.0056293447 0)
(-3.6259999e-10 -0.0056293447 0)
(6.2716076e-10 -0.0049176521 0)
(-1.5996694e-10 -0.0035045124 0)
(1.2320937e-10 -0.0013992564 0)
(1.5282525e-10 -0.0013992563 0)
(-3.8000398e-10 -0.0035045122 0)
(2.6727321e-10 -0.0049176519 0)
(-5.5282927e-10 -0.0056293446 0)
(6.1776724e-10 -0.0056293447 0)
(-2.0014577e-10 -0.004917652 0)
(4.2706134e-10 -0.0035045123 0)
(-1.3507411e-10 -0.0013992563 0)
(-1.0736745e-10 -0.0013992562 0)
(2.0317907e-10 -0.003504512 0)
(-5.5988972e-10 -0.0049176518 0)
(4.2057196e-10 -0.0056293446 0)
(-3.5501414e-10 -0.0056293446 0)
(6.2191938e-10 -0.0049176519 0)
(-1.5383292e-10 -0.0035045121 0)
(1.2203013e-10 -0.0013992563 0)
(1.4896055e-10 -0.0013992561 0)
(-3.7753983e-10 -0.0035045118 0)
(2.5941032e-10 -0.0049176517 0)
(-5.4591383e-10 -0.0056293445 0)
(6.1102833e-10 -0.0056293446 0)
(-1.9268751e-10 -0.0049176518 0)
(4.2337513e-10 -0.0035045119 0)
(-1.3163639e-10 -0.0013992562 0)
(-1.0691899e-10 -0.001399256 0)
(1.9652396e-10 -0.0035045117 0)
(-5.555919e-10 -0.0049176516 0)
(4.136464e-10 -0.0056293445 0)
(-3.479235e-10 -0.0056293445 0)
(6.167204e-10 -0.0049176517 0)
(-1.4805921e-10 -0.0035045118 0)
(1.2090704e-10 -0.0013992561 0)
(1.4519243e-10 -0.001399256 0)
(-3.7526806e-10 -0.0035045115 0)
(2.5180696e-10 -0.0049176515 0)
(-5.3941586e-10 -0.0056293445 0)
(6.0436536e-10 -0.0056293445 0)
(-1.8576243e-10 -0.0049176516 0)
(4.1972005e-10 -0.0035045116 0)
(-1.2834119e-10 -0.001399256 0)
(-1.0655828e-10 -0.0013992559 0)
(1.9010411e-10 -0.0035045114 0)
(-5.5155586e-10 -0.0049176513 0)
(4.0690522e-10 -0.0056293444 0)
(-3.4138829e-10 -0.0056293445 0)
(6.1150338e-10 -0.0049176514 0)
(-1.4268885e-10 -0.0035045115 0)
(1.1983463e-10 -0.0013992559 0)
(1.4153882e-10 -0.0013992558 0)
(-3.7315223e-10 -0.0035045112 0)
(2.4450368e-10 -0.0049176512 0)
(-5.3334178e-10 -0.0056293444 0)
(5.9774489e-10 -0.0056293444 0)
(-1.7942892e-10 -0.0049176513 0)
(4.1606777e-10 -0.0035045113 0)
(-1.251969e-10 -0.0013992558 0)
(-1.0626995e-10 -0.0013992557 0)
(1.8396035e-10 -0.0035045111 0)
(-5.4774379e-10 -0.0049176511 0)
(4.0035951e-10 -0.0056293444 0)
(-3.3543806e-10 -0.0056293444 0)
(6.0622936e-10 -0.0049176512 0)
(-1.3774988e-10 -0.0035045112 0)
(1.1880808e-10 -0.0013992558 0)
(1.380151e-10 -0.0013992556 0)
(-3.7115406e-10 -0.0035045109 0)
(2.3754441e-10 -0.004917651 0)
(-5.2767816e-10 -0.0056293443 0)
(5.9115373e-10 -0.0056293444 0)
(-1.7372092e-10 -0.0049176511 0)
(4.1239908e-10 -0.003504511 0)
(-1.2220928e-10 -0.0013992557 0)
(-1.0603973e-10 -0.0013992556 0)
(1.7812996e-10 -0.0035045108 0)
(-5.4411182e-10 -0.0049176509 0)
(3.9403064e-10 -0.0056293443 0)
(-3.3007956e-10 -0.0056293444 0)
(6.0087551e-10 -0.004917651 0)
(-1.3325844e-10 -0.0035045109 0)
(1.1782332e-10 -0.0013992556 0)
(1.3463378e-10 -0.0013992555 0)
(-3.6923624e-10 -0.0035045107 0)
(2.3097186e-10 -0.0049176509 0)
(-5.2239869e-10 -0.0056293443 0)
(5.8459221e-10 -0.0056293443 0)
(-1.6865363e-10 -0.004917651 0)
(4.0870165e-10 -0.0035045108 0)
(-1.1938169e-10 -0.0013992555 0)
(-1.0585444e-10 -0.0013992554 0)
(1.7264519e-10 -0.0035045105 0)
(-5.4061465e-10 -0.0049176508 0)
(3.8794455e-10 -0.0056293443 0)
(-3.2530344e-10 -0.0056293443 0)
(5.9543071e-10 -0.0049176509 0)
(-1.2922103e-10 -0.0035045106 0)
(1.1687664e-10 -0.0013992554 0)
(1.3140476e-10 -0.0013992553 0)
(-3.6736415e-10 -0.0035045104 0)
(2.2482423e-10 -0.0049176507 0)
(-5.174699e-10 -0.0056293443 0)
(5.7806915e-10 -0.0056293443 0)
(-1.6422783e-10 -0.0049176508 0)
(4.049684e-10 -0.0035045105 0)
(-1.1671545e-10 -0.0013992554 0)
(-1.0570245e-10 -0.0013992553 0)
(1.6753182e-10 -0.0035045103 0)
(-5.3720858e-10 -0.0049176506 0)
(3.8212768e-10 -0.0056293443 0)
(-3.210893e-10 -0.0056293443 0)
(5.8989233e-10 -0.0049176507 0)
(-1.2563651e-10 -0.0035045104 0)
(1.1596488e-10 -0.0013992553 0)
(1.2833502e-10 -0.0013992552 0)
(-3.6550705e-10 -0.0035045101 0)
(2.1913317e-10 -0.0049176505 0)
(-5.1285506e-10 -0.0056293442 0)
(5.7159809e-10 -0.0056293443 0)
(-1.6043326e-10 -0.0049176506 0)
(4.0119613e-10 -0.0035045102 0)
(-1.142101e-10 -0.0013992552 0)
(-1.0557358e-10 -0.0013992551 0)
(1.6280907e-10 -0.00350451 0)
(-5.3385394e-10 -0.0049176504 0)
(3.766042e-10 -0.0056293442 0)
(-3.1740955e-10 -0.0056293443 0)
(5.8426382e-10 -0.0049176505 0)
(-1.2249772e-10 -0.0035045101 0)
(1.1508523e-10 -0.0013992552 0)
(1.2542912e-10 -0.001399255 0)
(-3.6363875e-10 -0.0035045099 0)
(2.1392265e-10 -0.0049176504 0)
(-5.0851728e-10 -0.0056293442 0)
(5.6519471e-10 -0.0056293443 0)
(-1.5725159e-10 -0.0049176505 0)
(3.973847e-10 -0.00350451 0)
(-1.1186372e-10 -0.0013992551 0)
(-1.0545923e-10 -0.001399255 0)
(1.5848943e-10 -0.0035045098 0)
(-5.3051619e-10 -0.0049176503 0)
(3.7139448e-10 -0.0056293442 0)
(-3.1423223e-10 -0.0056293443 0)
(5.7855256e-10 -0.0049176504 0)
(-1.1979267e-10 -0.0035045099 0)
(1.1423528e-10 -0.001399255 0)
(1.2268913e-10 -0.0013992549 0)
(-3.6173782e-10 -0.0035045097 0)
(2.0920863e-10 -0.0049176502 0)
(-5.0442108e-10 -0.0056293442 0)
(5.5887503e-10 -0.0056293443 0)
(-1.5465847e-10 -0.0049176503 0)
(3.935362e-10 -0.0035045097 0)
(-1.0967297e-10 -0.0013992549 0)
(-1.0535229e-10 -0.0013992548 0)
(1.5457907e-10 -0.0035045095 0)
(-5.2716656e-10 -0.0049176502 0)
(3.6651405e-10 -0.0056293442 0)
(-3.1152305e-10 -0.0056293443 0)
(5.7276881e-10 -0.0049176502 0)
(-1.1750569e-10 -0.0035045096 0)
(1.1341295e-10 -0.0013992549 0)
(1.2011516e-10 -0.0013992548 0)
(-3.5978753e-10 -0.0035045094 0)
(2.049993e-10 -0.0049176501 0)
(-5.0053376e-10 -0.0056293442 0)
(5.526542e-10 -0.0056293443 0)
(-1.5262524e-10 -0.0049176502 0)
(3.8965439e-10 -0.0035045095 0)
(-1.0763355e-10 -0.0013992548 0)
(-1.0524696e-10 -0.0013992547 0)
(1.5107825e-10 -0.0035045093 0)
(-5.2378201e-10 -0.00491765 0)
(3.6197337e-10 -0.0056293442 0)
(-3.0924686e-10 -0.0056293443 0)
(5.6692446e-10 -0.0049176501 0)
(-1.1561824e-10 -0.0035045094 0)
(1.1261651e-10 -0.0013992547 0)
(1.1770541e-10 -0.0013992546 0)
(-3.5777552e-10 -0.0035045092 0)
(2.0129554e-10 -0.00491765 0)
(-4.9682582e-10 -0.0056293442 0)
(5.4654593e-10 -0.0056293443 0)
(-1.511203e-10 -0.0049176501 0)
(3.8574425e-10 -0.0035045093 0)
(-1.0574025e-10 -0.0013992547 0)
(-1.0513876e-10 -0.0013992546 0)
(1.4798224e-10 -0.0035045091 0)
(-5.2034527e-10 -0.0049176499 0)
(3.5777799e-10 -0.0056293442 0)
(-3.0736865e-10 -0.0056293443 0)
(5.6103243e-10 -0.00491765 0)
(-1.1410975e-10 -0.0035045092 0)
(1.1184442e-10 -0.0013992546 0)
(1.1545654e-10 -0.0013992545 0)
(-3.5569343e-10 -0.003504509 0)
(1.9809187e-10 -0.0049176499 0)
(-4.9327146e-10 -0.0056293443 0)
(5.4056206e-10 -0.0056293443 0)
(-1.5011018e-10 -0.0049176499 0)
(3.8181163e-10 -0.0035045091 0)
(-1.0398715e-10 -0.0013992546 0)
(-1.0502429e-10 -0.0013992545 0)
(1.4528185e-10 -0.0035045089 0)
(-5.1684405e-10 -0.0049176498 0)
(3.5392878e-10 -0.0056293443 0)
(-3.0585427e-10 -0.0056293443 0)
(5.5510605e-10 -0.0049176499 0)
(-1.1295813e-10 -0.003504509 0)
(1.1109544e-10 -0.0013992545 0)
(1.1336394e-10 -0.0013992544 0)
(-3.5353645e-10 -0.0035045088 0)
(1.9537716e-10 -0.0049176498 0)
(-4.8984825e-10 -0.0056293443 0)
(5.3471241e-10 -0.0056293443 0)
(-1.4956038e-10 -0.0049176498 0)
(3.77863e-10 -0.0035045089 0)
(-1.0236786e-10 -0.0013992544 0)
(-1.049011e-10 -0.0013992543 0)
(1.4296425e-10 -0.0035045087 0)
(-5.1327063e-10 -0.0049176497 0)
(3.5042253e-10 -0.0056293443 0)
(-3.0467094e-10 -0.0056293443 0)
(5.4915862e-10 -0.0049176498 0)
(-1.1214043e-10 -0.0035045088 0)
(1.1036851e-10 -0.0013992544 0)
(1.1142205e-10 -0.0013992543 0)
(-3.5130274e-10 -0.0035045086 0)
(1.9313564e-10 -0.0049176497 0)
(-4.8653722e-10 -0.0056293443 0)
(5.2900481e-10 -0.0056293443 0)
(-1.4943612e-10 -0.0049176497 0)
(3.7390502e-10 -0.0035045087 0)
(-1.008756e-10 -0.0013992543 0)
(-1.0476761e-10 -0.0013992542 0)
(1.4101367e-10 -0.0035045085 0)
(-5.0962129e-10 -0.0049176496 0)
(3.4725229e-10 -0.0056293443 0)
(-3.0378739e-10 -0.0056293444 0)
(5.4320318e-10 -0.0049176497 0)
(-1.1163324e-10 -0.0035045086 0)
(1.0966276e-10 -0.0013992543 0)
(1.0962441e-10 -0.0013992542 0)
(-3.4899298e-10 -0.0035045084 0)
(1.9134761e-10 -0.0049176496 0)
(-4.833225e-10 -0.0056293443 0)
(5.234451e-10 -0.0056293444 0)
(-1.497027e-10 -0.0049176496 0)
(3.6994461e-10 -0.0035045085 0)
(-9.9503415e-11 -0.0013992542 0)
(-1.0462282e-10 -0.0013992541 0)
(1.3941211e-10 -0.0035045083 0)
(-5.0589572e-10 -0.0049176495 0)
(3.4440825e-10 -0.0056293444 0)
(-3.0317416e-10 -0.0056293444 0)
(5.3725226e-10 -0.0049176496 0)
(-1.1141304e-10 -0.0035045084 0)
(1.0897737e-10 -0.0013992541 0)
(1.0796413e-10 -0.0013992541 0)
(-3.4660982e-10 -0.0035045082 0)
(1.8999081e-10 -0.0049176495 0)
(-4.8019087e-10 -0.0056293444 0)
(5.1803744e-10 -0.0056293444 0)
(-1.5032616e-10 -0.0049176495 0)
(3.6598855e-10 -0.0035045083 0)
(-9.8244194e-11 -0.0013992541 0)
(-1.0446633e-10 -0.001399254 0)
(1.3813988e-10 -0.0035045082 0)
(-5.0209583e-10 -0.0049176494 0)
(3.4187818e-10 -0.0056293444 0)
(-3.0280361e-10 -0.0056293444 0)
(5.3131762e-10 -0.0049176495 0)
(-1.1145648e-10 -0.0035045082 0)
(1.0831168e-10 -0.001399254 0)
(1.0643378e-10 -0.001399254 0)
(-3.441576e-10 -0.0035045081 0)
(1.8904036e-10 -0.0049176494 0)
(-4.7713152e-10 -0.0056293444 0)
(5.127842e-10 -0.0056293444 0)
(-1.5127335e-10 -0.0049176495 0)
(3.6204343e-10 -0.0035045081 0)
(-9.7090863e-11 -0.001399254 0)
(-1.0429813e-10 -0.0013992539 0)
(1.3717619e-10 -0.003504508 0)
(-4.9822636e-10 -0.0049176494 0)
(3.3964776e-10 -0.0056293444 0)
(-3.0264991e-10 -0.0056293445 0)
(5.2541034e-10 -0.0049176494 0)
(-1.1174076e-10 -0.003504508 0)
(1.07665e-10 -0.0013992539 0)
(1.0502588e-10 -0.0013992539 0)
(-3.4164166e-10 -0.0035045079 0)
(1.8847028e-10 -0.0049176493 0)
(-4.7413576e-10 -0.0056293445 0)
(5.0768646e-10 -0.0056293445 0)
(-1.5251238e-10 -0.0049176494 0)
(3.5811554e-10 -0.003504508 0)
(-9.6036408e-11 -0.0013992539 0)
(-1.0411855e-10 -0.0013992538 0)
(1.3649972e-10 -0.0035045078 0)
(-4.942928e-10 -0.0049176493 0)
(3.3770151e-10 -0.0056293445 0)
(-3.0268903e-10 -0.0056293445 0)
(5.1954047e-10 -0.0049176494 0)
(-1.1224371e-10 -0.0035045079 0)
(1.0703676e-10 -0.0013992538 0)
(1.0373272e-10 -0.0013992538 0)
(-3.3906819e-10 -0.0035045077 0)
(1.8825357e-10 -0.0049176493 0)
(-4.7119655e-10 -0.0056293445 0)
(5.0274407e-10 -0.0056293445 0)
(-1.5401271e-10 -0.0049176493 0)
(3.5421074e-10 -0.0035045078 0)
(-9.5073994e-11 -0.0013992538 0)
(-1.0392801e-10 -0.0013992537 0)
(1.3608879e-10 -0.0035045077 0)
(-4.9030243e-10 -0.0049176492 0)
(3.3602272e-10 -0.0056293445 0)
(-3.0289864e-10 -0.0056293446 0)
(5.1371726e-10 -0.0049176493 0)
(-1.1294394e-10 -0.0035045077 0)
(1.0642626e-10 -0.0013992537 0)
(1.0254679e-10 -0.0013992537 0)
(-3.364439e-10 -0.0035045076 0)
(1.8836283e-10 -0.0049176492 0)
(-4.683083e-10 -0.0056293446 0)
(4.9795571e-10 -0.0056293446 0)
(-1.5574523e-10 -0.0049176493 0)
(3.503346e-10 -0.0035045076 0)
(-9.4196958e-11 -0.0013992537 0)
(-1.0372722e-10 -0.0013992536 0)
(1.3592184e-10 -0.0035045075 0)
(-4.8626288e-10 -0.0049176492 0)
(3.3459417e-10 -0.0056293446 0)
(-3.0325801e-10 -0.0056293446 0)
(5.0794899e-10 -0.0049176492 0)
(-1.13821e-10 -0.0035045076 0)
(1.0583295e-10 -0.0013992536 0)
(1.0146048e-10 -0.0013992536 0)
(-3.3377574e-10 -0.0035045074 0)
(1.8877085e-10 -0.0049176491 0)
(-4.6546647e-10 -0.0056293446 0)
(4.9331912e-10 -0.0056293446 0)
(-1.5768232e-10 -0.0049176492 0)
(3.4649203e-10 -0.0035045075 0)
(-9.3398822e-11 -0.0013992536 0)
(-1.0351687e-10 -0.0013992535 0)
(1.3597761e-10 -0.0035045074 0)
(-4.8218217e-10 -0.0049176491 0)
(3.3339827e-10 -0.0056293446 0)
(-3.0374796e-10 -0.0056293447 0)
(5.0224294e-10 -0.0049176492 0)
(-1.1485534e-10 -0.0035045074 0)
(1.0525612e-10 -0.0013992535 0)
(1.0046651e-10 -0.0013992535 0)
(-3.3107065e-10 -0.0035045073 0)
(1.8945059e-10 -0.0049176491 0)
(-4.626674e-10 -0.0056293447 0)
(4.8883134e-10 -0.0056293447 0)
(-1.5979792e-10 -0.0049176491 0)
(3.4268749e-10 -0.0035045074 0)
(-9.267343e-11 -0.0013992535 0)
(-1.0329766e-10 -0.0013992534 0)
(1.3623542e-10 -0.0035045072 0)
(-4.780686e-10 -0.0049176491 0)
(3.3241734e-10 -0.0056293447 0)
(-3.0435071e-10 -0.0056293447 0)
(4.9660554e-10 -0.0049176491 0)
(-1.1602835e-10 -0.0035045073 0)
(1.0469506e-10 -0.0013992535 0)
(9.9557821e-11 -0.0013992534 0)
(-3.2833546e-10 -0.0035045072 0)
(1.9037581e-10 -0.004917649 0)
(-4.599082e-10 -0.0056293447 0)
(4.8448873e-10 -0.0056293447 0)
(-1.6206749e-10 -0.0049176491 0)
(3.3892496e-10 -0.0035045072 0)
(-9.2014852e-11 -0.0013992534 0)
(-1.0307023e-10 -0.0013992534 0)
(1.3667525e-10 -0.0035045071 0)
(-4.7393029e-10 -0.004917649 0)
(3.3163382e-10 -0.0056293448 0)
(-3.0504975e-10 -0.0056293448 0)
(4.9104233e-10 -0.0049176491 0)
(-1.1732265e-10 -0.0035045071 0)
(1.0414901e-10 -0.0013992534 0)
(9.8727635e-11 -0.0013992533 0)
(-3.2557673e-10 -0.003504507 0)
(1.9152093e-10 -0.004917649 0)
(-4.5718641e-10 -0.0056293448 0)
(4.8028708e-10 -0.0056293448 0)
(-1.6446796e-10 -0.004917649 0)
(3.3520782e-10 -0.0035045071 0)
(-9.1417501e-11 -0.0013992533 0)
(-1.0283521e-10 -0.0013992533 0)
(1.3727786e-10 -0.003504507 0)
(-4.6977508e-10 -0.004917649 0)
(3.3103032e-10 -0.0056293448 0)
(-3.0582965e-10 -0.0056293448 0)
(4.8555799e-10 -0.004917649 0)
(-1.1872165e-10 -0.003504507 0)
(1.0361714e-10 -0.0013992533 0)
(9.7969398e-11 -0.0013992532 0)
(-3.2280067e-10 -0.0035045069 0)
(1.928613e-10 -0.0049176489 0)
(-4.5449988e-10 -0.0056293448 0)
(4.7622177e-10 -0.0056293449 0)
(-1.6697772e-10 -0.004917649 0)
(3.3153898e-10 -0.003504507 0)
(-9.0876017e-11 -0.0013992533 0)
(-1.0259309e-10 -0.0013992532 0)
(1.3802482e-10 -0.0035045069 0)
(-4.6561037e-10 -0.0049176489 0)
(3.3058997e-10 -0.0056293449 0)
(-3.0667627e-10 -0.0056293449 0)
(4.8015635e-10 -0.004917649 0)
(-1.2020986e-10 -0.0035045069 0)
(1.0309852e-10 -0.0013992532 0)
(9.7276973e-11 -0.0013992532 0)
(-3.2001301e-10 -0.0035045068 0)
(1.9437344e-10 -0.0049176489 0)
(-4.5184684e-10 -0.0056293449 0)
(4.7228785e-10 -0.0056293449 0)
(-1.6957656e-10 -0.0049176489 0)
(3.2792078e-10 -0.0035045068 0)
(-9.0385357e-11 -0.0013992532 0)
(-1.0234429e-10 -0.0013992531 0)
(1.3889868e-10 -0.0035045067 0)
(-4.6144326e-10 -0.0049176489 0)
(3.3029629e-10 -0.0056293449 0)
(-3.0757622e-10 -0.0056293449 0)
(4.7484052e-10 -0.0049176489 0)
(-1.2177265e-10 -0.0035045068 0)
(1.0259223e-10 -0.0013992531 0)
(9.6644462e-11 -0.0013992531 0)
(-3.1721914e-10 -0.0035045067 0)
(1.9603478e-10 -0.0049176489 0)
(-4.4922551e-10 -0.005629345 0)
(4.6848004e-10 -0.005629345 0)
(-1.7224555e-10 -0.0049176489 0)
(3.2435524e-10 -0.0035045067 0)
(-8.9940673e-11 -0.0013992531 0)
(-1.0208905e-10 -0.001399253 0)
(1.3988283e-10 -0.0035045066 0)
(-4.5728013e-10 -0.0049176488 0)
(3.3013324e-10 -0.005629345 0)
(-3.0851718e-10 -0.005629345 0)
(4.6961294e-10 -0.0049176489 0)
(-1.2339635e-10 -0.0035045067 0)
(1.0209722e-10 -0.0013992531 0)
(9.6066378e-11 -0.001399253 0)
(-3.1442378e-10 -0.0035045066 0)
(1.978239e-10 -0.0049176488 0)
(-4.4663438e-10 -0.005629345 0)
(4.6479281e-10 -0.005629345 0)
(-1.7496695e-10 -0.0049176489 0)
(3.2084378e-10 -0.0035045066 0)
(-8.9537489e-11 -0.001399253 0)
(-1.0182758e-10 -0.001399253 0)
(1.409616e-10 -0.0035045065 0)
(-4.5312697e-10 -0.0049176488 0)
(3.300854e-10 -0.0056293451 0)
(-3.0948755e-10 -0.0056293451 0)
(4.6447534e-10 -0.0049176488 0)
(-1.2506805e-10 -0.0035045065 0)
(1.0161247e-10 -0.001399253 0)
(9.5537367e-11 -0.0013992529 0)
(-3.1163135e-10 -0.0035045065 0)
(1.997205e-10 -0.0049176488 0)
(-4.4407187e-10 -0.0056293451 0)
(4.6122049e-10 -0.0056293451 0)
(-1.7772424e-10 -0.0049176488 0)
(3.1738752e-10 -0.0035045065 0)
(-8.9171451e-11 -0.001399253 0)
(-1.015599e-10 -0.0013992529 0)
(1.421201e-10 -0.0035045064 0)
(-4.4898909e-10 -0.0049176488 0)
(3.3013784e-10 -0.0056293451 0)
(-3.1047645e-10 -0.0056293451 0)
(4.5942895e-10 -0.0049176488 0)
(-1.267757e-10 -0.0035045064 0)
(1.011368e-10 -0.0013992529 0)
(9.5052554e-11 -0.0013992529 0)
(-3.0884563e-10 -0.0035045064 0)
(2.0170525e-10 -0.0049176488 0)
(-4.4153641e-10 -0.0056293451 0)
(4.5775727e-10 -0.0056293452 0)
(-1.8050193e-10 -0.0049176488 0)
(3.139871e-10 -0.0035045064 0)
(-8.8838594e-11 -0.0013992529 0)
(-1.012859e-10 -0.0013992528 0)
(1.433444e-10 -0.0035045063 0)
(-4.4487124e-10 -0.0049176488 0)
(3.3027626e-10 -0.0056293452 0)
(-3.114738e-10 -0.0056293452 0)
(4.5447429e-10 -0.0049176488 0)
(-1.2850809e-10 -0.0035045063 0)
(1.0066909e-10 -0.0013992528 0)
(9.4607272e-11 -0.0013992528 0)
(-3.0607002e-10 -0.0035045063 0)
(2.0376e-10 -0.0049176487 0)
(-4.3902645e-10 -0.0056293452 0)
(4.5439714e-10 -0.0056293452 0)
(-1.8328573e-10 -0.0049176488 0)
(3.1064288e-10 -0.0035045063 0)
(-8.8535022e-11 -0.0013992528 0)
(-1.010054e-10 -0.0013992528 0)
(1.4462138e-10 -0.0035045062 0)
(-4.4077778e-10 -0.0049176487 0)
(3.3048693e-10 -0.0056293452 0)
(-3.1247016e-10 -0.0056293452 0)
(4.4961147e-10 -0.0049176488 0)
(-1.3025467e-10 -0.0035045062 0)
(1.0020808e-10 -0.0013992528 0)
(9.4197182e-11 -0.0013992527 0)
(-3.0330747e-10 -0.0035045062 0)
(2.0586745e-10 -0.0049176487 0)
(-4.3654045e-10 -0.0056293453 0)
(4.511341e-10 -0.0056293453 0)
(-1.8606222e-10 -0.0049176487 0)
(3.0735484e-10 -0.0035045062 0)
(-8.8257184e-11 -0.0013992528 0)
(-1.0071808e-10 -0.0013992527 0)
(1.4593868e-10 -0.0035045061 0)
(-4.3671237e-10 -0.0049176487 0)
(3.3075656e-10 -0.0056293453 0)
(-3.1345673e-10 -0.0056293453 0)
(4.4484007e-10 -0.0049176487 0)
(-1.320056e-10 -0.0035045061 0)
(9.9752535e-11 -0.0013992527 0)
(9.3818196e-11 -0.0013992527 0)
(-3.0056045e-10 -0.0035045061 0)
(2.0801141e-10 -0.0049176487 0)
(-4.340769e-10 -0.0056293453 0)
(4.4796196e-10 -0.0056293453 0)
(-1.8881897e-10 -0.0049176487 0)
(3.041226e-10 -0.0035045061 0)
(-8.8001627e-11 -0.0013992527 0)
(-1.0042353e-10 -0.0013992527 0)
(1.472847e-10 -0.003504506 0)
(-4.3267835e-10 -0.0049176487 0)
(3.3107248e-10 -0.0056293453 0)
(-3.1442534e-10 -0.0056293453 0)
(4.4015924e-10 -0.0049176487 0)
(-1.3375169e-10 -0.003504506 0)
(9.930118e-11 -0.0013992527 0)
(9.3466433e-11 -0.0013992526 0)
(-2.9783111e-10 -0.003504506 0)
(2.1017655e-10 -0.0049176487 0)
(-4.316343e-10 -0.0056293454 0)
(4.4487455e-10 -0.0056293454 0)
(-1.9154451e-10 -0.0049176487 0)
(3.0094555e-10 -0.003504506 0)
(-8.7765199e-11 -0.0013992526 0)
(-1.0012133e-10 -0.0013992526 0)
(1.4864867e-10 -0.0035045059 0)
(-4.2867858e-10 -0.0049176487 0)
(3.3142242e-10 -0.0056293454 0)
(-3.1536843e-10 -0.0056293454 0)
(4.3556765e-10 -0.0049176487 0)
(-1.3548449e-10 -0.003504506 0)
(9.8852691e-11 -0.0013992526 0)
(9.3138378e-11 -0.0013992526 0)
(-2.9512124e-10 -0.0035045059 0)
(2.1234842e-10 -0.0049176486 0)
(-4.2921127e-10 -0.0056293454 0)
(4.4186549e-10 -0.0056293454 0)
(-1.942283e-10 -0.0049176487 0)
(2.9782284e-10 -0.0035045059 0)
(-8.7544934e-11 -0.0013992526 0)
(-9.9810797e-11 -0.0013992525 0)
(1.5002045e-10 -0.0035045059 0)
(-4.2471562e-10 -0.0049176486 0)
(3.3179468e-10 -0.0056293454 0)
(-3.162793e-10 -0.0056293455 0)
(4.3106355e-10 -0.0049176487 0)
(-1.371962e-10 -0.0035045059 0)
(9.8405744e-11 -0.0013992525 0)
(9.2830737e-11 -0.0013992525 0)
(-2.9243233e-10 -0.0035045058 0)
(2.1451348e-10 -0.0049176486 0)
(-4.2680664e-10 -0.0056293455 0)
(4.3892836e-10 -0.0056293455 0)
(-1.9686084e-10 -0.0049176486 0)
(2.9475325e-10 -0.0035045058 0)
(-8.7337999e-11 -0.0013992525 0)
(-9.9491423e-11 -0.0013992525 0)
(1.5139056e-10 -0.0035045058 0)
(-4.2079173e-10 -0.0049176486 0)
(3.3217798e-10 -0.0056293455 0)
(-3.1715188e-10 -0.0056293455 0)
(4.2664476e-10 -0.0049176486 0)
(-1.3887964e-10 -0.0035045058 0)
(9.7959024e-11 -0.0013992525 0)
(9.2540429e-11 -0.0013992525 0)
(-2.8976567e-10 -0.0035045057 0)
(2.1665892e-10 -0.0049176486 0)
(-4.2441937e-10 -0.0056293455 0)
(4.3605663e-10 -0.0056293455 0)
(-1.9943367e-10 -0.0049176486 0)
(2.9173538e-10 -0.0035045057 0)
(-8.7141818e-11 -0.0013992525 0)
(-9.916246e-11 -0.0013992524 0)
(1.5275032e-10 -0.0035045057 0)
(-4.16909e-10 -0.0049176486 0)
(3.325614e-10 -0.0056293456 0)
(-3.1798093e-10 -0.0056293456 0)
(4.2230863e-10 -0.0049176486 0)
(-1.4052849e-10 -0.0035045057 0)
(9.7511218e-11 -0.0013992524 0)
(9.2264677e-11 -0.0013992524 0)
(-2.8712221e-10 -0.0035045057 0)
(2.1877285e-10 -0.0049176486 0)
(-4.2204884e-10 -0.0056293456 0)
(4.3324356e-10 -0.0056293456 0)
(-2.0193935e-10 -0.0049176486 0)
(2.8876751e-10 -0.0035045057 0)
(-8.6954058e-11 -0.0013992524 0)
(-9.8823289e-11 -0.0013992524 0)
(1.540916e-10 -0.0035045056 0)
(-4.1306933e-10 -0.0049176486 0)
(3.329344e-10 -0.0056293456 0)
(-3.1876223e-10 -0.0056293456 0)
(4.180521e-10 -0.0049176486 0)
(-1.4213702e-10 -0.0035045056 0)
(9.7061009e-11 -0.0013992524 0)
(9.2000854e-11 -0.0013992524 0)
(-2.8450292e-10 -0.0035045056 0)
(2.20844e-10 -0.0049176486 0)
(-4.1969492e-10 -0.0056293456 0)
(4.3048223e-10 -0.0056293456 0)
(-2.0437166e-10 -0.0049176486 0)
(2.8584779e-10 -0.0035045056 0)
(-8.6772539e-11 -0.0013992524 0)
(-9.8473212e-11 -0.0013992523 0)
(1.5540699e-10 -0.0035045055 0)
(-4.0927476e-10 -0.0049176486 0)
(3.3328671e-10 -0.0056293457 0)
(-3.194927e-10 -0.0056293457 0)
(4.1387162e-10 -0.0049176486 0)
(-1.4370041e-10 -0.0035045056 0)
(9.6607167e-11 -0.0013992523 0)
(9.1746723e-11 -0.0013992523 0)
(-2.8190862e-10 -0.0035045055 0)
(2.2286187e-10 -0.0049176486 0)
(-4.1735813e-10 -0.0056293457 0)
(4.2776536e-10 -0.0056293457 0)
(-2.0672571e-10 -0.0049176486 0)
(2.8297403e-10 -0.0035045055 0)
(-8.6595371e-11 -0.0013992523 0)
(-9.8111555e-11 -0.0013992523 0)
(1.566896e-10 -0.0035045055 0)
(-4.0552742e-10 -0.0049176485 0)
(3.3360828e-10 -0.0056293457 0)
(-3.2017048e-10 -0.0056293457 0)
(4.0976299e-10 -0.0049176486 0)
(-1.4521465e-10 -0.0035045055 0)
(9.6148492e-11 -0.0013992523 0)
(9.1500185e-11 -0.0013992523 0)
(-2.793402e-10 -0.0035045054 0)
(2.2481653e-10 -0.0049176485 0)
(-4.1503985e-10 -0.0056293457 0)
(4.2508532e-10 -0.0056293457 0)
(-2.0899811e-10 -0.0049176485 0)
(2.8014388e-10 -0.0035045055 0)
(-8.6420809e-11 -0.0013992523 0)
(-9.773772e-11 -0.0013992522 0)
(1.5793324e-10 -0.0035045054 0)
(-4.018299e-10 -0.0049176485 0)
(3.3388912e-10 -0.0056293458 0)
(-3.2079533e-10 -0.0056293458 0)
(4.0572153e-10 -0.0049176485 0)
(-1.4667669e-10 -0.0035045054 0)
(9.5683878e-11 -0.0013992522 0)
(9.125955e-11 -0.0013992522 0)
(-2.7679874e-10 -0.0035045054 0)
(2.2669856e-10 -0.0049176485 0)
(-4.1274258e-10 -0.0056293458 0)
(4.2243391e-10 -0.0056293458 0)
(-2.1118703e-10 -0.0049176485 0)
(2.7735462e-10 -0.0035045054 0)
(-8.6247496e-11 -0.0013992522 0)
(-9.735123e-11 -0.0013992522 0)
(1.5913224e-10 -0.0035045053 0)
(-3.9818523e-10 -0.0049176485 0)
(3.3411912e-10 -0.0056293458 0)
(-3.2136879e-10 -0.0056293458 0)
(4.0174173e-10 -0.0049176485 0)
(-1.4808463e-10 -0.0035045054 0)
(9.5212285e-11 -0.0013992522 0)
(9.102326e-11 -0.0013992522 0)
(-2.7428549e-10 -0.0035045053 0)
(2.2849906e-10 -0.0049176485 0)
(-4.1047033e-10 -0.0056293458 0)
(4.1980219e-10 -0.0056293458 0)
(-2.132927e-10 -0.0049176485 0)
(2.7460327e-10 -0.0035045053 0)
(-8.60743e-11 -0.0013992522 0)
(-9.6951635e-11 -0.0013992522 0)
(1.6028143e-10 -0.0035045053 0)
(-3.9459742e-10 -0.0049176485 0)
(3.3428791e-10 -0.0056293458 0)
(-3.2189463e-10 -0.0056293458 0)
(3.9781726e-10 -0.0049176485 0)
(-1.4943771e-10 -0.0035045053 0)
(9.4732799e-11 -0.0013992522 0)
(9.0790087e-11 -0.0013992521 0)
(-2.7180226e-10 -0.0035045052 0)
(2.3020913e-10 -0.0049176485 0)
(-4.0822891e-10 -0.0056293459 0)
(4.1718031e-10 -0.0056293459 0)
(-2.1531753e-10 -0.0049176485 0)
(2.7188651e-10 -0.0035045053 0)
(-8.590037e-11 -0.0013992521 0)
(-9.6538722e-11 -0.0013992521 0)
(1.613759e-10 -0.0035045052 0)
(-3.9107172e-10 -0.0049176485 0)
(3.3438452e-10 -0.0056293459 0)
(-3.2237927e-10 -0.0056293459 0)
(3.9394072e-10 -0.0049176485 0)
(-1.5073649e-10 -0.0035045052 0)
(9.4244718e-11 -0.0013992521 0)
(9.0559088e-11 -0.0013992521 0)
(-2.6935152e-10 -0.0035045052 0)
(2.3181982e-10 -0.0049176485 0)
(-4.0602659e-10 -0.0056293459 0)
(4.1455705e-10 -0.0056293459 0)
(-2.1726631e-10 -0.0049176485 0)
(2.6920071e-10 -0.0035045052 0)
(-8.572522e-11 -0.0013992521 0)
(-9.6112402e-11 -0.0013992521 0)
(1.6241112e-10 -0.0035045052 0)
(-3.8761504e-10 -0.0049176485 0)
(3.3439681e-10 -0.0056293459 0)
(-3.2283215e-10 -0.0056293459 0)
(3.9010358e-10 -0.0049176485 0)
(-1.5198305e-10 -0.0035045052 0)
(9.3747441e-11 -0.0013992521 0)
(9.032956e-11 -0.0013992521 0)
(-2.6693663e-10 -0.0035045051 0)
(2.3332176e-10 -0.0049176485 0)
(-4.0387453e-10 -0.005629346 0)
(4.1191958e-10 -0.005629346 0)
(-2.1914686e-10 -0.0049176485 0)
(2.6654163e-10 -0.0035045051 0)
(-8.5548655e-11 -0.0013992521 0)
(-9.5672989e-11 -0.001399252 0)
(1.633824e-10 -0.0035045051 0)
(-3.8423644e-10 -0.0049176485 0)
(3.3431134e-10 -0.005629346 0)
(-3.2326645e-10 -0.005629346 0)
(3.8629577e-10 -0.0049176485 0)
(-1.5318117e-10 -0.0035045051 0)
(9.3240585e-11 -0.001399252 0)
(9.010095e-11 -0.001399252 0)
(-2.645623e-10 -0.0035045051 0)
(2.3470468e-10 -0.0049176485 0)
(-4.0178736e-10 -0.005629346 0)
(4.09253e-10 -0.005629346 0)
(-2.2097003e-10 -0.0049176485 0)
(2.6390462e-10 -0.0035045051 0)
(-8.5370864e-11 -0.001399252 0)
(-9.5221011e-11 -0.001399252 0)
(1.6428496e-10 -0.003504505 0)
(-3.8094776e-10 -0.0049176485 0)
(3.3411275e-10 -0.005629346 0)
(-3.2369938e-10 -0.005629346 0)
(3.8250555e-10 -0.0049176485 0)
(-1.5433633e-10 -0.003504505 0)
(9.2723973e-11 -0.001399252 0)
(8.9873053e-11 -0.001399252 0)
(-2.6223472e-10 -0.003504505 0)
(2.3595713e-10 -0.0049176484 0)
(-3.9978383e-10 -0.005629346 0)
(4.0654023e-10 -0.005629346 0)
(-2.2275029e-10 -0.0049176484 0)
(2.6128438e-10 -0.003504505 0)
(-8.5192479e-11 -0.001399252 0)
(-9.4757456e-11 -0.001399252 0)
(1.6511353e-10 -0.003504505 0)
(-3.7776396e-10 -0.0049176484 0)
(3.3378339e-10 -0.0056293461 0)
(-3.2415249e-10 -0.0056293461 0)
(3.787195e-10 -0.0049176484 0)
(-1.5545605e-10 -0.003504505 0)
(9.2197647e-11 -0.001399252 0)
(8.9645733e-11 -0.0013992519 0)
(-2.5996194e-10 -0.003504505 0)
(2.3706595e-10 -0.0049176484 0)
(-3.9788696e-10 -0.0056293461 0)
(4.0376168e-10 -0.0056293461 0)
(-2.2450543e-10 -0.0049176484 0)
(2.5867497e-10 -0.003504505 0)
(-8.501446e-11 -0.0013992519 0)
(-9.4283701e-11 -0.0013992519 0)
(1.6586219e-10 -0.0035045049 0)
(-3.7470339e-10 -0.0049176484 0)
(3.333033e-10 -0.0056293461 0)
(-3.2465174e-10 -0.0056293461 0)
(3.749225e-10 -0.0049176484 0)
(-1.5654962e-10 -0.0035045049 0)
(9.1661855e-11 -0.0013992519 0)
(8.9418931e-11 -0.0013992519 0)
(-2.5775402e-10 -0.0035045049 0)
(2.3801648e-10 -0.0049176484 0)
(-3.9612406e-10 -0.0056293461 0)
(4.0089568e-10 -0.0056293461 0)
(-2.2625656e-10 -0.0049176484 0)
(2.5607004e-10 -0.0035045049 0)
(-8.4838194e-11 -0.0013992519 0)
(-9.3801745e-11 -0.0013992519 0)
(1.6652424e-10 -0.0035045049 0)
(-3.7178773e-10 -0.0049176484 0)
(3.3265065e-10 -0.0056293461 0)
(-3.2522681e-10 -0.0056293461 0)
(3.7109842e-10 -0.0049176484 0)
(-1.5762803e-10 -0.0035045049 0)
(9.1117062e-11 -0.0013992519 0)
(8.919274e-11 -0.0013992519 0)
(-2.5562296e-10 -0.0035045049 0)
(2.3879263e-10 -0.0049176484 0)
(-3.9452561e-10 -0.0056293461 0)
(3.9791954e-10 -0.0056293461 0)
(-2.2802713e-10 -0.0049176484 0)
(2.5346304e-10 -0.0035045049 0)
(-8.4665394e-11 -0.0013992519 0)
(-9.3313953e-11 -0.0013992519 0)
(1.6709243e-10 -0.0035045048 0)
(-3.6904102e-10 -0.0049176484 0)
(3.3180312e-10 -0.0056293462 0)
(-3.2590934e-10 -0.0056293462 0)
(3.6723106e-10 -0.0049176484 0)
(-1.5870325e-10 -0.0035045048 0)
(9.0563957e-11 -0.0013992519 0)
(8.8967195e-11 -0.0013992518 0)
(-2.5358202e-10 -0.0035045048 0)
(2.3937843e-10 -0.0049176484 0)
(-3.9312329e-10 -0.0056293462 0)
(3.9481166e-10 -0.0056293462 0)
(-2.2984106e-10 -0.0049176484 0)
(2.5084789e-10 -0.0035045048 0)
(-8.4498121e-11 -0.0013992518 0)
(-9.2823306e-11 -0.0013992518 0)
(1.6755975e-10 -0.0035045048 0)
(-3.6648772e-10 -0.0049176484 0)
(3.307406e-10 -0.0056293462 0)
(-3.2672975e-10 -0.0056293462 0)
(3.6330656e-10 -0.0049176484 0)
(-1.5978735e-10 -0.0035045048 0)
(9.0003437e-11 -0.0013992518 0)
(8.8742466e-11 -0.0013992518 0)
(-2.5164494e-10 -0.0035045048 0)
(2.3976027e-10 -0.0049176484 0)
(-3.9194594e-10 -0.0056293462 0)
(3.9155554e-10 -0.0056293462 0)
(-2.3171966e-10 -0.0049176484 0)
(2.4822016e-10 -0.0035045048 0)
(-8.4338544e-11 -0.0013992518 0)
(-9.2332939e-11 -0.0013992518 0)
(1.679206e-10 -0.0035045047 0)
(-3.6414931e-10 -0.0049176484 0)
(3.2944999e-10 -0.0056293462 0)
(-3.2771198e-10 -0.0056293462 0)
(3.5931689e-10 -0.0049176484 0)
(-1.6089071e-10 -0.0035045047 0)
(8.943658e-11 -0.0013992518 0)
(8.8518921e-11 -0.0013992518 0)
(-2.4982355e-10 -0.0035045047 0)
(2.3993106e-10 -0.0049176484 0)
(-3.9101315e-10 -0.0056293462 0)
(3.8814561e-10 -0.0056293462 0)
(-2.3367698e-10 -0.0049176484 0)
(2.4557892e-10 -0.0035045047 0)
(-8.4188896e-11 -0.0013992518 0)
(-9.1846213e-11 -0.0013992518 0)
(1.6817309e-10 -0.0035045047 0)
(-3.6203855e-10 -0.0049176484 0)
(3.2793224e-10 -0.0056293463 0)
(-3.288658e-10 -0.0056293463 0)
(3.5526493e-10 -0.0049176484 0)
(-1.6201921e-10 -0.0035045047 0)
(8.8864917e-11 -0.0013992518 0)
(8.829711e-11 -0.0013992517 0)
(-2.4812494e-10 -0.0035045047 0)
(2.3989635e-10 -0.0049176484 0)
(-3.9032653e-10 -0.0056293463 0)
(3.8459575e-10 -0.0056293463 0)
(-2.3571299e-10 -0.0049176484 0)
(2.4292945e-10 -0.0035045047 0)
(-8.4050928e-11 -0.0013992517 0)
(-9.1366019e-11 -0.0013992517 0)
(1.6832246e-10 -0.0035045047 0)
(-3.6015221e-10 -0.0049176484 0)
(3.2621203e-10 -0.0056293463 0)
(-3.3017668e-10 -0.0056293463 0)
(3.5117165e-10 -0.0049176484 0)
(-1.6317095e-10 -0.0035045047 0)
(8.8290293e-11 -0.0013992517 0)
(8.8078489e-11 -0.0013992517 0)
(-2.46547e-10 -0.0035045046 0)
(2.3968205e-10 -0.0049176483 0)
(-3.8985808e-10 -0.0056293463 0)
(3.8094989e-10 -0.0056293463 0)
(-2.3780522e-10 -0.0049176484 0)
(2.4028647e-10 -0.0035045046 0)
(-8.3925765e-11 -0.0013992517 0)
(-9.0894261e-11 -0.0013992517 0)
(1.6838517e-10 -0.0035045046 0)
(-3.5846145e-10 -0.0049176483 0)
(3.243492e-10 -0.0056293463 0)
(-3.3159302e-10 -0.0056293463 0)
(3.4708428e-10 -0.0049176483 0)
(-1.6433188e-10 -0.0035045046 0)
(8.7715253e-11 -0.0013992517 0)
(8.7865384e-11 -0.0013992517 0)
(-2.4507318e-10 -0.0035045046 0)
(2.3934378e-10 -0.0049176483 0)
(-3.8953709e-10 -0.0056293463 0)
(3.7729383e-10 -0.0056293463 0)
(-2.3989919e-10 -0.0049176483 0)
(2.37678e-10 -0.0035045046 0)
(-8.3813125e-11 -0.0013992517 0)
(-9.0430725e-11 -0.0013992517 0)
(1.683937e-10 -0.0035045046 0)
(-3.5690135e-10 -0.0049176483 0)
(3.2245063e-10 -0.0056293463 0)
(-3.3301342e-10 -0.0056293463 0)
(3.4308458e-10 -0.0049176483 0)
(-1.6547137e-10 -0.0035045046 0)
(8.7142904e-11 -0.0013992517 0)
(8.7661967e-11 -0.0013992517 0)
(-2.436663e-10 -0.0035045045 0)
(2.389751e-10 -0.0049176483 0)
(-3.8923735e-10 -0.0056293463 0)
(3.7376585e-10 -0.0056293463 0)
(-2.4189926e-10 -0.0049176483 0)
(2.3514803e-10 -0.0035045045 0)
(-8.3711039e-11 -0.0013992517 0)
(-8.9971897e-11 -0.0013992516 0)
(1.6840084e-10 -0.0035045045 0)
(-3.5536152e-10 -0.0049176483 0)
(3.20679e-10 -0.0056293463 0)
(-3.3427549e-10 -0.0056293464 0)
(3.3929458e-10 -0.0049176483 0)
(-1.6653851e-10 -0.0035045045 0)
(8.6576749e-11 -0.0013992517 0)
(8.7474237e-11 -0.0013992516 0)
(-2.4226289e-10 -0.0035045045 0)
(2.3871226e-10 -0.0049176483 0)
(-3.8876809e-10 -0.0056293464 0)
(3.705614e-10 -0.0056293464 0)
(-2.4366224e-10 -0.0049176483 0)
(2.3275729e-10 -0.0035045045 0)
(-8.3615253e-11 -0.0013992516 0)
(-8.9508769e-11 -0.0013992516 0)
(1.6848115e-10 -0.0035045045 0)
(-3.5368053e-10 -0.0049176483 0)
(3.1925277e-10 -0.0056293464 0)
(-3.3515064e-10 -0.0056293464 0)
(3.3587621e-10 -0.0049176483 0)
(-1.6746041e-10 -0.0035045045 0)
(8.6019323e-11 -0.0013992516 0)
(8.7310142e-11 -0.0013992516 0)
(-2.4076887e-10 -0.0035045044 0)
(2.387292e-10 -0.0049176483 0)
(-3.8787353e-10 -0.0056293464 0)
(3.67927e-10 -0.0056293464 0)
(-2.4499609e-10 -0.0049176483 0)
(2.305785e-10 -0.0035045045 0)
(-8.3519072e-11 -0.0013992516 0)
(-8.9024009e-11 -0.0013992516 0)
(1.6872653e-10 -0.0035045044 0)
(-3.5164894e-10 -0.0049176483 0)
(3.1842992e-10 -0.0056293464 0)
(-3.3534797e-10 -0.0056293464 0)
(3.3302064e-10 -0.0049176483 0)
(-1.6814373e-10 -0.0035045044 0)
(8.546949e-11 -0.0013992516 0)
(8.7178323e-11 -0.0013992516 0)
(-2.3905918e-10 -0.0035045044 0)
(2.3921502e-10 -0.0049176483 0)
(-3.862464e-10 -0.0056293464 0)
(3.6613658e-10 -0.0056293464 0)
(-2.456644e-10 -0.0049176483 0)
(2.2868485e-10 -0.0035045044 0)
(-8.341339e-11 -0.0013992516 0)
(-8.8487399e-11 -0.0013992516 0)
(1.6922988e-10 -0.0035045044 0)
(-3.4902758e-10 -0.0049176482 0)
(3.1846547e-10 -0.0056293464 0)
(-3.3452839e-10 -0.0056293464 0)
(3.3092567e-10 -0.0049176483 0)
(-1.684778e-10 -0.0035045044 0)
(8.4916646e-11 -0.0013992516 0)
(8.7085127e-11 -0.0013992515 0)
(-2.3698568e-10 -0.0035045043 0)
(2.403204e-10 -0.0049176482 0)
(-3.8356067e-10 -0.0056293464 0)
(3.6544784e-10 -0.0056293464 0)
(-2.4539003e-10 -0.0049176483 0)
(2.271321e-10 -0.0035045044 0)
(-8.3286815e-11 -0.0013992516 0)
(-8.7849615e-11 -0.0013992515 0)
(1.700465e-10 -0.0035045043 0)
(-3.4559264e-10 -0.0049176482 0)
(3.195318e-10 -0.0056293464 0)
(-3.3232204e-10 -0.0056293464 0)
(3.2977023e-10 -0.0049176483 0)
(-1.6833139e-10 -0.0035045044 0)
(8.4331535e-11 -0.0013992516 0)
(8.7027914e-11 -0.0013992515 0)
(-2.3440531e-10 -0.0035045043 0)
(2.4205162e-10 -0.0049176482 0)
(-3.7953049e-10 -0.0056293464 0)
(3.6604692e-10 -0.0056293464 0)
(-2.4383559e-10 -0.0049176483 0)
(2.2594602e-10 -0.0035045044 0)
(-8.312472e-11 -0.0013992515 0)
(-8.7035182e-11 -0.0013992515 0)
(1.7111117e-10 -0.0035045043 0)
(-3.4123498e-10 -0.0049176482 0)
(3.2158907e-10 -0.0056293464 0)
(-3.2832661e-10 -0.0056293465 0)
(3.2971866e-10 -0.0049176483 0)
(-1.6751965e-10 -0.0035045043 0)
(8.365464e-11 -0.0013992515 0)
(8.6981392e-11 -0.0013992515 0)
(-2.3125944e-10 -0.0035045043 0)
(2.4406798e-10 -0.0049176482 0)
(-3.7400804e-10 -0.0056293464 0)
(3.680141e-10 -0.0056293465 0)
(-2.4050299e-10 -0.0049176483 0)
(2.2515198e-10 -0.0035045043 0)
(-8.2903311e-11 -0.0013992515 0)
(-8.5941318e-11 -0.0013992515 0)
(1.7206334e-10 -0.0035045042 0)
(-3.3617877e-10 -0.0049176482 0)
(3.2418644e-10 -0.0056293464 0)
(-3.2203657e-10 -0.0056293465 0)
(3.3104383e-10 -0.0049176482 0)
(-1.6568154e-10 -0.0035045043 0)
(8.2789427e-11 -0.0013992515 0)
(8.6868159e-11 -0.0013992515 0)
(-2.277848e-10 -0.0035045042 0)
(2.4529154e-10 -0.0049176482 0)
(-3.6715853e-10 -0.0056293465 0)
(3.7139122e-10 -0.0056293465 0)
(-2.3442784e-10 -0.0049176482 0)
(2.2494306e-10 -0.0035045043 0)
(-8.2568732e-11 -0.0013992515 0)
(-8.4461834e-11 -0.0013992515 0)
(1.7186815e-10 -0.0035045042 0)
(-3.3147612e-10 -0.0049176482 0)
(3.2615579e-10 -0.0056293465 0)
(-3.1260972e-10 -0.0056293465 0)
(3.3456698e-10 -0.0049176482 0)
(-1.6193637e-10 -0.0035045042 0)
(8.1621631e-11 -0.0013992515 0)
(8.6490739e-11 -0.0013992514 0)
(-2.2504687e-10 -0.0035045042 0)
(2.4312498e-10 -0.0049176482 0)
(-3.5980976e-10 -0.0056293465 0)
(3.7651494e-10 -0.0056293465 0)
(-2.2341603e-10 -0.0049176482 0)
(2.2620208e-10 -0.0035045042 0)
(-8.1975156e-11 -0.0013992515 0)
(-8.2587588e-11 -0.0013992514 0)
(1.6798196e-10 -0.0035045042 0)
(-3.3012679e-10 -0.0049176482 0)
(3.2511021e-10 -0.0056293465 0)
(-2.9830797e-10 -0.0056293465 0)
(3.4281748e-10 -0.0049176482 0)
(-1.5403887e-10 -0.0035045042 0)
(8.011965e-11 -0.0013992515 0)
(8.5364056e-11 -0.0013992514 0)
(-2.2621567e-10 -0.0035045041 0)
(2.3185503e-10 -0.0049176482 0)
(-3.542038e-10 -0.0056293465 0)
(3.8492007e-10 -0.0056293465 0)
(-2.0234267e-10 -0.0049176482 0)
(2.3182483e-10 -0.0035045042 0)
(-8.0716864e-11 -0.0013992514 0)
(-8.0700647e-11 -0.0013992514 0)
(1.5452959e-10 -0.0035045041 0)
(-3.3952849e-10 -0.0049176481 0)
(3.1654867e-10 -0.0056293465 0)
(-2.753532e-10 -0.0056293465 0)
(3.6266297e-10 -0.0049176482 0)
(-1.3647435e-10 -0.0035045041 0)
(7.8635619e-11 -0.0013992514 0)
(8.2307081e-11 -0.0013992514 0)
(-2.3942537e-10 -0.0035045041 0)
(1.9942701e-10 -0.0049176481 0)
(-3.5562872e-10 -0.0056293465 0)
(4.0130503e-10 -0.0056293466 0)
(-1.596742e-10 -0.0049176482 0)
(2.497005e-10 -0.0035045041 0)
(-7.7708165e-11 -0.0013992514 0)
(-8.0310712e-11 -0.0013992514 0)
(1.1847574e-10 -0.003504504 0)
(-3.7652065e-10 -0.0049176481 0)
(2.9218679e-10 -0.0056293466 0)
(-2.3586269e-10 -0.0056293466 0)
(4.1067385e-10 -0.0049176482 0)
(-9.6473077e-11 -0.0035045041 0)
(7.8657932e-11 -0.0013992514 0)
(7.4501226e-11 -0.0013992513 0)
(-2.83709e-10 -0.003504504 0)
(1.2130332e-10 -0.0049176481 0)
(-3.7570795e-10 -0.0056293466 0)
(4.3727702e-10 -0.0056293466 0)
(-7.0951386e-11 -0.0049176482 0)
(2.9882955e-10 -0.003504504 0)
(-7.0216192e-11 -0.0013992514 0)
(-8.571328e-11 -0.0013992513 0)
(3.2212021e-11 -0.003504504 0)
(-4.7686537e-10 -0.0049176481 0)
(2.3714898e-10 -0.0056293467 0)
(-1.6452215e-10 -0.0056293467 0)
(5.2298537e-10 -0.0049176481 0)
(-6.3858819e-12 -0.003504504 0)
(8.4492887e-11 -0.0013992513 0)
(5.554267e-11 -0.0013992513 0)
(-4.0012735e-10 -0.0035045039 0)
(-4.984636e-11 -0.0049176482 0)
(-4.3829366e-10 -0.0056293468 0)
(5.1772723e-10 -0.0056293468 0)
(1.1186428e-10 -0.0049176481 0)
(4.2063923e-10 -0.0035045039 0)
(-5.1873766e-11 -0.0013992513 0)
(-1.0737648e-10 -0.0013992512 0)
(-1.5885598e-10 -0.0035045038 0)
(-7.1055252e-10 -0.0049176482 0)
(1.2633048e-10 -0.0056293469 0)
(-3.4651301e-11 -0.0056293469 0)
(7.7081726e-10 -0.0049176481 0)
(1.8889448e-10 -0.0035045038 0)
(1.0667486e-10 -0.0013992512 0)
(1.2043456e-11 -0.0013992511 0)
(-6.6951759e-10 -0.0035045036 0)
(-3.9700622e-10 -0.0049176482 0)
(-5.8815723e-10 -0.0056293471 0)
(6.8952313e-10 -0.0056293471 0)
(4.7332865e-10 -0.0049176482 0)
(6.9678816e-10 -0.0035045036 0)
(-9.2322212e-12 -0.0013992511 0)
(-1.6806268e-10 -0.0013992509 0)
(-5.5142443e-10 -0.0035045035 0)
(-1.1995009e-09 -0.0049176482 0)
(-7.6268985e-11 -0.0056293475 0)
(1.9215206e-10 -0.0056293474 0)
(1.2779801e-09 -0.0049176482 0)
(5.8703964e-10 -0.0035045034 0)
(1.6810386e-10 -0.0013992509 0)
(-8.0690777e-11 -0.0013992507 0)
(-1.2321206e-09 -0.0035045032 0)
(-1.04115e-09 -0.0049176484 0)
(-8.9832885e-10 -0.0056293478 0)
(1.0281219e-09 -0.0056293478 0)
(1.1363738e-09 -0.0049176483 0)
(1.2685933e-09 -0.0035045031 0)
(8.2610944e-11 -0.0013992506 0)
(-3.11826e-10 -0.0013992503 0)
(-1.2858932e-09 -0.0035045029 0)
(-2.1167107e-09 -0.0049176484 0)
(-4.0137847e-10 -0.0056293485 0)
(5.48635e-10 -0.0056293484 0)
(2.2191047e-09 -0.0049176483 0)
(1.3295827e-09 -0.0035045028 0)
(3.1303823e-10 -0.0013992503 0)
(-2.6003966e-10 -0.0013992498 0)
(-2.2832613e-09 -0.0035045023 0)
(-2.0886927e-09 -0.0049176488 0)
(-1.4587048e-09 -0.0056293492 0)
(1.6243745e-09 -0.0056293492 0)
(2.2084678e-09 -0.0049176486 0)
(2.3321539e-09 -0.0035045022 0)
(2.6142567e-10 -0.0013992498 0)
(-6.117547e-10 -0.0013992491 0)
(-2.4831868e-09 -0.0035045018 0)
(-3.6007068e-09 -0.0049176488 0)
(-8.0589184e-10 -0.0056293503 0)
(9.9104237e-10 -0.0056293502 0)
(3.7323673e-09 -0.0049176487 0)
(2.5380973e-09 -0.0035045017 0)
(6.1480311e-10 -0.001399249 0)
(-5.6341888e-10 -0.0013992482 0)
(-3.968747e-09 -0.0035045008 0)
(-3.4162704e-09 -0.0049176495 0)
(-2.297621e-09 -0.0056293515 0)
(2.5034639e-09 -0.0056293515 0)
(3.5644953e-09 -0.0049176492 0)
(4.032906e-09 -0.0035045007 0)
(5.652052e-10 -0.0013992481 0)
(-1.1610082e-09 -0.0013992469 0)
(-4.0014276e-09 -0.0035045002 0)
(-5.4321353e-09 -0.0049176497 0)
(-9.8219315e-10 -0.0056293533 0)
(1.2056586e-09 -0.0056293531 0)
(5.5940047e-09 -0.0049176495 0)
(4.070033e-09 -0.0035045 0)
(1.1667583e-09 -0.0013992468 0)
(-9.8016587e-10 -0.0013992455 0)
(-6.01734e-09 -0.0035044988 0)
(-4.0950069e-09 -0.0049176509 0)
(-3.1359864e-09 -0.0056293549 0)
(3.37633e-09 -0.0056293548 0)
(4.269087e-09 -0.0049176505 0)
(6.0972076e-09 -0.0035044986 0)
(9.8398339e-10 -0.0013992454 0)
(-2.0120564e-09 -0.0013992435 0)
(-4.8224368e-09 -0.0035044983 0)
(-6.209243e-09 -0.0049176512 0)
(5.3145485e-11 -0.005629357 0)
(1.9535217e-10 -0.0056293568 0)
(6.3922226e-09 -0.004917651 0)
(4.9044727e-09 -0.003504498 0)
(2.0214022e-09 -0.0013992434 0)
(-1.3399099e-09 -0.0013992418 0)
(-6.8651914e-09 -0.0035044971 0)
(-1.2035007e-09 -0.004917653 0)
(-2.8253794e-09 -0.0056293582 0)
(3.076604e-09 -0.0056293582 0)
(1.3887781e-09 -0.0049176526 0)
(6.9562381e-09 -0.0035044968 0)
(1.347988e-09 -0.0013992416 0)
(-3.0117672e-09 -0.0013992395 0)
(-1.8746737e-09 -0.0035044979 0)
(-1.7374838e-09 -0.0049176535 0)
(4.6635936e-09 -0.0056293591 0)
(-4.4243927e-09 -0.0056293589 0)
(1.9170328e-09 -0.0049176532 0)
(1.9647615e-09 -0.0035044974 0)
(3.0252012e-09 -0.0013992394 0)
(-1.1215082e-09 -0.0013992386 0)
(-2.0860703e-09 -0.0035044986 0)
(1.2076781e-08 -0.0049176558 0)
(1.6337855e-09 -0.0056293571 0)
(-1.419104e-09 -0.005629357 0)
(-1.1911236e-08 -0.0049176553 0)
(2.1763375e-09 -0.0035044982 0)
(1.1361051e-09 -0.0013992384 0)
(-3.4980825e-09 -0.0013992381 0)
(1.1672111e-08 -0.0035045037 0)
(1.7339889e-08 -0.0049176561 0)
(1.7500499e-08 -0.0056293523 0)
(-1.7329047e-08 -0.0056293519 0)
(-1.7206201e-08 -0.0049176558 0)
(-1.1586582e-08 -0.0035045031 0)
(3.5148196e-09 -0.0013992379 0)
(7.8510878e-10 -0.0013992411 0)
(1.7628654e-08 -0.003504511 0)
(4.8628571e-08 -0.004917658 0)
(1.6311773e-08 -0.0056293402 0)
(-1.6204026e-08 -0.0056293401 0)
(-4.8529767e-08 -0.0049176574 0)
(-1.7560145e-08 -0.0035045106 0)
(-7.6304645e-10 -0.0013992408 0)
(-1.923423e-09 -0.0013992473 0)
(4.7983108e-08 -0.0035045266 0)
(6.773251e-08 -0.0049176569 0)
(4.6171033e-08 -0.0056293196 0)
(-4.6144206e-08 -0.0056293192 0)
(-6.770158e-08 -0.0049176565 0)
(-4.7923352e-08 -0.003504526 0)
(1.9399441e-09 -0.001399247 0)
(6.2431811e-09 -0.0013992611 0)
(6.7750629e-08 -0.0035045496 0)
(1.2830787e-07 -0.0049176562 0)
(5.1009329e-08 -0.0056292838 0)
(-5.1090551e-08 -0.0056292838 0)
(-1.2833253e-07 -0.0049176555 0)
(-6.7734264e-08 -0.0035045491 0)
(-6.2162231e-09 -0.0013992607 0)
(4.3411821e-09 -0.0013992836 0)
(1.2438694e-07 -0.0035045869 0)
(1.7314354e-07 -0.004917651 0)
(1.0073899e-07 -0.0056292293 0)
(-1.0093517e-07 -0.005629229 0)
(-1.7327654e-07 -0.0049176506 0)
(-1.2438344e-07 -0.0035045863 0)
(-4.3329326e-09 -0.0013992833 0)
(1.7736819e-08 -0.0013993202 0)
(1.6810821e-07 -0.0035046403 0)
(2.74888e-07 -0.0049176434 0)
(1.1784143e-07 -0.0056291474 0)
(-1.1818277e-07 -0.0056291474 0)
(-2.7509017e-07 -0.0049176428 0)
(-1.6818272e-07 -0.0035046398 0)
(-1.7713519e-08 -0.0013993199 0)
(1.859214e-08 -0.0013993742 0)
(2.5906058e-07 -0.0035047161 0)
(3.5789695e-07 -0.0049176297 0)
(1.907991e-07 -0.0056290317 0)
(-1.9127198e-07 -0.0056290314 0)
(-3.5824382e-07 -0.0049176294 0)
(-2.5915208e-07 -0.0035047156 0)
(-1.8605791e-08 -0.001399374 0)
(3.7665138e-08 -0.0013994508 0)
(3.3525715e-07 -0.0035048193 0)
(5.0604017e-07 -0.0049176088 0)
(2.2608186e-07 -0.0056288732 0)
(-2.2671546e-07 -0.0056288731 0)
(-5.0645592e-07 -0.0049176084 0)
(-3.3546529e-07 -0.003504819 0)
(-3.7660645e-08 -0.0013994506 0)
(4.3383144e-08 -0.0013995555 0)
(4.6053274e-07 -0.0035049536 0)
(6.3186362e-07 -0.0049175802 0)
(3.1913214e-07 -0.0056286635 0)
(-3.1988494e-07 -0.0056286634 0)
(-6.3244708e-07 -0.00491758 0)
(-4.6075996e-07 -0.0035049533 0)
(-4.3435064e-08 -0.0013995554 0)
(6.6891225e-08 -0.001399691 0)
(5.6786178e-07 -0.0035051264 0)
(8.15147e-07 -0.0049175389 0)
(3.7278209e-07 -0.0056283967 0)
(-3.7368298e-07 -0.0056283967 0)
(-8.1578219e-07 -0.0049175388 0)
(-5.6823676e-07 -0.0035051263 0)
(-6.692157e-08 -0.0013996909 0)
(7.8251778e-08 -0.0013998636 0)
(7.1135397e-07 -0.0035053355 0)
(9.6777515e-07 -0.0049174887 0)
(4.7221737e-07 -0.0056280659 0)
(-4.7320244e-07 -0.0056280658 0)
(-9.6857999e-07 -0.0049174888 0)
(-7.1173827e-07 -0.0035053355 0)
(-7.8349741e-08 -0.0013998636 0)
(1.0289326e-07 -0.0014000704 0)
(8.2785208e-07 -0.0035055877 0)
(1.14813e-06 -0.0049174219 0)
(5.3126564e-07 -0.0056276731 0)
(-5.3237421e-07 -0.0056276733 0)
(-1.1489543e-06 -0.0049174221 0)
(-8.2838551e-07 -0.003505588 0)
(-1.0295832e-07 -0.0014000706 0)
(1.1727783e-07 -0.0014003132 0)
(9.4967354e-07 -0.0035058701 0)
(1.2774092e-06 -0.004917348 0)
(6.0988342e-07 -0.0056272232 0)
(-6.1104153e-07 -0.0056272234 0)
(-1.2783832e-06 -0.0049173485 0)
(-9.5018126e-07 -0.0035058707 0)
(-1.174019e-07 -0.0014003135 0)
(1.3616183e-07 -0.001400582 0)
(1.0228066e-06 -0.0035061825 0)
(1.3801128e-06 -0.004917257 0)
(6.4044977e-07 -0.0056267314 0)
(-6.4169074e-07 -0.0056267317 0)
(-1.3810636e-06 -0.0049172577 0)
(-1.0234405e-06 -0.0035061833 0)
(-1.3624456e-07 -0.0014005824 0)
(1.4859268e-07 -0.0014008817 0)
(1.0554732e-06 -0.0035065044 0)
(1.386879e-06 -0.0049171596 0)
(6.5199498e-07 -0.0056262107 0)
(-6.53234e-07 -0.0056262111 0)
(-1.3879368e-06 -0.0049171605 0)
(-1.0560521e-06 -0.0035065055 0)
(-1.4873898e-07 -0.0014008823 0)
(1.8630901e-07 -0.0014012289 0)
(1.009763e-06 -0.0035068968 0)
(1.2983358e-06 -0.0049170371 0)
(5.9476085e-07 -0.0056255679 0)
(-5.9602438e-07 -0.0056255683 0)
(-1.2993144e-06 -0.0049170382 0)
(-1.0104212e-06 -0.003506898 0)
(-1.8643156e-07 -0.0014012296 0)
)
;

boundaryField
{
    left
    {
        type            uniformFixedValue;
        uniformValue    sine;
        uniformValueCoeffs
        {
            t0              0;
            amplitude       constant 0.0125;
            frequency       constant 1;
            scale           constant (0 1 0);
            level           constant (0 0 0);
        }
        value           uniform (0 -0.0038627124 0);
    }
    right
    {
        type            zeroGradient;
    }
    walls
    {
        type            fixedValue;
        value           uniform (0 0 0);
    }
    frontAndBack
    {
        type            empty;
    }
}


// ************************************************************************* //
