/*--------------------------------*- C++ -*----------------------------------*\
| =========                 |                                                 |
| \\      /  F ield         | OpenFOAM: The Open Source CFD Toolbox           |
|  \\    /   O peration     | Version:  5.x                                   |
|   \\  /    A nd           | Web:      www.OpenFOAM.org                      |
|    \\/     M anipulation  |                                                 |
\*---------------------------------------------------------------------------*/
FoamFile
{
    version     2.0;
    format      ascii;
    class       labelList;
    note        "nPoints: 4338 nCells: 1920 nFaces: 7928 nInternalFaces: 3592";
    location    "constant/polyMesh";
    object      neighbour;
}
// * * * * * * * * * * * * * * * * * * * * * * * * * * * * * * * * * * * * * //


3592
(
1
8
2
9
3
10
4
11
5
12
6
13
7
14
15
9
16
10
17
11
18
12
19
13
20
14
21
15
22
23
17
24
18
25
19
26
20
27
21
28
22
29
23
30
31
25
32
26
33
27
34
28
35
29
36
30
37
31
38
39
33
40
34
41
35
42
36
43
37
44
38
45
39
46
47
41
48
42
49
43
50
44
51
45
52
46
53
47
54
55
49
56
50
57
51
58
52
59
53
60
54
61
55
62
63
57
64
58
65
59
66
60
67
61
68
62
69
63
70
71
65
72
66
73
67
74
68
75
69
76
70
77
71
78
79
73
80
74
81
75
82
76
83
77
84
78
85
79
86
87
81
88
82
89
83
90
84
91
85
92
86
93
87
94
95
89
96
90
97
91
98
92
99
93
100
94
101
95
102
103
97
104
98
105
99
106
100
107
101
108
102
109
103
110
111
105
112
106
113
107
114
108
115
109
116
110
117
111
118
119
113
120
114
121
115
122
116
123
117
124
118
125
119
126
127
121
128
122
129
123
130
124
131
125
132
126
133
127
134
135
129
136
130
137
131
138
132
139
133
140
134
141
135
142
143
137
144
138
145
139
146
140
147
141
148
142
149
143
150
151
145
152
146
153
147
154
148
155
149
156
150
157
151
158
159
153
160
154
161
155
162
156
163
157
164
158
165
159
166
167
161
168
162
169
163
170
164
171
165
172
166
173
167
174
175
169
176
170
177
171
178
172
179
173
180
174
181
175
182
183
177
184
178
185
179
186
180
187
181
188
182
189
183
190
191
185
192
186
193
187
194
188
195
189
196
190
197
191
198
199
193
200
194
201
195
202
196
203
197
204
198
205
199
206
207
201
208
202
209
203
210
204
211
205
212
206
213
207
214
215
209
216
210
217
211
218
212
219
213
220
214
221
215
222
223
217
224
218
225
219
226
220
227
221
228
222
229
223
230
231
225
232
226
233
227
234
228
235
229
236
230
237
231
238
239
233
240
234
241
235
242
236
243
237
244
238
245
239
246
247
241
248
242
249
243
250
244
251
245
252
246
253
247
254
255
249
256
250
257
251
258
252
259
253
260
254
261
255
262
263
257
264
258
265
259
266
260
267
261
268
262
269
263
270
271
265
272
266
273
267
274
268
275
269
276
270
277
271
278
279
273
280
274
281
275
282
276
283
277
284
278
285
279
286
287
281
288
282
289
283
290
284
291
285
292
286
293
287
294
295
289
296
290
297
291
298
292
299
293
300
294
301
295
302
303
297
304
298
305
299
306
300
307
301
308
302
309
303
310
311
305
312
306
313
307
314
308
315
309
316
310
317
311
318
319
313
320
314
321
315
322
316
323
317
324
318
325
319
326
327
321
328
322
329
323
330
324
331
325
332
326
333
327
334
335
329
336
330
337
331
338
332
339
333
340
334
341
335
342
343
337
344
338
345
339
346
340
347
341
348
342
349
343
350
351
345
352
346
353
347
354
348
355
349
356
350
357
351
358
359
353
360
354
361
355
362
356
363
357
364
358
365
359
366
367
361
368
362
369
363
370
364
371
365
372
366
373
367
374
375
369
376
370
377
371
378
372
379
373
380
374
381
375
382
383
377
384
378
385
379
386
380
387
381
388
382
389
383
390
391
385
392
386
393
387
394
388
395
389
396
390
397
391
398
399
393
400
394
401
395
402
396
403
397
404
398
405
399
406
407
401
408
402
409
403
410
404
411
405
412
406
413
407
414
415
409
416
410
417
411
418
412
419
413
420
414
421
415
422
423
417
424
418
425
419
426
420
427
421
428
422
429
423
430
431
425
432
426
433
427
434
428
435
429
436
430
437
431
438
439
433
440
434
441
435
442
436
443
437
444
438
445
439
446
447
441
448
442
449
443
450
444
451
445
452
446
453
447
454
455
449
456
450
457
451
458
452
459
453
460
454
461
455
462
463
457
464
458
465
459
466
460
467
461
468
462
469
463
470
471
465
472
466
473
467
474
468
475
469
476
470
477
471
478
479
473
480
474
481
475
482
476
483
477
484
478
485
479
486
487
481
488
482
489
483
490
484
491
485
492
486
493
487
494
495
489
496
490
497
491
498
492
499
493
500
494
501
495
502
503
497
504
498
505
499
506
500
507
501
508
502
509
503
510
511
505
512
506
513
507
514
508
515
509
516
510
517
511
518
519
513
520
514
521
515
522
516
523
517
524
518
525
519
526
527
521
528
522
529
523
530
524
531
525
532
526
533
527
534
535
529
536
530
537
531
538
532
539
533
540
534
541
535
542
543
537
544
538
545
539
546
540
547
541
548
542
549
543
550
551
545
552
546
553
547
554
548
555
549
556
550
557
551
558
559
553
560
554
561
555
562
556
563
557
564
558
565
559
566
567
561
568
562
569
563
570
564
571
565
572
566
573
567
574
575
569
576
570
577
571
578
572
579
573
580
574
581
575
582
583
577
584
578
585
579
586
580
587
581
588
582
589
583
590
591
585
592
586
593
587
594
588
595
589
596
590
597
591
598
599
593
600
594
601
595
602
596
603
597
604
598
605
599
606
607
601
608
602
609
603
610
604
611
605
612
606
613
607
614
615
609
616
610
617
611
618
612
619
613
620
614
621
615
622
623
617
624
618
625
619
626
620
627
621
628
622
629
623
630
631
625
632
626
633
627
634
628
635
629
636
630
637
631
638
639
633
640
634
641
635
642
636
643
637
644
638
645
639
646
647
641
648
642
649
643
650
644
651
645
652
646
653
647
654
655
649
656
650
657
651
658
652
659
653
660
654
661
655
662
663
657
664
658
665
659
666
660
667
661
668
662
669
663
670
671
665
672
666
673
667
674
668
675
669
676
670
677
671
678
679
673
680
674
681
675
682
676
683
677
684
678
685
679
686
687
681
688
682
689
683
690
684
691
685
692
686
693
687
694
695
689
696
690
697
691
698
692
699
693
700
694
701
695
702
703
697
704
698
705
699
706
700
707
701
708
702
709
703
710
711
705
712
706
713
707
714
708
715
709
716
710
717
711
718
719
713
720
714
721
715
722
716
723
717
724
718
725
719
726
727
721
728
722
729
723
730
724
731
725
732
726
733
727
734
735
729
736
730
737
731
738
732
739
733
740
734
741
735
742
743
737
744
738
745
739
746
740
747
741
748
742
749
743
750
751
745
752
746
753
747
754
748
755
749
756
750
757
751
758
759
753
760
754
761
755
762
756
763
757
764
758
765
759
766
767
761
768
762
769
763
770
764
771
765
772
766
773
767
774
775
769
776
770
777
771
778
772
779
773
780
774
781
775
782
783
777
784
778
785
779
786
780
787
781
788
782
789
783
790
791
785
792
786
793
787
794
788
795
789
796
790
797
791
798
799
793
800
794
801
795
802
796
803
797
804
798
805
799
806
807
801
808
802
809
803
810
804
811
805
812
806
813
807
814
815
809
816
810
817
811
818
812
819
813
820
814
821
815
822
823
817
824
818
825
819
826
820
827
821
828
822
829
823
830
831
825
832
826
833
827
834
828
835
829
836
830
837
831
838
839
833
840
834
841
835
842
836
843
837
844
838
845
839
846
847
841
848
842
849
843
850
844
851
845
852
846
853
847
854
855
849
856
850
857
851
858
852
859
853
860
854
861
855
862
863
857
864
858
865
859
866
860
867
861
868
862
869
863
870
871
865
872
866
873
867
874
868
875
869
876
870
877
871
878
879
873
880
874
881
875
882
876
883
877
884
878
885
879
886
887
881
888
882
889
883
890
884
891
885
892
886
893
887
894
895
889
896
890
897
891
898
892
899
893
900
894
901
895
902
903
897
904
898
905
899
906
900
907
901
908
902
909
903
910
911
905
912
906
913
907
914
908
915
909
916
910
917
911
918
919
913
920
914
921
915
922
916
923
917
924
918
925
919
926
927
921
928
922
929
923
930
924
931
925
932
926
933
927
934
935
929
936
930
937
931
938
932
939
933
940
934
941
935
942
943
937
944
938
945
939
946
940
947
941
948
942
949
943
950
951
945
952
946
953
947
954
948
955
949
956
950
957
951
958
959
953
960
954
961
955
962
956
963
957
964
958
965
959
966
967
961
968
962
969
963
970
964
971
965
972
966
973
967
974
975
969
976
970
977
971
978
972
979
973
980
974
981
975
982
983
977
984
978
985
979
986
980
987
981
988
982
989
983
990
991
985
992
986
993
987
994
988
995
989
996
990
997
991
998
999
993
1000
994
1001
995
1002
996
1003
997
1004
998
1005
999
1006
1007
1001
1008
1002
1009
1003
1010
1004
1011
1005
1012
1006
1013
1007
1014
1015
1009
1016
1010
1017
1011
1018
1012
1019
1013
1020
1014
1021
1015
1022
1023
1017
1024
1018
1025
1019
1026
1020
1027
1021
1028
1022
1029
1023
1030
1031
1025
1032
1026
1033
1027
1034
1028
1035
1029
1036
1030
1037
1031
1038
1039
1033
1040
1034
1041
1035
1042
1036
1043
1037
1044
1038
1045
1039
1046
1047
1041
1048
1042
1049
1043
1050
1044
1051
1045
1052
1046
1053
1047
1054
1055
1049
1056
1050
1057
1051
1058
1052
1059
1053
1060
1054
1061
1055
1062
1063
1057
1064
1058
1065
1059
1066
1060
1067
1061
1068
1062
1069
1063
1070
1071
1065
1072
1066
1073
1067
1074
1068
1075
1069
1076
1070
1077
1071
1078
1079
1073
1080
1074
1081
1075
1082
1076
1083
1077
1084
1078
1085
1079
1086
1087
1081
1088
1082
1089
1083
1090
1084
1091
1085
1092
1086
1093
1087
1094
1095
1089
1096
1090
1097
1091
1098
1092
1099
1093
1100
1094
1101
1095
1102
1103
1097
1104
1098
1105
1099
1106
1100
1107
1101
1108
1102
1109
1103
1110
1111
1105
1112
1106
1113
1107
1114
1108
1115
1109
1116
1110
1117
1111
1118
1119
1113
1120
1114
1121
1115
1122
1116
1123
1117
1124
1118
1125
1119
1126
1127
1121
1128
1122
1129
1123
1130
1124
1131
1125
1132
1126
1133
1127
1134
1135
1129
1136
1130
1137
1131
1138
1132
1139
1133
1140
1134
1141
1135
1142
1143
1137
1144
1138
1145
1139
1146
1140
1147
1141
1148
1142
1149
1143
1150
1151
1145
1152
1146
1153
1147
1154
1148
1155
1149
1156
1150
1157
1151
1158
1159
1153
1160
1154
1161
1155
1162
1156
1163
1157
1164
1158
1165
1159
1166
1167
1161
1168
1162
1169
1163
1170
1164
1171
1165
1172
1166
1173
1167
1174
1175
1169
1176
1170
1177
1171
1178
1172
1179
1173
1180
1174
1181
1175
1182
1183
1177
1184
1178
1185
1179
1186
1180
1187
1181
1188
1182
1189
1183
1190
1191
1185
1192
1186
1193
1187
1194
1188
1195
1189
1196
1190
1197
1191
1198
1199
1193
1200
1194
1201
1195
1202
1196
1203
1197
1204
1198
1205
1199
1206
1207
1201
1208
1202
1209
1203
1210
1204
1211
1205
1212
1206
1213
1207
1214
1215
1209
1216
1210
1217
1211
1218
1212
1219
1213
1220
1214
1221
1215
1222
1223
1217
1224
1218
1225
1219
1226
1220
1227
1221
1228
1222
1229
1223
1230
1231
1225
1232
1226
1233
1227
1234
1228
1235
1229
1236
1230
1237
1231
1238
1239
1233
1240
1234
1241
1235
1242
1236
1243
1237
1244
1238
1245
1239
1246
1247
1241
1248
1242
1249
1243
1250
1244
1251
1245
1252
1246
1253
1247
1254
1255
1249
1256
1250
1257
1251
1258
1252
1259
1253
1260
1254
1261
1255
1262
1263
1257
1264
1258
1265
1259
1266
1260
1267
1261
1268
1262
1269
1263
1270
1271
1265
1272
1266
1273
1267
1274
1268
1275
1269
1276
1270
1277
1271
1278
1279
1273
1280
1274
1281
1275
1282
1276
1283
1277
1284
1278
1285
1279
1286
1287
1281
1288
1282
1289
1283
1290
1284
1291
1285
1292
1286
1293
1287
1294
1295
1289
1296
1290
1297
1291
1298
1292
1299
1293
1300
1294
1301
1295
1302
1303
1297
1304
1298
1305
1299
1306
1300
1307
1301
1308
1302
1309
1303
1310
1311
1305
1312
1306
1313
1307
1314
1308
1315
1309
1316
1310
1317
1311
1318
1319
1313
1320
1314
1321
1315
1322
1316
1323
1317
1324
1318
1325
1319
1326
1327
1321
1328
1322
1329
1323
1330
1324
1331
1325
1332
1326
1333
1327
1334
1335
1329
1336
1330
1337
1331
1338
1332
1339
1333
1340
1334
1341
1335
1342
1343
1337
1344
1338
1345
1339
1346
1340
1347
1341
1348
1342
1349
1343
1350
1351
1345
1352
1346
1353
1347
1354
1348
1355
1349
1356
1350
1357
1351
1358
1359
1353
1360
1354
1361
1355
1362
1356
1363
1357
1364
1358
1365
1359
1366
1367
1361
1368
1362
1369
1363
1370
1364
1371
1365
1372
1366
1373
1367
1374
1375
1369
1376
1370
1377
1371
1378
1372
1379
1373
1380
1374
1381
1375
1382
1383
1377
1384
1378
1385
1379
1386
1380
1387
1381
1388
1382
1389
1383
1390
1391
1385
1392
1386
1393
1387
1394
1388
1395
1389
1396
1390
1397
1391
1398
1399
1393
1400
1394
1401
1395
1402
1396
1403
1397
1404
1398
1405
1399
1406
1407
1401
1408
1402
1409
1403
1410
1404
1411
1405
1412
1406
1413
1407
1414
1415
1409
1416
1410
1417
1411
1418
1412
1419
1413
1420
1414
1421
1415
1422
1423
1417
1424
1418
1425
1419
1426
1420
1427
1421
1428
1422
1429
1423
1430
1431
1425
1432
1426
1433
1427
1434
1428
1435
1429
1436
1430
1437
1431
1438
1439
1433
1440
1434
1441
1435
1442
1436
1443
1437
1444
1438
1445
1439
1446
1447
1441
1448
1442
1449
1443
1450
1444
1451
1445
1452
1446
1453
1447
1454
1455
1449
1456
1450
1457
1451
1458
1452
1459
1453
1460
1454
1461
1455
1462
1463
1457
1464
1458
1465
1459
1466
1460
1467
1461
1468
1462
1469
1463
1470
1471
1465
1472
1466
1473
1467
1474
1468
1475
1469
1476
1470
1477
1471
1478
1479
1473
1480
1474
1481
1475
1482
1476
1483
1477
1484
1478
1485
1479
1486
1487
1481
1488
1482
1489
1483
1490
1484
1491
1485
1492
1486
1493
1487
1494
1495
1489
1496
1490
1497
1491
1498
1492
1499
1493
1500
1494
1501
1495
1502
1503
1497
1504
1498
1505
1499
1506
1500
1507
1501
1508
1502
1509
1503
1510
1511
1505
1512
1506
1513
1507
1514
1508
1515
1509
1516
1510
1517
1511
1518
1519
1513
1520
1514
1521
1515
1522
1516
1523
1517
1524
1518
1525
1519
1526
1527
1521
1528
1522
1529
1523
1530
1524
1531
1525
1532
1526
1533
1527
1534
1535
1529
1536
1530
1537
1531
1538
1532
1539
1533
1540
1534
1541
1535
1542
1543
1537
1544
1538
1545
1539
1546
1540
1547
1541
1548
1542
1549
1543
1550
1551
1545
1552
1546
1553
1547
1554
1548
1555
1549
1556
1550
1557
1551
1558
1559
1553
1560
1554
1561
1555
1562
1556
1563
1557
1564
1558
1565
1559
1566
1567
1561
1568
1562
1569
1563
1570
1564
1571
1565
1572
1566
1573
1567
1574
1575
1569
1576
1570
1577
1571
1578
1572
1579
1573
1580
1574
1581
1575
1582
1583
1577
1584
1578
1585
1579
1586
1580
1587
1581
1588
1582
1589
1583
1590
1591
1585
1592
1586
1593
1587
1594
1588
1595
1589
1596
1590
1597
1591
1598
1599
1593
1600
1594
1601
1595
1602
1596
1603
1597
1604
1598
1605
1599
1606
1607
1601
1608
1602
1609
1603
1610
1604
1611
1605
1612
1606
1613
1607
1614
1615
1609
1616
1610
1617
1611
1618
1612
1619
1613
1620
1614
1621
1615
1622
1623
1617
1624
1618
1625
1619
1626
1620
1627
1621
1628
1622
1629
1623
1630
1631
1625
1632
1626
1633
1627
1634
1628
1635
1629
1636
1630
1637
1631
1638
1639
1633
1640
1634
1641
1635
1642
1636
1643
1637
1644
1638
1645
1639
1646
1647
1641
1648
1642
1649
1643
1650
1644
1651
1645
1652
1646
1653
1647
1654
1655
1649
1656
1650
1657
1651
1658
1652
1659
1653
1660
1654
1661
1655
1662
1663
1657
1664
1658
1665
1659
1666
1660
1667
1661
1668
1662
1669
1663
1670
1671
1665
1672
1666
1673
1667
1674
1668
1675
1669
1676
1670
1677
1671
1678
1679
1673
1680
1674
1681
1675
1682
1676
1683
1677
1684
1678
1685
1679
1686
1687
1681
1688
1682
1689
1683
1690
1684
1691
1685
1692
1686
1693
1687
1694
1695
1689
1696
1690
1697
1691
1698
1692
1699
1693
1700
1694
1701
1695
1702
1703
1697
1704
1698
1705
1699
1706
1700
1707
1701
1708
1702
1709
1703
1710
1711
1705
1712
1706
1713
1707
1714
1708
1715
1709
1716
1710
1717
1711
1718
1719
1713
1720
1714
1721
1715
1722
1716
1723
1717
1724
1718
1725
1719
1726
1727
1721
1728
1722
1729
1723
1730
1724
1731
1725
1732
1726
1733
1727
1734
1735
1729
1736
1730
1737
1731
1738
1732
1739
1733
1740
1734
1741
1735
1742
1743
1737
1744
1738
1745
1739
1746
1740
1747
1741
1748
1742
1749
1743
1750
1751
1745
1752
1746
1753
1747
1754
1748
1755
1749
1756
1750
1757
1751
1758
1759
1753
1760
1754
1761
1755
1762
1756
1763
1757
1764
1758
1765
1759
1766
1767
1761
1768
1762
1769
1763
1770
1764
1771
1765
1772
1766
1773
1767
1774
1775
1769
1776
1770
1777
1771
1778
1772
1779
1773
1780
1774
1781
1775
1782
1783
1777
1784
1778
1785
1779
1786
1780
1787
1781
1788
1782
1789
1783
1790
1791
1785
1792
1786
1793
1787
1794
1788
1795
1789
1796
1790
1797
1791
1798
1799
1793
1800
1794
1801
1795
1802
1796
1803
1797
1804
1798
1805
1799
1806
1807
1801
1808
1802
1809
1803
1810
1804
1811
1805
1812
1806
1813
1807
1814
1815
1809
1816
1810
1817
1811
1818
1812
1819
1813
1820
1814
1821
1815
1822
1823
1817
1824
1818
1825
1819
1826
1820
1827
1821
1828
1822
1829
1823
1830
1831
1825
1832
1826
1833
1827
1834
1828
1835
1829
1836
1830
1837
1831
1838
1839
1833
1840
1834
1841
1835
1842
1836
1843
1837
1844
1838
1845
1839
1846
1847
1841
1848
1842
1849
1843
1850
1844
1851
1845
1852
1846
1853
1847
1854
1855
1849
1856
1850
1857
1851
1858
1852
1859
1853
1860
1854
1861
1855
1862
1863
1857
1864
1858
1865
1859
1866
1860
1867
1861
1868
1862
1869
1863
1870
1871
1865
1872
1866
1873
1867
1874
1868
1875
1869
1876
1870
1877
1871
1878
1879
1873
1880
1874
1881
1875
1882
1876
1883
1877
1884
1878
1885
1879
1886
1887
1881
1888
1882
1889
1883
1890
1884
1891
1885
1892
1886
1893
1887
1894
1895
1889
1896
1890
1897
1891
1898
1892
1899
1893
1900
1894
1901
1895
1902
1903
1897
1904
1898
1905
1899
1906
1900
1907
1901
1908
1902
1909
1903
1910
1911
1905
1912
1906
1913
1907
1914
1908
1915
1909
1916
1910
1917
1911
1918
1919
1913
1914
1915
1916
1917
1918
1919
)


// ************************************************************************* //
