/*--------------------------------*- C++ -*----------------------------------*\
| =========                 |                                                 |
| \\      /  F ield         | OpenFOAM: The Open Source CFD Toolbox           |
|  \\    /   O peration     | Version:  5.x                                   |
|   \\  /    A nd           | Web:      www.OpenFOAM.org                      |
|    \\/     M anipulation  |                                                 |
\*---------------------------------------------------------------------------*/
FoamFile
{
    version     2.0;
    format      ascii;
    class       labelList;
    note        "nPoints: 4338 nCells: 1920 nFaces: 7928 nInternalFaces: 3592";
    location    "constant/polyMesh";
    object      owner;
}
// * * * * * * * * * * * * * * * * * * * * * * * * * * * * * * * * * * * * * //


7928
(
0
0
1
1
2
2
3
3
4
4
5
5
6
6
7
8
8
9
9
10
10
11
11
12
12
13
13
14
14
15
16
16
17
17
18
18
19
19
20
20
21
21
22
22
23
24
24
25
25
26
26
27
27
28
28
29
29
30
30
31
32
32
33
33
34
34
35
35
36
36
37
37
38
38
39
40
40
41
41
42
42
43
43
44
44
45
45
46
46
47
48
48
49
49
50
50
51
51
52
52
53
53
54
54
55
56
56
57
57
58
58
59
59
60
60
61
61
62
62
63
64
64
65
65
66
66
67
67
68
68
69
69
70
70
71
72
72
73
73
74
74
75
75
76
76
77
77
78
78
79
80
80
81
81
82
82
83
83
84
84
85
85
86
86
87
88
88
89
89
90
90
91
91
92
92
93
93
94
94
95
96
96
97
97
98
98
99
99
100
100
101
101
102
102
103
104
104
105
105
106
106
107
107
108
108
109
109
110
110
111
112
112
113
113
114
114
115
115
116
116
117
117
118
118
119
120
120
121
121
122
122
123
123
124
124
125
125
126
126
127
128
128
129
129
130
130
131
131
132
132
133
133
134
134
135
136
136
137
137
138
138
139
139
140
140
141
141
142
142
143
144
144
145
145
146
146
147
147
148
148
149
149
150
150
151
152
152
153
153
154
154
155
155
156
156
157
157
158
158
159
160
160
161
161
162
162
163
163
164
164
165
165
166
166
167
168
168
169
169
170
170
171
171
172
172
173
173
174
174
175
176
176
177
177
178
178
179
179
180
180
181
181
182
182
183
184
184
185
185
186
186
187
187
188
188
189
189
190
190
191
192
192
193
193
194
194
195
195
196
196
197
197
198
198
199
200
200
201
201
202
202
203
203
204
204
205
205
206
206
207
208
208
209
209
210
210
211
211
212
212
213
213
214
214
215
216
216
217
217
218
218
219
219
220
220
221
221
222
222
223
224
224
225
225
226
226
227
227
228
228
229
229
230
230
231
232
232
233
233
234
234
235
235
236
236
237
237
238
238
239
240
240
241
241
242
242
243
243
244
244
245
245
246
246
247
248
248
249
249
250
250
251
251
252
252
253
253
254
254
255
256
256
257
257
258
258
259
259
260
260
261
261
262
262
263
264
264
265
265
266
266
267
267
268
268
269
269
270
270
271
272
272
273
273
274
274
275
275
276
276
277
277
278
278
279
280
280
281
281
282
282
283
283
284
284
285
285
286
286
287
288
288
289
289
290
290
291
291
292
292
293
293
294
294
295
296
296
297
297
298
298
299
299
300
300
301
301
302
302
303
304
304
305
305
306
306
307
307
308
308
309
309
310
310
311
312
312
313
313
314
314
315
315
316
316
317
317
318
318
319
320
320
321
321
322
322
323
323
324
324
325
325
326
326
327
328
328
329
329
330
330
331
331
332
332
333
333
334
334
335
336
336
337
337
338
338
339
339
340
340
341
341
342
342
343
344
344
345
345
346
346
347
347
348
348
349
349
350
350
351
352
352
353
353
354
354
355
355
356
356
357
357
358
358
359
360
360
361
361
362
362
363
363
364
364
365
365
366
366
367
368
368
369
369
370
370
371
371
372
372
373
373
374
374
375
376
376
377
377
378
378
379
379
380
380
381
381
382
382
383
384
384
385
385
386
386
387
387
388
388
389
389
390
390
391
392
392
393
393
394
394
395
395
396
396
397
397
398
398
399
400
400
401
401
402
402
403
403
404
404
405
405
406
406
407
408
408
409
409
410
410
411
411
412
412
413
413
414
414
415
416
416
417
417
418
418
419
419
420
420
421
421
422
422
423
424
424
425
425
426
426
427
427
428
428
429
429
430
430
431
432
432
433
433
434
434
435
435
436
436
437
437
438
438
439
440
440
441
441
442
442
443
443
444
444
445
445
446
446
447
448
448
449
449
450
450
451
451
452
452
453
453
454
454
455
456
456
457
457
458
458
459
459
460
460
461
461
462
462
463
464
464
465
465
466
466
467
467
468
468
469
469
470
470
471
472
472
473
473
474
474
475
475
476
476
477
477
478
478
479
480
480
481
481
482
482
483
483
484
484
485
485
486
486
487
488
488
489
489
490
490
491
491
492
492
493
493
494
494
495
496
496
497
497
498
498
499
499
500
500
501
501
502
502
503
504
504
505
505
506
506
507
507
508
508
509
509
510
510
511
512
512
513
513
514
514
515
515
516
516
517
517
518
518
519
520
520
521
521
522
522
523
523
524
524
525
525
526
526
527
528
528
529
529
530
530
531
531
532
532
533
533
534
534
535
536
536
537
537
538
538
539
539
540
540
541
541
542
542
543
544
544
545
545
546
546
547
547
548
548
549
549
550
550
551
552
552
553
553
554
554
555
555
556
556
557
557
558
558
559
560
560
561
561
562
562
563
563
564
564
565
565
566
566
567
568
568
569
569
570
570
571
571
572
572
573
573
574
574
575
576
576
577
577
578
578
579
579
580
580
581
581
582
582
583
584
584
585
585
586
586
587
587
588
588
589
589
590
590
591
592
592
593
593
594
594
595
595
596
596
597
597
598
598
599
600
600
601
601
602
602
603
603
604
604
605
605
606
606
607
608
608
609
609
610
610
611
611
612
612
613
613
614
614
615
616
616
617
617
618
618
619
619
620
620
621
621
622
622
623
624
624
625
625
626
626
627
627
628
628
629
629
630
630
631
632
632
633
633
634
634
635
635
636
636
637
637
638
638
639
640
640
641
641
642
642
643
643
644
644
645
645
646
646
647
648
648
649
649
650
650
651
651
652
652
653
653
654
654
655
656
656
657
657
658
658
659
659
660
660
661
661
662
662
663
664
664
665
665
666
666
667
667
668
668
669
669
670
670
671
672
672
673
673
674
674
675
675
676
676
677
677
678
678
679
680
680
681
681
682
682
683
683
684
684
685
685
686
686
687
688
688
689
689
690
690
691
691
692
692
693
693
694
694
695
696
696
697
697
698
698
699
699
700
700
701
701
702
702
703
704
704
705
705
706
706
707
707
708
708
709
709
710
710
711
712
712
713
713
714
714
715
715
716
716
717
717
718
718
719
720
720
721
721
722
722
723
723
724
724
725
725
726
726
727
728
728
729
729
730
730
731
731
732
732
733
733
734
734
735
736
736
737
737
738
738
739
739
740
740
741
741
742
742
743
744
744
745
745
746
746
747
747
748
748
749
749
750
750
751
752
752
753
753
754
754
755
755
756
756
757
757
758
758
759
760
760
761
761
762
762
763
763
764
764
765
765
766
766
767
768
768
769
769
770
770
771
771
772
772
773
773
774
774
775
776
776
777
777
778
778
779
779
780
780
781
781
782
782
783
784
784
785
785
786
786
787
787
788
788
789
789
790
790
791
792
792
793
793
794
794
795
795
796
796
797
797
798
798
799
800
800
801
801
802
802
803
803
804
804
805
805
806
806
807
808
808
809
809
810
810
811
811
812
812
813
813
814
814
815
816
816
817
817
818
818
819
819
820
820
821
821
822
822
823
824
824
825
825
826
826
827
827
828
828
829
829
830
830
831
832
832
833
833
834
834
835
835
836
836
837
837
838
838
839
840
840
841
841
842
842
843
843
844
844
845
845
846
846
847
848
848
849
849
850
850
851
851
852
852
853
853
854
854
855
856
856
857
857
858
858
859
859
860
860
861
861
862
862
863
864
864
865
865
866
866
867
867
868
868
869
869
870
870
871
872
872
873
873
874
874
875
875
876
876
877
877
878
878
879
880
880
881
881
882
882
883
883
884
884
885
885
886
886
887
888
888
889
889
890
890
891
891
892
892
893
893
894
894
895
896
896
897
897
898
898
899
899
900
900
901
901
902
902
903
904
904
905
905
906
906
907
907
908
908
909
909
910
910
911
912
912
913
913
914
914
915
915
916
916
917
917
918
918
919
920
920
921
921
922
922
923
923
924
924
925
925
926
926
927
928
928
929
929
930
930
931
931
932
932
933
933
934
934
935
936
936
937
937
938
938
939
939
940
940
941
941
942
942
943
944
944
945
945
946
946
947
947
948
948
949
949
950
950
951
952
952
953
953
954
954
955
955
956
956
957
957
958
958
959
960
960
961
961
962
962
963
963
964
964
965
965
966
966
967
968
968
969
969
970
970
971
971
972
972
973
973
974
974
975
976
976
977
977
978
978
979
979
980
980
981
981
982
982
983
984
984
985
985
986
986
987
987
988
988
989
989
990
990
991
992
992
993
993
994
994
995
995
996
996
997
997
998
998
999
1000
1000
1001
1001
1002
1002
1003
1003
1004
1004
1005
1005
1006
1006
1007
1008
1008
1009
1009
1010
1010
1011
1011
1012
1012
1013
1013
1014
1014
1015
1016
1016
1017
1017
1018
1018
1019
1019
1020
1020
1021
1021
1022
1022
1023
1024
1024
1025
1025
1026
1026
1027
1027
1028
1028
1029
1029
1030
1030
1031
1032
1032
1033
1033
1034
1034
1035
1035
1036
1036
1037
1037
1038
1038
1039
1040
1040
1041
1041
1042
1042
1043
1043
1044
1044
1045
1045
1046
1046
1047
1048
1048
1049
1049
1050
1050
1051
1051
1052
1052
1053
1053
1054
1054
1055
1056
1056
1057
1057
1058
1058
1059
1059
1060
1060
1061
1061
1062
1062
1063
1064
1064
1065
1065
1066
1066
1067
1067
1068
1068
1069
1069
1070
1070
1071
1072
1072
1073
1073
1074
1074
1075
1075
1076
1076
1077
1077
1078
1078
1079
1080
1080
1081
1081
1082
1082
1083
1083
1084
1084
1085
1085
1086
1086
1087
1088
1088
1089
1089
1090
1090
1091
1091
1092
1092
1093
1093
1094
1094
1095
1096
1096
1097
1097
1098
1098
1099
1099
1100
1100
1101
1101
1102
1102
1103
1104
1104
1105
1105
1106
1106
1107
1107
1108
1108
1109
1109
1110
1110
1111
1112
1112
1113
1113
1114
1114
1115
1115
1116
1116
1117
1117
1118
1118
1119
1120
1120
1121
1121
1122
1122
1123
1123
1124
1124
1125
1125
1126
1126
1127
1128
1128
1129
1129
1130
1130
1131
1131
1132
1132
1133
1133
1134
1134
1135
1136
1136
1137
1137
1138
1138
1139
1139
1140
1140
1141
1141
1142
1142
1143
1144
1144
1145
1145
1146
1146
1147
1147
1148
1148
1149
1149
1150
1150
1151
1152
1152
1153
1153
1154
1154
1155
1155
1156
1156
1157
1157
1158
1158
1159
1160
1160
1161
1161
1162
1162
1163
1163
1164
1164
1165
1165
1166
1166
1167
1168
1168
1169
1169
1170
1170
1171
1171
1172
1172
1173
1173
1174
1174
1175
1176
1176
1177
1177
1178
1178
1179
1179
1180
1180
1181
1181
1182
1182
1183
1184
1184
1185
1185
1186
1186
1187
1187
1188
1188
1189
1189
1190
1190
1191
1192
1192
1193
1193
1194
1194
1195
1195
1196
1196
1197
1197
1198
1198
1199
1200
1200
1201
1201
1202
1202
1203
1203
1204
1204
1205
1205
1206
1206
1207
1208
1208
1209
1209
1210
1210
1211
1211
1212
1212
1213
1213
1214
1214
1215
1216
1216
1217
1217
1218
1218
1219
1219
1220
1220
1221
1221
1222
1222
1223
1224
1224
1225
1225
1226
1226
1227
1227
1228
1228
1229
1229
1230
1230
1231
1232
1232
1233
1233
1234
1234
1235
1235
1236
1236
1237
1237
1238
1238
1239
1240
1240
1241
1241
1242
1242
1243
1243
1244
1244
1245
1245
1246
1246
1247
1248
1248
1249
1249
1250
1250
1251
1251
1252
1252
1253
1253
1254
1254
1255
1256
1256
1257
1257
1258
1258
1259
1259
1260
1260
1261
1261
1262
1262
1263
1264
1264
1265
1265
1266
1266
1267
1267
1268
1268
1269
1269
1270
1270
1271
1272
1272
1273
1273
1274
1274
1275
1275
1276
1276
1277
1277
1278
1278
1279
1280
1280
1281
1281
1282
1282
1283
1283
1284
1284
1285
1285
1286
1286
1287
1288
1288
1289
1289
1290
1290
1291
1291
1292
1292
1293
1293
1294
1294
1295
1296
1296
1297
1297
1298
1298
1299
1299
1300
1300
1301
1301
1302
1302
1303
1304
1304
1305
1305
1306
1306
1307
1307
1308
1308
1309
1309
1310
1310
1311
1312
1312
1313
1313
1314
1314
1315
1315
1316
1316
1317
1317
1318
1318
1319
1320
1320
1321
1321
1322
1322
1323
1323
1324
1324
1325
1325
1326
1326
1327
1328
1328
1329
1329
1330
1330
1331
1331
1332
1332
1333
1333
1334
1334
1335
1336
1336
1337
1337
1338
1338
1339
1339
1340
1340
1341
1341
1342
1342
1343
1344
1344
1345
1345
1346
1346
1347
1347
1348
1348
1349
1349
1350
1350
1351
1352
1352
1353
1353
1354
1354
1355
1355
1356
1356
1357
1357
1358
1358
1359
1360
1360
1361
1361
1362
1362
1363
1363
1364
1364
1365
1365
1366
1366
1367
1368
1368
1369
1369
1370
1370
1371
1371
1372
1372
1373
1373
1374
1374
1375
1376
1376
1377
1377
1378
1378
1379
1379
1380
1380
1381
1381
1382
1382
1383
1384
1384
1385
1385
1386
1386
1387
1387
1388
1388
1389
1389
1390
1390
1391
1392
1392
1393
1393
1394
1394
1395
1395
1396
1396
1397
1397
1398
1398
1399
1400
1400
1401
1401
1402
1402
1403
1403
1404
1404
1405
1405
1406
1406
1407
1408
1408
1409
1409
1410
1410
1411
1411
1412
1412
1413
1413
1414
1414
1415
1416
1416
1417
1417
1418
1418
1419
1419
1420
1420
1421
1421
1422
1422
1423
1424
1424
1425
1425
1426
1426
1427
1427
1428
1428
1429
1429
1430
1430
1431
1432
1432
1433
1433
1434
1434
1435
1435
1436
1436
1437
1437
1438
1438
1439
1440
1440
1441
1441
1442
1442
1443
1443
1444
1444
1445
1445
1446
1446
1447
1448
1448
1449
1449
1450
1450
1451
1451
1452
1452
1453
1453
1454
1454
1455
1456
1456
1457
1457
1458
1458
1459
1459
1460
1460
1461
1461
1462
1462
1463
1464
1464
1465
1465
1466
1466
1467
1467
1468
1468
1469
1469
1470
1470
1471
1472
1472
1473
1473
1474
1474
1475
1475
1476
1476
1477
1477
1478
1478
1479
1480
1480
1481
1481
1482
1482
1483
1483
1484
1484
1485
1485
1486
1486
1487
1488
1488
1489
1489
1490
1490
1491
1491
1492
1492
1493
1493
1494
1494
1495
1496
1496
1497
1497
1498
1498
1499
1499
1500
1500
1501
1501
1502
1502
1503
1504
1504
1505
1505
1506
1506
1507
1507
1508
1508
1509
1509
1510
1510
1511
1512
1512
1513
1513
1514
1514
1515
1515
1516
1516
1517
1517
1518
1518
1519
1520
1520
1521
1521
1522
1522
1523
1523
1524
1524
1525
1525
1526
1526
1527
1528
1528
1529
1529
1530
1530
1531
1531
1532
1532
1533
1533
1534
1534
1535
1536
1536
1537
1537
1538
1538
1539
1539
1540
1540
1541
1541
1542
1542
1543
1544
1544
1545
1545
1546
1546
1547
1547
1548
1548
1549
1549
1550
1550
1551
1552
1552
1553
1553
1554
1554
1555
1555
1556
1556
1557
1557
1558
1558
1559
1560
1560
1561
1561
1562
1562
1563
1563
1564
1564
1565
1565
1566
1566
1567
1568
1568
1569
1569
1570
1570
1571
1571
1572
1572
1573
1573
1574
1574
1575
1576
1576
1577
1577
1578
1578
1579
1579
1580
1580
1581
1581
1582
1582
1583
1584
1584
1585
1585
1586
1586
1587
1587
1588
1588
1589
1589
1590
1590
1591
1592
1592
1593
1593
1594
1594
1595
1595
1596
1596
1597
1597
1598
1598
1599
1600
1600
1601
1601
1602
1602
1603
1603
1604
1604
1605
1605
1606
1606
1607
1608
1608
1609
1609
1610
1610
1611
1611
1612
1612
1613
1613
1614
1614
1615
1616
1616
1617
1617
1618
1618
1619
1619
1620
1620
1621
1621
1622
1622
1623
1624
1624
1625
1625
1626
1626
1627
1627
1628
1628
1629
1629
1630
1630
1631
1632
1632
1633
1633
1634
1634
1635
1635
1636
1636
1637
1637
1638
1638
1639
1640
1640
1641
1641
1642
1642
1643
1643
1644
1644
1645
1645
1646
1646
1647
1648
1648
1649
1649
1650
1650
1651
1651
1652
1652
1653
1653
1654
1654
1655
1656
1656
1657
1657
1658
1658
1659
1659
1660
1660
1661
1661
1662
1662
1663
1664
1664
1665
1665
1666
1666
1667
1667
1668
1668
1669
1669
1670
1670
1671
1672
1672
1673
1673
1674
1674
1675
1675
1676
1676
1677
1677
1678
1678
1679
1680
1680
1681
1681
1682
1682
1683
1683
1684
1684
1685
1685
1686
1686
1687
1688
1688
1689
1689
1690
1690
1691
1691
1692
1692
1693
1693
1694
1694
1695
1696
1696
1697
1697
1698
1698
1699
1699
1700
1700
1701
1701
1702
1702
1703
1704
1704
1705
1705
1706
1706
1707
1707
1708
1708
1709
1709
1710
1710
1711
1712
1712
1713
1713
1714
1714
1715
1715
1716
1716
1717
1717
1718
1718
1719
1720
1720
1721
1721
1722
1722
1723
1723
1724
1724
1725
1725
1726
1726
1727
1728
1728
1729
1729
1730
1730
1731
1731
1732
1732
1733
1733
1734
1734
1735
1736
1736
1737
1737
1738
1738
1739
1739
1740
1740
1741
1741
1742
1742
1743
1744
1744
1745
1745
1746
1746
1747
1747
1748
1748
1749
1749
1750
1750
1751
1752
1752
1753
1753
1754
1754
1755
1755
1756
1756
1757
1757
1758
1758
1759
1760
1760
1761
1761
1762
1762
1763
1763
1764
1764
1765
1765
1766
1766
1767
1768
1768
1769
1769
1770
1770
1771
1771
1772
1772
1773
1773
1774
1774
1775
1776
1776
1777
1777
1778
1778
1779
1779
1780
1780
1781
1781
1782
1782
1783
1784
1784
1785
1785
1786
1786
1787
1787
1788
1788
1789
1789
1790
1790
1791
1792
1792
1793
1793
1794
1794
1795
1795
1796
1796
1797
1797
1798
1798
1799
1800
1800
1801
1801
1802
1802
1803
1803
1804
1804
1805
1805
1806
1806
1807
1808
1808
1809
1809
1810
1810
1811
1811
1812
1812
1813
1813
1814
1814
1815
1816
1816
1817
1817
1818
1818
1819
1819
1820
1820
1821
1821
1822
1822
1823
1824
1824
1825
1825
1826
1826
1827
1827
1828
1828
1829
1829
1830
1830
1831
1832
1832
1833
1833
1834
1834
1835
1835
1836
1836
1837
1837
1838
1838
1839
1840
1840
1841
1841
1842
1842
1843
1843
1844
1844
1845
1845
1846
1846
1847
1848
1848
1849
1849
1850
1850
1851
1851
1852
1852
1853
1853
1854
1854
1855
1856
1856
1857
1857
1858
1858
1859
1859
1860
1860
1861
1861
1862
1862
1863
1864
1864
1865
1865
1866
1866
1867
1867
1868
1868
1869
1869
1870
1870
1871
1872
1872
1873
1873
1874
1874
1875
1875
1876
1876
1877
1877
1878
1878
1879
1880
1880
1881
1881
1882
1882
1883
1883
1884
1884
1885
1885
1886
1886
1887
1888
1888
1889
1889
1890
1890
1891
1891
1892
1892
1893
1893
1894
1894
1895
1896
1896
1897
1897
1898
1898
1899
1899
1900
1900
1901
1901
1902
1902
1903
1904
1904
1905
1905
1906
1906
1907
1907
1908
1908
1909
1909
1910
1910
1911
1912
1913
1914
1915
1916
1917
1918
0
1
2
3
4
5
6
7
1912
1913
1914
1915
1916
1917
1918
1919
0
8
16
24
32
40
48
56
64
72
80
88
96
104
112
120
128
136
144
152
160
168
176
184
192
200
208
216
224
232
240
248
256
264
272
280
288
296
304
312
320
328
336
344
352
360
368
376
384
392
400
408
416
424
432
440
448
456
464
472
480
488
496
504
512
520
528
536
544
552
560
568
576
584
592
600
608
616
624
632
640
648
656
664
672
680
688
696
704
712
720
728
736
744
752
760
768
776
784
792
800
808
816
824
832
840
848
856
864
872
880
888
896
904
912
920
928
936
944
952
960
968
976
984
992
1000
1008
1016
1024
1032
1040
1048
1056
1064
1072
1080
1088
1096
1104
1112
1120
1128
1136
1144
1152
1160
1168
1176
1184
1192
1200
1208
1216
1224
1232
1240
1248
1256
1264
1272
1280
1288
1296
1304
1312
1320
1328
1336
1344
1352
1360
1368
1376
1384
1392
1400
1408
1416
1424
1432
1440
1448
1456
1464
1472
1480
1488
1496
1504
1512
1520
1528
1536
1544
1552
1560
1568
1576
1584
1592
1600
1608
1616
1624
1632
1640
1648
1656
1664
1672
1680
1688
1696
1704
1712
1720
1728
1736
1744
1752
1760
1768
1776
1784
1792
1800
1808
1816
1824
1832
1840
1848
1856
1864
1872
1880
1888
1896
1904
1912
7
15
23
31
39
47
55
63
71
79
87
95
103
111
119
127
135
143
151
159
167
175
183
191
199
207
215
223
231
239
247
255
263
271
279
287
295
303
311
319
327
335
343
351
359
367
375
383
391
399
407
415
423
431
439
447
455
463
471
479
487
495
503
511
519
527
535
543
551
559
567
575
583
591
599
607
615
623
631
639
647
655
663
671
679
687
695
703
711
719
727
735
743
751
759
767
775
783
791
799
807
815
823
831
839
847
855
863
871
879
887
895
903
911
919
927
935
943
951
959
967
975
983
991
999
1007
1015
1023
1031
1039
1047
1055
1063
1071
1079
1087
1095
1103
1111
1119
1127
1135
1143
1151
1159
1167
1175
1183
1191
1199
1207
1215
1223
1231
1239
1247
1255
1263
1271
1279
1287
1295
1303
1311
1319
1327
1335
1343
1351
1359
1367
1375
1383
1391
1399
1407
1415
1423
1431
1439
1447
1455
1463
1471
1479
1487
1495
1503
1511
1519
1527
1535
1543
1551
1559
1567
1575
1583
1591
1599
1607
1615
1623
1631
1639
1647
1655
1663
1671
1679
1687
1695
1703
1711
1719
1727
1735
1743
1751
1759
1767
1775
1783
1791
1799
1807
1815
1823
1831
1839
1847
1855
1863
1871
1879
1887
1895
1903
1911
1919
0
8
16
24
32
40
48
56
64
72
80
88
96
104
112
120
128
136
144
152
160
168
176
184
192
200
208
216
224
232
240
248
256
264
272
280
288
296
304
312
320
328
336
344
352
360
368
376
384
392
400
408
416
424
432
440
448
456
464
472
480
488
496
504
512
520
528
536
544
552
560
568
576
584
592
600
608
616
624
632
640
648
656
664
672
680
688
696
704
712
720
728
736
744
752
760
768
776
784
792
800
808
816
824
832
840
848
856
864
872
880
888
896
904
912
920
928
936
944
952
960
968
976
984
992
1000
1008
1016
1024
1032
1040
1048
1056
1064
1072
1080
1088
1096
1104
1112
1120
1128
1136
1144
1152
1160
1168
1176
1184
1192
1200
1208
1216
1224
1232
1240
1248
1256
1264
1272
1280
1288
1296
1304
1312
1320
1328
1336
1344
1352
1360
1368
1376
1384
1392
1400
1408
1416
1424
1432
1440
1448
1456
1464
1472
1480
1488
1496
1504
1512
1520
1528
1536
1544
1552
1560
1568
1576
1584
1592
1600
1608
1616
1624
1632
1640
1648
1656
1664
1672
1680
1688
1696
1704
1712
1720
1728
1736
1744
1752
1760
1768
1776
1784
1792
1800
1808
1816
1824
1832
1840
1848
1856
1864
1872
1880
1888
1896
1904
1912
1
9
17
25
33
41
49
57
65
73
81
89
97
105
113
121
129
137
145
153
161
169
177
185
193
201
209
217
225
233
241
249
257
265
273
281
289
297
305
313
321
329
337
345
353
361
369
377
385
393
401
409
417
425
433
441
449
457
465
473
481
489
497
505
513
521
529
537
545
553
561
569
577
585
593
601
609
617
625
633
641
649
657
665
673
681
689
697
705
713
721
729
737
745
753
761
769
777
785
793
801
809
817
825
833
841
849
857
865
873
881
889
897
905
913
921
929
937
945
953
961
969
977
985
993
1001
1009
1017
1025
1033
1041
1049
1057
1065
1073
1081
1089
1097
1105
1113
1121
1129
1137
1145
1153
1161
1169
1177
1185
1193
1201
1209
1217
1225
1233
1241
1249
1257
1265
1273
1281
1289
1297
1305
1313
1321
1329
1337
1345
1353
1361
1369
1377
1385
1393
1401
1409
1417
1425
1433
1441
1449
1457
1465
1473
1481
1489
1497
1505
1513
1521
1529
1537
1545
1553
1561
1569
1577
1585
1593
1601
1609
1617
1625
1633
1641
1649
1657
1665
1673
1681
1689
1697
1705
1713
1721
1729
1737
1745
1753
1761
1769
1777
1785
1793
1801
1809
1817
1825
1833
1841
1849
1857
1865
1873
1881
1889
1897
1905
1913
2
10
18
26
34
42
50
58
66
74
82
90
98
106
114
122
130
138
146
154
162
170
178
186
194
202
210
218
226
234
242
250
258
266
274
282
290
298
306
314
322
330
338
346
354
362
370
378
386
394
402
410
418
426
434
442
450
458
466
474
482
490
498
506
514
522
530
538
546
554
562
570
578
586
594
602
610
618
626
634
642
650
658
666
674
682
690
698
706
714
722
730
738
746
754
762
770
778
786
794
802
810
818
826
834
842
850
858
866
874
882
890
898
906
914
922
930
938
946
954
962
970
978
986
994
1002
1010
1018
1026
1034
1042
1050
1058
1066
1074
1082
1090
1098
1106
1114
1122
1130
1138
1146
1154
1162
1170
1178
1186
1194
1202
1210
1218
1226
1234
1242
1250
1258
1266
1274
1282
1290
1298
1306
1314
1322
1330
1338
1346
1354
1362
1370
1378
1386
1394
1402
1410
1418
1426
1434
1442
1450
1458
1466
1474
1482
1490
1498
1506
1514
1522
1530
1538
1546
1554
1562
1570
1578
1586
1594
1602
1610
1618
1626
1634
1642
1650
1658
1666
1674
1682
1690
1698
1706
1714
1722
1730
1738
1746
1754
1762
1770
1778
1786
1794
1802
1810
1818
1826
1834
1842
1850
1858
1866
1874
1882
1890
1898
1906
1914
3
11
19
27
35
43
51
59
67
75
83
91
99
107
115
123
131
139
147
155
163
171
179
187
195
203
211
219
227
235
243
251
259
267
275
283
291
299
307
315
323
331
339
347
355
363
371
379
387
395
403
411
419
427
435
443
451
459
467
475
483
491
499
507
515
523
531
539
547
555
563
571
579
587
595
603
611
619
627
635
643
651
659
667
675
683
691
699
707
715
723
731
739
747
755
763
771
779
787
795
803
811
819
827
835
843
851
859
867
875
883
891
899
907
915
923
931
939
947
955
963
971
979
987
995
1003
1011
1019
1027
1035
1043
1051
1059
1067
1075
1083
1091
1099
1107
1115
1123
1131
1139
1147
1155
1163
1171
1179
1187
1195
1203
1211
1219
1227
1235
1243
1251
1259
1267
1275
1283
1291
1299
1307
1315
1323
1331
1339
1347
1355
1363
1371
1379
1387
1395
1403
1411
1419
1427
1435
1443
1451
1459
1467
1475
1483
1491
1499
1507
1515
1523
1531
1539
1547
1555
1563
1571
1579
1587
1595
1603
1611
1619
1627
1635
1643
1651
1659
1667
1675
1683
1691
1699
1707
1715
1723
1731
1739
1747
1755
1763
1771
1779
1787
1795
1803
1811
1819
1827
1835
1843
1851
1859
1867
1875
1883
1891
1899
1907
1915
4
12
20
28
36
44
52
60
68
76
84
92
100
108
116
124
132
140
148
156
164
172
180
188
196
204
212
220
228
236
244
252
260
268
276
284
292
300
308
316
324
332
340
348
356
364
372
380
388
396
404
412
420
428
436
444
452
460
468
476
484
492
500
508
516
524
532
540
548
556
564
572
580
588
596
604
612
620
628
636
644
652
660
668
676
684
692
700
708
716
724
732
740
748
756
764
772
780
788
796
804
812
820
828
836
844
852
860
868
876
884
892
900
908
916
924
932
940
948
956
964
972
980
988
996
1004
1012
1020
1028
1036
1044
1052
1060
1068
1076
1084
1092
1100
1108
1116
1124
1132
1140
1148
1156
1164
1172
1180
1188
1196
1204
1212
1220
1228
1236
1244
1252
1260
1268
1276
1284
1292
1300
1308
1316
1324
1332
1340
1348
1356
1364
1372
1380
1388
1396
1404
1412
1420
1428
1436
1444
1452
1460
1468
1476
1484
1492
1500
1508
1516
1524
1532
1540
1548
1556
1564
1572
1580
1588
1596
1604
1612
1620
1628
1636
1644
1652
1660
1668
1676
1684
1692
1700
1708
1716
1724
1732
1740
1748
1756
1764
1772
1780
1788
1796
1804
1812
1820
1828
1836
1844
1852
1860
1868
1876
1884
1892
1900
1908
1916
5
13
21
29
37
45
53
61
69
77
85
93
101
109
117
125
133
141
149
157
165
173
181
189
197
205
213
221
229
237
245
253
261
269
277
285
293
301
309
317
325
333
341
349
357
365
373
381
389
397
405
413
421
429
437
445
453
461
469
477
485
493
501
509
517
525
533
541
549
557
565
573
581
589
597
605
613
621
629
637
645
653
661
669
677
685
693
701
709
717
725
733
741
749
757
765
773
781
789
797
805
813
821
829
837
845
853
861
869
877
885
893
901
909
917
925
933
941
949
957
965
973
981
989
997
1005
1013
1021
1029
1037
1045
1053
1061
1069
1077
1085
1093
1101
1109
1117
1125
1133
1141
1149
1157
1165
1173
1181
1189
1197
1205
1213
1221
1229
1237
1245
1253
1261
1269
1277
1285
1293
1301
1309
1317
1325
1333
1341
1349
1357
1365
1373
1381
1389
1397
1405
1413
1421
1429
1437
1445
1453
1461
1469
1477
1485
1493
1501
1509
1517
1525
1533
1541
1549
1557
1565
1573
1581
1589
1597
1605
1613
1621
1629
1637
1645
1653
1661
1669
1677
1685
1693
1701
1709
1717
1725
1733
1741
1749
1757
1765
1773
1781
1789
1797
1805
1813
1821
1829
1837
1845
1853
1861
1869
1877
1885
1893
1901
1909
1917
6
14
22
30
38
46
54
62
70
78
86
94
102
110
118
126
134
142
150
158
166
174
182
190
198
206
214
222
230
238
246
254
262
270
278
286
294
302
310
318
326
334
342
350
358
366
374
382
390
398
406
414
422
430
438
446
454
462
470
478
486
494
502
510
518
526
534
542
550
558
566
574
582
590
598
606
614
622
630
638
646
654
662
670
678
686
694
702
710
718
726
734
742
750
758
766
774
782
790
798
806
814
822
830
838
846
854
862
870
878
886
894
902
910
918
926
934
942
950
958
966
974
982
990
998
1006
1014
1022
1030
1038
1046
1054
1062
1070
1078
1086
1094
1102
1110
1118
1126
1134
1142
1150
1158
1166
1174
1182
1190
1198
1206
1214
1222
1230
1238
1246
1254
1262
1270
1278
1286
1294
1302
1310
1318
1326
1334
1342
1350
1358
1366
1374
1382
1390
1398
1406
1414
1422
1430
1438
1446
1454
1462
1470
1478
1486
1494
1502
1510
1518
1526
1534
1542
1550
1558
1566
1574
1582
1590
1598
1606
1614
1622
1630
1638
1646
1654
1662
1670
1678
1686
1694
1702
1710
1718
1726
1734
1742
1750
1758
1766
1774
1782
1790
1798
1806
1814
1822
1830
1838
1846
1854
1862
1870
1878
1886
1894
1902
1910
1918
7
15
23
31
39
47
55
63
71
79
87
95
103
111
119
127
135
143
151
159
167
175
183
191
199
207
215
223
231
239
247
255
263
271
279
287
295
303
311
319
327
335
343
351
359
367
375
383
391
399
407
415
423
431
439
447
455
463
471
479
487
495
503
511
519
527
535
543
551
559
567
575
583
591
599
607
615
623
631
639
647
655
663
671
679
687
695
703
711
719
727
735
743
751
759
767
775
783
791
799
807
815
823
831
839
847
855
863
871
879
887
895
903
911
919
927
935
943
951
959
967
975
983
991
999
1007
1015
1023
1031
1039
1047
1055
1063
1071
1079
1087
1095
1103
1111
1119
1127
1135
1143
1151
1159
1167
1175
1183
1191
1199
1207
1215
1223
1231
1239
1247
1255
1263
1271
1279
1287
1295
1303
1311
1319
1327
1335
1343
1351
1359
1367
1375
1383
1391
1399
1407
1415
1423
1431
1439
1447
1455
1463
1471
1479
1487
1495
1503
1511
1519
1527
1535
1543
1551
1559
1567
1575
1583
1591
1599
1607
1615
1623
1631
1639
1647
1655
1663
1671
1679
1687
1695
1703
1711
1719
1727
1735
1743
1751
1759
1767
1775
1783
1791
1799
1807
1815
1823
1831
1839
1847
1855
1863
1871
1879
1887
1895
1903
1911
1919
0
8
16
24
32
40
48
56
64
72
80
88
96
104
112
120
128
136
144
152
160
168
176
184
192
200
208
216
224
232
240
248
256
264
272
280
288
296
304
312
320
328
336
344
352
360
368
376
384
392
400
408
416
424
432
440
448
456
464
472
480
488
496
504
512
520
528
536
544
552
560
568
576
584
592
600
608
616
624
632
640
648
656
664
672
680
688
696
704
712
720
728
736
744
752
760
768
776
784
792
800
808
816
824
832
840
848
856
864
872
880
888
896
904
912
920
928
936
944
952
960
968
976
984
992
1000
1008
1016
1024
1032
1040
1048
1056
1064
1072
1080
1088
1096
1104
1112
1120
1128
1136
1144
1152
1160
1168
1176
1184
1192
1200
1208
1216
1224
1232
1240
1248
1256
1264
1272
1280
1288
1296
1304
1312
1320
1328
1336
1344
1352
1360
1368
1376
1384
1392
1400
1408
1416
1424
1432
1440
1448
1456
1464
1472
1480
1488
1496
1504
1512
1520
1528
1536
1544
1552
1560
1568
1576
1584
1592
1600
1608
1616
1624
1632
1640
1648
1656
1664
1672
1680
1688
1696
1704
1712
1720
1728
1736
1744
1752
1760
1768
1776
1784
1792
1800
1808
1816
1824
1832
1840
1848
1856
1864
1872
1880
1888
1896
1904
1912
1
9
17
25
33
41
49
57
65
73
81
89
97
105
113
121
129
137
145
153
161
169
177
185
193
201
209
217
225
233
241
249
257
265
273
281
289
297
305
313
321
329
337
345
353
361
369
377
385
393
401
409
417
425
433
441
449
457
465
473
481
489
497
505
513
521
529
537
545
553
561
569
577
585
593
601
609
617
625
633
641
649
657
665
673
681
689
697
705
713
721
729
737
745
753
761
769
777
785
793
801
809
817
825
833
841
849
857
865
873
881
889
897
905
913
921
929
937
945
953
961
969
977
985
993
1001
1009
1017
1025
1033
1041
1049
1057
1065
1073
1081
1089
1097
1105
1113
1121
1129
1137
1145
1153
1161
1169
1177
1185
1193
1201
1209
1217
1225
1233
1241
1249
1257
1265
1273
1281
1289
1297
1305
1313
1321
1329
1337
1345
1353
1361
1369
1377
1385
1393
1401
1409
1417
1425
1433
1441
1449
1457
1465
1473
1481
1489
1497
1505
1513
1521
1529
1537
1545
1553
1561
1569
1577
1585
1593
1601
1609
1617
1625
1633
1641
1649
1657
1665
1673
1681
1689
1697
1705
1713
1721
1729
1737
1745
1753
1761
1769
1777
1785
1793
1801
1809
1817
1825
1833
1841
1849
1857
1865
1873
1881
1889
1897
1905
1913
2
10
18
26
34
42
50
58
66
74
82
90
98
106
114
122
130
138
146
154
162
170
178
186
194
202
210
218
226
234
242
250
258
266
274
282
290
298
306
314
322
330
338
346
354
362
370
378
386
394
402
410
418
426
434
442
450
458
466
474
482
490
498
506
514
522
530
538
546
554
562
570
578
586
594
602
610
618
626
634
642
650
658
666
674
682
690
698
706
714
722
730
738
746
754
762
770
778
786
794
802
810
818
826
834
842
850
858
866
874
882
890
898
906
914
922
930
938
946
954
962
970
978
986
994
1002
1010
1018
1026
1034
1042
1050
1058
1066
1074
1082
1090
1098
1106
1114
1122
1130
1138
1146
1154
1162
1170
1178
1186
1194
1202
1210
1218
1226
1234
1242
1250
1258
1266
1274
1282
1290
1298
1306
1314
1322
1330
1338
1346
1354
1362
1370
1378
1386
1394
1402
1410
1418
1426
1434
1442
1450
1458
1466
1474
1482
1490
1498
1506
1514
1522
1530
1538
1546
1554
1562
1570
1578
1586
1594
1602
1610
1618
1626
1634
1642
1650
1658
1666
1674
1682
1690
1698
1706
1714
1722
1730
1738
1746
1754
1762
1770
1778
1786
1794
1802
1810
1818
1826
1834
1842
1850
1858
1866
1874
1882
1890
1898
1906
1914
3
11
19
27
35
43
51
59
67
75
83
91
99
107
115
123
131
139
147
155
163
171
179
187
195
203
211
219
227
235
243
251
259
267
275
283
291
299
307
315
323
331
339
347
355
363
371
379
387
395
403
411
419
427
435
443
451
459
467
475
483
491
499
507
515
523
531
539
547
555
563
571
579
587
595
603
611
619
627
635
643
651
659
667
675
683
691
699
707
715
723
731
739
747
755
763
771
779
787
795
803
811
819
827
835
843
851
859
867
875
883
891
899
907
915
923
931
939
947
955
963
971
979
987
995
1003
1011
1019
1027
1035
1043
1051
1059
1067
1075
1083
1091
1099
1107
1115
1123
1131
1139
1147
1155
1163
1171
1179
1187
1195
1203
1211
1219
1227
1235
1243
1251
1259
1267
1275
1283
1291
1299
1307
1315
1323
1331
1339
1347
1355
1363
1371
1379
1387
1395
1403
1411
1419
1427
1435
1443
1451
1459
1467
1475
1483
1491
1499
1507
1515
1523
1531
1539
1547
1555
1563
1571
1579
1587
1595
1603
1611
1619
1627
1635
1643
1651
1659
1667
1675
1683
1691
1699
1707
1715
1723
1731
1739
1747
1755
1763
1771
1779
1787
1795
1803
1811
1819
1827
1835
1843
1851
1859
1867
1875
1883
1891
1899
1907
1915
4
12
20
28
36
44
52
60
68
76
84
92
100
108
116
124
132
140
148
156
164
172
180
188
196
204
212
220
228
236
244
252
260
268
276
284
292
300
308
316
324
332
340
348
356
364
372
380
388
396
404
412
420
428
436
444
452
460
468
476
484
492
500
508
516
524
532
540
548
556
564
572
580
588
596
604
612
620
628
636
644
652
660
668
676
684
692
700
708
716
724
732
740
748
756
764
772
780
788
796
804
812
820
828
836
844
852
860
868
876
884
892
900
908
916
924
932
940
948
956
964
972
980
988
996
1004
1012
1020
1028
1036
1044
1052
1060
1068
1076
1084
1092
1100
1108
1116
1124
1132
1140
1148
1156
1164
1172
1180
1188
1196
1204
1212
1220
1228
1236
1244
1252
1260
1268
1276
1284
1292
1300
1308
1316
1324
1332
1340
1348
1356
1364
1372
1380
1388
1396
1404
1412
1420
1428
1436
1444
1452
1460
1468
1476
1484
1492
1500
1508
1516
1524
1532
1540
1548
1556
1564
1572
1580
1588
1596
1604
1612
1620
1628
1636
1644
1652
1660
1668
1676
1684
1692
1700
1708
1716
1724
1732
1740
1748
1756
1764
1772
1780
1788
1796
1804
1812
1820
1828
1836
1844
1852
1860
1868
1876
1884
1892
1900
1908
1916
5
13
21
29
37
45
53
61
69
77
85
93
101
109
117
125
133
141
149
157
165
173
181
189
197
205
213
221
229
237
245
253
261
269
277
285
293
301
309
317
325
333
341
349
357
365
373
381
389
397
405
413
421
429
437
445
453
461
469
477
485
493
501
509
517
525
533
541
549
557
565
573
581
589
597
605
613
621
629
637
645
653
661
669
677
685
693
701
709
717
725
733
741
749
757
765
773
781
789
797
805
813
821
829
837
845
853
861
869
877
885
893
901
909
917
925
933
941
949
957
965
973
981
989
997
1005
1013
1021
1029
1037
1045
1053
1061
1069
1077
1085
1093
1101
1109
1117
1125
1133
1141
1149
1157
1165
1173
1181
1189
1197
1205
1213
1221
1229
1237
1245
1253
1261
1269
1277
1285
1293
1301
1309
1317
1325
1333
1341
1349
1357
1365
1373
1381
1389
1397
1405
1413
1421
1429
1437
1445
1453
1461
1469
1477
1485
1493
1501
1509
1517
1525
1533
1541
1549
1557
1565
1573
1581
1589
1597
1605
1613
1621
1629
1637
1645
1653
1661
1669
1677
1685
1693
1701
1709
1717
1725
1733
1741
1749
1757
1765
1773
1781
1789
1797
1805
1813
1821
1829
1837
1845
1853
1861
1869
1877
1885
1893
1901
1909
1917
6
14
22
30
38
46
54
62
70
78
86
94
102
110
118
126
134
142
150
158
166
174
182
190
198
206
214
222
230
238
246
254
262
270
278
286
294
302
310
318
326
334
342
350
358
366
374
382
390
398
406
414
422
430
438
446
454
462
470
478
486
494
502
510
518
526
534
542
550
558
566
574
582
590
598
606
614
622
630
638
646
654
662
670
678
686
694
702
710
718
726
734
742
750
758
766
774
782
790
798
806
814
822
830
838
846
854
862
870
878
886
894
902
910
918
926
934
942
950
958
966
974
982
990
998
1006
1014
1022
1030
1038
1046
1054
1062
1070
1078
1086
1094
1102
1110
1118
1126
1134
1142
1150
1158
1166
1174
1182
1190
1198
1206
1214
1222
1230
1238
1246
1254
1262
1270
1278
1286
1294
1302
1310
1318
1326
1334
1342
1350
1358
1366
1374
1382
1390
1398
1406
1414
1422
1430
1438
1446
1454
1462
1470
1478
1486
1494
1502
1510
1518
1526
1534
1542
1550
1558
1566
1574
1582
1590
1598
1606
1614
1622
1630
1638
1646
1654
1662
1670
1678
1686
1694
1702
1710
1718
1726
1734
1742
1750
1758
1766
1774
1782
1790
1798
1806
1814
1822
1830
1838
1846
1854
1862
1870
1878
1886
1894
1902
1910
1918
7
15
23
31
39
47
55
63
71
79
87
95
103
111
119
127
135
143
151
159
167
175
183
191
199
207
215
223
231
239
247
255
263
271
279
287
295
303
311
319
327
335
343
351
359
367
375
383
391
399
407
415
423
431
439
447
455
463
471
479
487
495
503
511
519
527
535
543
551
559
567
575
583
591
599
607
615
623
631
639
647
655
663
671
679
687
695
703
711
719
727
735
743
751
759
767
775
783
791
799
807
815
823
831
839
847
855
863
871
879
887
895
903
911
919
927
935
943
951
959
967
975
983
991
999
1007
1015
1023
1031
1039
1047
1055
1063
1071
1079
1087
1095
1103
1111
1119
1127
1135
1143
1151
1159
1167
1175
1183
1191
1199
1207
1215
1223
1231
1239
1247
1255
1263
1271
1279
1287
1295
1303
1311
1319
1327
1335
1343
1351
1359
1367
1375
1383
1391
1399
1407
1415
1423
1431
1439
1447
1455
1463
1471
1479
1487
1495
1503
1511
1519
1527
1535
1543
1551
1559
1567
1575
1583
1591
1599
1607
1615
1623
1631
1639
1647
1655
1663
1671
1679
1687
1695
1703
1711
1719
1727
1735
1743
1751
1759
1767
1775
1783
1791
1799
1807
1815
1823
1831
1839
1847
1855
1863
1871
1879
1887
1895
1903
1911
1919
)


// ************************************************************************* //
