/*--------------------------------*- C++ -*----------------------------------*\
| =========                 |                                                 |
| \\      /  F ield         | OpenFOAM: The Open Source CFD Toolbox           |
|  \\    /   O peration     | Version:  5.x                                   |
|   \\  /    A nd           | Web:      www.OpenFOAM.org                      |
|    \\/     M anipulation  |                                                 |
\*---------------------------------------------------------------------------*/
FoamFile
{
    version     2.0;
    format      ascii;
    class       vectorField;
    location    "constant/polyMesh";
    object      points;
}
// * * * * * * * * * * * * * * * * * * * * * * * * * * * * * * * * * * * * * //


4338
(
(-0.1 0 -0.1)
(-0.075 0 -0.1)
(-0.05 0 -0.1)
(-0.025 0 -0.1)
(0 0 -0.1)
(0.025 0 -0.1)
(0.05 0 -0.1)
(0.075 0 -0.1)
(0.1 0 -0.1)
(-0.1 0.0125 -0.1)
(-0.075 0.0125 -0.1)
(-0.05 0.0125 -0.1)
(-0.025 0.0125 -0.1)
(0 0.0125 -0.1)
(0.025 0.0125 -0.1)
(0.05 0.0125 -0.1)
(0.075 0.0125 -0.1)
(0.1 0.0125 -0.1)
(-0.1 0.025 -0.1)
(-0.075 0.025 -0.1)
(-0.05 0.025 -0.1)
(-0.025 0.025 -0.1)
(0 0.025 -0.1)
(0.025 0.025 -0.1)
(0.05 0.025 -0.1)
(0.075 0.025 -0.1)
(0.1 0.025 -0.1)
(-0.1 0.0375 -0.1)
(-0.075 0.0375 -0.1)
(-0.05 0.0375 -0.1)
(-0.025 0.0375 -0.1)
(0 0.0375 -0.1)
(0.025 0.0375 -0.1)
(0.05 0.0375 -0.1)
(0.075 0.0375 -0.1)
(0.1 0.0375 -0.1)
(-0.1 0.05 -0.1)
(-0.075 0.05 -0.1)
(-0.05 0.05 -0.1)
(-0.025 0.05 -0.1)
(0 0.05 -0.1)
(0.025 0.05 -0.1)
(0.05 0.05 -0.1)
(0.075 0.05 -0.1)
(0.1 0.05 -0.1)
(-0.1 0.0625 -0.1)
(-0.075 0.0625 -0.1)
(-0.05 0.0625 -0.1)
(-0.025 0.0625 -0.1)
(0 0.0625 -0.1)
(0.025 0.0625 -0.1)
(0.05 0.0625 -0.1)
(0.075 0.0625 -0.1)
(0.1 0.0625 -0.1)
(-0.1 0.075 -0.1)
(-0.075 0.075 -0.1)
(-0.05 0.075 -0.1)
(-0.025 0.075 -0.1)
(0 0.075 -0.1)
(0.025 0.075 -0.1)
(0.05 0.075 -0.1)
(0.075 0.075 -0.1)
(0.1 0.075 -0.1)
(-0.1 0.0875 -0.1)
(-0.075 0.0875 -0.1)
(-0.05 0.0875 -0.1)
(-0.025 0.0875 -0.1)
(0 0.0875 -0.1)
(0.025 0.0875 -0.1)
(0.05 0.0875 -0.1)
(0.075 0.0875 -0.1)
(0.1 0.0875 -0.1)
(-0.1 0.1 -0.1)
(-0.075 0.1 -0.1)
(-0.05 0.1 -0.1)
(-0.025 0.1 -0.1)
(0 0.1 -0.1)
(0.025 0.1 -0.1)
(0.05 0.1 -0.1)
(0.075 0.1 -0.1)
(0.1 0.1 -0.1)
(-0.1 0.1125 -0.1)
(-0.075 0.1125 -0.1)
(-0.05 0.1125 -0.1)
(-0.025 0.1125 -0.1)
(0 0.1125 -0.1)
(0.025 0.1125 -0.1)
(0.05 0.1125 -0.1)
(0.075 0.1125 -0.1)
(0.1 0.1125 -0.1)
(-0.1 0.125 -0.1)
(-0.075 0.125 -0.1)
(-0.05 0.125 -0.1)
(-0.025 0.125 -0.1)
(0 0.125 -0.1)
(0.025 0.125 -0.1)
(0.05 0.125 -0.1)
(0.075 0.125 -0.1)
(0.1 0.125 -0.1)
(-0.1 0.1375 -0.1)
(-0.075 0.1375 -0.1)
(-0.05 0.1375 -0.1)
(-0.025 0.1375 -0.1)
(0 0.1375 -0.1)
(0.025 0.1375 -0.1)
(0.05 0.1375 -0.1)
(0.075 0.1375 -0.1)
(0.1 0.1375 -0.1)
(-0.1 0.15 -0.1)
(-0.075 0.15 -0.1)
(-0.05 0.15 -0.1)
(-0.025 0.15 -0.1)
(0 0.15 -0.1)
(0.025 0.15 -0.1)
(0.05 0.15 -0.1)
(0.075 0.15 -0.1)
(0.1 0.15 -0.1)
(-0.1 0.1625 -0.1)
(-0.075 0.1625 -0.1)
(-0.05 0.1625 -0.1)
(-0.025 0.1625 -0.1)
(0 0.1625 -0.1)
(0.025 0.1625 -0.1)
(0.05 0.1625 -0.1)
(0.075 0.1625 -0.1)
(0.1 0.1625 -0.1)
(-0.1 0.175 -0.1)
(-0.075 0.175 -0.1)
(-0.05 0.175 -0.1)
(-0.025 0.175 -0.1)
(0 0.175 -0.1)
(0.025 0.175 -0.1)
(0.05 0.175 -0.1)
(0.075 0.175 -0.1)
(0.1 0.175 -0.1)
(-0.1 0.1875 -0.1)
(-0.075 0.1875 -0.1)
(-0.05 0.1875 -0.1)
(-0.025 0.1875 -0.1)
(0 0.1875 -0.1)
(0.025 0.1875 -0.1)
(0.05 0.1875 -0.1)
(0.075 0.1875 -0.1)
(0.1 0.1875 -0.1)
(-0.1 0.2 -0.1)
(-0.075 0.2 -0.1)
(-0.05 0.2 -0.1)
(-0.025 0.2 -0.1)
(0 0.2 -0.1)
(0.025 0.2 -0.1)
(0.05 0.2 -0.1)
(0.075 0.2 -0.1)
(0.1 0.2 -0.1)
(-0.1 0.2125 -0.1)
(-0.075 0.2125 -0.1)
(-0.05 0.2125 -0.1)
(-0.025 0.2125 -0.1)
(0 0.2125 -0.1)
(0.025 0.2125 -0.1)
(0.05 0.2125 -0.1)
(0.075 0.2125 -0.1)
(0.1 0.2125 -0.1)
(-0.1 0.225 -0.1)
(-0.075 0.225 -0.1)
(-0.05 0.225 -0.1)
(-0.025 0.225 -0.1)
(0 0.225 -0.1)
(0.025 0.225 -0.1)
(0.05 0.225 -0.1)
(0.075 0.225 -0.1)
(0.1 0.225 -0.1)
(-0.1 0.2375 -0.1)
(-0.075 0.2375 -0.1)
(-0.05 0.2375 -0.1)
(-0.025 0.2375 -0.1)
(0 0.2375 -0.1)
(0.025 0.2375 -0.1)
(0.05 0.2375 -0.1)
(0.075 0.2375 -0.1)
(0.1 0.2375 -0.1)
(-0.1 0.25 -0.1)
(-0.075 0.25 -0.1)
(-0.05 0.25 -0.1)
(-0.025 0.25 -0.1)
(0 0.25 -0.1)
(0.025 0.25 -0.1)
(0.05 0.25 -0.1)
(0.075 0.25 -0.1)
(0.1 0.25 -0.1)
(-0.1 0.2625 -0.1)
(-0.075 0.2625 -0.1)
(-0.05 0.2625 -0.1)
(-0.025 0.2625 -0.1)
(0 0.2625 -0.1)
(0.025 0.2625 -0.1)
(0.05 0.2625 -0.1)
(0.075 0.2625 -0.1)
(0.1 0.2625 -0.1)
(-0.1 0.275 -0.1)
(-0.075 0.275 -0.1)
(-0.05 0.275 -0.1)
(-0.025 0.275 -0.1)
(0 0.275 -0.1)
(0.025 0.275 -0.1)
(0.05 0.275 -0.1)
(0.075 0.275 -0.1)
(0.1 0.275 -0.1)
(-0.1 0.2875 -0.1)
(-0.075 0.2875 -0.1)
(-0.05 0.2875 -0.1)
(-0.025 0.2875 -0.1)
(0 0.2875 -0.1)
(0.025 0.2875 -0.1)
(0.05 0.2875 -0.1)
(0.075 0.2875 -0.1)
(0.1 0.2875 -0.1)
(-0.1 0.3 -0.1)
(-0.075 0.3 -0.1)
(-0.05 0.3 -0.1)
(-0.025 0.3 -0.1)
(0 0.3 -0.1)
(0.025 0.3 -0.1)
(0.05 0.3 -0.1)
(0.075 0.3 -0.1)
(0.1 0.3 -0.1)
(-0.1 0.3125 -0.1)
(-0.075 0.3125 -0.1)
(-0.05 0.3125 -0.1)
(-0.025 0.3125 -0.1)
(0 0.3125 -0.1)
(0.025 0.3125 -0.1)
(0.05 0.3125 -0.1)
(0.075 0.3125 -0.1)
(0.1 0.3125 -0.1)
(-0.1 0.325 -0.1)
(-0.075 0.325 -0.1)
(-0.05 0.325 -0.1)
(-0.025 0.325 -0.1)
(0 0.325 -0.1)
(0.025 0.325 -0.1)
(0.05 0.325 -0.1)
(0.075 0.325 -0.1)
(0.1 0.325 -0.1)
(-0.1 0.3375 -0.1)
(-0.075 0.3375 -0.1)
(-0.05 0.3375 -0.1)
(-0.025 0.3375 -0.1)
(0 0.3375 -0.1)
(0.025 0.3375 -0.1)
(0.05 0.3375 -0.1)
(0.075 0.3375 -0.1)
(0.1 0.3375 -0.1)
(-0.1 0.35 -0.1)
(-0.075 0.35 -0.1)
(-0.05 0.35 -0.1)
(-0.025 0.35 -0.1)
(0 0.35 -0.1)
(0.025 0.35 -0.1)
(0.05 0.35 -0.1)
(0.075 0.35 -0.1)
(0.1 0.35 -0.1)
(-0.1 0.3625 -0.1)
(-0.075 0.3625 -0.1)
(-0.05 0.3625 -0.1)
(-0.025 0.3625 -0.1)
(0 0.3625 -0.1)
(0.025 0.3625 -0.1)
(0.05 0.3625 -0.1)
(0.075 0.3625 -0.1)
(0.1 0.3625 -0.1)
(-0.1 0.375 -0.1)
(-0.075 0.375 -0.1)
(-0.05 0.375 -0.1)
(-0.025 0.375 -0.1)
(0 0.375 -0.1)
(0.025 0.375 -0.1)
(0.05 0.375 -0.1)
(0.075 0.375 -0.1)
(0.1 0.375 -0.1)
(-0.1 0.3875 -0.1)
(-0.075 0.3875 -0.1)
(-0.05 0.3875 -0.1)
(-0.025 0.3875 -0.1)
(0 0.3875 -0.1)
(0.025 0.3875 -0.1)
(0.05 0.3875 -0.1)
(0.075 0.3875 -0.1)
(0.1 0.3875 -0.1)
(-0.1 0.4 -0.1)
(-0.075 0.4 -0.1)
(-0.05 0.4 -0.1)
(-0.025 0.4 -0.1)
(0 0.4 -0.1)
(0.025 0.4 -0.1)
(0.05 0.4 -0.1)
(0.075 0.4 -0.1)
(0.1 0.4 -0.1)
(-0.1 0.4125 -0.1)
(-0.075 0.4125 -0.1)
(-0.05 0.4125 -0.1)
(-0.025 0.4125 -0.1)
(0 0.4125 -0.1)
(0.025 0.4125 -0.1)
(0.05 0.4125 -0.1)
(0.075 0.4125 -0.1)
(0.1 0.4125 -0.1)
(-0.1 0.425 -0.1)
(-0.075 0.425 -0.1)
(-0.05 0.425 -0.1)
(-0.025 0.425 -0.1)
(0 0.425 -0.1)
(0.025 0.425 -0.1)
(0.05 0.425 -0.1)
(0.075 0.425 -0.1)
(0.1 0.425 -0.1)
(-0.1 0.4375 -0.1)
(-0.075 0.4375 -0.1)
(-0.05 0.4375 -0.1)
(-0.025 0.4375 -0.1)
(0 0.4375 -0.1)
(0.025 0.4375 -0.1)
(0.05 0.4375 -0.1)
(0.075 0.4375 -0.1)
(0.1 0.4375 -0.1)
(-0.1 0.45 -0.1)
(-0.075 0.45 -0.1)
(-0.05 0.45 -0.1)
(-0.025 0.45 -0.1)
(0 0.45 -0.1)
(0.025 0.45 -0.1)
(0.05 0.45 -0.1)
(0.075 0.45 -0.1)
(0.1 0.45 -0.1)
(-0.1 0.4625 -0.1)
(-0.075 0.4625 -0.1)
(-0.05 0.4625 -0.1)
(-0.025 0.4625 -0.1)
(0 0.4625 -0.1)
(0.025 0.4625 -0.1)
(0.05 0.4625 -0.1)
(0.075 0.4625 -0.1)
(0.1 0.4625 -0.1)
(-0.1 0.475 -0.1)
(-0.075 0.475 -0.1)
(-0.05 0.475 -0.1)
(-0.025 0.475 -0.1)
(0 0.475 -0.1)
(0.025 0.475 -0.1)
(0.05 0.475 -0.1)
(0.075 0.475 -0.1)
(0.1 0.475 -0.1)
(-0.1 0.4875 -0.1)
(-0.075 0.4875 -0.1)
(-0.05 0.4875 -0.1)
(-0.025 0.4875 -0.1)
(0 0.4875 -0.1)
(0.025 0.4875 -0.1)
(0.05 0.4875 -0.1)
(0.075 0.4875 -0.1)
(0.1 0.4875 -0.1)
(-0.1 0.5 -0.1)
(-0.075 0.5 -0.1)
(-0.05 0.5 -0.1)
(-0.025 0.5 -0.1)
(0 0.5 -0.1)
(0.025 0.5 -0.1)
(0.05 0.5 -0.1)
(0.075 0.5 -0.1)
(0.1 0.5 -0.1)
(-0.1 0.5125 -0.1)
(-0.075 0.5125 -0.1)
(-0.05 0.5125 -0.1)
(-0.025 0.5125 -0.1)
(0 0.5125 -0.1)
(0.025 0.5125 -0.1)
(0.05 0.5125 -0.1)
(0.075 0.5125 -0.1)
(0.1 0.5125 -0.1)
(-0.1 0.525 -0.1)
(-0.075 0.525 -0.1)
(-0.05 0.525 -0.1)
(-0.025 0.525 -0.1)
(0 0.525 -0.1)
(0.025 0.525 -0.1)
(0.05 0.525 -0.1)
(0.075 0.525 -0.1)
(0.1 0.525 -0.1)
(-0.1 0.5375 -0.1)
(-0.075 0.5375 -0.1)
(-0.05 0.5375 -0.1)
(-0.025 0.5375 -0.1)
(0 0.5375 -0.1)
(0.025 0.5375 -0.1)
(0.05 0.5375 -0.1)
(0.075 0.5375 -0.1)
(0.1 0.5375 -0.1)
(-0.1 0.55 -0.1)
(-0.075 0.55 -0.1)
(-0.05 0.55 -0.1)
(-0.025 0.55 -0.1)
(0 0.55 -0.1)
(0.025 0.55 -0.1)
(0.05 0.55 -0.1)
(0.075 0.55 -0.1)
(0.1 0.55 -0.1)
(-0.1 0.5625 -0.1)
(-0.075 0.5625 -0.1)
(-0.05 0.5625 -0.1)
(-0.025 0.5625 -0.1)
(0 0.5625 -0.1)
(0.025 0.5625 -0.1)
(0.05 0.5625 -0.1)
(0.075 0.5625 -0.1)
(0.1 0.5625 -0.1)
(-0.1 0.575 -0.1)
(-0.075 0.575 -0.1)
(-0.05 0.575 -0.1)
(-0.025 0.575 -0.1)
(0 0.575 -0.1)
(0.025 0.575 -0.1)
(0.05 0.575 -0.1)
(0.075 0.575 -0.1)
(0.1 0.575 -0.1)
(-0.1 0.5875 -0.1)
(-0.075 0.5875 -0.1)
(-0.05 0.5875 -0.1)
(-0.025 0.5875 -0.1)
(0 0.5875 -0.1)
(0.025 0.5875 -0.1)
(0.05 0.5875 -0.1)
(0.075 0.5875 -0.1)
(0.1 0.5875 -0.1)
(-0.1 0.6 -0.1)
(-0.075 0.6 -0.1)
(-0.05 0.6 -0.1)
(-0.025 0.6 -0.1)
(0 0.6 -0.1)
(0.025 0.6 -0.1)
(0.05 0.6 -0.1)
(0.075 0.6 -0.1)
(0.1 0.6 -0.1)
(-0.1 0.6125 -0.1)
(-0.075 0.6125 -0.1)
(-0.05 0.6125 -0.1)
(-0.025 0.6125 -0.1)
(0 0.6125 -0.1)
(0.025 0.6125 -0.1)
(0.05 0.6125 -0.1)
(0.075 0.6125 -0.1)
(0.1 0.6125 -0.1)
(-0.1 0.625 -0.1)
(-0.075 0.625 -0.1)
(-0.05 0.625 -0.1)
(-0.025 0.625 -0.1)
(0 0.625 -0.1)
(0.025 0.625 -0.1)
(0.05 0.625 -0.1)
(0.075 0.625 -0.1)
(0.1 0.625 -0.1)
(-0.1 0.6375 -0.1)
(-0.075 0.6375 -0.1)
(-0.05 0.6375 -0.1)
(-0.025 0.6375 -0.1)
(0 0.6375 -0.1)
(0.025 0.6375 -0.1)
(0.05 0.6375 -0.1)
(0.075 0.6375 -0.1)
(0.1 0.6375 -0.1)
(-0.1 0.65 -0.1)
(-0.075 0.65 -0.1)
(-0.05 0.65 -0.1)
(-0.025 0.65 -0.1)
(0 0.65 -0.1)
(0.025 0.65 -0.1)
(0.05 0.65 -0.1)
(0.075 0.65 -0.1)
(0.1 0.65 -0.1)
(-0.1 0.6625 -0.1)
(-0.075 0.6625 -0.1)
(-0.05 0.6625 -0.1)
(-0.025 0.6625 -0.1)
(0 0.6625 -0.1)
(0.025 0.6625 -0.1)
(0.05 0.6625 -0.1)
(0.075 0.6625 -0.1)
(0.1 0.6625 -0.1)
(-0.1 0.675 -0.1)
(-0.075 0.675 -0.1)
(-0.05 0.675 -0.1)
(-0.025 0.675 -0.1)
(0 0.675 -0.1)
(0.025 0.675 -0.1)
(0.05 0.675 -0.1)
(0.075 0.675 -0.1)
(0.1 0.675 -0.1)
(-0.1 0.6875 -0.1)
(-0.075 0.6875 -0.1)
(-0.05 0.6875 -0.1)
(-0.025 0.6875 -0.1)
(0 0.6875 -0.1)
(0.025 0.6875 -0.1)
(0.05 0.6875 -0.1)
(0.075 0.6875 -0.1)
(0.1 0.6875 -0.1)
(-0.1 0.7 -0.1)
(-0.075 0.7 -0.1)
(-0.05 0.7 -0.1)
(-0.025 0.7 -0.1)
(0 0.7 -0.1)
(0.025 0.7 -0.1)
(0.05 0.7 -0.1)
(0.075 0.7 -0.1)
(0.1 0.7 -0.1)
(-0.1 0.7125 -0.1)
(-0.075 0.7125 -0.1)
(-0.05 0.7125 -0.1)
(-0.025 0.7125 -0.1)
(0 0.7125 -0.1)
(0.025 0.7125 -0.1)
(0.05 0.7125 -0.1)
(0.075 0.7125 -0.1)
(0.1 0.7125 -0.1)
(-0.1 0.725 -0.1)
(-0.075 0.725 -0.1)
(-0.05 0.725 -0.1)
(-0.025 0.725 -0.1)
(0 0.725 -0.1)
(0.025 0.725 -0.1)
(0.05 0.725 -0.1)
(0.075 0.725 -0.1)
(0.1 0.725 -0.1)
(-0.1 0.7375 -0.1)
(-0.075 0.7375 -0.1)
(-0.05 0.7375 -0.1)
(-0.025 0.7375 -0.1)
(0 0.7375 -0.1)
(0.025 0.7375 -0.1)
(0.05 0.7375 -0.1)
(0.075 0.7375 -0.1)
(0.1 0.7375 -0.1)
(-0.1 0.75 -0.1)
(-0.075 0.75 -0.1)
(-0.05 0.75 -0.1)
(-0.025 0.75 -0.1)
(0 0.75 -0.1)
(0.025 0.75 -0.1)
(0.05 0.75 -0.1)
(0.075 0.75 -0.1)
(0.1 0.75 -0.1)
(-0.1 0.7625 -0.1)
(-0.075 0.7625 -0.1)
(-0.05 0.7625 -0.1)
(-0.025 0.7625 -0.1)
(0 0.7625 -0.1)
(0.025 0.7625 -0.1)
(0.05 0.7625 -0.1)
(0.075 0.7625 -0.1)
(0.1 0.7625 -0.1)
(-0.1 0.775 -0.1)
(-0.075 0.775 -0.1)
(-0.05 0.775 -0.1)
(-0.025 0.775 -0.1)
(0 0.775 -0.1)
(0.025 0.775 -0.1)
(0.05 0.775 -0.1)
(0.075 0.775 -0.1)
(0.1 0.775 -0.1)
(-0.1 0.7875 -0.1)
(-0.075 0.7875 -0.1)
(-0.05 0.7875 -0.1)
(-0.025 0.7875 -0.1)
(0 0.7875 -0.1)
(0.025 0.7875 -0.1)
(0.05 0.7875 -0.1)
(0.075 0.7875 -0.1)
(0.1 0.7875 -0.1)
(-0.1 0.8 -0.1)
(-0.075 0.8 -0.1)
(-0.05 0.8 -0.1)
(-0.025 0.8 -0.1)
(0 0.8 -0.1)
(0.025 0.8 -0.1)
(0.05 0.8 -0.1)
(0.075 0.8 -0.1)
(0.1 0.8 -0.1)
(-0.1 0.8125 -0.1)
(-0.075 0.8125 -0.1)
(-0.05 0.8125 -0.1)
(-0.025 0.8125 -0.1)
(0 0.8125 -0.1)
(0.025 0.8125 -0.1)
(0.05 0.8125 -0.1)
(0.075 0.8125 -0.1)
(0.1 0.8125 -0.1)
(-0.1 0.825 -0.1)
(-0.075 0.825 -0.1)
(-0.05 0.825 -0.1)
(-0.025 0.825 -0.1)
(0 0.825 -0.1)
(0.025 0.825 -0.1)
(0.05 0.825 -0.1)
(0.075 0.825 -0.1)
(0.1 0.825 -0.1)
(-0.1 0.8375 -0.1)
(-0.075 0.8375 -0.1)
(-0.05 0.8375 -0.1)
(-0.025 0.8375 -0.1)
(0 0.8375 -0.1)
(0.025 0.8375 -0.1)
(0.05 0.8375 -0.1)
(0.075 0.8375 -0.1)
(0.1 0.8375 -0.1)
(-0.1 0.85 -0.1)
(-0.075 0.85 -0.1)
(-0.05 0.85 -0.1)
(-0.025 0.85 -0.1)
(0 0.85 -0.1)
(0.025 0.85 -0.1)
(0.05 0.85 -0.1)
(0.075 0.85 -0.1)
(0.1 0.85 -0.1)
(-0.1 0.8625 -0.1)
(-0.075 0.8625 -0.1)
(-0.05 0.8625 -0.1)
(-0.025 0.8625 -0.1)
(0 0.8625 -0.1)
(0.025 0.8625 -0.1)
(0.05 0.8625 -0.1)
(0.075 0.8625 -0.1)
(0.1 0.8625 -0.1)
(-0.1 0.875 -0.1)
(-0.075 0.875 -0.1)
(-0.05 0.875 -0.1)
(-0.025 0.875 -0.1)
(0 0.875 -0.1)
(0.025 0.875 -0.1)
(0.05 0.875 -0.1)
(0.075 0.875 -0.1)
(0.1 0.875 -0.1)
(-0.1 0.8875 -0.1)
(-0.075 0.8875 -0.1)
(-0.05 0.8875 -0.1)
(-0.025 0.8875 -0.1)
(0 0.8875 -0.1)
(0.025 0.8875 -0.1)
(0.05 0.8875 -0.1)
(0.075 0.8875 -0.1)
(0.1 0.8875 -0.1)
(-0.1 0.9 -0.1)
(-0.075 0.9 -0.1)
(-0.05 0.9 -0.1)
(-0.025 0.9 -0.1)
(0 0.9 -0.1)
(0.025 0.9 -0.1)
(0.05 0.9 -0.1)
(0.075 0.9 -0.1)
(0.1 0.9 -0.1)
(-0.1 0.9125 -0.1)
(-0.075 0.9125 -0.1)
(-0.05 0.9125 -0.1)
(-0.025 0.9125 -0.1)
(0 0.9125 -0.1)
(0.025 0.9125 -0.1)
(0.05 0.9125 -0.1)
(0.075 0.9125 -0.1)
(0.1 0.9125 -0.1)
(-0.1 0.925 -0.1)
(-0.075 0.925 -0.1)
(-0.05 0.925 -0.1)
(-0.025 0.925 -0.1)
(0 0.925 -0.1)
(0.025 0.925 -0.1)
(0.05 0.925 -0.1)
(0.075 0.925 -0.1)
(0.1 0.925 -0.1)
(-0.1 0.9375 -0.1)
(-0.075 0.9375 -0.1)
(-0.05 0.9375 -0.1)
(-0.025 0.9375 -0.1)
(0 0.9375 -0.1)
(0.025 0.9375 -0.1)
(0.05 0.9375 -0.1)
(0.075 0.9375 -0.1)
(0.1 0.9375 -0.1)
(-0.1 0.95 -0.1)
(-0.075 0.95 -0.1)
(-0.05 0.95 -0.1)
(-0.025 0.95 -0.1)
(0 0.95 -0.1)
(0.025 0.95 -0.1)
(0.05 0.95 -0.1)
(0.075 0.95 -0.1)
(0.1 0.95 -0.1)
(-0.1 0.9625 -0.1)
(-0.075 0.9625 -0.1)
(-0.05 0.9625 -0.1)
(-0.025 0.9625 -0.1)
(0 0.9625 -0.1)
(0.025 0.9625 -0.1)
(0.05 0.9625 -0.1)
(0.075 0.9625 -0.1)
(0.1 0.9625 -0.1)
(-0.1 0.975 -0.1)
(-0.075 0.975 -0.1)
(-0.05 0.975 -0.1)
(-0.025 0.975 -0.1)
(0 0.975 -0.1)
(0.025 0.975 -0.1)
(0.05 0.975 -0.1)
(0.075 0.975 -0.1)
(0.1 0.975 -0.1)
(-0.1 0.9875 -0.1)
(-0.075 0.9875 -0.1)
(-0.05 0.9875 -0.1)
(-0.025 0.9875 -0.1)
(0 0.9875 -0.1)
(0.025 0.9875 -0.1)
(0.05 0.9875 -0.1)
(0.075 0.9875 -0.1)
(0.1 0.9875 -0.1)
(-0.1 1 -0.1)
(-0.075 1 -0.1)
(-0.05 1 -0.1)
(-0.025 1 -0.1)
(0 1 -0.1)
(0.025 1 -0.1)
(0.05 1 -0.1)
(0.075 1 -0.1)
(0.1 1 -0.1)
(-0.1 1.0125 -0.1)
(-0.075 1.0125 -0.1)
(-0.05 1.0125 -0.1)
(-0.025 1.0125 -0.1)
(0 1.0125 -0.1)
(0.025 1.0125 -0.1)
(0.05 1.0125 -0.1)
(0.075 1.0125 -0.1)
(0.1 1.0125 -0.1)
(-0.1 1.025 -0.1)
(-0.075 1.025 -0.1)
(-0.05 1.025 -0.1)
(-0.025 1.025 -0.1)
(0 1.025 -0.1)
(0.025 1.025 -0.1)
(0.05 1.025 -0.1)
(0.075 1.025 -0.1)
(0.1 1.025 -0.1)
(-0.1 1.0375 -0.1)
(-0.075 1.0375 -0.1)
(-0.05 1.0375 -0.1)
(-0.025 1.0375 -0.1)
(0 1.0375 -0.1)
(0.025 1.0375 -0.1)
(0.05 1.0375 -0.1)
(0.075 1.0375 -0.1)
(0.1 1.0375 -0.1)
(-0.1 1.05 -0.1)
(-0.075 1.05 -0.1)
(-0.05 1.05 -0.1)
(-0.025 1.05 -0.1)
(0 1.05 -0.1)
(0.025 1.05 -0.1)
(0.05 1.05 -0.1)
(0.075 1.05 -0.1)
(0.1 1.05 -0.1)
(-0.1 1.0625 -0.1)
(-0.075 1.0625 -0.1)
(-0.05 1.0625 -0.1)
(-0.025 1.0625 -0.1)
(0 1.0625 -0.1)
(0.025 1.0625 -0.1)
(0.05 1.0625 -0.1)
(0.075 1.0625 -0.1)
(0.1 1.0625 -0.1)
(-0.1 1.075 -0.1)
(-0.075 1.075 -0.1)
(-0.05 1.075 -0.1)
(-0.025 1.075 -0.1)
(0 1.075 -0.1)
(0.025 1.075 -0.1)
(0.05 1.075 -0.1)
(0.075 1.075 -0.1)
(0.1 1.075 -0.1)
(-0.1 1.0875 -0.1)
(-0.075 1.0875 -0.1)
(-0.05 1.0875 -0.1)
(-0.025 1.0875 -0.1)
(0 1.0875 -0.1)
(0.025 1.0875 -0.1)
(0.05 1.0875 -0.1)
(0.075 1.0875 -0.1)
(0.1 1.0875 -0.1)
(-0.1 1.1 -0.1)
(-0.075 1.1 -0.1)
(-0.05 1.1 -0.1)
(-0.025 1.1 -0.1)
(0 1.1 -0.1)
(0.025 1.1 -0.1)
(0.05 1.1 -0.1)
(0.075 1.1 -0.1)
(0.1 1.1 -0.1)
(-0.1 1.1125 -0.1)
(-0.075 1.1125 -0.1)
(-0.05 1.1125 -0.1)
(-0.025 1.1125 -0.1)
(0 1.1125 -0.1)
(0.025 1.1125 -0.1)
(0.05 1.1125 -0.1)
(0.075 1.1125 -0.1)
(0.1 1.1125 -0.1)
(-0.1 1.125 -0.1)
(-0.075 1.125 -0.1)
(-0.05 1.125 -0.1)
(-0.025 1.125 -0.1)
(0 1.125 -0.1)
(0.025 1.125 -0.1)
(0.05 1.125 -0.1)
(0.075 1.125 -0.1)
(0.1 1.125 -0.1)
(-0.1 1.1375 -0.1)
(-0.075 1.1375 -0.1)
(-0.05 1.1375 -0.1)
(-0.025 1.1375 -0.1)
(0 1.1375 -0.1)
(0.025 1.1375 -0.1)
(0.05 1.1375 -0.1)
(0.075 1.1375 -0.1)
(0.1 1.1375 -0.1)
(-0.1 1.15 -0.1)
(-0.075 1.15 -0.1)
(-0.05 1.15 -0.1)
(-0.025 1.15 -0.1)
(0 1.15 -0.1)
(0.025 1.15 -0.1)
(0.05 1.15 -0.1)
(0.075 1.15 -0.1)
(0.1 1.15 -0.1)
(-0.1 1.1625 -0.1)
(-0.075 1.1625 -0.1)
(-0.05 1.1625 -0.1)
(-0.025 1.1625 -0.1)
(0 1.1625 -0.1)
(0.025 1.1625 -0.1)
(0.05 1.1625 -0.1)
(0.075 1.1625 -0.1)
(0.1 1.1625 -0.1)
(-0.1 1.175 -0.1)
(-0.075 1.175 -0.1)
(-0.05 1.175 -0.1)
(-0.025 1.175 -0.1)
(0 1.175 -0.1)
(0.025 1.175 -0.1)
(0.05 1.175 -0.1)
(0.075 1.175 -0.1)
(0.1 1.175 -0.1)
(-0.1 1.1875 -0.1)
(-0.075 1.1875 -0.1)
(-0.05 1.1875 -0.1)
(-0.025 1.1875 -0.1)
(0 1.1875 -0.1)
(0.025 1.1875 -0.1)
(0.05 1.1875 -0.1)
(0.075 1.1875 -0.1)
(0.1 1.1875 -0.1)
(-0.1 1.2 -0.1)
(-0.075 1.2 -0.1)
(-0.05 1.2 -0.1)
(-0.025 1.2 -0.1)
(0 1.2 -0.1)
(0.025 1.2 -0.1)
(0.05 1.2 -0.1)
(0.075 1.2 -0.1)
(0.1 1.2 -0.1)
(-0.1 1.2125 -0.1)
(-0.075 1.2125 -0.1)
(-0.05 1.2125 -0.1)
(-0.025 1.2125 -0.1)
(0 1.2125 -0.1)
(0.025 1.2125 -0.1)
(0.05 1.2125 -0.1)
(0.075 1.2125 -0.1)
(0.1 1.2125 -0.1)
(-0.1 1.225 -0.1)
(-0.075 1.225 -0.1)
(-0.05 1.225 -0.1)
(-0.025 1.225 -0.1)
(0 1.225 -0.1)
(0.025 1.225 -0.1)
(0.05 1.225 -0.1)
(0.075 1.225 -0.1)
(0.1 1.225 -0.1)
(-0.1 1.2375 -0.1)
(-0.075 1.2375 -0.1)
(-0.05 1.2375 -0.1)
(-0.025 1.2375 -0.1)
(0 1.2375 -0.1)
(0.025 1.2375 -0.1)
(0.05 1.2375 -0.1)
(0.075 1.2375 -0.1)
(0.1 1.2375 -0.1)
(-0.1 1.25 -0.1)
(-0.075 1.25 -0.1)
(-0.05 1.25 -0.1)
(-0.025 1.25 -0.1)
(0 1.25 -0.1)
(0.025 1.25 -0.1)
(0.05 1.25 -0.1)
(0.075 1.25 -0.1)
(0.1 1.25 -0.1)
(-0.1 1.2625 -0.1)
(-0.075 1.2625 -0.1)
(-0.05 1.2625 -0.1)
(-0.025 1.2625 -0.1)
(0 1.2625 -0.1)
(0.025 1.2625 -0.1)
(0.05 1.2625 -0.1)
(0.075 1.2625 -0.1)
(0.1 1.2625 -0.1)
(-0.1 1.275 -0.1)
(-0.075 1.275 -0.1)
(-0.05 1.275 -0.1)
(-0.025 1.275 -0.1)
(0 1.275 -0.1)
(0.025 1.275 -0.1)
(0.05 1.275 -0.1)
(0.075 1.275 -0.1)
(0.1 1.275 -0.1)
(-0.1 1.2875 -0.1)
(-0.075 1.2875 -0.1)
(-0.05 1.2875 -0.1)
(-0.025 1.2875 -0.1)
(0 1.2875 -0.1)
(0.025 1.2875 -0.1)
(0.05 1.2875 -0.1)
(0.075 1.2875 -0.1)
(0.1 1.2875 -0.1)
(-0.1 1.3 -0.1)
(-0.075 1.3 -0.1)
(-0.05 1.3 -0.1)
(-0.025 1.3 -0.1)
(0 1.3 -0.1)
(0.025 1.3 -0.1)
(0.05 1.3 -0.1)
(0.075 1.3 -0.1)
(0.1 1.3 -0.1)
(-0.1 1.3125 -0.1)
(-0.075 1.3125 -0.1)
(-0.05 1.3125 -0.1)
(-0.025 1.3125 -0.1)
(0 1.3125 -0.1)
(0.025 1.3125 -0.1)
(0.05 1.3125 -0.1)
(0.075 1.3125 -0.1)
(0.1 1.3125 -0.1)
(-0.1 1.325 -0.1)
(-0.075 1.325 -0.1)
(-0.05 1.325 -0.1)
(-0.025 1.325 -0.1)
(0 1.325 -0.1)
(0.025 1.325 -0.1)
(0.05 1.325 -0.1)
(0.075 1.325 -0.1)
(0.1 1.325 -0.1)
(-0.1 1.3375 -0.1)
(-0.075 1.3375 -0.1)
(-0.05 1.3375 -0.1)
(-0.025 1.3375 -0.1)
(0 1.3375 -0.1)
(0.025 1.3375 -0.1)
(0.05 1.3375 -0.1)
(0.075 1.3375 -0.1)
(0.1 1.3375 -0.1)
(-0.1 1.35 -0.1)
(-0.075 1.35 -0.1)
(-0.05 1.35 -0.1)
(-0.025 1.35 -0.1)
(0 1.35 -0.1)
(0.025 1.35 -0.1)
(0.05 1.35 -0.1)
(0.075 1.35 -0.1)
(0.1 1.35 -0.1)
(-0.1 1.3625 -0.1)
(-0.075 1.3625 -0.1)
(-0.05 1.3625 -0.1)
(-0.025 1.3625 -0.1)
(0 1.3625 -0.1)
(0.025 1.3625 -0.1)
(0.05 1.3625 -0.1)
(0.075 1.3625 -0.1)
(0.1 1.3625 -0.1)
(-0.1 1.375 -0.1)
(-0.075 1.375 -0.1)
(-0.05 1.375 -0.1)
(-0.025 1.375 -0.1)
(0 1.375 -0.1)
(0.025 1.375 -0.1)
(0.05 1.375 -0.1)
(0.075 1.375 -0.1)
(0.1 1.375 -0.1)
(-0.1 1.3875 -0.1)
(-0.075 1.3875 -0.1)
(-0.05 1.3875 -0.1)
(-0.025 1.3875 -0.1)
(0 1.3875 -0.1)
(0.025 1.3875 -0.1)
(0.05 1.3875 -0.1)
(0.075 1.3875 -0.1)
(0.1 1.3875 -0.1)
(-0.1 1.4 -0.1)
(-0.075 1.4 -0.1)
(-0.05 1.4 -0.1)
(-0.025 1.4 -0.1)
(0 1.4 -0.1)
(0.025 1.4 -0.1)
(0.05 1.4 -0.1)
(0.075 1.4 -0.1)
(0.1 1.4 -0.1)
(-0.1 1.4125 -0.1)
(-0.075 1.4125 -0.1)
(-0.05 1.4125 -0.1)
(-0.025 1.4125 -0.1)
(0 1.4125 -0.1)
(0.025 1.4125 -0.1)
(0.05 1.4125 -0.1)
(0.075 1.4125 -0.1)
(0.1 1.4125 -0.1)
(-0.1 1.425 -0.1)
(-0.075 1.425 -0.1)
(-0.05 1.425 -0.1)
(-0.025 1.425 -0.1)
(0 1.425 -0.1)
(0.025 1.425 -0.1)
(0.05 1.425 -0.1)
(0.075 1.425 -0.1)
(0.1 1.425 -0.1)
(-0.1 1.4375 -0.1)
(-0.075 1.4375 -0.1)
(-0.05 1.4375 -0.1)
(-0.025 1.4375 -0.1)
(0 1.4375 -0.1)
(0.025 1.4375 -0.1)
(0.05 1.4375 -0.1)
(0.075 1.4375 -0.1)
(0.1 1.4375 -0.1)
(-0.1 1.45 -0.1)
(-0.075 1.45 -0.1)
(-0.05 1.45 -0.1)
(-0.025 1.45 -0.1)
(0 1.45 -0.1)
(0.025 1.45 -0.1)
(0.05 1.45 -0.1)
(0.075 1.45 -0.1)
(0.1 1.45 -0.1)
(-0.1 1.4625 -0.1)
(-0.075 1.4625 -0.1)
(-0.05 1.4625 -0.1)
(-0.025 1.4625 -0.1)
(0 1.4625 -0.1)
(0.025 1.4625 -0.1)
(0.05 1.4625 -0.1)
(0.075 1.4625 -0.1)
(0.1 1.4625 -0.1)
(-0.1 1.475 -0.1)
(-0.075 1.475 -0.1)
(-0.05 1.475 -0.1)
(-0.025 1.475 -0.1)
(0 1.475 -0.1)
(0.025 1.475 -0.1)
(0.05 1.475 -0.1)
(0.075 1.475 -0.1)
(0.1 1.475 -0.1)
(-0.1 1.4875 -0.1)
(-0.075 1.4875 -0.1)
(-0.05 1.4875 -0.1)
(-0.025 1.4875 -0.1)
(0 1.4875 -0.1)
(0.025 1.4875 -0.1)
(0.05 1.4875 -0.1)
(0.075 1.4875 -0.1)
(0.1 1.4875 -0.1)
(-0.1 1.5 -0.1)
(-0.075 1.5 -0.1)
(-0.05 1.5 -0.1)
(-0.025 1.5 -0.1)
(0 1.5 -0.1)
(0.025 1.5 -0.1)
(0.05 1.5 -0.1)
(0.075 1.5 -0.1)
(0.1 1.5 -0.1)
(-0.1 1.5125 -0.1)
(-0.075 1.5125 -0.1)
(-0.05 1.5125 -0.1)
(-0.025 1.5125 -0.1)
(0 1.5125 -0.1)
(0.025 1.5125 -0.1)
(0.05 1.5125 -0.1)
(0.075 1.5125 -0.1)
(0.1 1.5125 -0.1)
(-0.1 1.525 -0.1)
(-0.075 1.525 -0.1)
(-0.05 1.525 -0.1)
(-0.025 1.525 -0.1)
(0 1.525 -0.1)
(0.025 1.525 -0.1)
(0.05 1.525 -0.1)
(0.075 1.525 -0.1)
(0.1 1.525 -0.1)
(-0.1 1.5375 -0.1)
(-0.075 1.5375 -0.1)
(-0.05 1.5375 -0.1)
(-0.025 1.5375 -0.1)
(0 1.5375 -0.1)
(0.025 1.5375 -0.1)
(0.05 1.5375 -0.1)
(0.075 1.5375 -0.1)
(0.1 1.5375 -0.1)
(-0.1 1.55 -0.1)
(-0.075 1.55 -0.1)
(-0.05 1.55 -0.1)
(-0.025 1.55 -0.1)
(0 1.55 -0.1)
(0.025 1.55 -0.1)
(0.05 1.55 -0.1)
(0.075 1.55 -0.1)
(0.1 1.55 -0.1)
(-0.1 1.5625 -0.1)
(-0.075 1.5625 -0.1)
(-0.05 1.5625 -0.1)
(-0.025 1.5625 -0.1)
(0 1.5625 -0.1)
(0.025 1.5625 -0.1)
(0.05 1.5625 -0.1)
(0.075 1.5625 -0.1)
(0.1 1.5625 -0.1)
(-0.1 1.575 -0.1)
(-0.075 1.575 -0.1)
(-0.05 1.575 -0.1)
(-0.025 1.575 -0.1)
(0 1.575 -0.1)
(0.025 1.575 -0.1)
(0.05 1.575 -0.1)
(0.075 1.575 -0.1)
(0.1 1.575 -0.1)
(-0.1 1.5875 -0.1)
(-0.075 1.5875 -0.1)
(-0.05 1.5875 -0.1)
(-0.025 1.5875 -0.1)
(0 1.5875 -0.1)
(0.025 1.5875 -0.1)
(0.05 1.5875 -0.1)
(0.075 1.5875 -0.1)
(0.1 1.5875 -0.1)
(-0.1 1.6 -0.1)
(-0.075 1.6 -0.1)
(-0.05 1.6 -0.1)
(-0.025 1.6 -0.1)
(0 1.6 -0.1)
(0.025 1.6 -0.1)
(0.05 1.6 -0.1)
(0.075 1.6 -0.1)
(0.1 1.6 -0.1)
(-0.1 1.6125 -0.1)
(-0.075 1.6125 -0.1)
(-0.05 1.6125 -0.1)
(-0.025 1.6125 -0.1)
(0 1.6125 -0.1)
(0.025 1.6125 -0.1)
(0.05 1.6125 -0.1)
(0.075 1.6125 -0.1)
(0.1 1.6125 -0.1)
(-0.1 1.625 -0.1)
(-0.075 1.625 -0.1)
(-0.05 1.625 -0.1)
(-0.025 1.625 -0.1)
(0 1.625 -0.1)
(0.025 1.625 -0.1)
(0.05 1.625 -0.1)
(0.075 1.625 -0.1)
(0.1 1.625 -0.1)
(-0.1 1.6375 -0.1)
(-0.075 1.6375 -0.1)
(-0.05 1.6375 -0.1)
(-0.025 1.6375 -0.1)
(0 1.6375 -0.1)
(0.025 1.6375 -0.1)
(0.05 1.6375 -0.1)
(0.075 1.6375 -0.1)
(0.1 1.6375 -0.1)
(-0.1 1.65 -0.1)
(-0.075 1.65 -0.1)
(-0.05 1.65 -0.1)
(-0.025 1.65 -0.1)
(0 1.65 -0.1)
(0.025 1.65 -0.1)
(0.05 1.65 -0.1)
(0.075 1.65 -0.1)
(0.1 1.65 -0.1)
(-0.1 1.6625 -0.1)
(-0.075 1.6625 -0.1)
(-0.05 1.6625 -0.1)
(-0.025 1.6625 -0.1)
(0 1.6625 -0.1)
(0.025 1.6625 -0.1)
(0.05 1.6625 -0.1)
(0.075 1.6625 -0.1)
(0.1 1.6625 -0.1)
(-0.1 1.675 -0.1)
(-0.075 1.675 -0.1)
(-0.05 1.675 -0.1)
(-0.025 1.675 -0.1)
(0 1.675 -0.1)
(0.025 1.675 -0.1)
(0.05 1.675 -0.1)
(0.075 1.675 -0.1)
(0.1 1.675 -0.1)
(-0.1 1.6875 -0.1)
(-0.075 1.6875 -0.1)
(-0.05 1.6875 -0.1)
(-0.025 1.6875 -0.1)
(0 1.6875 -0.1)
(0.025 1.6875 -0.1)
(0.05 1.6875 -0.1)
(0.075 1.6875 -0.1)
(0.1 1.6875 -0.1)
(-0.1 1.7 -0.1)
(-0.075 1.7 -0.1)
(-0.05 1.7 -0.1)
(-0.025 1.7 -0.1)
(0 1.7 -0.1)
(0.025 1.7 -0.1)
(0.05 1.7 -0.1)
(0.075 1.7 -0.1)
(0.1 1.7 -0.1)
(-0.1 1.7125 -0.1)
(-0.075 1.7125 -0.1)
(-0.05 1.7125 -0.1)
(-0.025 1.7125 -0.1)
(0 1.7125 -0.1)
(0.025 1.7125 -0.1)
(0.05 1.7125 -0.1)
(0.075 1.7125 -0.1)
(0.1 1.7125 -0.1)
(-0.1 1.725 -0.1)
(-0.075 1.725 -0.1)
(-0.05 1.725 -0.1)
(-0.025 1.725 -0.1)
(0 1.725 -0.1)
(0.025 1.725 -0.1)
(0.05 1.725 -0.1)
(0.075 1.725 -0.1)
(0.1 1.725 -0.1)
(-0.1 1.7375 -0.1)
(-0.075 1.7375 -0.1)
(-0.05 1.7375 -0.1)
(-0.025 1.7375 -0.1)
(0 1.7375 -0.1)
(0.025 1.7375 -0.1)
(0.05 1.7375 -0.1)
(0.075 1.7375 -0.1)
(0.1 1.7375 -0.1)
(-0.1 1.75 -0.1)
(-0.075 1.75 -0.1)
(-0.05 1.75 -0.1)
(-0.025 1.75 -0.1)
(0 1.75 -0.1)
(0.025 1.75 -0.1)
(0.05 1.75 -0.1)
(0.075 1.75 -0.1)
(0.1 1.75 -0.1)
(-0.1 1.7625 -0.1)
(-0.075 1.7625 -0.1)
(-0.05 1.7625 -0.1)
(-0.025 1.7625 -0.1)
(0 1.7625 -0.1)
(0.025 1.7625 -0.1)
(0.05 1.7625 -0.1)
(0.075 1.7625 -0.1)
(0.1 1.7625 -0.1)
(-0.1 1.775 -0.1)
(-0.075 1.775 -0.1)
(-0.05 1.775 -0.1)
(-0.025 1.775 -0.1)
(0 1.775 -0.1)
(0.025 1.775 -0.1)
(0.05 1.775 -0.1)
(0.075 1.775 -0.1)
(0.1 1.775 -0.1)
(-0.1 1.7875 -0.1)
(-0.075 1.7875 -0.1)
(-0.05 1.7875 -0.1)
(-0.025 1.7875 -0.1)
(0 1.7875 -0.1)
(0.025 1.7875 -0.1)
(0.05 1.7875 -0.1)
(0.075 1.7875 -0.1)
(0.1 1.7875 -0.1)
(-0.1 1.8 -0.1)
(-0.075 1.8 -0.1)
(-0.05 1.8 -0.1)
(-0.025 1.8 -0.1)
(0 1.8 -0.1)
(0.025 1.8 -0.1)
(0.05 1.8 -0.1)
(0.075 1.8 -0.1)
(0.1 1.8 -0.1)
(-0.1 1.8125 -0.1)
(-0.075 1.8125 -0.1)
(-0.05 1.8125 -0.1)
(-0.025 1.8125 -0.1)
(0 1.8125 -0.1)
(0.025 1.8125 -0.1)
(0.05 1.8125 -0.1)
(0.075 1.8125 -0.1)
(0.1 1.8125 -0.1)
(-0.1 1.825 -0.1)
(-0.075 1.825 -0.1)
(-0.05 1.825 -0.1)
(-0.025 1.825 -0.1)
(0 1.825 -0.1)
(0.025 1.825 -0.1)
(0.05 1.825 -0.1)
(0.075 1.825 -0.1)
(0.1 1.825 -0.1)
(-0.1 1.8375 -0.1)
(-0.075 1.8375 -0.1)
(-0.05 1.8375 -0.1)
(-0.025 1.8375 -0.1)
(0 1.8375 -0.1)
(0.025 1.8375 -0.1)
(0.05 1.8375 -0.1)
(0.075 1.8375 -0.1)
(0.1 1.8375 -0.1)
(-0.1 1.85 -0.1)
(-0.075 1.85 -0.1)
(-0.05 1.85 -0.1)
(-0.025 1.85 -0.1)
(0 1.85 -0.1)
(0.025 1.85 -0.1)
(0.05 1.85 -0.1)
(0.075 1.85 -0.1)
(0.1 1.85 -0.1)
(-0.1 1.8625 -0.1)
(-0.075 1.8625 -0.1)
(-0.05 1.8625 -0.1)
(-0.025 1.8625 -0.1)
(0 1.8625 -0.1)
(0.025 1.8625 -0.1)
(0.05 1.8625 -0.1)
(0.075 1.8625 -0.1)
(0.1 1.8625 -0.1)
(-0.1 1.875 -0.1)
(-0.075 1.875 -0.1)
(-0.05 1.875 -0.1)
(-0.025 1.875 -0.1)
(0 1.875 -0.1)
(0.025 1.875 -0.1)
(0.05 1.875 -0.1)
(0.075 1.875 -0.1)
(0.1 1.875 -0.1)
(-0.1 1.8875 -0.1)
(-0.075 1.8875 -0.1)
(-0.05 1.8875 -0.1)
(-0.025 1.8875 -0.1)
(0 1.8875 -0.1)
(0.025 1.8875 -0.1)
(0.05 1.8875 -0.1)
(0.075 1.8875 -0.1)
(0.1 1.8875 -0.1)
(-0.1 1.9 -0.1)
(-0.075 1.9 -0.1)
(-0.05 1.9 -0.1)
(-0.025 1.9 -0.1)
(0 1.9 -0.1)
(0.025 1.9 -0.1)
(0.05 1.9 -0.1)
(0.075 1.9 -0.1)
(0.1 1.9 -0.1)
(-0.1 1.9125 -0.1)
(-0.075 1.9125 -0.1)
(-0.05 1.9125 -0.1)
(-0.025 1.9125 -0.1)
(0 1.9125 -0.1)
(0.025 1.9125 -0.1)
(0.05 1.9125 -0.1)
(0.075 1.9125 -0.1)
(0.1 1.9125 -0.1)
(-0.1 1.925 -0.1)
(-0.075 1.925 -0.1)
(-0.05 1.925 -0.1)
(-0.025 1.925 -0.1)
(0 1.925 -0.1)
(0.025 1.925 -0.1)
(0.05 1.925 -0.1)
(0.075 1.925 -0.1)
(0.1 1.925 -0.1)
(-0.1 1.9375 -0.1)
(-0.075 1.9375 -0.1)
(-0.05 1.9375 -0.1)
(-0.025 1.9375 -0.1)
(0 1.9375 -0.1)
(0.025 1.9375 -0.1)
(0.05 1.9375 -0.1)
(0.075 1.9375 -0.1)
(0.1 1.9375 -0.1)
(-0.1 1.95 -0.1)
(-0.075 1.95 -0.1)
(-0.05 1.95 -0.1)
(-0.025 1.95 -0.1)
(0 1.95 -0.1)
(0.025 1.95 -0.1)
(0.05 1.95 -0.1)
(0.075 1.95 -0.1)
(0.1 1.95 -0.1)
(-0.1 1.9625 -0.1)
(-0.075 1.9625 -0.1)
(-0.05 1.9625 -0.1)
(-0.025 1.9625 -0.1)
(0 1.9625 -0.1)
(0.025 1.9625 -0.1)
(0.05 1.9625 -0.1)
(0.075 1.9625 -0.1)
(0.1 1.9625 -0.1)
(-0.1 1.975 -0.1)
(-0.075 1.975 -0.1)
(-0.05 1.975 -0.1)
(-0.025 1.975 -0.1)
(0 1.975 -0.1)
(0.025 1.975 -0.1)
(0.05 1.975 -0.1)
(0.075 1.975 -0.1)
(0.1 1.975 -0.1)
(-0.1 1.9875 -0.1)
(-0.075 1.9875 -0.1)
(-0.05 1.9875 -0.1)
(-0.025 1.9875 -0.1)
(0 1.9875 -0.1)
(0.025 1.9875 -0.1)
(0.05 1.9875 -0.1)
(0.075 1.9875 -0.1)
(0.1 1.9875 -0.1)
(-0.1 2 -0.1)
(-0.075 2 -0.1)
(-0.05 2 -0.1)
(-0.025 2 -0.1)
(0 2 -0.1)
(0.025 2 -0.1)
(0.05 2 -0.1)
(0.075 2 -0.1)
(0.1 2 -0.1)
(-0.1 2.0125 -0.1)
(-0.075 2.0125 -0.1)
(-0.05 2.0125 -0.1)
(-0.025 2.0125 -0.1)
(0 2.0125 -0.1)
(0.025 2.0125 -0.1)
(0.05 2.0125 -0.1)
(0.075 2.0125 -0.1)
(0.1 2.0125 -0.1)
(-0.1 2.025 -0.1)
(-0.075 2.025 -0.1)
(-0.05 2.025 -0.1)
(-0.025 2.025 -0.1)
(0 2.025 -0.1)
(0.025 2.025 -0.1)
(0.05 2.025 -0.1)
(0.075 2.025 -0.1)
(0.1 2.025 -0.1)
(-0.1 2.0375 -0.1)
(-0.075 2.0375 -0.1)
(-0.05 2.0375 -0.1)
(-0.025 2.0375 -0.1)
(0 2.0375 -0.1)
(0.025 2.0375 -0.1)
(0.05 2.0375 -0.1)
(0.075 2.0375 -0.1)
(0.1 2.0375 -0.1)
(-0.1 2.05 -0.1)
(-0.075 2.05 -0.1)
(-0.05 2.05 -0.1)
(-0.025 2.05 -0.1)
(0 2.05 -0.1)
(0.025 2.05 -0.1)
(0.05 2.05 -0.1)
(0.075 2.05 -0.1)
(0.1 2.05 -0.1)
(-0.1 2.0625 -0.1)
(-0.075 2.0625 -0.1)
(-0.05 2.0625 -0.1)
(-0.025 2.0625 -0.1)
(0 2.0625 -0.1)
(0.025 2.0625 -0.1)
(0.05 2.0625 -0.1)
(0.075 2.0625 -0.1)
(0.1 2.0625 -0.1)
(-0.1 2.075 -0.1)
(-0.075 2.075 -0.1)
(-0.05 2.075 -0.1)
(-0.025 2.075 -0.1)
(0 2.075 -0.1)
(0.025 2.075 -0.1)
(0.05 2.075 -0.1)
(0.075 2.075 -0.1)
(0.1 2.075 -0.1)
(-0.1 2.0875 -0.1)
(-0.075 2.0875 -0.1)
(-0.05 2.0875 -0.1)
(-0.025 2.0875 -0.1)
(0 2.0875 -0.1)
(0.025 2.0875 -0.1)
(0.05 2.0875 -0.1)
(0.075 2.0875 -0.1)
(0.1 2.0875 -0.1)
(-0.1 2.1 -0.1)
(-0.075 2.1 -0.1)
(-0.05 2.1 -0.1)
(-0.025 2.1 -0.1)
(0 2.1 -0.1)
(0.025 2.1 -0.1)
(0.05 2.1 -0.1)
(0.075 2.1 -0.1)
(0.1 2.1 -0.1)
(-0.1 2.1125 -0.1)
(-0.075 2.1125 -0.1)
(-0.05 2.1125 -0.1)
(-0.025 2.1125 -0.1)
(0 2.1125 -0.1)
(0.025 2.1125 -0.1)
(0.05 2.1125 -0.1)
(0.075 2.1125 -0.1)
(0.1 2.1125 -0.1)
(-0.1 2.125 -0.1)
(-0.075 2.125 -0.1)
(-0.05 2.125 -0.1)
(-0.025 2.125 -0.1)
(0 2.125 -0.1)
(0.025 2.125 -0.1)
(0.05 2.125 -0.1)
(0.075 2.125 -0.1)
(0.1 2.125 -0.1)
(-0.1 2.1375 -0.1)
(-0.075 2.1375 -0.1)
(-0.05 2.1375 -0.1)
(-0.025 2.1375 -0.1)
(0 2.1375 -0.1)
(0.025 2.1375 -0.1)
(0.05 2.1375 -0.1)
(0.075 2.1375 -0.1)
(0.1 2.1375 -0.1)
(-0.1 2.15 -0.1)
(-0.075 2.15 -0.1)
(-0.05 2.15 -0.1)
(-0.025 2.15 -0.1)
(0 2.15 -0.1)
(0.025 2.15 -0.1)
(0.05 2.15 -0.1)
(0.075 2.15 -0.1)
(0.1 2.15 -0.1)
(-0.1 2.1625 -0.1)
(-0.075 2.1625 -0.1)
(-0.05 2.1625 -0.1)
(-0.025 2.1625 -0.1)
(0 2.1625 -0.1)
(0.025 2.1625 -0.1)
(0.05 2.1625 -0.1)
(0.075 2.1625 -0.1)
(0.1 2.1625 -0.1)
(-0.1 2.175 -0.1)
(-0.075 2.175 -0.1)
(-0.05 2.175 -0.1)
(-0.025 2.175 -0.1)
(0 2.175 -0.1)
(0.025 2.175 -0.1)
(0.05 2.175 -0.1)
(0.075 2.175 -0.1)
(0.1 2.175 -0.1)
(-0.1 2.1875 -0.1)
(-0.075 2.1875 -0.1)
(-0.05 2.1875 -0.1)
(-0.025 2.1875 -0.1)
(0 2.1875 -0.1)
(0.025 2.1875 -0.1)
(0.05 2.1875 -0.1)
(0.075 2.1875 -0.1)
(0.1 2.1875 -0.1)
(-0.1 2.2 -0.1)
(-0.075 2.2 -0.1)
(-0.05 2.2 -0.1)
(-0.025 2.2 -0.1)
(0 2.2 -0.1)
(0.025 2.2 -0.1)
(0.05 2.2 -0.1)
(0.075 2.2 -0.1)
(0.1 2.2 -0.1)
(-0.1 2.2125 -0.1)
(-0.075 2.2125 -0.1)
(-0.05 2.2125 -0.1)
(-0.025 2.2125 -0.1)
(0 2.2125 -0.1)
(0.025 2.2125 -0.1)
(0.05 2.2125 -0.1)
(0.075 2.2125 -0.1)
(0.1 2.2125 -0.1)
(-0.1 2.225 -0.1)
(-0.075 2.225 -0.1)
(-0.05 2.225 -0.1)
(-0.025 2.225 -0.1)
(0 2.225 -0.1)
(0.025 2.225 -0.1)
(0.05 2.225 -0.1)
(0.075 2.225 -0.1)
(0.1 2.225 -0.1)
(-0.1 2.2375 -0.1)
(-0.075 2.2375 -0.1)
(-0.05 2.2375 -0.1)
(-0.025 2.2375 -0.1)
(0 2.2375 -0.1)
(0.025 2.2375 -0.1)
(0.05 2.2375 -0.1)
(0.075 2.2375 -0.1)
(0.1 2.2375 -0.1)
(-0.1 2.25 -0.1)
(-0.075 2.25 -0.1)
(-0.05 2.25 -0.1)
(-0.025 2.25 -0.1)
(0 2.25 -0.1)
(0.025 2.25 -0.1)
(0.05 2.25 -0.1)
(0.075 2.25 -0.1)
(0.1 2.25 -0.1)
(-0.1 2.2625 -0.1)
(-0.075 2.2625 -0.1)
(-0.05 2.2625 -0.1)
(-0.025 2.2625 -0.1)
(0 2.2625 -0.1)
(0.025 2.2625 -0.1)
(0.05 2.2625 -0.1)
(0.075 2.2625 -0.1)
(0.1 2.2625 -0.1)
(-0.1 2.275 -0.1)
(-0.075 2.275 -0.1)
(-0.05 2.275 -0.1)
(-0.025 2.275 -0.1)
(0 2.275 -0.1)
(0.025 2.275 -0.1)
(0.05 2.275 -0.1)
(0.075 2.275 -0.1)
(0.1 2.275 -0.1)
(-0.1 2.2875 -0.1)
(-0.075 2.2875 -0.1)
(-0.05 2.2875 -0.1)
(-0.025 2.2875 -0.1)
(0 2.2875 -0.1)
(0.025 2.2875 -0.1)
(0.05 2.2875 -0.1)
(0.075 2.2875 -0.1)
(0.1 2.2875 -0.1)
(-0.1 2.3 -0.1)
(-0.075 2.3 -0.1)
(-0.05 2.3 -0.1)
(-0.025 2.3 -0.1)
(0 2.3 -0.1)
(0.025 2.3 -0.1)
(0.05 2.3 -0.1)
(0.075 2.3 -0.1)
(0.1 2.3 -0.1)
(-0.1 2.3125 -0.1)
(-0.075 2.3125 -0.1)
(-0.05 2.3125 -0.1)
(-0.025 2.3125 -0.1)
(0 2.3125 -0.1)
(0.025 2.3125 -0.1)
(0.05 2.3125 -0.1)
(0.075 2.3125 -0.1)
(0.1 2.3125 -0.1)
(-0.1 2.325 -0.1)
(-0.075 2.325 -0.1)
(-0.05 2.325 -0.1)
(-0.025 2.325 -0.1)
(0 2.325 -0.1)
(0.025 2.325 -0.1)
(0.05 2.325 -0.1)
(0.075 2.325 -0.1)
(0.1 2.325 -0.1)
(-0.1 2.3375 -0.1)
(-0.075 2.3375 -0.1)
(-0.05 2.3375 -0.1)
(-0.025 2.3375 -0.1)
(0 2.3375 -0.1)
(0.025 2.3375 -0.1)
(0.05 2.3375 -0.1)
(0.075 2.3375 -0.1)
(0.1 2.3375 -0.1)
(-0.1 2.35 -0.1)
(-0.075 2.35 -0.1)
(-0.05 2.35 -0.1)
(-0.025 2.35 -0.1)
(0 2.35 -0.1)
(0.025 2.35 -0.1)
(0.05 2.35 -0.1)
(0.075 2.35 -0.1)
(0.1 2.35 -0.1)
(-0.1 2.3625 -0.1)
(-0.075 2.3625 -0.1)
(-0.05 2.3625 -0.1)
(-0.025 2.3625 -0.1)
(0 2.3625 -0.1)
(0.025 2.3625 -0.1)
(0.05 2.3625 -0.1)
(0.075 2.3625 -0.1)
(0.1 2.3625 -0.1)
(-0.1 2.375 -0.1)
(-0.075 2.375 -0.1)
(-0.05 2.375 -0.1)
(-0.025 2.375 -0.1)
(0 2.375 -0.1)
(0.025 2.375 -0.1)
(0.05 2.375 -0.1)
(0.075 2.375 -0.1)
(0.1 2.375 -0.1)
(-0.1 2.3875 -0.1)
(-0.075 2.3875 -0.1)
(-0.05 2.3875 -0.1)
(-0.025 2.3875 -0.1)
(0 2.3875 -0.1)
(0.025 2.3875 -0.1)
(0.05 2.3875 -0.1)
(0.075 2.3875 -0.1)
(0.1 2.3875 -0.1)
(-0.1 2.4 -0.1)
(-0.075 2.4 -0.1)
(-0.05 2.4 -0.1)
(-0.025 2.4 -0.1)
(0 2.4 -0.1)
(0.025 2.4 -0.1)
(0.05 2.4 -0.1)
(0.075 2.4 -0.1)
(0.1 2.4 -0.1)
(-0.1 2.4125 -0.1)
(-0.075 2.4125 -0.1)
(-0.05 2.4125 -0.1)
(-0.025 2.4125 -0.1)
(0 2.4125 -0.1)
(0.025 2.4125 -0.1)
(0.05 2.4125 -0.1)
(0.075 2.4125 -0.1)
(0.1 2.4125 -0.1)
(-0.1 2.425 -0.1)
(-0.075 2.425 -0.1)
(-0.05 2.425 -0.1)
(-0.025 2.425 -0.1)
(0 2.425 -0.1)
(0.025 2.425 -0.1)
(0.05 2.425 -0.1)
(0.075 2.425 -0.1)
(0.1 2.425 -0.1)
(-0.1 2.4375 -0.1)
(-0.075 2.4375 -0.1)
(-0.05 2.4375 -0.1)
(-0.025 2.4375 -0.1)
(0 2.4375 -0.1)
(0.025 2.4375 -0.1)
(0.05 2.4375 -0.1)
(0.075 2.4375 -0.1)
(0.1 2.4375 -0.1)
(-0.1 2.45 -0.1)
(-0.075 2.45 -0.1)
(-0.05 2.45 -0.1)
(-0.025 2.45 -0.1)
(0 2.45 -0.1)
(0.025 2.45 -0.1)
(0.05 2.45 -0.1)
(0.075 2.45 -0.1)
(0.1 2.45 -0.1)
(-0.1 2.4625 -0.1)
(-0.075 2.4625 -0.1)
(-0.05 2.4625 -0.1)
(-0.025 2.4625 -0.1)
(0 2.4625 -0.1)
(0.025 2.4625 -0.1)
(0.05 2.4625 -0.1)
(0.075 2.4625 -0.1)
(0.1 2.4625 -0.1)
(-0.1 2.475 -0.1)
(-0.075 2.475 -0.1)
(-0.05 2.475 -0.1)
(-0.025 2.475 -0.1)
(0 2.475 -0.1)
(0.025 2.475 -0.1)
(0.05 2.475 -0.1)
(0.075 2.475 -0.1)
(0.1 2.475 -0.1)
(-0.1 2.4875 -0.1)
(-0.075 2.4875 -0.1)
(-0.05 2.4875 -0.1)
(-0.025 2.4875 -0.1)
(0 2.4875 -0.1)
(0.025 2.4875 -0.1)
(0.05 2.4875 -0.1)
(0.075 2.4875 -0.1)
(0.1 2.4875 -0.1)
(-0.1 2.5 -0.1)
(-0.075 2.5 -0.1)
(-0.05 2.5 -0.1)
(-0.025 2.5 -0.1)
(0 2.5 -0.1)
(0.025 2.5 -0.1)
(0.05 2.5 -0.1)
(0.075 2.5 -0.1)
(0.1 2.5 -0.1)
(-0.1 2.5125 -0.1)
(-0.075 2.5125 -0.1)
(-0.05 2.5125 -0.1)
(-0.025 2.5125 -0.1)
(0 2.5125 -0.1)
(0.025 2.5125 -0.1)
(0.05 2.5125 -0.1)
(0.075 2.5125 -0.1)
(0.1 2.5125 -0.1)
(-0.1 2.525 -0.1)
(-0.075 2.525 -0.1)
(-0.05 2.525 -0.1)
(-0.025 2.525 -0.1)
(0 2.525 -0.1)
(0.025 2.525 -0.1)
(0.05 2.525 -0.1)
(0.075 2.525 -0.1)
(0.1 2.525 -0.1)
(-0.1 2.5375 -0.1)
(-0.075 2.5375 -0.1)
(-0.05 2.5375 -0.1)
(-0.025 2.5375 -0.1)
(0 2.5375 -0.1)
(0.025 2.5375 -0.1)
(0.05 2.5375 -0.1)
(0.075 2.5375 -0.1)
(0.1 2.5375 -0.1)
(-0.1 2.55 -0.1)
(-0.075 2.55 -0.1)
(-0.05 2.55 -0.1)
(-0.025 2.55 -0.1)
(0 2.55 -0.1)
(0.025 2.55 -0.1)
(0.05 2.55 -0.1)
(0.075 2.55 -0.1)
(0.1 2.55 -0.1)
(-0.1 2.5625 -0.1)
(-0.075 2.5625 -0.1)
(-0.05 2.5625 -0.1)
(-0.025 2.5625 -0.1)
(0 2.5625 -0.1)
(0.025 2.5625 -0.1)
(0.05 2.5625 -0.1)
(0.075 2.5625 -0.1)
(0.1 2.5625 -0.1)
(-0.1 2.575 -0.1)
(-0.075 2.575 -0.1)
(-0.05 2.575 -0.1)
(-0.025 2.575 -0.1)
(0 2.575 -0.1)
(0.025 2.575 -0.1)
(0.05 2.575 -0.1)
(0.075 2.575 -0.1)
(0.1 2.575 -0.1)
(-0.1 2.5875 -0.1)
(-0.075 2.5875 -0.1)
(-0.05 2.5875 -0.1)
(-0.025 2.5875 -0.1)
(0 2.5875 -0.1)
(0.025 2.5875 -0.1)
(0.05 2.5875 -0.1)
(0.075 2.5875 -0.1)
(0.1 2.5875 -0.1)
(-0.1 2.6 -0.1)
(-0.075 2.6 -0.1)
(-0.05 2.6 -0.1)
(-0.025 2.6 -0.1)
(0 2.6 -0.1)
(0.025 2.6 -0.1)
(0.05 2.6 -0.1)
(0.075 2.6 -0.1)
(0.1 2.6 -0.1)
(-0.1 2.6125 -0.1)
(-0.075 2.6125 -0.1)
(-0.05 2.6125 -0.1)
(-0.025 2.6125 -0.1)
(0 2.6125 -0.1)
(0.025 2.6125 -0.1)
(0.05 2.6125 -0.1)
(0.075 2.6125 -0.1)
(0.1 2.6125 -0.1)
(-0.1 2.625 -0.1)
(-0.075 2.625 -0.1)
(-0.05 2.625 -0.1)
(-0.025 2.625 -0.1)
(0 2.625 -0.1)
(0.025 2.625 -0.1)
(0.05 2.625 -0.1)
(0.075 2.625 -0.1)
(0.1 2.625 -0.1)
(-0.1 2.6375 -0.1)
(-0.075 2.6375 -0.1)
(-0.05 2.6375 -0.1)
(-0.025 2.6375 -0.1)
(0 2.6375 -0.1)
(0.025 2.6375 -0.1)
(0.05 2.6375 -0.1)
(0.075 2.6375 -0.1)
(0.1 2.6375 -0.1)
(-0.1 2.65 -0.1)
(-0.075 2.65 -0.1)
(-0.05 2.65 -0.1)
(-0.025 2.65 -0.1)
(0 2.65 -0.1)
(0.025 2.65 -0.1)
(0.05 2.65 -0.1)
(0.075 2.65 -0.1)
(0.1 2.65 -0.1)
(-0.1 2.6625 -0.1)
(-0.075 2.6625 -0.1)
(-0.05 2.6625 -0.1)
(-0.025 2.6625 -0.1)
(0 2.6625 -0.1)
(0.025 2.6625 -0.1)
(0.05 2.6625 -0.1)
(0.075 2.6625 -0.1)
(0.1 2.6625 -0.1)
(-0.1 2.675 -0.1)
(-0.075 2.675 -0.1)
(-0.05 2.675 -0.1)
(-0.025 2.675 -0.1)
(0 2.675 -0.1)
(0.025 2.675 -0.1)
(0.05 2.675 -0.1)
(0.075 2.675 -0.1)
(0.1 2.675 -0.1)
(-0.1 2.6875 -0.1)
(-0.075 2.6875 -0.1)
(-0.05 2.6875 -0.1)
(-0.025 2.6875 -0.1)
(0 2.6875 -0.1)
(0.025 2.6875 -0.1)
(0.05 2.6875 -0.1)
(0.075 2.6875 -0.1)
(0.1 2.6875 -0.1)
(-0.1 2.7 -0.1)
(-0.075 2.7 -0.1)
(-0.05 2.7 -0.1)
(-0.025 2.7 -0.1)
(0 2.7 -0.1)
(0.025 2.7 -0.1)
(0.05 2.7 -0.1)
(0.075 2.7 -0.1)
(0.1 2.7 -0.1)
(-0.1 2.7125 -0.1)
(-0.075 2.7125 -0.1)
(-0.05 2.7125 -0.1)
(-0.025 2.7125 -0.1)
(0 2.7125 -0.1)
(0.025 2.7125 -0.1)
(0.05 2.7125 -0.1)
(0.075 2.7125 -0.1)
(0.1 2.7125 -0.1)
(-0.1 2.725 -0.1)
(-0.075 2.725 -0.1)
(-0.05 2.725 -0.1)
(-0.025 2.725 -0.1)
(0 2.725 -0.1)
(0.025 2.725 -0.1)
(0.05 2.725 -0.1)
(0.075 2.725 -0.1)
(0.1 2.725 -0.1)
(-0.1 2.7375 -0.1)
(-0.075 2.7375 -0.1)
(-0.05 2.7375 -0.1)
(-0.025 2.7375 -0.1)
(0 2.7375 -0.1)
(0.025 2.7375 -0.1)
(0.05 2.7375 -0.1)
(0.075 2.7375 -0.1)
(0.1 2.7375 -0.1)
(-0.1 2.75 -0.1)
(-0.075 2.75 -0.1)
(-0.05 2.75 -0.1)
(-0.025 2.75 -0.1)
(0 2.75 -0.1)
(0.025 2.75 -0.1)
(0.05 2.75 -0.1)
(0.075 2.75 -0.1)
(0.1 2.75 -0.1)
(-0.1 2.7625 -0.1)
(-0.075 2.7625 -0.1)
(-0.05 2.7625 -0.1)
(-0.025 2.7625 -0.1)
(0 2.7625 -0.1)
(0.025 2.7625 -0.1)
(0.05 2.7625 -0.1)
(0.075 2.7625 -0.1)
(0.1 2.7625 -0.1)
(-0.1 2.775 -0.1)
(-0.075 2.775 -0.1)
(-0.05 2.775 -0.1)
(-0.025 2.775 -0.1)
(0 2.775 -0.1)
(0.025 2.775 -0.1)
(0.05 2.775 -0.1)
(0.075 2.775 -0.1)
(0.1 2.775 -0.1)
(-0.1 2.7875 -0.1)
(-0.075 2.7875 -0.1)
(-0.05 2.7875 -0.1)
(-0.025 2.7875 -0.1)
(0 2.7875 -0.1)
(0.025 2.7875 -0.1)
(0.05 2.7875 -0.1)
(0.075 2.7875 -0.1)
(0.1 2.7875 -0.1)
(-0.1 2.8 -0.1)
(-0.075 2.8 -0.1)
(-0.05 2.8 -0.1)
(-0.025 2.8 -0.1)
(0 2.8 -0.1)
(0.025 2.8 -0.1)
(0.05 2.8 -0.1)
(0.075 2.8 -0.1)
(0.1 2.8 -0.1)
(-0.1 2.8125 -0.1)
(-0.075 2.8125 -0.1)
(-0.05 2.8125 -0.1)
(-0.025 2.8125 -0.1)
(0 2.8125 -0.1)
(0.025 2.8125 -0.1)
(0.05 2.8125 -0.1)
(0.075 2.8125 -0.1)
(0.1 2.8125 -0.1)
(-0.1 2.825 -0.1)
(-0.075 2.825 -0.1)
(-0.05 2.825 -0.1)
(-0.025 2.825 -0.1)
(0 2.825 -0.1)
(0.025 2.825 -0.1)
(0.05 2.825 -0.1)
(0.075 2.825 -0.1)
(0.1 2.825 -0.1)
(-0.1 2.8375 -0.1)
(-0.075 2.8375 -0.1)
(-0.05 2.8375 -0.1)
(-0.025 2.8375 -0.1)
(0 2.8375 -0.1)
(0.025 2.8375 -0.1)
(0.05 2.8375 -0.1)
(0.075 2.8375 -0.1)
(0.1 2.8375 -0.1)
(-0.1 2.85 -0.1)
(-0.075 2.85 -0.1)
(-0.05 2.85 -0.1)
(-0.025 2.85 -0.1)
(0 2.85 -0.1)
(0.025 2.85 -0.1)
(0.05 2.85 -0.1)
(0.075 2.85 -0.1)
(0.1 2.85 -0.1)
(-0.1 2.8625 -0.1)
(-0.075 2.8625 -0.1)
(-0.05 2.8625 -0.1)
(-0.025 2.8625 -0.1)
(0 2.8625 -0.1)
(0.025 2.8625 -0.1)
(0.05 2.8625 -0.1)
(0.075 2.8625 -0.1)
(0.1 2.8625 -0.1)
(-0.1 2.875 -0.1)
(-0.075 2.875 -0.1)
(-0.05 2.875 -0.1)
(-0.025 2.875 -0.1)
(0 2.875 -0.1)
(0.025 2.875 -0.1)
(0.05 2.875 -0.1)
(0.075 2.875 -0.1)
(0.1 2.875 -0.1)
(-0.1 2.8875 -0.1)
(-0.075 2.8875 -0.1)
(-0.05 2.8875 -0.1)
(-0.025 2.8875 -0.1)
(0 2.8875 -0.1)
(0.025 2.8875 -0.1)
(0.05 2.8875 -0.1)
(0.075 2.8875 -0.1)
(0.1 2.8875 -0.1)
(-0.1 2.9 -0.1)
(-0.075 2.9 -0.1)
(-0.05 2.9 -0.1)
(-0.025 2.9 -0.1)
(0 2.9 -0.1)
(0.025 2.9 -0.1)
(0.05 2.9 -0.1)
(0.075 2.9 -0.1)
(0.1 2.9 -0.1)
(-0.1 2.9125 -0.1)
(-0.075 2.9125 -0.1)
(-0.05 2.9125 -0.1)
(-0.025 2.9125 -0.1)
(0 2.9125 -0.1)
(0.025 2.9125 -0.1)
(0.05 2.9125 -0.1)
(0.075 2.9125 -0.1)
(0.1 2.9125 -0.1)
(-0.1 2.925 -0.1)
(-0.075 2.925 -0.1)
(-0.05 2.925 -0.1)
(-0.025 2.925 -0.1)
(0 2.925 -0.1)
(0.025 2.925 -0.1)
(0.05 2.925 -0.1)
(0.075 2.925 -0.1)
(0.1 2.925 -0.1)
(-0.1 2.9375 -0.1)
(-0.075 2.9375 -0.1)
(-0.05 2.9375 -0.1)
(-0.025 2.9375 -0.1)
(0 2.9375 -0.1)
(0.025 2.9375 -0.1)
(0.05 2.9375 -0.1)
(0.075 2.9375 -0.1)
(0.1 2.9375 -0.1)
(-0.1 2.95 -0.1)
(-0.075 2.95 -0.1)
(-0.05 2.95 -0.1)
(-0.025 2.95 -0.1)
(0 2.95 -0.1)
(0.025 2.95 -0.1)
(0.05 2.95 -0.1)
(0.075 2.95 -0.1)
(0.1 2.95 -0.1)
(-0.1 2.9625 -0.1)
(-0.075 2.9625 -0.1)
(-0.05 2.9625 -0.1)
(-0.025 2.9625 -0.1)
(0 2.9625 -0.1)
(0.025 2.9625 -0.1)
(0.05 2.9625 -0.1)
(0.075 2.9625 -0.1)
(0.1 2.9625 -0.1)
(-0.1 2.975 -0.1)
(-0.075 2.975 -0.1)
(-0.05 2.975 -0.1)
(-0.025 2.975 -0.1)
(0 2.975 -0.1)
(0.025 2.975 -0.1)
(0.05 2.975 -0.1)
(0.075 2.975 -0.1)
(0.1 2.975 -0.1)
(-0.1 2.9875 -0.1)
(-0.075 2.9875 -0.1)
(-0.05 2.9875 -0.1)
(-0.025 2.9875 -0.1)
(0 2.9875 -0.1)
(0.025 2.9875 -0.1)
(0.05 2.9875 -0.1)
(0.075 2.9875 -0.1)
(0.1 2.9875 -0.1)
(-0.1 3 -0.1)
(-0.075 3 -0.1)
(-0.05 3 -0.1)
(-0.025 3 -0.1)
(0 3 -0.1)
(0.025 3 -0.1)
(0.05 3 -0.1)
(0.075 3 -0.1)
(0.1 3 -0.1)
(-0.1 0 0.1)
(-0.075 0 0.1)
(-0.05 0 0.1)
(-0.025 0 0.1)
(0 0 0.1)
(0.025 0 0.1)
(0.05 0 0.1)
(0.075 0 0.1)
(0.1 0 0.1)
(-0.1 0.0125 0.1)
(-0.075 0.0125 0.1)
(-0.05 0.0125 0.1)
(-0.025 0.0125 0.1)
(0 0.0125 0.1)
(0.025 0.0125 0.1)
(0.05 0.0125 0.1)
(0.075 0.0125 0.1)
(0.1 0.0125 0.1)
(-0.1 0.025 0.1)
(-0.075 0.025 0.1)
(-0.05 0.025 0.1)
(-0.025 0.025 0.1)
(0 0.025 0.1)
(0.025 0.025 0.1)
(0.05 0.025 0.1)
(0.075 0.025 0.1)
(0.1 0.025 0.1)
(-0.1 0.0375 0.1)
(-0.075 0.0375 0.1)
(-0.05 0.0375 0.1)
(-0.025 0.0375 0.1)
(0 0.0375 0.1)
(0.025 0.0375 0.1)
(0.05 0.0375 0.1)
(0.075 0.0375 0.1)
(0.1 0.0375 0.1)
(-0.1 0.05 0.1)
(-0.075 0.05 0.1)
(-0.05 0.05 0.1)
(-0.025 0.05 0.1)
(0 0.05 0.1)
(0.025 0.05 0.1)
(0.05 0.05 0.1)
(0.075 0.05 0.1)
(0.1 0.05 0.1)
(-0.1 0.0625 0.1)
(-0.075 0.0625 0.1)
(-0.05 0.0625 0.1)
(-0.025 0.0625 0.1)
(0 0.0625 0.1)
(0.025 0.0625 0.1)
(0.05 0.0625 0.1)
(0.075 0.0625 0.1)
(0.1 0.0625 0.1)
(-0.1 0.075 0.1)
(-0.075 0.075 0.1)
(-0.05 0.075 0.1)
(-0.025 0.075 0.1)
(0 0.075 0.1)
(0.025 0.075 0.1)
(0.05 0.075 0.1)
(0.075 0.075 0.1)
(0.1 0.075 0.1)
(-0.1 0.0875 0.1)
(-0.075 0.0875 0.1)
(-0.05 0.0875 0.1)
(-0.025 0.0875 0.1)
(0 0.0875 0.1)
(0.025 0.0875 0.1)
(0.05 0.0875 0.1)
(0.075 0.0875 0.1)
(0.1 0.0875 0.1)
(-0.1 0.1 0.1)
(-0.075 0.1 0.1)
(-0.05 0.1 0.1)
(-0.025 0.1 0.1)
(0 0.1 0.1)
(0.025 0.1 0.1)
(0.05 0.1 0.1)
(0.075 0.1 0.1)
(0.1 0.1 0.1)
(-0.1 0.1125 0.1)
(-0.075 0.1125 0.1)
(-0.05 0.1125 0.1)
(-0.025 0.1125 0.1)
(0 0.1125 0.1)
(0.025 0.1125 0.1)
(0.05 0.1125 0.1)
(0.075 0.1125 0.1)
(0.1 0.1125 0.1)
(-0.1 0.125 0.1)
(-0.075 0.125 0.1)
(-0.05 0.125 0.1)
(-0.025 0.125 0.1)
(0 0.125 0.1)
(0.025 0.125 0.1)
(0.05 0.125 0.1)
(0.075 0.125 0.1)
(0.1 0.125 0.1)
(-0.1 0.1375 0.1)
(-0.075 0.1375 0.1)
(-0.05 0.1375 0.1)
(-0.025 0.1375 0.1)
(0 0.1375 0.1)
(0.025 0.1375 0.1)
(0.05 0.1375 0.1)
(0.075 0.1375 0.1)
(0.1 0.1375 0.1)
(-0.1 0.15 0.1)
(-0.075 0.15 0.1)
(-0.05 0.15 0.1)
(-0.025 0.15 0.1)
(0 0.15 0.1)
(0.025 0.15 0.1)
(0.05 0.15 0.1)
(0.075 0.15 0.1)
(0.1 0.15 0.1)
(-0.1 0.1625 0.1)
(-0.075 0.1625 0.1)
(-0.05 0.1625 0.1)
(-0.025 0.1625 0.1)
(0 0.1625 0.1)
(0.025 0.1625 0.1)
(0.05 0.1625 0.1)
(0.075 0.1625 0.1)
(0.1 0.1625 0.1)
(-0.1 0.175 0.1)
(-0.075 0.175 0.1)
(-0.05 0.175 0.1)
(-0.025 0.175 0.1)
(0 0.175 0.1)
(0.025 0.175 0.1)
(0.05 0.175 0.1)
(0.075 0.175 0.1)
(0.1 0.175 0.1)
(-0.1 0.1875 0.1)
(-0.075 0.1875 0.1)
(-0.05 0.1875 0.1)
(-0.025 0.1875 0.1)
(0 0.1875 0.1)
(0.025 0.1875 0.1)
(0.05 0.1875 0.1)
(0.075 0.1875 0.1)
(0.1 0.1875 0.1)
(-0.1 0.2 0.1)
(-0.075 0.2 0.1)
(-0.05 0.2 0.1)
(-0.025 0.2 0.1)
(0 0.2 0.1)
(0.025 0.2 0.1)
(0.05 0.2 0.1)
(0.075 0.2 0.1)
(0.1 0.2 0.1)
(-0.1 0.2125 0.1)
(-0.075 0.2125 0.1)
(-0.05 0.2125 0.1)
(-0.025 0.2125 0.1)
(0 0.2125 0.1)
(0.025 0.2125 0.1)
(0.05 0.2125 0.1)
(0.075 0.2125 0.1)
(0.1 0.2125 0.1)
(-0.1 0.225 0.1)
(-0.075 0.225 0.1)
(-0.05 0.225 0.1)
(-0.025 0.225 0.1)
(0 0.225 0.1)
(0.025 0.225 0.1)
(0.05 0.225 0.1)
(0.075 0.225 0.1)
(0.1 0.225 0.1)
(-0.1 0.2375 0.1)
(-0.075 0.2375 0.1)
(-0.05 0.2375 0.1)
(-0.025 0.2375 0.1)
(0 0.2375 0.1)
(0.025 0.2375 0.1)
(0.05 0.2375 0.1)
(0.075 0.2375 0.1)
(0.1 0.2375 0.1)
(-0.1 0.25 0.1)
(-0.075 0.25 0.1)
(-0.05 0.25 0.1)
(-0.025 0.25 0.1)
(0 0.25 0.1)
(0.025 0.25 0.1)
(0.05 0.25 0.1)
(0.075 0.25 0.1)
(0.1 0.25 0.1)
(-0.1 0.2625 0.1)
(-0.075 0.2625 0.1)
(-0.05 0.2625 0.1)
(-0.025 0.2625 0.1)
(0 0.2625 0.1)
(0.025 0.2625 0.1)
(0.05 0.2625 0.1)
(0.075 0.2625 0.1)
(0.1 0.2625 0.1)
(-0.1 0.275 0.1)
(-0.075 0.275 0.1)
(-0.05 0.275 0.1)
(-0.025 0.275 0.1)
(0 0.275 0.1)
(0.025 0.275 0.1)
(0.05 0.275 0.1)
(0.075 0.275 0.1)
(0.1 0.275 0.1)
(-0.1 0.2875 0.1)
(-0.075 0.2875 0.1)
(-0.05 0.2875 0.1)
(-0.025 0.2875 0.1)
(0 0.2875 0.1)
(0.025 0.2875 0.1)
(0.05 0.2875 0.1)
(0.075 0.2875 0.1)
(0.1 0.2875 0.1)
(-0.1 0.3 0.1)
(-0.075 0.3 0.1)
(-0.05 0.3 0.1)
(-0.025 0.3 0.1)
(0 0.3 0.1)
(0.025 0.3 0.1)
(0.05 0.3 0.1)
(0.075 0.3 0.1)
(0.1 0.3 0.1)
(-0.1 0.3125 0.1)
(-0.075 0.3125 0.1)
(-0.05 0.3125 0.1)
(-0.025 0.3125 0.1)
(0 0.3125 0.1)
(0.025 0.3125 0.1)
(0.05 0.3125 0.1)
(0.075 0.3125 0.1)
(0.1 0.3125 0.1)
(-0.1 0.325 0.1)
(-0.075 0.325 0.1)
(-0.05 0.325 0.1)
(-0.025 0.325 0.1)
(0 0.325 0.1)
(0.025 0.325 0.1)
(0.05 0.325 0.1)
(0.075 0.325 0.1)
(0.1 0.325 0.1)
(-0.1 0.3375 0.1)
(-0.075 0.3375 0.1)
(-0.05 0.3375 0.1)
(-0.025 0.3375 0.1)
(0 0.3375 0.1)
(0.025 0.3375 0.1)
(0.05 0.3375 0.1)
(0.075 0.3375 0.1)
(0.1 0.3375 0.1)
(-0.1 0.35 0.1)
(-0.075 0.35 0.1)
(-0.05 0.35 0.1)
(-0.025 0.35 0.1)
(0 0.35 0.1)
(0.025 0.35 0.1)
(0.05 0.35 0.1)
(0.075 0.35 0.1)
(0.1 0.35 0.1)
(-0.1 0.3625 0.1)
(-0.075 0.3625 0.1)
(-0.05 0.3625 0.1)
(-0.025 0.3625 0.1)
(0 0.3625 0.1)
(0.025 0.3625 0.1)
(0.05 0.3625 0.1)
(0.075 0.3625 0.1)
(0.1 0.3625 0.1)
(-0.1 0.375 0.1)
(-0.075 0.375 0.1)
(-0.05 0.375 0.1)
(-0.025 0.375 0.1)
(0 0.375 0.1)
(0.025 0.375 0.1)
(0.05 0.375 0.1)
(0.075 0.375 0.1)
(0.1 0.375 0.1)
(-0.1 0.3875 0.1)
(-0.075 0.3875 0.1)
(-0.05 0.3875 0.1)
(-0.025 0.3875 0.1)
(0 0.3875 0.1)
(0.025 0.3875 0.1)
(0.05 0.3875 0.1)
(0.075 0.3875 0.1)
(0.1 0.3875 0.1)
(-0.1 0.4 0.1)
(-0.075 0.4 0.1)
(-0.05 0.4 0.1)
(-0.025 0.4 0.1)
(0 0.4 0.1)
(0.025 0.4 0.1)
(0.05 0.4 0.1)
(0.075 0.4 0.1)
(0.1 0.4 0.1)
(-0.1 0.4125 0.1)
(-0.075 0.4125 0.1)
(-0.05 0.4125 0.1)
(-0.025 0.4125 0.1)
(0 0.4125 0.1)
(0.025 0.4125 0.1)
(0.05 0.4125 0.1)
(0.075 0.4125 0.1)
(0.1 0.4125 0.1)
(-0.1 0.425 0.1)
(-0.075 0.425 0.1)
(-0.05 0.425 0.1)
(-0.025 0.425 0.1)
(0 0.425 0.1)
(0.025 0.425 0.1)
(0.05 0.425 0.1)
(0.075 0.425 0.1)
(0.1 0.425 0.1)
(-0.1 0.4375 0.1)
(-0.075 0.4375 0.1)
(-0.05 0.4375 0.1)
(-0.025 0.4375 0.1)
(0 0.4375 0.1)
(0.025 0.4375 0.1)
(0.05 0.4375 0.1)
(0.075 0.4375 0.1)
(0.1 0.4375 0.1)
(-0.1 0.45 0.1)
(-0.075 0.45 0.1)
(-0.05 0.45 0.1)
(-0.025 0.45 0.1)
(0 0.45 0.1)
(0.025 0.45 0.1)
(0.05 0.45 0.1)
(0.075 0.45 0.1)
(0.1 0.45 0.1)
(-0.1 0.4625 0.1)
(-0.075 0.4625 0.1)
(-0.05 0.4625 0.1)
(-0.025 0.4625 0.1)
(0 0.4625 0.1)
(0.025 0.4625 0.1)
(0.05 0.4625 0.1)
(0.075 0.4625 0.1)
(0.1 0.4625 0.1)
(-0.1 0.475 0.1)
(-0.075 0.475 0.1)
(-0.05 0.475 0.1)
(-0.025 0.475 0.1)
(0 0.475 0.1)
(0.025 0.475 0.1)
(0.05 0.475 0.1)
(0.075 0.475 0.1)
(0.1 0.475 0.1)
(-0.1 0.4875 0.1)
(-0.075 0.4875 0.1)
(-0.05 0.4875 0.1)
(-0.025 0.4875 0.1)
(0 0.4875 0.1)
(0.025 0.4875 0.1)
(0.05 0.4875 0.1)
(0.075 0.4875 0.1)
(0.1 0.4875 0.1)
(-0.1 0.5 0.1)
(-0.075 0.5 0.1)
(-0.05 0.5 0.1)
(-0.025 0.5 0.1)
(0 0.5 0.1)
(0.025 0.5 0.1)
(0.05 0.5 0.1)
(0.075 0.5 0.1)
(0.1 0.5 0.1)
(-0.1 0.5125 0.1)
(-0.075 0.5125 0.1)
(-0.05 0.5125 0.1)
(-0.025 0.5125 0.1)
(0 0.5125 0.1)
(0.025 0.5125 0.1)
(0.05 0.5125 0.1)
(0.075 0.5125 0.1)
(0.1 0.5125 0.1)
(-0.1 0.525 0.1)
(-0.075 0.525 0.1)
(-0.05 0.525 0.1)
(-0.025 0.525 0.1)
(0 0.525 0.1)
(0.025 0.525 0.1)
(0.05 0.525 0.1)
(0.075 0.525 0.1)
(0.1 0.525 0.1)
(-0.1 0.5375 0.1)
(-0.075 0.5375 0.1)
(-0.05 0.5375 0.1)
(-0.025 0.5375 0.1)
(0 0.5375 0.1)
(0.025 0.5375 0.1)
(0.05 0.5375 0.1)
(0.075 0.5375 0.1)
(0.1 0.5375 0.1)
(-0.1 0.55 0.1)
(-0.075 0.55 0.1)
(-0.05 0.55 0.1)
(-0.025 0.55 0.1)
(0 0.55 0.1)
(0.025 0.55 0.1)
(0.05 0.55 0.1)
(0.075 0.55 0.1)
(0.1 0.55 0.1)
(-0.1 0.5625 0.1)
(-0.075 0.5625 0.1)
(-0.05 0.5625 0.1)
(-0.025 0.5625 0.1)
(0 0.5625 0.1)
(0.025 0.5625 0.1)
(0.05 0.5625 0.1)
(0.075 0.5625 0.1)
(0.1 0.5625 0.1)
(-0.1 0.575 0.1)
(-0.075 0.575 0.1)
(-0.05 0.575 0.1)
(-0.025 0.575 0.1)
(0 0.575 0.1)
(0.025 0.575 0.1)
(0.05 0.575 0.1)
(0.075 0.575 0.1)
(0.1 0.575 0.1)
(-0.1 0.5875 0.1)
(-0.075 0.5875 0.1)
(-0.05 0.5875 0.1)
(-0.025 0.5875 0.1)
(0 0.5875 0.1)
(0.025 0.5875 0.1)
(0.05 0.5875 0.1)
(0.075 0.5875 0.1)
(0.1 0.5875 0.1)
(-0.1 0.6 0.1)
(-0.075 0.6 0.1)
(-0.05 0.6 0.1)
(-0.025 0.6 0.1)
(0 0.6 0.1)
(0.025 0.6 0.1)
(0.05 0.6 0.1)
(0.075 0.6 0.1)
(0.1 0.6 0.1)
(-0.1 0.6125 0.1)
(-0.075 0.6125 0.1)
(-0.05 0.6125 0.1)
(-0.025 0.6125 0.1)
(0 0.6125 0.1)
(0.025 0.6125 0.1)
(0.05 0.6125 0.1)
(0.075 0.6125 0.1)
(0.1 0.6125 0.1)
(-0.1 0.625 0.1)
(-0.075 0.625 0.1)
(-0.05 0.625 0.1)
(-0.025 0.625 0.1)
(0 0.625 0.1)
(0.025 0.625 0.1)
(0.05 0.625 0.1)
(0.075 0.625 0.1)
(0.1 0.625 0.1)
(-0.1 0.6375 0.1)
(-0.075 0.6375 0.1)
(-0.05 0.6375 0.1)
(-0.025 0.6375 0.1)
(0 0.6375 0.1)
(0.025 0.6375 0.1)
(0.05 0.6375 0.1)
(0.075 0.6375 0.1)
(0.1 0.6375 0.1)
(-0.1 0.65 0.1)
(-0.075 0.65 0.1)
(-0.05 0.65 0.1)
(-0.025 0.65 0.1)
(0 0.65 0.1)
(0.025 0.65 0.1)
(0.05 0.65 0.1)
(0.075 0.65 0.1)
(0.1 0.65 0.1)
(-0.1 0.6625 0.1)
(-0.075 0.6625 0.1)
(-0.05 0.6625 0.1)
(-0.025 0.6625 0.1)
(0 0.6625 0.1)
(0.025 0.6625 0.1)
(0.05 0.6625 0.1)
(0.075 0.6625 0.1)
(0.1 0.6625 0.1)
(-0.1 0.675 0.1)
(-0.075 0.675 0.1)
(-0.05 0.675 0.1)
(-0.025 0.675 0.1)
(0 0.675 0.1)
(0.025 0.675 0.1)
(0.05 0.675 0.1)
(0.075 0.675 0.1)
(0.1 0.675 0.1)
(-0.1 0.6875 0.1)
(-0.075 0.6875 0.1)
(-0.05 0.6875 0.1)
(-0.025 0.6875 0.1)
(0 0.6875 0.1)
(0.025 0.6875 0.1)
(0.05 0.6875 0.1)
(0.075 0.6875 0.1)
(0.1 0.6875 0.1)
(-0.1 0.7 0.1)
(-0.075 0.7 0.1)
(-0.05 0.7 0.1)
(-0.025 0.7 0.1)
(0 0.7 0.1)
(0.025 0.7 0.1)
(0.05 0.7 0.1)
(0.075 0.7 0.1)
(0.1 0.7 0.1)
(-0.1 0.7125 0.1)
(-0.075 0.7125 0.1)
(-0.05 0.7125 0.1)
(-0.025 0.7125 0.1)
(0 0.7125 0.1)
(0.025 0.7125 0.1)
(0.05 0.7125 0.1)
(0.075 0.7125 0.1)
(0.1 0.7125 0.1)
(-0.1 0.725 0.1)
(-0.075 0.725 0.1)
(-0.05 0.725 0.1)
(-0.025 0.725 0.1)
(0 0.725 0.1)
(0.025 0.725 0.1)
(0.05 0.725 0.1)
(0.075 0.725 0.1)
(0.1 0.725 0.1)
(-0.1 0.7375 0.1)
(-0.075 0.7375 0.1)
(-0.05 0.7375 0.1)
(-0.025 0.7375 0.1)
(0 0.7375 0.1)
(0.025 0.7375 0.1)
(0.05 0.7375 0.1)
(0.075 0.7375 0.1)
(0.1 0.7375 0.1)
(-0.1 0.75 0.1)
(-0.075 0.75 0.1)
(-0.05 0.75 0.1)
(-0.025 0.75 0.1)
(0 0.75 0.1)
(0.025 0.75 0.1)
(0.05 0.75 0.1)
(0.075 0.75 0.1)
(0.1 0.75 0.1)
(-0.1 0.7625 0.1)
(-0.075 0.7625 0.1)
(-0.05 0.7625 0.1)
(-0.025 0.7625 0.1)
(0 0.7625 0.1)
(0.025 0.7625 0.1)
(0.05 0.7625 0.1)
(0.075 0.7625 0.1)
(0.1 0.7625 0.1)
(-0.1 0.775 0.1)
(-0.075 0.775 0.1)
(-0.05 0.775 0.1)
(-0.025 0.775 0.1)
(0 0.775 0.1)
(0.025 0.775 0.1)
(0.05 0.775 0.1)
(0.075 0.775 0.1)
(0.1 0.775 0.1)
(-0.1 0.7875 0.1)
(-0.075 0.7875 0.1)
(-0.05 0.7875 0.1)
(-0.025 0.7875 0.1)
(0 0.7875 0.1)
(0.025 0.7875 0.1)
(0.05 0.7875 0.1)
(0.075 0.7875 0.1)
(0.1 0.7875 0.1)
(-0.1 0.8 0.1)
(-0.075 0.8 0.1)
(-0.05 0.8 0.1)
(-0.025 0.8 0.1)
(0 0.8 0.1)
(0.025 0.8 0.1)
(0.05 0.8 0.1)
(0.075 0.8 0.1)
(0.1 0.8 0.1)
(-0.1 0.8125 0.1)
(-0.075 0.8125 0.1)
(-0.05 0.8125 0.1)
(-0.025 0.8125 0.1)
(0 0.8125 0.1)
(0.025 0.8125 0.1)
(0.05 0.8125 0.1)
(0.075 0.8125 0.1)
(0.1 0.8125 0.1)
(-0.1 0.825 0.1)
(-0.075 0.825 0.1)
(-0.05 0.825 0.1)
(-0.025 0.825 0.1)
(0 0.825 0.1)
(0.025 0.825 0.1)
(0.05 0.825 0.1)
(0.075 0.825 0.1)
(0.1 0.825 0.1)
(-0.1 0.8375 0.1)
(-0.075 0.8375 0.1)
(-0.05 0.8375 0.1)
(-0.025 0.8375 0.1)
(0 0.8375 0.1)
(0.025 0.8375 0.1)
(0.05 0.8375 0.1)
(0.075 0.8375 0.1)
(0.1 0.8375 0.1)
(-0.1 0.85 0.1)
(-0.075 0.85 0.1)
(-0.05 0.85 0.1)
(-0.025 0.85 0.1)
(0 0.85 0.1)
(0.025 0.85 0.1)
(0.05 0.85 0.1)
(0.075 0.85 0.1)
(0.1 0.85 0.1)
(-0.1 0.8625 0.1)
(-0.075 0.8625 0.1)
(-0.05 0.8625 0.1)
(-0.025 0.8625 0.1)
(0 0.8625 0.1)
(0.025 0.8625 0.1)
(0.05 0.8625 0.1)
(0.075 0.8625 0.1)
(0.1 0.8625 0.1)
(-0.1 0.875 0.1)
(-0.075 0.875 0.1)
(-0.05 0.875 0.1)
(-0.025 0.875 0.1)
(0 0.875 0.1)
(0.025 0.875 0.1)
(0.05 0.875 0.1)
(0.075 0.875 0.1)
(0.1 0.875 0.1)
(-0.1 0.8875 0.1)
(-0.075 0.8875 0.1)
(-0.05 0.8875 0.1)
(-0.025 0.8875 0.1)
(0 0.8875 0.1)
(0.025 0.8875 0.1)
(0.05 0.8875 0.1)
(0.075 0.8875 0.1)
(0.1 0.8875 0.1)
(-0.1 0.9 0.1)
(-0.075 0.9 0.1)
(-0.05 0.9 0.1)
(-0.025 0.9 0.1)
(0 0.9 0.1)
(0.025 0.9 0.1)
(0.05 0.9 0.1)
(0.075 0.9 0.1)
(0.1 0.9 0.1)
(-0.1 0.9125 0.1)
(-0.075 0.9125 0.1)
(-0.05 0.9125 0.1)
(-0.025 0.9125 0.1)
(0 0.9125 0.1)
(0.025 0.9125 0.1)
(0.05 0.9125 0.1)
(0.075 0.9125 0.1)
(0.1 0.9125 0.1)
(-0.1 0.925 0.1)
(-0.075 0.925 0.1)
(-0.05 0.925 0.1)
(-0.025 0.925 0.1)
(0 0.925 0.1)
(0.025 0.925 0.1)
(0.05 0.925 0.1)
(0.075 0.925 0.1)
(0.1 0.925 0.1)
(-0.1 0.9375 0.1)
(-0.075 0.9375 0.1)
(-0.05 0.9375 0.1)
(-0.025 0.9375 0.1)
(0 0.9375 0.1)
(0.025 0.9375 0.1)
(0.05 0.9375 0.1)
(0.075 0.9375 0.1)
(0.1 0.9375 0.1)
(-0.1 0.95 0.1)
(-0.075 0.95 0.1)
(-0.05 0.95 0.1)
(-0.025 0.95 0.1)
(0 0.95 0.1)
(0.025 0.95 0.1)
(0.05 0.95 0.1)
(0.075 0.95 0.1)
(0.1 0.95 0.1)
(-0.1 0.9625 0.1)
(-0.075 0.9625 0.1)
(-0.05 0.9625 0.1)
(-0.025 0.9625 0.1)
(0 0.9625 0.1)
(0.025 0.9625 0.1)
(0.05 0.9625 0.1)
(0.075 0.9625 0.1)
(0.1 0.9625 0.1)
(-0.1 0.975 0.1)
(-0.075 0.975 0.1)
(-0.05 0.975 0.1)
(-0.025 0.975 0.1)
(0 0.975 0.1)
(0.025 0.975 0.1)
(0.05 0.975 0.1)
(0.075 0.975 0.1)
(0.1 0.975 0.1)
(-0.1 0.9875 0.1)
(-0.075 0.9875 0.1)
(-0.05 0.9875 0.1)
(-0.025 0.9875 0.1)
(0 0.9875 0.1)
(0.025 0.9875 0.1)
(0.05 0.9875 0.1)
(0.075 0.9875 0.1)
(0.1 0.9875 0.1)
(-0.1 1 0.1)
(-0.075 1 0.1)
(-0.05 1 0.1)
(-0.025 1 0.1)
(0 1 0.1)
(0.025 1 0.1)
(0.05 1 0.1)
(0.075 1 0.1)
(0.1 1 0.1)
(-0.1 1.0125 0.1)
(-0.075 1.0125 0.1)
(-0.05 1.0125 0.1)
(-0.025 1.0125 0.1)
(0 1.0125 0.1)
(0.025 1.0125 0.1)
(0.05 1.0125 0.1)
(0.075 1.0125 0.1)
(0.1 1.0125 0.1)
(-0.1 1.025 0.1)
(-0.075 1.025 0.1)
(-0.05 1.025 0.1)
(-0.025 1.025 0.1)
(0 1.025 0.1)
(0.025 1.025 0.1)
(0.05 1.025 0.1)
(0.075 1.025 0.1)
(0.1 1.025 0.1)
(-0.1 1.0375 0.1)
(-0.075 1.0375 0.1)
(-0.05 1.0375 0.1)
(-0.025 1.0375 0.1)
(0 1.0375 0.1)
(0.025 1.0375 0.1)
(0.05 1.0375 0.1)
(0.075 1.0375 0.1)
(0.1 1.0375 0.1)
(-0.1 1.05 0.1)
(-0.075 1.05 0.1)
(-0.05 1.05 0.1)
(-0.025 1.05 0.1)
(0 1.05 0.1)
(0.025 1.05 0.1)
(0.05 1.05 0.1)
(0.075 1.05 0.1)
(0.1 1.05 0.1)
(-0.1 1.0625 0.1)
(-0.075 1.0625 0.1)
(-0.05 1.0625 0.1)
(-0.025 1.0625 0.1)
(0 1.0625 0.1)
(0.025 1.0625 0.1)
(0.05 1.0625 0.1)
(0.075 1.0625 0.1)
(0.1 1.0625 0.1)
(-0.1 1.075 0.1)
(-0.075 1.075 0.1)
(-0.05 1.075 0.1)
(-0.025 1.075 0.1)
(0 1.075 0.1)
(0.025 1.075 0.1)
(0.05 1.075 0.1)
(0.075 1.075 0.1)
(0.1 1.075 0.1)
(-0.1 1.0875 0.1)
(-0.075 1.0875 0.1)
(-0.05 1.0875 0.1)
(-0.025 1.0875 0.1)
(0 1.0875 0.1)
(0.025 1.0875 0.1)
(0.05 1.0875 0.1)
(0.075 1.0875 0.1)
(0.1 1.0875 0.1)
(-0.1 1.1 0.1)
(-0.075 1.1 0.1)
(-0.05 1.1 0.1)
(-0.025 1.1 0.1)
(0 1.1 0.1)
(0.025 1.1 0.1)
(0.05 1.1 0.1)
(0.075 1.1 0.1)
(0.1 1.1 0.1)
(-0.1 1.1125 0.1)
(-0.075 1.1125 0.1)
(-0.05 1.1125 0.1)
(-0.025 1.1125 0.1)
(0 1.1125 0.1)
(0.025 1.1125 0.1)
(0.05 1.1125 0.1)
(0.075 1.1125 0.1)
(0.1 1.1125 0.1)
(-0.1 1.125 0.1)
(-0.075 1.125 0.1)
(-0.05 1.125 0.1)
(-0.025 1.125 0.1)
(0 1.125 0.1)
(0.025 1.125 0.1)
(0.05 1.125 0.1)
(0.075 1.125 0.1)
(0.1 1.125 0.1)
(-0.1 1.1375 0.1)
(-0.075 1.1375 0.1)
(-0.05 1.1375 0.1)
(-0.025 1.1375 0.1)
(0 1.1375 0.1)
(0.025 1.1375 0.1)
(0.05 1.1375 0.1)
(0.075 1.1375 0.1)
(0.1 1.1375 0.1)
(-0.1 1.15 0.1)
(-0.075 1.15 0.1)
(-0.05 1.15 0.1)
(-0.025 1.15 0.1)
(0 1.15 0.1)
(0.025 1.15 0.1)
(0.05 1.15 0.1)
(0.075 1.15 0.1)
(0.1 1.15 0.1)
(-0.1 1.1625 0.1)
(-0.075 1.1625 0.1)
(-0.05 1.1625 0.1)
(-0.025 1.1625 0.1)
(0 1.1625 0.1)
(0.025 1.1625 0.1)
(0.05 1.1625 0.1)
(0.075 1.1625 0.1)
(0.1 1.1625 0.1)
(-0.1 1.175 0.1)
(-0.075 1.175 0.1)
(-0.05 1.175 0.1)
(-0.025 1.175 0.1)
(0 1.175 0.1)
(0.025 1.175 0.1)
(0.05 1.175 0.1)
(0.075 1.175 0.1)
(0.1 1.175 0.1)
(-0.1 1.1875 0.1)
(-0.075 1.1875 0.1)
(-0.05 1.1875 0.1)
(-0.025 1.1875 0.1)
(0 1.1875 0.1)
(0.025 1.1875 0.1)
(0.05 1.1875 0.1)
(0.075 1.1875 0.1)
(0.1 1.1875 0.1)
(-0.1 1.2 0.1)
(-0.075 1.2 0.1)
(-0.05 1.2 0.1)
(-0.025 1.2 0.1)
(0 1.2 0.1)
(0.025 1.2 0.1)
(0.05 1.2 0.1)
(0.075 1.2 0.1)
(0.1 1.2 0.1)
(-0.1 1.2125 0.1)
(-0.075 1.2125 0.1)
(-0.05 1.2125 0.1)
(-0.025 1.2125 0.1)
(0 1.2125 0.1)
(0.025 1.2125 0.1)
(0.05 1.2125 0.1)
(0.075 1.2125 0.1)
(0.1 1.2125 0.1)
(-0.1 1.225 0.1)
(-0.075 1.225 0.1)
(-0.05 1.225 0.1)
(-0.025 1.225 0.1)
(0 1.225 0.1)
(0.025 1.225 0.1)
(0.05 1.225 0.1)
(0.075 1.225 0.1)
(0.1 1.225 0.1)
(-0.1 1.2375 0.1)
(-0.075 1.2375 0.1)
(-0.05 1.2375 0.1)
(-0.025 1.2375 0.1)
(0 1.2375 0.1)
(0.025 1.2375 0.1)
(0.05 1.2375 0.1)
(0.075 1.2375 0.1)
(0.1 1.2375 0.1)
(-0.1 1.25 0.1)
(-0.075 1.25 0.1)
(-0.05 1.25 0.1)
(-0.025 1.25 0.1)
(0 1.25 0.1)
(0.025 1.25 0.1)
(0.05 1.25 0.1)
(0.075 1.25 0.1)
(0.1 1.25 0.1)
(-0.1 1.2625 0.1)
(-0.075 1.2625 0.1)
(-0.05 1.2625 0.1)
(-0.025 1.2625 0.1)
(0 1.2625 0.1)
(0.025 1.2625 0.1)
(0.05 1.2625 0.1)
(0.075 1.2625 0.1)
(0.1 1.2625 0.1)
(-0.1 1.275 0.1)
(-0.075 1.275 0.1)
(-0.05 1.275 0.1)
(-0.025 1.275 0.1)
(0 1.275 0.1)
(0.025 1.275 0.1)
(0.05 1.275 0.1)
(0.075 1.275 0.1)
(0.1 1.275 0.1)
(-0.1 1.2875 0.1)
(-0.075 1.2875 0.1)
(-0.05 1.2875 0.1)
(-0.025 1.2875 0.1)
(0 1.2875 0.1)
(0.025 1.2875 0.1)
(0.05 1.2875 0.1)
(0.075 1.2875 0.1)
(0.1 1.2875 0.1)
(-0.1 1.3 0.1)
(-0.075 1.3 0.1)
(-0.05 1.3 0.1)
(-0.025 1.3 0.1)
(0 1.3 0.1)
(0.025 1.3 0.1)
(0.05 1.3 0.1)
(0.075 1.3 0.1)
(0.1 1.3 0.1)
(-0.1 1.3125 0.1)
(-0.075 1.3125 0.1)
(-0.05 1.3125 0.1)
(-0.025 1.3125 0.1)
(0 1.3125 0.1)
(0.025 1.3125 0.1)
(0.05 1.3125 0.1)
(0.075 1.3125 0.1)
(0.1 1.3125 0.1)
(-0.1 1.325 0.1)
(-0.075 1.325 0.1)
(-0.05 1.325 0.1)
(-0.025 1.325 0.1)
(0 1.325 0.1)
(0.025 1.325 0.1)
(0.05 1.325 0.1)
(0.075 1.325 0.1)
(0.1 1.325 0.1)
(-0.1 1.3375 0.1)
(-0.075 1.3375 0.1)
(-0.05 1.3375 0.1)
(-0.025 1.3375 0.1)
(0 1.3375 0.1)
(0.025 1.3375 0.1)
(0.05 1.3375 0.1)
(0.075 1.3375 0.1)
(0.1 1.3375 0.1)
(-0.1 1.35 0.1)
(-0.075 1.35 0.1)
(-0.05 1.35 0.1)
(-0.025 1.35 0.1)
(0 1.35 0.1)
(0.025 1.35 0.1)
(0.05 1.35 0.1)
(0.075 1.35 0.1)
(0.1 1.35 0.1)
(-0.1 1.3625 0.1)
(-0.075 1.3625 0.1)
(-0.05 1.3625 0.1)
(-0.025 1.3625 0.1)
(0 1.3625 0.1)
(0.025 1.3625 0.1)
(0.05 1.3625 0.1)
(0.075 1.3625 0.1)
(0.1 1.3625 0.1)
(-0.1 1.375 0.1)
(-0.075 1.375 0.1)
(-0.05 1.375 0.1)
(-0.025 1.375 0.1)
(0 1.375 0.1)
(0.025 1.375 0.1)
(0.05 1.375 0.1)
(0.075 1.375 0.1)
(0.1 1.375 0.1)
(-0.1 1.3875 0.1)
(-0.075 1.3875 0.1)
(-0.05 1.3875 0.1)
(-0.025 1.3875 0.1)
(0 1.3875 0.1)
(0.025 1.3875 0.1)
(0.05 1.3875 0.1)
(0.075 1.3875 0.1)
(0.1 1.3875 0.1)
(-0.1 1.4 0.1)
(-0.075 1.4 0.1)
(-0.05 1.4 0.1)
(-0.025 1.4 0.1)
(0 1.4 0.1)
(0.025 1.4 0.1)
(0.05 1.4 0.1)
(0.075 1.4 0.1)
(0.1 1.4 0.1)
(-0.1 1.4125 0.1)
(-0.075 1.4125 0.1)
(-0.05 1.4125 0.1)
(-0.025 1.4125 0.1)
(0 1.4125 0.1)
(0.025 1.4125 0.1)
(0.05 1.4125 0.1)
(0.075 1.4125 0.1)
(0.1 1.4125 0.1)
(-0.1 1.425 0.1)
(-0.075 1.425 0.1)
(-0.05 1.425 0.1)
(-0.025 1.425 0.1)
(0 1.425 0.1)
(0.025 1.425 0.1)
(0.05 1.425 0.1)
(0.075 1.425 0.1)
(0.1 1.425 0.1)
(-0.1 1.4375 0.1)
(-0.075 1.4375 0.1)
(-0.05 1.4375 0.1)
(-0.025 1.4375 0.1)
(0 1.4375 0.1)
(0.025 1.4375 0.1)
(0.05 1.4375 0.1)
(0.075 1.4375 0.1)
(0.1 1.4375 0.1)
(-0.1 1.45 0.1)
(-0.075 1.45 0.1)
(-0.05 1.45 0.1)
(-0.025 1.45 0.1)
(0 1.45 0.1)
(0.025 1.45 0.1)
(0.05 1.45 0.1)
(0.075 1.45 0.1)
(0.1 1.45 0.1)
(-0.1 1.4625 0.1)
(-0.075 1.4625 0.1)
(-0.05 1.4625 0.1)
(-0.025 1.4625 0.1)
(0 1.4625 0.1)
(0.025 1.4625 0.1)
(0.05 1.4625 0.1)
(0.075 1.4625 0.1)
(0.1 1.4625 0.1)
(-0.1 1.475 0.1)
(-0.075 1.475 0.1)
(-0.05 1.475 0.1)
(-0.025 1.475 0.1)
(0 1.475 0.1)
(0.025 1.475 0.1)
(0.05 1.475 0.1)
(0.075 1.475 0.1)
(0.1 1.475 0.1)
(-0.1 1.4875 0.1)
(-0.075 1.4875 0.1)
(-0.05 1.4875 0.1)
(-0.025 1.4875 0.1)
(0 1.4875 0.1)
(0.025 1.4875 0.1)
(0.05 1.4875 0.1)
(0.075 1.4875 0.1)
(0.1 1.4875 0.1)
(-0.1 1.5 0.1)
(-0.075 1.5 0.1)
(-0.05 1.5 0.1)
(-0.025 1.5 0.1)
(0 1.5 0.1)
(0.025 1.5 0.1)
(0.05 1.5 0.1)
(0.075 1.5 0.1)
(0.1 1.5 0.1)
(-0.1 1.5125 0.1)
(-0.075 1.5125 0.1)
(-0.05 1.5125 0.1)
(-0.025 1.5125 0.1)
(0 1.5125 0.1)
(0.025 1.5125 0.1)
(0.05 1.5125 0.1)
(0.075 1.5125 0.1)
(0.1 1.5125 0.1)
(-0.1 1.525 0.1)
(-0.075 1.525 0.1)
(-0.05 1.525 0.1)
(-0.025 1.525 0.1)
(0 1.525 0.1)
(0.025 1.525 0.1)
(0.05 1.525 0.1)
(0.075 1.525 0.1)
(0.1 1.525 0.1)
(-0.1 1.5375 0.1)
(-0.075 1.5375 0.1)
(-0.05 1.5375 0.1)
(-0.025 1.5375 0.1)
(0 1.5375 0.1)
(0.025 1.5375 0.1)
(0.05 1.5375 0.1)
(0.075 1.5375 0.1)
(0.1 1.5375 0.1)
(-0.1 1.55 0.1)
(-0.075 1.55 0.1)
(-0.05 1.55 0.1)
(-0.025 1.55 0.1)
(0 1.55 0.1)
(0.025 1.55 0.1)
(0.05 1.55 0.1)
(0.075 1.55 0.1)
(0.1 1.55 0.1)
(-0.1 1.5625 0.1)
(-0.075 1.5625 0.1)
(-0.05 1.5625 0.1)
(-0.025 1.5625 0.1)
(0 1.5625 0.1)
(0.025 1.5625 0.1)
(0.05 1.5625 0.1)
(0.075 1.5625 0.1)
(0.1 1.5625 0.1)
(-0.1 1.575 0.1)
(-0.075 1.575 0.1)
(-0.05 1.575 0.1)
(-0.025 1.575 0.1)
(0 1.575 0.1)
(0.025 1.575 0.1)
(0.05 1.575 0.1)
(0.075 1.575 0.1)
(0.1 1.575 0.1)
(-0.1 1.5875 0.1)
(-0.075 1.5875 0.1)
(-0.05 1.5875 0.1)
(-0.025 1.5875 0.1)
(0 1.5875 0.1)
(0.025 1.5875 0.1)
(0.05 1.5875 0.1)
(0.075 1.5875 0.1)
(0.1 1.5875 0.1)
(-0.1 1.6 0.1)
(-0.075 1.6 0.1)
(-0.05 1.6 0.1)
(-0.025 1.6 0.1)
(0 1.6 0.1)
(0.025 1.6 0.1)
(0.05 1.6 0.1)
(0.075 1.6 0.1)
(0.1 1.6 0.1)
(-0.1 1.6125 0.1)
(-0.075 1.6125 0.1)
(-0.05 1.6125 0.1)
(-0.025 1.6125 0.1)
(0 1.6125 0.1)
(0.025 1.6125 0.1)
(0.05 1.6125 0.1)
(0.075 1.6125 0.1)
(0.1 1.6125 0.1)
(-0.1 1.625 0.1)
(-0.075 1.625 0.1)
(-0.05 1.625 0.1)
(-0.025 1.625 0.1)
(0 1.625 0.1)
(0.025 1.625 0.1)
(0.05 1.625 0.1)
(0.075 1.625 0.1)
(0.1 1.625 0.1)
(-0.1 1.6375 0.1)
(-0.075 1.6375 0.1)
(-0.05 1.6375 0.1)
(-0.025 1.6375 0.1)
(0 1.6375 0.1)
(0.025 1.6375 0.1)
(0.05 1.6375 0.1)
(0.075 1.6375 0.1)
(0.1 1.6375 0.1)
(-0.1 1.65 0.1)
(-0.075 1.65 0.1)
(-0.05 1.65 0.1)
(-0.025 1.65 0.1)
(0 1.65 0.1)
(0.025 1.65 0.1)
(0.05 1.65 0.1)
(0.075 1.65 0.1)
(0.1 1.65 0.1)
(-0.1 1.6625 0.1)
(-0.075 1.6625 0.1)
(-0.05 1.6625 0.1)
(-0.025 1.6625 0.1)
(0 1.6625 0.1)
(0.025 1.6625 0.1)
(0.05 1.6625 0.1)
(0.075 1.6625 0.1)
(0.1 1.6625 0.1)
(-0.1 1.675 0.1)
(-0.075 1.675 0.1)
(-0.05 1.675 0.1)
(-0.025 1.675 0.1)
(0 1.675 0.1)
(0.025 1.675 0.1)
(0.05 1.675 0.1)
(0.075 1.675 0.1)
(0.1 1.675 0.1)
(-0.1 1.6875 0.1)
(-0.075 1.6875 0.1)
(-0.05 1.6875 0.1)
(-0.025 1.6875 0.1)
(0 1.6875 0.1)
(0.025 1.6875 0.1)
(0.05 1.6875 0.1)
(0.075 1.6875 0.1)
(0.1 1.6875 0.1)
(-0.1 1.7 0.1)
(-0.075 1.7 0.1)
(-0.05 1.7 0.1)
(-0.025 1.7 0.1)
(0 1.7 0.1)
(0.025 1.7 0.1)
(0.05 1.7 0.1)
(0.075 1.7 0.1)
(0.1 1.7 0.1)
(-0.1 1.7125 0.1)
(-0.075 1.7125 0.1)
(-0.05 1.7125 0.1)
(-0.025 1.7125 0.1)
(0 1.7125 0.1)
(0.025 1.7125 0.1)
(0.05 1.7125 0.1)
(0.075 1.7125 0.1)
(0.1 1.7125 0.1)
(-0.1 1.725 0.1)
(-0.075 1.725 0.1)
(-0.05 1.725 0.1)
(-0.025 1.725 0.1)
(0 1.725 0.1)
(0.025 1.725 0.1)
(0.05 1.725 0.1)
(0.075 1.725 0.1)
(0.1 1.725 0.1)
(-0.1 1.7375 0.1)
(-0.075 1.7375 0.1)
(-0.05 1.7375 0.1)
(-0.025 1.7375 0.1)
(0 1.7375 0.1)
(0.025 1.7375 0.1)
(0.05 1.7375 0.1)
(0.075 1.7375 0.1)
(0.1 1.7375 0.1)
(-0.1 1.75 0.1)
(-0.075 1.75 0.1)
(-0.05 1.75 0.1)
(-0.025 1.75 0.1)
(0 1.75 0.1)
(0.025 1.75 0.1)
(0.05 1.75 0.1)
(0.075 1.75 0.1)
(0.1 1.75 0.1)
(-0.1 1.7625 0.1)
(-0.075 1.7625 0.1)
(-0.05 1.7625 0.1)
(-0.025 1.7625 0.1)
(0 1.7625 0.1)
(0.025 1.7625 0.1)
(0.05 1.7625 0.1)
(0.075 1.7625 0.1)
(0.1 1.7625 0.1)
(-0.1 1.775 0.1)
(-0.075 1.775 0.1)
(-0.05 1.775 0.1)
(-0.025 1.775 0.1)
(0 1.775 0.1)
(0.025 1.775 0.1)
(0.05 1.775 0.1)
(0.075 1.775 0.1)
(0.1 1.775 0.1)
(-0.1 1.7875 0.1)
(-0.075 1.7875 0.1)
(-0.05 1.7875 0.1)
(-0.025 1.7875 0.1)
(0 1.7875 0.1)
(0.025 1.7875 0.1)
(0.05 1.7875 0.1)
(0.075 1.7875 0.1)
(0.1 1.7875 0.1)
(-0.1 1.8 0.1)
(-0.075 1.8 0.1)
(-0.05 1.8 0.1)
(-0.025 1.8 0.1)
(0 1.8 0.1)
(0.025 1.8 0.1)
(0.05 1.8 0.1)
(0.075 1.8 0.1)
(0.1 1.8 0.1)
(-0.1 1.8125 0.1)
(-0.075 1.8125 0.1)
(-0.05 1.8125 0.1)
(-0.025 1.8125 0.1)
(0 1.8125 0.1)
(0.025 1.8125 0.1)
(0.05 1.8125 0.1)
(0.075 1.8125 0.1)
(0.1 1.8125 0.1)
(-0.1 1.825 0.1)
(-0.075 1.825 0.1)
(-0.05 1.825 0.1)
(-0.025 1.825 0.1)
(0 1.825 0.1)
(0.025 1.825 0.1)
(0.05 1.825 0.1)
(0.075 1.825 0.1)
(0.1 1.825 0.1)
(-0.1 1.8375 0.1)
(-0.075 1.8375 0.1)
(-0.05 1.8375 0.1)
(-0.025 1.8375 0.1)
(0 1.8375 0.1)
(0.025 1.8375 0.1)
(0.05 1.8375 0.1)
(0.075 1.8375 0.1)
(0.1 1.8375 0.1)
(-0.1 1.85 0.1)
(-0.075 1.85 0.1)
(-0.05 1.85 0.1)
(-0.025 1.85 0.1)
(0 1.85 0.1)
(0.025 1.85 0.1)
(0.05 1.85 0.1)
(0.075 1.85 0.1)
(0.1 1.85 0.1)
(-0.1 1.8625 0.1)
(-0.075 1.8625 0.1)
(-0.05 1.8625 0.1)
(-0.025 1.8625 0.1)
(0 1.8625 0.1)
(0.025 1.8625 0.1)
(0.05 1.8625 0.1)
(0.075 1.8625 0.1)
(0.1 1.8625 0.1)
(-0.1 1.875 0.1)
(-0.075 1.875 0.1)
(-0.05 1.875 0.1)
(-0.025 1.875 0.1)
(0 1.875 0.1)
(0.025 1.875 0.1)
(0.05 1.875 0.1)
(0.075 1.875 0.1)
(0.1 1.875 0.1)
(-0.1 1.8875 0.1)
(-0.075 1.8875 0.1)
(-0.05 1.8875 0.1)
(-0.025 1.8875 0.1)
(0 1.8875 0.1)
(0.025 1.8875 0.1)
(0.05 1.8875 0.1)
(0.075 1.8875 0.1)
(0.1 1.8875 0.1)
(-0.1 1.9 0.1)
(-0.075 1.9 0.1)
(-0.05 1.9 0.1)
(-0.025 1.9 0.1)
(0 1.9 0.1)
(0.025 1.9 0.1)
(0.05 1.9 0.1)
(0.075 1.9 0.1)
(0.1 1.9 0.1)
(-0.1 1.9125 0.1)
(-0.075 1.9125 0.1)
(-0.05 1.9125 0.1)
(-0.025 1.9125 0.1)
(0 1.9125 0.1)
(0.025 1.9125 0.1)
(0.05 1.9125 0.1)
(0.075 1.9125 0.1)
(0.1 1.9125 0.1)
(-0.1 1.925 0.1)
(-0.075 1.925 0.1)
(-0.05 1.925 0.1)
(-0.025 1.925 0.1)
(0 1.925 0.1)
(0.025 1.925 0.1)
(0.05 1.925 0.1)
(0.075 1.925 0.1)
(0.1 1.925 0.1)
(-0.1 1.9375 0.1)
(-0.075 1.9375 0.1)
(-0.05 1.9375 0.1)
(-0.025 1.9375 0.1)
(0 1.9375 0.1)
(0.025 1.9375 0.1)
(0.05 1.9375 0.1)
(0.075 1.9375 0.1)
(0.1 1.9375 0.1)
(-0.1 1.95 0.1)
(-0.075 1.95 0.1)
(-0.05 1.95 0.1)
(-0.025 1.95 0.1)
(0 1.95 0.1)
(0.025 1.95 0.1)
(0.05 1.95 0.1)
(0.075 1.95 0.1)
(0.1 1.95 0.1)
(-0.1 1.9625 0.1)
(-0.075 1.9625 0.1)
(-0.05 1.9625 0.1)
(-0.025 1.9625 0.1)
(0 1.9625 0.1)
(0.025 1.9625 0.1)
(0.05 1.9625 0.1)
(0.075 1.9625 0.1)
(0.1 1.9625 0.1)
(-0.1 1.975 0.1)
(-0.075 1.975 0.1)
(-0.05 1.975 0.1)
(-0.025 1.975 0.1)
(0 1.975 0.1)
(0.025 1.975 0.1)
(0.05 1.975 0.1)
(0.075 1.975 0.1)
(0.1 1.975 0.1)
(-0.1 1.9875 0.1)
(-0.075 1.9875 0.1)
(-0.05 1.9875 0.1)
(-0.025 1.9875 0.1)
(0 1.9875 0.1)
(0.025 1.9875 0.1)
(0.05 1.9875 0.1)
(0.075 1.9875 0.1)
(0.1 1.9875 0.1)
(-0.1 2 0.1)
(-0.075 2 0.1)
(-0.05 2 0.1)
(-0.025 2 0.1)
(0 2 0.1)
(0.025 2 0.1)
(0.05 2 0.1)
(0.075 2 0.1)
(0.1 2 0.1)
(-0.1 2.0125 0.1)
(-0.075 2.0125 0.1)
(-0.05 2.0125 0.1)
(-0.025 2.0125 0.1)
(0 2.0125 0.1)
(0.025 2.0125 0.1)
(0.05 2.0125 0.1)
(0.075 2.0125 0.1)
(0.1 2.0125 0.1)
(-0.1 2.025 0.1)
(-0.075 2.025 0.1)
(-0.05 2.025 0.1)
(-0.025 2.025 0.1)
(0 2.025 0.1)
(0.025 2.025 0.1)
(0.05 2.025 0.1)
(0.075 2.025 0.1)
(0.1 2.025 0.1)
(-0.1 2.0375 0.1)
(-0.075 2.0375 0.1)
(-0.05 2.0375 0.1)
(-0.025 2.0375 0.1)
(0 2.0375 0.1)
(0.025 2.0375 0.1)
(0.05 2.0375 0.1)
(0.075 2.0375 0.1)
(0.1 2.0375 0.1)
(-0.1 2.05 0.1)
(-0.075 2.05 0.1)
(-0.05 2.05 0.1)
(-0.025 2.05 0.1)
(0 2.05 0.1)
(0.025 2.05 0.1)
(0.05 2.05 0.1)
(0.075 2.05 0.1)
(0.1 2.05 0.1)
(-0.1 2.0625 0.1)
(-0.075 2.0625 0.1)
(-0.05 2.0625 0.1)
(-0.025 2.0625 0.1)
(0 2.0625 0.1)
(0.025 2.0625 0.1)
(0.05 2.0625 0.1)
(0.075 2.0625 0.1)
(0.1 2.0625 0.1)
(-0.1 2.075 0.1)
(-0.075 2.075 0.1)
(-0.05 2.075 0.1)
(-0.025 2.075 0.1)
(0 2.075 0.1)
(0.025 2.075 0.1)
(0.05 2.075 0.1)
(0.075 2.075 0.1)
(0.1 2.075 0.1)
(-0.1 2.0875 0.1)
(-0.075 2.0875 0.1)
(-0.05 2.0875 0.1)
(-0.025 2.0875 0.1)
(0 2.0875 0.1)
(0.025 2.0875 0.1)
(0.05 2.0875 0.1)
(0.075 2.0875 0.1)
(0.1 2.0875 0.1)
(-0.1 2.1 0.1)
(-0.075 2.1 0.1)
(-0.05 2.1 0.1)
(-0.025 2.1 0.1)
(0 2.1 0.1)
(0.025 2.1 0.1)
(0.05 2.1 0.1)
(0.075 2.1 0.1)
(0.1 2.1 0.1)
(-0.1 2.1125 0.1)
(-0.075 2.1125 0.1)
(-0.05 2.1125 0.1)
(-0.025 2.1125 0.1)
(0 2.1125 0.1)
(0.025 2.1125 0.1)
(0.05 2.1125 0.1)
(0.075 2.1125 0.1)
(0.1 2.1125 0.1)
(-0.1 2.125 0.1)
(-0.075 2.125 0.1)
(-0.05 2.125 0.1)
(-0.025 2.125 0.1)
(0 2.125 0.1)
(0.025 2.125 0.1)
(0.05 2.125 0.1)
(0.075 2.125 0.1)
(0.1 2.125 0.1)
(-0.1 2.1375 0.1)
(-0.075 2.1375 0.1)
(-0.05 2.1375 0.1)
(-0.025 2.1375 0.1)
(0 2.1375 0.1)
(0.025 2.1375 0.1)
(0.05 2.1375 0.1)
(0.075 2.1375 0.1)
(0.1 2.1375 0.1)
(-0.1 2.15 0.1)
(-0.075 2.15 0.1)
(-0.05 2.15 0.1)
(-0.025 2.15 0.1)
(0 2.15 0.1)
(0.025 2.15 0.1)
(0.05 2.15 0.1)
(0.075 2.15 0.1)
(0.1 2.15 0.1)
(-0.1 2.1625 0.1)
(-0.075 2.1625 0.1)
(-0.05 2.1625 0.1)
(-0.025 2.1625 0.1)
(0 2.1625 0.1)
(0.025 2.1625 0.1)
(0.05 2.1625 0.1)
(0.075 2.1625 0.1)
(0.1 2.1625 0.1)
(-0.1 2.175 0.1)
(-0.075 2.175 0.1)
(-0.05 2.175 0.1)
(-0.025 2.175 0.1)
(0 2.175 0.1)
(0.025 2.175 0.1)
(0.05 2.175 0.1)
(0.075 2.175 0.1)
(0.1 2.175 0.1)
(-0.1 2.1875 0.1)
(-0.075 2.1875 0.1)
(-0.05 2.1875 0.1)
(-0.025 2.1875 0.1)
(0 2.1875 0.1)
(0.025 2.1875 0.1)
(0.05 2.1875 0.1)
(0.075 2.1875 0.1)
(0.1 2.1875 0.1)
(-0.1 2.2 0.1)
(-0.075 2.2 0.1)
(-0.05 2.2 0.1)
(-0.025 2.2 0.1)
(0 2.2 0.1)
(0.025 2.2 0.1)
(0.05 2.2 0.1)
(0.075 2.2 0.1)
(0.1 2.2 0.1)
(-0.1 2.2125 0.1)
(-0.075 2.2125 0.1)
(-0.05 2.2125 0.1)
(-0.025 2.2125 0.1)
(0 2.2125 0.1)
(0.025 2.2125 0.1)
(0.05 2.2125 0.1)
(0.075 2.2125 0.1)
(0.1 2.2125 0.1)
(-0.1 2.225 0.1)
(-0.075 2.225 0.1)
(-0.05 2.225 0.1)
(-0.025 2.225 0.1)
(0 2.225 0.1)
(0.025 2.225 0.1)
(0.05 2.225 0.1)
(0.075 2.225 0.1)
(0.1 2.225 0.1)
(-0.1 2.2375 0.1)
(-0.075 2.2375 0.1)
(-0.05 2.2375 0.1)
(-0.025 2.2375 0.1)
(0 2.2375 0.1)
(0.025 2.2375 0.1)
(0.05 2.2375 0.1)
(0.075 2.2375 0.1)
(0.1 2.2375 0.1)
(-0.1 2.25 0.1)
(-0.075 2.25 0.1)
(-0.05 2.25 0.1)
(-0.025 2.25 0.1)
(0 2.25 0.1)
(0.025 2.25 0.1)
(0.05 2.25 0.1)
(0.075 2.25 0.1)
(0.1 2.25 0.1)
(-0.1 2.2625 0.1)
(-0.075 2.2625 0.1)
(-0.05 2.2625 0.1)
(-0.025 2.2625 0.1)
(0 2.2625 0.1)
(0.025 2.2625 0.1)
(0.05 2.2625 0.1)
(0.075 2.2625 0.1)
(0.1 2.2625 0.1)
(-0.1 2.275 0.1)
(-0.075 2.275 0.1)
(-0.05 2.275 0.1)
(-0.025 2.275 0.1)
(0 2.275 0.1)
(0.025 2.275 0.1)
(0.05 2.275 0.1)
(0.075 2.275 0.1)
(0.1 2.275 0.1)
(-0.1 2.2875 0.1)
(-0.075 2.2875 0.1)
(-0.05 2.2875 0.1)
(-0.025 2.2875 0.1)
(0 2.2875 0.1)
(0.025 2.2875 0.1)
(0.05 2.2875 0.1)
(0.075 2.2875 0.1)
(0.1 2.2875 0.1)
(-0.1 2.3 0.1)
(-0.075 2.3 0.1)
(-0.05 2.3 0.1)
(-0.025 2.3 0.1)
(0 2.3 0.1)
(0.025 2.3 0.1)
(0.05 2.3 0.1)
(0.075 2.3 0.1)
(0.1 2.3 0.1)
(-0.1 2.3125 0.1)
(-0.075 2.3125 0.1)
(-0.05 2.3125 0.1)
(-0.025 2.3125 0.1)
(0 2.3125 0.1)
(0.025 2.3125 0.1)
(0.05 2.3125 0.1)
(0.075 2.3125 0.1)
(0.1 2.3125 0.1)
(-0.1 2.325 0.1)
(-0.075 2.325 0.1)
(-0.05 2.325 0.1)
(-0.025 2.325 0.1)
(0 2.325 0.1)
(0.025 2.325 0.1)
(0.05 2.325 0.1)
(0.075 2.325 0.1)
(0.1 2.325 0.1)
(-0.1 2.3375 0.1)
(-0.075 2.3375 0.1)
(-0.05 2.3375 0.1)
(-0.025 2.3375 0.1)
(0 2.3375 0.1)
(0.025 2.3375 0.1)
(0.05 2.3375 0.1)
(0.075 2.3375 0.1)
(0.1 2.3375 0.1)
(-0.1 2.35 0.1)
(-0.075 2.35 0.1)
(-0.05 2.35 0.1)
(-0.025 2.35 0.1)
(0 2.35 0.1)
(0.025 2.35 0.1)
(0.05 2.35 0.1)
(0.075 2.35 0.1)
(0.1 2.35 0.1)
(-0.1 2.3625 0.1)
(-0.075 2.3625 0.1)
(-0.05 2.3625 0.1)
(-0.025 2.3625 0.1)
(0 2.3625 0.1)
(0.025 2.3625 0.1)
(0.05 2.3625 0.1)
(0.075 2.3625 0.1)
(0.1 2.3625 0.1)
(-0.1 2.375 0.1)
(-0.075 2.375 0.1)
(-0.05 2.375 0.1)
(-0.025 2.375 0.1)
(0 2.375 0.1)
(0.025 2.375 0.1)
(0.05 2.375 0.1)
(0.075 2.375 0.1)
(0.1 2.375 0.1)
(-0.1 2.3875 0.1)
(-0.075 2.3875 0.1)
(-0.05 2.3875 0.1)
(-0.025 2.3875 0.1)
(0 2.3875 0.1)
(0.025 2.3875 0.1)
(0.05 2.3875 0.1)
(0.075 2.3875 0.1)
(0.1 2.3875 0.1)
(-0.1 2.4 0.1)
(-0.075 2.4 0.1)
(-0.05 2.4 0.1)
(-0.025 2.4 0.1)
(0 2.4 0.1)
(0.025 2.4 0.1)
(0.05 2.4 0.1)
(0.075 2.4 0.1)
(0.1 2.4 0.1)
(-0.1 2.4125 0.1)
(-0.075 2.4125 0.1)
(-0.05 2.4125 0.1)
(-0.025 2.4125 0.1)
(0 2.4125 0.1)
(0.025 2.4125 0.1)
(0.05 2.4125 0.1)
(0.075 2.4125 0.1)
(0.1 2.4125 0.1)
(-0.1 2.425 0.1)
(-0.075 2.425 0.1)
(-0.05 2.425 0.1)
(-0.025 2.425 0.1)
(0 2.425 0.1)
(0.025 2.425 0.1)
(0.05 2.425 0.1)
(0.075 2.425 0.1)
(0.1 2.425 0.1)
(-0.1 2.4375 0.1)
(-0.075 2.4375 0.1)
(-0.05 2.4375 0.1)
(-0.025 2.4375 0.1)
(0 2.4375 0.1)
(0.025 2.4375 0.1)
(0.05 2.4375 0.1)
(0.075 2.4375 0.1)
(0.1 2.4375 0.1)
(-0.1 2.45 0.1)
(-0.075 2.45 0.1)
(-0.05 2.45 0.1)
(-0.025 2.45 0.1)
(0 2.45 0.1)
(0.025 2.45 0.1)
(0.05 2.45 0.1)
(0.075 2.45 0.1)
(0.1 2.45 0.1)
(-0.1 2.4625 0.1)
(-0.075 2.4625 0.1)
(-0.05 2.4625 0.1)
(-0.025 2.4625 0.1)
(0 2.4625 0.1)
(0.025 2.4625 0.1)
(0.05 2.4625 0.1)
(0.075 2.4625 0.1)
(0.1 2.4625 0.1)
(-0.1 2.475 0.1)
(-0.075 2.475 0.1)
(-0.05 2.475 0.1)
(-0.025 2.475 0.1)
(0 2.475 0.1)
(0.025 2.475 0.1)
(0.05 2.475 0.1)
(0.075 2.475 0.1)
(0.1 2.475 0.1)
(-0.1 2.4875 0.1)
(-0.075 2.4875 0.1)
(-0.05 2.4875 0.1)
(-0.025 2.4875 0.1)
(0 2.4875 0.1)
(0.025 2.4875 0.1)
(0.05 2.4875 0.1)
(0.075 2.4875 0.1)
(0.1 2.4875 0.1)
(-0.1 2.5 0.1)
(-0.075 2.5 0.1)
(-0.05 2.5 0.1)
(-0.025 2.5 0.1)
(0 2.5 0.1)
(0.025 2.5 0.1)
(0.05 2.5 0.1)
(0.075 2.5 0.1)
(0.1 2.5 0.1)
(-0.1 2.5125 0.1)
(-0.075 2.5125 0.1)
(-0.05 2.5125 0.1)
(-0.025 2.5125 0.1)
(0 2.5125 0.1)
(0.025 2.5125 0.1)
(0.05 2.5125 0.1)
(0.075 2.5125 0.1)
(0.1 2.5125 0.1)
(-0.1 2.525 0.1)
(-0.075 2.525 0.1)
(-0.05 2.525 0.1)
(-0.025 2.525 0.1)
(0 2.525 0.1)
(0.025 2.525 0.1)
(0.05 2.525 0.1)
(0.075 2.525 0.1)
(0.1 2.525 0.1)
(-0.1 2.5375 0.1)
(-0.075 2.5375 0.1)
(-0.05 2.5375 0.1)
(-0.025 2.5375 0.1)
(0 2.5375 0.1)
(0.025 2.5375 0.1)
(0.05 2.5375 0.1)
(0.075 2.5375 0.1)
(0.1 2.5375 0.1)
(-0.1 2.55 0.1)
(-0.075 2.55 0.1)
(-0.05 2.55 0.1)
(-0.025 2.55 0.1)
(0 2.55 0.1)
(0.025 2.55 0.1)
(0.05 2.55 0.1)
(0.075 2.55 0.1)
(0.1 2.55 0.1)
(-0.1 2.5625 0.1)
(-0.075 2.5625 0.1)
(-0.05 2.5625 0.1)
(-0.025 2.5625 0.1)
(0 2.5625 0.1)
(0.025 2.5625 0.1)
(0.05 2.5625 0.1)
(0.075 2.5625 0.1)
(0.1 2.5625 0.1)
(-0.1 2.575 0.1)
(-0.075 2.575 0.1)
(-0.05 2.575 0.1)
(-0.025 2.575 0.1)
(0 2.575 0.1)
(0.025 2.575 0.1)
(0.05 2.575 0.1)
(0.075 2.575 0.1)
(0.1 2.575 0.1)
(-0.1 2.5875 0.1)
(-0.075 2.5875 0.1)
(-0.05 2.5875 0.1)
(-0.025 2.5875 0.1)
(0 2.5875 0.1)
(0.025 2.5875 0.1)
(0.05 2.5875 0.1)
(0.075 2.5875 0.1)
(0.1 2.5875 0.1)
(-0.1 2.6 0.1)
(-0.075 2.6 0.1)
(-0.05 2.6 0.1)
(-0.025 2.6 0.1)
(0 2.6 0.1)
(0.025 2.6 0.1)
(0.05 2.6 0.1)
(0.075 2.6 0.1)
(0.1 2.6 0.1)
(-0.1 2.6125 0.1)
(-0.075 2.6125 0.1)
(-0.05 2.6125 0.1)
(-0.025 2.6125 0.1)
(0 2.6125 0.1)
(0.025 2.6125 0.1)
(0.05 2.6125 0.1)
(0.075 2.6125 0.1)
(0.1 2.6125 0.1)
(-0.1 2.625 0.1)
(-0.075 2.625 0.1)
(-0.05 2.625 0.1)
(-0.025 2.625 0.1)
(0 2.625 0.1)
(0.025 2.625 0.1)
(0.05 2.625 0.1)
(0.075 2.625 0.1)
(0.1 2.625 0.1)
(-0.1 2.6375 0.1)
(-0.075 2.6375 0.1)
(-0.05 2.6375 0.1)
(-0.025 2.6375 0.1)
(0 2.6375 0.1)
(0.025 2.6375 0.1)
(0.05 2.6375 0.1)
(0.075 2.6375 0.1)
(0.1 2.6375 0.1)
(-0.1 2.65 0.1)
(-0.075 2.65 0.1)
(-0.05 2.65 0.1)
(-0.025 2.65 0.1)
(0 2.65 0.1)
(0.025 2.65 0.1)
(0.05 2.65 0.1)
(0.075 2.65 0.1)
(0.1 2.65 0.1)
(-0.1 2.6625 0.1)
(-0.075 2.6625 0.1)
(-0.05 2.6625 0.1)
(-0.025 2.6625 0.1)
(0 2.6625 0.1)
(0.025 2.6625 0.1)
(0.05 2.6625 0.1)
(0.075 2.6625 0.1)
(0.1 2.6625 0.1)
(-0.1 2.675 0.1)
(-0.075 2.675 0.1)
(-0.05 2.675 0.1)
(-0.025 2.675 0.1)
(0 2.675 0.1)
(0.025 2.675 0.1)
(0.05 2.675 0.1)
(0.075 2.675 0.1)
(0.1 2.675 0.1)
(-0.1 2.6875 0.1)
(-0.075 2.6875 0.1)
(-0.05 2.6875 0.1)
(-0.025 2.6875 0.1)
(0 2.6875 0.1)
(0.025 2.6875 0.1)
(0.05 2.6875 0.1)
(0.075 2.6875 0.1)
(0.1 2.6875 0.1)
(-0.1 2.7 0.1)
(-0.075 2.7 0.1)
(-0.05 2.7 0.1)
(-0.025 2.7 0.1)
(0 2.7 0.1)
(0.025 2.7 0.1)
(0.05 2.7 0.1)
(0.075 2.7 0.1)
(0.1 2.7 0.1)
(-0.1 2.7125 0.1)
(-0.075 2.7125 0.1)
(-0.05 2.7125 0.1)
(-0.025 2.7125 0.1)
(0 2.7125 0.1)
(0.025 2.7125 0.1)
(0.05 2.7125 0.1)
(0.075 2.7125 0.1)
(0.1 2.7125 0.1)
(-0.1 2.725 0.1)
(-0.075 2.725 0.1)
(-0.05 2.725 0.1)
(-0.025 2.725 0.1)
(0 2.725 0.1)
(0.025 2.725 0.1)
(0.05 2.725 0.1)
(0.075 2.725 0.1)
(0.1 2.725 0.1)
(-0.1 2.7375 0.1)
(-0.075 2.7375 0.1)
(-0.05 2.7375 0.1)
(-0.025 2.7375 0.1)
(0 2.7375 0.1)
(0.025 2.7375 0.1)
(0.05 2.7375 0.1)
(0.075 2.7375 0.1)
(0.1 2.7375 0.1)
(-0.1 2.75 0.1)
(-0.075 2.75 0.1)
(-0.05 2.75 0.1)
(-0.025 2.75 0.1)
(0 2.75 0.1)
(0.025 2.75 0.1)
(0.05 2.75 0.1)
(0.075 2.75 0.1)
(0.1 2.75 0.1)
(-0.1 2.7625 0.1)
(-0.075 2.7625 0.1)
(-0.05 2.7625 0.1)
(-0.025 2.7625 0.1)
(0 2.7625 0.1)
(0.025 2.7625 0.1)
(0.05 2.7625 0.1)
(0.075 2.7625 0.1)
(0.1 2.7625 0.1)
(-0.1 2.775 0.1)
(-0.075 2.775 0.1)
(-0.05 2.775 0.1)
(-0.025 2.775 0.1)
(0 2.775 0.1)
(0.025 2.775 0.1)
(0.05 2.775 0.1)
(0.075 2.775 0.1)
(0.1 2.775 0.1)
(-0.1 2.7875 0.1)
(-0.075 2.7875 0.1)
(-0.05 2.7875 0.1)
(-0.025 2.7875 0.1)
(0 2.7875 0.1)
(0.025 2.7875 0.1)
(0.05 2.7875 0.1)
(0.075 2.7875 0.1)
(0.1 2.7875 0.1)
(-0.1 2.8 0.1)
(-0.075 2.8 0.1)
(-0.05 2.8 0.1)
(-0.025 2.8 0.1)
(0 2.8 0.1)
(0.025 2.8 0.1)
(0.05 2.8 0.1)
(0.075 2.8 0.1)
(0.1 2.8 0.1)
(-0.1 2.8125 0.1)
(-0.075 2.8125 0.1)
(-0.05 2.8125 0.1)
(-0.025 2.8125 0.1)
(0 2.8125 0.1)
(0.025 2.8125 0.1)
(0.05 2.8125 0.1)
(0.075 2.8125 0.1)
(0.1 2.8125 0.1)
(-0.1 2.825 0.1)
(-0.075 2.825 0.1)
(-0.05 2.825 0.1)
(-0.025 2.825 0.1)
(0 2.825 0.1)
(0.025 2.825 0.1)
(0.05 2.825 0.1)
(0.075 2.825 0.1)
(0.1 2.825 0.1)
(-0.1 2.8375 0.1)
(-0.075 2.8375 0.1)
(-0.05 2.8375 0.1)
(-0.025 2.8375 0.1)
(0 2.8375 0.1)
(0.025 2.8375 0.1)
(0.05 2.8375 0.1)
(0.075 2.8375 0.1)
(0.1 2.8375 0.1)
(-0.1 2.85 0.1)
(-0.075 2.85 0.1)
(-0.05 2.85 0.1)
(-0.025 2.85 0.1)
(0 2.85 0.1)
(0.025 2.85 0.1)
(0.05 2.85 0.1)
(0.075 2.85 0.1)
(0.1 2.85 0.1)
(-0.1 2.8625 0.1)
(-0.075 2.8625 0.1)
(-0.05 2.8625 0.1)
(-0.025 2.8625 0.1)
(0 2.8625 0.1)
(0.025 2.8625 0.1)
(0.05 2.8625 0.1)
(0.075 2.8625 0.1)
(0.1 2.8625 0.1)
(-0.1 2.875 0.1)
(-0.075 2.875 0.1)
(-0.05 2.875 0.1)
(-0.025 2.875 0.1)
(0 2.875 0.1)
(0.025 2.875 0.1)
(0.05 2.875 0.1)
(0.075 2.875 0.1)
(0.1 2.875 0.1)
(-0.1 2.8875 0.1)
(-0.075 2.8875 0.1)
(-0.05 2.8875 0.1)
(-0.025 2.8875 0.1)
(0 2.8875 0.1)
(0.025 2.8875 0.1)
(0.05 2.8875 0.1)
(0.075 2.8875 0.1)
(0.1 2.8875 0.1)
(-0.1 2.9 0.1)
(-0.075 2.9 0.1)
(-0.05 2.9 0.1)
(-0.025 2.9 0.1)
(0 2.9 0.1)
(0.025 2.9 0.1)
(0.05 2.9 0.1)
(0.075 2.9 0.1)
(0.1 2.9 0.1)
(-0.1 2.9125 0.1)
(-0.075 2.9125 0.1)
(-0.05 2.9125 0.1)
(-0.025 2.9125 0.1)
(0 2.9125 0.1)
(0.025 2.9125 0.1)
(0.05 2.9125 0.1)
(0.075 2.9125 0.1)
(0.1 2.9125 0.1)
(-0.1 2.925 0.1)
(-0.075 2.925 0.1)
(-0.05 2.925 0.1)
(-0.025 2.925 0.1)
(0 2.925 0.1)
(0.025 2.925 0.1)
(0.05 2.925 0.1)
(0.075 2.925 0.1)
(0.1 2.925 0.1)
(-0.1 2.9375 0.1)
(-0.075 2.9375 0.1)
(-0.05 2.9375 0.1)
(-0.025 2.9375 0.1)
(0 2.9375 0.1)
(0.025 2.9375 0.1)
(0.05 2.9375 0.1)
(0.075 2.9375 0.1)
(0.1 2.9375 0.1)
(-0.1 2.95 0.1)
(-0.075 2.95 0.1)
(-0.05 2.95 0.1)
(-0.025 2.95 0.1)
(0 2.95 0.1)
(0.025 2.95 0.1)
(0.05 2.95 0.1)
(0.075 2.95 0.1)
(0.1 2.95 0.1)
(-0.1 2.9625 0.1)
(-0.075 2.9625 0.1)
(-0.05 2.9625 0.1)
(-0.025 2.9625 0.1)
(0 2.9625 0.1)
(0.025 2.9625 0.1)
(0.05 2.9625 0.1)
(0.075 2.9625 0.1)
(0.1 2.9625 0.1)
(-0.1 2.975 0.1)
(-0.075 2.975 0.1)
(-0.05 2.975 0.1)
(-0.025 2.975 0.1)
(0 2.975 0.1)
(0.025 2.975 0.1)
(0.05 2.975 0.1)
(0.075 2.975 0.1)
(0.1 2.975 0.1)
(-0.1 2.9875 0.1)
(-0.075 2.9875 0.1)
(-0.05 2.9875 0.1)
(-0.025 2.9875 0.1)
(0 2.9875 0.1)
(0.025 2.9875 0.1)
(0.05 2.9875 0.1)
(0.075 2.9875 0.1)
(0.1 2.9875 0.1)
(-0.1 3 0.1)
(-0.075 3 0.1)
(-0.05 3 0.1)
(-0.025 3 0.1)
(0 3 0.1)
(0.025 3 0.1)
(0.05 3 0.1)
(0.075 3 0.1)
(0.1 3 0.1)
)


// ************************************************************************* //
