/*--------------------------------*- C++ -*----------------------------------*\
| =========                 |                                                 |
| \\      /  F ield         | OpenFOAM: The Open Source CFD Toolbox           |
|  \\    /   O peration     | Version:  5.x                                   |
|   \\  /    A nd           | Web:      www.OpenFOAM.org                      |
|    \\/     M anipulation  |                                                 |
\*---------------------------------------------------------------------------*/
FoamFile
{
    version     2.0;
    format      ascii;
    class       surfaceScalarField;
    location    "9";
    object      phi;
}
// * * * * * * * * * * * * * * * * * * * * * * * * * * * * * * * * * * * * * //

dimensions      [0 3 -1 0 0 0 0];

internalField   nonuniform List<scalar> 
3592
(
-8.067548e-10
8.0675479e-10
-1.8689637e-09
1.0622144e-09
-1.638731e-09
-2.302272e-10
1.0347663e-12
-1.6397609e-09
1.6397663e-09
-1.6387266e-09
1.8700044e-09
-2.3023304e-10
8.0675893e-10
1.0632507e-09
8.0676427e-10
-1.3246555e-09
2.1314164e-09
-3.7679323e-09
3.505503e-09
-3.472993e-09
-5.2515517e-10
1.696847e-12
-5.1144397e-09
3.4773153e-09
-5.114334e-09
3.7694926e-09
-5.2239893e-10
1.325525e-09
3.5072299e-09
2.1322955e-09
-2.1363777e-09
4.2678011e-09
-5.3106503e-09
6.6797872e-09
-4.7614403e-09
-1.074354e-09
3.2608501e-12
-9.87913e-09
4.7658385e-09
-9.8769006e-09
5.3141722e-09
-1.0707212e-09
2.1371941e-09
6.6842193e-09
4.2694951e-09
-2.7704359e-09
7.0382436e-09
-6.3703295e-09
1.0279692e-08
-5.6088657e-09
-1.835807e-09
2.9693504e-12
-1.5490954e-08
5.6150357e-09
-1.5488956e-08
6.3734717e-09
-1.8291461e-09
2.7717037e-09
1.0285998e-08
7.0412044e-09
-3.0910855e-09
1.0129335e-08
-6.9729695e-09
1.4161587e-08
-6.0503851e-09
-2.7583812e-09
3.3616612e-12
-2.1544691e-08
6.0554333e-09
-2.1541018e-08
6.9766632e-09
-2.7503655e-09
3.0922212e-09
1.417045e-08
1.0133431e-08
-3.2196467e-09
1.3348988e-08
-7.1067005e-09
1.8048652e-08
-6.1561958e-09
-3.7088751e-09
2.4460913e-12
-2.7703323e-08
6.1609687e-09
-2.769953e-08
7.1094378e-09
-3.6988236e-09
3.2206587e-09
1.805924e-08
1.3354095e-08
-3.1044551e-09
1.6453449e-08
-6.9025271e-09
2.1846734e-08
-5.9486511e-09
-4.662741e-09
1.8205675e-12
-3.3653785e-08
5.9516374e-09
-3.3649337e-08
6.904546e-09
-4.651722e-09
3.1052024e-09
2.1858594e-08
1.6459303e-08
-2.8971702e-09
1.9350626e-08
-6.3867822e-09
2.5336357e-08
-5.5256104e-09
-5.5239019e-09
7.9998652e-13
-3.9180185e-08
5.5269354e-09
-3.9175462e-08
6.3877574e-09
-5.512533e-09
2.8974531e-09
2.5348909e-08
1.9356761e-08
-2.5507721e-09
2.1901403e-08
-5.7089661e-09
2.8494562e-08
-4.9329974e-09
-6.2998607e-09
-3.2235968e-13
-4.411285e-08
4.9327901e-09
-4.4108565e-08
5.7086114e-09
-6.2883443e-09
2.5508039e-09
2.8506726e-08
2.190757e-08
-2.1938219e-09
2.4095232e-08
-4.9011769e-09
3.1201928e-08
-4.2652091e-09
-6.9358175e-09
-1.0239877e-12
-4.8377025e-08
4.2629261e-09
-4.8372504e-08
4.9001705e-09
-6.9255776e-09
2.1933571e-09
3.121355e-08
2.4100933e-08
-1.7914193e-09
2.5886657e-08
-4.0797601e-09
3.3490279e-08
-3.55693e-09
-7.4586378e-09
-2.1330336e-12
-5.1931812e-08
3.5538792e-09
-5.1928507e-08
4.0774308e-09
-7.4491194e-09
1.7908233e-09
3.3500168e-08
2.5891761e-08
-1.428551e-09
2.7315214e-08
-3.2675661e-09
3.5329305e-08
-2.8749852e-09
-7.8512075e-09
-2.3816006e-12
-5.4804405e-08
2.8701644e-09
-5.4801042e-08
3.2651074e-09
-7.8440513e-09
1.4275908e-09
3.5337695e-08
2.7319358e-08
-1.0816824e-09
2.8396902e-08
-2.5329984e-09
3.6780632e-08
-2.2407272e-09
-8.1434692e-09
-3.2234904e-12
-5.70419e-08
2.2358596e-09
-5.7040116e-08
2.5295279e-09
-8.13771e-09
1.0807157e-09
3.6786517e-08
2.8400078e-08
-7.9270177e-10
2.9189611e-08
-1.8845738e-09
3.7872515e-08
-1.6875567e-09
-8.3404751e-09
-3.1597684e-12
-5.8726286e-08
1.6814295e-09
-5.8724695e-08
1.8813116e-09
-8.337581e-09
7.9151458e-10
3.7876324e-08
2.9191598e-08
-5.4858212e-10
2.9738198e-08
-1.3469732e-09
3.8670916e-08
-1.2203431e-09
-8.4670959e-09
-3.7393475e-12
-5.9942881e-08
1.2145045e-09
-5.9942929e-08
1.3430084e-09
-8.4660754e-09
5.474454e-10
3.8671897e-08
2.9739048e-08
-3.5852782e-10
3.0096733e-08
-9.1566431e-10
3.9228064e-08
-8.4534758e-10
-8.5374014e-09
-3.5943923e-12
-6.0784623e-08
8.3863439e-10
-6.0785147e-08
9.1196807e-10
-8.5393979e-09
3.5724953e-10
3.9226626e-08
3.0096304e-08
-2.1630722e-10
3.0313045e-08
-5.8596559e-10
3.9597732e-08
-5.5552415e-10
-8.5678337e-09
-3.9818637e-12
-6.1336157e-08
5.4908799e-10
-6.1338209e-08
5.81766e-10
-8.5720668e-09
2.1507277e-10
3.9593328e-08
3.0311381e-08
-1.1296752e-10
3.042602e-08
-3.46354e-10
3.983113e-08
-3.415049e-10
-8.5726715e-09
-3.8723656e-12
-6.1673778e-08
3.3447772e-10
-6.1676548e-08
3.4234598e-10
-8.5799239e-09
1.116233e-10
3.9824062e-08
3.042301e-08
-4.6903551e-11
3.0472928e-08
-1.7912819e-10
3.9963364e-08
-1.9158549e-10
-8.5602053e-09
-4.1237054e-12
-6.1861232e-08
1.8474294e-10
-6.1865406e-08
1.7478586e-10
-8.5699579e-09
4.5589693e-11
3.9953267e-08
3.0468604e-08
-2.6868222e-12
3.0475622e-08
-7.2440967e-11
4.003313e-08
-9.1510406e-11
-8.5411246e-09
-4.0261802e-12
-6.1948705e-08
8.4361971e-11
-6.1953783e-08
6.8243038e-11
-8.5538278e-09
1.2952877e-12
4.0020225e-08
3.0469905e-08
1.7771009e-11
3.0457856e-08
-7.1632142e-12
4.0058074e-08
-3.0609187e-11
-8.5176699e-09
-4.0779079e-12
-6.1975228e-08
2.3702029e-11
-6.1981555e-08
2.8471674e-12
-8.5329642e-09
-1.9108868e-11
4.004219e-08
3.04508e-08
2.9794943e-11
3.0428068e-08
2.4774002e-11
4.0063106e-08
3.792742e-12
-8.4966774e-09
-3.8850919e-12
-6.1967539e-08
-1.0602515e-11
-6.1974827e-08
-2.8856646e-11
-8.5146989e-09
-3.1147006e-11
4.0044491e-08
3.0419659e-08
2.8729108e-11
3.0399344e-08
3.8548605e-11
4.0053296e-08
1.8630485e-11
-8.4767508e-09
-3.6948158e-12
-6.1945206e-08
-2.495934e-11
-6.1953554e-08
-4.2467935e-11
-8.4971818e-09
-2.9960424e-11
4.0031992e-08
3.0389703e-08
2.7486503e-11
3.0371864e-08
3.741282e-11
4.0043381e-08
2.2790514e-11
-8.4621171e-09
-3.3240564e-12
-6.1919081e-08
-2.8569629e-11
-6.1928297e-08
-4.0916308e-11
-8.4848239e-09
-2.8648378e-11
4.0019735e-08
3.036106e-08
1.9465668e-11
3.0352403e-08
3.1776174e-11
4.0031079e-08
1.933733e-11
-8.44967e-09
-2.8797656e-12
-6.1896855e-08
-2.4312415e-11
-6.1906857e-08
-3.4835238e-11
-8.4742927e-09
-2.0424561e-11
4.0005332e-08
3.034064e-08
1.5238957e-11
3.0337171e-08
2.0991154e-11
4.0025339e-08
1.3699727e-11
-8.4423672e-09
-2.3425981e-12
-6.1880802e-08
-1.7737273e-11
-6.1891451e-08
-2.3446714e-11
-8.4685721e-09
-1.6053941e-11
3.999795e-08
3.0324591e-08
7.0474951e-12
3.0330128e-08
1.1959958e-11
4.0020435e-08
6.1550211e-12
-8.4365542e-09
-1.7231586e-12
-6.1872916e-08
-9.1513399e-12
-6.1884015e-08
-1.3776558e-11
-8.4639388e-09
-7.5980864e-12
3.999178e-08
3.0316997e-08
3.9734685e-12
3.0326161e-08
1.6521935e-12
4.0022768e-08
-7.8255047e-14
-8.4348124e-09
-1.0968245e-12
-6.1871887e-08
-1.7725038e-12
-6.1883329e-08
-2.7667362e-12
-8.4629333e-09
-4.3431449e-12
3.9993367e-08
3.031266e-08
-2.2838144e-12
3.032845e-08
-4.9534865e-12
4.0025446e-08
-6.2780962e-12
-8.43348e-09
-4.1941262e-13
-6.1877738e-08
5.5281347e-12
-6.1889269e-08
4.5390106e-12
-8.4619363e-09
2.1976763e-12
3.9995716e-08
3.0314862e-08
-3.3443477e-12
3.0331801e-08
-1.2013259e-11
4.0034126e-08
-1.0304628e-11
-8.4351772e-09
1.8552651e-13
-6.1888217e-08
1.0693249e-11
-6.1899766e-08
1.2276549e-11
-8.4635084e-09
3.4300218e-12
4.0004573e-08
3.0318297e-08
-7.6774189e-12
3.0339482e-08
-1.5332e-11
4.0041789e-08
-1.4103302e-11
-8.4363983e-09
8.0351747e-13
-6.1903117e-08
1.5463644e-11
-6.1914418e-08
1.6226502e-11
-8.4642635e-09
8.0227425e-12
4.0012785e-08
3.0326324e-08
-7.1292099e-12
3.0346618e-08
-1.9437442e-11
4.0054109e-08
-1.5905572e-11
-8.4399187e-09
1.2906544e-12
-6.1920302e-08
1.8217947e-11
-6.1931335e-08
2.0879915e-11
-8.4669142e-09
7.5997612e-12
4.0026076e-08
3.0333929e-08
-1.0163558e-11
3.0356786e-08
-2.0318137e-11
4.0064272e-08
-1.784222e-11
-8.4423872e-09
1.7665562e-12
-6.1939904e-08
2.0862004e-11
-6.1950423e-08
2.2232979e-11
-8.4682777e-09
1.084021e-11
4.0037476e-08
3.0344773e-08
-8.6436345e-12
3.0365437e-08
-2.2529337e-11
4.0078169e-08
-1.8185749e-11
-8.4467194e-09
2.0802828e-12
-6.1960159e-08
2.1867854e-11
-6.19702e-08
2.480266e-11
-8.4712013e-09
9.3788809e-12
4.005291e-08
3.0354158e-08
-1.0972039e-11
3.0376413e-08
-2.2014849e-11
4.008922e-08
-1.9054705e-11
-8.4496723e-09
2.3784665e-12
-6.1981585e-08
2.3123499e-11
-6.1990938e-08
2.4564675e-11
-8.4726351e-09
1.1848388e-11
4.0065634e-08
3.036601e-08
-8.9733553e-12
3.0385393e-08
-2.3248869e-11
4.0103507e-08
-1.8657064e-11
-8.4542527e-09
2.5075269e-12
-6.2002739e-08
2.3075684e-11
-6.2011495e-08
2.5957473e-11
-8.4755057e-09
9.839331e-12
4.0081763e-08
3.0375855e-08
-1.098429e-11
3.0396381e-08
-2.2087727e-11
4.0114618e-08
-1.9048499e-11
-8.4572849e-09
2.6335825e-12
-6.2024414e-08
2.3546954e-11
-6.2032401e-08
2.4885617e-11
-8.4768373e-09
1.1930437e-11
4.0094725e-08
3.0387789e-08
-8.7992439e-12
3.0405187e-08
-2.2917096e-11
4.0128747e-08
-1.8367271e-11
-8.4618233e-09
2.6005262e-12
-6.2045371e-08
2.2940563e-11
-6.2052731e-08
2.5700742e-11
-8.4795862e-09
9.6763804e-12
4.011076e-08
3.0397471e-08
-1.0698281e-11
3.041589e-08
-2.1529699e-11
4.0139586e-08
-1.8611944e-11
-8.4647342e-09
2.5868578e-12
-6.2066563e-08
2.3017604e-11
-6.2073155e-08
2.4252924e-11
-8.4808146e-09
1.1608187e-11
4.0123412e-08
3.0409082e-08
-8.4699739e-12
3.0424366e-08
-2.2243643e-11
4.0153371e-08
-1.7875465e-11
-8.469091e-09
2.4326657e-12
-6.2086861e-08
2.215113e-11
-6.2092862e-08
2.4825656e-11
-8.4834779e-09
9.2687925e-12
4.013898e-08
3.0418357e-08
-1.0346127e-11
3.0434716e-08
-2.0822279e-11
4.0163855e-08
-1.811749e-11
-8.4717892e-09
2.3231665e-12
-6.2107295e-08
2.2056442e-11
-6.2112589e-08
2.3243246e-11
-8.484658e-09
1.1147241e-11
4.0151083e-08
3.0429507e-08
-8.1309879e-12
3.0442854e-08
-2.1536827e-11
4.0177272e-08
-1.7410336e-11
-8.4759043e-09
2.0934929e-12
-6.2126788e-08
2.1092936e-11
-6.2131578e-08
2.3739771e-11
-8.4872937e-09
8.7963852e-12
4.0166036e-08
3.0438309e-08
-1.0012479e-11
3.045287e-08
-2.0147368e-11
4.0187414e-08
-1.768977e-11
-8.4783555e-09
1.9317288e-12
-6.2146403e-08
2.0943567e-11
-6.2150583e-08
2.2136364e-11
-8.48848e-09
1.066565e-11
4.0177514e-08
3.0448978e-08
-7.8249966e-12
3.0460702e-08
-2.0891533e-11
4.0200492e-08
-1.7024392e-11
-8.4822112e-09
1.6676194e-12
-6.2165084e-08
1.9965962e-11
-6.2168871e-08
2.262995e-11
-8.4911328e-09
8.3328113e-12
4.0191821e-08
3.0457317e-08
-9.713773e-12
3.0470419e-08
-1.9541954e-11
4.0210327e-08
-1.7335046e-11
-8.484412e-09
1.4898844e-12
-6.2183903e-08
1.9819448e-11
-6.2187194e-08
2.1052545e-11
-8.4923596e-09
1.020747e-11
4.0202673e-08
3.0467527e-08
-7.5519093e-12
3.0477978e-08
-2.0309412e-11
4.0223096e-08
-1.6696166e-11
-8.4880138e-09
1.2231401e-12
-6.2201812e-08
1.8866878e-11
-6.2204827e-08
2.1570474e-11
-8.495052e-09
7.9016915e-12
4.0216352e-08
3.0475435e-08
-9.4414117e-12
3.0487423e-08
-1.8987399e-11
4.0232649e-08
-1.7017886e-11
-8.4899774e-09
1.0557038e-12
-6.2219879e-08
1.8748957e-11
-6.2222515e-08
2.0034414e-11
-8.4963314e-09
9.7837819e-12
4.0226609e-08
3.0485221e-08
-7.2988214e-12
3.0494728e-08
-1.9762452e-11
4.0245124e-08
-1.638511e-11
-8.4933433e-09
8.0778224e-13
-6.2237061e-08
1.7837489e-11
-6.2239534e-08
2.0583084e-11
-8.4990658e-09
7.5057622e-12
4.0239697e-08
3.0492733e-08
-9.1817058e-12
3.0503914e-08
-1.8452798e-11
4.0254401e-08
-1.6698623e-11
-8.4950917e-09
6.6698567e-13
-6.2254421e-08
1.7757308e-11
-6.2256618e-08
1.9089882e-11
-8.5003925e-09
9.3928062e-12
4.02494e-08
3.0502129e-08
-7.0526097e-12
3.0510973e-08
-1.9221216e-11
4.0266581e-08
-1.605569e-11
-8.4982459e-09
4.5004324e-13
-6.2270916e-08
1.6891054e-11
-6.2273048e-08
1.9667052e-11
-8.5031574e-09
7.1403861e-12
4.0261937e-08
3.0509275e-08
-8.9233676e-12
3.0519899e-08
-1.7912257e-11
4.0275576e-08
-1.63477e-11
-8.4998049e-09
3.4392304e-13
-6.2287603e-08
1.6849225e-11
-6.2289548e-08
1.8212802e-11
-8.5045153e-09
9.0287975e-12
4.0271127e-08
3.0518306e-08
-6.8039201e-12
3.052671e-08
-1.8664531e-11
4.0287448e-08
-1.5684837e-11
-8.5027733e-09
1.6283257e-13
-6.230344e-08
1.6026233e-11
-6.2305401e-08
1.8813212e-11
-8.5072912e-09
6.7992086e-12
4.0283152e-08
3.0525111e-08
-8.6592764e-12
3.0535372e-08
-1.7349436e-11
4.0296145e-08
-1.5948496e-11
-8.5041689e-09
9.3288981e-14
-6.2319476e-08
1.6019157e-11
-6.2321322e-08
1.7392372e-11
-8.508659e-09
8.6855868e-12
4.0291864e-08
3.0533799e-08
-6.5475147e-12
3.0541927e-08
-1.8080774e-11
4.0307689e-08
-1.5261784e-11
-8.5069766e-09
-5.2154211e-14
-6.2334675e-08
1.5234622e-11
-6.2336598e-08
1.8010211e-11
-8.5114235e-09
6.4762759e-12
4.0303408e-08
3.0540281e-08
-8.3860389e-12
3.0550316e-08
-1.6756852e-11
4.0316066e-08
-1.5495399e-11
-8.5082329e-09
-8.7249918e-14
-6.2350078e-08
1.5256904e-11
-6.2351937e-08
1.6617245e-11
-8.5127786e-09
8.3578253e-12
4.0311673e-08
3.0548641e-08
-6.281402e-12
3.0556604e-08
-1.7466099e-11
4.0327262e-08
-1.4785194e-11
-8.5109026e-09
-2.0036957e-13
-6.2364652e-08
1.4504997e-11
-6.2366631e-08
1.7247214e-11
-8.5155098e-09
6.1667009e-12
4.0322764e-08
3.0554814e-08
-8.1029631e-12
3.056471e-08
-1.6133594e-11
4.0335298e-08
-1.4990568e-11
-8.5120407e-09
-2.0542486e-13
-6.2379433e-08
1.4550836e-11
-6.2381383e-08
1.5877276e-11
-8.5168312e-09
8.0413107e-12
4.0330606e-08
3.0562857e-08
-6.0057849e-12
3.0570722e-08
-1.6822018e-11
4.0346125e-08
-1.4259914e-11
-8.5145916e-09
-2.9113233e-13
-6.2393391e-08
1.3825758e-11
-6.2395489e-08
1.6515006e-11
-8.5195094e-09
5.8667729e-12
4.0341264e-08
3.056873e-08
-7.8110734e-12
3.0578536e-08
-1.5482985e-11
4.0353803e-08
-1.4440888e-11
-8.515629e-09
-2.7153355e-13
-6.2407556e-08
1.3889741e-11
-6.2409646e-08
1.516419e-11
-8.5207791e-09
7.7329793e-12
4.03487e-08
3.0576465e-08
-5.7221798e-12
3.0584265e-08
-1.6153266e-11
4.0364245e-08
-1.3694233e-11
-8.5180769e-09
-3.3524741e-13
-6.2420904e-08
1.3186307e-11
-6.2423157e-08
1.580636e-11
-8.5233882e-09
5.5738724e-12
4.0358943e-08
3.0582044e-08
-7.5123545e-12
3.059178e-08
-1.4810704e-11
4.0371548e-08
-1.3855599e-11
-8.5190275e-09
-2.9648647e-13
-6.2434459e-08
1.3263824e-11
-6.2436713e-08
1.4471734e-11
-8.5245915e-09
7.4307773e-12
4.0365989e-08
3.0589477e-08
-5.4327824e-12
3.0597219e-08
-1.546621e-11
4.0381593e-08
-1.3097899e-11
-8.5213847e-09
-3.4344337e-13
-6.2447202e-08
1.2577741e-11
-6.2449623e-08
1.5116038e-11
-8.5271189e-09
5.2863186e-12
4.0375829e-08
3.0594769e-08
-7.2092298e-12
3.0604431e-08
-1.4123474e-11
4.0388512e-08
-1.3244664e-11
-8.5222593e-09
-2.9059416e-13
-6.2460152e-08
1.2665146e-11
-6.2462575e-08
1.3795573e-11
-8.528245e-09
7.1334971e-12
4.0382496e-08
3.0601905e-08
-5.140046e-12
3.0609577e-08
-1.4767775e-11
4.0398151e-08
-1.2480804e-11
-8.5245351e-09
-3.2546569e-13
-6.2472297e-08
1.1993083e-11
-6.2474883e-08
1.4440604e-11
-8.5306817e-09
5.0031972e-12
4.0391943e-08
3.0606914e-08
-6.9042272e-12
3.0616484e-08
-1.3428193e-11
4.040468e-08
-1.2617748e-11
-8.5253416e-09
-2.6291876e-13
-6.2484648e-08
1.2087694e-11
-6.2487229e-08
1.3133041e-11
-8.5317228e-09
6.840603e-12
4.039824e-08
3.0613756e-08
-4.8464209e-12
3.0621337e-08
-1.406476e-11
4.0413909e-08
-1.1852215e-11
-8.5275431e-09
-2.8964321e-13
-6.24962e-08
1.1427234e-11
-6.2498936e-08
1.3778137e-11
-8.534063e-09
4.7241892e-12
4.0407304e-08
3.0618486e-08
-6.5997781e-12
3.0627939e-08
-1.2731416e-11
4.0420045e-08
-1.198365e-11
-8.528287e-09
-2.2101621e-13
-6.2507959e-08
1.1527237e-11
-6.251068e-08
1.248283e-11
-8.5350146e-09
6.5520656e-12
4.0413239e-08
3.062504e-08
-4.5542022e-12
3.0632499e-08
-1.3363457e-11
4.0428865e-08
-1.1220367e-11
-8.5304191e-09
-2.4276783e-13
-6.2518926e-08
1.0876751e-11
-6.2521789e-08
1.3127909e-11
-8.5372551e-09
4.4494119e-12
4.0421927e-08
3.0629495e-08
-6.2981048e-12
3.06388e-08
-1.2039071e-11
4.0434611e-08
-1.1350029e-11
-8.5311046e-09
-1.7092258e-13
-6.2530102e-08
1.0981059e-11
-6.2532938e-08
1.1844671e-11
-8.5381149e-09
6.2682115e-12
4.0427508e-08
3.0635765e-08
-4.2654495e-12
3.0643072e-08
-1.2669442e-11
4.0443025e-08
-1.0592302e-11
-8.5331708e-09
-1.9016316e-13
-6.2540493e-08
1.0339556e-11
-6.2543457e-08
1.2490074e-11
-8.5402548e-09
4.1792782e-12
4.0435829e-08
3.0639949e-08
-6.0011662e-12
3.0649075e-08
-1.1356327e-11
4.0448385e-08
-1.0723333e-11
-8.5338004e-09
-1.1728128e-13
-6.2551096e-08
1.0447649e-11
-6.2554019e-08
1.121903e-11
-8.5410226e-09
5.9895947e-12
4.0441062e-08
3.0645941e-08
-3.9819509e-12
3.0653063e-08
-1.1987504e-11
4.0456401e-08
-9.9738607e-12
-8.5358032e-09
-1.3584948e-13
-6.2560924e-08
9.8146229e-12
-6.2563959e-08
1.186538e-11
-8.5430628e-09
3.9143791e-12
4.0449023e-08
3.064986e-08
-5.7106362e-12
3.0658775e-08
-1.0687556e-11
4.0461382e-08
-1.0108833e-11
-8.5363788e-09
-6.3531738e-14
-6.2570966e-08
9.9264004e-12
-6.2573946e-08
1.0606846e-11
-8.5437399e-09
5.7168903e-12
4.0453917e-08
3.0655579e-08
-3.7052132e-12
3.0662487e-08
-1.1321634e-11
4.0469009e-08
-9.3697494e-12
-8.5383199e-09
-8.2745854e-14
-6.2580243e-08
9.3016907e-12
-6.258332e-08
1.1254928e-11
-8.5456827e-09
3.6553891e-12
4.0461526e-08
3.0659239e-08
-5.4279036e-12
3.0667917e-08
-1.0036351e-11
4.0473621e-08
-9.5107121e-12
-8.5388426e-09
-1.2116449e-14
-6.2589738e-08
9.4173388e-12
-6.2592746e-08
1.0009313e-11
-8.5462715e-09
5.450812e-12
4.0466088e-08
3.0664692e-08
-3.4364689e-12
3.0671359e-08
-1.067506e-11
4.048087e-08
-8.7836445e-12
-8.5407233e-09
-3.2874916e-14
-6.2598479e-08
8.8010113e-12
-6.260157e-08
1.0659982e-11
-8.5481201e-09
3.4029942e-12
4.0473354e-08
3.06681e-08
-5.1540844e-12
3.0676515e-08
-9.4055685e-12
4.0485125e-08
-8.9321844e-12
-8.5411939e-09
3.5322392e-14
-6.2607444e-08
8.9208943e-12
-6.2610453e-08
9.4277087e-12
-8.548624e-09
5.1920511e-12
4.0477594e-08
3.0673293e-08
-3.1766907e-12
3.0679698e-08
-1.00503e-11
4.0492009e-08
-8.2183157e-12
-8.5430153e-09
1.2451305e-14
-6.2615664e-08
8.3131471e-12
-6.2618743e-08
1.0081822e-11
-8.5503823e-09
3.1578397e-12
4.0484527e-08
3.0676456e-08
-4.89004e-12
3.068459e-08
-8.7973914e-12
4.049592e-08
-8.3756158e-12
-8.5434345e-09
7.7768814e-14
-6.2624115e-08
8.4377222e-12
-6.2627101e-08
8.8632745e-12
-8.5508051e-09
4.9412333e-12
4.0488452e-08
3.0681399e-08
-2.9266129e-12
3.0687523e-08
-9.4492328e-12
4.0502453e-08
-7.6757462e-12
-8.5451974e-09
5.2470156e-14
-6.2631833e-08
7.8388121e-12
-6.2634877e-08
9.5216374e-12
-8.5524777e-09
2.9204951e-12
4.0495063e-08
3.0684324e-08
-4.6363994e-12
3.069216e-08
-8.2133993e-12
4.0506033e-08
-7.8426424e-12
-8.5455659e-09
1.1468535e-13
-6.2639788e-08
7.9685655e-12
-6.2642729e-08
8.3171239e-12
-8.5528237e-09
4.6988915e-12
4.0498684e-08
3.0689025e-08
-2.6867522e-12
3.0694853e-08
-8.8731637e-12
4.0512229e-08
-7.1572471e-12
-8.5472713e-09
8.6833876e-14
-6.2647023e-08
7.3787557e-12
-6.2650011e-08
8.9804581e-12
-8.5544152e-09
2.6914325e-12
4.0504982e-08
3.0691721e-08
-4.3935826e-12
3.0699248e-08
-7.6546362e-12
4.0515494e-08
-7.3342807e-12
-8.5475895e-09
1.4589183e-13
-6.2654501e-08
7.5141561e-12
-6.2657377e-08
7.7901876e-12
-8.554689e-09
4.46545e-12
4.050831e-08
3.0696188e-08
-2.4574326e-12
3.0701712e-08
-8.3228951e-12
4.0521369e-08
-6.6635615e-12
-8.5492384e-09
1.1550091e-13
-6.266127e-08
6.9336786e-12
-6.2664185e-08
8.4591106e-12
-8.5562043e-09
2.4710155e-12
4.0514307e-08
3.0698664e-08
-4.1618245e-12
3.0705875e-08
-7.1216791e-12
4.0524332e-08
-6.8510265e-12
-8.5495072e-09
1.714675e-13
-6.266829e-08
7.0751458e-12
-6.2671087e-08
7.2831827e-12
-8.5564102e-09
4.2412187e-12
4.0517352e-08
3.0702906e-08
-2.238808e-12
3.070812e-08
-7.7987938e-12
4.0529902e-08
-6.1949588e-12
-8.5511006e-09
1.386482e-13
-6.2674614e-08
6.5041776e-12
-6.2677442e-08
7.9581969e-12
-8.5578542e-09
2.2594959e-12
4.052306e-08
3.070517e-08
-3.9411988e-12
3.0712062e-08
-6.6147028e-12
4.0532578e-08
-6.3929443e-12
-8.5513207e-09
1.9167364e-13
-6.2681197e-08
6.6520633e-12
-6.2683901e-08
6.796598e-12
-8.5579968e-09
4.0263926e-12
4.0525832e-08
3.0709198e-08
-2.0308851e-12
3.0714099e-08
-7.3008543e-12
4.0537858e-08
-5.7513185e-12
-8.5528599e-09
1.5660241e-13
-6.2687095e-08
6.0907127e-12
-6.2689825e-08
7.4780879e-12
-8.5593742e-09
2.0570159e-12
4.0531262e-08
3.071126e-08
-3.7316409e-12
3.0717831e-08
-6.1335417e-12
4.0540262e-08
-5.9597458e-12
-8.5530322e-09
2.0689245e-13
-6.269326e-08
6.2452885e-12
-6.2695862e-08
6.3306951e-12
-8.5594579e-09
3.8210573e-12
4.0533775e-08
3.0715082e-08
-1.8335457e-12
3.0719671e-08
-6.8287578e-12
4.0545267e-08
-5.3322035e-12
-8.5545186e-09
1.6978675e-13
-6.2698752e-08
5.6935874e-12
-6.2701376e-08
7.0189307e-12
-8.5607733e-09
1.8636146e-12
4.0538939e-08
3.071695e-08
-3.5329693e-12
3.0723204e-08
-5.6777455e-12
4.0547414e-08
-5.5508585e-12
-8.5546441e-09
2.175801e-13
-6.2704519e-08
5.855041e-12
-6.2707012e-08
5.885518e-12
-8.5608023e-09
3.6251966e-12
4.0541201e-08
3.0720576e-08
-1.6465664e-12
3.0724857e-08
-6.3819264e-12
4.0552159e-08
-4.9369248e-12
-8.556079e-09
1.7867868e-13
-6.2709625e-08
5.3129439e-12
-6.2712137e-08
6.5806601e-12
-8.5620602e-09
1.6792366e-12
4.0546111e-08
3.072226e-08
-3.3449053e-12
3.0728203e-08
-5.2466314e-12
4.0554063e-08
-5.1654876e-12
-8.556159e-09
2.2423045e-13
-6.2715014e-08
5.4813793e-12
-6.2717393e-08
5.4609084e-12
-8.5620384e-09
3.4387035e-12
4.0548136e-08
3.07257e-08
-1.469638e-12
3.0729678e-08
-5.9595732e-12
4.0558563e-08
-4.5645985e-12
-8.5575439e-09
1.8377936e-13
-6.2719753e-08
4.9487662e-12
-6.2722148e-08
6.1630186e-12
-8.5632429e-09
1.5037422e-12
4.0552804e-08
3.0727208e-08
-3.1670919e-12
3.0732846e-08
-4.8393302e-12
4.0560237e-08
-4.8026673e-12
-8.5575796e-09
2.2734801e-13
-6.2724782e-08
5.1242066e-12
-6.2727044e-08
5.0565266e-12
-8.5631741e-09
3.2613898e-12
4.0554601e-08
3.073047e-08
-1.3023819e-12
3.0734154e-08
-5.5607446e-12
4.0564505e-08
-4.214193e-12
-8.5589162e-09
1.8558983e-13
-6.2729172e-08
4.600888e-12
-6.273145e-08
5.7655767e-12
-8.5643291e-09
1.3369179e-12
4.0559038e-08
3.0731812e-08
-2.9991098e-12
3.0737154e-08
-4.4548273e-12
4.0565962e-08
-4.4613052e-12
-8.558909e-09
2.2742724e-13
-6.273386e-08
4.7832826e-12
-6.2736005e-08
4.6718731e-12
-8.5642167e-09
3.0929982e-12
4.0560619e-08
3.0734905e-08
-1.1443661e-12
3.0738304e-08
-5.1843607e-12
4.0570011e-08
-3.8845706e-12
-8.5601988e-09
1.8459346e-13
-6.273792e-08
4.2690056e-12
-6.274008e-08
5.3877563e-12
-8.5653259e-09
1.1784879e-12
4.0564836e-08
3.0736088e-08
-2.8404926e-12
3.0741145e-08
-4.0919994e-12
4.0571265e-08
-4.1402209e-12
-8.56015e-09
2.2493922e-13
-6.2742284e-08
4.4582365e-12
-6.2744313e-08
4.3063107e-12
-8.5651731e-09
2.9332138e-12
4.0566211e-08
3.0739022e-08
-9.9511785e-13
3.0742146e-08
-4.8292484e-12
4.0575108e-08
-3.5745224e-12
-8.5613949e-09
1.8124515e-13
-6.2746031e-08
3.9526931e-12
-6.2748075e-08
5.0288529e-12
-8.5662398e-09
1.0281243e-12
4.057022e-08
3.0740055e-08
-2.6907387e-12
3.0744837e-08
-3.7496449e-12
4.0576168e-08
-3.8381778e-12
-8.561306e-09
2.2032199e-13
-6.2750089e-08
4.1485829e-12
-6.2752002e-08
3.9590883e-12
-8.5660496e-09
2.7816732e-12
4.0571399e-08
3.0742837e-08
-8.5413584e-13
3.0745696e-08
-4.4941703e-12
4.0579818e-08
-3.2827968e-12
-8.5625076e-09
1.7596364e-13
-6.2753538e-08
3.6514181e-12
-6.2755469e-08
4.6880585e-12
-8.5670769e-09
8.8545667e-13
4.057521e-08
3.0743727e-08
-2.5493234e-12
3.0748246e-08
-3.4265116e-12
4.0580696e-08
-3.5539089e-12
-8.5623799e-09
2.1397442e-13
-6.2757306e-08
3.8537389e-12
-6.2759108e-08
3.6293612e-12
-8.566852e-09
2.637976e-12
4.0576203e-08
3.0746365e-08
-7.2090038e-13
3.0748973e-08
-4.1778499e-12
4.0584162e-08
-3.0081238e-12
-8.56354e-09
1.6912684e-13
-6.2760474e-08
3.3645589e-12
-6.2762294e-08
4.3644819e-12
-8.5678426e-09
7.5008246e-13
4.0579825e-08
3.074712e-08
-2.4157077e-12
3.0751388e-08
-3.1213189e-12
4.0584869e-08
-3.2861386e-12
-8.5633751e-09
2.0625327e-13
-6.2763966e-08
3.5730403e-12
-6.2765661e-08
3.3162116e-12
-8.5675854e-09
2.5016933e-12
4.0580641e-08
3.0749622e-08
-5.9488191e-13
3.0751989e-08
-3.8789926e-12
4.0588162e-08
-2.7492332e-12
-8.5644952e-09
1.610698e-13
-6.2766867e-08
3.0914199e-12
-6.2768582e-08
4.0571686e-12
-8.5685419e-09
6.2157462e-13
4.0584085e-08
3.0750248e-08
-2.2893472e-12
3.0754278e-08
-2.8327764e-12
4.0588706e-08
-3.0335997e-12
-8.5642945e-09
1.974724e-13
-6.2770098e-08
3.3057572e-12
-6.277169e-08
3.0186673e-12
-8.5682547e-09
2.3723759e-12
4.0584732e-08
3.075262e-08
-4.7554797e-13
3.0754759e-08
-3.5963022e-12
4.0591836e-08
-2.5048707e-12
-8.5653764e-09
1.5208529e-13
-6.2772746e-08
2.8312478e-12
-6.277436e-08
3.7651186e-12
-8.5691793e-09
4.994892e-13
4.0588006e-08
3.0753124e-08
-2.1696977e-12
3.0756929e-08
-2.5596003e-12
4.0592227e-08
-2.7950468e-12
-8.5651411e-09
1.8790392e-13
-6.2775729e-08
3.0511093e-12
-6.2777224e-08
2.7357191e-12
-8.568864e-09
2.2495609e-12
4.0588493e-08
3.0755374e-08
-3.623693e-13
3.0757297e-08
-3.3284962e-12
4.0595202e-08
-2.2738095e-12
-8.5661864e-09
1.4242503e-13
-6.2778136e-08
2.5832463e-12
-6.2779656e-08
3.4873023e-12
-8.5697589e-09
3.8337233e-13
4.0591605e-08
3.0755762e-08
-2.0562214e-12
3.0759353e-08
-2.3005256e-12
4.0595447e-08
-2.5692678e-12
-8.565918e-09
1.7777964e-13
-6.2780883e-08
2.8082809e-12
-6.2782286e-08
2.4663348e-12
-8.5694171e-09
2.13278e-12
4.0591939e-08
3.0757894e-08
-2.5482475e-13
3.0759613e-08
-3.0743163e-12
4.0598275e-08
-2.0548603e-12
-8.5669281e-09
1.3230187e-13
-6.2783062e-08
2.3465891e-12
-6.2784492e-08
3.222675e-12
-8.5702841e-09
2.7276636e-13
4.0594897e-08
3.0758172e-08
-1.9483915e-12
3.0761561e-08
-2.0543165e-12
4.0598381e-08
-2.3550907e-12
-8.5666278e-09
1.6729398e-13
-6.2785584e-08
2.5764325e-12
-6.2786901e-08
2.2094736e-12
-8.5699175e-09
2.0215629e-12
4.0595085e-08
3.0760193e-08
-1.5240574e-13
3.0761719e-08
-2.8325382e-12
4.060107e-08
-1.8468771e-12
-8.5676042e-09
1.2189317e-13
-6.2787544e-08
2.1204329e-12
-6.2788891e-08
2.9701895e-12
-8.5707582e-09
1.6721429e-13
4.0597896e-08
3.0760365e-08
-1.8456957e-12
3.0763564e-08
-1.8197749e-12
4.0601045e-08
-2.151391e-12
-8.5672732e-09
1.5660783e-13
-6.2789853e-08
2.3547139e-12
-6.279109e-08
1.9640974e-12
-8.5703681e-09
1.9154438e-12
4.0597945e-08
3.076228e-08
-5.4619154e-14
3.0763624e-08
-2.6019793e-12
4.0603601e-08
-1.6487634e-12
-8.5682172e-09
1.1134434e-13
-6.2791604e-08
1.9039286e-12
-6.2792873e-08
2.7288071e-12
-8.571184e-09
6.6265053e-14
4.0600615e-08
3.0762351e-08
-1.7476398e-12
3.0765372e-08
-1.5957471e-12
4.0603449e-08
-1.9570953e-12
-8.5678567e-09
1.4585154e-13
-6.2793708e-08
2.1422743e-12
-6.279487e-08
1.7291817e-12
-8.5707715e-09
1.8139653e-12
4.0600531e-08
3.0764164e-08
3.90097e-14
3.0765338e-08
-2.3815047e-12
4.0605878e-08
-1.4594758e-12
-8.5687695e-09
1.0077224e-13
-6.2795259e-08
1.6962316e-12
-6.2796457e-08
2.497508e-12
-8.5715639e-09
-3.0522826e-14
4.0603067e-08
3.0764138e-08
-1.6537493e-12
3.0766991e-08
-1.381129e-12
4.0605605e-08
-1.7711851e-12
-8.5683804e-09
1.3512917e-13
-6.2797166e-08
1.9382722e-12
-6.2798261e-08
1.5037247e-12
-8.5711301e-09
1.7166819e-12
4.0602854e-08
3.0765854e-08
1.2893498e-13
3.0766868e-08
-2.1700318e-12
4.0607913e-08
-1.2780268e-12
-8.5692633e-09
9.0269517e-14
-6.2798526e-08
1.4965108e-12
-6.2799659e-08
2.2753e-12
-8.5719001e-09
-1.2357758e-13
4.060526e-08
3.0765735e-08
-1.5635725e-12
3.076843e-08
-1.1748714e-12
4.0607524e-08
-1.5926992e-12
-8.5688465e-09
1.2452203e-13
-6.2800244e-08
1.7418851e-12
-6.2801277e-08
1.2867565e-12
-8.5714458e-09
1.6231637e-12
4.0604924e-08
3.0767358e-08
2.1558808e-13
3.076822e-08
-1.966535e-12
4.0609715e-08
-1.1034872e-12
-8.5697005e-09
7.9907817e-14
-6.2801419e-08
1.3039582e-12
-6.2802492e-08
2.0612269e-12
-8.5721944e-09
-2.1331097e-13
4.0607206e-08
3.0767149e-08
-1.4766817e-12
3.0769696e-08
-9.7598288e-13
4.0609214e-08
-1.4207358e-12
-8.569257e-09
1.140928e-13
-6.2802955e-08
1.5523172e-12
-6.2803932e-08
1.0773461e-12
-8.5717204e-09
1.5329995e-12
4.0606751e-08
3.0768681e-08
2.9937583e-13
3.0769402e-08
-1.7700489e-12
4.0611291e-08
-9.3498769e-13
-8.570083e-09
6.9742082e-14
-6.2803951e-08
1.1177966e-12
-6.2804971e-08
1.8543756e-12
-8.5724483e-09
-3.0011559e-13
4.0608913e-08
3.0768386e-08
-1.3926756e-12
3.0770794e-08
-7.8353384e-13
4.0610682e-08
-1.2544538e-12
-8.5696135e-09
1.038887e-13
-6.2805311e-08
1.368808e-12
-6.2806237e-08
8.7460911e-13
-8.5719552e-09
1.4457995e-12
4.0608341e-08
3.0769831e-08
3.8067902e-13
3.0770419e-08
-1.5796722e-12
4.0612651e-08
-7.7172017e-13
-8.5704125e-09
5.9813496e-14
-6.2806134e-08
9.3728761e-13
-6.2807106e-08
1.6538835e-12
-8.5726632e-09
-3.8436188e-13
4.0610387e-08
3.0769451e-08
-1.3111804e-12
3.0771729e-08
-5.9666004e-13
4.0611936e-08
-1.0930746e-12
-8.5699175e-09
9.394586e-14
-6.2807322e-08
1.1906397e-12
-6.2808204e-08
6.7771469e-13
-8.5721515e-09
1.361198e-12
4.0609703e-08
3.0770811e-08
4.598503e-13
3.0771274e-08
-1.3945707e-12
4.0613798e-08
-6.1293966e-13
-8.5706903e-09
5.0154003e-14
-6.2807977e-08
7.6173951e-13
-6.2808907e-08
1.4589456e-12
-8.5728401e-09
-4.6639512e-13
4.0611636e-08
3.0770349e-08
-1.2318516e-12
3.0772505e-08
-4.1456582e-13
4.061298e-08
-9.3588339e-13
-8.5701705e-09
8.4292191e-14
-6.2808998e-08
1.0171448e-12
-6.2809842e-08
4.8589298e-13
-8.5723102e-09
1.2788567e-12
4.0610843e-08
3.0771627e-08
5.3721311e-13
3.0771973e-08
-1.213981e-12
4.061474e-08
-4.5796592e-13
-8.5709177e-09
4.0789479e-14
-6.2809489e-08
5.9051373e-13
-6.2810383e-08
1.2688216e-12
-8.57298e-09
-5.4653297e-13
4.0612665e-08
3.0771085e-08
-1.154376e-12
3.0773126e-08
-2.3652773e-13
4.0613821e-08
-7.8223134e-13
-8.5703737e-09
7.495176e-14
-6.2810347e-08
8.4771391e-13
-6.2811157e-08
2.9844163e-13
-8.5724322e-09
1.1984666e-12
4.0611765e-08
3.0772283e-08
6.1305929e-13
3.0772519e-08
-1.0372146e-12
4.061548e-08
-3.0618515e-13
-8.571096e-09
3.17427e-14
-6.2810677e-08
4.230349e-13
-6.281154e-08
1.0828425e-12
-8.5730836e-09
-6.2506269e-13
4.061348e-08
3.0771662e-08
-1.0784731e-12
3.0773596e-08
-6.1898603e-14
4.0614462e-08
-6.3153742e-13
-8.5705282e-09
6.5946847e-14
-6.2811376e-08
6.8180386e-13
-6.2812158e-08
1.1473322e-13
-8.5725181e-09
1.1197519e-12
4.0612474e-08
3.0772781e-08
6.8764691e-13
3.0772913e-08
-8.6366114e-13
4.0616021e-08
-1.5705225e-13
-8.571226e-09
2.3036972e-14
-6.2811548e-08
2.5879647e-13
-6.2812385e-08
9.0041899e-13
-8.5731513e-09
-7.0223742e-13
4.0614084e-08
3.0772083e-08
-1.003898e-12
3.0773916e-08
1.0988824e-13
4.0614907e-08
-4.8329059e-13
-8.5706348e-09
5.730262e-14
-6.281209e-08
5.1894509e-13
-6.2812849e-08
-6.5776285e-14
-8.5725683e-09
1.0424725e-12
4.0612975e-08
3.0773124e-08
7.6119864e-13
3.077316e-08
-6.9279357e-13
4.0616369e-08
-1.0093442e-14
-8.5713088e-09
1.4700011e-14
-6.2812107e-08
9.7370625e-14
-6.2812923e-08
7.2104864e-13
-8.5731836e-09
-7.7827376e-13
4.0614482e-08
3.077235e-08
-9.3044278e-13
3.0774089e-08
2.7931462e-13
4.0615158e-08
-3.3705257e-13
-8.5706945e-09
4.9050002e-14
-6.2812495e-08
3.5875124e-13
-6.2813235e-08
-2.4354051e-13
-8.5725831e-09
9.6642692e-13
4.0613271e-08
3.0773316e-08
8.3389878e-13
3.0773261e-08
-5.2417251e-13
4.0616524e-08
1.3509091e-13
-8.5713451e-09
6.7671112e-15
-6.2812358e-08
-6.1583379e-14
-6.2813158e-08
5.4432442e-13
-8.5731807e-09
-8.5334816e-13
4.0614676e-08
3.0772466e-08
-8.5793909e-13
3.0774117e-08
4.4677188e-13
4.0615218e-08
-1.9246107e-13
-8.570708e-09
4.1229341e-14
-6.2812594e-08
2.0092758e-13
-6.281332e-08
-4.189132e-13
-8.5725628e-09
8.9145657e-13
4.0613364e-08
3.0773357e-08
9.0589149e-13
3.0773216e-08
-3.5745174e-13
4.0616489e-08
2.7882386e-13
-8.5713357e-09
-7.1552175e-16
-6.2812306e-08
-2.1830975e-13
-6.2813094e-08
3.6994336e-13
-8.5731428e-09
-9.2759288e-13
4.0614669e-08
3.0772433e-08
-7.8626053e-13
3.0774001e-08
6.1255627e-13
4.0615089e-08
-4.9231807e-14
-8.5706761e-09
3.3894501e-14
-6.2812391e-08
4.5280466e-14
-6.2813107e-08
-5.9213994e-13
-8.5725073e-09
8.1744859e-13
4.0613258e-08
3.077325e-08
9.772773e-13
3.0773029e-08
-1.9238257e-13
4.0616267e-08
4.2134874e-13
-8.5712813e-09
-7.6860405e-15
-6.2811954e-08
-3.7294715e-13
-6.2812734e-08
1.9771613e-13
-8.5730698e-09
-1.0010928e-12
4.0614464e-08
3.0772253e-08
-7.1532558e-13
3.0773743e-08
7.7686403e-13
4.0614773e-08
9.2838289e-14
-8.5705996e-09
2.7116779e-14
-6.281189e-08
-1.0827315e-13
-6.2812601e-08
-7.6334809e-13
-8.5724168e-09
7.4433997e-13
4.0612956e-08
3.0772996e-08
1.0481112e-12
3.07727e-08
-2.8819236e-14
4.0615858e-08
5.628265e-13
-8.5711827e-09
-1.4062721e-14
-6.2811305e-08
-5.2551852e-13
-6.2812081e-08
2.7575556e-14
-8.5729617e-09
-1.0738816e-12
4.0614064e-08
3.0771926e-08
-6.4509954e-13
3.0773344e-08
9.3978625e-13
4.0614272e-08
2.3386862e-13
-8.5704792e-09
2.0989508e-14
-6.2811095e-08
-2.5969543e-13
-6.2811803e-08
-9.3253827e-13
-8.572291e-09
6.7212092e-13
4.0612458e-08
3.0772597e-08
1.1184001e-12
3.077223e-08
1.3327665e-13
4.0615265e-08
7.0333413e-13
-8.5710408e-09
-1.9740521e-14
-6.2810364e-08
-6.7592091e-13
-6.2811138e-08
-1.4041412e-13
-8.5728184e-09
-1.145937e-12
4.0613471e-08
3.0771455e-08
-5.7559613e-13
3.0772804e-08
1.1013047e-12
4.0613586e-08
3.7389427e-13
-8.5703159e-09
1.5632163e-14
-6.2810008e-08
-4.088184e-13
-6.2810716e-08
-1.0995753e-12
-8.5721299e-09
6.0083881e-13
4.0611769e-08
3.0772055e-08
1.1881011e-12
3.0771621e-08
2.9383347e-13
4.0614488e-08
8.4286387e-13
-8.5708565e-09
-2.4584761e-14
-6.2809132e-08
-8.2391672e-13
-6.2809909e-08
-3.060487e-13
-8.5726396e-09
-1.2171788e-12
4.0612687e-08
3.0770842e-08
-5.0687967e-13
3.0772126e-08
1.2612902e-12
4.0612718e-08
5.1286562e-13
-8.5701107e-09
1.1196843e-14
-6.2808633e-08
-5.5533496e-13
-6.2809345e-08
-1.2641802e-12
-8.5719331e-09
5.3060091e-13
4.0610891e-08
3.0771371e-08
1.2571196e-12
3.0770874e-08
4.5266768e-13
4.061353e-08
9.8132403e-13
-8.5706309e-09
-2.8425954e-14
-6.2807615e-08
-9.6912464e-13
-6.2808396e-08
-4.6897677e-13
-8.5724252e-09
-1.2874643e-12
4.0611716e-08
3.0770088e-08
-4.3906531e-13
3.0771312e-08
1.4195016e-12
4.061167e-08
6.5065023e-13
-8.5698647e-09
7.8733869e-15
-6.2806975e-08
-6.9879043e-13
-6.2807692e-08
-1.4259231e-12
-8.5717005e-09
4.6157715e-13
4.0609827e-08
3.0770548e-08
1.3253098e-12
3.0769991e-08
6.0948455e-13
4.0612394e-08
1.1185427e-12
-8.5703654e-09
-3.1053421e-14
-6.2805817e-08
-1.1110128e-12
-6.2806604e-08
-6.28694e-13
-8.5721748e-09
-1.3565869e-12
4.0610562e-08
3.0769196e-08
-3.7231874e-13
3.0770362e-08
1.5755877e-12
4.0610444e-08
7.8703882e-13
-8.5695796e-09
5.8960765e-15
-6.2805038e-08
-8.3857683e-13
-6.2805762e-08
-1.5842197e-12
-8.5714316e-09
3.9400133e-13
4.0608583e-08
3.0769588e-08
1.3924755e-12
3.0768974e-08
7.6388369e-13
4.061108e-08
1.2542743e-12
-8.5700617e-09
-3.2208933e-14
-6.2803744e-08
-1.248893e-12
-6.2804537e-08
-7.845411e-13
-8.571888e-09
-1.424275e-12
4.0609229e-08
3.0768168e-08
-3.0685265e-13
3.076928e-08
1.7290952e-12
4.0609043e-08
9.2175366e-13
-8.5692571e-09
5.550608e-15
-6.280283e-08
-9.7392958e-13
-6.280356e-08
-1.7383297e-12
-8.5711261e-09
3.2817171e-13
4.0607161e-08
3.0768495e-08
1.4583734e-12
3.0767826e-08
9.1536741e-13
4.0609593e-08
1.3882112e-12
-8.5697217e-09
-3.1579614e-14
-6.2801403e-08
-1.3819206e-12
-6.2802202e-08
-9.3570456e-13
-8.5715643e-09
-1.4901918e-12
4.0607722e-08
3.0767009e-08
-2.4292339e-13
3.0768067e-08
1.8794796e-12
4.0607469e-08
1.0544623e-12
-8.5688995e-09
7.1810046e-15
-6.2800358e-08
-1.1039286e-12
-6.2801094e-08
-1.8873609e-12
-8.5707835e-09
2.6444921e-13
4.0605569e-08
3.0767272e-08
1.5227189e-12
3.0766549e-08
1.0633565e-12
4.0607936e-08
1.5199999e-12
-8.5693479e-09
-2.8789951e-14
-6.2798802e-08
-1.5090976e-12
-6.2799606e-08
-1.0812238e-12
-8.5712035e-09
-1.5539386e-12
4.0606048e-08
3.0765722e-08
-1.8082229e-13
3.0766729e-08
2.0261247e-12
4.0605727e-08
1.1847974e-12
-8.5685095e-09
1.1197538e-14
-6.2797631e-08
-1.2275047e-12
-6.279837e-08
-2.0302796e-12
-8.5704034e-09
2.0325208e-13
4.0603813e-08
3.0765924e-08
1.5851956e-12
3.0765148e-08
1.2072136e-12
4.0606112e-08
1.6492638e-12
-8.5689433e-09
-2.3395561e-14
-6.279595e-08
-1.629283e-12
-6.2796756e-08
-1.2200063e-12
-8.5708047e-09
-1.6150612e-12
4.0604215e-08
3.0764313e-08
-1.2086419e-13
3.0765267e-08
2.1683702e-12
4.0603821e-08
1.3123838e-12
-8.5680903e-09
1.8082149e-14
-6.2794659e-08
-1.3434557e-12
-6.2795397e-08
-2.1659303e-12
-8.569985e-09
1.450479e-13
4.0601902e-08
3.0764456e-08
1.6454687e-12
3.0763627e-08
1.3462757e-12
4.0604128e-08
1.7756345e-12
-8.5685115e-09
-1.4877382e-14
-6.279286e-08
-1.741214e-12
-6.2793663e-08
-1.3508527e-12
-8.5703675e-09
-1.6730591e-12
4.0602231e-08
3.0762787e-08
-6.3371868e-14
3.0763688e-08
2.3055487e-12
4.0601757e-08
1.4368727e-12
-8.5676459e-09
2.839311e-14
-6.2791455e-08
-1.4504733e-12
-6.2792187e-08
-2.2930666e-12
-8.5695277e-09
9.0340961e-14
4.0599846e-08
3.0762876e-08
1.703203e-12
3.076199e-08
1.4798975e-12
4.0601987e-08
1.8987901e-12
-8.5680566e-09
-2.6401877e-15
-6.2789545e-08
-1.8435409e-12
-6.2790338e-08
-1.472495e-12
-8.5698909e-09
-1.7274019e-12
4.0600107e-08
3.0761153e-08
-8.6534434e-15
3.0761997e-08
2.4370357e-12
4.059954e-08
1.5579855e-12
-8.5671807e-09
4.2763295e-14
-6.2788033e-08
-1.5471861e-12
-6.2788751e-08
-2.4103986e-12
-8.5690305e-09
3.9652439e-14
4.0597656e-08
3.0761191e-08
1.7580882e-12
3.0760243e-08
1.6075067e-12
4.0599698e-08
2.0185016e-12
-8.5675835e-09
1.3982889e-14
-6.2786021e-08
-1.9348793e-12
-6.2786795e-08
-1.5836549e-12
-8.5693739e-09
-1.7775521e-12
4.0597856e-08
3.0759417e-08
4.3024724e-14
3.0760198e-08
2.5623107e-12
4.0597176e-08
1.6755628e-12
-8.5666999e-09
6.189082e-14
-6.278441e-08
-1.6322252e-12
-6.2785103e-08
-2.5166613e-12
-8.5684924e-09
-6.5075121e-15
4.0595344e-08
3.0759409e-08
1.8098684e-12
3.0758393e-08
1.7286736e-12
4.0597265e-08
2.1346864e-12
-8.5670978e-09
3.5713753e-14
-6.2782303e-08
-2.0138909e-12
-6.2783046e-08
-1.6831238e-12
-8.5688154e-09
-1.8229979e-12
4.0595491e-08
3.075759e-08
9.1472752e-14
3.07583e-08
2.6810331e-12
4.0594673e-08
1.7896202e-12
-8.5662096e-09
8.6513922e-14
-6.2780603e-08
-1.7043208e-12
-6.2781258e-08
-2.6107101e-12
-8.567912e-09
-4.7678034e-14
4.0592926e-08
3.0757541e-08
1.8583819e-12
3.0756446e-08
1.843192e-12
4.0594695e-08
2.2474633e-12
-8.5666057e-09
6.3293933e-14
-6.2778411e-08
-2.079399e-12
-6.2779108e-08
-1.769876e-12
-8.5682137e-09
-1.8632972e-12
4.0593026e-08
3.0755681e-08
1.3661916e-13
3.0756308e-08
2.7931282e-12
4.0592037e-08
1.9004039e-12
-8.5657163e-09
1.1736127e-13
-6.2776631e-08
-1.7624394e-12
-6.2777231e-08
-2.6916525e-12
-8.5672875e-09
-8.3499689e-14
4.0590416e-08
3.0755596e-08
1.9036039e-12
3.0754409e-08
1.9511706e-12
4.0591996e-08
2.3572063e-12
-8.5661142e-09
9.7418435e-14
-6.2774364e-08
-2.1305504e-12
-6.2774995e-08
-1.8432225e-12
-8.5675671e-09
-1.8981382e-12
4.0590477e-08
3.0753702e-08
1.7855792e-13
3.0754228e-08
2.898883e-12
4.0589274e-08
2.0084378e-12
-8.5652272e-09
1.5506764e-13
-6.2772514e-08
-1.8059762e-12
-6.2773037e-08
-2.7590258e-12
-8.5666171e-09
-1.1378474e-13
4.058783e-08
3.0753587e-08
1.9456976e-12
3.0752287e-08
2.0531308e-12
4.0589174e-08
2.4645842e-12
-8.5656305e-09
1.3862801e-13
-6.277018e-08
-2.1670413e-12
-6.2770724e-08
-1.9030149e-12
-8.5668734e-09
-1.9274199e-12
4.0587861e-08
3.0751663e-08
2.1760068e-13
3.0752068e-08
2.9990436e-12
4.058639e-08
2.1145547e-12
-8.5647495e-09
2.0003706e-13
-6.2768269e-08
-1.8350169e-12
-6.2768692e-08
-2.8130306e-12
-8.5658985e-09
-1.3860848e-13
4.0585184e-08
3.0751523e-08
1.9850678e-12
3.0750087e-08
2.1501027e-12
4.0586232e-08
2.5705766e-12
-8.5651618e-09
1.871406e-13
-6.2765878e-08
-2.1894206e-12
-6.2766308e-08
-1.9499117e-12
-8.5661303e-09
-1.9513566e-12
4.0585192e-08
3.0749575e-08
2.5433074e-13
3.0749831e-08
3.0949083e-12
4.0583389e-08
2.2198916e-12
-8.5642903e-09
2.5223905e-13
-6.2763913e-08
-1.8506862e-12
-6.2764208e-08
-2.8548329e-12
-8.5651293e-09
-1.5842724e-13
4.0582494e-08
3.0749415e-08
2.0224142e-12
3.0747813e-08
2.2437108e-12
4.0583175e-08
2.6764477e-12
-8.564715e-09
2.4260664e-13
-6.2761472e-08
-2.1994848e-12
-6.2761759e-08
-1.9857173e-12
-8.5653354e-09
-1.9706091e-12
4.0582485e-08
3.0747449e-08
2.8965365e-13
3.0747522e-08
3.1884027e-12
4.0580274e-08
2.3258379e-12
-8.5638559e-09
3.1092013e-13
-6.275946e-08
-1.8555929e-12
-6.2759595e-08
-2.8869406e-12
-8.5643072e-09
-1.7422501e-13
4.057977e-08
3.0747273e-08
2.0587793e-12
3.0745468e-08
2.3362336e-12
4.0580003e-08
2.7836644e-12
-8.5642953e-09
3.037749e-13
-6.2756972e-08
-2.2007753e-12
-6.2757083e-08
-2.0137965e-12
-8.5644865e-09
-1.9864485e-12
4.0579749e-08
3.074529e-08
3.2483988e-13
3.0745141e-08
3.2821216e-12
4.0577044e-08
2.4339196e-12
-8.5634507e-09
3.74223e-13
-6.2754916e-08
-1.8543751e-12
-6.2754858e-08
-2.9136546e-12
-8.5634305e-09
-1.8769018e-13
4.0577021e-08
3.0745101e-08
2.0955856e-12
3.074305e-08
2.4306261e-12
4.0576716e-08
2.8937453e-12
-8.5639057e-09
3.680664e-13
-6.2752383e-08
-2.1991656e-12
-6.2752283e-08
-2.0395577e-12
-8.5635825e-09
-2.0009458e-12
4.0576989e-08
3.0743104e-08
3.6155217e-13
3.0742686e-08
3.3793301e-12
4.0573695e-08
2.5456113e-12
-8.5630756e-09
4.3872286e-13
-6.2750279e-08
-1.8543234e-12
-6.2749993e-08
-2.941578e-12
-8.5624985e-09
-2.0141562e-13
4.0574247e-08
3.0742901e-08
2.1346533e-12
3.0740556e-08
2.530493e-12
4.0573307e-08
3.0080417e-12
-8.5635452e-09
4.3108106e-13
-6.2747695e-08
-2.2035063e-12
-6.2747351e-08
-2.070976e-12
-8.5626234e-09
-2.0171803e-12
4.0574199e-08
3.0740887e-08
4.018504e-13
3.0740152e-08
3.483912e-12
4.0570222e-08
2.6620903e-12
-8.562727e-09
4.9892e-13
-6.2745535e-08
-1.8660276e-12
-6.274499e-08
-2.9801364e-12
-8.5615127e-09
-2.1910718e-13
4.0571436e-08
3.0740666e-08
2.178195e-12
3.0737979e-08
2.6400107e-12
4.0569767e-08
3.1274749e-12
-8.5632065e-09
4.8609708e-13
-6.2742886e-08
-2.2262439e-12
-6.274227e-08
-2.1190895e-12
-8.5616121e-09
-2.0394433e-12
4.0571363e-08
3.0738631e-08
4.4817295e-13
3.0737528e-08
3.6002713e-12
4.0566613e-08
2.7839696e-12
-8.5623939e-09
5.4677893e-13
-6.2740652e-08
-1.903931e-12
-6.2739822e-08
-3.0420247e-12
-8.5604775e-09
-2.4576966e-13
4.0568564e-08
3.0738383e-08
2.2287852e-12
3.0735304e-08
2.7638132e-12
4.0566085e-08
3.2522905e-12
-8.5628743e-09
5.2368606e-13
-6.2737916e-08
-2.283865e-12
-6.2737007e-08
-2.1983607e-12
-8.5605553e-09
-2.0733961e-12
4.0568446e-08
3.0736314e-08
5.0329204e-13
3.0734799e-08
3.7332142e-12
4.0562852e-08
2.9110988e-12
-8.562056e-09
5.7147171e-13
-6.273558e-08
-1.9866093e-12
-6.2734453e-08
-3.1434395e-12
-8.5594019e-09
-2.8781767e-13
4.0565588e-08
3.0736024e-08
2.2893081e-12
3.0732514e-08
2.9068792e-12
4.0562242e-08
3.3819463e-12
-8.562523e-09
5.3164086e-13
-6.2732722e-08
-2.3969375e-12
-6.2731516e-08
-2.3267288e-12
-8.5594645e-09
-2.126118e-12
4.0565394e-08
3.0733902e-08
5.7025597e-13
3.0731941e-08
3.8878643e-12
4.0558921e-08
3.0425745e-12
-8.5616815e-09
5.5956369e-13
-6.2730242e-08
-2.1364984e-12
-6.2728824e-08
-3.3038926e-12
-8.5583006e-09
-3.5303423e-13
4.056244e-08
3.0733547e-08
2.3629024e-12
3.0729583e-08
3.0744903e-12
4.0558217e-08
3.5152991e-12
-8.5621143e-09
4.9549443e-13
-6.2727215e-08
-2.5894358e-12
-6.2725731e-08
-2.5251158e-12
-8.5583573e-09
-2.2059554e-12
4.0562128e-08
3.0731345e-08
6.523349e-13
3.0728929e-08
4.0696947e-12
4.0554797e-08
3.1771553e-12
-8.5612256e-09
4.9595423e-13
-6.2724537e-08
-2.3787211e-12
-6.272286e-08
-3.5453394e-12
-8.5571942e-09
-4.5027283e-13
4.055903e-08
3.0730893e-08
2.4529255e-12
3.072648e-08
3.2723563e-12
4.0553984e-08
3.6513104e-12
-8.5615965e-09
3.9996322e-13
-6.2721278e-08
-2.8869713e-12
-6.2719566e-08
-2.8160978e-12
-8.5572574e-09
-2.3220576e-12
4.0558542e-08
3.0728575e-08
7.5299721e-13
3.0725725e-08
4.2847796e-12
4.055045e-08
3.3142994e-12
-8.5606299e-09
3.6591127e-13
-6.2718334e-08
-2.7386273e-12
-6.2716465e-08
-3.8903267e-12
-8.5561092e-09
-5.8878187e-13
4.0555239e-08
3.0727984e-08
2.5629669e-12
3.0723167e-08
3.506995e-12
4.0549513e-08
3.790472e-12
-8.5609054e-09
2.3163841e-13
-6.2714767e-08
-3.3135619e-12
-6.2712912e-08
-3.2214501e-12
-8.5561937e-09
-2.483485e-12
4.0554507e-08
3.0725504e-08
8.7593022e-13
3.0722289e-08
4.5403337e-12
4.0545846e-08
3.4559861e-12
-8.5598249e-09
1.5846855e-13
-6.2711473e-08
-3.2377253e-12
-6.2709519e-08
-4.3588987e-12
-8.555076e-09
-7.7703166e-13
4.0550923e-08
3.0724726e-08
2.6969212e-12
3.0719596e-08
3.7863883e-12
4.0544764e-08
3.9370307e-12
-8.5599675e-09
-1.6911571e-14
-6.2707512e-08
-3.8867138e-12
-6.2705642e-08
-3.7583493e-12
-8.5551967e-09
-2.697788e-12
4.0549869e-08
3.0722032e-08
1.0250735e-12
3.0718569e-08
4.8454849e-12
4.054094e-08
3.6092544e-12
-8.5587351e-09
-1.2881705e-13
-6.2703777e-08
-3.8879172e-12
-6.2701886e-08
-4.9641355e-12
-8.5541241e-09
-1.0209539e-12
4.0545923e-08
3.0721009e-08
2.8590564e-12
3.0715715e-08
4.1207091e-12
4.0539686e-08
4.1017469e-12
-8.5587081e-09
-3.4186207e-13
-6.2699326e-08
-4.6109335e-12
-6.269761e-08
-4.4342133e-12
-8.5542931e-09
-2.9690208e-12
4.0544464e-08
3.0718044e-08
1.2045013e-12
3.0714508e-08
5.2118882e-12
4.0535676e-08
3.7889029e-12
-8.557289e-09
-4.8429616e-13
-6.2695056e-08
-4.6844043e-12
-6.2693413e-08
-5.7064667e-12
-8.5532746e-09
-1.3215706e-12
4.0540077e-08
3.071672e-08
3.0538277e-12
3.0711459e-08
4.5224381e-12
4.0534214e-08
4.3042494e-12
-8.5570627e-09
-7.2262742e-13
-6.2690022e-08
-5.4703622e-12
-6.2688658e-08
-5.2404666e-12
-8.5534967e-09
-3.2952316e-12
4.0538138e-08
3.0713429e-08
1.4176989e-12
3.0710039e-08
5.653144e-12
4.0529976e-08
4.0188942e-12
-8.5554323e-09
-8.7728814e-13
-6.2685129e-08
-5.5983052e-12
-6.268394e-08
-6.567236e-12
-8.5525314e-09
-1.6720459e-12
4.0533241e-08
3.0711755e-08
3.2847894e-12
3.0706759e-08
5.0042993e-12
4.0528264e-08
4.5729178e-12
-8.5549928e-09
-1.1181351e-12
-6.267943e-08
-6.4219609e-12
-6.2678629e-08
-6.1458291e-12
-8.5527997e-09
-3.6655054e-12
4.0530767e-08
3.0708094e-08
1.6652309e-12
3.0705091e-08
6.1808204e-12
4.0523745e-08
4.3296575e-12
-8.5531455e-09
-1.256392e-12
-6.2673848e-08
-6.5707496e-12
-6.2673318e-08
-7.5022093e-12
-8.5518718e-09
-2.0541477e-12
4.0525316e-08
3.0706038e-08
3.5512171e-12
3.0701545e-08
5.572017e-12
4.0521732e-08
4.9386705e-12
-8.5525039e-09
-1.468108e-12
-6.2667433e-08
-7.3912768e-12
-6.2667387e-08
-7.0897499e-12
-8.5521654e-09
-4.056442e-12
4.052229e-08
3.0701985e-08
1.9388716e-12
3.0699604e-08
6.7931967e-12
4.0516875e-08
4.7468255e-12
-8.5504614e-09
-1.5547956e-12
-6.2661135e-08
-7.5105921e-12
-6.2661435e-08
-8.4354167e-12
-8.5512441e-09
-2.433733e-12
4.0516286e-08
3.069955e-08
3.8398833e-12
3.0695769e-08
6.2071247e-12
4.0514515e-08
5.4174798e-12
-8.5496634e-09
-1.7034262e-12
-6.2654007e-08
-8.2728319e-12
-6.2654858e-08
-7.9759565e-12
-8.551533e-09
-4.4272717e-12
4.0512744e-08
3.0695126e-08
2.2090924e-12
3.0693557e-08
7.45119e-12
4.050927e-08
5.2659865e-12
-8.547482e-09
-1.7066313e-12
-6.2647037e-08
-8.2975435e-12
-6.264827e-08
-9.2526275e-12
-8.5505814e-09
-2.7540124e-12
4.0506243e-08
3.0692371e-08
4.1082277e-12
3.0689454e-08
6.834348e-12
4.0506552e-08
5.9767082e-12
-8.546616e-09
-1.7690614e-12
-6.2639284e-08
-8.9364886e-12
-6.2641095e-08
-8.6650011e-12
-8.5508448e-09
-4.7116029e-12
4.0502296e-08
3.0687663e-08
2.4024626e-12
3.0687049e-08
8.0371442e-12
4.0500914e-08
5.8108583e-12
-8.5443934e-09
-1.6765507e-12
-6.26318e-08
-8.7921742e-12
-6.2633982e-08
-9.7931501e-12
-8.5498472e-09
-2.9245145e-12
4.0495425e-08
3.0684737e-08
4.2560754e-12
3.0682798e-08
7.2736172e-12
4.0497904e-08
6.4875513e-12
-8.5435988e-09
-1.6594953e-12
-6.2623645e-08
-9.2421727e-12
-6.2626392e-08
-8.9664892e-12
-8.5501147e-09
-4.8035346e-12
4.0491269e-08
3.0679938e-08
2.3699542e-12
3.0680426e-08
8.3049602e-12
4.0491967e-08
6.1870387e-12
-8.5414844e-09
-1.4990098e-12
-6.2615962e-08
-8.8591636e-12
-6.2619035e-08
-9.8453457e-12
-8.5491318e-09
-2.8060745e-12
4.0484228e-08
3.067713e-08
4.092713e-12
3.0676338e-08
7.2024239e-12
4.0488865e-08
6.6921794e-12
-8.5409655e-09
-1.4586731e-12
-6.2607803e-08
-9.0778238e-12
-6.2611407e-08
-8.6485704e-12
-8.5495527e-09
-4.5424581e-12
4.0480129e-08
3.0672592e-08
1.8665045e-12
3.067447e-08
7.8753087e-12
4.0482854e-08
6.0873704e-12
-8.539181e-09
-1.3136922e-12
-6.2600405e-08
-8.4362615e-12
-6.2604288e-08
-9.1848843e-12
-8.5488072e-09
-2.2073543e-12
4.047315e-08
3.0670383e-08
3.3394022e-12
3.0671135e-08
6.2285979e-12
4.0479973e-08
6.2828128e-12
-8.5392264e-09
-1.364205e-12
-6.2592749e-08
-8.4822787e-12
-6.2597162e-08
-7.5423907e-12
-8.5497385e-09
-3.7289265e-12
4.0469343e-08
3.0666658e-08
6.1498812e-13
3.0670518e-08
6.4432085e-12
4.0474142e-08
5.3055845e-12
-8.5380921e-09
-1.369872e-12
-6.2586077e-08
-7.7580206e-12
-6.2590776e-08
-7.7925766e-12
-8.5497069e-09
-9.5527565e-13
4.0462504e-08
3.0665702e-08
1.7859818e-12
3.0668738e-08
4.3342988e-12
4.0471602e-08
5.328069e-12
-8.5390768e-09
-1.6631298e-12
-6.2579077e-08
-8.0307519e-12
-6.25844e-08
-5.9647683e-12
-8.5517642e-09
-2.2765939e-12
4.0458823e-08
3.0663429e-08
-1.3677204e-12
3.0670103e-08
4.5773945e-12
4.0465655e-08
4.4898409e-12
-8.5389924e-09
-1.9636568e-12
-6.2572627e-08
-8.0018737e-12
-6.2578365e-08
-6.5888954e-12
-8.5531799e-09
7.9879772e-13
4.0451434e-08
3.0664227e-08
-1.4828142e-13
3.0670257e-08
3.2026056e-12
4.0462312e-08
5.4838243e-12
-8.5412644e-09
-2.623436e-12
-6.256451e-08
-9.8563303e-12
-6.2571123e-08
-5.927359e-12
-8.5571e-09
-7.3383504e-13
4.0446248e-08
3.0663497e-08
-2.8668219e-12
3.0673122e-08
5.7505588e-12
4.0453693e-08
6.9640854e-12
-8.5424809e-09
-3.2788699e-12
-6.255427e-08
-1.2831031e-11
-6.2561574e-08
-9.2875269e-12
-8.5606461e-09
1.7363004e-12
4.0435223e-08
3.0665232e-08
-7.7885395e-14
3.0673205e-08
9.1366077e-12
4.0444487e-08
1.2560962e-11
-8.5458958e-09
-4.2859652e-12
-6.2537414e-08
-1.9852494e-11
-6.2545998e-08
-1.382084e-11
-8.5666686e-09
-1.5369494e-12
4.0422947e-08
3.06637e-08
3.7583414e-13
3.0672828e-08
2.027584e-11
4.0424585e-08
2.2127884e-11
-8.5477508e-09
-5.1410709e-12
-6.2510148e-08
-3.1359857e-11
-6.2519782e-08
-2.6049893e-11
-8.5719812e-09
-2.3709625e-12
4.0399267e-08
3.0661328e-08
8.7399622e-12
3.0664093e-08
3.800767e-11
4.0395326e-08
4.0734751e-11
-8.5504684e-09
-6.201408e-12
-6.2463203e-08
-5.1418783e-11
-6.2474555e-08
-4.5055129e-11
-8.5783356e-09
-1.1286447e-11
4.0365506e-08
3.0650046e-08
1.8492937e-11
3.0645599e-08
7.1070523e-11
4.0342747e-08
7.0250248e-11
-8.549651e-09
-6.7739113e-12
-6.2386181e-08
-8.2508642e-11
-6.2398823e-08
-7.8955307e-11
-8.5818914e-09
-2.1378316e-11
4.0307927e-08
3.0628666e-08
4.048723e-11
3.0605117e-08
1.2127079e-10
4.0261972e-08
1.1744717e-10
-8.5458179e-09
-7.2469375e-12
-6.2261478e-08
-1.3003598e-10
-6.2276025e-08
-1.2984203e-10
-8.5820762e-09
-4.373478e-11
4.0221828e-08
3.0584936e-08
7.0345175e-11
3.053477e-08
1.990076e-10
4.0133307e-08
1.8662818e-10
-8.5334416e-09
-6.7361064e-12
-6.2068116e-08
-1.9903331e-10
-6.2083731e-08
-2.0725038e-10
-8.5738618e-09
-7.3569581e-11
4.0088146e-08
3.0511365e-08
1.1879792e-10
3.0415978e-08
3.0919944e-10
3.9942914e-08
2.8562842e-10
-8.5098613e-09
-5.7340515e-12
-6.1776745e-08
-2.9567054e-10
-6.1793785e-08
-3.1651644e-10
-8.5530069e-09
-1.2181369e-10
3.989345e-08
3.0389556e-08
1.8376805e-10
3.0232207e-08
4.6221963e-10
3.966446e-08
4.2029569e-10
-8.4679408e-09
-3.2552088e-12
-6.1353197e-08
-4.2680134e-10
-6.1370242e-08
-4.6699256e-10
-8.5128188e-09
-1.860057e-10
3.9612461e-08
3.0203548e-08
2.7421703e-10
2.9957996e-08
6.6407999e-10
3.9274605e-08
5.9713751e-10
-8.4009896e-09
1.1797526e-14
-6.0756063e-08
-5.9722303e-10
-6.0772999e-08
-6.6534827e-10
-8.4446851e-09
-2.7529528e-10
3.9222415e-08
2.9928257e-08
3.8914988e-10
2.9568843e-08
9.2102904e-10
3.8742723e-08
8.2043391e-10
-8.3003987e-09
4.9536024e-12
-5.9940587e-08
-8.1262881e-10
-5.995542e-08
-9.1686963e-10
-8.3404481e-09
-3.8840114e-10
3.8693944e-08
2.9539854e-08
5.3294374e-10
2.9035905e-08
1.2350739e-09
3.80406e-08
1.0907541e-09
-8.156071e-09
1.0648955e-11
-5.8860474e-08
-1.07226e-09
-5.8872504e-08
-1.2245023e-09
-8.1881983e-09
-5.2990676e-10
3.7999355e-08
2.900995e-08
7.0279574e-10
2.8333106e-08
1.601719e-09
3.7141672e-08
1.4052528e-09
-7.95961e-09
1.7622337e-11
-5.7472848e-08
-1.3750336e-09
-5.7479853e-08
-1.5831402e-09
-7.9800966e-09
-6.968824e-10
3.7113093e-08
2.8313065e-08
8.9487419e-10
2.7438236e-08
2.0112854e-09
3.6025267e-08
1.7524043e-09
-7.7007223e-09
2.4836737e-11
-5.5745274e-08
-1.7089347e-09
-5.5746075e-08
-1.9841894e-09
-7.7048355e-09
-8.8573316e-10
3.6014642e-08
2.7427335e-08
1.1007573e-09
2.6337475e-08
2.4410513e-09
3.4684968e-08
2.1155079e-09
-7.3751855e-09
3.2242682e-11
-5.3662015e-08
-2.0590128e-09
-5.3654825e-08
-2.4049375e-09
-7.3589171e-09
-1.0880733e-09
3.4697773e-08
2.6339258e-08
1.3048704e-09
2.5032608e-08
2.8617799e-09
3.3128063e-08
2.4656256e-09
-6.9790258e-09
3.8978688e-11
-5.1235363e-08
-2.3969552e-09
-5.1218887e-08
-2.8170292e-09
-6.938838e-09
-1.2885783e-09
3.3169325e-08
2.5050682e-08
1.4879614e-09
2.3544643e-08
3.2267962e-09
3.1389222e-08
2.7674267e-09
-6.5196636e-09
4.4381456e-11
-4.8512325e-08
-2.6885317e-09
-4.848598e-08
-3.1745128e-09
-6.452864e-09
-1.4681152e-09
3.1462922e-08
2.3582563e-08
1.6190789e-09
2.1925566e-08
3.4780703e-09
2.9530234e-08
2.9669552e-09
-6.008545e-09
4.8245181e-11
-4.5593611e-08
-2.881426e-09
-4.5556306e-08
-3.4195523e-09
-5.9147344e-09
-1.5959562e-09
2.9639328e-08
2.1986608e-08
1.681603e-09
2.0243959e-08
3.5377514e-09
2.7674081e-08
2.9934427e-09
-5.4642407e-09
4.9743309e-11
-4.2649916e-08
-2.9043091e-09
-4.2602258e-08
-3.4755683e-09
-5.3434797e-09
-1.6553996e-09
2.7819157e-08
2.0331208e-08
1.7004826e-09
3.3276683e-09
2.7613548e-09
5.0079418e-11
-2.6733193e-09
-3.2636743e-09
-1.6724953e-09
)
;

boundaryField
{
    left
    {
        type            calculated;
        value           nonuniform List<scalar> 8(2.802308e-18 2.802308e-18 2.802308e-18 2.802308e-18 2.802308e-18 2.802308e-18 2.802308e-18 2.802308e-18);
    }
    right
    {
        type            calculated;
        value           nonuniform List<scalar> 8(1.8543478e-08 2.6046897e-08 -4.8979259e-09 -3.993864e-08 -3.9878858e-08 -4.7531234e-09 2.6227977e-08 1.8658712e-08);
    }
    walls
    {
        type            calculated;
        value           uniform 0;
    }
    frontAndBack
    {
        type            empty;
        value           nonuniform 0();
    }
}


// ************************************************************************* //
