/*--------------------------------*- C++ -*----------------------------------*\
| =========                 |                                                 |
| \\      /  F ield         | OpenFOAM: The Open Source CFD Toolbox           |
|  \\    /   O peration     | Version:  5.x                                   |
|   \\  /    A nd           | Web:      www.OpenFOAM.org                      |
|    \\/     M anipulation  |                                                 |
\*---------------------------------------------------------------------------*/
FoamFile
{
    version     2.0;
    format      ascii;
    class       surfaceScalarField;
    location    "9";
    object      phi_0;
}
// * * * * * * * * * * * * * * * * * * * * * * * * * * * * * * * * * * * * * //

dimensions      [0 3 -1 0 0 0 0];

internalField   nonuniform List<scalar> 
3592
(
-1.8379323e-06
-1.747563e-05
-1.1785278e-06
-1.9972965e-05
-5.8261436e-07
-1.9909472e-05
3.8232452e-13
-1.9896174e-05
5.8261511e-07
-1.9896174e-05
1.1785276e-06
-1.9909472e-05
1.8379319e-06
-1.9972964e-05
-1.7475628e-05
-2.4550101e-06
-1.5020617e-05
-2.2248504e-06
-2.0203121e-05
-1.1931036e-06
-2.0941212e-05
7.3350619e-13
-2.1089272e-05
1.1931049e-06
-2.1089272e-05
2.2248503e-06
-2.0941212e-05
2.45501e-06
-2.020312e-05
-1.5020615e-05
-2.1447117e-06
-1.2875901e-05
-2.3662461e-06
-1.9981581e-05
-1.3756792e-06
-2.1931773e-05
9.6778006e-13
-2.2464947e-05
1.3756808e-06
-2.2464947e-05
2.3662464e-06
-2.1931772e-05
2.1447119e-06
-1.998158e-05
-1.28759e-05
-1.6988335e-06
-1.1177063e-05
-2.1029355e-06
-1.9577474e-05
-1.3040823e-06
-2.2730619e-05
1.0803131e-12
-2.3769025e-05
1.304084e-06
-2.3769025e-05
2.102936e-06
-2.273062e-05
1.6988339e-06
-1.9577473e-05
-1.1177063e-05
-1.2793975e-06
-9.897662e-06
-1.7146165e-06
-1.9142249e-05
-1.1175835e-06
-2.3327647e-05
1.0378897e-12
-2.4886605e-05
1.1175852e-06
-2.4886605e-05
1.7146173e-06
-2.3327647e-05
1.279398e-06
-1.9142249e-05
-9.8976619e-06
-9.2886561e-07
-8.9687922e-06
-1.324726e-06
-1.8746383e-05
-8.9889476e-07
-2.3753472e-05
8.9016806e-13
-2.5785496e-05
8.9889622e-07
-2.5785496e-05
1.3247269e-06
-2.3753472e-05
9.288662e-07
-1.8746382e-05
-8.9687921e-06
-6.5540543e-07
-8.3133831e-06
-9.8474208e-07
-1.8417041e-05
-6.9112485e-07
-2.4047085e-05
6.8044134e-13
-2.6476618e-05
6.9112602e-07
-2.6476618e-05
9.8474308e-07
-2.4047084e-05
6.5540611e-07
-1.841704e-05
-8.3133828e-06
-4.5218959e-07
-7.8611895e-06
-7.1054082e-07
-1.8158684e-05
-5.1336392e-07
-2.4244256e-05
4.8579325e-13
-2.6989978e-05
5.1336479e-07
-2.6989977e-05
7.1054186e-07
-2.4244256e-05
4.5219031e-07
-1.8158683e-05
-7.8611891e-06
-3.0612828e-07
-7.5550581e-06
-5.0045059e-07
-1.7964357e-05
-3.7083959e-07
-2.4373864e-05
2.7015473e-13
-2.7360814e-05
3.7084017e-07
-2.7360814e-05
5.004516e-07
-2.4373862e-05
3.0612902e-07
-1.7964355e-05
-7.5550575e-06
-2.0379293e-07
-7.3512617e-06
-3.45212e-07
-1.7822933e-05
-2.6166401e-07
-2.4457407e-05
1.0749967e-13
-2.7622474e-05
2.6166431e-07
-2.7622474e-05
3.4521293e-07
-2.4457406e-05
2.0379365e-07
-1.7822931e-05
-7.3512611e-06
-1.3347624e-07
-7.217783e-06
-2.3371769e-07
-1.7722687e-05
-1.8083355e-07
-2.4510289e-05
-5.2985814e-14
-2.7803305e-05
1.8083362e-07
-2.7803304e-05
2.3371848e-07
-2.4510287e-05
1.3347691e-07
-1.7722685e-05
-7.2177823e-06
-8.6045607e-08
-7.1317347e-06
-1.5544926e-07
-1.7653279e-05
-1.2262259e-07
-2.4543112e-05
-1.672543e-13
-2.7925924e-05
1.2262245e-07
-2.7925923e-05
1.5544991e-07
-2.454311e-05
8.6046202e-08
-1.7653278e-05
-7.131734e-06
-5.4538042e-08
-7.077195e-06
-1.0161761e-07
-1.7606197e-05
-8.1650046e-08
-2.4563077e-05
-2.6003898e-13
-2.8007572e-05
8.1649745e-08
-2.8007571e-05
1.0161809e-07
-2.4563075e-05
5.4538551e-08
-1.7606195e-05
-7.0771943e-06
-3.3956653e-08
-7.0432363e-06
-6.5249348e-08
-1.7574901e-05
-5.3399912e-08
-2.4574924e-05
-3.3233315e-13
-2.8060968e-05
5.3399485e-08
-2.8060967e-05
6.5249666e-08
-2.4574922e-05
3.3957071e-08
-1.7574899e-05
-7.0432357e-06
-2.0707051e-08
-7.0225282e-06
-4.1110517e-08
-1.7554495e-05
-3.4277956e-08
-2.4581755e-05
-3.751366e-13
-2.8095244e-05
3.4277421e-08
-2.8095243e-05
4.1110679e-08
-2.4581753e-05
2.0707373e-08
-1.7554494e-05
-7.0225276e-06
-1.2327906e-08
-7.0101987e-06
-2.5354555e-08
-1.7541466e-05
-2.156766e-08
-2.4585539e-05
-4.2192719e-13
-2.8116809e-05
2.1567058e-08
-2.8116808e-05
2.5354578e-08
-2.4585538e-05
1.2328145e-08
-1.7541465e-05
-7.0101983e-06
-7.1174429e-09
-7.0030807e-06
-1.5254322e-08
-1.7533328e-05
-1.3266614e-08
-2.4587526e-05
-4.1731342e-13
-2.8130074e-05
1.3265945e-08
-2.8130073e-05
1.5254228e-08
-2.4587525e-05
7.1175972e-09
-1.7533327e-05
-7.0030804e-06
-3.9475949e-09
-6.9991318e-06
-8.8994768e-09
-1.7528373e-05
-7.9461304e-09
-2.4588477e-05
-4.3628888e-13
-2.8138017e-05
7.9454568e-09
-2.8138017e-05
8.899295e-09
-2.4588476e-05
3.9476915e-09
-1.7528373e-05
-6.9991317e-06
-2.0643464e-09
-6.9970671e-06
-4.9872125e-09
-1.752545e-05
-4.603332e-09
-2.458886e-05
-4.2231314e-13
-2.8142619e-05
4.6026317e-09
-2.8142619e-05
4.9869699e-09
-2.458886e-05
2.0643849e-09
-1.7525449e-05
-6.9970671e-06
-9.8102649e-10
-6.996085e-06
-2.6382233e-09
-1.752379e-05
-2.5509571e-09
-2.4588945e-05
-4.1745692e-13
-2.8145167e-05
2.550287e-09
-2.8145167e-05
2.6379446e-09
-2.4588945e-05
9.8103712e-10
-1.7523791e-05
-6.9960852e-06
-3.8307769e-10
-6.9957016e-06
-1.2720052e-09
-1.75229e-05
-1.3244714e-09
-2.4588892e-05
-3.8025104e-13
-2.814649e-05
1.3238244e-09
-2.814649e-05
1.2717172e-09
-2.4588892e-05
3.8305859e-10
-1.7522901e-05
-6.995702e-06
-7.3211956e-11
-6.9956273e-06
-5.0969778e-10
-1.7522462e-05
-6.1646863e-10
-2.4588783e-05
-3.4738658e-13
-2.8147104e-05
6.1589564e-10
-2.8147105e-05
5.0942954e-10
-2.4588784e-05
7.3193287e-11
-1.7522463e-05
-6.9956279e-06
7.1786937e-11
-6.9956988e-06
-1.096518e-10
-1.752228e-05
-2.2608421e-10
-2.4588666e-05
-3.0172581e-13
-2.8147329e-05
2.2558228e-10
-2.814733e-05
1.094184e-10
-2.4588667e-05
-7.181023e-11
-1.7522281e-05
-6.9956996e-06
1.2577057e-10
-6.9958235e-06
8.0650519e-11
-1.7522233e-05
-2.5384325e-11
-2.4588557e-05
-2.384944e-13
-2.8147352e-05
2.4985901e-11
-2.8147353e-05
-8.0823548e-11
-2.4588559e-05
-1.2577288e-10
-1.7522235e-05
-6.9958245e-06
1.3357125e-10
-6.9959568e-06
1.5394141e-10
-1.7522252e-05
6.6485146e-11
-2.4588469e-05
-1.7447294e-13
-2.8147285e-05
-6.6763276e-11
-2.8147286e-05
-1.5404877e-10
-2.4588472e-05
-1.3356047e-10
-1.7522255e-05
-6.9959579e-06
1.1942854e-10
-6.9960751e-06
1.6681243e-10
-1.7522298e-05
9.8278254e-11
-2.4588399e-05
-9.4975055e-14
-2.8147184e-05
-9.8430466e-11
-2.8147186e-05
-1.6682979e-10
-2.4588401e-05
-1.1938433e-10
-1.7522301e-05
-6.9960764e-06
9.8240415e-11
-6.9961731e-06
1.5075841e-10
-1.752235e-05
9.9843714e-11
-2.4588347e-05
-2.4331447e-14
-2.8147084e-05
-9.9851213e-11
-2.8147085e-05
-1.5069749e-10
-2.458835e-05
-9.8174211e-11
-1.7522353e-05
-6.9961744e-06
7.5770254e-11
-6.9962478e-06
1.2456176e-10
-1.7522397e-05
8.7414607e-11
-2.4588308e-05
6.2507883e-14
-2.8146995e-05
-8.7291666e-11
-2.8146996e-05
-1.2440131e-10
-2.4588311e-05
-7.5667325e-11
-1.75224e-05
-6.9962492e-06
5.6538891e-11
-6.996304e-06
9.6516725e-11
-1.7522436e-05
7.0775723e-11
-2.4588282e-05
1.3130169e-13
-2.8146923e-05
-7.0507217e-11
-2.8146925e-05
-9.6280993e-11
-2.4588285e-05
-5.6413007e-11
-1.7522439e-05
-6.9963054e-06
4.0200092e-11
-6.9963431e-06
7.1880545e-11
-1.7522466e-05
5.3936938e-11
-2.4588262e-05
2.1269324e-13
-2.8146868e-05
-5.3550777e-11
-2.8146869e-05
-7.1552865e-11
-2.4588265e-05
-4.0041198e-11
-1.7522469e-05
-6.9963446e-06
2.822445e-11
-6.9963711e-06
5.1169572e-11
-1.7522488e-05
3.9575342e-11
-2.458825e-05
2.7005383e-13
-2.8146828e-05
-3.9064495e-11
-2.8146829e-05
-5.0781369e-11
-2.4588253e-05
-2.8047263e-11
-1.7522491e-05
-6.9963725e-06
1.867955e-11
-6.9963887e-06
3.5516123e-11
-1.7522503e-05
2.7685394e-11
-2.458824e-05
3.3484617e-13
-2.8146799e-05
-2.7084432e-11
-2.81468e-05
-3.5055893e-11
-2.4588243e-05
-1.8477411e-11
-1.7522506e-05
-6.9963902e-06
1.2443972e-11
-6.9964009e-06
2.3381787e-11
-1.7522513e-05
1.8832438e-11
-2.4588235e-05
3.7389639e-13
-2.814678e-05
-1.8143103e-11
-2.8146781e-05
-2.2883152e-11
-2.4588238e-05
-1.2231373e-11
-1.7522516e-05
-6.9964022e-06
7.4454128e-12
-6.9964074e-06
1.5037372e-11
-1.7522519e-05
1.2007997e-11
-2.4588231e-05
4.1574499e-13
-2.8146767e-05
-1.1264463e-11
-2.8146768e-05
-1.4493058e-11
-2.4588233e-05
-7.2177251e-12
-1.7522522e-05
-6.9964086e-06
4.6400917e-12
-6.9964118e-06
8.7366885e-12
-1.7522523e-05
7.3764092e-12
-2.4588229e-05
4.3379009e-13
-2.8146759e-05
-6.587009e-12
-2.814676e-05
-8.1783081e-12
-2.4588231e-05
-4.4105855e-12
-1.7522525e-05
-6.9964129e-06
2.1594975e-12
-6.9964129e-06
4.8225107e-12
-1.7522524e-05
3.8740226e-12
-2.4588226e-05
4.5150853e-13
-2.8146754e-05
-3.0671418e-12
-2.8146755e-05
-4.2452302e-12
-2.4588228e-05
-1.9243911e-12
-1.7522526e-05
-6.996414e-06
1.1289609e-12
-6.9964139e-06
1.7840765e-12
-1.7522524e-05
1.7362178e-12
-2.4588226e-05
4.498031e-13
-2.8146753e-05
-9.2372917e-13
-2.8146753e-05
-1.2147908e-12
-2.4588228e-05
-8.9965248e-13
-1.7522526e-05
-6.9964147e-06
-1.0906972e-13
-6.9964128e-06
1.8817242e-13
-1.7522523e-05
5.444397e-14
-2.4588224e-05
4.4642947e-13
-2.8146751e-05
7.4419115e-13
-2.8146752e-05
3.7732223e-13
-2.4588226e-05
3.3632806e-13
-1.7522525e-05
-6.9964136e-06
-3.123792e-13
-6.9964123e-06
-1.2290666e-12
-1.7522521e-05
-8.0048923e-13
-2.4588224e-05
4.2916426e-13
-2.8146752e-05
1.5726403e-12
-2.8146753e-05
1.7697905e-12
-2.4588226e-05
5.2834541e-13
-1.7522523e-05
-6.996413e-06
-9.8934372e-13
-6.9964104e-06
-1.7309994e-12
-1.7522519e-05
-1.5909814e-12
-2.4588222e-05
4.1029946e-13
-2.8146753e-05
2.3270775e-12
-2.8146753e-05
2.2518454e-12
-2.4588224e-05
1.1981336e-12
-1.752252e-05
-6.996411e-06
-8.4261277e-13
-6.9964094e-06
-2.4125124e-12
-1.7522517e-05
-1.8487835e-12
-2.4588223e-05
3.8312282e-13
-2.8146755e-05
2.5372687e-12
-2.8146755e-05
2.898367e-12
-2.4588224e-05
1.0371076e-12
-1.7522518e-05
-6.9964098e-06
-1.2850693e-12
-6.9964071e-06
-2.442869e-12
-1.7522514e-05
-2.2396481e-12
-2.4588221e-05
3.5515833e-13
-2.8146756e-05
2.8800975e-12
-2.8146756e-05
2.8999414e-12
-2.4588222e-05
1.4697998e-12
-1.7522515e-05
-6.9964076e-06
-1.0063622e-12
-6.996406e-06
-2.8164042e-12
-1.7522512e-05
-2.2426056e-12
-2.4588222e-05
3.237282e-13
-2.8146758e-05
2.8252326e-12
-2.8146758e-05
3.2345501e-12
-2.4588223e-05
1.1760784e-12
-1.7522513e-05
-6.9964063e-06
-1.3569589e-12
-6.9964037e-06
-2.6619055e-12
-1.7522509e-05
-2.4671756e-12
-2.458822e-05
2.9246321e-13
-2.8146759e-05
2.9989553e-12
-2.8146759e-05
3.0486685e-12
-2.4588221e-05
1.5164169e-12
-1.752251e-05
-6.996404e-06
-1.0373061e-12
-6.9964025e-06
-2.9158017e-12
-1.7522507e-05
-2.3700303e-12
-2.458822e-05
2.6145631e-13
-2.8146761e-05
2.842754e-12
-2.8146762e-05
3.2647118e-12
-2.4588221e-05
1.1827678e-12
-1.7522507e-05
-6.9964027e-06
-1.3526839e-12
-6.9964003e-06
-2.6970642e-12
-1.7522504e-05
-2.5290553e-12
-2.4588219e-05
2.3129276e-13
-2.8146763e-05
2.9549887e-12
-2.8146763e-05
3.0166229e-12
-2.458822e-05
1.4888296e-12
-1.7522505e-05
-6.9964005e-06
-1.0264291e-12
-6.9963991e-06
-2.9068322e-12
-1.7522502e-05
-2.3954715e-12
-2.4588219e-05
2.0392646e-13
-2.8146765e-05
2.76729e-12
-2.8146765e-05
3.1929119e-12
-2.458822e-05
1.1506715e-12
-1.7522502e-05
-6.9963993e-06
-1.3265624e-12
-6.9963969e-06
-2.6697951e-12
-1.7522499e-05
-2.5284397e-12
-2.4588218e-05
1.7761806e-13
-2.8146766e-05
2.8617088e-12
-2.8146766e-05
2.9313236e-12
-2.4588218e-05
1.443195e-12
-1.7522499e-05
-6.9963971e-06
-1.0049969e-12
-6.9963958e-06
-2.8625192e-12
-1.7522497e-05
-2.3820639e-12
-2.4588218e-05
1.5561705e-13
-2.8146768e-05
2.6695078e-12
-2.8146769e-05
3.0965762e-12
-2.4588219e-05
1.1122843e-12
-1.7522497e-05
-6.9963959e-06
-1.2957544e-12
-6.9963936e-06
-2.6225921e-12
-1.7522494e-05
-2.5028576e-12
-2.4588217e-05
1.3441764e-13
-2.814677e-05
2.7617506e-12
-2.814677e-05
2.8380285e-12
-2.4588217e-05
1.3973467e-12
-1.7522494e-05
-6.9963938e-06
-9.8178144e-13
-6.9963925e-06
-2.806603e-12
-1.7522492e-05
-2.3515243e-12
-2.4588217e-05
1.1826916e-13
-2.8146772e-05
2.5739136e-12
-2.8146772e-05
3.0008773e-12
-2.4588217e-05
1.07659e-12
-1.7522492e-05
-6.9963926e-06
-1.264329e-12
-6.9963903e-06
-2.568065e-12
-1.7522489e-05
-2.4645149e-12
-2.4588216e-05
1.0229865e-13
-2.8146773e-05
2.6682884e-12
-2.8146773e-05
2.7495818e-12
-2.4588216e-05
1.3551843e-12
-1.7522489e-05
-6.9963905e-06
-9.5826725e-13
-6.9963893e-06
-2.7453777e-12
-1.7522487e-05
-2.3106139e-12
-2.4588216e-05
9.1635967e-14
-2.8146775e-05
2.4866475e-12
-2.8146775e-05
2.9114611e-12
-2.4588216e-05
1.0446144e-12
-1.7522487e-05
-6.9963894e-06
-1.2325807e-12
-6.9963872e-06
-2.5090909e-12
-1.7522484e-05
-2.4171916e-12
-2.4588214e-05
8.0302916e-14
-2.8146776e-05
2.5833592e-12
-2.8146776e-05
2.6674921e-12
-2.4588215e-05
1.3163349e-12
-1.7522484e-05
-6.9963874e-06
-9.341866e-13
-6.9963862e-06
-2.6800651e-12
-1.7522482e-05
-2.2616098e-12
-2.4588215e-05
7.4286114e-14
-2.8146778e-05
2.4073644e-12
-2.8146779e-05
2.8277245e-12
-2.4588215e-05
1.0152907e-12
-1.7522482e-05
-6.9963863e-06
-1.2001642e-12
-6.9963841e-06
-2.446158e-12
-1.7522479e-05
-2.3624888e-12
-2.4588213e-05
6.665983e-14
-2.8146779e-05
2.5054286e-12
-2.814678e-05
2.5901114e-12
-2.4588214e-05
1.2795862e-12
-1.752248e-05
-6.9963844e-06
-9.0919773e-13
-6.9963831e-06
-2.6109712e-12
-1.7522477e-05
-2.2058575e-12
-2.4588214e-05
6.4282851e-14
-2.8146781e-05
2.333963e-12
-2.8146782e-05
2.7477118e-12
-2.4588214e-05
9.8739371e-13
-1.7522478e-05
-6.9963833e-06
-1.1669032e-12
-6.9963811e-06
-2.3795776e-12
-1.7522475e-05
-2.3017072e-12
-2.4588212e-05
5.9365006e-14
-2.8146782e-05
2.4322824e-12
-2.8146783e-05
2.5154643e-12
-2.4588213e-05
1.2439034e-12
-1.7522475e-05
-6.9963814e-06
-8.8321074e-13
-6.9963802e-06
-2.5385422e-12
-1.7522473e-05
-2.1446666e-12
-2.4588212e-05
5.9661343e-14
-2.8146784e-05
2.2642993e-12
-2.8146785e-05
2.6696706e-12
-2.4588213e-05
9.6002604e-13
-1.7522473e-05
-6.9963804e-06
-1.1328573e-12
-6.9963782e-06
-2.3098945e-12
-1.752247e-05
-2.2361855e-12
-2.4588211e-05
5.6549308e-14
-2.8146785e-05
2.3620018e-12
-2.8146786e-05
2.4420391e-12
-2.4588212e-05
1.2086128e-12
-1.7522471e-05
-6.9963786e-06
-8.5633104e-13
-6.9963773e-06
-2.4634371e-12
-1.7522468e-05
-2.0793619e-12
-2.4588211e-05
5.8700237e-14
-2.8146787e-05
2.1967012e-12
-2.8146788e-05
2.5923966e-12
-2.4588212e-05
9.3264214e-13
-1.7522469e-05
-6.9963776e-06
-1.0982198e-12
-6.9963754e-06
-2.2378055e-12
-1.7522466e-05
-2.1672221e-12
-2.458821e-05
5.6663223e-14
-2.8146788e-05
2.2932014e-12
-2.8146789e-05
2.3688804e-12
-2.4588211e-05
1.1733466e-12
-1.7522467e-05
-6.9963758e-06
-8.2875408e-13
-6.9963746e-06
-2.3863933e-12
-1.7522464e-05
-2.0111687e-12
-2.458821e-05
6.003466e-14
-2.814679e-05
2.1300372e-12
-2.8146791e-05
2.5151956e-12
-2.4588211e-05
9.0496153e-13
-1.7522465e-05
-6.9963749e-06
-1.0632279e-12
-6.9963727e-06
-2.1640246e-12
-1.7522462e-05
-2.0959677e-12
-2.4588209e-05
5.8527699e-14
-2.8146791e-05
2.2250018e-12
-2.8146791e-05
2.295485e-12
-2.458821e-05
1.1379512e-12
-1.7522463e-05
-6.9963731e-06
-8.0069364e-13
-6.9963719e-06
-2.3081139e-12
-1.752246e-05
-1.9411335e-12
-2.4588209e-05
6.2661955e-14
-2.8146793e-05
2.0636354e-12
-2.8146793e-05
2.4377556e-12
-2.458821e-05
8.7688088e-13
-1.7522461e-05
-6.9963722e-06
-1.0281105e-12
-6.9963701e-06
-2.0892029e-12
-1.7522458e-05
-2.0233764e-12
-2.4588208e-05
6.1303918e-14
-2.8146794e-05
2.1569241e-12
-2.8146794e-05
2.2216721e-12
-2.4588209e-05
1.1024071e-12
-1.7522459e-05
-6.9963705e-06
-7.7234854e-13
-6.9963693e-06
-2.2292173e-12
-1.7522456e-05
-1.8701052e-12
-2.4588208e-05
6.5887518e-14
-2.8146796e-05
1.997169e-12
-2.8146796e-05
2.360024e-12
-2.4588209e-05
8.4840607e-13
-1.7522457e-05
-6.9963697e-06
-9.9306982e-13
-6.9963675e-06
-2.0139007e-12
-1.7522454e-05
-1.9502125e-12
-2.4588207e-05
6.4426703e-14
-2.8146796e-05
2.0887768e-12
-2.8146797e-05
2.1474706e-12
-2.4588208e-05
1.0667748e-12
-1.7522455e-05
-6.996368e-06
-7.438914e-13
-6.9963668e-06
-2.1502291e-12
-1.7522452e-05
-1.7987584e-12
-2.4588208e-05
6.9254682e-14
-2.8146798e-05
1.9305471e-12
-2.8146799e-05
2.2821108e-12
-2.4588209e-05
8.196067e-13
-1.7522453e-05
-6.9963672e-06
-9.582775e-13
-6.9963651e-06
-1.9385925e-12
-1.752245e-05
-1.8770816e-12
-2.4588206e-05
6.7531883e-14
-2.8146799e-05
2.0205568e-12
-2.8146799e-05
2.0730357e-12
-2.4588207e-05
1.0311572e-12
-1.7522451e-05
-6.9963656e-06
-7.154708e-13
-6.9963644e-06
-2.0715923e-12
-1.7522449e-05
-1.7276287e-12
-2.4588207e-05
7.2473245e-14
-2.8146801e-05
1.8638288e-12
-2.8146801e-05
2.2042178e-12
-2.4588208e-05
7.90586e-13
-1.752245e-05
-6.9963649e-06
-9.238793e-13
-6.9963628e-06
-1.8636798e-12
-1.7522447e-05
-1.8044671e-12
-2.4588206e-05
7.0391672e-14
-2.8146802e-05
1.9523741e-12
-2.8146802e-05
1.9985908e-12
-2.4588207e-05
9.956762e-13
-1.7522448e-05
-6.9963633e-06
-6.8721507e-13
-6.9963622e-06
-1.9936833e-12
-1.7522445e-05
-1.6571477e-12
-2.4588206e-05
7.5363547e-14
-2.8146803e-05
1.7971574e-12
-2.8146804e-05
2.1265908e-12
-2.4588207e-05
7.6146224e-13
-1.7522446e-05
-6.9963626e-06
-8.8999917e-13
-6.9963605e-06
-1.7895069e-12
-1.7522443e-05
-1.7327623e-12
-2.4588205e-05
7.2867127e-14
-2.8146804e-05
1.8843985e-12
-2.8146804e-05
1.924387e-12
-2.4588206e-05
9.6045783e-13
-1.7522444e-05
-6.9963611e-06
-6.5923632e-13
-6.99636e-06
-1.9168241e-12
-1.7522442e-05
-1.5876696e-12
-2.4588205e-05
7.7816952e-14
-2.8146806e-05
1.7307175e-12
-2.8146806e-05
2.0494879e-12
-2.4588206e-05
7.3235564e-13
-1.7522443e-05
-6.9963604e-06
-8.5674293e-13
-6.9963584e-06
-1.7163698e-12
-1.752244e-05
-1.6622911e-12
-2.4588204e-05
7.4874791e-14
-2.8146806e-05
1.8168244e-12
-2.8146807e-05
1.8506798e-12
-2.4588205e-05
9.25623e-13
-1.7522441e-05
-6.9963589e-06
-6.3163208e-13
-6.9963579e-06
-1.8412907e-12
-1.7522439e-05
-1.5194871e-12
-2.4588205e-05
7.9768863e-14
-2.8146808e-05
1.6647072e-12
-2.8146809e-05
1.9731609e-12
-2.4588206e-05
7.033816e-13
-1.752244e-05
-6.9963583e-06
-8.2419995e-13
-6.9963564e-06
-1.6445227e-12
-1.7522437e-05
-1.5933203e-12
-2.4588203e-05
7.6367007e-14
-2.8146809e-05
1.7498493e-12
-2.8146809e-05
1.7777118e-12
-2.4588205e-05
8.9128292e-13
-1.7522438e-05
-6.9963569e-06
-6.0448691e-13
-6.9963559e-06
-1.7673167e-12
-1.7522436e-05
-1.4528419e-12
-2.4588204e-05
8.1184472e-14
-2.814681e-05
1.5993208e-12
-2.8146811e-05
1.8978426e-12
-2.4588205e-05
6.746478e-13
-1.7522437e-05
-6.9963563e-06
-7.9244417e-13
-6.9963544e-06
-1.57418e-12
-1.7522434e-05
-1.5260685e-12
-2.4588203e-05
7.7321002e-14
-2.8146811e-05
1.6836615e-12
-2.8146811e-05
1.7057057e-12
-2.4588204e-05
8.5753629e-13
-1.7522435e-05
-6.9963549e-06
-5.778719e-13
-6.996354e-06
-1.6950962e-12
-1.7522433e-05
-1.3879292e-12
-2.4588203e-05
8.2050563e-14
-2.8146813e-05
1.5347409e-12
-2.8146813e-05
1.8237421e-12
-2.4588204e-05
6.4624987e-13
-1.7522434e-05
-6.9963544e-06
-7.6153437e-13
-6.9963525e-06
-1.5055181e-12
-1.7522431e-05
-1.4607076e-12
-2.4588202e-05
7.7732537e-14
-2.8146813e-05
1.6184342e-12
-2.8146813e-05
1.6348597e-12
-2.4588203e-05
8.2446804e-13
-1.7522432e-05
-6.996353e-06
-5.5184597e-13
-6.9963521e-06
-1.6247833e-12
-1.752243e-05
-1.3248996e-12
-2.4588203e-05
8.237045e-14
-2.8146815e-05
1.4711336e-12
-2.8146815e-05
1.7510415e-12
-2.4588204e-05
6.1827249e-13
-1.7522431e-05
-6.9963526e-06
-7.3151566e-13
-6.9963507e-06
-1.4386753e-12
-1.7522428e-05
-1.3973661e-12
-2.4588202e-05
7.7613405e-14
-2.8146815e-05
1.5543226e-12
-2.8146815e-05
1.5653451e-12
-2.4588203e-05
7.9214972e-13
-1.752243e-05
-6.9963513e-06
-5.2645461e-13
-6.9963504e-06
-1.5564942e-12
-1.7522428e-05
-1.2638623e-12
-2.4588202e-05
8.2162841e-14
-2.8146817e-05
1.4086461e-12
-2.8146817e-05
1.6798952e-12
-2.4588203e-05
5.9078823e-13
-1.7522429e-05
-6.9963508e-06
-7.0241788e-13
-6.9963491e-06
-1.3737532e-12
-1.7522426e-05
-1.3361315e-12
-2.4588201e-05
7.6988999e-14
-2.8146817e-05
1.4914623e-12
-2.8146817e-05
1.4973067e-12
-2.4588202e-05
7.6063889e-13
-1.7522427e-05
-6.9963496e-06
-5.0173118e-13
-6.9963487e-06
-1.490309e-12
-1.7522425e-05
-1.2048871e-12
-2.4588202e-05
8.1458971e-14
-2.8146819e-05
1.3474071e-12
-2.8146819e-05
1.6104303e-12
-2.4588203e-05
5.6385729e-13
-1.7522426e-05
-6.9963491e-06
-6.7425898e-13
-6.9963474e-06
-1.3108198e-12
-1.7522423e-05
-1.2770528e-12
-2.4588201e-05
7.5895823e-14
-2.8146819e-05
1.4299703e-12
-2.8146819e-05
1.4308632e-12
-2.4588202e-05
7.2998026e-13
-1.7522425e-05
-6.9963479e-06
-4.7769757e-13
-6.9963472e-06
-1.4262744e-12
-1.7522423e-05
-1.1480077e-12
-2.4588202e-05
8.0300326e-14
-2.814682e-05
1.2875262e-12
-2.8146821e-05
1.5427483e-12
-2.4588203e-05
5.3752892e-13
-1.7522424e-05
-6.9963475e-06
-6.4704447e-13
-6.9963459e-06
-1.2499115e-12
-1.7522421e-05
-1.2201453e-12
-2.4588201e-05
7.4380201e-14
-2.8146821e-05
1.3699434e-12
-2.8146821e-05
1.366109e-12
-2.4588202e-05
7.0020669e-13
-1.7522422e-05
-6.9963464e-06
-4.5436553e-13
-6.9963457e-06
-1.3644066e-12
-1.752242e-05
-1.0932264e-12
-2.4588201e-05
7.8736926e-14
-2.8146822e-05
1.229094e-12
-2.8146823e-05
1.4769254e-12
-2.4588202e-05
5.1184173e-13
-1.7522421e-05
-6.996346e-06
-6.2077022e-13
-6.9963444e-06
-1.191037e-12
-1.7522419e-05
-1.1653941e-12
-2.45882e-05
7.2494841e-14
-2.8146823e-05
1.3114608e-12
-2.8146823e-05
1.303114e-12
-2.4588201e-05
6.7133997e-13
-1.752242e-05
-6.9963449e-06
-4.3173748e-13
-6.9963442e-06
-1.3046965e-12
-1.7522418e-05
-1.0405185e-12
-2.4588201e-05
7.6823874e-14
-2.8146824e-05
1.1721826e-12
-2.8146824e-05
1.4130152e-12
-2.4588202e-05
4.8682398e-13
-1.7522419e-05
-6.9963446e-06
-5.9542269e-13
-6.996343e-06
-1.1341817e-12
-1.7522417e-05
-1.1127603e-12
-2.45882e-05
7.0296586e-14
-2.8146824e-05
1.2545825e-12
-2.8146825e-05
1.2419272e-12
-2.4588201e-05
6.4339164e-13
-1.7522418e-05
-6.9963435e-06
-4.0980843e-13
-6.9963429e-06
-1.247113e-12
-1.7522416e-05
-9.8983771e-13
-2.45882e-05
7.4619398e-14
-2.8146826e-05
1.116847e-12
-2.8146826e-05
1.3510494e-12
-2.4588201e-05
4.6249511e-13
-1.7522417e-05
-6.9963432e-06
-5.7098205e-13
-6.9963417e-06
-1.0793114e-12
-1.7522415e-05
-1.0621855e-12
-2.45882e-05
6.7844263e-14
-2.8146826e-05
1.199352e-12
-2.8146826e-05
1.1825763e-12
-2.45882e-05
6.1636458e-13
-1.7522416e-05
-6.9963421e-06
-3.885672e-13
-6.9963416e-06
-1.1916075e-12
-1.7522414e-05
-9.411206e-13
-2.45882e-05
7.2182443e-14
-2.8146827e-05
1.0631247e-12
-2.8146828e-05
1.2910411e-12
-2.4588201e-05
4.3886603e-13
-1.7522415e-05
-6.9963419e-06
-5.4742221e-13
-6.9963404e-06
-1.0263768e-12
-1.7522413e-05
-1.0135965e-12
-2.4588199e-05
6.5195925e-14
-2.8146827e-05
1.1457957e-12
-2.8146828e-05
1.1250725e-12
-2.45882e-05
5.9025356e-13
-1.7522414e-05
-6.9963409e-06
-3.6799783e-13
-6.9963403e-06
-1.138118e-12
-1.7522413e-05
-8.9429135e-13
-2.45882e-05
6.957015e-14
-2.8146829e-05
1.0110376e-12
-2.8146829e-05
1.2329869e-12
-2.4588201e-05
4.1594093e-13
-1.7522413e-05
-6.9963407e-06
-5.2471358e-13
-6.9963393e-06
-9.7531712e-13
-1.7522411e-05
-9.6690938e-13
-2.4588199e-05
6.2406665e-14
-2.8146829e-05
1.0939257e-12
-2.8146829e-05
1.0694106e-12
-2.45882e-05
5.6504692e-13
-1.7522412e-05
-6.9963397e-06
-3.480805e-13
-6.9963392e-06
-1.0865729e-12
-1.7522411e-05
-8.4926589e-13
-2.45882e-05
6.68362e-14
-2.814683e-05
9.6059367e-13
-2.814683e-05
1.1768683e-12
-2.45882e-05
3.9371726e-13
-1.7522412e-05
-6.9963395e-06
-5.0282324e-13
-6.9963381e-06
-9.2606297e-13
-1.752241e-05
-9.220346e-13
-2.4588199e-05
5.9528655e-14
-2.814683e-05
1.0437398e-12
-2.8146831e-05
1.0155723e-12
-2.45882e-05
5.4072741e-13
-1.752241e-05
-6.9963385e-06
-3.2879311e-13
-6.9963381e-06
-1.0368941e-12
-1.7522409e-05
-8.0595537e-13
-2.4588199e-05
6.4030397e-14
-2.8146832e-05
9.1178754e-13
-2.8146832e-05
1.1226547e-12
-2.45882e-05
3.7218787e-13
-1.752241e-05
-6.9963383e-06
-4.8171692e-13
-6.996337e-06
-8.7854037e-13
-1.7522408e-05
-8.7887848e-13
-2.4588198e-05
5.6608167e-14
-2.8146832e-05
9.9522417e-13
-2.8146832e-05
9.6352761e-13
-2.4588199e-05
5.1727346e-13
-1.7522409e-05
-6.9963374e-06
-3.1011174e-13
-6.996337e-06
-9.8899953e-13
-1.7522408e-05
-7.6426908e-13
-2.4588199e-05
6.1197087e-14
-2.8146833e-05
8.6460292e-13
-2.8146833e-05
1.0703055e-12
-2.45882e-05
3.5134069e-13
-1.7522408e-05
-6.9963373e-06
-4.6135915e-13
-6.996336e-06
-8.3267238e-13
-1.7522407e-05
-8.3734759e-13
-2.4588198e-05
5.3686715e-14
-2.8146833e-05
9.4835498e-13
-2.8146833e-05
9.1323745e-13
-2.4588199e-05
4.946597e-13
-1.7522407e-05
-6.9963364e-06
-2.9201233e-13
-6.996336e-06
-9.4280572e-13
-1.7522406e-05
-7.2411719e-13
-2.4588199e-05
5.8374674e-14
-2.8146834e-05
8.1901382e-13
-2.8146834e-05
1.0197718e-12
-2.45882e-05
3.3116084e-13
-1.7522407e-05
-6.9963363e-06
-4.4171523e-13
-6.996335e-06
-7.8838159e-13
-1.7522405e-05
-7.9735e-13
-2.4588198e-05
5.0799194e-14
-2.8146834e-05
9.0309953e-13
-2.8146834e-05
8.6465575e-13
-2.4588199e-05
4.7285839e-13
-1.7522406e-05
-6.9963354e-06
-2.7447032e-13
-6.9963351e-06
-8.9822996e-13
-1.7522405e-05
-6.8541251e-13
-2.4588199e-05
5.5595686e-14
-2.8146835e-05
7.7498685e-13
-2.8146836e-05
9.7099905e-13
-2.4588199e-05
3.1163026e-13
-1.7522406e-05
-6.9963353e-06
-4.2275022e-13
-6.9963341e-06
-7.4559182e-13
-1.7522404e-05
-7.5879713e-13
-2.4588198e-05
4.7975189e-14
-2.8146835e-05
8.5941849e-13
-2.8146836e-05
8.1773119e-13
-2.4588199e-05
4.5183989e-13
-1.7522404e-05
-6.9963344e-06
-2.5746156e-13
-6.9963342e-06
-8.5519164e-13
-1.7522404e-05
-6.4807078e-13
-2.4588199e-05
5.2887192e-14
-2.8146837e-05
7.3248211e-13
-2.8146837e-05
9.2392826e-13
-2.4588199e-05
2.9272979e-13
-1.7522404e-05
-6.9963344e-06
-4.0443089e-13
-6.9963332e-06
-7.0422913e-13
-1.7522402e-05
-7.2160485e-13
-2.4588198e-05
4.5238615e-14
-2.8146836e-05
8.1726709e-13
-2.8146837e-05
7.7240881e-13
-2.4588198e-05
4.3157377e-13
-1.7522403e-05
-6.9963336e-06
-2.4096295e-13
-6.9963333e-06
-8.136129e-13
-1.7522402e-05
-6.1201394e-13
-2.4588198e-05
5.0270354e-14
-2.8146838e-05
6.9145567e-13
-2.8146838e-05
8.7849827e-13
-2.4588199e-05
2.744388e-13
-1.7522403e-05
-6.9963335e-06
-3.8672498e-13
-6.9963324e-06
-6.6422317e-13
-1.7522401e-05
-6.8569469e-13
-2.4588198e-05
4.2607726e-14
-2.8146838e-05
7.7659743e-13
-2.8146838e-05
7.2863201e-13
-2.4588198e-05
4.1202922e-13
-1.7522402e-05
-6.9963327e-06
-2.2495272e-13
-6.9963325e-06
-7.7342028e-13
-1.7522401e-05
-5.7716892e-13
-2.4588198e-05
4.7761624e-14
-2.8146839e-05
6.5186029e-13
-2.8146839e-05
8.346465e-13
-2.4588199e-05
2.5673627e-13
-1.7522402e-05
-6.9963327e-06
-3.6960251e-13
-6.9963316e-06
-6.2550794e-13
-1.75224e-05
-6.5099364e-13
-2.4588197e-05
4.0096404e-14
-2.8146839e-05
7.3735865e-13
-2.8146839e-05
6.8634311e-13
-2.4588198e-05
3.9317551e-13
-1.7522401e-05
-6.9963319e-06
-2.0941018e-13
-6.9963318e-06
-7.3454491e-13
-1.75224e-05
-5.4346848e-13
-2.4588198e-05
4.5373074e-14
-2.814684e-05
6.1364673e-13
-2.814684e-05
7.9231078e-13
-2.4588199e-05
2.3960111e-13
-1.7522401e-05
-6.9963319e-06
-3.5303515e-13
-6.9963309e-06
-5.8802173e-13
-1.7522399e-05
-6.1743497e-13
-2.4588197e-05
3.7714028e-14
-2.8146839e-05
6.994994e-13
-2.814684e-05
6.4548504e-13
-2.4588198e-05
3.7498249e-13
-1.75224e-05
-6.9963312e-06
-1.9431689e-13
-6.996331e-06
-6.9692265e-13
-1.7522399e-05
-5.1085153e-13
-2.4588198e-05
4.3112332e-14
-2.8146841e-05
5.7676588e-13
-2.8146841e-05
7.5142983e-13
-2.4588199e-05
2.2301272e-13
-1.75224e-05
-6.9963312e-06
-3.3699642e-13
-6.9963302e-06
-5.517082e-13
-1.7522398e-05
-5.8495842e-13
-2.4588197e-05
3.5466687e-14
-2.814684e-05
6.6296806e-13
-2.8146841e-05
6.0600243e-13
-2.4588198e-05
3.5742133e-13
-1.7522399e-05
-6.9963305e-06
-1.7965517e-13
-6.9963304e-06
-6.6049552e-13
-1.7522398e-05
-4.792635e-13
-2.4588198e-05
4.0984198e-14
-2.8146841e-05
5.4116846e-13
-2.8146842e-05
7.1194464e-13
-2.4588198e-05
2.0695136e-13
-1.7522398e-05
-6.9963305e-06
-3.2146234e-13
-6.9963296e-06
-5.1651624e-13
-1.7522397e-05
-5.5351012e-13
-2.4588197e-05
3.3357132e-14
-2.8146841e-05
6.2771475e-13
-2.8146841e-05
5.678422e-13
-2.4588198e-05
3.4046421e-13
-1.7522398e-05
-6.9963298e-06
-1.6541038e-13
-6.9963297e-06
-6.2521033e-13
-1.7522397e-05
-4.4865584e-13
-2.4588198e-05
3.8990498e-14
-2.8146842e-05
5.0680762e-13
-2.8146842e-05
6.7379952e-13
-2.4588198e-05
1.9139848e-13
-1.7522398e-05
-6.9963299e-06
-3.0641112e-13
-6.9963289e-06
-4.8240031e-13
-1.7522396e-05
-5.2304192e-13
-2.4588197e-05
3.1385977e-14
-2.8146842e-05
5.9369112e-13
-2.8146842e-05
5.3095454e-13
-2.4588197e-05
3.2408541e-13
-1.7522397e-05
-6.9963292e-06
-1.515689e-13
-6.9963291e-06
-5.9101994e-13
-1.7522396e-05
-4.1898617e-13
-2.4588198e-05
3.7131257e-14
-2.8146843e-05
4.7363839e-13
-2.8146843e-05
6.3694202e-13
-2.4588198e-05
1.7633674e-13
-1.7522397e-05
-6.9963293e-06
-2.9182309e-13
-6.9963284e-06
-4.4932e-13
-1.7522395e-05
-4.9351222e-13
-2.4588197e-05
2.9551975e-14
-2.8146843e-05
5.6085185e-13
-2.8146843e-05
4.9529338e-13
-2.4588197e-05
3.0826079e-13
-1.7522396e-05
-6.9963286e-06
-1.3811961e-13
-6.9963286e-06
-5.5788251e-13
-1.7522395e-05
-3.9021762e-13
-2.4588198e-05
3.5404287e-14
-2.8146844e-05
4.416186e-13
-2.8146844e-05
6.0132456e-13
-2.4588198e-05
1.6175088e-13
-1.7522396e-05
-6.9963287e-06
-2.7768119e-13
-6.9963278e-06
-4.1724077e-13
-1.7522395e-05
-4.648849e-13
-2.4588197e-05
2.7852024e-14
-2.8146843e-05
5.2915506e-13
-2.8146844e-05
4.6081755e-13
-2.4588197e-05
2.9296876e-13
-1.7522395e-05
-6.996328e-06
-1.2505308e-13
-6.996328e-06
-5.2576235e-13
-1.7522395e-05
-3.623191e-13
-2.4588197e-05
3.3806469e-14
-2.8146844e-05
4.1071062e-13
-2.8146845e-05
5.6690387e-13
-2.4588198e-05
1.4762748e-13
-1.7522395e-05
-6.9963282e-06
-2.6397028e-13
-6.9963273e-06
-3.8613313e-13
-1.7522394e-05
-4.3712943e-13
-2.4588197e-05
2.6282431e-14
-2.8146844e-05
4.9856339e-13
-2.8146844e-05
4.2748991e-13
-2.4588197e-05
2.7818966e-13
-1.7522394e-05
-6.9963275e-06
-1.1236227e-13
-6.9963275e-06
-4.9462866e-13
-1.7522394e-05
-3.3526502e-13
-2.4588197e-05
3.2334063e-14
-2.8146845e-05
3.8088071e-13
-2.8146845e-05
5.3364209e-13
-2.4588198e-05
1.3395491e-13
-1.7522394e-05
-6.9963277e-06
-2.5067787e-13
-6.9963268e-06
-3.5597334e-13
-1.7522393e-05
-4.1022108e-13
-2.4588197e-05
2.4838897e-14
-2.8146845e-05
4.6904371e-13
-2.8146845e-05
3.9527928e-13
-2.4588197e-05
2.6390621e-13
-1.7522394e-05
-6.996327e-06
-1.0004127e-13
-6.9963271e-06
-4.6445711e-13
-1.7522393e-05
-3.0903526e-13
-2.4588197e-05
3.0982678e-14
-2.8146846e-05
3.5209994e-13
-2.8146846e-05
5.0150688e-13
-2.4588198e-05
1.2072354e-13
-1.7522394e-05
-6.9963272e-06
-2.3779316e-13
-6.9963264e-06
-3.2674333e-13
-1.7522392e-05
-3.8413993e-13
-2.4588196e-05
2.3516718e-14
-2.8146845e-05
4.4056798e-13
-2.8146845e-05
3.6415958e-13
-2.4588197e-05
2.5010379e-13
-1.7522393e-05
-6.9963266e-06
-8.8087581e-14
-6.9963266e-06
-4.3522815e-13
-1.7522393e-05
-2.8361467e-13
-2.4588197e-05
2.9748044e-14
-2.8146846e-05
3.2434447e-13
-2.8146846e-05
4.7047186e-13
-2.4588198e-05
1.0792661e-13
-1.7522393e-05
-6.9963267e-06
-2.253087e-13
-6.9963259e-06
-2.9843013e-13
-1.7522392e-05
-3.5887181e-13
-2.4588196e-05
2.2311606e-14
-2.8146846e-05
4.1311343e-13
-2.8146846e-05
3.3411093e-13
-2.4588197e-05
2.3677077e-13
-1.7522392e-05
-6.9963261e-06
-7.649967e-14
-6.9963262e-06
-4.0692884e-13
-1.7522392e-05
-2.5899312e-13
-2.4588197e-05
2.8626119e-14
-2.8146847e-05
2.9759572e-13
-2.8146847e-05
4.405167e-13
-2.4588197e-05
9.5559455e-14
-1.7522392e-05
-6.9963263e-06
-2.1321862e-13
-6.9963256e-06
-2.7102673e-13
-1.7522391e-05
-3.3440735e-13
-2.4588196e-05
2.121914e-14
-2.8146846e-05
3.8666289e-13
-2.8146846e-05
3.0511946e-13
-2.4588197e-05
2.2389768e-13
-1.7522392e-05
-6.9963258e-06
-6.5278845e-14
-6.9963259e-06
-3.7955129e-13
-1.7522391e-05
-2.3516572e-13
-2.4588197e-05
2.7612681e-14
-2.8146847e-05
2.7184099e-13
-2.8146847e-05
4.1162708e-13
-2.4588197e-05
8.3619935e-14
-1.7522392e-05
-6.996326e-06
-2.0151992e-13
-6.9963252e-06
-2.4453145e-13
-1.7522391e-05
-3.1074211e-13
-2.4588196e-05
2.0235212e-14
-2.8146847e-05
3.6120508e-13
-2.8146847e-05
2.7717669e-13
-2.4588197e-05
2.1147809e-13
-1.7522391e-05
-6.9963254e-06
-5.4428181e-14
-6.9963255e-06
-3.5309366e-13
-1.7522391e-05
-2.1213221e-13
-2.4588197e-05
2.6704028e-14
-2.8146848e-05
2.4707281e-13
-2.8146848e-05
3.8379508e-13
-2.4588197e-05
7.2108172e-14
-1.7522391e-05
-6.9963256e-06
-1.9021164e-13
-6.9963249e-06
-2.1894791e-13
-1.752239e-05
-2.878772e-13
-2.4588196e-05
1.9355935e-14
-2.8146847e-05
3.3673381e-13
-2.8146847e-05
2.5028125e-13
-2.4588196e-05
1.9950837e-13
-1.7522391e-05
-6.996325e-06
-4.3953039e-14
-6.9963252e-06
-3.2755905e-13
-1.7522391e-05
-1.8989793e-13
-2.4588197e-05
2.5896611e-14
-2.8146848e-05
2.2328913e-13
-2.8146848e-05
3.5701896e-13
-2.4588197e-05
6.1027121e-14
-1.7522391e-05
-6.9963253e-06
-1.7929572e-13
-6.9963246e-06
-1.9428525e-13
-1.752239e-05
-2.6581875e-13
-2.4588196e-05
1.8577801e-14
-2.8146848e-05
3.1324829e-13
-2.8146848e-05
2.2443656e-13
-2.4588196e-05
1.879874e-13
-1.752239e-05
-6.9963247e-06
-3.38608e-14
-6.9963249e-06
-3.0295677e-13
-1.752239e-05
-1.6847303e-13
-2.4588197e-05
2.518677e-14
-2.8146848e-05
2.0049316e-13
-2.8146848e-05
3.3130256e-13
-2.4588197e-05
5.0381392e-14
-1.752239e-05
-6.996325e-06
-1.6877596e-13
-6.9963243e-06
-1.7055838e-13
-1.7522389e-05
-2.4457766e-13
-2.4588196e-05
1.7896369e-14
-2.8146848e-05
2.9075294e-13
-2.8146848e-05
1.9965208e-13
-2.4588196e-05
1.7691657e-13
-1.752239e-05
-6.9963244e-06
-2.4161012e-14
-6.9963246e-06
-2.7930176e-13
-1.752239e-05
-1.4787226e-13
-2.4588197e-05
2.4570058e-14
-2.8146849e-05
1.786922e-13
-2.8146849e-05
3.0665502e-13
-2.4588197e-05
4.0178341e-14
-1.752239e-05
-6.9963247e-06
-1.5865876e-13
-6.996324e-06
-1.4778704e-13
-1.7522389e-05
-2.2417023e-13
-2.4588196e-05
1.7307122e-14
-2.8146848e-05
2.6925579e-13
-2.8146848e-05
1.7594177e-13
-2.4588196e-05
1.6629978e-13
-1.7522389e-05
-6.9963242e-06
-1.4864882e-14
-6.9963244e-06
-2.5661394e-13
-1.7522389e-05
-1.2811592e-13
-2.4588197e-05
2.4041648e-14
-2.8146849e-05
1.5789699e-13
-2.8146849e-05
2.8309043e-13
-2.4588197e-05
3.0426575e-14
-1.752239e-05
-6.9963244e-06
-1.4895274e-13
-6.9963238e-06
-1.2599617e-13
-1.7522389e-05
-2.0461807e-13
-2.4588196e-05
1.6803939e-14
-2.8146848e-05
2.4876822e-13
-2.8146848e-05
1.5332377e-13
-2.4588196e-05
1.5614263e-13
-1.7522389e-05
-6.9963239e-06
-5.9856496e-15
-6.9963242e-06
-2.3491844e-13
-1.7522389e-05
-1.0922926e-13
-2.4588197e-05
2.3594596e-14
-2.8146849e-05
1.3812089e-13
-2.8146849e-05
2.6062609e-13
-2.4588197e-05
2.1136474e-14
-1.7522389e-05
-6.9963242e-06
-1.3966862e-13
-6.9963236e-06
-1.0521516e-13
-1.7522388e-05
-1.8594801e-13
-2.4588196e-05
1.6378828e-14
-2.8146849e-05
2.2930299e-13
-2.8146849e-05
1.3181853e-13
-2.4588196e-05
1.4645263e-13
-1.7522389e-05
-6.9963237e-06
2.4621693e-15
-6.996324e-06
-2.1424495e-13
-1.7522389e-05
-9.1242857e-14
-2.4588196e-05
2.3219682e-14
-2.8146849e-05
1.1937779e-13
-2.8146849e-05
2.3928177e-13
-2.4588197e-05
1.2319227e-14
-1.7522389e-05
-6.996324e-06
-1.308188e-13
-6.9963234e-06
-8.5477588e-14
-1.7522388e-05
-1.6819204e-13
-2.4588196e-05
1.6020776e-14
-2.8146849e-05
2.1087341e-13
-2.8146849e-05
1.1144824e-13
-2.4588196e-05
1.3723855e-13
-1.7522388e-05
-6.9963235e-06
1.0462646e-14
-6.9963238e-06
-1.9462763e-13
-1.7522388e-05
-7.419193e-14
-2.4588196e-05
2.2904078e-14
-2.8146849e-05
1.0168102e-13
-2.814685e-05
2.1907813e-13
-2.4588197e-05
3.9866783e-15
-1.7522389e-05
-6.9963238e-06
-1.2241739e-13
-6.9963232e-06
-6.6820855e-14
-1.7522388e-05
-1.513874e-13
-2.4588196e-05
1.5714476e-14
-2.8146849e-05
1.9349098e-13
-2.8146849e-05
9.2234505e-14
-2.4588196e-05
1.2850927e-13
-1.7522388e-05
-6.9963233e-06
1.7999054e-14
-6.9963236e-06
-1.7610394e-13
-1.7522388e-05
-5.8116816e-14
-2.4588196e-05
2.2629761e-14
-2.814685e-05
8.5040462e-14
-2.814685e-05
2.000348e-13
-2.4588196e-05
-3.8504304e-15
-1.7522388e-05
-6.9963236e-06
-1.1447971e-13
-6.996323e-06
-4.9284742e-14
-1.7522388e-05
-1.3557614e-13
-2.4588195e-05
1.5439435e-14
-2.8146849e-05
1.7716245e-13
-2.8146849e-05
7.4196336e-14
-2.4588196e-05
1.2027321e-13
-1.7522388e-05
-6.9963232e-06
2.5054278e-14
-6.9963234e-06
-1.587143e-13
-1.7522388e-05
-4.3062093e-14
-2.4588196e-05
2.2373386e-14
-2.814685e-05
6.9460211e-14
-2.814685e-05
1.8216746e-13
-2.4588196e-05
-1.1182583e-14
-1.7522388e-05
-6.9963235e-06
-1.0702181e-13
-6.9963229e-06
-3.2911464e-14
-1.7522387e-05
-1.2080491e-13
-2.4588195e-05
1.5168227e-14
-2.8146849e-05
1.6188777e-13
-2.8146849e-05
5.7347666e-14
-2.4588196e-05
1.1253781e-13
-1.7522388e-05
-6.996323e-06
3.161136e-14
-6.9963233e-06
-1.4250092e-13
-1.7522388e-05
-2.9077151e-14
-2.4588196e-05
2.2103832e-14
-2.814685e-05
5.4935604e-14
-2.814685e-05
1.6548641e-13
-2.4588196e-05
-1.8002618e-14
-1.7522388e-05
-6.9963233e-06
-1.0006015e-13
-6.9963228e-06
-1.7743249e-14
-1.7522387e-05
-1.0712493e-13
-2.4588195e-05
1.4865731e-14
-2.8146849e-05
1.4765756e-13
-2.8146849e-05
4.1694689e-14
-2.4588196e-05
1.0530816e-13
-1.7522387e-05
-6.9963229e-06
3.7653674e-14
-6.9963232e-06
-1.2750573e-13
-1.7522388e-05
-1.621414e-14
-2.4588196e-05
2.1781119e-14
-2.814685e-05
4.145137e-14
-2.814685e-05
1.4999317e-13
-2.4588196e-05
-2.4306653e-14
-1.7522388e-05
-6.9963232e-06
-9.3611127e-14
-6.9963227e-06
-3.821312e-15
-1.7522387e-05
-9.4589925e-14
-2.4588195e-05
1.4487573e-14
-2.8146849e-05
1.3444949e-13
-2.8146849e-05
2.7233341e-14
-2.4588195e-05
9.8586142e-14
-1.7522387e-05
-6.9963228e-06
4.3166478e-14
-6.9963231e-06
-1.1376963e-13
-1.7522387e-05
-4.5276039e-15
-2.4588196e-05
2.1356405e-14
-2.814685e-05
2.8977256e-14
-2.814685e-05
1.3567759e-13
-2.4588196e-05
-3.009586e-14
-1.7522387e-05
-6.9963231e-06
-8.7689328e-14
-6.9963226e-06
8.8161217e-15
-1.7522387e-05
-8.3255122e-14
-2.4588195e-05
1.3979814e-14
-2.8146849e-05
1.2222592e-13
-2.8146849e-05
1.3946078e-14
-2.4588195e-05
9.2368794e-14
-1.7522387e-05
-6.9963227e-06
4.8137929e-14
-6.996323e-06
-1.0132946e-13
-1.7522387e-05
5.9283699e-15
-2.4588196e-05
2.0770716e-14
-2.814685e-05
1.7466356e-14
-2.814685e-05
1.2251552e-13
-2.4588196e-05
-3.5377118e-14
-1.7522387e-05
-6.996323e-06
-8.2307123e-14
-6.9963225e-06
2.0136435e-14
-1.7522387e-05
-7.3174702e-14
-2.4588195e-05
1.3278843e-14
-2.8146849e-05
1.1093128e-13
-2.8146849e-05
1.7989766e-15
-2.4588195e-05
8.6647694e-14
-1.7522387e-05
-6.9963226e-06
5.2559605e-14
-6.9963229e-06
-9.0215205e-14
-1.7522387e-05
1.5102342e-14
-2.4588196e-05
1.9955985e-14
-2.814685e-05
6.8526457e-15
-2.814685e-05
1.1046556e-13
-2.4588196e-05
-4.0165121e-14
-1.7522387e-05
-6.9963229e-06
-7.7473445e-14
-6.9963224e-06
3.0117206e-14
-1.7522387e-05
-6.4397867e-14
-2.4588195e-05
1.2312662e-14
-2.8146849e-05
1.0049047e-13
-2.8146849e-05
-9.2610199e-15
-2.4588195e-05
8.1407138e-14
-1.7522387e-05
-6.9963225e-06
5.6428483e-14
-6.9963228e-06
-8.0445209e-14
-1.7522387e-05
2.295097e-14
-2.4588196e-05
1.8836899e-14
-2.814685e-05
-2.9508004e-15
-2.814685e-05
9.9466369e-14
-2.4588196e-05
-4.4482427e-14
-1.7522387e-05
-6.9963228e-06
-7.3191405e-14
-6.9963223e-06
3.8750005e-14
-1.7522386e-05
-5.6963672e-14
-2.4588195e-05
1.1003774e-14
-2.8146849e-05
9.0807988e-14
-2.8146849e-05
-1.93081e-14
-2.4588195e-05
7.6623e-14
-1.7522387e-05
-6.9963224e-06
5.9749847e-14
-6.9963228e-06
-7.2021295e-14
-1.7522387e-05
2.9444634e-14
-2.4588196e-05
1.7334704e-14
-2.814685e-05
-1.2051029e-14
-2.814685e-05
8.9435192e-14
-2.4588196e-05
-4.8361979e-14
-1.7522387e-05
-6.9963228e-06
-6.9455782e-14
-6.9963223e-06
4.6047006e-14
-1.7522386e-05
-5.0892938e-14
-2.4588195e-05
9.2737057e-15
-2.8146849e-05
8.176804e-14
-2.8146849e-05
-2.8439279e-14
-2.4588195e-05
7.2262267e-14
-1.7522386e-05
-6.9963223e-06
6.2538364e-14
-6.9963227e-06
-6.4921195e-14
-1.7522387e-05
3.4577067e-14
-2.4588196e-05
1.5373408e-14
-2.814685e-05
-2.0574868e-14
-2.814685e-05
8.0266576e-14
-2.4588196e-05
-5.1846491e-14
-1.7522387e-05
-6.9963227e-06
-6.6250895e-14
-6.9963222e-06
5.2049588e-14
-1.7522386e-05
-4.6178125e-14
-2.4588195e-05
7.0506561e-15
-2.8146849e-05
7.3238155e-14
-2.8146849e-05
-3.6775447e-14
-2.4588195e-05
6.8281516e-14
-1.7522386e-05
-6.9963223e-06
6.4823561e-14
-6.9963227e-06
-5.9089089e-14
-1.7522387e-05
3.8376384e-14
-2.4588196e-05
1.2888516e-14
-2.814685e-05
-2.8663958e-14
-2.814685e-05
7.1831714e-14
-2.4588196e-05
-5.4990681e-14
-1.7522387e-05
-6.9963226e-06
-6.3544634e-14
-6.9963222e-06
5.6837957e-14
-1.7522386e-05
-4.2769889e-14
-2.4588195e-05
4.2800195e-15
-2.8146849e-05
6.5073511e-14
-2.8146849e-05
-4.4460086e-14
-2.4588195e-05
6.4626248e-14
-1.7522386e-05
-6.9963222e-06
6.6652838e-14
-6.9963226e-06
-5.4424423e-14
-1.7522387e-05
4.0920994e-14
-2.4588195e-05
9.8402023e-15
-2.814685e-05
-3.6468754e-14
-2.814685e-05
6.3980987e-14
-2.4588195e-05
-5.7860396e-14
-1.7522387e-05
-6.9963226e-06
-6.1285084e-14
-6.9963221e-06
6.0544137e-14
-1.7522386e-05
-4.0560088e-14
-2.4588195e-05
9.4026896e-16
-2.8146849e-05
5.7125972e-14
-2.8146849e-05
-5.1656701e-14
-2.4588195e-05
6.1231213e-14
-1.7522386e-05
-6.9963222e-06
6.8097353e-14
-6.9963226e-06
-5.0768141e-14
-1.7522386e-05
4.2357083e-14
-2.4588195e-05
6.2304772e-15
-2.814685e-05
-4.4137469e-14
-2.814685e-05
5.6547615e-14
-2.4588195e-05
-6.0532531e-14
-1.7522386e-05
-6.9963226e-06
-5.9394008e-14
-6.9963221e-06
6.3365527e-14
-1.7522386e-05
-3.9362646e-14
-2.4588195e-05
-2.9395958e-15
-2.8146849e-05
4.9257075e-14
-2.8146849e-05
-5.854286e-14
-2.4588195e-05
5.8021174e-14
-1.7522386e-05
-6.9963221e-06
6.9257107e-14
-6.9963225e-06
-4.7888588e-14
-1.7522386e-05
4.2919014e-14
-2.4588195e-05
2.1230676e-15
-2.814685e-05
-5.1801265e-14
-2.814685e-05
4.9354804e-14
-2.4588195e-05
-6.3093218e-14
-1.7522386e-05
-6.9963225e-06
-5.776157e-14
-6.996322e-06
6.5578899e-14
-1.7522386e-05
-3.8892673e-14
-2.4588194e-05
-7.2580922e-15
-2.8146849e-05
4.1354565e-14
-2.8146849e-05
-6.5300891e-14
-2.4588194e-05
5.4912662e-14
-1.7522386e-05
-6.9963221e-06
7.0266383e-14
-6.9963225e-06
-4.5468087e-14
-1.7522386e-05
4.2948718e-14
-2.4588195e-05
-2.3344345e-15
-2.8146849e-05
-5.9554629e-14
-2.8146849e-05
4.222733e-14
-2.4588195e-05
-6.5634652e-14
-1.7522386e-05
-6.9963225e-06
-5.6240359e-14
-6.996322e-06
6.7551265e-14
-1.7522386e-05
-3.8749075e-14
-2.4588194e-05
-1.1818481e-14
-2.8146849e-05
3.3354434e-14
-2.8146849e-05
-7.2104684e-14
-2.4588194e-05
5.1817218e-14
-1.7522386e-05
-6.9963221e-06
7.1297303e-14
-6.9963225e-06
-4.3095221e-14
-1.7522386e-05
4.2910369e-14
-2.4588195e-05
-6.8885229e-15
-2.8146849e-05
-6.7431482e-14
-2.8146849e-05
3.5006156e-14
-2.4588195e-05
-6.8250971e-14
-1.7522386e-05
-6.9963225e-06
-5.4642698e-14
-6.996322e-06
6.9743545e-14
-1.7522386e-05
-3.8405524e-14
-2.4588194e-05
-1.6309703e-14
-2.8146849e-05
2.526433e-14
-2.8146849e-05
-7.9100908e-14
-2.4588194e-05
4.8645531e-14
-1.7522386e-05
-6.9963221e-06
7.2559698e-14
-6.9963224e-06
-4.0265667e-14
-1.7522386e-05
4.3391154e-14
-2.4588195e-05
-1.1165397e-14
-2.8146849e-05
-7.5381486e-14
-2.8146849e-05
2.7568059e-14
-2.4588195e-05
-7.1030934e-14
-1.7522386e-05
-6.9963224e-06
-5.27404e-14
-6.9963219e-06
7.2698975e-14
-1.7522386e-05
-3.7218138e-14
-2.4588194e-05
-2.0297221e-14
-2.8146849e-05
1.7187876e-14
-2.8146849e-05
-8.6387398e-14
-2.4588194e-05
4.5312068e-14
-1.7522386e-05
-6.996322e-06
7.4293427e-14
-6.9963224e-06
-3.6404008e-14
-1.7522386e-05
4.508019e-14
-2.4588195e-05
-1.4670095e-14
-2.8146849e-05
-8.3243145e-14
-2.8146849e-05
1.9847546e-14
-2.4588195e-05
-7.4049742e-14
-1.7522386e-05
-6.9963224e-06
-5.0272957e-14
-6.9963219e-06
7.7006352e-14
-1.7522386e-05
-3.4465068e-14
-2.4588194e-05
-2.3230521e-14
-2.8146848e-05
9.3488099e-15
-2.8146848e-05
-9.39827e-14
-2.4588194e-05
4.1740096e-14
-1.7522386e-05
-6.996322e-06
7.6748073e-14
-6.9963224e-06
-3.0915177e-14
-1.7522386e-05
4.8704634e-14
-2.4588195e-05
-1.6805373e-14
-2.8146849e-05
-9.071408e-14
-2.8146849e-05
1.1869103e-14
-2.4588195e-05
-7.7355739e-14
-1.7522386e-05
-6.9963224e-06
-4.6967032e-14
-6.9963219e-06
8.32166e-14
-1.7522385e-05
-2.9435475e-14
-2.4588194e-05
-2.4473635e-14
-2.8146848e-05
2.1250649e-15
-2.8146848e-05
-1.0177687e-13
-2.4588194e-05
3.7868895e-14
-1.7522386e-05
-6.996322e-06
8.0138956e-14
-6.9963224e-06
-2.3296527e-14
-1.7522386e-05
5.4901952e-14
-2.4588195e-05
-1.6917025e-14
-2.8146849e-05
-9.7296269e-14
-2.8146849e-05
3.808968e-15
-2.4588195e-05
-8.0944888e-14
-1.7522386e-05
-6.9963224e-06
-4.2583638e-14
-6.9963219e-06
9.1675444e-14
-1.7522385e-05
-2.1604592e-14
-2.4588194e-05
-2.3359164e-14
-2.8146848e-05
-3.874853e-15
-2.8146848e-05
-1.0942388e-13
-2.4588194e-05
3.3677312e-14
-1.7522386e-05
-6.996322e-06
8.4554408e-14
-6.9963223e-06
-1.3364022e-14
-1.7522386e-05
6.3971588e-14
-2.4588194e-05
-1.4358452e-14
-2.8146849e-05
-1.0215845e-13
-2.8146849e-05
-3.8520602e-15
-2.4588195e-05
-8.4694439e-14
-1.7522386e-05
-6.9963224e-06
-3.7032781e-14
-6.9963219e-06
1.0217908e-13
-1.7522385e-05
-1.0970138e-14
-2.4588194e-05
-1.9253972e-14
-2.8146848e-05
-7.5962084e-15
-2.8146848e-05
-1.160737e-13
-2.4588194e-05
2.9267714e-14
-1.7522386e-05
-6.996322e-06
8.9747464e-14
-6.9963223e-06
-1.7370171e-15
-1.7522386e-05
7.5396943e-14
-2.4588194e-05
-8.555738e-15
-2.8146848e-05
-1.0376754e-13
-2.8146848e-05
-9.9196349e-15
-2.4588194e-05
-8.818776e-14
-1.7522386e-05
-6.9963224e-06
-3.0659701e-14
-6.9963219e-06
1.1323739e-13
-1.7522385e-05
1.2774575e-15
-2.4588193e-05
-1.1608839e-14
-2.8146848e-05
-6.9614178e-15
-2.8146848e-05
-1.196954e-13
-2.4588194e-05
2.5124931e-14
-1.7522386e-05
-6.996322e-06
9.4662166e-14
-6.9963223e-06
9.0819322e-15
-1.7522386e-05
8.6874348e-14
-2.4588194e-05
9.6201633e-16
-2.8146848e-05
-9.8963957e-14
-2.8146848e-05
-1.14466e-14
-2.4588194e-05
-9.0257758e-14
-1.7522386e-05
-6.9963224e-06
-2.4961966e-14
-6.9963219e-06
1.2045098e-13
-1.7522385e-05
1.1350985e-14
-2.4588193e-05
4.8837564e-17
-2.8146847e-05
2.5423481e-15
-2.8146848e-05
-1.1545176e-13
-2.4588194e-05
2.2828385e-14
-1.7522386e-05
-6.9963221e-06
9.6318978e-14
-6.9963224e-06
1.2282361e-14
-1.7522386e-05
9.2275495e-14
-2.4588194e-05
1.4611309e-14
-2.8146848e-05
-8.0830695e-14
-2.8146848e-05
-1.256416e-15
-2.4588194e-05
-8.7859588e-14
-1.7522386e-05
-6.9963224e-06
-2.4324771e-14
-6.9963219e-06
1.1293902e-13
-1.7522385e-05
9.8796167e-15
-2.4588193e-05
1.6218632e-14
-2.8146847e-05
3.1032891e-14
-2.8146847e-05
-9.201279e-14
-2.4588193e-05
2.6823164e-14
-1.7522385e-05
-6.9963221e-06
8.7270061e-14
-6.9963224e-06
-8.5876836e-15
-1.7522386e-05
7.73758e-14
-2.4588194e-05
3.2910259e-14
-2.8146848e-05
-3.4140396e-14
-2.8146848e-05
3.7567668e-14
-2.4588194e-05
-7.3464295e-14
-1.7522386e-05
-6.9963225e-06
-3.9983434e-14
-6.9963219e-06
6.5736436e-14
-1.7522385e-05
-2.4294907e-14
-2.4588193e-05
3.7627337e-14
-2.8146847e-05
1.0080457e-13
-2.8146847e-05
-2.3719469e-14
-2.4588193e-05
4.8473735e-14
-1.7522385e-05
-6.9963221e-06
5.0050514e-14
-6.9963223e-06
-9.0732501e-14
-1.7522385e-05
1.1282005e-14
-2.4588194e-05
5.6706559e-14
-2.8146848e-05
7.3633844e-14
-2.8146848e-05
1.4306668e-13
-2.4588194e-05
-2.9398819e-14
-1.7522386e-05
-6.9963224e-06
-9.8442038e-14
-6.9963218e-06
-7.53552e-14
-1.7522385e-05
-1.3616467e-13
-2.4588193e-05
6.5439997e-14
-2.8146847e-05
2.587975e-13
-2.8146847e-05
1.4483002e-13
-2.4588193e-05
1.1460291e-13
-1.7522385e-05
-6.9963219e-06
-5.39858e-14
-6.9963221e-06
-3.1330517e-13
-1.7522385e-05
-1.6929021e-13
-2.4588194e-05
8.7336633e-14
-2.8146848e-05
3.083433e-13
-2.8146848e-05
3.9582738e-13
-2.4588194e-05
8.3430056e-14
-1.7522385e-05
-6.9963222e-06
-2.5763546e-13
-6.9963214e-06
-4.2074959e-13
-1.7522384e-05
-4.1522987e-13
-2.4588193e-05
1.0127339e-13
-2.8146848e-05
5.9738695e-13
-2.8146848e-05
5.2583838e-13
-2.4588193e-05
2.8374449e-13
-1.7522384e-05
-6.9963215e-06
-3.0442422e-13
-6.9963215e-06
-8.3224244e-13
-1.7522384e-05
-5.8425289e-13
-2.4588194e-05
1.2645385e-13
-2.8146849e-05
7.9311383e-13
-2.8146849e-05
9.5370285e-13
-2.4588194e-05
3.4532752e-13
-1.7522384e-05
-6.9963215e-06
-6.3339063e-13
-6.9963204e-06
-1.1758774e-12
-1.7522383e-05
-1.0229451e-12
-2.4588193e-05
1.4671277e-13
-2.814685e-05
1.281101e-12
-2.814685e-05
1.326646e-12
-2.4588193e-05
6.725531e-13
-1.7522383e-05
-6.9963205e-06
-8.4919086e-13
-6.9963199e-06
-1.9216205e-12
-1.7522383e-05
-1.4339182e-12
-2.4588195e-05
1.7522418e-13
-2.8146852e-05
1.7306435e-12
-2.8146852e-05
2.0923314e-12
-2.4588194e-05
9.0503722e-13
-1.7522382e-05
-6.9963198e-06
-1.430249e-12
-6.9963181e-06
-2.6699304e-12
-1.7522381e-05
-2.2052993e-12
-2.4588194e-05
2.0194188e-13
-2.8146854e-05
2.5568891e-12
-2.8146854e-05
2.8770649e-12
-2.4588194e-05
1.4863089e-12
-1.752238e-05
-6.996318e-06
-1.9211322e-12
-6.9963165e-06
-3.9750317e-12
-1.7522379e-05
-2.9788439e-12
-2.4588196e-05
2.3248276e-13
-2.8146858e-05
3.379681e-12
-2.8146857e-05
4.2046534e-12
-2.4588195e-05
1.9958487e-12
-1.7522379e-05
-6.9963163e-06
-2.9411231e-12
-6.9963131e-06
-5.2873212e-12
-1.7522376e-05
-4.2126782e-12
-2.4588196e-05
2.6349911e-13
-2.8146862e-05
4.6700242e-12
-2.8146861e-05
5.5585002e-12
-2.4588195e-05
3.0179673e-12
-1.7522376e-05
-6.9963129e-06
-3.7776528e-12
-6.9963097e-06
-7.3199213e-12
-1.7522373e-05
-5.3478708e-12
-2.4588199e-05
2.9227342e-13
-2.8146868e-05
5.8583899e-12
-2.8146867e-05
7.6126883e-12
-2.4588198e-05
3.8745286e-12
-1.7522372e-05
-6.9963093e-06
-5.4098122e-12
-6.9963038e-06
-9.0718281e-12
-1.7522369e-05
-6.9306514e-12
-2.45882e-05
3.2158051e-13
-2.8146874e-05
7.4899198e-12
-2.8146874e-05
9.405391e-12
-2.4588199e-05
5.5098918e-12
-1.7522368e-05
-6.9963034e-06
-6.4043693e-12
-6.9962978e-06
-1.1508706e-11
-1.7522364e-05
-7.8939502e-12
-2.4588204e-05
3.4136721e-13
-2.8146883e-05
8.4953663e-12
-2.8146883e-05
1.1856256e-11
-2.4588203e-05
6.5242215e-12
-1.7522363e-05
-6.9962971e-06
-8.5317061e-12
-6.9962888e-06
-1.2550928e-11
-1.752236e-05
-8.8460799e-12
-2.4588207e-05
3.5808037e-13
-2.8146892e-05
9.4725735e-12
-2.8146891e-05
1.2927948e-11
-2.4588206e-05
8.6538778e-12
-1.7522358e-05
-6.9962881e-06
-8.7047825e-12
-6.9962804e-06
-1.3518924e-11
-1.7522355e-05
-7.6403235e-12
-2.4588214e-05
3.5843978e-13
-2.81469e-05
8.2743676e-12
-2.81469e-05
1.3892807e-11
-2.4588212e-05
8.8436711e-12
-1.7522353e-05
-6.9962795e-06
-1.0257222e-11
-6.9962696e-06
-1.0154706e-11
-1.7522355e-05
-4.8453993e-12
-2.4588218e-05
3.4778173e-13
-2.8146905e-05
5.460307e-12
-2.8146904e-05
1.0532369e-11
-2.4588216e-05
1.039425e-11
-1.7522353e-05
-6.9962686e-06
-6.8654352e-12
-6.9962631e-06
-4.2634382e-12
-1.7522358e-05
3.6365958e-12
-2.4588227e-05
3.1724163e-13
-2.8146902e-05
-3.0776506e-12
-2.8146901e-05
4.6103684e-12
-2.4588224e-05
7.0122565e-12
-1.7522355e-05
-6.9962618e-06
-4.6449442e-12
-6.9962579e-06
1.2147023e-11
-1.7522374e-05
1.7421272e-11
-2.4588231e-05
2.6346738e-13
-2.8146884e-05
-1.6945501e-11
-2.8146883e-05
-1.1837068e-11
-2.4588229e-05
4.7809034e-12
-1.7522372e-05
-6.9962566e-06
8.1206489e-12
-6.9962663e-06
3.6515454e-11
-1.7522403e-05
4.3549679e-11
-2.4588239e-05
1.9344138e-13
-2.8146842e-05
-4.3219123e-11
-2.814684e-05
-3.6271708e-11
-2.4588236e-05
-7.9865375e-12
-1.75224e-05
-6.9962648e-06
2.0910552e-11
-6.9962867e-06
8.2125515e-11
-1.7522464e-05
8.1813585e-11
-2.4588238e-05
8.5840259e-14
-2.8146759e-05
-8.1639356e-11
-2.8146758e-05
-8.1970145e-11
-2.4588235e-05
-2.0802954e-11
-1.7522461e-05
-6.9962852e-06
5.2906219e-11
-6.9963399e-06
1.4497787e-10
-1.7522557e-05
1.4273646e-10
-2.4588236e-05
-2.3404006e-14
-2.8146617e-05
-1.4280646e-10
-2.8146616e-05
-1.4492614e-10
-2.4588234e-05
-5.2817641e-11
-1.7522554e-05
-6.9963384e-06
8.7492008e-11
-6.9964269e-06
2.4409926e-10
-1.7522713e-05
2.2570121e-10
-2.4588217e-05
-1.8351563e-13
-2.8146391e-05
-2.2598949e-10
-2.814639e-05
-2.4418981e-10
-2.4588215e-05
-8.7454759e-11
-1.752271e-05
-6.9964255e-06
1.5192546e-10
-6.9965793e-06
3.7255915e-10
-1.7522934e-05
3.4383068e-10
-2.458819e-05
-3.1801498e-13
-2.8146047e-05
-3.4444499e-10
-2.8146046e-05
-3.727869e-10
-2.4588187e-05
-1.5193089e-10
-1.7522931e-05
-6.9965779e-06
2.2238414e-10
-6.9968014e-06
5.5291371e-10
-1.7523265e-05
4.9438057e-10
-2.4588131e-05
-5.1242131e-13
-2.8145552e-05
-4.9523979e-10
-2.8145551e-05
-5.5333185e-10
-2.4588129e-05
-2.2247725e-10
-1.7523262e-05
-6.9968002e-06
3.3171751e-10
-6.9971338e-06
7.7265324e-10
-1.7523707e-05
6.898082e-10
-2.4588049e-05
-6.4475283e-13
-2.8144863e-05
-6.9102903e-10
-2.8144862e-05
-7.7323607e-10
-2.4588047e-05
-3.3188293e-10
-1.7523704e-05
-6.9971327e-06
4.4900422e-10
-6.9975828e-06
1.0518758e-09
-1.7524309e-05
9.2204437e-10
-2.4587919e-05
-8.4058358e-13
-2.8143939e-05
-9.2348436e-10
-2.8143939e-05
-1.0526838e-09
-2.4587918e-05
-4.4930101e-10
-1.7524308e-05
-6.9975821e-06
6.063996e-10
-6.9981901e-06
1.3686761e-09
-1.7525073e-05
1.197062e-09
-2.4587749e-05
-9.385766e-13
-2.8142743e-05
-1.1988318e-09
-2.8142742e-05
-1.3696651e-09
-2.4587748e-05
-6.0679229e-10
-1.7525072e-05
-6.9981896e-06
7.673441e-10
-6.9989576e-06
1.7316373e-09
-1.7526037e-05
1.4971449e-09
-2.4587515e-05
-1.0998202e-12
-2.8141244e-05
-1.4990528e-09
-2.8141244e-05
-1.7328564e-09
-2.4587515e-05
-7.6789821e-10
-1.7526037e-05
-6.9989577e-06
9.5485259e-10
-6.9999136e-06
2.1052601e-09
-1.7527189e-05
1.8148594e-09
-2.4587226e-05
-1.1443071e-12
-2.8139429e-05
-1.817019e-09
-2.813943e-05
-2.1066571e-09
-2.4587227e-05
-9.554907e-10
-1.7527189e-05
-6.9999139e-06
1.1285303e-09
-7.0010423e-06
2.4776259e-09
-1.7528537e-05
2.1189269e-09
-2.4586867e-05
-1.2714516e-12
-2.8137309e-05
-2.1211574e-09
-2.813731e-05
-2.4792129e-09
-2.4586869e-05
-1.1293003e-09
-1.752854e-05
-7.0010433e-06
1.2937394e-09
-7.0023369e-06
2.7960895e-09
-1.753004e-05
2.3838095e-09
-2.4586456e-05
-1.2983437e-12
-2.8134925e-05
-2.3862297e-09
-2.8134926e-05
-2.7977997e-09
-2.4586459e-05
-1.2945064e-09
-1.7530043e-05
-7.0023384e-06
1.4051835e-09
-7.003742e-06
3.0195529e-09
-1.7531654e-05
2.5577435e-09
-2.4585994e-05
-1.3876335e-12
-2.8132366e-05
-2.5601849e-09
-2.8132368e-05
-3.0213617e-09
-2.4585998e-05
-1.4060336e-09
-1.7531658e-05
-7.0037444e-06
1.4620351e-09
-7.0052046e-06
3.0710336e-09
-1.7533263e-05
2.5824651e-09
-2.4585506e-05
-1.3741271e-12
-2.8129783e-05
-2.5850164e-09
-2.8129785e-05
-3.0728912e-09
-2.458551e-05
-1.4628513e-09
-1.7533268e-05
-7.0052073e-06
1.4749605e-09
2.8896216e-09
2.378533e-09
-1.3923076e-12
-2.381049e-09
-2.8914342e-09
-1.4758552e-09
)
;

boundaryField
{
    left
    {
        type            calculated;
        value           nonuniform List<scalar> 8(1.9313562e-05 1.9313562e-05 1.9313562e-05 1.9313562e-05 1.9313562e-05 1.9313562e-05 1.9313562e-05 1.9313562e-05);
    }
    right
    {
        type            calculated;
        value           nonuniform List<scalar> 8(-7.0066793e-06 -1.7534678e-05 -2.4584995e-05 -2.8127403e-05 -2.8127405e-05 -2.4585e-05 -1.7534684e-05 -7.0066832e-06);
    }
    walls
    {
        type            calculated;
        value           uniform 0;
    }
    frontAndBack
    {
        type            empty;
        value           nonuniform 0();
    }
}


// ************************************************************************* //
