/*--------------------------------*- C++ -*----------------------------------*\
| =========                 |                                                 |
| \\      /  F ield         | OpenFOAM: The Open Source CFD Toolbox           |
|  \\    /   O peration     | Version:  5.x                                   |
|   \\  /    A nd           | Web:      www.OpenFOAM.org                      |
|    \\/     M anipulation  |                                                 |
\*---------------------------------------------------------------------------*/
FoamFile
{
    version     2.0;
    format      ascii;
    class       volSymmTensorField;
    location    "9";
    object      sigma;
}
// * * * * * * * * * * * * * * * * * * * * * * * * * * * * * * * * * * * * * //

dimensions      [0 2 -2 0 0 0 0];

internalField   nonuniform List<symmTensor> 
1920
(
(0.003333568 0.017079142 0 -0.010406925 0 0)
(-0.00049902514 0.0069596708 0 0.0018051779 0 0)
(-0.0021864509 0.0041450067 0 0.0017186939 0 0)
(-0.0017835123 0.0012981445 0 0.0017680342 0 0)
(-0.0017834768 -0.0012981549 0 0.0017679979 0 0)
(-0.0021864567 -0.004144965 0 0.0017187012 0 0)
(-0.00049903089 -0.0069596684 0 0.0018051836 0 0)
(0.0033335666 -0.017079142 0 -0.010406921 0 0)
(0.0056648423 0.011983455 0 -0.0059588102 0 0)
(0.00066984207 0.0024844722 0 0.00056276516 0 0)
(-0.003465412 0.00099426513 0 0.0029572863 0 0)
(-0.003528322 0.00050252565 0 0.0032404085 0 0)
(-0.0035282992 -0.00050252793 0 0.0032403839 0 0)
(-0.0034654424 -0.00099409699 0 0.0029573198 0 0)
(0.00066984735 -0.0024844642 0 0.00056275574 0 0)
(0.0056648424 -0.011983457 0 -0.005958811 0 0)
(0.0052089366 0.010335142 0 -0.0068495326 0 0)
(0.0013061391 0.0015604201 0 -0.00071531449 0 0)
(-0.0029637986 0.00041469087 0 0.0026561082 0 0)
(-0.003800093 0.00014470813 0 0.0036165743 0 0)
(-0.0038001028 -0.00014470807 0 0.0036165863 0 0)
(-0.0029637409 -0.00041486667 0 0.0026560473 0 0)
(0.0013061471 -0.0015604323 0 -0.00071532105 0 0)
(0.0052089394 -0.010335144 0 -0.0068495373 0 0)
(0.0040754659 0.0095572907 0 -0.0056950152 0 0)
(0.0014805685 0.0020638841 0 -0.0012555134 0 0)
(-0.0022545748 0.000439888 0 0.0021122511 0 0)
(-0.0035083116 5.5170848e-05 0 0.0034417467 0 0)
(-0.0035082395 -5.5184721e-05 0 0.0034416771 0 0)
(-0.0022546485 -0.00043977864 0 0.0021123245 0 0)
(0.0014805736 -0.0020638703 0 -0.0012555176 0 0)
(0.0040754723 -0.0095572905 0 -0.0056950218 0 0)
(0.0031258359 0.0091877664 0 -0.0043650838 0 0)
(0.0013761584 0.0027901151 0 -0.0013347423 0 0)
(-0.001612557 0.00085964606 0 0.0015171532 0 0)
(-0.0029830112 0.00015373761 0 0.002943503 0 0)
(-0.0029831925 -0.00015373181 0 0.0029436847 0 0)
(-0.0016129949 -0.00085936827 0 0.0015175858 0 0)
(0.001376149 -0.0027901051 0 -0.0013347327 0 0)
(0.0031258411 -0.0091877603 0 -0.0043650889 0 0)
(0.0023913258 0.0089283899 0 -0.0033791485 0 0)
(0.0011750811 0.0035591685 0 -0.0012466381 0 0)
(-0.0011665715 0.0013138912 0 0.0010864024 0 0)
(-0.0022085306 0.00032846629 0 0.0021859471 0 0)
(-0.0022084664 -0.00032849841 0 0.0021858806 0 0)
(-0.0011660729 -0.0013143233 0 0.0010859056 0 0)
(0.0011751185 -0.0035591653 0 -0.001246676 0 0)
(0.0023913358 -0.0089283841 0 -0.0033791578 0 0)
(0.0016467321 0.0086670534 0 -0.0025010086 0 0)
(0.00090945068 0.0042452443 0 -0.0010675234 0 0)
(-0.0007696176 0.0018199493 0 0.00069504667 0 0)
(-0.0016865631 0.00049273827 0 0.0016757021 0 0)
(-0.0016865329 -0.00049275343 0 0.0016756725 0 0)
(-0.00076951387 -0.0018200229 0 0.00069494182 0 0)
(0.00090947177 -0.0042452385 0 -0.0010675437 0 0)
(0.0016467336 -0.0086670389 0 -0.0025010093 0 0)
(0.0011467899 0.0084962935 0 -0.001932576 0 0)
(0.00071155829 0.0046541292 0 -0.00092495375 0 0)
(-0.00049288501 0.0022654018 0 0.00041560456 0 0)
(-0.0012527324 0.00064352099 0 0.0012486094 0 0)
(-0.0012527962 -0.00064350525 0 0.001248672 0 0)
(-0.0004928822 -0.0022653766 0 0.00041560201 0 0)
(0.00071156206 -0.0046541453 0 -0.0009249595 0 0)
(0.0011467871 -0.0084962781 0 -0.0019325712 0 0)
(0.00078712027 0.0083798777 0 -0.0015313583 0 0)
(0.00051241805 0.0050368088 0 -0.00077016756 0 0)
(-0.00032389842 0.0025898453 0 0.00023868683 0 0)
(-0.0009301341 0.00076343967 0 0.00092751365 0 0)
(-0.00092993718 -0.0007635192 0 0.00092731993 0 0)
(-0.00032385082 -0.0025899 0 0.0002386392 0 0)
(0.00051245004 -0.0050367683 0 -0.00077019836 0 0)
(0.00078713871 -0.0083798624 0 -0.0015313756 0 0)
(0.00052899339 0.0082983024 0 -0.001247668 0 0)
(0.00037119654 0.0052786272 0 -0.00065891129 0 0)
(-0.00020590194 0.002852226 0 0.00011115677 0 0)
(-0.00063221188 0.00088098618 0 0.00062868845 0 0)
(-0.0006323841 -0.00088092607 0 0.00062885912 0 0)
(-0.00020592224 -0.0028521609 0 0.00011117864 0 0)
(0.00037119134 -0.0052786425 0 -0.00065890702 0 0)
(0.00052898653 -0.0082982795 0 -0.0012476584 0 0)
(0.00034787537 0.0082427923 0 -0.0010513299 0 0)
(0.00026294424 0.0054525551 0 -0.00057161899 0 0)
(-0.00012836966 0.0030482233 0 2.5187062e-05 0 0)
(-0.00043761169 0.0009616104 0 0.00043203024 0 0)
(-0.00043753602 -0.0009616509 0 0.00043195443 0 0)
(-0.00012833492 -0.0030482868 0 2.5150378e-05 0 0)
(0.00026296878 -0.0054525122 0 -0.00057164131 0 0)
(0.000347894 -0.0082427735 0 -0.0010513465 0 0)
(0.00022454204 0.0082059959 0 -0.00091909321 0 0)
(0.00018104497 0.0055767379 0 -0.00050402928 0 0)
(-7.857481e-05 0.0031895696 0 -3.125422e-05 0 0)
(-0.00029045213 0.001025348 0 0.00028272456 0 0)
(-0.00029044518 -0.0010253574 0 0.00028271716 0 0)
(-7.8595057e-05 -0.0031895127 0 -3.1232329e-05 0 0)
(0.00018103262 -0.0055767484 0 -0.00050401756 0 0)
(0.00022453283 -0.0082059696 0 -0.00091908081 0 0)
(0.00014257709 0.0081821294 0 -0.00083198234 0 0)
(0.00012186223 0.0056617766 0 -0.00045429516 0 0)
(-4.7114297e-05 0.0032891645 0 -6.7687298e-05 0 0)
(-0.00019083518 0.0010699368 0 0.00018129201 0 0)
(-0.00019099401 -0.0010698886 0 0.00018145083 0 0)
(-4.7099559e-05 -0.0032892166 0 -6.7703979e-05 0 0)
(0.00012187622 -0.0056617405 0 -0.00045430686 0 0)
(0.0001425901 -0.0081821085 0 -0.00083199241 0 0)
(8.8929769e-05 0.0081668836 0 -0.00077539126 0 0)
(8.0425788e-05 0.0057184206 0 -0.00041897732 0 0)
(-2.753773e-05 0.0033579163 0 -9.0824892e-05 0 0)
(-0.00012314753 0.0011012351 0 0.00011220491 0 0)
(-0.00012295585 -0.0011013249 0 0.00011201242 0 0)
(-2.7556002e-05 -0.0033578789 0 -9.0805527e-05 0 0)
(8.0409667e-05 -0.0057184263 0 -0.00041896115 0 0)
(8.8921492e-05 -0.0081668584 0 -0.00077537961 0 0)
(5.4363102e-05 0.0081573207 0 -0.00073918389 0 0)
(5.2096373e-05 0.005755436 0 -0.00039452977 0 0)
(-1.5625225e-05 0.003404393 0 -0.00010520324 0 0)
(-7.9118191e-05 0.0011222057 0 6.7167249e-05 0 0)
(-7.9335364e-05 -0.0011221324 0 6.7384838e-05 0 0)
(-1.5624617e-05 -0.0034044303 0 -0.00010520545 0 0)
(5.2100276e-05 -0.0057554112 0 -0.00039453174 0 0)
(5.4369508e-05 -0.0081573002 0 -0.00073918704 0 0)
(3.2482306e-05 0.0081514516 0 -0.0007164192 0 0)
(3.3108125e-05 0.0057791905 0 -0.00037796595 0 0)
(-8.4905423e-06 0.0034353484 0 -0.00011399351 0 0)
(-4.9660378e-05 0.0011365487 0 3.7008409e-05 0 0)
(-4.8985714e-05 -0.0011368667 0 3.63297e-05 0 0)
(-8.5056577e-06 -0.0034353306 0 -0.00011397799 0 0)
(3.3092698e-05 -0.0057791923 0 -0.00037795005 0 0)
(3.2475115e-05 -0.0081514295 0 -0.00071640874 0 0)
(1.885567e-05 0.0081479361 0 -0.00070234278 0 0)
(2.0595159e-05 0.0057942111 0 -0.00036693877 0 0)
(-4.3541309e-06 0.0034555205 0 -0.00011921101 0 0)
(-3.0027188e-05 0.0011463113 0 1.690272e-05 0 0)
(-3.0849541e-05 -0.0011459573 0 1.7729228e-05 0 0)
(-4.3604732e-06 -0.0034555445 0 -0.00011920589 0 0)
(2.0592251e-05 -0.005794197 0 -0.00036693447 0 0)
(1.8856855e-05 -0.0081479177 0 -0.00070234084 0 0)
(1.0565558e-05 0.0081459013 0 -0.00069384466 0 0)
(1.2525085e-05 0.0058034951 0 -0.00035975923 0 0)
(-2.0136912e-06 0.003468503 0 -0.00012224197 0 0)
(-1.8361092e-05 0.0011522868 0 4.9331546e-06 0 0)
(-1.7798948e-05 -0.0011525678 0 4.367118e-06 0 0)
(-2.0251253e-06 -0.0034684997 0 -0.00012223062 0 0)
(1.251278e-05 -0.0058034945 0 -0.00035974635 0 0)
(1.0559559e-05 -0.008145883 0 -0.0006938357 0 0)
(5.6193142e-06 0.0081447706 0 -0.00068881874 0 0)
(7.3919749e-06 0.0058091511 0 -0.00035515103 0 0)
(-7.5905638e-07 0.0034766418 0 -0.00012392349 0 0)
(-1.0316231e-05 0.0011564668 0 -3.3094833e-06 0 0)
(-1.0746802e-05 -0.0011562811 0 -2.8766496e-06 0 0)
(-7.6702641e-07 -0.0034766558 0 -0.00012391647 0 0)
(7.3859274e-06 -0.0058091444 0 -0.00035514407 0 0)
(5.6176205e-06 -0.0081447549 0 -0.0006888143 0 0)
(2.841642e-06 0.0081441964 0 -0.00068602813 0 0)
(4.2200289e-06 0.0058124837 0 -0.00035227593 0 0)
(-1.2261562e-07 0.0034816809 0 -0.00012481972 0 0)
(-5.9105479e-06 0.0011588415 0 -7.8340657e-06 0 0)
(-5.4743697e-06 -0.0011590724 0 -8.2737133e-06 0 0)
(-1.3071945e-07 -0.0034816856 0 -0.00012481206 0 0)
(4.211419e-06 -0.0058124817 0 -0.0003522668 0 0)
(2.8372732e-06 -0.0081441815 0 -0.00068602124 0 0)
(1.1959731e-06 0.0081439102 0 -0.00068439617 0 0)
(2.2832117e-06 0.0058144127 0 -0.00035050554 0 0)
(1.6297072e-07 0.0034846946 0 -0.0001252552 0 0)
(-2.74456e-06 0.0011605676 0 -1.1075749e-05 0 0)
(-3.2032073e-06 -0.0011603522 0 -1.0613939e-05 0 0)
(1.5591482e-07 -0.0034847024 0 -0.00012524889 0 0)
(2.2764211e-06 -0.0058144101 0 -0.00035049819 0 0)
(1.1930255e-06 -0.008143897 0 -0.00068439089 0 0)
(3.5920467e-07 0.0081438074 0 -0.00068358523 0 0)
(1.1538173e-06 0.0058154671 0 -0.00034946091 0 0)
(2.6290042e-07 0.003486464 0 -0.00012544093 0 0)
(-1.5226501e-06 0.0011612883 0 -1.2336747e-05 0 0)
(-1.2690098e-06 -0.0011614362 0 -1.2592996e-05 0 0)
(2.5701097e-07 -0.0034864714 0 -0.0001254356 0 0)
(1.1481358e-06 -0.0058154645 0 -0.0003494548 0 0)
(3.5627574e-07 -0.0081437953 0 -0.0006835802 0 0)
(-5.3905904e-08 0.0081437977 0 -0.00068319815 0 0)
(5.0243792e-07 0.0058160226 0 -0.00034885369 0 0)
(2.7137559e-07 0.0034874512 0 -0.00012549319 0 0)
(-4.326342e-07 0.0011619266 0 -1.3452442e-05 0 0)
(-4.6253904e-07 -0.0011619252 0 -1.3422541e-05 0 0)
(2.6584183e-07 -0.0034874558 0 -0.00012548829 0 0)
(4.9614449e-07 -0.0058160215 0 -0.00034884703 0 0)
(-5.7211959e-08 -0.0081437867 0 -0.00068319293 0 0)
(-2.2935428e-07 0.0081438306 0 -0.0006830467 0 0)
(1.5950046e-07 0.0058162809 0 -0.00034852685 0 0)
(2.3807791e-07 0.0034879791 0 -0.00012548245 0 0)
(-4.0312602e-08 0.0011621841 0 -1.3856241e-05 0 0)
(-8.684741e-08 -0.0011621697 0 -1.3809858e-05 0 0)
(2.3330086e-07 -0.0034879862 0 -0.00012547821 0 0)
(1.5560344e-07 -0.0058162785 0 -0.00034852262 0 0)
(-2.3205278e-07 -0.0081438205 0 -0.00068304225 0 0)
(-2.7196341e-07 0.0081438766 0 -0.00068302301 0 0)
(-1.1332805e-08 0.0058163851 0 -0.00034836223 0 0)
(1.942046e-07 0.0034882332 0 -0.00012544614 0 0)
(1.6573048e-07 0.0011623314 0 -1.4068555e-05 0 0)
(1.5286535e-07 -0.0011623348 0 -1.4055911e-05 0 0)
(1.9001802e-07 -0.0034882368 0 -0.00012544246 0 0)
(-1.6659397e-08 -0.0058163841 0 -0.00034835661 0 0)
(-2.7472729e-07 -0.0081438672 0 -0.00068301871 0 0)
(-2.5592296e-07 0.0081439245 0 -0.00068305499 0 0)
(-9.5921856e-08 0.0058164133 0 -0.00034827523 0 0)
(1.5271377e-07 0.003488336 0 -0.00012540706 0 0)
(2.1527336e-07 0.0011623852 0 -1.4120065e-05 0 0)
(1.9705021e-07 -0.001162381 0 -1.4102028e-05 0 0)
(1.4833118e-07 -0.0034883412 0 -0.0001254031 0 0)
(-9.9855345e-08 -0.005816412 0 -0.00034827104 0 0)
(-2.5848445e-07 -0.0081439159 0 -0.00068305097 0 0)
(-2.1696379e-07 0.0081439623 0 -0.00068310459 0 0)
(-1.1509684e-07 0.0058163964 0 -0.00034825403 0 0)
(1.1269171e-07 0.0034883691 0 -0.00012536487 0 0)
(2.1600442e-07 0.0011624015 0 -1.4121517e-05 0 0)
(2.1672142e-07 -0.0011624106 0 -1.4122482e-05 0 0)
(1.0861907e-07 -0.0034883729 0 -0.00012536124 0 0)
(-1.1977308e-07 -0.005816395 0 -0.00034824898 0 0)
(-2.1904056e-07 -0.0081439545 0 -0.00068310125 0 0)
(-1.7077723e-07 0.0081439966 0 -0.00068315945 0 0)
(-1.116482e-07 0.0058163627 0 -0.00034825359 0 0)
(8.019103e-08 0.0034883542 0 -0.00012533026 0 0)
(1.96092e-07 0.0011624073 0 -1.4101193e-05 0 0)
(1.9538633e-07 -0.0011624132 0 -1.4100789e-05 0 0)
(7.6707807e-08 -0.0034883582 0 -0.00012532707 0 0)
(-1.1526667e-07 -0.0058163618 0 -0.00034824972 0 0)
(-1.7265186e-07 -0.0081439898 0 -0.00068315639 0 0)
(-1.309254e-07 0.0081440203 0 -0.0006832047 0 0)
(-9.3741706e-08 0.0058163306 0 -0.00034826823 0 0)
(5.6266587e-08 0.0034883252 0 -0.00012530307 0 0)
(1.6546956e-07 0.0011623977 0 -1.4070084e-05 0 0)
(1.63786e-07 -0.0011624049 0 -1.4068567e-05 0 0)
(5.2844701e-08 -0.0034883285 0 -0.00012529999 0 0)
(-9.7676661e-08 -0.0058163304 0 -0.00034826402 0 0)
(-1.3289132e-07 -0.0081440137 0 -0.00068320166 0 0)
(-9.7851964e-08 0.0081440397 0 -0.00068324237 0 0)
(-7.5880492e-08 0.0058163011 0 -0.00034828222 0 0)
(3.8083696e-08 0.0034882913 0 -0.00012528276 0 0)
(1.2783753e-07 0.0011623859 0 -1.4031508e-05 0 0)
(1.265016e-07 -0.0011623914 0 -1.403042e-05 0 0)
(3.5234402e-08 -0.0034882953 0 -0.00012528019 0 0)
(-7.9080606e-08 -0.0058163004 0 -0.00034827885 0 0)
(-9.9513028e-08 -0.0081440341 0 -0.00068323972 0 0)
(-7.0078325e-08 0.0081440533 0 -0.00068327253 0 0)
(-5.8485066e-08 0.005816277 0 -0.00034829794 0 0)
(2.6431568e-08 0.0034882596 0 -0.00012526859 0 0)
(1.0108838e-07 0.0011623753 0 -1.4004259e-05 0 0)
(9.8443076e-08 -0.0011623799 0 -1.4001742e-05 0 0)
(2.3349675e-08 -0.0034882621 0 -0.0001252658 0 0)
(-6.1871273e-08 -0.0058162766 0 -0.00034829432 0 0)
(-7.1705121e-08 -0.0081440479 0 -0.00068327 0 0)
(-5.0659536e-08 0.008144064 0 -0.00068329434 0 0)
(-4.3942619e-08 0.0058162575 0 -0.00034830987 0 0)
(1.803042e-08 0.0034882369 0 -0.00012525878 0 0)
(7.1399911e-08 0.0011623622 0 -1.3973776e-05 0 0)
(7.0072862e-08 -0.0011623665 0 -1.3972648e-05 0 0)
(1.515181e-08 -0.0034882397 0 -0.00012525613 0 0)
(-4.6781048e-08 -0.0058162572 0 -0.00034830689 0 0)
(-5.2108175e-08 -0.0081440596 0 -0.00068329208 0 0)
(-3.4985087e-08 0.0081440707 0 -0.00068331091 0 0)
(-3.2424027e-08 0.0058162427 0 -0.00034832083 0 0)
(1.3651554e-08 0.0034882168 0 -0.00012525252 0 0)
(5.3399465e-08 0.001162355 0 -1.3955507e-05 0 0)
(5.2124379e-08 -0.0011623586 0 -1.3954342e-05 0 0)
(1.1138275e-08 -0.003488219 0 -0.00012525024 0 0)
(-3.5210964e-08 -0.0058162424 0 -0.00034831784 0 0)
(-3.6377128e-08 -0.0081440664 0 -0.00068330876 0 0)
(-2.4888222e-08 0.0081440763 0 -0.00068332226 0 0)
(-2.3387848e-08 0.0058162318 0 -0.00034832829 0 0)
(8.8495732e-09 0.0034882025 0 -0.00012524721 0 0)
(3.6455446e-08 0.0011623466 0 -1.3938047e-05 0 0)
(3.5332846e-08 -0.0011623494 0 -1.3937066e-05 0 0)
(6.4594704e-09 -0.0034882047 0 -0.00012524499 0 0)
(-2.5768699e-08 -0.0058162317 0 -0.00034832577 0 0)
(-2.612218e-08 -0.0081440728 0 -0.00068332035 0 0)
(-1.6993968e-08 0.0081440796 0 -0.00068333041 0 0)
(-1.7064671e-08 0.0058162236 0 -0.00034833459 0 0)
(6.6583452e-09 0.0034881905 0 -0.00012524386 0 0)
(2.6877987e-08 0.0011623432 0 -1.3928396e-05 0 0)
(2.6246201e-08 -0.001162346 0 -1.3927854e-05 0 0)
(4.7051397e-09 -0.0034881923 0 -0.00012524207 0 0)
(-1.9298677e-08 -0.0058162235 0 -0.00034833219 0 0)
(-1.817485e-08 -0.0081440762 0 -0.0006833286 0 0)
(-1.2145572e-08 0.0081440824 0 -0.00068333599 0 0)
(-1.18439e-08 0.0058162177 0 -0.00034833874 0 0)
(4.3931633e-09 0.0034881826 0 -0.00012524149 0 0)
(1.9002545e-08 0.0011623389 0 -1.3920202e-05 0 0)
(1.8100717e-08 -0.0011623409 0 -1.3919405e-05 0 0)
(2.5784071e-09 -0.0034881844 0 -0.0001252398 0 0)
(-1.377627e-08 -0.0058162179 0 -0.00034833668 0 0)
(-1.319509e-08 -0.0081440795 0 -0.00068333438 0 0)
(-8.4477004e-09 0.0081440841 0 -0.00068333968 0 0)
(-8.9809931e-09 0.0058162135 0 -0.00034834187 0 0)
(3.5042231e-09 0.0034881759 0 -0.00012523982 0 0)
(1.4105432e-08 0.0011623373 0 -1.3915333e-05 0 0)
(1.3751964e-08 -0.0011623397 0 -1.3915053e-05 0 0)
(2.0278089e-09 -0.0034881776 0 -0.00012523847 0 0)
(-1.072614e-08 -0.0058162136 0 -0.00034833998 0 0)
(-9.4327331e-09 -0.0081440814 0 -0.00068333817 0 0)
(-6.3447116e-09 0.0081440855 0 -0.0006833423 0 0)
(-6.0766384e-09 0.0058162105 0 -0.00034834392 0 0)
(2.3675696e-09 0.0034881716 0 -0.00012523877 0 0)
(1.0623428e-08 0.0011623353 0 -1.3911631e-05 0 0)
(1.0073931e-08 -0.0011623371 0 -1.3911172e-05 0 0)
(1.0477732e-09 -0.0034881732 0 -0.00012523756 0 0)
(-7.5733291e-09 -0.0058162108 0 -0.00034834231 0 0)
(-7.2112933e-09 -0.0081440833 0 -0.00068334097 0 0)
(-4.6297138e-09 0.0081440865 0 -0.00068334389 0 0)
(-5.1154867e-09 0.0058162084 0 -0.00034834531 0 0)
(2.1574159e-09 0.0034881678 0 -0.00012523796 0 0)
(8.2425212e-09 0.0011623344 0 -1.390933e-05 0 0)
(8.0599313e-09 -0.0011623367 0 -1.3909211e-05 0 0)
(1.0945802e-09 -0.0034881692 0 -0.000125237 0 0)
(-6.4273884e-09 -0.0058162086 0 -0.00034834388 0 0)
(-5.4261044e-09 -0.0081440845 0 -0.00068334266 0 0)
(-3.8731816e-09 0.0081440874 0 -0.00068334508 0 0)
(-3.4622324e-09 0.0058162069 0 -0.00034834621 0 0)
(1.4754097e-09 0.0034881657 0 -0.00012523749 0 0)
(6.7113226e-09 0.0011623333 0 -1.3907624e-05 0 0)
(6.3991496e-09 -0.001162335 0 -1.3907392e-05 0 0)
(5.6441575e-10 -0.0034881671 0 -0.00012523667 0 0)
(-4.5694839e-09 -0.0058162071 0 -0.00034834501 0 0)
(-4.5639059e-09 -0.0081440856 0 -0.000683344 0 0)
(-2.993593e-09 0.0081440881 0 -0.00068334578 0 0)
(-3.410986e-09 0.0058162058 0 -0.00034834677 0 0)
(1.575609e-09 0.0034881633 0 -0.00012523707 0 0)
(5.554069e-09 0.0011623328 0 -1.3906573e-05 0 0)
(5.4517782e-09 -0.0011623348 0 -1.3906524e-05 0 0)
(8.5859937e-10 -0.0034881645 0 -0.00012523644 0 0)
(-4.3582898e-09 -0.005816206 0 -0.00034834573 0 0)
(-3.6183176e-09 -0.0081440865 0 -0.0006833448 0 0)
(-2.8363049e-09 0.0081440887 0 -0.00068334633 0 0)
(-2.3480037e-09 0.0058162049 0 -0.00034834713 0 0)
(1.0563458e-09 0.0034881624 0 -0.00012523684 0 0)
(4.906509e-09 0.0011623321 0 -1.3905769e-05 0 0)
(4.7258867e-09 -0.0011623335 0 -1.3905662e-05 0 0)
(4.6958138e-10 -0.0034881636 0 -0.00012523633 0 0)
(-3.1351659e-09 -0.0058162052 0 -0.00034834627 0 0)
(-3.3734354e-09 -0.0081440873 0 -0.00068334547 0 0)
(-2.290027e-09 0.0081440893 0 -0.00068334668 0 0)
(-2.6861518e-09 0.0058162043 0 -0.00034834735 0 0)
(1.2859579e-09 0.0034881607 0 -0.00012523659 0 0)
(4.2893152e-09 0.0011623318 0 -1.3905272e-05 0 0)
(4.2378376e-09 -0.0011623336 0 -1.3905264e-05 0 0)
(8.371063e-10 -0.0034881616 0 -0.00012523622 0 0)
(-3.3454188e-09 -0.0058162045 0 -0.00034834662 0 0)
(-2.7689404e-09 -0.008144088 0 -0.0006833459 0 0)
(-2.3803031e-09 0.0081440898 0 -0.00068334696 0 0)
(-1.8716744e-09 0.0058162038 0 -0.00034834748 0 0)
(8.2623749e-10 0.0034881603 0 -0.00012523645 0 0)
(4.0317477e-09 0.0011623312 0 -1.3904867e-05 0 0)
(3.9306573e-09 -0.0011623325 0 -1.3904833e-05 0 0)
(4.7789557e-10 -0.0034881613 0 -0.00012523617 0 0)
(-2.4122218e-09 -0.0058162039 0 -0.00034834688 0 0)
(-2.7898249e-09 -0.0081440886 0 -0.00068334628 0 0)
(-1.9603335e-09 0.0081440903 0 -0.00068334717 0 0)
(-2.3625248e-09 0.0058162033 0 -0.00034834757 0 0)
(1.1122104e-09 0.0034881589 0 -0.00012523628 0 0)
(3.6377371e-09 0.0011623311 0 -1.39046e-05 0 0)
(3.6251171e-09 -0.0011623326 0 -1.3904623e-05 0 0)
(8.5276864e-10 -0.0034881597 0 -0.0001252361 0 0)
(-2.8091151e-09 -0.0058162035 0 -0.00034834707 0 0)
(-2.3210868e-09 -0.0081440892 0 -0.00068334655 0 0)
(-2.1466467e-09 0.0081440908 0 -0.00068334734 0 0)
(-1.6404586e-09 0.0058162029 0 -0.00034834763 0 0)
(6.7913248e-10 0.0034881588 0 -0.0001252362 0 0)
(3.5454994e-09 0.0011623306 0 -1.3904364e-05 0 0)
(3.4946416e-09 -0.0011623317 0 -1.3904376e-05 0 0)
(4.9033685e-10 -0.0034881596 0 -0.00012523607 0 0)
(-2.0034152e-09 -0.005816203 0 -0.00034834722 0 0)
(-2.4547059e-09 -0.0081440898 0 -0.00068334681 0 0)
(-1.7702884e-09 0.0081440913 0 -0.0006833475 0 0)
(-2.1847905e-09 0.0058162026 0 -0.00034834767 0 0)
(9.9414279e-10 0.0034881576 0 -0.00012523607 0 0)
(3.239145e-09 0.0011623304 0 -1.390419e-05 0 0)
(3.2526536e-09 -0.0011623318 0 -1.3904232e-05 0 0)
(8.5468218e-10 -0.0034881582 0 -0.000125236 0 0)
(-2.4852592e-09 -0.0058162026 0 -0.00034834733 0 0)
(-2.0392533e-09 -0.0081440903 0 -0.00068334702 0 0)
(-1.9918956e-09 0.0081440917 0 -0.00068334764 0 0)
(-1.4905137e-09 0.0058162022 0 -0.00034834771 0 0)
(5.76661e-10 0.0034881575 0 -0.00012523601 0 0)
(3.2159684e-09 0.00116233 0 -1.3904025e-05 0 0)
(3.1936365e-09 -0.001162331 0 -1.3904063e-05 0 0)
(4.8276263e-10 -0.0034881581 0 -0.00012523597 0 0)
(-1.7350152e-09 -0.0058162023 0 -0.00034834743 0 0)
(-2.2228001e-09 -0.0081440908 0 -0.00068334722 0 0)
(-1.6283227e-09 0.0081440922 0 -0.00068334777 0 0)
(-2.0497059e-09 0.005816202 0 -0.00034834775 0 0)
(9.096055e-10 0.0034881564 0 -0.00012523591 0 0)
(2.9433673e-09 0.0011623299 0 -1.3903888e-05 0 0)
(2.9692573e-09 -0.0011623311 0 -1.3903937e-05 0 0)
(8.3536809e-10 -0.0034881569 0 -0.0001252359 0 0)
(-2.2572672e-09 -0.0058162019 0 -0.00034834751 0 0)
(-1.8289556e-09 -0.0081440913 0 -0.00068334739 0 0)
(-1.8628084e-09 0.0081440925 0 -0.00068334789 0 0)
(-1.3600437e-09 0.0058162017 0 -0.00034834779 0 0)
(5.0288044e-10 0.0034881563 0 -0.00012523586 0 0)
(2.9504358e-09 0.0011623295 0 -1.3903755e-05 0 0)
(2.9398894e-09 -0.0011623305 0 -1.3903802e-05 0 0)
(4.557358e-10 -0.0034881569 0 -0.00012523587 0 0)
(-1.5322466e-09 -0.0058162016 0 -0.00034834759 0 0)
(-2.0376589e-09 -0.0081440917 0 -0.00068334755 0 0)
(-1.5018596e-09 0.008144093 0 -0.00068334801 0 0)
(-1.9214816e-09 0.0058162014 0 -0.00034834783 0 0)
(8.4797445e-10 0.0034881554 0 -0.00012523578 0 0)
(2.6917711e-09 0.0011623294 0 -1.3903634e-05 0 0)
(2.7183849e-09 -0.0011623305 0 -1.390368e-05 0 0)
(7.9976082e-10 -0.0034881558 0 -0.0001252358 0 0)
(-2.0757141e-09 -0.0058162013 0 -0.00034834766 0 0)
(-1.6538268e-09 -0.0081440922 0 -0.00068334771 0 0)
(-1.7418858e-09 0.0081440933 0 -0.00068334812 0 0)
(-1.2303394e-09 0.0058162011 0 -0.00034834787 0 0)
(4.4884023e-10 0.0034881553 0 -0.00012523575 0 0)
(2.7142007e-09 0.001162329 0 -1.390352e-05 0 0)
(2.7036088e-09 -0.00116233 0 -1.3903564e-05 0 0)
(4.1572989e-10 -0.0034881558 0 -0.00012523577 0 0)
(-1.363591e-09 -0.005816201 0 -0.00034834772 0 0)
(-1.8778915e-09 -0.0081440926 0 -0.00068334785 0 0)
(-1.3810386e-09 0.0081440938 0 -0.00068334824 0 0)
(-1.7915645e-09 0.0058162009 0 -0.00034834792 0 0)
(8.0215273e-10 0.0034881544 0 -0.00012523569 0 0)
(2.4628839e-09 0.0011623289 0 -1.3903408e-05 0 0)
(2.4823068e-09 -0.0011623299 0 -1.3903443e-05 0 0)
(7.546374e-10 -0.0034881548 0 -0.0001252357 0 0)
(-1.9198892e-09 -0.0058162007 0 -0.00034834778 0 0)
(-1.4999015e-09 -0.008144093 0 -0.00068334799 0 0)
(-1.624696e-09 0.0081440941 0 -0.00068334834 0 0)
(-1.0989927e-09 0.0058162006 0 -0.00034834797 0 0)
(4.0807956e-10 0.0034881544 0 -0.00012523567 0 0)
(2.4951246e-09 0.0011623286 0 -1.3903305e-05 0 0)
(2.4772366e-09 -0.0011623295 0 -1.390334e-05 0 0)
(3.6911257e-10 -0.0034881548 0 -0.00012523567 0 0)
(-1.215517e-09 -0.0058162004 0 -0.00034834784 0 0)
(-1.7350846e-09 -0.0081440934 0 -0.00068334812 0 0)
(-1.2639379e-09 0.0081440945 0 -0.00068334846 0 0)
(-1.6608278e-09 0.0058162004 0 -0.00034834802 0 0)
(7.6661448e-10 0.0034881535 0 -0.00012523561 0 0)
(2.2492961e-09 0.0011623285 0 -1.39032e-05 0 0)
(2.2573421e-09 -0.0011623294 0 -1.3903221e-05 0 0)
(7.0559751e-10 -0.0034881539 0 -0.00012523561 0 0)
(-1.7805915e-09 -0.0058162002 0 -0.0003483479 0 0)
(-1.3613169e-09 -0.0081440938 0 -0.00068334824 0 0)
(-1.5110208e-09 0.0081440948 0 -0.00068334855 0 0)
(-9.6854621e-10 0.0058162001 0 -0.00034834807 0 0)
(3.7561159e-10 0.0034881535 0 -0.0001252356 0 0)
(2.2892236e-09 0.0011623282 0 -1.3903107e-05 0 0)
(2.2605332e-09 -0.0011623291 0 -1.390313e-05 0 0)
(3.2065859e-10 -0.0034881539 0 -0.00012523558 0 0)
(-1.0816704e-09 -0.0058161999 0 -0.00034834795 0 0)
(-1.6053694e-09 -0.0081440941 0 -0.00068334835 0 0)
(-1.15096e-09 0.0081440952 0 -0.00068334866 0 0)
(-1.5324287e-09 0.0058161999 0 -0.00034834813 0 0)
(7.3711668e-10 0.0034881527 0 -0.00012523555 0 0)
(2.0485444e-09 0.0011623281 0 -1.3903009e-05 0 0)
(2.0440097e-09 -0.001162329 0 -1.3903015e-05 0 0)
(6.5652171e-10 -0.003488153 0 -0.00012523553 0 0)
(-1.6533126e-09 -0.0058161997 0 -0.000348348 0 0)
(-1.2350468e-09 -0.0081440945 0 -0.00068334847 0 0)
(-1.401659e-09 0.0081440954 0 -0.00068334875 0 0)
(-8.4220341e-10 0.0058161997 0 -0.00034834818 0 0)
(3.4776196e-10 0.0034881527 0 -0.00012523554 0 0)
(2.0952335e-09 0.0011623278 0 -1.3902924e-05 0 0)
(2.0549526e-09 -0.0011623287 0 -1.3902934e-05 0 0)
(2.7348663e-10 -0.003488153 0 -0.00012523551 0 0)
(-9.587577e-10 -0.0058161995 0 -0.00034834806 0 0)
(-1.486488e-09 -0.0081440948 0 -0.00068334857 0 0)
(-1.0429249e-09 0.0081440958 0 -0.00068334885 0 0)
(-1.4092924e-09 0.0058161995 0 -0.00034834824 0 0)
(7.1064324e-10 0.003488152 0 -0.0001252355 0 0)
(1.8597767e-09 0.0011623277 0 -1.3902832e-05 0 0)
(1.8434909e-09 -0.0011623286 0 -1.3902824e-05 0 0)
(6.0980042e-10 -0.0034881522 0 -0.00012523546 0 0)
(-1.5356045e-09 -0.0058161993 0 -0.00034834811 0 0)
(-1.1191298e-09 -0.0081440951 0 -0.00068334868 0 0)
(-1.2974157e-09 0.008144096 0 -0.00068334893 0 0)
(-7.2244364e-10 0.0058161993 0 -0.00034834829 0 0)
(3.2204234e-10 0.0034881519 0 -0.0001252355 0 0)
(1.9127184e-09 0.0011623275 0 -1.3902755e-05 0 0)
(1.8618086e-09 -0.0011623284 0 -1.3902753e-05 0 0)
(2.2941388e-10 -0.0034881523 0 -0.00012523544 0 0)
(-8.4487396e-10 -0.0058161991 0 -0.00034834816 0 0)
(-1.3768356e-09 -0.0081440954 0 -0.00068334877 0 0)
(-9.4050311e-10 0.0081440963 0 -0.00068334902 0 0)
(-1.2934143e-09 0.0058161991 0 -0.00034834834 0 0)
(6.8525314e-10 0.0034881513 0 -0.00012523546 0 0)
(1.6826276e-09 0.0011623274 0 -1.390267e-05 0 0)
(1.6565931e-09 -0.0011623282 0 -1.3902649e-05 0 0)
(5.6672146e-10 -0.0034881516 0 -0.0001252354 0 0)
(-1.4260063e-09 -0.0058161989 0 -0.00034834821 0 0)
(-1.0121058e-09 -0.0081440957 0 -0.00068334887 0 0)
(-1.1988494e-09 0.0081440965 0 -0.0006833491 0 0)
(-6.1077056e-10 0.0058161989 0 -0.00034834839 0 0)
(2.9694062e-10 0.0034881513 0 -0.00012523546 0 0)
(1.7414656e-09 0.0011623272 0 -1.39026e-05 0 0)
(1.6818479e-09 -0.0011623281 0 -1.3902587e-05 0 0)
(1.8932362e-10 -0.0034881516 0 -0.00012523538 0 0)
(-7.3883671e-10 -0.0058161987 0 -0.00034834826 0 0)
(-1.2751888e-09 -0.0081440959 0 -0.00068334895 0 0)
(-8.4410484e-10 0.0081440968 0 -0.00068334919 0 0)
(-1.185911e-09 0.0058161988 0 -0.00034834844 0 0)
(6.5985684e-10 0.0034881507 0 -0.00012523543 0 0)
(1.5168635e-09 0.0011623271 0 -1.390252e-05 0 0)
(1.4835921e-09 -0.0011623279 0 -1.390249e-05 0 0)
(5.2780881e-10 -0.0034881509 0 -0.00012523535 0 0)
(-1.323612e-09 -0.0058161985 0 -0.0003483483 0 0)
(-9.1285252e-10 -0.0081440963 0 -0.00068334905 0 0)
(-1.1062636e-09 0.008144097 0 -0.00068334926 0 0)
(-5.0795005e-10 0.0058161986 0 -0.00034834848 0 0)
(2.7168122e-10 0.0034881507 0 -0.00012523542 0 0)
(1.5813064e-09 0.001162327 0 -1.3902457e-05 0 0)
(1.5152821e-09 -0.0011623278 0 -1.3902436e-05 0 0)
(1.5347155e-10 -0.003488151 0 -0.00012523533 0 0)
(-6.3990395e-10 -0.0058161984 0 -0.00034834835 0 0)
(-1.1806241e-09 -0.0081440964 0 -0.00068334912 0 0)
(-7.5391062e-10 0.0081440973 0 -0.00068334934 0 0)
(-1.0872888e-09 0.0058161984 0 -0.00034834853 0 0)
(6.3398271e-10 0.0034881501 0 -0.0001252354 0 0)
(1.362272e-09 0.0011623269 0 -1.3902383e-05 0 0)
(1.3243291e-09 -0.0011623276 0 -1.3902346e-05 0 0)
(4.9309381e-10 -0.0034881504 0 -0.0001252353 0 0)
(-1.2278685e-09 -0.0058161982 0 -0.0003483484 0 0)
(-8.2053468e-10 -0.0081440967 0 -0.00068334921 0 0)
(-1.01976e-09 0.0081440974 0 -0.0006833494 0 0)
(-4.1421455e-10 0.0058161982 0 -0.00034834857 0 0)
(2.459968e-10 0.0034881502 0 -0.00012523539 0 0)
(1.4320564e-09 0.0011623268 0 -1.3902325e-05 0 0)
(1.3619224e-09 -0.0011623275 0 -1.3902299e-05 0 0)
(1.2172447e-10 -0.0034881504 0 -0.0001252353 0 0)
(-5.4761735e-10 -0.005816198 0 -0.00034834844 0 0)
(-1.0924607e-09 -0.0081440969 0 -0.00068334928 0 0)
(-6.6992378e-10 0.0081440977 0 -0.00068334948 0 0)
(-9.9754514e-10 0.0058161981 0 -0.00034834862 0 0)
(6.0756506e-10 0.0034881496 0 -0.00012523537 0 0)
(1.2186199e-09 0.0011623267 0 -1.3902257e-05 0 0)
(1.1783501e-09 -0.0011623274 0 -1.3902216e-05 0 0)
(4.6231886e-10 -0.0034881499 0 -0.00012523527 0 0)
(-1.1384444e-09 -0.0058161979 0 -0.00034834848 0 0)
(-7.3453906e-10 -0.0081440972 0 -0.00068334936 0 0)
(-9.39291e-10 0.0081440977 0 -0.00068334954 0 0)
(-3.2934908e-10 0.0058161979 0 -0.00034834866 0 0)
(2.1993628e-10 0.0034881497 0 -0.00012523537 0 0)
(1.2934916e-09 0.0011623266 0 -1.3902205e-05 0 0)
(1.2213145e-09 -0.0011623273 0 -1.3902175e-05 0 0)
(9.3736513e-11 -0.0034881499 0 -0.00012523526 0 0)
(-4.6169015e-10 -0.0058161978 0 -0.00034834853 0 0)
(-1.0102021e-09 -0.0081440973 0 -0.00068334942 0 0)
(-5.9202061e-10 0.008144098 0 -0.00068334961 0 0)
(-9.1633881e-10 0.0058161978 0 -0.0003483487 0 0)
(5.807753e-10 0.0034881492 0 -0.00012523534 0 0)
(1.0856311e-09 0.0011623265 0 -1.3902142e-05 0 0)
(1.0450197e-09 -0.0011623271 0 -1.3902099e-05 0 0)
(4.3508253e-10 -0.0034881494 0 -0.00012523524 0 0)
(-1.0551322e-09 -0.0058161976 0 -0.00034834857 0 0)
(-6.5441566e-10 -0.0081440976 0 -0.0006833495 0 0)
(-8.6470529e-10 0.0081440981 0 -0.00068334966 0 0)
(-2.5289056e-10 0.0058161976 0 -0.00034834874 0 0)
(1.9372005e-10 0.0034881493 0 -0.00012523534 0 0)
(1.1653333e-09 0.0011623264 0 -1.3902095e-05 0 0)
(1.0928398e-09 -0.0011623271 0 -1.3902063e-05 0 0)
(6.9068699e-11 -0.0034881495 0 -0.00012523524 0 0)
(-3.8192312e-10 -0.0058161975 0 -0.00034834861 0 0)
(-9.3348157e-10 -0.0081440976 0 -0.00068334955 0 0)
(-5.1999556e-10 0.0081440983 0 -0.00068334973 0 0)
(-8.4315966e-10 0.0058161975 0 -0.00034834878 0 0)
(5.5389972e-10 0.0034881488 0 -0.00012523532 0 0)
(9.6297519e-10 0.0011623264 0 -1.3902037e-05 0 0)
(9.2360084e-10 -0.0011623269 0 -1.3901993e-05 0 0)
(4.1093494e-10 -0.003488149 0 -0.00012523522 0 0)
(-9.7777723e-10 -0.0058161974 0 -0.00034834865 0 0)
(-5.7982389e-10 -0.0081440979 0 -0.00068334962 0 0)
(-7.9578125e-10 0.0081440984 0 -0.00068334978 0 0)
(-1.8425674e-10 0.0058161974 0 -0.00034834881 0 0)
(1.6763942e-10 0.0034881489 0 -0.00012523532 0 0)
(1.0472432e-09 0.0011623263 0 -1.3901995e-05 0 0)
(9.7579004e-10 -0.0011623269 0 -1.3901962e-05 0 0)
(4.7265983e-11 -0.0034881491 0 -0.00012523522 0 0)
(-3.081461e-10 -0.0058161973 0 -0.00034834868 0 0)
(-8.6201571e-10 -0.008144098 0 -0.00068334968 0 0)
(-4.5359024e-10 0.0081440986 0 -0.00068334984 0 0)
(-7.7741135e-10 0.0058161973 0 -0.00034834884 0 0)
(5.2725786e-10 0.0034881485 0 -0.0001252353 0 0)
(8.5026485e-10 0.0011623262 0 -1.3901942e-05 0 0)
(8.1331072e-10 -0.0011623268 0 -1.3901899e-05 0 0)
(3.8943685e-10 -0.0034881487 0 -0.0001252352 0 0)
(-9.0623019e-10 -0.0058161972 0 -0.00034834872 0 0)
(-5.1049097e-10 -0.0081440982 0 -0.00068334974 0 0)
(-7.3224942e-10 0.0081440986 0 -0.00068334988 0 0)
(-1.2281227e-10 0.0058161971 0 -0.00034834887 0 0)
(1.419929e-10 0.0034881486 0 -0.0001252353 0 0)
(9.3882366e-10 0.0011623262 0 -1.3901903e-05 0 0)
(8.6941434e-10 -0.0011623267 0 -1.3901871e-05 0 0)
(2.7902143e-11 -0.0034881488 0 -0.0001252352 0 0)
(-2.4018147e-10 -0.005816197 0 -0.00034834876 0 0)
(-7.9556884e-10 -0.0081440983 0 -0.00068334979 0 0)
(-3.9251402e-10 0.0081440989 0 -0.00068334994 0 0)
(-7.1846583e-10 0.0058161971 0 -0.00034834891 0 0)
(5.0115273e-10 0.0034881482 0 -0.00012523528 0 0)
(7.4705861e-10 0.0011623261 0 -1.3901855e-05 0 0)
(7.1335495e-10 -0.0011623266 0 -1.3901814e-05 0 0)
(3.7019123e-10 -0.0034881483 0 -0.00012523518 0 0)
(-8.4032072e-10 -0.005816197 0 -0.00034834879 0 0)
(-4.461804e-10 -0.0081440985 0 -0.00068334985 0 0)
(-6.7381652e-10 0.0081440988 0 -0.00068334998 0 0)
(-6.7913257e-11 0.0058161969 0 -0.00034834893 0 0)
(1.1704893e-10 0.0034881483 0 -0.00012523528 0 0)
(8.3962522e-10 0.0011623261 0 -1.390182e-05 0 0)
(7.7295375e-10 -0.0011623266 0 -1.3901789e-05 0 0)
(1.0601827e-11 -0.0034881485 0 -0.00012523519 0 0)
(-1.7782471e-10 -0.0058161968 0 -0.00034834882 0 0)
(-7.339276e-10 -0.0081440985 0 -0.00068334989 0 0)
(-3.3646076e-10 0.0081440991 0 -0.00068335004 0 0)
(-6.657031e-10 0.0058161969 0 -0.00034834896 0 0)
(4.7584444e-10 0.0034881479 0 -0.00012523526 0 0)
(6.5286983e-10 0.001162326 0 -1.3901776e-05 0 0)
(6.2294869e-10 -0.0011623265 0 -1.3901737e-05 0 0)
(3.5285707e-10 -0.0034881481 0 -0.00012523517 0 0)
(-7.7984467e-10 -0.0058161968 0 -0.00034834886 0 0)
(-3.866713e-10 -0.0081440987 0 -0.00068334995 0 0)
(-6.2017954e-10 0.008144099 0 -0.00068335007 0 0)
(-1.8938738e-11 0.0058161967 0 -0.00034834899 0 0)
(9.3028388e-11 0.003488148 0 -0.00012523526 0 0)
(7.4915617e-10 0.001162326 0 -1.3901745e-05 0 0)
(6.8566008e-10 -0.0011623264 0 -1.3901716e-05 0 0)
(-4.9524226e-12 -0.0034881482 0 -0.00012523518 0 0)
(-1.2083817e-10 -0.0058161967 0 -0.00034834888 0 0)
(-6.7688533e-10 -0.0081440987 0 -0.00068334999 0 0)
(-2.8511931e-10 0.0081440992 0 -0.00068335012 0 0)
(-6.1853227e-10 0.0058161967 0 -0.00034834902 0 0)
(4.5153967e-10 0.0034881477 0 -0.00012523525 0 0)
(5.6717745e-10 0.0011623259 0 -1.3901705e-05 0 0)
(5.4133033e-10 -0.0011623263 0 -1.3901669e-05 0 0)
(3.3715077e-10 -0.0034881478 0 -0.00012523516 0 0)
(-7.2456269e-10 -0.0058161966 0 -0.00034834892 0 0)
(-3.3174498e-10 -0.008144099 0 -0.00068335005 0 0)
(-5.7103528e-10 0.0081440992 0 -0.00068335015 0 0)
(2.4696499e-11 0.0058161965 0 -0.00034834904 0 0)
(7.0099904e-11 0.0034881478 0 -0.00012523525 0 0)
(6.6689494e-10 0.0011623259 0 -1.3901677e-05 0 0)
(6.068083e-10 -0.0011623263 0 -1.3901649e-05 0 0)
(-1.9021247e-11 -0.0034881479 0 -0.00012523517 0 0)
(-6.8952243e-11 -0.0058161965 0 -0.00034834894 0 0)
(-6.2423352e-10 -0.0081440989 0 -0.00068335008 0 0)
(-2.3818157e-10 0.0081440994 0 -0.0006833502 0 0)
(-5.7640135e-10 0.0058161965 0 -0.00034834906 0 0)
(4.283907e-10 0.0034881475 0 -0.00012523524 0 0)
(4.8943816e-10 0.0011623259 0 -1.3901641e-05 0 0)
(4.6777064e-10 -0.0011623262 0 -1.3901607e-05 0 0)
(3.2284246e-10 -0.0034881476 0 -0.00012523516 0 0)
(-6.7420483e-10 -0.0058161964 0 -0.00034834897 0 0)
(-2.8117922e-10 -0.0081440991 0 -0.00068335013 0 0)
(-5.2608543e-10 0.0081440993 0 -0.00068335023 0 0)
(6.3533605e-11 0.0058161964 0 -0.00034834908 0 0)
(4.8380934e-11 0.0034881476 0 -0.00012523524 0 0)
(5.9230187e-10 0.0011623258 0 -1.3901615e-05 0 0)
(5.3570434e-10 -0.0011623262 0 -1.390159e-05 0 0)
(-3.1815058e-11 -0.0034881477 0 -0.00012523516 0 0)
(-2.1872124e-11 -0.0058161963 0 -0.00034834899 0 0)
(-5.757565e-10 -0.0081440991 0 -0.00068335016 0 0)
(-1.9534489e-10 0.0081440995 0 -0.00068335027 0 0)
(-5.3880245e-10 0.0058161963 0 -0.0003483491 0 0)
(4.0649974e-10 0.0034881473 0 -0.00012523522 0 0)
(4.1909747e-10 0.0011623258 0 -1.3901582e-05 0 0)
(4.0157608e-10 -0.0011623262 0 -1.3901552e-05 0 0)
(3.0974787e-10 -0.0034881474 0 -0.00012523515 0 0)
(-6.2847722e-10 -0.0058161963 0 -0.00034834902 0 0)
(-2.3474516e-10 -0.0081440993 0 -0.00068335021 0 0)
(-4.8503973e-10 0.0081440995 0 -0.00068335029 0 0)
(9.8068982e-11 0.0058161962 0 -0.00034834912 0 0)
(2.7944427e-11 0.0034881474 0 -0.00012523522 0 0)
(5.2483012e-10 0.0011623258 0 -1.3901559e-05 0 0)
(4.7168835e-10 -0.0011623261 0 -1.3901536e-05 0 0)
(-4.350174e-11 -0.0034881475 0 -0.00012523515 0 0)
(2.0715428e-11 -0.0058161962 0 -0.00034834904 0 0)
(-5.3123222e-10 -0.0081440993 0 -0.00068335024 0 0)
(-1.5631653e-10 0.0081440997 0 -0.00068335034 0 0)
(-5.0526934e-10 0.0058161962 0 -0.00034834914 0 0)
(3.8592628e-10 0.0034881472 0 -0.00012523521 0 0)
(3.556007e-10 0.0011623258 0 -1.390153e-05 0 0)
(3.4209204e-10 -0.0011623261 0 -1.3901502e-05 0 0)
(2.9772004e-10 -0.0034881473 0 -0.00012523514 0 0)
(-5.8707048e-10 -0.0058161962 0 -0.00034834907 0 0)
(-1.9220839e-10 -0.0081440994 0 -0.00068335028 0 0)
(-4.4761787e-10 0.0081440996 0 -0.00068335036 0 0)
(1.2875628e-10 0.0058161961 0 -0.00034834916 0 0)
(8.8255433e-12 0.0034881473 0 -0.00012523521 0 0)
(4.639354e-10 0.0011623257 0 -1.3901509e-05 0 0)
(4.1413621e-10 -0.001162326 0 -1.3901488e-05 0 0)
(-5.4215535e-11 -0.0034881474 0 -0.00012523515 0 0)
(5.9133379e-11 -0.0058161961 0 -0.00034834908 0 0)
(-4.9043282e-10 -0.0081440994 0 -0.0006833503 0 0)
(-1.2081357e-10 0.0081440998 0 -0.0006833504 0 0)
(-4.7537668e-10 0.0058161961 0 -0.00034834918 0 0)
(3.6669444e-10 0.003488147 0 -0.0001252352 0 0)
(2.9840087e-10 0.0011623257 0 -1.3901482e-05 0 0)
(2.8870373e-10 -0.001162326 0 -1.3901457e-05 0 0)
(2.8664139e-10 -0.0034881471 0 -0.00012523514 0 0)
(-5.496677e-10 -0.005816196 0 -0.00034834911 0 0)
(-1.5332989e-10 -0.0081440996 0 -0.00068335035 0 0)
(-4.135509e-10 0.0081440997 0 -0.00068335042 0 0)
(1.5600964e-10 0.005816196 0 -0.00034834919 0 0)
(-8.9707646e-12 0.0034881471 0 -0.0001252352 0 0)
(4.0908369e-10 0.0011623257 0 -1.3901463e-05 0 0)
(3.6246063e-10 -0.0011623259 0 -1.3901444e-05 0 0)
(-6.4064165e-11 -0.0034881472 0 -0.00012523515 0 0)
(9.370797e-11 -0.0058161959 0 -0.00034834912 0 0)
(-4.5312681e-10 -0.0081440995 0 -0.00068335037 0 0)
(-8.8567912e-11 0.0081440998 0 -0.00068335046 0 0)
(-4.4873496e-10 0.0058161959 0 -0.00034834921 0 0)
(3.4880047e-10 0.0034881469 0 -0.00012523519 0 0)
(2.4696603e-10 0.0011623257 0 -1.3901439e-05 0 0)
(2.4083669e-10 -0.001162326 0 -1.3901417e-05 0 0)
(2.7641675e-10 -0.003488147 0 -0.00012523514 0 0)
(-5.1595096e-10 -0.0058161959 0 -0.00034834914 0 0)
(-1.1786938e-10 -0.0081440997 0 -0.00068335041 0 0)
(-3.825809e-10 0.0081440997 0 -0.00068335047 0 0)
(1.8020476e-10 0.0058161959 0 -0.00034834922 0 0)
(-2.5463441e-11 0.003488147 0 -0.00012523519 0 0)
(3.5975754e-10 0.0011623257 0 -1.3901422e-05 0 0)
(3.161112e-10 -0.0011623259 0 -1.3901405e-05 0 0)
(-7.3135373e-11 -0.0034881471 0 -0.00012523514 0 0)
(1.2476171e-10 -0.0058161958 0 -0.00034834916 0 0)
(-4.1908209e-10 -0.0081440996 0 -0.00068335042 0 0)
(-5.931865e-11 0.0081440999 0 -0.00068335051 0 0)
(-4.2499352e-10 0.0058161958 0 -0.00034834923 0 0)
(3.3221868e-10 0.0034881468 0 -0.00012523518 0 0)
(2.0078476e-10 0.0011623257 0 -1.39014e-05 0 0)
(1.9795518e-10 -0.0011623259 0 -1.3901381e-05 0 0)
(2.6696749e-10 -0.0034881469 0 -0.00012523513 0 0)
(-4.8560711e-10 -0.0058161958 0 -0.00034834918 0 0)
(-8.5589414e-11 -0.0081440998 0 -0.00068335046 0 0)
(-3.5446092e-10 0.0081440998 0 -0.00068335052 0 0)
(2.0168207e-10 0.0058161958 0 -0.00034834924 0 0)
(-4.0689131e-11 0.0034881469 0 -0.00012523518 0 0)
(3.154609e-10 0.0011623256 0 -1.3901385e-05 0 0)
(2.7457335e-10 -0.0011623258 0 -1.390137e-05 0 0)
(-8.1501977e-11 -0.003488147 0 -0.00012523514 0 0)
(1.5260839e-10 -0.0058161957 0 -0.00034834919 0 0)
(-3.8806914e-10 -0.0081440997 0 -0.00068335048 0 0)
(-3.2819024e-11 0.0081441 0 -0.00068335055 0 0)
(-4.0383269e-10 0.0058161957 0 -0.00034834926 0 0)
(3.1690756e-10 0.0034881468 0 -0.00012523518 0 0)
(1.5936965e-10 0.0011623257 0 -1.3901365e-05 0 0)
(1.5956202e-10 -0.0011623259 0 -1.3901348e-05 0 0)
(2.5822763e-10 -0.0034881468 0 -0.00012523513 0 0)
(-4.5833581e-10 -0.0058161957 0 -0.00034834921 0 0)
(-5.6252662e-11 -0.0081440998 0 -0.00068335051 0 0)
(-3.2895522e-10 0.0081440998 0 -0.00068335056 0 0)
(2.2075011e-10 0.0058161957 0 -0.00034834927 0 0)
(-5.4697838e-11 0.0034881469 0 -0.00012523518 0 0)
(2.7572188e-10 0.0011623256 0 -1.3901351e-05 0 0)
(2.3736815e-10 -0.0011623258 0 -1.3901338e-05 0 0)
(-8.9225565e-11 -0.0034881469 0 -0.00012523514 0 0)
(1.7754676e-10 -0.0058161957 0 -0.00034834922 0 0)
(-3.5986005e-10 -0.0081440997 0 -0.00068335052 0 0)
(-8.8348923e-12 0.0081441 0 -0.00068335059 0 0)
(-3.8496159e-10 0.0058161957 0 -0.00034834928 0 0)
(3.0281386e-10 0.0034881467 0 -0.00012523517 0 0)
(1.2225999e-10 0.0011623257 0 -1.3901334e-05 0 0)
(1.2519648e-10 -0.0011623258 0 -1.3901319e-05 0 0)
(2.5013998e-10 -0.0034881468 0 -0.00012523513 0 0)
(-4.3384927e-10 -0.0058161957 0 -0.00034834924 0 0)
(-2.9629326e-11 -0.0081440999 0 -0.00068335056 0 0)
(-3.0584134e-10 0.0081440999 0 -0.0006833506 0 0)
(2.3768965e-10 0.0058161956 0 -0.00034834929 0 0)
(-6.754822e-11 0.0034881468 0 -0.00012523517 0 0)
(2.4009595e-10 0.0011623256 0 -1.3901321e-05 0 0)
(2.040512e-10 -0.0011623258 0 -1.3901309e-05 0 0)
(-9.6359862e-11 -0.0034881469 0 -0.00012523514 0 0)
(1.9986162e-10 -0.0058161956 0 -0.00034834925 0 0)
(-3.342347e-10 -0.0081440998 0 -0.00068335057 0 0)
(1.285504e-11 0.0081441001 0 -0.00068335063 0 0)
(-3.6811619e-10 0.0058161956 0 -0.0003483493 0 0)
(2.8987691e-10 0.0034881466 0 -0.00012523516 0 0)
(8.9023627e-11 0.0011623256 0 -1.3901305e-05 0 0)
(9.4433583e-11 -0.0011623258 0 -1.3901292e-05 0 0)
(2.4265383e-10 -0.0034881467 0 -0.00012523513 0 0)
(-4.1187425e-10 -0.0058161956 0 -0.00034834926 0 0)
(-5.4973539e-12 -0.0081440999 0 -0.0006833506 0 0)
(-2.8490858e-10 0.0081440999 0 -0.00068335063 0 0)
(2.5275477e-10 0.0058161955 0 -0.00034834931 0 0)
(-7.9304579e-11 0.0034881467 0 -0.00012523516 0 0)
(2.081658e-10 0.0011623256 0 -1.3901293e-05 0 0)
(1.7421085e-10 -0.0011623257 0 -1.3901283e-05 0 0)
(-1.0295235e-10 -0.0034881468 0 -0.00012523513 0 0)
(2.1982042e-10 -0.0058161955 0 -0.00034834927 0 0)
(-3.1098048e-10 -0.0081440998 0 -0.00068335061 0 0)
(3.2459941e-11 0.0081441001 0 -0.00068335067 0 0)
(-3.5305731e-10 0.0058161955 0 -0.00034834932 0 0)
(2.7803012e-10 0.0034881466 0 -0.00012523516 0 0)
(5.9257154e-11 0.0011623256 0 -1.3901279e-05 0 0)
(6.6882096e-11 -0.0011623258 0 -1.3901268e-05 0 0)
(2.3572379e-10 -0.0034881467 0 -0.00012523513 0 0)
(-3.9215588e-10 -0.0058161955 0 -0.00034834928 0 0)
(1.6356579e-11 -0.0081441 0 -0.00068335064 0 0)
(-2.6595766e-10 0.0081440999 0 -0.00068335067 0 0)
(2.6617512e-10 0.0058161954 0 -0.00034834933 0 0)
(-9.0037075e-11 0.0034881467 0 -0.00012523516 0 0)
(1.7954384e-10 0.0011623256 0 -1.3901268e-05 0 0)
(1.4746861e-10 -0.0011623257 0 -1.390126e-05 0 0)
(-1.0904592e-10 -0.0034881468 0 -0.00012523513 0 0)
(2.3767187e-10 -0.0058161955 0 -0.00034834929 0 0)
(-2.8989356e-10 -0.0081440999 0 -0.00068335064 0 0)
(5.0176134e-11 0.0081441001 0 -0.0006833507 0 0)
(-3.3956908e-10 0.0058161955 0 -0.00034834934 0 0)
(2.6720286e-10 0.0034881466 0 -0.00012523515 0 0)
(3.2587001e-11 0.0011623256 0 -1.3901256e-05 0 0)
(4.2183166e-11 -0.0011623258 0 -1.3901246e-05 0 0)
(2.2930787e-10 -0.0034881466 0 -0.00012523513 0 0)
(-3.7445686e-10 -0.0058161955 0 -0.00034834931 0 0)
(3.6136287e-11 -0.0081441 0 -0.00068335067 0 0)
(-2.488021e-10 0.0081440999 0 -0.0006833507 0 0)
(2.7815737e-10 0.0058161954 0 -0.00034834934 0 0)
(-9.9815276e-11 0.0034881467 0 -0.00012523516 0 0)
(1.538702e-10 0.0011623256 0 -1.3901246e-05 0 0)
(1.234764e-10 -0.0011623257 0 -1.3901238e-05 0 0)
(-1.1468032e-10 -0.0034881467 0 -0.00012523513 0 0)
(2.5364654e-10 -0.0058161954 0 -0.00034834931 0 0)
(-2.7077895e-10 -0.0081440999 0 -0.00068335067 0 0)
(6.6187474e-11 0.0081441001 0 -0.00068335072 0 0)
(-3.2745641e-10 0.0058161954 0 -0.00034834935 0 0)
(2.5732683e-10 0.0034881466 0 -0.00012523515 0 0)
(8.6678777e-12 0.0011623257 0 -1.3901234e-05 0 0)
(2.0008774e-11 -0.0011623258 0 -1.3901226e-05 0 0)
(2.233671e-10 -0.0034881466 0 -0.00012523513 0 0)
(-3.585564e-10 -0.0058161954 0 -0.00034834932 0 0)
(5.4036102e-11 -0.0081441 0 -0.0006833507 0 0)
(-2.3326677e-10 0.0081441 0 -0.00068335072 0 0)
(2.8888822e-10 0.0058161953 0 -0.00034834936 0 0)
(-1.0870799e-10 0.0034881466 0 -0.00012523515 0 0)
(1.3081392e-10 0.0011623256 0 -1.3901225e-05 0 0)
(1.0191622e-10 -0.0011623257 0 -1.3901218e-05 0 0)
(-1.1989171e-10 -0.0034881467 0 -0.00012523513 0 0)
(2.6796126e-10 -0.0058161953 0 -0.00034834933 0 0)
(-2.5345106e-10 -0.0081440999 0 -0.0006833507 0 0)
(8.0665505e-11 0.0081441001 0 -0.00068335075 0 0)
(-3.1654346e-10 0.0058161953 0 -0.00034834936 0 0)
(2.4833085e-10 0.0034881465 0 -0.00012523515 0 0)
(-1.2816677e-11 0.0011623257 0 -1.3901215e-05 0 0)
(6.0191239e-14 -0.0011623258 0 -1.3901208e-05 0 0)
(2.1786522e-10 -0.0034881466 0 -0.00012523513 0 0)
(-3.442443e-10 -0.0058161953 0 -0.00034834934 0 0)
(7.0239769e-11 -0.0081441001 0 -0.00068335073 0 0)
(-2.1918868e-10 0.0081441 0 -0.00068335075 0 0)
(2.9853488e-10 0.0058161953 0 -0.00034834937 0 0)
(-1.1678753e-10 0.0034881466 0 -0.00012523515 0 0)
(1.1007107e-10 0.0011623256 0 -1.3901206e-05 0 0)
(8.2497964e-11 -0.0011623257 0 -1.3901201e-05 0 0)
(-1.2471461e-10 -0.0034881467 0 -0.00012523513 0 0)
(2.8082215e-10 -0.0058161953 0 -0.00034834935 0 0)
(-2.3773601e-10 -0.0081440999 0 -0.00068335073 0 0)
(9.3769604e-11 0.0081441001 0 -0.00068335077 0 0)
(-3.0667281e-10 0.0058161953 0 -0.00034834938 0 0)
(2.4014411e-10 0.0034881465 0 -0.00012523514 0 0)
(-3.215613e-11 0.0011623257 0 -1.3901197e-05 0 0)
(-1.793412e-11 -0.0011623258 0 -1.3901191e-05 0 0)
(2.1276738e-10 -0.0034881466 0 -0.00012523513 0 0)
(-3.3132496e-10 -0.0058161953 0 -0.00034834936 0 0)
(8.4915967e-11 -0.0081441001 0 -0.00068335075 0 0)
(-2.0641618e-10 0.0081441 0 -0.00068335077 0 0)
(3.0724678e-10 0.0058161953 0 -0.00034834938 0 0)
(-1.2412019e-10 0.0034881466 0 -0.00012523515 0 0)
(9.1364707e-11 0.0011623256 0 -1.3901189e-05 0 0)
(6.4958116e-11 -0.0011623257 0 -1.3901184e-05 0 0)
(-1.2918119e-10 -0.0034881467 0 -0.00012523513 0 0)
(2.9241204e-10 -0.0058161953 0 -0.00034834936 0 0)
(-2.2347769e-10 -0.0081440999 0 -0.00068335075 0 0)
(1.0564721e-10 0.0081441001 0 -0.00068335079 0 0)
(-2.9770327e-10 0.0058161953 0 -0.00034834939 0 0)
(2.3270163e-10 0.0034881465 0 -0.00012523514 0 0)
(-4.9613817e-11 0.0011623257 0 -1.3901181e-05 0 0)
(-3.4220298e-11 -0.0011623258 0 -1.3901176e-05 0 0)
(2.0804154e-10 -0.0034881466 0 -0.00012523513 0 0)
(-3.1963268e-10 -0.0058161953 0 -0.00034834937 0 0)
(9.8213503e-11 -0.0081441001 0 -0.00068335078 0 0)
(-1.9480921e-10 0.0081440999 0 -0.00068335079 0 0)
(3.1515732e-10 0.0058161952 0 -0.00034834939 0 0)
(-1.3077057e-10 0.0034881466 0 -0.00012523514 0 0)
(7.4442538e-11 0.0011623256 0 -1.3901173e-05 0 0)
(4.9058117e-11 -0.0011623257 0 -1.3901169e-05 0 0)
(-1.3332128e-10 -0.0034881467 0 -0.00012523513 0 0)
(3.0288337e-10 -0.0058161952 0 -0.00034834937 0 0)
(-2.1053556e-10 -0.0081440999 0 -0.00068335077 0 0)
(1.1643444e-10 0.0081441001 0 -0.00068335081 0 0)
(-2.8950899e-10 0.0058161952 0 -0.0003483494 0 0)
(2.2593785e-10 0.0034881466 0 -0.00012523514 0 0)
(-6.5428545e-11 0.0011623257 0 -1.3901165e-05 0 0)
(-4.9020339e-11 -0.0011623258 0 -1.3901161e-05 0 0)
(2.0365738e-10 -0.0034881466 0 -0.00012523513 0 0)
(-3.0902139e-10 -0.0058161952 0 -0.00034834938 0 0)
(1.1026755e-10 -0.0081441001 0 -0.0006833508 0 0)
(-1.8423817e-10 0.0081440999 0 -0.0006833508 0 0)
(3.2238504e-10 0.0058161952 0 -0.0003483494 0 0)
(-1.3680229e-10 0.0034881466 0 -0.00012523514 0 0)
(5.907626e-11 0.0011623257 0 -1.3901158e-05 0 0)
(3.4582564e-11 -0.0011623257 0 -1.3901155e-05 0 0)
(-1.3716306e-10 -0.0034881467 0 -0.00012523513 0 0)
(3.1237531e-10 -0.0058161952 0 -0.00034834939 0 0)
(-1.9876753e-10 -0.0081440999 0 -0.00068335079 0 0)
(1.2625652e-10 0.0081441001 0 -0.00068335083 0 0)
(-2.8197849e-10 0.0058161952 0 -0.00034834941 0 0)
(2.1979044e-10 0.0034881466 0 -0.00012523514 0 0)
(-7.9816248e-11 0.0011623257 0 -1.3901151e-05 0 0)
(-6.2534545e-11 -0.0011623258 0 -1.3901148e-05 0 0)
(1.9958589e-10 -0.0034881466 0 -0.00012523513 0 0)
(-2.993565e-10 -0.0058161952 0 -0.00034834939 0 0)
(1.2121571e-10 -0.0081441001 0 -0.00068335081 0 0)
(-1.7458429e-10 0.0081440999 0 -0.00068335082 0 0)
(3.2903408e-10 0.0058161952 0 -0.00034834941 0 0)
(-1.4227437e-10 0.0034881466 0 -0.00012523514 0 0)
(4.5059133e-11 0.0011623257 0 -1.3901145e-05 0 0)
(2.1337439e-11 -0.0011623257 0 -1.3901142e-05 0 0)
(-1.4073352e-10 -0.0034881467 0 -0.00012523513 0 0)
(3.2101746e-10 -0.0058161952 0 -0.0003483494 0 0)
(-1.8803962e-10 -0.0081440999 0 -0.00068335081 0 0)
(1.3522816e-10 0.0081441001 0 -0.00068335084 0 0)
(-2.7501332e-10 0.0058161952 0 -0.00034834942 0 0)
(2.1420158e-10 0.0034881466 0 -0.00012523514 0 0)
(-9.2971789e-11 0.0011623257 0 -1.3901139e-05 0 0)
(-7.4942539e-11 -0.0011623258 0 -1.3901136e-05 0 0)
(1.9579991e-10 -0.0034881466 0 -0.00012523513 0 0)
(-2.9051495e-10 -0.0058161952 0 -0.00034834941 0 0)
(1.3119539e-10 -0.0081441001 0 -0.00068335083 0 0)
(-1.6573811e-10 0.0081440999 0 -0.00068335083 0 0)
(3.3519663e-10 0.0058161951 0 -0.00034834942 0 0)
(-1.4724209e-10 0.0034881467 0 -0.00012523514 0 0)
(3.220566e-11 0.0011623257 0 -1.3901132e-05 0 0)
(9.1495099e-12 -0.0011623257 0 -1.390113e-05 0 0)
(-1.4405758e-10 -0.0034881467 0 -0.00012523513 0 0)
(3.2892763e-10 -0.0058161952 0 -0.00034834941 0 0)
(-1.7822683e-10 -0.0081440999 0 -0.00068335082 0 0)
(1.4345363e-10 0.0081441001 0 -0.00068335085 0 0)
(-2.6852436e-10 0.0058161952 0 -0.00034834943 0 0)
(2.0911651e-10 0.0034881466 0 -0.00012523514 0 0)
(-1.0506963e-10 0.0011623258 0 -1.3901126e-05 0 0)
(-8.6404568e-11 -0.0011623258 0 -1.3901124e-05 0 0)
(1.9227365e-10 -0.0034881466 0 -0.00012523513 0 0)
(-2.8238218e-10 -0.0058161952 0 -0.00034834942 0 0)
(1.4032691e-10 -0.0081441 0 -0.00068335084 0 0)
(-1.5760137e-10 0.0081440999 0 -0.00068335084 0 0)
(3.4095653e-10 0.0058161951 0 -0.00034834943 0 0)
(-1.517578e-10 0.0034881467 0 -0.00012523514 0 0)
(2.034934e-11 0.0011623257 0 -1.3901121e-05 0 0)
(-2.1363615e-12 -0.0011623257 0 -1.3901119e-05 0 0)
(-1.4715922e-10 -0.0034881467 0 -0.00012523513 0 0)
(3.3621544e-10 -0.0058161951 0 -0.00034834942 0 0)
(-1.692201e-10 -0.0081440999 0 -0.00068335083 0 0)
(1.5102748e-10 0.0081441001 0 -0.00068335086 0 0)
(-2.6243291e-10 0.0058161951 0 -0.00034834943 0 0)
(2.0448386e-10 0.0034881466 0 -0.00012523514 0 0)
(-1.1626607e-10 0.0011623258 0 -1.3901115e-05 0 0)
(-9.70637e-11 -0.0011623259 0 -1.3901113e-05 0 0)
(1.889828e-10 -0.0034881467 0 -0.00012523513 0 0)
(-2.748534e-10 -0.0058161952 0 -0.00034834943 0 0)
(1.487131e-10 -0.0081441 0 -0.00068335085 0 0)
(-1.5008477e-10 0.0081440999 0 -0.00068335085 0 0)
(3.4638695e-10 0.0058161951 0 -0.00034834944 0 0)
(-1.558696e-10 0.0034881467 0 -0.00012523514 0 0)
(9.34174e-12 0.0011623257 0 -1.3901109e-05 0 0)
(-1.2657545e-11 -0.0011623258 0 -1.3901108e-05 0 0)
(-1.5006085e-10 -0.0034881467 0 -0.00012523514 0 0)
(3.4297903e-10 -0.0058161951 0 -0.00034834943 0 0)
(-1.609245e-10 -0.0081440999 0 -0.00068335084 0 0)
(1.5803703e-10 0.0081441 0 -0.00068335087 0 0)
(-2.566732e-10 0.0058161951 0 -0.00034834944 0 0)
(2.0025671e-10 0.0034881467 0 -0.00012523514 0 0)
(-1.2669982e-10 0.0011623258 0 -1.3901104e-05 0 0)
(-1.0704669e-10 -0.0011623259 0 -1.3901103e-05 0 0)
(1.8590444e-10 -0.0034881467 0 -0.00012523513 0 0)
(-2.6784082e-10 -0.0058161951 0 -0.00034834944 0 0)
(1.5644812e-10 -0.0081441 0 -0.00068335086 0 0)
(-1.4310367e-10 0.0081440998 0 -0.00068335086 0 0)
(3.5154699e-10 0.0058161951 0 -0.00034834944 0 0)
(-1.5962196e-10 0.0034881467 0 -0.00012523514 0 0)
(-9.4913572e-13 0.0011623258 0 -1.3901099e-05 0 0)
(-2.253666e-11 -0.0011623258 0 -1.3901098e-05 0 0)
(-1.5278379e-10 -0.0034881468 0 -0.00012523514 0 0)
(3.4929752e-10 -0.0058161951 0 -0.00034834944 0 0)
(-1.5324776e-10 -0.0081440998 0 -0.00068335085 0 0)
(1.6456084e-10 0.0081441 0 -0.00068335088 0 0)
(-2.5118582e-10 0.0058161951 0 -0.00034834945 0 0)
(1.9639117e-10 0.0034881467 0 -0.00012523514 0 0)
(-1.3649412e-10 0.0011623258 0 -1.3901094e-05 0 0)
(-1.1646597e-10 -0.0011623259 0 -1.3901093e-05 0 0)
(1.8301656e-10 -0.0034881467 0 -0.00012523514 0 0)
(-2.6126717e-10 -0.0058161951 0 -0.00034834944 0 0)
(1.6361844e-10 -0.0081441 0 -0.00068335087 0 0)
(-1.3658473e-10 0.0081440998 0 -0.00068335086 0 0)
(3.5649245e-10 0.0058161951 0 -0.00034834945 0 0)
(-1.630558e-10 0.0034881468 0 -0.00012523514 0 0)
(-1.0640256e-11 0.0011623258 0 -1.3901089e-05 0 0)
(-3.1881721e-11 -0.0011623258 0 -1.3901088e-05 0 0)
(-1.5534822e-10 -0.0034881468 0 -0.00012523514 0 0)
(3.5524303e-10 -0.0058161951 0 -0.00034834945 0 0)
(-1.4610774e-10 -0.0081440998 0 -0.00068335086 0 0)
(1.7066971e-10 0.0081441 0 -0.00068335088 0 0)
(-2.459195e-10 0.0058161951 0 -0.00034834946 0 0)
(1.9284745e-10 0.0034881467 0 -0.00012523514 0 0)
(-1.4575775e-10 0.0011623258 0 -1.3901085e-05 0 0)
(-1.2542091e-10 -0.0011623259 0 -1.3901084e-05 0 0)
(1.8029853e-10 -0.0034881468 0 -0.00012523514 0 0)
(-2.5506294e-10 -0.0058161951 0 -0.00034834945 0 0)
(1.7030136e-10 -0.0081441 0 -0.00068335088 0 0)
(-1.3045996e-10 0.0081440998 0 -0.00068335087 0 0)
(3.6126915e-10 0.0058161951 0 -0.00034834946 0 0)
(-1.6620844e-10 0.0034881468 0 -0.00012523515 0 0)
(-1.9834557e-11 0.0011623258 0 -1.390108e-05 0 0)
(-4.0788279e-11 -0.0011623258 0 -1.3901079e-05 0 0)
(-1.5777333e-10 -0.0034881468 0 -0.00012523514 0 0)
(3.6088031e-10 -0.0058161951 0 -0.00034834946 0 0)
(-1.3943134e-10 -0.0081440998 0 -0.00068335086 0 0)
(1.764275e-10 0.0081441 0 -0.00068335089 0 0)
(-2.4082975e-10 0.0058161951 0 -0.00034834947 0 0)
(1.8958877e-10 0.0034881468 0 -0.00012523514 0 0)
(-1.5458647e-10 0.0011623259 0 -1.3901076e-05 0 0)
(-1.3399925e-10 -0.0011623259 0 -1.3901075e-05 0 0)
(1.7773075e-10 -0.0034881468 0 -0.00012523514 0 0)
(-2.491673e-10 -0.0058161951 0 -0.00034834946 0 0)
(1.7656713e-10 -0.0081440999 0 -0.00068335088 0 0)
(-1.2466854e-10 0.0081440998 0 -0.00068335087 0 0)
(3.6591792e-10 0.0058161951 0 -0.00034834947 0 0)
(-1.6911406e-10 0.0034881468 0 -0.00012523515 0 0)
(-2.8623036e-11 0.0011623258 0 -1.3901071e-05 0 0)
(-4.9340742e-11 -0.0011623259 0 -1.390107e-05 0 0)
(-1.6007728e-10 -0.0034881469 0 -0.00012523514 0 0)
(3.6626541e-10 -0.0058161951 0 -0.00034834946 0 0)
(-1.33151e-10 -0.0081440998 0 -0.00068335087 0 0)
(1.8189163e-10 0.0081440999 0 -0.00068335089 0 0)
(-2.358769e-10 0.0058161951 0 -0.00034834947 0 0)
(1.8658172e-10 0.0034881468 0 -0.00012523515 0 0)
(-1.6306465e-10 0.0011623259 0 -1.3901067e-05 0 0)
(-1.4227819e-10 -0.001162326 0 -1.3901067e-05 0 0)
(1.752942e-10 -0.0034881469 0 -0.00012523514 0 0)
(-2.4352542e-10 -0.0058161951 0 -0.00034834947 0 0)
(1.8248005e-10 -0.0081440999 0 -0.00068335088 0 0)
(-1.1915613e-10 0.0081440997 0 -0.00068335087 0 0)
(3.7047486e-10 0.0058161951 0 -0.00034834948 0 0)
(-1.7180381e-10 0.0034881469 0 -0.00012523515 0 0)
(-3.7085367e-11 0.0011623259 0 -1.3901062e-05 0 0)
(-5.7613074e-11 -0.0011623259 0 -1.3901062e-05 0 0)
(-1.6227763e-10 -0.0034881469 0 -0.00012523515 0 0)
(3.7145075e-10 -0.0058161951 0 -0.00034834947 0 0)
(-1.2720536e-10 -0.0081440997 0 -0.00068335087 0 0)
(1.871132e-10 0.0081440999 0 -0.00068335089 0 0)
(-2.3102581e-10 0.0058161951 0 -0.00034834948 0 0)
(1.8379573e-10 0.0034881469 0 -0.00012523515 0 0)
(-1.7126591e-10 0.0011623259 0 -1.3901058e-05 0 0)
(-1.503253e-10 -0.001162326 0 -1.3901058e-05 0 0)
(1.729711e-10 -0.0034881469 0 -0.00012523515 0 0)
(-2.380849e-10 -0.0058161951 0 -0.00034834948 0 0)
(1.8809745e-10 -0.0081440999 0 -0.00068335089 0 0)
(-1.1387386e-10 0.0081440997 0 -0.00068335088 0 0)
(3.7497313e-10 0.0058161951 0 -0.00034834948 0 0)
(-1.7430574e-10 0.0034881469 0 -0.00012523515 0 0)
(-4.5291352e-11 0.0011623259 0 -1.3901054e-05 0 0)
(-6.5670393e-11 -0.0011623259 0 -1.3901054e-05 0 0)
(-1.6439055e-10 -0.003488147 0 -0.00012523515 0 0)
(3.7648568e-10 -0.0058161951 0 -0.00034834948 0 0)
(-1.2154035e-10 -0.0081440997 0 -0.00068335087 0 0)
(1.9213843e-10 0.0081440999 0 -0.00068335089 0 0)
(-2.2624273e-10 0.0058161951 0 -0.00034834949 0 0)
(1.8120365e-10 0.0034881469 0 -0.00012523515 0 0)
(-1.7925516e-10 0.001162326 0 -1.390105e-05 0 0)
(-1.5820067e-10 -0.001162326 0 -1.390105e-05 0 0)
(1.7074469e-10 -0.0034881469 0 -0.00012523515 0 0)
(-2.3280068e-10 -0.0058161951 0 -0.00034834949 0 0)
(1.9347027e-10 -0.0081440999 0 -0.00068335089 0 0)
(-1.0877744e-10 0.0081440997 0 -0.00068335088 0 0)
(3.7944377e-10 0.0058161951 0 -0.00034834949 0 0)
(-1.7664392e-10 0.003488147 0 -0.00012523516 0 0)
(-5.3302376e-11 0.0011623259 0 -1.3901046e-05 0 0)
(-7.3570527e-11 -0.001162326 0 -1.3901046e-05 0 0)
(-1.6643147e-10 -0.003488147 0 -0.00012523516 0 0)
(3.8140859e-10 -0.0058161951 0 -0.00034834949 0 0)
(-1.1610728e-10 -0.0081440997 0 -0.00068335087 0 0)
(1.9700819e-10 0.0081440999 0 -0.00068335089 0 0)
(-2.2149693e-10 0.0058161951 0 -0.0003483495 0 0)
(1.7878234e-10 0.003488147 0 -0.00012523516 0 0)
(-1.8708888e-10 0.001162326 0 -1.3901042e-05 0 0)
(-1.6595734e-10 -0.001162326 0 -1.3901042e-05 0 0)
(1.6859962e-10 -0.003488147 0 -0.00012523516 0 0)
(-2.2763963e-10 -0.0058161951 0 -0.0003483495 0 0)
(1.9864449e-10 -0.0081440998 0 -0.00068335089 0 0)
(-1.0382757e-10 0.0081440996 0 -0.00068335087 0 0)
(3.8391536e-10 0.0058161951 0 -0.0003483495 0 0)
(-1.7884046e-10 0.003488147 0 -0.00012523516 0 0)
(-6.1171668e-11 0.001162326 0 -1.3901038e-05 0 0)
(-8.1364084e-11 -0.001162326 0 -1.3901038e-05 0 0)
(-1.6841393e-10 -0.0034881471 0 -0.00012523516 0 0)
(3.8624579e-10 -0.0058161951 0 -0.0003483495 0 0)
(-1.1086252e-10 -0.0081440996 0 -0.00068335087 0 0)
(2.0175929e-10 0.0081440998 0 -0.00068335089 0 0)
(-2.1676216e-10 0.0058161951 0 -0.00034834951 0 0)
(1.7650913e-10 0.003488147 0 -0.00012523516 0 0)
(-1.9481533e-10 0.001162326 0 -1.3901035e-05 0 0)
(-1.7364162e-10 -0.0011623261 0 -1.3901035e-05 0 0)
(1.6652134e-10 -0.0034881471 0 -0.00012523516 0 0)
(-2.2257642e-10 -0.0058161951 0 -0.0003483495 0 0)
(2.0366092e-10 -0.0081440998 0 -0.00068335089 0 0)
(-9.8988635e-11 0.0081440996 0 -0.00068335087 0 0)
(3.8840969e-10 0.0058161951 0 -0.00034834951 0 0)
(-1.8091638e-10 0.0034881471 0 -0.00012523516 0 0)
(-6.8945684e-11 0.001162326 0 -1.390103e-05 0 0)
(-8.909626e-11 -0.001162326 0 -1.390103e-05 0 0)
(-1.7035305e-10 -0.0034881471 0 -0.00012523516 0 0)
(3.9102017e-10 -0.0058161951 0 -0.00034834951 0 0)
(-1.0576687e-10 -0.0081440996 0 -0.00068335087 0 0)
(2.0642382e-10 0.0081440998 0 -0.00068335089 0 0)
(-2.1201704e-10 0.0058161951 0 -0.00034834952 0 0)
(1.7436444e-10 0.0034881471 0 -0.00012523517 0 0)
(-2.0248061e-10 0.001162326 0 -1.3901027e-05 0 0)
(-1.8129553e-10 -0.0011623261 0 -1.3901027e-05 0 0)
(1.6449411e-10 -0.0034881471 0 -0.00012523517 0 0)
(-2.175867e-10 -0.0058161951 0 -0.00034834951 0 0)
(2.0855666e-10 -0.0081440997 0 -0.00068335089 0 0)
(-9.4228065e-11 0.0081440996 0 -0.00068335087 0 0)
(3.9294371e-10 0.0058161951 0 -0.00034834952 0 0)
(-1.8288861e-10 0.0034881471 0 -0.00012523517 0 0)
(-7.6670307e-11 0.001162326 0 -1.3901023e-05 0 0)
(-9.6808765e-11 -0.0011623261 0 -1.3901023e-05 0 0)
(-1.7226237e-10 -0.0034881472 0 -0.00012523517 0 0)
(3.9575532e-10 -0.0058161951 0 -0.00034834952 0 0)
(-1.0078467e-10 -0.0081440996 0 -0.00068335087 0 0)
(2.1103315e-10 0.0081440997 0 -0.00068335089 0 0)
(-2.0724493e-10 0.0058161951 0 -0.00034834952 0 0)
(1.7233128e-10 0.0034881472 0 -0.00012523517 0 0)
(-2.1012767e-10 0.0011623261 0 -1.390102e-05 0 0)
(-1.8895999e-10 -0.0011623261 0 -1.390102e-05 0 0)
(1.6250494e-10 -0.0034881472 0 -0.00012523517 0 0)
(-2.1264551e-10 -0.0058161951 0 -0.00034834952 0 0)
(2.1336517e-10 -0.0081440997 0 -0.00068335088 0 0)
(-8.9514732e-11 0.0081440995 0 -0.00068335087 0 0)
(3.9753312e-10 0.0058161951 0 -0.00034834953 0 0)
(-1.8477324e-10 0.0034881472 0 -0.00012523517 0 0)
(-8.438635e-11 0.0011623261 0 -1.3901016e-05 0 0)
(-1.0454229e-10 -0.0011623261 0 -1.3901016e-05 0 0)
(-1.7415413e-10 -0.0034881472 0 -0.00012523517 0 0)
(4.0047479e-10 -0.0058161951 0 -0.00034834953 0 0)
(-9.5883067e-11 -0.0081440995 0 -0.00068335087 0 0)
(2.1561732e-10 0.0081440997 0 -0.00068335088 0 0)
(-2.0242729e-10 0.0058161951 0 -0.00034834953 0 0)
(1.7039359e-10 0.0034881472 0 -0.00012523518 0 0)
(-2.1779592e-10 0.0011623261 0 -1.3901013e-05 0 0)
(-1.9667337e-10 -0.0011623262 0 -1.3901013e-05 0 0)
(1.6054091e-10 -0.0034881472 0 -0.00012523518 0 0)
(-2.0772748e-10 -0.0058161951 0 -0.00034834953 0 0)
(2.1811756e-10 -0.0081440997 0 -0.00068335088 0 0)
(-8.4818453e-11 0.0081440995 0 -0.00068335086 0 0)
(4.0219713e-10 0.0058161951 0 -0.00034834954 0 0)
(-1.8658402e-10 0.0034881473 0 -0.00012523518 0 0)
(-9.2135244e-11 0.0011623261 0 -1.3901009e-05 0 0)
(-1.123375e-10 -0.0011623261 0 -1.3901009e-05 0 0)
(-1.7603905e-10 -0.0034881473 0 -0.00012523518 0 0)
(4.0520314e-10 -0.0058161951 0 -0.00034834954 0 0)
(-9.1030918e-11 -0.0081440995 0 -0.00068335086 0 0)
(2.2020578e-10 0.0081440997 0 -0.00068335088 0 0)
(-1.9754258e-10 0.0058161952 0 -0.00034834954 0 0)
(1.6853863e-10 0.0034881473 0 -0.00012523518 0 0)
(-2.2552776e-10 0.0011623262 0 -1.3901006e-05 0 0)
(-2.0447698e-10 -0.0011623262 0 -1.3901006e-05 0 0)
(1.5859205e-10 -0.0034881473 0 -0.00012523518 0 0)
(-2.0280689e-10 -0.0058161952 0 -0.00034834954 0 0)
(2.2284404e-10 -0.0081440996 0 -0.00068335087 0 0)
(-8.0110062e-11 0.0081440994 0 -0.00068335086 0 0)
(4.0695746e-10 0.0058161951 0 -0.00034834955 0 0)
(-1.8833228e-10 0.0034881473 0 -0.00012523519 0 0)
(-9.9962078e-11 0.0011623261 0 -1.3901002e-05 0 0)
(-1.2023848e-10 -0.0011623262 0 -1.3901002e-05 0 0)
(-1.779261e-10 -0.0034881474 0 -0.00012523519 0 0)
(4.0996588e-10 -0.0058161951 0 -0.00034834955 0 0)
(-8.6197933e-11 -0.0081440994 0 -0.00068335086 0 0)
(2.2482763e-10 0.0081440996 0 -0.00068335087 0 0)
(-1.9256497e-10 0.0058161952 0 -0.00034834955 0 0)
(1.6675333e-10 0.0034881474 0 -0.00012523519 0 0)
(-2.3336995e-10 0.0011623262 0 -1.3900999e-05 0 0)
(-2.1241655e-10 -0.0011623262 0 -1.3900999e-05 0 0)
(1.5664751e-10 -0.0034881474 0 -0.00012523519 0 0)
(-1.9785385e-10 -0.0058161952 0 -0.00034834955 0 0)
(2.2757408e-10 -0.0081440996 0 -0.00068335087 0 0)
(-7.535988e-11 0.0081440994 0 -0.00068335085 0 0)
(4.118415e-10 0.0058161952 0 -0.00034834956 0 0)
(-1.9003072e-10 0.0034881474 0 -0.00012523519 0 0)
(-1.0791584e-10 0.0011623262 0 -1.3900995e-05 0 0)
(-1.2829347e-10 -0.0011623262 0 -1.3900995e-05 0 0)
(-1.7982514e-10 -0.0034881474 0 -0.00012523519 0 0)
(4.1479429e-10 -0.0058161952 0 -0.00034834956 0 0)
(-8.1353356e-11 -0.0081440994 0 -0.00068335085 0 0)
(2.2951298e-10 0.0081440996 0 -0.00068335087 0 0)
(-1.8746273e-10 0.0058161952 0 -0.00034834956 0 0)
(1.6502427e-10 0.0034881474 0 -0.0001252352 0 0)
(-2.413751e-10 0.0011623262 0 -1.3900992e-05 0 0)
(-2.2054346e-10 -0.0011623263 0 -1.3900991e-05 0 0)
(1.5469784e-10 -0.0034881475 0 -0.0001252352 0 0)
(-1.9283326e-10 -0.0058161952 0 -0.00034834956 0 0)
(2.3233887e-10 -0.0081440995 0 -0.00068335086 0 0)
(-7.0536496e-11 0.0081440993 0 -0.00068335084 0 0)
(4.1688306e-10 0.0058161952 0 -0.00034834957 0 0)
(-1.916925e-10 0.0034881475 0 -0.0001252352 0 0)
(-1.160551e-10 0.0011623262 0 -1.3900988e-05 0 0)
(-1.365591e-10 -0.0011623263 0 -1.3900988e-05 0 0)
(-1.8174423e-10 -0.0034881475 0 -0.0001252352 0 0)
(4.1972536e-10 -0.0058161952 0 -0.00034834957 0 0)
(-7.6464106e-11 -0.0081440993 0 -0.00068335084 0 0)
(2.3429372e-10 0.0081440995 0 -0.00068335086 0 0)
(-1.8219648e-10 0.0058161952 0 -0.00034834958 0 0)
(1.6333743e-10 0.0034881475 0 -0.00012523521 0 0)
(-2.4960756e-10 0.0011623263 0 -1.3900984e-05 0 0)
(-2.2891912e-10 -0.0011623263 0 -1.3900984e-05 0 0)
(1.5273484e-10 -0.0034881475 0 -0.0001252352 0 0)
(-1.8770256e-10 -0.0058161952 0 -0.00034834957 0 0)
(2.3717211e-10 -0.0081440995 0 -0.00068335085 0 0)
(-6.5605886e-11 0.0081440993 0 -0.00068335084 0 0)
(4.2212531e-10 0.0058161952 0 -0.00034834958 0 0)
(-1.9333075e-10 0.0034881476 0 -0.00012523521 0 0)
(-1.2445123e-10 0.0011623263 0 -1.3900981e-05 0 0)
(-1.451029e-10 -0.0011623263 0 -1.390098e-05 0 0)
(-1.8368985e-10 -0.0034881476 0 -0.00012523521 0 0)
(4.2480502e-10 -0.0058161952 0 -0.00034834958 0 0)
(-7.1493248e-11 -0.0081440993 0 -0.00068335083 0 0)
(2.392051e-10 0.0081440995 0 -0.00068335085 0 0)
(-1.7671588e-10 0.0058161952 0 -0.00034834959 0 0)
(1.6167835e-10 0.0034881476 0 -0.00012523521 0 0)
(-2.5814656e-10 0.0011623263 0 -1.3900977e-05 0 0)
(-2.3761813e-10 -0.0011623264 0 -1.3900977e-05 0 0)
(1.5075218e-10 -0.0034881476 0 -0.00012523521 0 0)
(-1.8240799e-10 -0.0058161952 0 -0.00034834959 0 0)
(2.4211305e-10 -0.0081440994 0 -0.00068335085 0 0)
(-6.0528814e-11 0.0081440992 0 -0.00068335083 0 0)
(4.2762205e-10 0.0058161952 0 -0.00034834959 0 0)
(-1.9496054e-10 0.0034881476 0 -0.00012523522 0 0)
(-1.3319349e-10 0.0011623263 0 -1.3900974e-05 0 0)
(-1.5401006e-10 -0.0011623263 0 -1.3900973e-05 0 0)
(-1.8566644e-10 -0.0034881477 0 -0.00012523522 0 0)
(4.3009225e-10 -0.0058161952 0 -0.00034834959 0 0)
(-6.6397181e-11 -0.0081440992 0 -0.00068335083 0 0)
(2.4428858e-10 0.0081440994 0 -0.00068335084 0 0)
(-1.7096024e-10 0.0058161952 0 -0.0003483496 0 0)
(1.6002948e-10 0.0034881477 0 -0.00012523522 0 0)
(-2.6709153e-10 0.0011623264 0 -1.390097e-05 0 0)
(-2.4673549e-10 -0.0011623264 0 -1.3900969e-05 0 0)
(1.487448e-10 -0.0034881477 0 -0.00012523522 0 0)
(-1.7688147e-10 -0.0058161952 0 -0.0003483496 0 0)
(2.4720789e-10 -0.0081440994 0 -0.00068335084 0 0)
(-5.52595e-11 0.0081440992 0 -0.00068335082 0 0)
(4.3343808e-10 0.0058161952 0 -0.0003483496 0 0)
(-1.9659893e-10 0.0034881477 0 -0.00012523523 0 0)
(-1.4239313e-10 0.0011623264 0 -1.3900966e-05 0 0)
(-1.633868e-10 -0.0011623264 0 -1.3900965e-05 0 0)
(-1.8767762e-10 -0.0034881477 0 -0.00012523522 0 0)
(4.356617e-10 -0.0058161952 0 -0.0003483496 0 0)
(-6.1124398e-11 -0.0081440992 0 -0.00068335082 0 0)
(2.4959258e-10 0.0081440993 0 -0.00068335083 0 0)
(-1.6485727e-10 0.0058161953 0 -0.00034834961 0 0)
(1.5837205e-10 0.0034881478 0 -0.00012523523 0 0)
(-2.765669e-10 0.0011623264 0 -1.3900962e-05 0 0)
(-2.5638947e-10 -0.0011623264 0 -1.3900961e-05 0 0)
(1.4670853e-10 -0.0034881478 0 -0.00012523523 0 0)
(-1.710369e-10 -0.0058161953 0 -0.00034834961 0 0)
(2.525122e-10 -0.0081440993 0 -0.00068335083 0 0)
(-4.9743186e-11 0.0081440991 0 -0.00068335081 0 0)
(4.3964961e-10 0.0058161953 0 -0.00034834962 0 0)
(-1.9826525e-10 0.0034881478 0 -0.00012523524 0 0)
(-1.521902e-10 0.0011623264 0 -1.3900958e-05 0 0)
(-1.7336612e-10 -0.0011623264 0 -1.3900957e-05 0 0)
(-1.8972603e-10 -0.0034881478 0 -0.00012523523 0 0)
(4.4160714e-10 -0.0058161953 0 -0.00034834962 0 0)
(-5.5611756e-11 -0.0081440991 0 -0.00068335081 0 0)
(2.5517665e-10 0.0081440993 0 -0.00068335082 0 0)
(-1.5831973e-10 0.0058161953 0 -0.00034834963 0 0)
(1.566841e-10 0.0034881479 0 -0.00012523524 0 0)
(-2.8672912e-10 0.0011623265 0 -1.3900954e-05 0 0)
(-2.667284e-10 -0.0011623265 0 -1.3900953e-05 0 0)
(1.4463957e-10 -0.0034881479 0 -0.00012523524 0 0)
(-1.6476652e-10 -0.0058161953 0 -0.00034834962 0 0)
(2.5809386e-10 -0.0081440993 0 -0.00068335082 0 0)
(-4.3912396e-11 0.008144099 0 -0.0006833508 0 0)
(4.4635165e-10 0.0058161953 0 -0.00034834963 0 0)
(-1.9998119e-10 0.0034881479 0 -0.00012523525 0 0)
(-1.6275953e-10 0.0011623265 0 -1.3900949e-05 0 0)
(-1.8411422e-10 -0.0011623265 0 -1.3900948e-05 0 0)
(-1.9181397e-10 -0.0034881479 0 -0.00012523524 0 0)
(4.4804691e-10 -0.0058161953 0 -0.00034834963 0 0)
(-4.9783654e-11 -0.0081440991 0 -0.00068335079 0 0)
(2.6111294e-10 0.0081440992 0 -0.00068335081 0 0)
(-1.5123729e-10 0.0058161953 0 -0.00034834964 0 0)
(1.5494101e-10 0.003488148 0 -0.00012523525 0 0)
(-2.9777234e-10 0.0011623265 0 -1.3900945e-05 0 0)
(-2.7793705e-10 -0.0011623265 0 -1.3900944e-05 0 0)
(1.4253377e-10 -0.003488148 0 -0.00012523525 0 0)
(-1.579359e-10 -0.0058161953 0 -0.00034834964 0 0)
(2.64035e-10 -0.0081440992 0 -0.0006833508 0 0)
(-3.7685315e-11 0.008144099 0 -0.00068335079 0 0)
(4.5366538e-10 0.0058161953 0 -0.00034834965 0 0)
(-2.0177182e-10 0.003488148 0 -0.00012523526 0 0)
(-1.7431709e-10 0.0011623265 0 -1.390094e-05 0 0)
(-1.9583795e-10 -0.0011623266 0 -1.3900939e-05 0 0)
(-1.9394454e-10 -0.003488148 0 -0.00012523525 0 0)
(4.5512707e-10 -0.0058161953 0 -0.00034834965 0 0)
(-4.3547062e-11 -0.008144099 0 -0.00068335078 0 0)
(2.674907e-10 0.0081440991 0 -0.0006833508 0 0)
(-1.434699e-10 0.0058161954 0 -0.00034834966 0 0)
(1.5311486e-10 0.0034881481 0 -0.00012523526 0 0)
(-3.0993556e-10 0.0011623266 0 -1.3900935e-05 0 0)
(-2.9024578e-10 -0.0011623266 0 -1.3900934e-05 0 0)
(1.4038545e-10 -0.0034881481 0 -0.00012523526 0 0)
(-1.5038039e-10 -0.0058161954 0 -0.00034834966 0 0)
(2.7043621e-10 -0.0081440991 0 -0.00068335079 0 0)
(-3.0960701e-11 0.0081440989 0 -0.00068335077 0 0)
(4.6174511e-10 0.0058161953 0 -0.00034834967 0 0)
(-2.0366414e-10 0.0034881481 0 -0.00012523527 0 0)
(-1.8712741e-10 0.0011623266 0 -1.3900929e-05 0 0)
(-2.0879394e-10 -0.0011623266 0 -1.3900928e-05 0 0)
(-1.9612308e-10 -0.0034881481 0 -0.00012523527 0 0)
(4.6302612e-10 -0.0058161954 0 -0.00034834966 0 0)
(-3.6789831e-11 -0.0081440989 0 -0.00068335077 0 0)
(2.7441981e-10 0.0081440991 0 -0.00068335079 0 0)
(-1.3484083e-10 0.0058161954 0 -0.00034834968 0 0)
(1.5117576e-10 0.0034881482 0 -0.00012523528 0 0)
(-3.2350981e-10 0.0011623266 0 -1.3900923e-05 0 0)
(-3.0393751e-10 -0.0011623266 0 -1.3900922e-05 0 0)
(1.3818527e-10 -0.0034881482 0 -0.00012523527 0 0)
(-1.4190034e-10 -0.0058161954 0 -0.00034834967 0 0)
(2.7741834e-10 -0.0081440991 0 -0.00068335078 0 0)
(-2.3616352e-11 0.0081440988 0 -0.00068335076 0 0)
(4.7078584e-10 0.0058161954 0 -0.00034834968 0 0)
(-2.0568724e-10 0.0034881482 0 -0.00012523528 0 0)
(-2.0151123e-10 0.0011623267 0 -1.3900917e-05 0 0)
(-2.2329502e-10 -0.0011623267 0 -1.3900916e-05 0 0)
(-1.9835873e-10 -0.0034881482 0 -0.00012523528 0 0)
(4.7195886e-10 -0.0058161954 0 -0.00034834968 0 0)
(-2.9378e-11 -0.0081440988 0 -0.00068335076 0 0)
(2.820319e-10 0.008144099 0 -0.00068335077 0 0)
(-1.2512812e-10 0.0058161954 0 -0.0003483497 0 0)
(1.4909147e-10 0.0034881483 0 -0.00012523529 0 0)
(-3.3884693e-10 0.0011623267 0 -1.390091e-05 0 0)
(-3.1935651e-10 -0.0011623267 0 -1.3900909e-05 0 0)
(1.3591961e-10 -0.0034881483 0 -0.00012523528 0 0)
(-1.322566e-10 -0.0058161954 0 -0.00034834969 0 0)
(2.8512478e-10 -0.008144099 0 -0.00068335077 0 0)
(-1.5501688e-11 0.0081440988 0 -0.00068335075 0 0)
(4.8102653e-10 0.0058161954 0 -0.0003483497 0 0)
(-2.0787182e-10 0.0034881483 0 -0.00012523529 0 0)
(-2.178545e-10 0.0011623267 0 -1.3900903e-05 0 0)
(-2.3972016e-10 -0.0011623267 0 -1.3900902e-05 0 0)
(-2.006655e-10 -0.0034881483 0 -0.00012523529 0 0)
(4.8218297e-10 -0.0058161954 0 -0.0003483497 0 0)
(-2.1154287e-11 -0.0081440988 0 -0.00068335075 0 0)
(2.9049207e-10 0.0081440989 0 -0.00068335076 0 0)
(-1.1406447e-10 0.0058161955 0 -0.00034834972 0 0)
(1.468282e-10 0.0034881484 0 -0.0001252353 0 0)
(-3.5636897e-10 0.0011623268 0 -1.3900895e-05 0 0)
(-3.3691842e-10 -0.0011623268 0 -1.3900894e-05 0 0)
(1.3356853e-10 -0.0034881484 0 -0.0001252353 0 0)
(-1.2116483e-10 -0.0058161955 0 -0.00034834971 0 0)
(2.9372397e-10 -0.0081440989 0 -0.00068335075 0 0)
(-6.4329925e-12 0.0081440987 0 -0.00068335073 0 0)
(4.9275762e-10 0.0058161954 0 -0.00034834973 0 0)
(-2.1025036e-10 0.0034881485 0 -0.00012523531 0 0)
(-2.3661981e-10 0.0011623268 0 -1.3900887e-05 0 0)
(-2.5852606e-10 -0.0011623268 0 -1.3900885e-05 0 0)
(-2.0306348e-10 -0.0034881485 0 -0.0001252353 0 0)
(4.9399858e-10 -0.0058161955 0 -0.00034834972 0 0)
(-1.1930457e-11 -0.0081440987 0 -0.00068335073 0 0)
(2.9999869e-10 0.0081440988 0 -0.00068335075 0 0)
(-1.0132517e-10 0.0058161955 0 -0.00034834974 0 0)
(1.4434898e-10 0.0034881485 0 -0.00012523532 0 0)
(-3.7658047e-10 0.0011623268 0 -1.3900878e-05 0 0)
(-3.5712148e-10 -0.0011623268 0 -1.3900876e-05 0 0)
(1.3110629e-10 -0.0034881485 0 -0.00012523531 0 0)
(-1.0829568e-10 -0.0058161955 0 -0.00034834974 0 0)
(3.0341841e-10 -0.0081440988 0 -0.00068335074 0 0)
(3.8105649e-12 0.0081440986 0 -0.00068335072 0 0)
(5.0632997e-10 0.0058161955 0 -0.00034834975 0 0)
(-2.1285932e-10 0.0034881486 0 -0.00012523532 0 0)
(-2.583571e-10 0.0011623269 0 -1.3900868e-05 0 0)
(-2.8025669e-10 -0.0011623269 0 -1.3900866e-05 0 0)
(-2.0557727e-10 -0.0034881486 0 -0.00012523532 0 0)
(5.0776059e-10 -0.0058161955 0 -0.00034834975 0 0)
(-1.4867156e-12 -0.0081440986 0 -0.00068335072 0 0)
(3.1079006e-10 0.0081440987 0 -0.00068335073 0 0)
(-8.6520751e-11 0.0058161955 0 -0.00034834977 0 0)
(1.4161049e-10 0.0034881487 0 -0.00012523533 0 0)
(-4.0007984e-10 0.0011623269 0 -1.3900857e-05 0 0)
(-3.8055714e-10 -0.0011623269 0 -1.3900855e-05 0 0)
(1.2850259e-10 -0.0034881487 0 -0.00012523533 0 0)
(-9.3256209e-11 -0.0058161956 0 -0.00034834976 0 0)
(3.1444152e-10 -0.0081440987 0 -0.00068335073 0 0)
(1.5492746e-11 0.0081440985 0 -0.0006833507 0 0)
(5.2216052e-10 0.0058161955 0 -0.00034834978 0 0)
(-2.1574384e-10 0.0034881487 0 -0.00012523534 0 0)
(-2.8371851e-10 0.0011623269 0 -1.3900845e-05 0 0)
(-3.0555508e-10 -0.0011623269 0 -1.3900843e-05 0 0)
(-2.0823479e-10 -0.0034881487 0 -0.00012523533 0 0)
(5.2388988e-10 -0.0058161955 0 -0.00034834978 0 0)
(1.0433694e-11 -0.0081440985 0 -0.0006833507 0 0)
(3.2314995e-10 0.0081440986 0 -0.00068335072 0 0)
(-6.9193597e-11 0.0058161956 0 -0.0003483498 0 0)
(1.3855761e-10 0.0034881488 0 -0.00012523534 0 0)
(-4.2757618e-10 0.001162327 0 -1.3900832e-05 0 0)
(-4.079215e-10 -0.001162327 0 -1.3900831e-05 0 0)
(1.2572564e-10 -0.0034881488 0 -0.00012523534 0 0)
(-7.558258e-11 -0.0058161956 0 -0.00034834979 0 0)
(3.2706871e-10 -0.0081440986 0 -0.00068335071 0 0)
(2.8925696e-11 0.0081440984 0 -0.00068335069 0 0)
(5.407355e-10 0.0058161956 0 -0.00034834981 0 0)
(-2.1896376e-10 0.0034881489 0 -0.00012523535 0 0)
(-3.1347518e-10 0.001162327 0 -1.3900818e-05 0 0)
(-3.3517439e-10 -0.001162327 0 -1.3900816e-05 0 0)
(-2.110612e-10 -0.0034881489 0 -0.00012523535 0 0)
(5.4288593e-10 -0.0058161956 0 -0.00034834981 0 0)
(2.413215e-11 -0.0081440984 0 -0.00068335069 0 0)
(3.3741197e-10 0.0081440985 0 -0.0006833507 0 0)
(-4.8814083e-11 0.0058161956 0 -0.00034834983 0 0)
(1.3511585e-10 0.003488149 0 -0.00012523536 0 0)
(-4.5990762e-10 0.0011623271 0 -1.3900802e-05 0 0)
(-4.4002804e-10 -0.0011623271 0 -1.3900801e-05 0 0)
(1.2274948e-10 -0.003488149 0 -0.00012523536 0 0)
(-5.4722705e-11 -0.0058161956 0 -0.00034834983 0 0)
(3.4162379e-10 -0.0081440985 0 -0.0006833507 0 0)
(4.4473893e-11 0.0081440983 0 -0.00068335067 0 0)
(5.6261373e-10 0.0058161956 0 -0.00034834985 0 0)
(-2.226033e-10 0.0034881491 0 -0.00012523537 0 0)
(-3.4853746e-10 0.0011623271 0 -1.3900786e-05 0 0)
(-3.699922e-10 -0.0011623271 0 -1.3900784e-05 0 0)
(-2.1407258e-10 -0.0034881491 0 -0.00012523537 0 0)
(5.6534551e-10 -0.0058161956 0 -0.00034834984 0 0)
(3.9964538e-11 -0.0081440983 0 -0.00068335067 0 0)
(3.5396455e-10 0.0081440984 0 -0.00068335069 0 0)
(-2.4777427e-11 0.0058161957 0 -0.00034834987 0 0)
(1.3118101e-10 0.0034881492 0 -0.00012523538 0 0)
(-4.9806291e-10 0.0011623272 0 -1.3900767e-05 0 0)
(-4.7782278e-10 -0.0011623272 0 -1.3900766e-05 0 0)
(1.1955974e-10 -0.0034881492 0 -0.00012523538 0 0)
(-3.0015852e-11 -0.0058161957 0 -0.00034834986 0 0)
(3.5849054e-10 -0.0081440984 0 -0.00068335068 0 0)
(6.2559378e-11 0.0081440981 0 -0.00068335066 0 0)
(5.884308e-10 0.0058161957 0 -0.00034834989 0 0)
(-2.2678021e-10 0.0034881493 0 -0.00012523539 0 0)
(-3.8997733e-10 0.0011623272 0 -1.3900747e-05 0 0)
(-4.1102555e-10 -0.0011623272 0 -1.3900746e-05 0 0)
(-2.172691e-10 -0.0034881493 0 -0.00012523538 0 0)
(5.9198501e-10 -0.0058161957 0 -0.00034834988 0 0)
(5.8352284e-11 -0.0081440982 0 -0.00068335066 0 0)
(3.7325594e-10 0.0081440983 0 -0.00068335067 0 0)
(3.6006184e-12 0.0058161958 0 -0.00034834991 0 0)
(1.2661112e-10 0.0034881494 0 -0.0001252354 0 0)
(-5.4320437e-10 0.0011623273 0 -1.3900725e-05 0 0)
(-5.2240175e-10 -0.0011623273 0 -1.3900725e-05 0 0)
(1.1615889e-10 -0.0034881494 0 -0.00012523539 0 0)
(-6.7079917e-13 -0.0058161958 0 -0.00034834991 0 0)
(3.781265e-10 -0.0081440983 0 -0.00068335067 0 0)
(8.3666324e-11 0.008144098 0 -0.00068335064 0 0)
(6.1890484e-10 0.0058161958 0 -0.00034834993 0 0)
(-2.3165261e-10 0.0034881495 0 -0.0001252354 0 0)
(-4.390503e-10 0.0011623273 0 -1.3900702e-05 0 0)
(-4.5945211e-10 -0.0011623273 0 -1.3900701e-05 0 0)
(-2.2063401e-10 -0.0034881495 0 -0.0001252354 0 0)
(6.2366117e-10 -0.0058161958 0 -0.00034834993 0 0)
(7.9798193e-11 -0.008144098 0 -0.00068335064 0 0)
(3.9579876e-10 0.0081440981 0 -0.00068335066 0 0)
(3.7095426e-11 0.0058161958 0 -0.00034834996 0 0)
(1.2122448e-10 0.0034881496 0 -0.00012523541 0 0)
(-5.9668848e-10 0.0011623274 0 -1.3900675e-05 0 0)
(-5.7503637e-10 -0.0011623274 0 -1.3900675e-05 0 0)
(1.1256198e-10 -0.0034881496 0 -0.00012523542 0 0)
(3.4252692e-11 -0.0058161958 0 -0.00034834996 0 0)
(4.0107784e-10 -0.0081440981 0 -0.00068335065 0 0)
(1.0834784e-10 0.0081440979 0 -0.00068335063 0 0)
(6.5485504e-10 0.0058161958 0 -0.00034834998 0 0)
(-2.3741211e-10 0.0034881497 0 -0.00012523542 0 0)
(-4.972116e-10 0.0011623274 0 -1.3900647e-05 0 0)
(-5.1663627e-10 -0.0011623275 0 -1.3900647e-05 0 0)
(-2.2414611e-10 -0.0034881497 0 -0.00012523543 0 0)
(6.6138402e-10 -0.0058161958 0 -0.00034834999 0 0)
(1.0490028e-10 -0.0081440979 0 -0.00068335063 0 0)
(4.2218151e-10 0.008144098 0 -0.00068335064 0 0)
(7.6598669e-11 0.0058161959 0 -0.00034835002 0 0)
(1.1481708e-10 0.0034881498 0 -0.00012523544 0 0)
(-6.6007808e-10 0.0011623275 0 -1.3900615e-05 0 0)
(-6.3720664e-10 -0.0011623275 0 -1.3900617e-05 0 0)
(1.0877196e-10 -0.0034881498 0 -0.00012523544 0 0)
(7.5847527e-11 -0.0058161959 0 -0.00034835002 0 0)
(4.2799351e-10 -0.008144098 0 -0.00068335064 0 0)
(1.3724372e-10 0.0081440977 0 -0.00068335061 0 0)
(6.9723467e-10 0.0058161959 0 -0.00034835005 0 0)
(-2.4425371e-10 0.00348815 0 -0.00012523544 0 0)
(-5.6612335e-10 0.0011623276 0 -1.3900582e-05 0 0)
(-5.841695e-10 -0.0011623276 0 -1.3900583e-05 0 0)
(-2.2781993e-10 -0.00348815 0 -0.00012523545 0 0)
(7.0630587e-10 -0.0058161959 0 -0.00034835005 0 0)
(1.3436536e-10 -0.0081440977 0 -0.00068335062 0 0)
(4.5309274e-10 0.0081440978 0 -0.00068335062 0 0)
(1.2316832e-10 0.005816196 0 -0.00034835008 0 0)
(1.0721059e-10 0.0034881501 0 -0.00012523546 0 0)
(-7.3514268e-10 0.0011623277 0 -1.3900544e-05 0 0)
(-7.1065084e-10 -0.0011623277 0 -1.3900548e-05 0 0)
(1.0472167e-10 -0.0034881501 0 -0.00012523546 0 0)
(1.2533169e-10 -0.005816196 0 -0.00034835009 0 0)
(4.5963661e-10 -0.0081440978 0 -0.00068335063 0 0)
(1.7110591e-10 0.0081440975 0 -0.0006833506 0 0)
(7.4720875e-10 0.005816196 0 -0.00034835012 0 0)
(-2.5230497e-10 0.0034881502 0 -0.00012523547 0 0)
(-6.4764232e-10 0.0011623277 0 -1.3900505e-05 0 0)
(-6.6392478e-10 -0.0011623278 0 -1.3900508e-05 0 0)
(-2.317863e-10 -0.0034881503 0 -0.00012523548 0 0)
(7.5967826e-10 -0.005816196 0 -0.00034835012 0 0)
(1.6900798e-10 -0.0081440975 0 -0.0006833506 0 0)
(4.8935559e-10 0.0081440976 0 -0.00068335061 0 0)
(1.7813189e-10 0.0058161961 0 -0.00034835016 0 0)
(9.8347822e-11 0.0034881504 0 -0.00012523548 0 0)
(-8.238347e-10 0.0011623278 0 -1.390046e-05 0 0)
(-7.9743328e-10 -0.0011623278 0 -1.3900466e-05 0 0)
(1.0016724e-10 -0.0034881504 0 -0.00012523549 0 0)
(1.8398283e-10 -0.0058161961 0 -0.00034835017 0 0)
(4.9687285e-10 -0.0081440976 0 -0.00068335061 0 0)
(2.1084657e-10 0.0081440973 0 -0.00068335058 0 0)
(8.0628081e-10 0.0058161961 0 -0.0003483502 0 0)
(-2.6150306e-10 0.0034881506 0 -0.00012523549 0 0)
(-7.4378349e-10 0.0011623279 0 -1.3900414e-05 0 0)
(-7.5813271e-10 -0.0011623279 0 -1.3900419e-05 0 0)
(-2.3643093e-10 -0.0034881506 0 -0.00012523551 0 0)
(8.2275288e-10 -0.0058161961 0 -0.00034835021 0 0)
(2.0973073e-10 -0.0081440973 0 -0.00068335059 0 0)
(5.3199218e-10 0.0081440974 0 -0.0006833506 0 0)
(2.4324029e-10 0.0058161962 0 -0.00034835025 0 0)
(8.8444714e-11 0.0034881507 0 -0.00012523551 0 0)
(-9.2823831e-10 0.001162328 0 -1.3900361e-05 0 0)
(-9.0003314e-10 -0.001162328 0 -1.3900369e-05 0 0)
(9.4520878e-11 -0.0034881508 0 -0.00012523552 0 0)
(2.5300425e-10 -0.0058161962 0 -0.00034835026 0 0)
(5.4063936e-10 -0.0081440973 0 -0.0006833506 0 0)
(2.5761982e-10 0.008144097 0 -0.00068335057 0 0)
(8.7647651e-10 0.0058161962 0 -0.00034835029 0 0)
(-2.7141469e-10 0.003488151 0 -0.00012523552 0 0)
(-8.5665142e-10 0.0011623281 0 -1.3900308e-05 0 0)
(-8.694709e-10 -0.0011623281 0 -1.3900315e-05 0 0)
(-2.4259314e-10 -0.003488151 0 -0.00012523554 0 0)
(8.9660894e-10 -0.0058161962 0 -0.00034835031 0 0)
(2.5747932e-10 -0.008144097 0 -0.00068335058 0 0)
(5.8232845e-10 0.0081440971 0 -0.00068335058 0 0)
(3.2087734e-10 0.0058161963 0 -0.00034835035 0 0)
(7.8191531e-11 0.0034881511 0 -0.00012523554 0 0)
(-1.0504873e-09 0.0011623282 0 -1.3900246e-05 0 0)
(-1.0214409e-09 -0.0011623282 0 -1.3900255e-05 0 0)
(8.6631701e-11 -0.0034881512 0 -0.00012523556 0 0)
(3.3331862e-10 -0.0058161963 0 -0.00034835037 0 0)
(5.9188691e-10 -0.0081440971 0 -0.00068335059 0 0)
(3.1293397e-10 0.0081440968 0 -0.00068335056 0 0)
(9.6057694e-10 0.0058161963 0 -0.00034835041 0 0)
(-2.810228e-10 0.0034881514 0 -0.00012523556 0 0)
(-9.8834434e-10 0.0011623284 0 -1.3900184e-05 0 0)
(-1.0011515e-09 -0.0011623284 0 -1.3900191e-05 0 0)
(-2.5180677e-10 -0.0034881514 0 -0.00012523558 0 0)
(9.8191857e-10 -0.0058161963 0 -0.00034835043 0 0)
(3.1316057e-10 -0.0081440968 0 -0.00068335057 0 0)
(6.4212301e-10 0.0081440968 0 -0.00068335057 0 0)
(4.1429268e-10 0.0058161964 0 -0.00034835047 0 0)
(6.8962121e-11 0.0034881516 0 -0.00012523558 0 0)
(-1.1926517e-09 0.0011623285 0 -1.3900113e-05 0 0)
(-1.1652252e-09 -0.0011623285 0 -1.390012e-05 0 0)
(7.4551531e-11 -0.0034881516 0 -0.0001252356 0 0)
(4.2530976e-10 -0.0058161964 0 -0.00034835049 0 0)
(6.5147858e-10 -0.0081440968 0 -0.00068335058 0 0)
(3.7878826e-10 0.0081440965 0 -0.00068335055 0 0)
(1.0623261e-09 0.0058161965 0 -0.00034835054 0 0)
(-2.8854749e-10 0.0034881519 0 -0.0001252356 0 0)
(-1.1408222e-09 0.0011623286 0 -1.3900042e-05 0 0)
(-1.1569388e-09 -0.0011623286 0 -1.3900045e-05 0 0)
(-2.6651743e-10 -0.0034881519 0 -0.00012523562 0 0)
(1.0786716e-09 -0.0058161964 0 -0.00034835056 0 0)
(3.775278e-10 -0.0081440964 0 -0.00068335055 0 0)
(7.1370875e-10 0.0081440965 0 -0.00068335056 0 0)
(5.2773486e-10 0.0058161966 0 -0.00034835062 0 0)
(6.293026e-11 0.0034881521 0 -0.00012523563 0 0)
(-1.3565822e-09 0.0011623288 0 -1.3899959e-05 0 0)
(-1.3354629e-09 -0.0011623287 0 -1.389996e-05 0 0)
(5.5386169e-11 -0.0034881521 0 -0.00012523563 0 0)
(5.2854047e-10 -0.0058161966 0 -0.00034835063 0 0)
(7.2006785e-10 -0.0081440964 0 -0.00068335057 0 0)
(4.5778735e-10 0.0081440961 0 -0.00068335054 0 0)
(1.1864347e-09 0.0058161966 0 -0.00034835071 0 0)
(-2.9144143e-10 0.0034881525 0 -0.00012523566 0 0)
(-1.3157228e-09 0.001162329 0 -1.3899879e-05 0 0)
(-1.3409516e-09 -0.0011623289 0 -1.3899873e-05 0 0)
(-2.9014012e-10 -0.0034881524 0 -0.00012523565 0 0)
(1.185914e-09 -0.0058161966 0 -0.00034835071 0 0)
(4.5105159e-10 -0.0081440961 0 -0.00068335054 0 0)
(8.0006529e-10 0.0081440961 0 -0.00068335055 0 0)
(6.6623238e-10 0.0058161967 0 -0.0003483508 0 0)
(6.2911758e-11 0.0034881528 0 -0.0001252357 0 0)
(-1.5436643e-09 0.0011623291 0 -1.3899786e-05 0 0)
(-1.5363077e-09 -0.001162329 0 -1.3899772e-05 0 0)
(2.540888e-11 -0.0034881527 0 -0.00012523567 0 0)
(6.4150487e-10 -0.0058161967 0 -0.00034835079 0 0)
(7.9797007e-10 -0.008144096 0 -0.00068335055 0 0)
(5.5312183e-10 0.0081440957 0 -0.00068335053 0 0)
(1.3380267e-09 0.0058161968 0 -0.0003483509 0 0)
(-2.8679697e-10 0.0034881531 0 -0.00012523573 0 0)
(-1.5140228e-09 0.0011623293 0 -1.3899696e-05 0 0)
(-1.5569488e-09 -0.0011623292 0 -1.3899672e-05 0 0)
(-3.2672133e-10 -0.0034881531 0 -0.00012523568 0 0)
(1.3015536e-09 -0.0058161968 0 -0.00034835087 0 0)
(5.3379026e-10 -0.0081440957 0 -0.00068335053 0 0)
(9.0464969e-10 0.0081440956 0 -0.00068335055 0 0)
(8.3454902e-10 0.0058161969 0 -0.00034835102 0 0)
(7.1644206e-11 0.0034881535 0 -0.00012523578 0 0)
(-1.7542952e-09 0.0011623295 0 -1.3899591e-05 0 0)
(-1.7707753e-09 -0.0011623294 0 -1.3899554e-05 0 0)
(-1.9277778e-11 -0.0034881534 0 -0.0001252357 0 0)
(7.614408e-10 -0.0058161969 0 -0.00034835095 0 0)
(8.8503436e-10 -0.0081440956 0 -0.00068335054 0 0)
(6.6818001e-10 0.0081440952 0 -0.00068335053 0 0)
(1.5208941e-09 0.005816197 0 -0.00034835114 0 0)
(-2.7249881e-10 0.0034881539 0 -0.00012523583 0 0)
(-1.7352649e-09 0.0011623298 0 -1.3899493e-05 0 0)
(-1.8065831e-09 -0.0011623296 0 -1.389944e-05 0 0)
(-3.7984999e-10 -0.0034881538 0 -0.00012523571 0 0)
(1.422224e-09 -0.005816197 0 -0.00034835104 0 0)
(6.2525431e-10 -0.0081440952 0 -0.00068335051 0 0)
(1.03065e-09 0.0081440951 0 -0.00068335055 0 0)
(1.0345274e-09 0.0058161971 0 -0.00034835127 0 0)
(9.0185718e-11 0.0034881543 0 -0.00012523589 0 0)
(-1.9866497e-09 0.00116233 0 -1.3899379e-05 0 0)
(-2.0381038e-09 -0.0011623298 0 -1.3899306e-05 0 0)
(-8.1128374e-11 -0.0034881542 0 -0.00012523572 0 0)
(8.8410049e-10 -0.0058161971 0 -0.00034835113 0 0)
(9.8047019e-10 -0.0081440951 0 -0.00068335051 0 0)
(8.053718e-10 0.0081440946 0 -0.00068335054 0 0)
(1.7336021e-09 0.0058161972 0 -0.00034835141 0 0)
(-2.4935519e-10 0.0034881548 0 -0.00012523594 0 0)
(-1.9758369e-09 0.0011623303 0 -1.3899275e-05 0 0)
(-2.0859802e-09 -0.0011623301 0 -1.3899181e-05 0 0)
(-4.5031326e-10 -0.0034881546 0 -0.00012523573 0 0)
(1.5430035e-09 -0.0058161972 0 -0.00034835122 0 0)
(7.2416414e-10 -0.0081440946 0 -0.00068335048 0 0)
(1.1790739e-09 0.0081440944 0 -0.00068335056 0 0)
(1.259754e-09 0.0058161973 0 -0.00034835156 0 0)
(1.1539021e-10 0.0034881552 0 -0.00012523601 0 0)
(-2.2341728e-09 0.0011623305 0 -1.3899155e-05 0 0)
(-2.3291419e-09 -0.0011623302 0 -1.3899039e-05 0 0)
(-1.5805239e-10 -0.0034881551 0 -0.00012523574 0 0)
(1.0031859e-09 -0.0058161973 0 -0.00034835132 0 0)
(1.0824156e-09 -0.0081440945 0 -0.00068335048 0 0)
(9.6348277e-10 0.0081440939 0 -0.00068335054 0 0)
(1.9623118e-09 0.0058161974 0 -0.00034835171 0 0)
(-2.2396418e-10 0.0034881557 0 -0.00012523608 0 0)
(-2.2260297e-09 0.0011623308 0 -1.3899052e-05 0 0)
(-2.3808021e-09 -0.0011623306 0 -1.389891e-05 0 0)
(-5.3182596e-10 -0.0034881556 0 -0.00012523576 0 0)
(1.6566357e-09 -0.0058161975 0 -0.0003483514 0 0)
(8.2783035e-10 -0.008144094 0 -0.00068335044 0 0)
(1.3447501e-09 0.0081440937 0 -0.00068335056 0 0)
(1.4864109e-09 0.0058161976 0 -0.00034835186 0 0)
(1.3695213e-10 0.0034881562 0 -0.00012523615 0 0)
(-2.482095e-09 0.0011623311 0 -1.3898934e-05 0 0)
(-2.6212165e-09 -0.0011623308 0 -1.3898776e-05 0 0)
(-2.3809819e-10 -0.0034881561 0 -0.00012523577 0 0)
(1.1092451e-09 -0.0058161976 0 -0.0003483515 0 0)
(1.1868109e-09 -0.0081440938 0 -0.00068335043 0 0)
(1.1326904e-09 0.0081440931 0 -0.00068335053 0 0)
(2.1697913e-09 0.0058161977 0 -0.000348352 0 0)
(-2.1144547e-10 0.0034881568 0 -0.00012523621 0 0)
(-2.4674543e-09 0.0011623313 0 -1.3898842e-05 0 0)
(-2.6642231e-09 -0.0011623312 0 -1.3898652e-05 0 0)
(-6.0375676e-10 -0.0034881567 0 -0.00012523581 0 0)
(1.7524652e-09 -0.0058161978 0 -0.00034835157 0 0)
(9.3078983e-10 -0.0081440934 0 -0.00068335038 0 0)
(1.5092212e-09 0.0081440928 0 -0.00068335053 0 0)
(1.6601377e-09 0.0058161978 0 -0.00034835211 0 0)
(1.3519369e-10 0.0034881573 0 -0.00012523628 0 0)
(-2.7067904e-09 0.0011623316 0 -1.3898737e-05 0 0)
(-2.8790743e-09 -0.0011623315 0 -1.3898554e-05 0 0)
(-2.9071825e-10 -0.0034881573 0 -0.00012523584 0 0)
(1.1894987e-09 -0.0058161979 0 -0.00034835167 0 0)
(1.2850801e-09 -0.0081440932 0 -0.00068335035 0 0)
(1.2869851e-09 0.0081440922 0 -0.00068335047 0 0)
(2.2856854e-09 0.0058161979 0 -0.0003483522 0 0)
(-2.3578742e-10 0.0034881579 0 -0.00012523632 0 0)
(-2.677694e-09 0.0011623319 0 -1.3898669e-05 0 0)
(-2.9047722e-09 -0.0011623319 0 -1.3898438e-05 0 0)
(-6.1890183e-10 -0.0034881579 0 -0.00012523595 0 0)
(1.8188627e-09 -0.0058161981 0 -0.00034835172 0 0)
(1.022868e-09 -0.0081440927 0 -0.00068335029 0 0)
(1.630849e-09 0.0081440919 0 -0.00068335043 0 0)
(1.6905171e-09 0.005816198 0 -0.00034835223 0 0)
(8.3036302e-11 0.0034881584 0 -0.00012523638 0 0)
(-2.8824297e-09 0.0011623322 0 -1.3898591e-05 0 0)
(-3.027077e-09 -0.0011623325 0 -1.3898452e-05 0 0)
(-2.5309582e-10 -0.0034881586 0 -0.00012523602 0 0)
(1.2370372e-09 -0.0058161983 0 -0.00034835182 0 0)
(1.3612109e-09 -0.0081440925 0 -0.00068335022 0 0)
(1.3771623e-09 0.0081440914 0 -0.00068335032 0 0)
(2.216319e-09 0.0058161981 0 -0.00034835223 0 0)
(-3.2178527e-10 0.0034881591 0 -0.00012523638 0 0)
(-2.8323759e-09 0.0011623326 0 -1.3898565e-05 0 0)
(-2.9340321e-09 -0.0011623323 0 -1.3898439e-05 0 0)
(-4.8384492e-10 -0.0034881593 0 -0.00012523626 0 0)
(1.8649735e-09 -0.0058161984 0 -0.00034835186 0 0)
(1.0898033e-09 -0.008144092 0 -0.00068335014 0 0)
(1.6386404e-09 0.008144091 0 -0.00068335018 0 0)
(1.4920878e-09 0.0058161982 0 -0.00034835213 0 0)
(-3.8757527e-11 0.0034881596 0 -0.00012523642 0 0)
(-3.0690868e-09 0.0011623328 0 -1.389844e-05 0 0)
(-2.9956155e-09 -0.0011623338 0 -1.3898557e-05 0 0)
(-1.2129876e-11 -0.0034881602 0 -0.00012523643 0 0)
(1.2979717e-09 -0.0058161986 0 -0.00034835201 0 0)
(1.3938695e-09 -0.0081440918 0 -0.00068335 0 0)
(1.3375597e-09 0.0081440906 0 -0.00068335001 0 0)
(1.9193257e-09 0.0058161983 0 -0.00034835204 0 0)
(-4.6484313e-10 0.0034881605 0 -0.00012523641 0 0)
(-3.1437007e-09 0.0011623334 0 -1.3898309e-05 0 0)
(-2.9266902e-09 -0.0011623336 0 -1.3898489e-05 0 0)
(-2.8387757e-11 -0.003488161 0 -0.00012523692 0 0)
(2.0060651e-09 -0.0058161987 0 -0.00034835212 0 0)
(1.1281674e-09 -0.0081440914 0 -0.00068334993 0 0)
(1.4536539e-09 0.0081440904 0 -0.00068334971 0 0)
(1.1345859e-09 0.0058161985 0 -0.00034835189 0 0)
(-1.9756559e-10 0.0034881612 0 -0.00012523646 0 0)
(-3.6503243e-09 0.0011623336 0 -1.3897899e-05 0 0)
(-3.1558244e-09 -0.0011623358 0 -1.3898477e-05 0 0)
(6.1684663e-10 -0.0034881622 0 -0.00012523726 0 0)
(1.6264368e-09 -0.0058161989 0 -0.00034835249 0 0)
(1.3838537e-09 -0.0081440912 0 -0.0006833497 0 0)
(1.1385843e-09 0.0081440901 0 -0.0006833495 0 0)
(1.6674573e-09 0.0058161986 0 -0.00034835194 0 0)
(-5.5983286e-10 0.0034881624 0 -0.00012523652 0 0)
(-4.2497065e-09 0.0011623343 0 -1.3897256e-05 0 0)
(-3.5758579e-09 -0.0011623361 0 -1.3897897e-05 0 0)
(1.0514154e-09 -0.0034881635 0 -0.00012523827 0 0)
(2.7034882e-09 -0.0058161991 0 -0.00034835298 0 0)
(1.2015917e-09 -0.0081440908 0 -0.00068334968 0 0)
(1.0948848e-09 0.0081440902 0 -0.00068334904 0 0)
(1.263878e-09 0.0058161991 0 -0.00034835219 0 0)
(-2.3152381e-10 0.0034881639 0 -0.00012523669 0 0)
(-5.7304469e-09 0.001162335 0 -1.3895872e-05 0 0)
(-4.7236596e-09 -0.001162339 0 -1.3897009e-05 0 0)
(1.9647951e-09 -0.0034881655 0 -0.00012523893 0 0)
(3.0795078e-09 -0.0058161993 0 -0.00034835415 0 0)
(1.4572994e-09 -0.0081440907 0 -0.00068334941 0 0)
(9.3838565e-10 0.0081440901 0 -0.00068334892 0 0)
(2.6100396e-09 0.0058161996 0 -0.00034835314 0 0)
(-3.2774885e-10 0.0034881661 0 -0.00012523707 0 0)
(-7.6986807e-09 0.0011623362 0 -1.3893863e-05 0 0)
(-6.8100009e-09 -0.0011623403 0 -1.3894787e-05 0 0)
(3.2170809e-09 -0.0034881688 0 -0.00012524084 0 0)
(5.2805961e-09 -0.0058161998 0 -0.00034835586 0 0)
(1.5740414e-09 -0.0081440902 0 -0.00068334961 0 0)
(9.7670957e-10 0.0081440903 0 -0.00068334853 0 0)
(3.9932821e-09 0.0058162007 0 -0.00034835524 0 0)
(2.6860338e-10 0.0034881697 0 -0.00012523764 0 0)
(-1.2281858e-08 0.0011623386 0 -1.3889412e-05 0 0)
(-1.2136163e-08 -0.0011623453 0 -1.3889696e-05 0 0)
(4.629216e-09 -0.0034881732 0 -0.0001252422 0 0)
(7.9756675e-09 -0.0058162005 0 -0.00034835937 0 0)
(2.1422522e-09 -0.0081440899 0 -0.0006833496 0 0)
(1.4012358e-09 0.0081440899 0 -0.00068334888 0 0)
(7.804199e-09 0.005816202 0 -0.00034835886 0 0)
(8.6995185e-10 0.0034881764 0 -0.00012523894 0 0)
(-2.0517747e-08 0.0011623434 0 -1.3881173e-05 0 0)
(-1.8336607e-08 -0.0011623497 0 -1.3883501e-05 0 0)
(6.9649512e-09 -0.0034881816 0 -0.0001252453 0 0)
(1.2840235e-08 -0.0058162014 0 -0.00034836405 0 0)
(2.9975699e-09 -0.0081440888 0 -0.00068335031 0 0)
(2.5694437e-09 0.0081440893 0 -0.00068334954 0 0)
(1.4849814e-08 0.0058162048 0 -0.00034836678 0 0)
(2.1963287e-09 0.0034881852 0 -0.00012524047 0 0)
(-3.2832928e-08 0.0011623517 0 -1.3869145e-05 0 0)
(-3.1747157e-08 -0.0011623588 0 -1.3870165e-05 0 0)
(9.2925953e-09 -0.0034881919 0 -0.0001252481 0 0)
(2.1523264e-08 -0.0058162036 0 -0.00034837353 0 0)
(4.9443777e-09 -0.0081440869 0 -0.00068335162 0 0)
(4.4577723e-09 0.0081440873 0 -0.00068335104 0 0)
(2.3997658e-08 0.0058162071 0 -0.00034837609 0 0)
(4.0406893e-09 0.0034882028 0 -0.00012524354 0 0)
(-5.4349874e-08 0.0011623637 0 -1.384749e-05 0 0)
(-4.833748e-08 -0.0011623696 0 -1.3853925e-05 0 0)
(1.2874931e-08 -0.0034882117 0 -0.00012525257 0 0)
(3.1953427e-08 -0.0058162054 0 -0.00034838445 0 0)
(7.4151695e-09 -0.0081440839 0 -0.00068335344 0 0)
(9.3752078e-09 0.0081440825 0 -0.00068335511 0 0)
(4.3778746e-08 0.0058162135 0 -0.00034839721 0 0)
(7.4343352e-09 0.0034882249 0 -0.00012524774 0 0)
(-7.8372119e-08 0.0011623793 0 -1.3824086e-05 0 0)
(-7.7247752e-08 -0.0011623874 0 -1.3824786e-05 0 0)
(1.6493759e-08 -0.0034882341 0 -0.00012525782 0 0)
(5.4190865e-08 -0.0058162111 0 -0.00034840739 0 0)
(1.3106972e-08 -0.008144077 0 -0.0006833583 0 0)
(1.457847e-08 0.008144076 0 -0.00068335932 0 0)
(6.2524209e-08 0.0058162166 0 -0.00034841667 0 0)
(1.1220197e-08 0.0034882635 0 -0.00012525373 0 0)
(-1.1908202e-07 0.0011624023 0 -1.3782998e-05 0 0)
(-1.1565519e-07 -0.0011624103 0 -1.3787366e-05 0 0)
(2.147241e-08 -0.003488277 0 -0.00012526393 0 0)
(7.4877266e-08 -0.0058162136 0 -0.0003484298 0 0)
(1.8947063e-08 -0.0081440688 0 -0.00068336245 0 0)
(2.6374548e-08 0.0081440599 0 -0.00068336943 0 0)
(1.0717309e-07 0.0058162294 0 -0.0003484634 0 0)
(1.7774703e-08 0.0034883073 0 -0.00012526202 0 0)
(-1.705266e-07 0.0011624346 0 -1.3732744e-05 0 0)
(-1.7073019e-07 -0.0011624427 0 -1.3731475e-05 0 0)
(2.6353637e-08 -0.0034883197 0 -0.00012527238 0 0)
(1.2107264e-07 -0.0058162245 0 -0.00034847669 0 0)
(3.1654492e-08 -0.00814405 0 -0.00068337382 0 0)
(3.9415067e-08 0.0081440421 0 -0.00068338 0 0)
(1.4166564e-07 0.0058162319 0 -0.00034849953 0 0)
(2.4239973e-08 0.0034883882 0 -0.00012527264 0 0)
(-2.3847803e-07 0.0011624751 0 -1.3664029e-05 0 0)
(-2.44797e-07 -0.0011624854 0 -1.3659319e-05 0 0)
(3.2088947e-08 -0.003488402 0 -0.0001252798 0 0)
(1.5582657e-07 -0.0058162267 0 -0.00034851491 0 0)
(4.4162606e-08 -0.0081440306 0 -0.00068338267 0 0)
(6.1414508e-08 0.0081440027 0 -0.00068339862 0 0)
(2.248632e-07 0.0058162531 0 -0.00034858581 0 0)
(3.3980155e-08 0.0034884606 0 -0.0001252853 0 0)
(-3.323525e-07 0.0011625339 0 -1.3572104e-05 0 0)
(-3.3341775e-07 -0.0011625378 0 -1.3569094e-05 0 0)
(3.7817791e-08 -0.0034884754 0 -0.00012529188 0 0)
(2.3770742e-07 -0.0058162453 0 -0.00034859732 0 0)
(6.7418153e-08 -0.0081439887 0 -0.00068340342 0 0)
(8.7622517e-08 0.0081439612 0 -0.00068341954 0 0)
(2.792715e-07 0.0058162514 0 -0.00034864301 0 0)
(4.1168619e-08 0.0034886048 0 -0.00012529947 0 0)
(-4.2707601e-07 0.0011625947 0 -1.3476079e-05 0 0)
(-4.5068265e-07 -0.0011626072 0 -1.3454883e-05 0 0)
(4.1792133e-08 -0.0034886135 0 -0.00012529834 0 0)
(2.8807833e-07 -0.005816244 0 -0.00034865333 0 0)
(9.1495113e-08 -0.0081439467 0 -0.00068342051 0 0)
(1.2291402e-07 0.0081438848 0 -0.00068344865 0 0)
(4.0937119e-07 0.005816282 0 -0.0003487774 0 0)
(5.481585e-08 0.0034887108 0 -0.00012531752 0 0)
(-5.7497609e-07 0.0011626902 0 -1.3330944e-05 0 0)
(-5.7221774e-07 -0.0011626831 0 -1.3330851e-05 0 0)
(4.7295272e-08 -0.0034887268 0 -0.00012531361 0 0)
(4.132713e-07 -0.0058162708 0 -0.00034877895 0 0)
(1.2639234e-07 -0.008143867 0 -0.00068345066 0 0)
(1.6389574e-07 0.0081438034 0 -0.00068347983 0 0)
(4.7835714e-07 0.0058162665 0 -0.00034884991 0 0)
(5.6923344e-08 0.0034889275 0 -0.00012532974 0 0)
(-6.7978772e-07 0.0011627675 0 -1.3224234e-05 0 0)
(-7.3866808e-07 -0.0011627884 0 -1.3168558e-05 0 0)
(4.4527271e-08 -0.0034889329 0 -0.00012531458 0 0)
(4.7351366e-07 -0.0058162603 0 -0.00034884682 0 0)
(1.6655774e-07 -0.0081437885 0 -0.00068347902 0 0)
(2.1409657e-07 0.0081436725 0 -0.00068351926 0 0)
(6.5594311e-07 0.0058163096 0 -0.00034903352 0 0)
(7.3895e-08 0.0034890641 0 -0.00012535272 0 0)
(-8.8699874e-07 0.0011629098 0 -1.3020394e-05 0 0)
(-8.7660788e-07 -0.0011628852 0 -1.3027299e-05 0 0)
(4.8052402e-08 -0.003489086 0 -0.00012533102 0 0)
(6.3532239e-07 -0.0058162931 0 -0.00034900923 0 0)
(2.117857e-07 -0.0081436568 0 -0.00068351565 0 0)
(2.6255857e-07 0.0081435392 0 -0.00068355222 0 0)
(7.2470654e-07 0.0058162653 0 -0.00034910592 0 0)
(6.7999651e-08 0.0034893538 0 -0.00012536007 0 0)
(-9.808812e-07 0.0011629975 0 -1.2923853e-05 0 0)
(-1.0801087e-06 -0.0011630303 0 -1.2828581e-05 0 0)
(3.3118799e-08 -0.0034893463 0 -0.00012532127 0 0)
(6.8492263e-07 -0.0058162582 0 -0.00034906692 0 0)
(2.6053351e-07 -0.008143529 0 -0.0006835469 0 0)
(3.2881515e-07 0.0081433468 0 -0.00068360156 0 0)
(9.1657286e-07 0.005816309 0 -0.00034930597 0 0)
(6.4511575e-08 0.0034895745 0 -0.00012536645 0 0)
(-1.2096783e-06 0.0011631778 0 -1.2698282e-05 0 0)
(-1.1673868e-06 -0.0011631156 0 -1.2737579e-05 0 0)
(4.5472429e-08 -0.0034894886 0 -0.00012534704 0 0)
(8.8638607e-07 -0.0058163155 0 -0.00034927191 0 0)
(3.2128329e-07 -0.0081433376 0 -0.00068359346 0 0)
(3.8202848e-07 0.0081431438 0 -0.00068363189 0 0)
(9.4214359e-07 0.0058162524 0 -0.00034933343 0 0)
(4.9637742e-08 0.0034898481 0 -0.0001253662 0 0)
(-1.213659e-06 0.001163225 0 -1.2692527e-05 0 0)
(-1.1696152e-06 -0.0011631925 0 -1.2741023e-05 0 0)
(8.857977e-09 -0.0034897922 0 -0.00012531856 0 0)
(8.8393297e-07 -0.0058162464 0 -0.0003492742 0 0)
(3.6003767e-07 -0.0081431526 0 -0.00068360875 0 0)
(4.3089354e-07 0.0081429056 0 -0.0006836555 0 0)
(9.5020021e-07 0.0058162177 0 -0.00034933822 0 0)
(2.729306e-08 0.0034900267 0 -0.00012535406 0 0)
(-1.3950518e-06 0.0011634297 0 -1.2525678e-05 0 0)
(-1.3386429e-06 -0.0011633574 0 -1.2576335e-05 0 0)
(-7.651988e-09 -0.0034899584 0 -0.00012531821 0 0)
(9.1050486e-07 -0.0058162289 0 -0.00034929689 0 0)
(4.088016e-07 -0.008142919 0 -0.00068363497 0 0)
(4.43723e-07 0.0081426786 0 -0.00068364151 0 0)
(9.1710189e-07 0.005816177 0 -0.00034930221 0 0)
(9.168991e-09 0.0034900689 0 -0.00012534076 0 0)
(-1.2289021e-06 0.0011634975 0 -1.2715916e-05 0 0)
(-1.2984139e-06 -0.0011634849 0 -1.2647121e-05 0 0)
(-3.5652255e-08 -0.0034900576 0 -0.00012529371 0 0)
(8.701661e-07 -0.0058161846 0 -0.00034925504 0 0)
(4.2118888e-07 -0.0081426992 0 -0.00068362022 0 0)
(4.2993507e-07 0.0081424923 0 -0.00068361441 0 0)
(7.0744349e-07 0.0058160866 0 -0.00034908281 0 0)
(-4.1079135e-08 0.0034901539 0 -0.00012530015 0 0)
(-9.2858985e-07 0.0011634858 0 -1.3071283e-05 0 0)
(-9.1815996e-07 -0.0011634522 0 -1.3078793e-05 0 0)
(-8.4754892e-08 -0.0034901637 0 -0.00012525542 0 0)
(6.6860232e-07 -0.0058161122 0 -0.0003490425 0 0)
(4.0539041e-07 -0.0081425182 0 -0.0006835911 0 0)
(4.126375e-07 0.008142344 0 -0.00068358351 0 0)
(4.9367386e-07 0.0058161286 0 -0.00034882802 0 0)
(-1.3694548e-07 0.0034902955 0 -0.00012527087 0 0)
(-7.0567858e-07 0.0011635728 0 -1.3493316e-05 0 0)
(-7.2411856e-07 -0.001163543 0 -1.3461859e-05 0 0)
(-1.7329392e-07 -0.003490288 0 -0.00012524569 0 0)
(4.3220105e-07 -0.0058161384 0 -0.00034875913 0 0)
(3.8118035e-07 -0.0081423868 0 -0.00068355486 0 0)
(4.0671947e-07 0.0081421728 0 -0.00068330721 0 0)
(1.4215549e-07 0.0058162519 0 -0.00034805816 0 0)
(-2.0937907e-07 0.0034904752 0 -0.00012546116 0 0)
(-3.2990069e-07 0.0011636154 0 -1.4937573e-05 0 0)
(-3.4178903e-07 -0.0011635826 0 -1.4911269e-05 0 0)
(-2.4138901e-07 -0.0034904578 0 -0.00012547281 0 0)
(9.8898694e-08 -0.0058162735 0 -0.00034803565 0 0)
(3.7331468e-07 -0.0081422242 0 -0.00068328689 0 0)
(3.8235446e-07 0.0081424082 0 -0.0006831129 0 0)
(1.268774e-07 0.0058162728 0 -0.00034789773 0 0)
(-1.9923622e-07 0.003490175 0 -0.0001254592 0 0)
(-3.5035176e-07 0.0011634457 0 -1.4989675e-05 0 0)
(-3.6501838e-07 -0.0011634086 0 -1.4943755e-05 0 0)
(-2.289406e-07 -0.00349017 0 -0.00012550896 0 0)
(8.3704879e-08 -0.0058162878 0 -0.00034787871 0 0)
(3.4822634e-07 -0.0081424689 0 -0.00068312088 0 0)
)
;

boundaryField
{
    left
    {
        type            fixedValue;
        value           uniform (0 0 0 0 0 0);
    }
    right
    {
        type            zeroGradient;
    }
    walls
    {
        type            zeroGradient;
    }
    frontAndBack
    {
        type            empty;
    }
}


// ************************************************************************* //
