/*--------------------------------*- C++ -*----------------------------------*\
| =========                 |                                                 |
| \\      /  F ield         | OpenFOAM: The Open Source CFD Toolbox           |
|  \\    /   O peration     | Version:  5.x                                   |
|   \\  /    A nd           | Web:      www.OpenFOAM.org                      |
|    \\/     M anipulation  |                                                 |
\*---------------------------------------------------------------------------*/
FoamFile
{
    version     2.0;
    format      ascii;
    class       volSymmTensorField;
    location    "9";
    object      sigma_0;
}
// * * * * * * * * * * * * * * * * * * * * * * * * * * * * * * * * * * * * * //

dimensions      [0 2 -2 0 0 0 0];

internalField   nonuniform List<symmTensor> 
1920
(
(0.0031619441 0.016319985 0 -0.0099772554 0 0)
(-0.00048485512 0.0066232291 0 0.0017320681 0 0)
(-0.0020760519 0.0039734739 0 0.0016257495 0 0)
(-0.001685749 0.0012414053 0 0.0016706342 0 0)
(-0.0016857134 -0.0012414151 0 0.0016705983 0 0)
(-0.0020760579 -0.003973432 0 0.0016257564 0 0)
(-0.00048486104 -0.0066232266 0 0.0017320744 0 0)
(0.0031619427 -0.016319985 0 -0.0099772515 0 0)
(0.0054254568 0.011440234 0 -0.0056967866 0 0)
(0.00063612925 0.0023653517 0 0.00053820049 0 0)
(-0.003329462 0.00092647656 0 0.0028373248 0 0)
(-0.003378835 0.00047553613 0 0.0031007537 0 0)
(-0.0033788119 -0.00047553791 0 0.0031007276 0 0)
(-0.0033294934 -0.00092630553 0 0.0028373602 0 0)
(0.00063613421 -0.0023653432 0 0.00053819054 0 0)
(0.0054254566 -0.011440236 0 -0.0056967869 0 0)
(0.0049760243 0.0098553166 0 -0.0065608875 0 0)
(0.0012496221 0.0014704764 0 -0.00069048005 0 0)
(-0.0028410341 0.00038353055 0 0.0025426281 0 0)
(-0.0036288831 0.00013487753 0 0.0034522215 0 0)
(-0.0036288939 -0.00013487698 0 0.0034522356 0 0)
(-0.0028409762 -0.0003837083 0 0.0025425656 0 0)
(0.0012496296 -0.0014704888 0 -0.00069048535 0 0)
(0.0049760269 -0.0098553181 0 -0.0065608924 0 0)
(0.0038833006 0.0091101866 0 -0.005445468 0 0)
(0.0014159908 0.0019583931 0 -0.0012052476 0 0)
(-0.0021548565 0.00040988708 0 0.002016989 0 0)
(-0.0033477115 4.8157201e-05 0 0.0032837938 0 0)
(-0.0033476383 -4.8170934e-05 0 0.0032837219 0 0)
(-0.0021549275 -0.00040977905 0 0.0020170606 0 0)
(0.0014159957 -0.001958379 0 -0.0012052522 0 0)
(0.0038833069 -0.009110187 0 -0.0054454742 0 0)
(0.0029765437 0.0087606397 0 -0.0041726921 0 0)
(0.0013140707 0.0026529846 0 -0.0012780141 0 0)
(-0.0015375365 0.00081564823 0 0.0014452081 0 0)
(-0.0028483764 0.00014375229 0 0.002809803 0 0)
(-0.0028485582 -0.00014374674 0 0.002809986 0 0)
(-0.0015379865 -0.00081536071 0 0.0014456524 0 0)
(0.0013140609 -0.0026529752 0 -0.0012780038 0 0)
(0.0029765487 -0.0087606336 0 -0.0041726972 0 0)
(0.0022819096 0.0085165956 0 -0.003236019 0 0)
(0.0011211491 0.003389303 0 -0.0011926026 0 0)
(-0.0011147432 0.0012469446 0 0.0010372641 0 0)
(-0.0020999156 0.0003121772 0 0.0020774364 0 0)
(-0.0020998535 -0.00031220915 0 0.0020773715 0 0)
(-0.0011142375 -0.0012473849 0 0.0010367605 0 0)
(0.0011211862 -0.0033892996 0 -0.0011926406 0 0)
(0.0022819195 -0.0085165904 0 -0.0032360282 0 0)
(0.0015675744 0.0082651105 0 -0.0023932288 0 0)
(0.0008652335 0.004049689 0 -0.0010194608 0 0)
(-0.00073165573 0.0017349788 0 0.00065975611 0 0)
(-0.0016033006 0.00046877168 0 0.0015922799 0 0)
(-0.0016032677 -0.00046878811 0 0.0015922476 0 0)
(-0.00073155109 -0.0017350532 0 0.00065965032 0 0)
(0.00086525477 -0.0040496836 0 -0.0010194812 0 0)
(0.0015675758 -0.008265096 0 -0.0023932294 0 0)
(0.0010914261 0.0081018277 0 -0.0018513028 0 0)
(0.00067774534 0.0044356918 0 -0.00088473971 0 0)
(-0.00046870648 0.0021585796 0 0.00039424882 0 0)
(-0.0011909808 0.00061229658 0 0.0011866466 0 0)
(-0.0011910487 -0.00061227946 0 0.0011867135 0 0)
(-0.00046870316 -0.002158555 0 0.00039424559 0 0)
(0.000677749 -0.0044357082 0 -0.00088474523 0 0)
(0.0010914231 -0.0081018129 0 -0.0018512981 0 0)
(0.00074927096 0.0079907818 0 -0.0014692187 0 0)
(0.00048702014 0.0048020139 0 -0.00073657266 0 0)
(-0.00030805885 0.0024668423 0 0.00022593129 0 0)
(-0.00088420587 0.0007264338 0 0.00088143435 0 0)
(-0.0008840056 -0.0007265149 0 0.00088123691 0 0)
(-0.00030801058 -0.0024668975 0 0.00022588346 0 0)
(0.00048705275 -0.0048019737 0 -0.00073660442 0 0)
(0.00074928965 -0.0079907666 0 -0.0014692364 0 0)
(0.00050355123 0.0079129672 0 -0.0011989406 0 0)
(0.00035281503 0.0050315939 0 -0.00063119704 0 0)
(-0.00019570977 0.0027166829 0 0.00010430723 0 0)
(-0.0006010353 0.00083824089 0 0.00059746446 0 0)
(-0.00060120895 -0.0008381801 0 0.00059763718 0 0)
(-0.00019572989 -0.0027166173 0 0.00010432845 0 0)
(0.00035281003 -0.0050316093 0 -0.00063119261 0 0)
(0.00050354437 -0.0079129447 0 -0.0011989313 0 0)
(0.0003310437 0.0078600378 0 -0.0010117998 0 0)
(0.0002499798 0.0051968117 0 -0.00054859002 0 0)
(-0.00012191432 0.0029032452 0 2.230971e-05 0 0)
(-0.00041599584 0.00091494251 0 0.00041049371 0 0)
(-0.00041591771 -0.00091498424 0 0.00041041484 0 0)
(-0.0001218787 -0.0029033095 0 2.2272822e-05 0 0)
(0.00025000517 -0.0051967689 0 -0.00054861368 0 0)
(0.00033106271 -0.007860019 0 -0.0010118167 0 0)
(0.00021357549 0.0078249919 0 -0.00088577288 0 0)
(0.00017209224 0.0053149992 0 -0.00048451663 0 0)
(-7.4568175e-05 0.0030376979 0 -3.1501172e-05 0 0)
(-0.00027570106 0.0009757528 0 0.00026816321 0 0)
(-0.00027569514 -0.00097576159 0 0.00026815753 0 0)
(-7.4588036e-05 -0.0030376405 0 -3.1480238e-05 0 0)
(0.00017208024 -0.0053150096 0 -0.00048450484 0 0)
(0.0002135664 -0.0078249658 0 -0.00088576094 0 0)
(0.00013555492 0.007802286 0 -0.00080279733 0 0)
(0.0001157855 0.0053959868 0 -0.00043734634 0 0)
(-4.4674188e-05 0.0031323653 0 -6.6226913e-05 0 0)
(-0.00018093905 0.0010182177 0 0.00017167213 0 0)
(-0.00018109859 -0.0010181693 0 0.00017183103 0 0)
(-4.4658666e-05 -0.0031324179 0 -6.6243696e-05 0 0)
(0.0001158003 -0.0053959506 0 -0.00043735937 0 0)
(0.0001355683 -0.0078022648 0 -0.00080280773 0 0)
(8.4511943e-05 0.0077877982 0 -0.00074891992 0 0)
(7.6382954e-05 0.0054499166 0 -0.00040385995 0 0)
(-2.6088474e-05 0.003197689 0 -8.827592e-05 0 0)
(-0.00011662226 0.0010479929 0 0.00010602044 0 0)
(-0.0001164278 -0.0010480838 0 0.00010582581 0 0)
(-2.6106258e-05 -0.0031976512 0 -8.8257573e-05 0 0)
(7.6367259e-05 -0.0054499221 0 -0.00040384382 0 0)
(8.4503859e-05 -0.0077877728 0 -0.00074890876 0 0)
(5.1641717e-05 0.0077787152 0 -0.00071446638 0 0)
(4.9455084e-05 0.0054851493 0 -0.0003806914 0 0)
(-1.47888e-05 0.0032418108 0 -0.00010197286 0 0)
(-7.4912818e-05 0.0010678988 0 6.3348573e-05 0 0)
(-7.51379e-05 -0.0010678221 0 6.3573586e-05 0 0)
(-1.478756e-05 -0.0032418484 0 -0.00010197514 0 0)
(4.9459679e-05 -0.0054851244 0 -0.00038069449 0 0)
(5.164843e-05 -0.0077786942 0 -0.00071446978 0 0)
(3.0846424e-05 0.007773145 0 -0.00069281714 0 0)
(3.1419723e-05 0.0055077437 0 -0.00036500457 0 0)
(-8.0274029e-06 0.003271189 0 -0.00011034439 0 0)
(-4.7012522e-05 0.0010815063 0 3.4778298e-05 0 0)
(-4.6321372e-05 -0.0010818324 0 3.4083619e-05 0 0)
(-8.0420074e-06 -0.0032711712 0 -0.00011032979 0 0)
(3.1404757e-05 -0.0055077451 0 -0.00036498884 0 0)
(3.0839453e-05 -0.0077731225 0 -0.00069280711 0 0)
(1.7902551e-05 0.0077698079 0 -0.00067943757 0 0)
(1.9540211e-05 0.0055220267 0 -0.00035456544 0 0)
(-4.1125946e-06 0.0032903156 0 -0.00011531115 0 0)
(-2.8386526e-05 0.0010907872 0 1.5701124e-05 0 0)
(-2.9223384e-05 -0.0010904265 0 1.6541685e-05 0 0)
(-4.1183991e-06 -0.0032903399 0 -0.00011530619 0 0)
(1.9537891e-05 -0.0055220124 0 -0.00035456204 0 0)
(1.7903994e-05 -0.0077697889 0 -0.00067943584 0 0)
(1.0033785e-05 0.0077678765 0 -0.00067136569 0 0)
(1.1883628e-05 0.0055308468 0 -0.00034777368 0 0)
(-1.8994282e-06 0.0033026233 0 -0.00011819562 0 0)
(-1.7387237e-05 0.0010964347 0 4.411413e-06 0 0)
(-1.6815006e-05 -0.0010967213 0 3.8356607e-06 0 0)
(-1.9103463e-06 -0.0033026201 0 -0.00011818506 0 0)
(1.1871814e-05 -0.0055308458 0 -0.00034776111 0 0)
(1.0028027e-05 -0.0077678576 0 -0.00067135711 0 0)
(5.3392537e-06 0.0077668016 0 -0.00066659307 0 0)
(7.0156549e-06 0.0055362192 0 -0.00034341463 0 0)
(-7.1571922e-07 0.0033103317 0 -0.00011979548 0 0)
(-9.7498401e-06 0.0011004113 0 -3.4147575e-06 0 0)
(-1.0189758e-05 -0.0011002213 0 -2.9728371e-06 0 0)
(-7.2318598e-07 -0.003310346 0 -0.00011978874 0 0)
(7.0101449e-06 -0.0055362123 0 -0.00034340839 0 0)
(5.3377699e-06 -0.0077667851 0 -0.0006665888 0 0)
(2.7070918e-06 0.0077662551 0 -0.00066394629 0 0)
(4.0080808e-06 0.0055393817 0 -0.00034069669 0 0)
(-1.1535004e-07 0.0033151047 0 -0.00012064815 0 0)
(-5.6065579e-06 0.0011026508 0 -7.6720821e-06 0 0)
(-5.1594923e-06 -0.0011028881 0 -8.1224129e-06 0 0)
(-1.2293311e-07 -0.0033151097 0 -0.00012064119 0 0)
(3.9999927e-06 -0.0055393794 0 -0.00034068798 0 0)
(2.7029839e-06 -0.0077662395 0 -0.00066393972 0 0)
(1.1455078e-06 0.0077659812 0 -0.00066239742 0 0)
(2.1722368e-06 0.0055412125 0 -0.00033902183 0 0)
(1.5269158e-07 0.0033179572 0 -0.00012106299 0 0)
(-2.5831325e-06 0.0011043013 0 -1.0767714e-05 0 0)
(-3.0502375e-06 -0.0011040821 0 -1.0297634e-05 0 0)
(1.4613088e-07 -0.0033179653 0 -0.00012105706 0 0)
(2.1659579e-06 -0.0055412096 0 -0.0003390151 0 0)
(1.1428045e-06 -0.007765967 0 -0.00066239235 0 0)
(3.5163095e-07 0.0077658811 0 -0.0006616269 0 0)
(1.1005658e-06 0.0055422125 0 -0.00033803391 0 0)
(2.4689752e-07 0.0033196327 0 -0.0001212403 0 0)
(-1.4558959e-06 0.0011049698 0 -1.1932596e-05 0 0)
(-1.198836e-06 -0.0011051204 0 -1.2192122e-05 0 0)
(2.4150006e-07 -0.0033196405 0 -0.00012123557 0 0)
(1.0953998e-06 -0.0055422095 0 -0.00033802827 0 0)
(3.4894382e-07 -0.007765868 0 -0.00066162212 0 0)
(-4.2555969e-08 0.0077658702 0 -0.00066125777 0 0)
(4.8255769e-07 0.0055427398 0 -0.00033745815 0 0)
(2.5423118e-07 0.0033205675 0 -0.00012129109 0 0)
(-4.0980094e-07 0.001105582 0 -1.3003103e-05 0 0)
(-4.3900645e-07 -0.0011055818 0 -1.2973997e-05 0 0)
(2.4915518e-07 -0.0033205724 0 -0.00012128661 0 0)
(4.7672426e-07 -0.0055427383 0 -0.000337452 0 0)
(-4.564338e-08 -0.007765858 0 -0.00066125273 0 0)
(-2.1047785e-07 0.0077659 0 -0.00066111192 0 0)
(1.555608e-07 0.0055429853 0 -0.000337148 0 0)
(2.233427e-07 0.0033210681 0 -0.00012128182 0 0)
(-4.1616876e-08 0.001105824 0 -1.3382527e-05 0 0)
(-8.8649341e-08 -0.0011058102 0 -1.3335602e-05 0 0)
(2.1897363e-07 -0.0033210757 0 -0.00012127806 0 0)
(1.5209874e-07 -0.0055429824 0 -0.00033714419 0 0)
(-2.1297096e-07 -0.0077658887 0 -0.00066110765 0 0)
(-2.532068e-07 0.0077659427 0 -0.0006610877 0 0)
(-7.224053e-09 0.005543085 0 -0.00033699053 0 0)
(1.818672e-07 0.0033213095 0 -0.00012124842 0 0)
(1.5516253e-07 0.0011059636 0 -1.3585158e-05 0 0)
(1.4231641e-07 -0.001105968 0 -1.3572597e-05 0 0)
(1.7803768e-07 -0.0033213135 0 -0.00012124508 0 0)
(-1.218612e-08 -0.0055430835 0 -0.0003369853 0 0)
(-2.5580899e-07 -0.0077659321 0 -0.00066108351 0 0)
(-2.3917489e-07 0.0077659877 0 -0.00066111639 0 0)
(-8.9830079e-08 0.0055431129 0 -0.00033690654 0 0)
(1.4356733e-07 0.0033214077 0 -0.00012121213 0 0)
(2.0195097e-07 0.0011060138 0 -1.3634054e-05 0 0)
(1.8348637e-07 -0.0011060103 0 -1.3615751e-05 0 0)
(1.3945136e-07 -0.0033214133 0 -0.00012120848 0 0)
(-9.348622e-08 -0.005543111 0 -0.00033690262 0 0)
(-2.4160975e-07 -0.0077659777 0 -0.00066111244 0 0)
(-2.0433616e-07 0.0077660231 0 -0.00066116193 0 0)
(-1.0837072e-07 0.0055430975 0 -0.00033688529 0 0)
(1.0589263e-07 0.0033214399 0 -0.0001211729 0 0)
(2.0396169e-07 0.0011060286 0 -1.3636626e-05 0 0)
(2.0476684e-07 -0.0011060388 0 -1.3637722e-05 0 0)
(1.0201094e-07 -0.0033214441 0 -0.00012116946 0 0)
(-1.1287019e-07 -0.0055430955 0 -0.00033688042 0 0)
(-2.0633991e-07 -0.007766014 0 -0.0006611586 0 0)
(-1.6121813e-07 0.0077660558 0 -0.00066121285 0 0)
(-1.0706283e-07 0.0055430662 0 -0.00033688374 0 0)
(7.5904305e-08 0.003321426 0 -0.00012114051 0 0)
(1.8680012e-07 0.0011060344 0 -1.3619261e-05 0 0)
(1.861802e-07 -0.0011060414 0 -1.3618924e-05 0 0)
(7.2497993e-08 -0.0033214305 0 -0.00012113744 0 0)
(-1.1060575e-07 -0.0055430647 0 -0.00033687993 0 0)
(-1.6306245e-07 -0.0077660476 0 -0.00066120976 0 0)
(-1.2502296e-07 0.0077660786 0 -0.00066125478 0 0)
(-8.9955218e-08 0.0055430362 0 -0.00033689689 0 0)
(5.3204751e-08 0.0033213988 0 -0.00012111513 0 0)
(1.5960505e-07 0.0011060251 0 -1.3591475e-05 0 0)
(1.5788653e-07 -0.0011060335 0 -1.358996e-05 0 0)
(4.9783363e-08 -0.0033214024 0 -0.00012111205 0 0)
(-9.3910395e-08 -0.0055430354 0 -0.00033689265 0 0)
(-1.2702513e-07 -0.0077660704 0 -0.00066125164 0 0)
(-9.4004791e-08 0.0077660974 0 -0.00066128977 0 0)
(-7.4501299e-08 0.0055430086 0 -0.00033690938 0 0)
(3.6634229e-08 0.0033213663 0 -0.00012109611 0 0)
(1.2468594e-07 0.0011060138 0 -1.3555813e-05 0 0)
(1.2334745e-07 -0.0011060204 0 -1.3554706e-05 0 0)
(3.3678841e-08 -0.0033213707 0 -0.00012109346 0 0)
(-7.7831016e-08 -0.0055430073 0 -0.00033690587 0 0)
(-9.5741652e-08 -0.0077660904 0 -0.00066128698 0 0)
(-6.8651658e-08 0.0077661109 0 -0.00066131797 0 0)
(-5.7641271e-08 0.0055429858 0 -0.00033692383 0 0)
(2.5464058e-08 0.0033213357 0 -0.00012108293 0 0)
(1.0056353e-07 0.0011060036 0 -1.3531081e-05 0 0)
(9.780837e-08 -0.0011060092 0 -1.352849e-05 0 0)
(2.2203102e-08 -0.0033213386 0 -0.00012107996 0 0)
(-6.124076e-08 -0.0055429848 0 -0.00033691998 0 0)
(-7.0414711e-08 -0.007766104 0 -0.00066131525 0 0)
(-5.0164143e-08 0.0077661217 0 -0.00066133833 0 0)
(-4.4971794e-08 0.0055429673 0 -0.00033693473 0 0)
(1.8093987e-08 0.0033213136 0 -0.00012107378 0 0)
(7.2533403e-08 0.0011059906 0 -1.3502435e-05 0 0)
(7.1104406e-08 -0.0011059959 0 -1.3501189e-05 0 0)
(1.4936425e-08 -0.0033213169 0 -0.00012107087 0 0)
(-4.8116718e-08 -0.0055429665 0 -0.00033693142 0 0)
(-5.1777904e-08 -0.0077661159 0 -0.00066133584 0 0)
(-3.5964923e-08 0.0077661288 0 -0.00066135394 0 0)
(-3.3440467e-08 0.0055429531 0 -0.00033694494 0 0)
(1.3741786e-08 0.0033212938 0 -0.00012106798 0 0)
(5.6067342e-08 0.0011059834 0 -1.3485575e-05 0 0)
(5.465314e-08 -0.001105988 0 -1.3484307e-05 0 0)
(1.0903733e-08 -0.0033212964 0 -0.00012106538 0 0)
(-3.6592601e-08 -0.0055429523 0 -0.00033694156 0 0)
(-3.7570309e-08 -0.0077661232 0 -0.00066135153 0 0)
(-2.6048606e-08 0.0077661349 0 -0.00066136464 0 0)
(-2.5760089e-08 0.0055429424 0 -0.00033695185 0 0)
(9.6280655e-09 0.0033212794 0 -0.00012106296 0 0)
(3.9908769e-08 0.0011059748 0 -1.3469062e-05 0 0)
(3.8632398e-08 -0.0011059786 0 -1.3467913e-05 0 0)
(6.8392761e-09 -0.003321282 0 -0.00012106036 0 0)
(-2.857105e-08 -0.005542942 0 -0.00033694888 0 0)
(-2.7508346e-08 -0.0077661301 0 -0.00066136245 0 0)
(-1.9079492e-08 0.0077661387 0 -0.00066137241 0 0)
(-1.9024232e-08 0.0055429343 0 -0.00033695777 0 0)
(7.1986018e-09 0.003321267 0 -0.00012105978 0 0)
(3.1131388e-08 0.0011059712 0 -1.3460075e-05 0 0)
(3.0318507e-08 -0.0011059751 0 -1.3459386e-05 0 0)
(4.8301957e-09 -0.0033212692 0 -0.00012105758 0 0)
(-2.1716642e-08 -0.0055429338 0 -0.00033695489 0 0)
(-2.0518584e-08 -0.0077661342 0 -0.0006613703 0 0)
(-1.4001643e-08 0.0077661421 0 -0.00066137777 0 0)
(-1.4827398e-08 0.0055429284 0 -0.00033696168 0 0)
(5.4493474e-09 0.0033212584 0 -0.0001210575 0 0)
(2.3502076e-08 0.0011059666 0 -1.3452277e-05 0 0)
(2.2437787e-08 -0.0011059696 0 -1.3451303e-05 0 0)
(3.172356e-09 -0.0033212607 0 -0.00012105537 0 0)
(-1.7252935e-08 -0.0055429282 0 -0.00033695911 0 0)
(-1.5305062e-08 -0.0077661383 0 -0.00066137585 0 0)
(-1.0953652e-08 0.0077661445 0 -0.00066138136 0 0)
(-1.1326229e-08 0.0055429239 0 -0.00033696465 0 0)
(4.1971429e-09 0.003321251 0 -0.00012105586 0 0)
(1.8999171e-08 0.0011059646 0 -1.3447659e-05 0 0)
(1.8439507e-08 -0.0011059679 0 -1.3447207e-05 0 0)
(2.2703743e-09 -0.0033212531 0 -0.00012105406 0 0)
(-1.3563571e-08 -0.0055429237 0 -0.00033696225 0 0)
(-1.220987e-08 -0.0077661409 0 -0.00066137955 0 0)
(-8.4294698e-09 0.0077661466 0 -0.00066138395 0 0)
(-9.2767767e-09 0.0055429207 0 -0.00033696662 0 0)
(3.4969589e-09 0.0033212459 0 -0.00012105482 0 0)
(1.5476718e-08 0.0011059621 0 -1.3444061e-05 0 0)
(1.4766655e-08 -0.0011059649 0 -1.3443426e-05 0 0)
(1.7036322e-09 -0.0033212479 0 -0.00012105316 0 0)
(-1.1273335e-08 -0.0055429206 0 -0.0003369645 0 0)
(-9.5484165e-09 -0.0077661436 0 -0.00066138232 0 0)
(-7.2420229e-09 0.0077661483 0 -0.00066138556 0 0)
(-7.5677778e-09 0.0055429182 0 -0.00033696796 0 0)
(2.8695313e-09 0.0033212412 0 -0.00012105398 0 0)
(1.3283099e-08 0.0011059608 0 -1.3441802e-05 0 0)
(1.2898036e-08 -0.0011059639 0 -1.3441513e-05 0 0)
(1.3680981e-09 -0.0033212429 0 -0.00012105258 0 0)
(-9.354823e-09 -0.0055429182 0 -0.00033696604 0 0)
(-8.2963384e-09 -0.0077661455 0 -0.00066138405 0 0)
(-5.9871022e-09 0.0077661499 0 -0.00066138679 0 0)
(-6.6971518e-09 0.0055429164 0 -0.00033696884 0 0)
(2.588074e-09 0.0033212381 0 -0.00012105347 0 0)
(1.158398e-08 0.0011059592 0 -1.3440069e-05 0 0)
(1.1122431e-08 -0.0011059617 0 -1.3439671e-05 0 0)
(1.2339314e-09 -0.0033212399 0 -0.00012105223 0 0)
(-8.2674421e-09 -0.0055429164 0 -0.00033696717 0 0)
(-6.9065332e-09 -0.0077661474 0 -0.00066138546 0 0)
(-5.5874409e-09 0.0077661513 0 -0.00066138756 0 0)
(-5.8530956e-09 0.0055429149 0 -0.0003369694 0 0)
(2.2505644e-09 0.0033212348 0 -0.000121053 0 0)
(1.0521308e-08 0.0011059583 0 -1.3438966e-05 0 0)
(1.023482e-08 -0.001105961 0 -1.3438764e-05 0 0)
(1.1411927e-09 -0.0033212363 0 -0.00012105198 0 0)
(-7.2221347e-09 -0.0055429149 0 -0.00033696792 0 0)
(-6.4389903e-09 -0.007766149 0 -0.00066138634 0 0)
(-4.9065968e-09 0.0077661525 0 -0.00066138818 0 0)
(-5.5457881e-09 0.0055429137 0 -0.00033696977 0 0)
(2.1164793e-09 0.0033212329 0 -0.00012105271 0 0)
(9.6564407e-09 0.001105957 0 -1.3438085e-05 0 0)
(9.3487668e-09 -0.0011059591 0 -1.3437833e-05 0 0)
(1.1447151e-09 -0.0033212344 0 -0.00012105184 0 0)
(-6.73099e-09 -0.0055429138 0 -0.0003369685 0 0)
(-5.6353827e-09 -0.0077661506 0 -0.00066138711 0 0)
(-4.8247032e-09 0.0077661538 0 -0.00066138861 0 0)
(-5.077604e-09 0.0055429127 0 -0.00033696999 0 0)
(1.9025618e-09 0.0033212302 0 -0.0001210524 0 0)
(9.0999049e-09 0.0011059563 0 -1.3437502e-05 0 0)
(8.8900956e-09 -0.0011059586 0 -1.3437365e-05 0 0)
(1.1282308e-09 -0.0033212314 0 -0.00012105171 0 0)
(-6.0845888e-09 -0.0055429127 0 -0.0003369689 0 0)
(-5.4899815e-09 -0.007766152 0 -0.00066138764 0 0)
(-4.3868697e-09 0.0077661549 0 -0.00066138897 0 0)
(-5.0092993e-09 0.0055429118 0 -0.00033697015 0 0)
(1.8223368e-09 0.0033212289 0 -0.00012105221 0 0)
(8.6103808e-09 0.0011059553 0 -1.3437003e-05 0 0)
(8.4109851e-09 -0.001105957 0 -1.3436852e-05 0 0)
(1.1613149e-09 -0.0033212301 0 -0.00012105164 0 0)
(-5.8692227e-09 -0.0055429118 0 -0.00033696923 0 0)
(-4.945415e-09 -0.0077661533 0 -0.00066138813 0 0)
(-4.427162e-09 0.0077661561 0 -0.00066138926 0 0)
(-4.6928974e-09 0.005542911 0 -0.00033697025 0 0)
(1.6655285e-09 0.0033212266 0 -0.00012105198 0 0)
(8.2685069e-09 0.0011059546 0 -1.3436642e-05 0 0)
(8.1269423e-09 -0.0011059566 0 -1.3436565e-05 0 0)
(1.1557297e-09 -0.0033212276 0 -0.00012105154 0 0)
(-5.4059912e-09 -0.005542911 0 -0.00033696947 0 0)
(-4.9314441e-09 -0.0077661546 0 -0.00066138851 0 0)
(-4.0873656e-09 0.0077661571 0 -0.00066138951 0 0)
(-4.7126681e-09 0.0055429103 0 -0.00033697032 0 0)
(1.6106611e-09 0.0033212255 0 -0.00012105184 0 0)
(7.9437013e-09 0.0011059537 0 -1.3436313e-05 0 0)
(7.8249474e-09 -0.0011059552 0 -1.3436237e-05 0 0)
(1.1845886e-09 -0.0033212265 0 -0.00012105149 0 0)
(-5.3143901e-09 -0.0055429103 0 -0.00033696968 0 0)
(-4.5022232e-09 -0.0077661558 0 -0.00066138886 0 0)
(-4.1698679e-09 0.0077661583 0 -0.00066138975 0 0)
(-4.4524052e-09 0.0055429096 0 -0.00033697038 0 0)
(1.4866561e-09 0.0033212234 0 -0.00012105165 0 0)
(7.690181e-09 0.0011059531 0 -1.3436045e-05 0 0)
(7.604045e-09 -0.0011059548 0 -1.3436016e-05 0 0)
(1.1707042e-09 -0.0033212242 0 -0.0001210514 0 0)
(-4.9408577e-09 -0.0055429095 0 -0.00033696985 0 0)
(-4.5421045e-09 -0.007766157 0 -0.00066138917 0 0)
(-3.8684629e-09 0.0077661593 0 -0.00066138996 0 0)
(-4.4960298e-09 0.0055429089 0 -0.00033697044 0 0)
(1.4479783e-09 0.0033212225 0 -0.00012105154 0 0)
(7.4383259e-09 0.0011059522 0 -1.343579e-05 0 0)
(7.3768062e-09 -0.0011059536 0 -1.3435767e-05 0 0)
(1.1874317e-09 -0.0033212233 0 -0.00012105135 0 0)
(-4.9048719e-09 -0.0055429088 0 -0.00033697 0 0)
(-4.1682763e-09 -0.0077661582 0 -0.00066138946 0 0)
(-3.9620858e-09 0.0077661604 0 -0.00066139017 0 0)
(-4.2534217e-09 0.0055429083 0 -0.0003369705 0 0)
(1.3469831e-09 0.0033212205 0 -0.00012105138 0 0)
(7.2216136e-09 0.0011059516 0 -1.3435563e-05 0 0)
(7.1744573e-09 -0.0011059531 0 -1.3435567e-05 0 0)
(1.1625931e-09 -0.0033212212 0 -0.00012105126 0 0)
(-4.5794577e-09 -0.0055429082 0 -0.00033697014 0 0)
(-4.2312801e-09 -0.0077661593 0 -0.00066138973 0 0)
(-3.6761193e-09 0.0077661614 0 -0.00066139036 0 0)
(-4.2967519e-09 0.0055429077 0 -0.00033697056 0 0)
(1.3203211e-09 0.0033212196 0 -0.00012105129 0 0)
(7.0045149e-09 0.0011059508 0 -1.3435345e-05 0 0)
(6.9797514e-09 -0.0011059521 0 -1.3435355e-05 0 0)
(1.1676237e-09 -0.0033212203 0 -0.00012105121 0 0)
(-4.5697838e-09 -0.0055429075 0 -0.00033697027 0 0)
(-3.8884162e-09 -0.0077661603 0 -0.00066138998 0 0)
(-3.769817e-09 0.0077661625 0 -0.00066139056 0 0)
(-4.0584824e-09 0.0055429071 0 -0.00033697062 0 0)
(1.2369849e-09 0.0033212178 0 -0.00012105116 0 0)
(6.8046297e-09 0.0011059503 0 -1.3435137e-05 0 0)
(6.7806015e-09 -0.0011059516 0 -1.343516e-05 0 0)
(1.1340242e-09 -0.0033212183 0 -0.00012105112 0 0)
(-4.2739328e-09 -0.0055429069 0 -0.00033697038 0 0)
(-3.9625147e-09 -0.0077661614 0 -0.00066139022 0 0)
(-3.4912457e-09 0.0077661633 0 -0.00066139074 0 0)
(-4.0944569e-09 0.0055429065 0 -0.00033697069 0 0)
(1.2192222e-09 0.0033212169 0 -0.00012105109 0 0)
(6.60675e-09 0.0011059495 0 -1.343494e-05 0 0)
(6.6022072e-09 -0.0011059507 0 -1.3434969e-05 0 0)
(1.1299147e-09 -0.0033212175 0 -0.00012105106 0 0)
(-4.2779373e-09 -0.0055429063 0 -0.00033697049 0 0)
(-3.6403432e-09 -0.0077661624 0 -0.00066139045 0 0)
(-3.5817949e-09 0.0077661644 0 -0.00066139093 0 0)
(-3.8575035e-09 0.005542906 0 -0.00033697076 0 0)
(1.1495735e-09 0.0033212152 0 -0.00012105098 0 0)
(6.4162522e-09 0.0011059489 0 -1.3434745e-05 0 0)
(6.4026697e-09 -0.0011059502 0 -1.3434775e-05 0 0)
(1.0905943e-09 -0.0033212157 0 -0.00012105098 0 0)
(-4.002962e-09 -0.0055429057 0 -0.0003369706 0 0)
(-3.7205924e-09 -0.0077661634 0 -0.00066139067 0 0)
(-3.3082684e-09 0.0077661652 0 -0.00066139111 0 0)
(-3.8856307e-09 0.0055429054 0 -0.00033697083 0 0)
(1.1379074e-09 0.0033212144 0 -0.00012105092 0 0)
(6.2311735e-09 0.0011059482 0 -1.3434562e-05 0 0)
(6.2347063e-09 -0.0011059494 0 -1.3434597e-05 0 0)
(1.0800162e-09 -0.0033212149 0 -0.00012105092 0 0)
(-4.0147573e-09 -0.0055429052 0 -0.0003369707 0 0)
(-3.4142337e-09 -0.0077661643 0 -0.00066139087 0 0)
(-3.3953075e-09 0.0077661662 0 -0.00066139129 0 0)
(-3.6506278e-09 0.0055429049 0 -0.00033697092 0 0)
(1.0786511e-09 0.0033212127 0 -0.00012105082 0 0)
(6.0473566e-09 0.0011059477 0 -1.3434377e-05 0 0)
(6.0353378e-09 -0.0011059489 0 -1.3434404e-05 0 0)
(1.0376687e-09 -0.0033212132 0 -0.00012105084 0 0)
(-3.7559802e-09 -0.0055429046 0 -0.0003369708 0 0)
(-3.4982767e-09 -0.0077661653 0 -0.00066139108 0 0)
(-3.1264808e-09 0.007766167 0 -0.00066139146 0 0)
(-3.6725289e-09 0.0055429044 0 -0.00033697099 0 0)
(1.0706615e-09 0.0033212119 0 -0.00012105077 0 0)
(5.8722371e-09 0.001105947 0 -1.3434205e-05 0 0)
(5.8757603e-09 -0.0011059481 0 -1.3434238e-05 0 0)
(1.0228379e-09 -0.0033212124 0 -0.00012105078 0 0)
(-3.7724559e-09 -0.0055429041 0 -0.0003369709 0 0)
(-3.2049124e-09 -0.0077661661 0 -0.00066139127 0 0)
(-3.2105705e-09 0.007766168 0 -0.00066139164 0 0)
(-3.4410599e-09 0.0055429039 0 -0.00033697108 0 0)
(1.0191206e-09 0.0033212104 0 -0.00012105069 0 0)
(5.6941293e-09 0.0011059465 0 -1.3434027e-05 0 0)
(5.6782369e-09 -0.0011059476 0 -1.3434049e-05 0 0)
(9.7952778e-10 -0.0033212108 0 -0.0001210507 0 0)
(-3.5269984e-09 -0.0055429036 0 -0.00033697099 0 0)
(-3.2913854e-09 -0.0077661671 0 -0.00066139146 0 0)
(-2.9467162e-09 0.0077661687 0 -0.0006613918 0 0)
(-3.4587349e-09 0.0055429034 0 -0.00033697116 0 0)
(1.012904e-09 0.0033212097 0 -0.00012105064 0 0)
(5.527561e-09 0.0011059459 0 -1.3433866e-05 0 0)
(5.5263039e-09 -0.001105947 0 -1.3433893e-05 0 0)
(9.6211753e-10 -0.0033212101 0 -0.00012105065 0 0)
(-3.5463479e-09 -0.0055429031 0 -0.00033697108 0 0)
(-3.0090922e-09 -0.0077661678 0 -0.00066139164 0 0)
(-3.0286434e-09 0.0077661696 0 -0.00066139197 0 0)
(-3.2323233e-09 0.005542903 0 -0.00033697125 0 0)
(9.6701862e-10 0.0033212082 0 -0.00012105057 0 0)
(5.3548427e-09 0.0011059454 0 -1.3433696e-05 0 0)
(5.3323308e-09 -0.0011059465 0 -1.3433708e-05 0 0)
(9.1931365e-10 -0.0033212086 0 -0.00012105057 0 0)
(-3.3122436e-09 -0.0055429026 0 -0.00033697117 0 0)
(-3.0970958e-09 -0.0077661687 0 -0.00066139182 0 0)
(-2.770149e-09 0.0077661703 0 -0.00066139213 0 0)
(-3.2475331e-09 0.0055429025 0 -0.00033697134 0 0)
(9.6121379e-10 0.0033212075 0 -0.00012105053 0 0)
(5.1960515e-09 0.0011059448 0 -1.3433543e-05 0 0)
(5.187707e-09 -0.0011059459 0 -1.3433561e-05 0 0)
(9.0052797e-10 -0.0033212079 0 -0.00012105053 0 0)
(-3.3333516e-09 -0.0055429022 0 -0.00033697126 0 0)
(-2.8244336e-09 -0.0077661694 0 -0.00066139198 0 0)
(-2.8506844e-09 0.0077661712 0 -0.00066139229 0 0)
(-3.0273253e-09 0.0055429021 0 -0.00033697143 0 0)
(9.1948378e-10 0.0033212061 0 -0.00012105047 0 0)
(5.0286801e-09 0.0011059443 0 -1.343338e-05 0 0)
(4.9986934e-09 -0.0011059454 0 -1.3433382e-05 0 0)
(8.592084e-10 -0.0033212065 0 -0.00012105046 0 0)
(-3.109185e-09 -0.0055429017 0 -0.00033697135 0 0)
(-2.9133644e-09 -0.0077661703 0 -0.00066139215 0 0)
(-2.5978834e-09 0.0077661718 0 -0.00066139244 0 0)
(-3.0414441e-09 0.0055429016 0 -0.00033697151 0 0)
(9.1321297e-10 0.0033212055 0 -0.00012105043 0 0)
(4.8772179e-09 0.0011059438 0 -1.3433235e-05 0 0)
(4.861159e-09 -0.0011059449 0 -1.3433244e-05 0 0)
(8.398732e-10 -0.0033212059 0 -0.00012105041 0 0)
(-3.1313772e-09 -0.0055429013 0 -0.00033697143 0 0)
(-2.6492377e-09 -0.0077661709 0 -0.00066139231 0 0)
(-2.6777062e-09 0.0077661726 0 -0.0006613926 0 0)
(-2.8282248e-09 0.0055429012 0 -0.0003369716 0 0)
(8.7460337e-10 0.0033212042 0 -0.00012105038 0 0)
(4.715288e-09 0.0011059434 0 -1.3433079e-05 0 0)
(4.6781703e-09 -0.0011059444 0 -1.3433072e-05 0 0)
(8.006365e-10 -0.0033212046 0 -0.00012105035 0 0)
(-2.9161218e-09 -0.0055429009 0 -0.00033697152 0 0)
(-2.7387202e-09 -0.0077661718 0 -0.00066139247 0 0)
(-2.4308356e-09 0.0077661732 0 -0.00066139274 0 0)
(-2.8423114e-09 0.0055429008 0 -0.00033697169 0 0)
(8.6737665e-10 0.0033212036 0 -0.00012105034 0 0)
(4.5708982e-09 0.0011059429 0 -1.3432941e-05 0 0)
(4.547542e-09 -0.0011059439 0 -1.3432941e-05 0 0)
(7.8128938e-10 -0.003321204 0 -0.00012105031 0 0)
(-2.9390405e-09 -0.0055429005 0 -0.0003369716 0 0)
(-2.482317e-09 -0.0077661724 0 -0.00066139261 0 0)
(-2.5105191e-09 0.0077661739 0 -0.00066139289 0 0)
(-2.6365785e-09 0.0055429004 0 -0.00033697177 0 0)
(8.3121296e-10 0.0033212024 0 -0.00012105029 0 0)
(4.4145751e-09 0.0011059424 0 -1.3432792e-05 0 0)
(4.371337e-09 -0.0011059434 0 -1.3432777e-05 0 0)
(7.4445742e-10 -0.0033212028 0 -0.00012105025 0 0)
(-2.7319604e-09 -0.0055429001 0 -0.00033697168 0 0)
(-2.5721639e-09 -0.0077661731 0 -0.00066139277 0 0)
(-2.2697192e-09 0.0077661745 0 -0.00066139302 0 0)
(-2.651409e-09 0.0055429 0 -0.00033697186 0 0)
(8.2282395e-10 0.0033212018 0 -0.00012105026 0 0)
(4.277115e-09 0.001105942 0 -1.3432661e-05 0 0)
(4.2474469e-09 -0.001105943 0 -1.3432654e-05 0 0)
(7.2542735e-10 -0.0033212022 0 -0.00012105021 0 0)
(-2.7554753e-09 -0.0055428997 0 -0.00033697176 0 0)
(-2.3228888e-09 -0.0077661737 0 -0.0006613929 0 0)
(-2.3497309e-09 0.0077661752 0 -0.00066139317 0 0)
(-2.4533679e-09 0.0055428997 0 -0.00033697194 0 0)
(7.8869221e-10 0.0033212007 0 -0.00012105022 0 0)
(4.1265902e-09 0.0011059416 0 -1.3432519e-05 0 0)
(4.0785392e-09 -0.0011059425 0 -1.3432497e-05 0 0)
(6.9113166e-10 -0.003321201 0 -0.00012105016 0 0)
(-2.5560448e-09 -0.0055428994 0 -0.00033697184 0 0)
(-2.4130565e-09 -0.0077661744 0 -0.00066139305 0 0)
(-2.115058e-09 0.0077661757 0 -0.00066139329 0 0)
(-2.4694719e-09 0.0055428993 0 -0.00033697202 0 0)
(7.7912477e-10 0.0033212002 0 -0.00012105019 0 0)
(3.9959787e-09 0.0011059412 0 -1.3432395e-05 0 0)
(3.9612259e-09 -0.0011059422 0 -1.3432381e-05 0 0)
(6.7260588e-10 -0.0033212005 0 -0.00012105012 0 0)
(-2.5801783e-09 -0.005542899 0 -0.00033697192 0 0)
(-2.1704731e-09 -0.0077661749 0 -0.00066139317 0 0)
(-2.1957693e-09 0.0077661764 0 -0.00066139343 0 0)
(-2.2791306e-09 0.0055428989 0 -0.0003369721 0 0)
(7.4678818e-10 0.0033211991 0 -0.00012105014 0 0)
(3.851437e-09 0.0011059408 0 -1.3432259e-05 0 0)
(3.7999383e-09 -0.0011059417 0 -1.3432232e-05 0 0)
(6.4085423e-10 -0.0033211994 0 -0.00012105007 0 0)
(-2.388014e-09 -0.0055428987 0 -0.000336972 0 0)
(-2.2610186e-09 -0.0077661756 0 -0.00066139331 0 0)
(-1.9672119e-09 0.0077661768 0 -0.00066139355 0 0)
(-2.2968693e-09 0.0055428986 0 -0.00033697218 0 0)
(7.3614209e-10 0.0033211986 0 -0.00012105012 0 0)
(3.7276163e-09 0.0011059404 0 -1.3432141e-05 0 0)
(3.68904e-09 -0.0011059414 0 -1.3432122e-05 0 0)
(6.2292828e-10 -0.003321199 0 -0.00012105004 0 0)
(-2.4128797e-09 -0.0055428983 0 -0.00033697207 0 0)
(-2.0247992e-09 -0.0077661761 0 -0.00066139343 0 0)
(-2.0489131e-09 0.0077661775 0 -0.00066139368 0 0)
(-2.114114e-09 0.0055428983 0 -0.00033697226 0 0)
(7.0547657e-10 0.0033211976 0 -0.00012105008 0 0)
(3.5892118e-09 0.0011059401 0 -1.3432012e-05 0 0)
(3.5355482e-09 -0.0011059409 0 -1.3431981e-05 0 0)
(5.9365368e-10 -0.003321198 0 -0.00012105 0 0)
(-2.2276862e-09 -0.005542898 0 -0.00033697215 0 0)
(-2.1158422e-09 -0.0077661767 0 -0.00066139356 0 0)
(-1.8264018e-09 0.0077661779 0 -0.00066139379 0 0)
(-2.1337262e-09 0.0055428979 0 -0.00033697233 0 0)
(6.9391265e-10 0.0033211972 0 -0.00012105005 0 0)
(3.4721217e-09 0.0011059397 0 -1.3431901e-05 0 0)
(3.4308986e-09 -0.0011059406 0 -1.3431877e-05 0 0)
(5.7636782e-10 -0.0033211975 0 -0.00012104997 0 0)
(-2.2534426e-09 -0.0055428977 0 -0.00033697222 0 0)
(-1.8857281e-09 -0.0077661771 0 -0.00066139368 0 0)
(-1.9093169e-09 0.0077661785 0 -0.00066139392 0 0)
(-1.9583565e-09 0.0055428977 0 -0.0003369724 0 0)
(6.6486053e-10 0.0033211963 0 -0.00012105001 0 0)
(3.3399622e-09 0.0011059394 0 -1.3431778e-05 0 0)
(3.2852645e-09 -0.0011059402 0 -1.3431744e-05 0 0)
(5.4946264e-10 -0.0033211966 0 -0.00012104993 0 0)
(-2.074972e-09 -0.0055428974 0 -0.00033697229 0 0)
(-1.9774202e-09 -0.0077661778 0 -0.0006613938 0 0)
(-1.6927303e-09 0.0077661788 0 -0.00066139402 0 0)
(-1.9799913e-09 0.0055428973 0 -0.00033697247 0 0)
(6.5256353e-10 0.0033211958 0 -0.00012104999 0 0)
(3.2295228e-09 0.001105939 0 -1.3431672e-05 0 0)
(3.1866874e-09 -0.0011059399 0 -1.3431646e-05 0 0)
(5.3282597e-10 -0.0033211962 0 -0.0001210499 0 0)
(-2.1017898e-09 -0.0055428971 0 -0.00033697236 0 0)
(-1.7531914e-09 -0.0077661781 0 -0.00066139391 0 0)
(-1.7770322e-09 0.0077661794 0 -0.00066139414 0 0)
(-1.8117469e-09 0.0055428971 0 -0.00033697254 0 0)
(6.2510116e-10 0.003321195 0 -0.00012104995 0 0)
(3.1036621e-09 0.0011059387 0 -1.3431556e-05 0 0)
(3.048883e-09 -0.0011059395 0 -1.343152e-05 0 0)
(5.0816358e-10 -0.0033211953 0 -0.00012104986 0 0)
(-1.9298142e-09 -0.0055428968 0 -0.00033697243 0 0)
(-1.8456937e-09 -0.0077661787 0 -0.00066139403 0 0)
(-1.5662079e-09 0.0077661797 0 -0.00066139423 0 0)
(-1.8354891e-09 0.0055428968 0 -0.00033697261 0 0)
(6.1225617e-10 0.0033211946 0 -0.00012104993 0 0)
(2.9997656e-09 0.0011059384 0 -1.3431456e-05 0 0)
(2.9561915e-09 -0.0011059393 0 -1.3431428e-05 0 0)
(4.9216939e-10 -0.0033211949 0 -0.00012104984 0 0)
(-1.9578544e-09 -0.0055428965 0 -0.00033697249 0 0)
(-1.6271474e-09 -0.0077661791 0 -0.00066139412 0 0)
(-1.6520276e-09 0.0077661803 0 -0.00066139435 0 0)
(-1.674073e-09 0.0055428965 0 -0.00033697268 0 0)
(5.8637365e-10 0.0033211938 0 -0.0001210499 0 0)
(2.8802001e-09 0.0011059382 0 -1.3431347e-05 0 0)
(2.8261145e-09 -0.0011059389 0 -1.343131e-05 0 0)
(4.6961769e-10 -0.0033211941 0 -0.00012104981 0 0)
(-1.7921486e-09 -0.0055428963 0 -0.00033697256 0 0)
(-1.7206149e-09 -0.0077661796 0 -0.00066139424 0 0)
(-1.446771e-09 0.0077661805 0 -0.00066139443 0 0)
(-1.6999616e-09 0.0055428962 0 -0.00033697274 0 0)
(5.7315242e-10 0.0033211934 0 -0.00012104988 0 0)
(2.7827072e-09 0.0011059379 0 -1.3431252e-05 0 0)
(2.7391111e-09 -0.0011059387 0 -1.3431223e-05 0 0)
(4.5425138e-10 -0.0033211938 0 -0.00012104979 0 0)
(-1.8215507e-09 -0.005542896 0 -0.00033697262 0 0)
(-1.5075517e-09 -0.0077661799 0 -0.00066139433 0 0)
(-1.5342037e-09 0.0077661811 0 -0.00066139454 0 0)
(-1.5450537e-09 0.005542896 0 -0.0003369728 0 0)
(5.4884162e-10 0.0033211927 0 -0.00012104985 0 0)
(2.6693784e-09 0.0011059376 0 -1.3431149e-05 0 0)
(2.6165972e-09 -0.0011059383 0 -1.3431112e-05 0 0)
(4.3367988e-10 -0.003321193 0 -0.00012104975 0 0)
(-1.6618829e-09 -0.0055428958 0 -0.00033697268 0 0)
(-1.6021228e-09 -0.0077661804 0 -0.00066139444 0 0)
(-1.3342966e-09 0.0077661813 0 -0.00066139462 0 0)
(-1.5730926e-09 0.0055428957 0 -0.00033697286 0 0)
(5.3539644e-10 0.0033211924 0 -0.00012104983 0 0)
(2.5781185e-09 0.0011059374 0 -1.343106e-05 0 0)
(2.5350744e-09 -0.0011059381 0 -1.3431029e-05 0 0)
(4.189239e-10 -0.0033211927 0 -0.00012104974 0 0)
(-1.6927583e-09 -0.0055428956 0 -0.00033697274 0 0)
(-1.3943396e-09 -0.0077661807 0 -0.00066139452 0 0)
(-1.423407e-09 0.0077661818 0 -0.00066139472 0 0)
(-1.4243598e-09 0.0055428955 0 -0.00033697292 0 0)
(5.1264397e-10 0.0033211917 0 -0.0001210498 0 0)
(2.4709172e-09 0.0011059371 0 -1.3430962e-05 0 0)
(2.4199084e-09 -0.0011059378 0 -1.3430925e-05 0 0)
(4.0020726e-10 -0.0033211919 0 -0.0001210497 0 0)
(-1.5388864e-09 -0.0055428953 0 -0.0003369728 0 0)
(-1.49013e-09 -0.0077661812 0 -0.00066139462 0 0)
(-1.2286134e-09 0.007766182 0 -0.0006613948 0 0)
(-1.4545265e-09 0.0055428953 0 -0.00033697297 0 0)
(4.9910494e-10 0.0033211914 0 -0.00012104978 0 0)
(2.3856914e-09 0.0011059369 0 -1.3430878e-05 0 0)
(2.3436502e-09 -0.0011059376 0 -1.3430848e-05 0 0)
(3.8604231e-10 -0.0033211917 0 -0.00012104969 0 0)
(-1.5713171e-09 -0.0055428951 0 -0.00033697285 0 0)
(-1.2874152e-09 -0.0077661815 0 -0.0006613947 0 0)
(-1.3194382e-09 0.0077661825 0 -0.0006613949 0 0)
(-1.3116297e-09 0.0055428951 0 -0.00033697303 0 0)
(4.7788951e-10 0.0033211907 0 -0.00012104975 0 0)
(2.2844633e-09 0.0011059367 0 -1.3430787e-05 0 0)
(2.2355729e-09 -0.0011059373 0 -1.3430751e-05 0 0)
(3.690615e-10 -0.003321191 0 -0.00012104966 0 0)
(-1.4229872e-09 -0.0055428949 0 -0.00033697291 0 0)
(-1.3845159e-09 -0.0077661819 0 -0.0006613948 0 0)
(-1.1295103e-09 0.0077661827 0 -0.00066139496 0 0)
(-1.3438802e-09 0.0055428949 0 -0.00033697307 0 0)
(4.643654e-10 0.0033211905 0 -0.00012104973 0 0)
(2.2050479e-09 0.0011059364 0 -1.3430707e-05 0 0)
(2.1643566e-09 -0.0011059371 0 -1.3430677e-05 0 0)
(3.5546743e-10 -0.0033211907 0 -0.00012104964 0 0)
(-1.4570265e-09 -0.0055428947 0 -0.00033697296 0 0)
(-1.1866491e-09 -0.0077661821 0 -0.00066139487 0 0)
(-1.2220624e-09 0.0077661831 0 -0.00066139506 0 0)
(-1.2064776e-09 0.0055428947 0 -0.00033697313 0 0)
(4.446569e-10 0.0033211899 0 -0.00012104971 0 0)
(2.1096009e-09 0.0011059362 0 -1.3430622e-05 0 0)
(2.0630739e-09 -0.0011059369 0 -1.3430587e-05 0 0)
(3.4010934e-10 -0.0033211901 0 -0.00012104962 0 0)
(-1.3139746e-09 -0.0055428945 0 -0.00033697302 0 0)
(-1.285126e-09 -0.0077661826 0 -0.00066139496 0 0)
(-1.0367443e-09 0.0077661832 0 -0.00066139512 0 0)
(-1.2407515e-09 0.0055428945 0 -0.00033697317 0 0)
(4.3123638e-10 0.0033211896 0 -0.00012104969 0 0)
(2.0357519e-09 0.001105936 0 -1.3430547e-05 0 0)
(1.9966708e-09 -0.0011059366 0 -1.3430517e-05 0 0)
(3.2706477e-10 -0.0033211899 0 -0.0001210496 0 0)
(-1.3496495e-09 -0.0055428943 0 -0.00033697307 0 0)
(-1.0918785e-09 -0.0077661828 0 -0.00066139503 0 0)
(-1.1310148e-09 0.0077661837 0 -0.0006613952 0 0)
(-1.1085027e-09 0.0055428943 0 -0.00033697322 0 0)
(4.1299629e-10 0.0033211891 0 -0.00012104966 0 0)
(1.9458626e-09 0.0011059359 0 -1.3430467e-05 0 0)
(1.9018614e-09 -0.0011059364 0 -1.3430433e-05 0 0)
(3.1322194e-10 -0.0033211893 0 -0.00012104958 0 0)
(-1.2116038e-09 -0.0055428942 0 -0.00033697312 0 0)
(-1.1917725e-09 -0.0077661832 0 -0.00066139512 0 0)
(-9.5004744e-10 0.0077661838 0 -0.00066139526 0 0)
(-1.1447247e-09 0.0055428941 0 -0.00033697327 0 0)
(3.9975033e-10 0.0033211888 0 -0.00012104965 0 0)
(1.8773206e-09 0.0011059356 0 -1.3430396e-05 0 0)
(1.8400381e-09 -0.0011059362 0 -1.3430368e-05 0 0)
(3.0070408e-10 -0.0033211891 0 -0.00012104957 0 0)
(-1.2489177e-09 -0.005542894 0 -0.00033697316 0 0)
(-1.0029092e-09 -0.0077661833 0 -0.00066139518 0 0)
(-1.0460114e-09 0.0077661842 0 -0.00066139534 0 0)
(-1.0172924e-09 0.005542894 0 -0.00033697331 0 0)
(3.8293283e-10 0.0033211883 0 -0.00012104963 0 0)
(1.7927407e-09 0.0011059355 0 -1.3430321e-05 0 0)
(1.7513614e-09 -0.001105936 0 -1.3430289e-05 0 0)
(2.8827403e-10 -0.0033211885 0 -0.00012104954 0 0)
(-1.1156012e-09 -0.0055428938 0 -0.00033697321 0 0)
(-1.1042392e-09 -0.0077661837 0 -0.00066139526 0 0)
(-8.6913219e-10 0.0077661843 0 -0.0006613954 0 0)
(-1.0553789e-09 0.0055428938 0 -0.00033697335 0 0)
(3.6991655e-10 0.0033211881 0 -0.00012104961 0 0)
(1.7292348e-09 0.0011059353 0 -1.3430255e-05 0 0)
(1.6938808e-09 -0.0011059358 0 -1.3430227e-05 0 0)
(2.7625858e-10 -0.0033211883 0 -0.00012104953 0 0)
(-1.1545377e-09 -0.0055428936 0 -0.00033697325 0 0)
(-9.195211e-10 -0.0077661839 0 -0.00066139532 0 0)
(-9.6674673e-10 0.0077661847 0 -0.00066139547 0 0)
(-9.3243385e-10 0.0055428936 0 -0.00033697339 0 0)
(3.5446945e-10 0.0033211876 0 -0.00012104959 0 0)
(1.6496985e-09 0.0011059352 0 -1.3430185e-05 0 0)
(1.610983e-09 -0.0011059357 0 -1.3430154e-05 0 0)
(2.6514305e-10 -0.0033211878 0 -0.00012104951 0 0)
(-1.0256708e-09 -0.0055428935 0 -0.0003369733 0 0)
(-1.0222875e-09 -0.0077661843 0 -0.0006613954 0 0)
(-7.9369595e-10 0.0077661847 0 -0.00066139552 0 0)
(-9.722922e-10 0.0055428935 0 -0.00033697343 0 0)
(3.417248e-10 0.0033211875 0 -0.00012104958 0 0)
(1.5909504e-09 0.001105935 0 -1.3430123e-05 0 0)
(1.5576053e-09 -0.0011059354 0 -1.3430096e-05 0 0)
(2.5360439e-10 -0.0033211877 0 -0.0001210495 0 0)
(-1.0661974e-09 -0.0055428933 0 -0.00033697334 0 0)
(-8.4147278e-10 -0.0077661844 0 -0.00066139545 0 0)
(-8.9290574e-10 0.0077661851 0 -0.00066139559 0 0)
(-8.5351376e-10 0.0055428933 0 -0.00033697347 0 0)
(3.2759098e-10 0.003321187 0 -0.00012104956 0 0)
(1.5161788e-09 0.0011059349 0 -1.3430057e-05 0 0)
(1.4801264e-09 -0.0011059353 0 -1.3430028e-05 0 0)
(2.4370938e-10 -0.0033211872 0 -0.00012104948 0 0)
(-9.4150352e-10 -0.0055428932 0 -0.00033697338 0 0)
(-9.4565616e-10 -0.0077661847 0 -0.00066139552 0 0)
(-7.2342627e-10 0.0077661852 0 -0.00066139564 0 0)
(-8.9504607e-10 0.0055428932 0 -0.00033697351 0 0)
(3.1514814e-10 0.0033211868 0 -0.00012104954 0 0)
(1.461906e-09 0.0011059347 0 -1.3429999e-05 0 0)
(1.4306108e-09 -0.0011059351 0 -1.3429973e-05 0 0)
(2.3262066e-10 -0.003321187 0 -0.00012104947 0 0)
(-9.835743e-10 -0.0055428931 0 -0.00033697342 0 0)
(-7.6850353e-10 -0.0077661848 0 -0.00066139557 0 0)
(-8.2416663e-10 0.0077661855 0 -0.0006613957 0 0)
(-7.8012231e-10 0.005542893 0 -0.00033697354 0 0)
(3.0226679e-10 0.0033211864 0 -0.00012104952 0 0)
(1.3916133e-09 0.0011059346 0 -1.3429937e-05 0 0)
(1.3581891e-09 -0.001105935 0 -1.342991e-05 0 0)
(2.2385576e-10 -0.0033211866 0 -0.00012104945 0 0)
(-8.6277896e-10 -0.0055428929 0 -0.00033697346 0 0)
(-8.7407135e-10 -0.0077661852 0 -0.00066139564 0 0)
(-6.5800707e-10 0.0077661856 0 -0.00066139574 0 0)
(-8.2322698e-10 0.0055428929 0 -0.00033697357 0 0)
(2.9014649e-10 0.0033211863 0 -0.00012104951 0 0)
(1.3415331e-09 0.0011059344 0 -1.3429882e-05 0 0)
(1.3122951e-09 -0.0011059348 0 -1.3429858e-05 0 0)
(2.1318925e-10 -0.0033211865 0 -0.00012104945 0 0)
(-9.063369e-10 -0.0055428928 0 -0.00033697349 0 0)
(-7.0034199e-10 -0.0077661852 0 -0.00066139568 0 0)
(-7.6020536e-10 0.0077661859 0 -0.00066139581 0 0)
(-7.1185727e-10 0.0055428928 0 -0.00033697361 0 0)
(2.7845432e-10 0.0033211859 0 -0.00012104949 0 0)
(1.2754299e-09 0.0011059343 0 -1.3429825e-05 0 0)
(1.2445723e-09 -0.0011059348 0 -1.34298e-05 0 0)
(2.0546777e-10 -0.0033211861 0 -0.00012104943 0 0)
(-7.8917019e-10 -0.0055428927 0 -0.00033697353 0 0)
(-8.0724973e-10 -0.0077661856 0 -0.00066139574 0 0)
(-5.9712094e-10 0.0077661859 0 -0.00066139584 0 0)
(-7.5643121e-10 0.0055428927 0 -0.00033697364 0 0)
(2.666692e-10 0.0033211858 0 -0.00012104948 0 0)
(1.2292609e-09 0.0011059342 0 -1.3429774e-05 0 0)
(1.2020606e-09 -0.0011059345 0 -1.3429751e-05 0 0)
(1.9519559e-10 -0.0033211859 0 -0.00012104942 0 0)
(-8.3415075e-10 -0.0055428926 0 -0.00033697356 0 0)
(-6.3670881e-10 -0.0077661856 0 -0.00066139578 0 0)
(-7.0069849e-10 0.0077661862 0 -0.0006613959 0 0)
(-6.4832708e-10 0.0055428926 0 -0.00033697367 0 0)
(2.5610017e-10 0.0033211854 0 -0.00012104947 0 0)
(1.1670591e-09 0.0011059341 0 -1.342972e-05 0 0)
(1.138686e-09 -0.0011059345 0 -1.3429697e-05 0 0)
(1.8843465e-10 -0.0033211856 0 -0.0001210494 0 0)
(-7.2035004e-10 -0.0055428925 0 -0.0003369736 0 0)
(-7.4490229e-10 -0.0077661859 0 -0.00066139584 0 0)
(-5.4045216e-10 0.0077661862 0 -0.00066139593 0 0)
(-6.9426722e-10 0.0055428924 0 -0.0003369737 0 0)
(2.4465454e-10 0.0033211853 0 -0.00012104946 0 0)
(1.1245249e-09 0.0011059339 0 -1.3429672e-05 0 0)
(1.0993207e-09 -0.0011059343 0 -1.3429651e-05 0 0)
(1.7852887e-10 -0.0033211855 0 -0.0001210494 0 0)
(-7.6668282e-10 -0.0055428923 0 -0.00033697363 0 0)
(-5.773204e-10 -0.0077661859 0 -0.00066139588 0 0)
(-6.4532702e-10 0.0077661865 0 -0.00066139599 0 0)
(-5.8915362e-10 0.0055428923 0 -0.00033697373 0 0)
(2.3514175e-10 0.003321185 0 -0.00012104944 0 0)
(1.0659399e-09 0.0011059339 0 -1.3429622e-05 0 0)
(1.0399536e-09 -0.0011059343 0 -1.34296e-05 0 0)
(1.7264908e-10 -0.0033211851 0 -0.00012104938 0 0)
(-6.5599341e-10 -0.0055428923 0 -0.00033697366 0 0)
(-6.8673764e-10 -0.0077661862 0 -0.00066139594 0 0)
(-4.8769093e-10 0.0077661865 0 -0.00066139602 0 0)
(-6.363585e-10 0.0055428922 0 -0.00033697376 0 0)
(2.2403627e-10 0.0033211849 0 -0.00012104943 0 0)
(1.0267699e-09 0.0011059337 0 -1.3429576e-05 0 0)
(1.0035029e-09 -0.001105934 0 -1.3429556e-05 0 0)
(1.6308211e-10 -0.003321185 0 -0.00012104938 0 0)
(-7.0360388e-10 -0.0055428921 0 -0.00033697369 0 0)
(-5.2189161e-10 -0.0077661862 0 -0.00066139597 0 0)
(-5.9377889e-10 0.0077661868 0 -0.00066139607 0 0)
(-5.3397341e-10 0.0055428921 0 -0.00033697378 0 0)
(2.1551395e-10 0.0033211846 0 -0.00012104942 0 0)
(9.7152351e-10 0.0011059337 0 -1.3429529e-05 0 0)
(9.4781542e-10 -0.001105934 0 -1.342951e-05 0 0)
(1.5800804e-10 -0.0033211847 0 -0.00012104936 0 0)
(-5.9577863e-10 -0.0055428921 0 -0.00033697372 0 0)
(-6.3246457e-10 -0.0077661865 0 -0.00066139602 0 0)
(-4.3853452e-10 0.0077661868 0 -0.0006613961 0 0)
(-5.8234391e-10 0.005542892 0 -0.00033697381 0 0)
(2.0474409e-10 0.0033211845 0 -0.00012104941 0 0)
(9.3545552e-10 0.0011059336 0 -1.3429486e-05 0 0)
(9.1405353e-10 -0.0011059338 0 -1.3429468e-05 0 0)
(1.4875368e-10 -0.0033211846 0 -0.00012104936 0 0)
(-6.4458655e-10 -0.005542892 0 -0.00033697375 0 0)
(-4.7013865e-10 -0.0077661865 0 -0.00066139605 0 0)
(-5.4575111e-10 0.0077661871 0 -0.00066139615 0 0)
(-4.8243913e-10 0.005542892 0 -0.00033697384 0 0)
(1.9714411e-10 0.0033211842 0 -0.00012104939 0 0)
(8.8327826e-10 0.0011059335 0 -1.3429443e-05 0 0)
(8.6173248e-10 -0.0011059338 0 -1.3429425e-05 0 0)
(1.444134e-10 -0.0033211843 0 -0.00012104935 0 0)
(-5.3938432e-10 -0.0055428919 0 -0.00033697377 0 0)
(-5.8179543e-10 -0.0077661868 0 -0.0006613961 0 0)
(-3.9269019e-10 0.007766187 0 -0.00066139617 0 0)
(-5.3188003e-10 0.0055428919 0 -0.00033697386 0 0)
(1.8669969e-10 0.0033211841 0 -0.00012104939 0 0)
(8.5005896e-10 0.0011059334 0 -1.3429402e-05 0 0)
(8.3044007e-10 -0.0011059336 0 -1.3429385e-05 0 0)
(1.3544614e-10 -0.0033211843 0 -0.00012104934 0 0)
(-5.8930512e-10 -0.0055428918 0 -0.0003369738 0 0)
(-4.2178344e-10 -0.0077661868 0 -0.00066139613 0 0)
(-5.0095168e-10 0.0077661873 0 -0.00066139622 0 0)
(-4.3422144e-10 0.0055428918 0 -0.00033697388 0 0)
(1.7995568e-10 0.0033211839 0 -0.00012104937 0 0)
(8.0069155e-10 0.0011059334 0 -1.3429361e-05 0 0)
(7.8118788e-10 -0.0011059337 0 -1.3429345e-05 0 0)
(1.3177121e-10 -0.003321184 0 -0.00012104933 0 0)
(-4.8649572e-10 -0.0055428917 0 -0.00033697383 0 0)
(-5.3445263e-10 -0.0077661871 0 -0.00066139618 0 0)
(-3.4987612e-10 0.0077661872 0 -0.00066139624 0 0)
(-4.8464197e-10 0.0055428917 0 -0.0003369739 0 0)
(1.6982684e-10 0.0033211838 0 -0.00012104937 0 0)
(7.700783e-10 0.0011059332 0 -1.3429323e-05 0 0)
(7.5215321e-10 -0.0011059335 0 -1.3429308e-05 0 0)
(1.2306751e-10 -0.0033211839 0 -0.00012104933 0 0)
(-5.3745042e-10 -0.0055428916 0 -0.00033697385 0 0)
(-3.7656172e-10 -0.007766187 0 -0.0006613962 0 0)
(-4.5910093e-10 0.0077661875 0 -0.00066139629 0 0)
(-3.8900879e-10 0.0055428916 0 -0.00033697393 0 0)
(1.6387427e-10 0.0033211836 0 -0.00012104936 0 0)
(7.2327261e-10 0.0011059332 0 -1.3429285e-05 0 0)
(7.0568866e-10 -0.0011059335 0 -1.342927e-05 0 0)
(1.1999357e-10 -0.0033211837 0 -0.00012104931 0 0)
(-4.3682251e-10 -0.0055428916 0 -0.00033697388 0 0)
(-4.9017542e-10 -0.0077661873 0 -0.00066139624 0 0)
(-3.0982316e-10 0.0077661874 0 -0.0006613963 0 0)
(-4.4032344e-10 0.0055428916 0 -0.00033697395 0 0)
(1.5404755e-10 0.0033211835 0 -0.00012104935 0 0)
(6.9503343e-10 0.0011059331 0 -1.3429249e-05 0 0)
(6.7870868e-10 -0.0011059333 0 -1.3429234e-05 0 0)
(1.1153162e-10 -0.0033211836 0 -0.00012104931 0 0)
(-4.8873947e-10 -0.0055428915 0 -0.0003369739 0 0)
(-3.3422248e-10 -0.0077661872 0 -0.00066139626 0 0)
(-4.1993232e-10 0.0077661877 0 -0.00066139634 0 0)
(-3.4650829e-10 0.0055428915 0 -0.00033697397 0 0)
(1.4882155e-10 0.0033211833 0 -0.00012104934 0 0)
(6.5055383e-10 0.0011059331 0 -1.3429213e-05 0 0)
(6.3476752e-10 -0.0011059334 0 -1.3429199e-05 0 0)
(1.0899775e-10 -0.0033211834 0 -0.0001210493 0 0)
(-3.9009048e-10 -0.0055428915 0 -0.00033697392 0 0)
(-4.4871524e-10 -0.0077661875 0 -0.00066139631 0 0)
(-2.722749e-10 0.0077661876 0 -0.00066139636 0 0)
(-3.9863723e-10 0.0055428914 0 -0.00033697399 0 0)
(1.3928183e-10 0.0033211832 0 -0.00012104933 0 0)
(6.2446829e-10 0.001105933 0 -1.3429178e-05 0 0)
(6.0964797e-10 -0.0011059332 0 -1.3429165e-05 0 0)
(1.0075753e-10 -0.0033211834 0 -0.0001210493 0 0)
(-4.4289997e-10 -0.0055428914 0 -0.00033697394 0 0)
(-2.9451217e-10 -0.0077661874 0 -0.00066139632 0 0)
(-3.8319306e-10 0.0077661879 0 -0.0006613964 0 0)
(-3.0644602e-10 0.0055428914 0 -0.00033697401 0 0)
(1.3471974e-10 0.0033211831 0 -0.00012104932 0 0)
(5.8209165e-10 0.001105933 0 -1.3429144e-05 0 0)
(5.679826e-10 -0.0011059332 0 -1.3429132e-05 0 0)
(9.8705887e-11 -0.0033211832 0 -0.00012104929 0 0)
(-3.4603517e-10 -0.0055428913 0 -0.00033697397 0 0)
(-4.0982078e-10 -0.0077661877 0 -0.00066139637 0 0)
(-2.3698906e-10 0.0077661878 0 -0.00066139641 0 0)
(-3.5931577e-10 0.0055428913 0 -0.00033697403 0 0)
(1.2545202e-10 0.003321183 0 -0.00012104932 0 0)
(5.579507e-10 0.0011059329 0 -1.3429112e-05 0 0)
(5.4453876e-10 -0.0011059331 0 -1.34291e-05 0 0)
(9.0669164e-11 -0.0033211831 0 -0.00012104929 0 0)
(-3.9966846e-10 -0.0055428913 0 -0.00033697399 0 0)
(-2.5718575e-10 -0.0077661876 0 -0.00066139638 0 0)
(-3.4864479e-10 0.007766188 0 -0.00066139645 0 0)
(-2.6856677e-10 0.0055428913 0 -0.00033697405 0 0)
(1.2149345e-10 0.0033211828 0 -0.00012104931 0 0)
(5.1746703e-10 0.0011059329 0 -1.342908e-05 0 0)
(5.0491857e-10 -0.0011059331 0 -1.3429069e-05 0 0)
(8.904552e-11 -0.0033211829 0 -0.00012104928 0 0)
(-3.0440345e-10 -0.0055428912 0 -0.00033697401 0 0)
(-3.7324185e-10 -0.0077661879 0 -0.00066139642 0 0)
(-2.037368e-10 0.0077661879 0 -0.00066139646 0 0)
(-3.2210978e-10 0.0055428912 0 -0.00033697406 0 0)
(1.1248237e-10 0.0033211828 0 -0.0001210493 0 0)
(4.9507412e-10 0.0011059328 0 -1.3429049e-05 0 0)
(4.8297614e-10 -0.0011059329 0 -1.3429038e-05 0 0)
(8.1196206e-11 -0.0033211829 0 -0.00012104928 0 0)
(-3.5879396e-10 -0.0055428912 0 -0.00033697403 0 0)
(-2.2200867e-10 -0.0077661878 0 -0.00066139643 0 0)
(-3.1606407e-10 0.0077661882 0 -0.0006613965 0 0)
(-2.3263105e-10 0.0055428912 0 -0.00033697408 0 0)
(1.0906867e-10 0.0033211826 0 -0.0001210493 0 0)
(4.5628664e-10 0.0011059328 0 -1.3429019e-05 0 0)
(4.4518692e-10 -0.001105933 0 -1.3429009e-05 0 0)
(7.9949046e-11 -0.0033211827 0 -0.00012104927 0 0)
(-2.6495191e-10 -0.0055428911 0 -0.00033697405 0 0)
(-3.387476e-10 -0.007766188 0 -0.00066139647 0 0)
(-1.7230516e-10 0.007766188 0 -0.0006613965 0 0)
(-2.8678534e-10 0.0055428911 0 -0.0003369741 0 0)
(1.0029877e-10 0.0033211826 0 -0.00012104929 0 0)
(4.3545715e-10 0.0011059327 0 -1.3428989e-05 0 0)
(4.2458144e-10 -0.0011059329 0 -1.3428979e-05 0 0)
(7.2272836e-11 -0.0033211827 0 -0.00012104927 0 0)
(-3.2003585e-10 -0.0055428911 0 -0.00033697407 0 0)
(-1.8876485e-10 -0.0077661879 0 -0.00066139648 0 0)
(-2.8524234e-10 0.0077661883 0 -0.00066139654 0 0)
(-1.9841693e-10 0.0055428911 0 -0.00033697412 0 0)
(9.7373573e-11 0.0033211825 0 -0.00012104928 0 0)
(3.9818232e-10 0.0011059327 0 -1.342896e-05 0 0)
(3.8842523e-10 -0.0011059329 0 -1.3428951e-05 0 0)
(7.1353705e-11 -0.0033211826 0 -0.00012104926 0 0)
(-2.274495e-10 -0.005542891 0 -0.00033697409 0 0)
(-3.0612781e-10 -0.0077661881 0 -0.00066139651 0 0)
(-1.424954e-10 0.0077661881 0 -0.00066139654 0 0)
(-2.5312673e-10 0.005542891 0 -0.00033697413 0 0)
(8.8830557e-11 0.0033211825 0 -0.00012104928 0 0)
(3.7874416e-10 0.0011059326 0 -1.3428932e-05 0 0)
(3.6900318e-10 -0.0011059328 0 -1.3428923e-05 0 0)
(6.3838225e-11 -0.0033211825 0 -0.00012104926 0 0)
(-2.8316831e-10 -0.005542891 0 -0.0003369741 0 0)
(-1.5725579e-10 -0.007766188 0 -0.00066139652 0 0)
(-2.5598387e-10 0.0077661884 0 -0.00066139658 0 0)
(-1.6572307e-10 0.005542891 0 -0.00033697415 0 0)
(8.6340157e-11 0.0033211823 0 -0.00012104927 0 0)
(3.4281186e-10 0.0011059326 0 -1.3428905e-05 0 0)
(3.3429736e-10 -0.0011059328 0 -1.3428897e-05 0 0)
(6.3201361e-11 -0.0033211824 0 -0.00012104925 0 0)
(-1.9168591e-10 -0.005542891 0 -0.00033697412 0 0)
(-2.7518479e-10 -0.0077661882 0 -0.00066139655 0 0)
(-1.1411908e-10 0.0077661882 0 -0.00066139658 0 0)
(-2.2094052e-10 0.0055428909 0 -0.00033697417 0 0)
(7.8010392e-11 0.0033211823 0 -0.00012104927 0 0)
(3.2460494e-10 0.0011059326 0 -1.3428877e-05 0 0)
(3.1591509e-10 -0.0011059327 0 -1.342887e-05 0 0)
(5.5835896e-11 -0.0033211824 0 -0.00012104925 0 0)
(-2.4798915e-10 -0.0055428909 0 -0.00033697414 0 0)
(-1.2728965e-10 -0.0077661881 0 -0.00066139656 0 0)
(-2.2810774e-10 0.0077661885 0 -0.00066139661 0 0)
(-1.3436235e-10 0.0055428909 0 -0.00033697419 0 0)
(7.5903207e-11 0.0033211822 0 -0.00012104926 0 0)
(2.8985813e-10 0.0011059326 0 -1.3428851e-05 0 0)
(2.8249255e-10 -0.0011059328 0 -1.3428844e-05 0 0)
(5.5437801e-11 -0.0033211823 0 -0.00012104924 0 0)
(-1.5746611e-10 -0.0055428909 0 -0.00033697416 0 0)
(-2.4573313e-10 -0.0077661883 0 -0.00066139659 0 0)
(-8.700526e-11 0.0077661883 0 -0.00066139662 0 0)
(-1.9004471e-10 0.0055428909 0 -0.0003369742 0 0)
(6.7774625e-11 0.0033211822 0 -0.00012104926 0 0)
(2.7273447e-10 0.0011059325 0 -1.3428825e-05 0 0)
(2.6501694e-10 -0.0011059326 0 -1.3428819e-05 0 0)
(4.8213603e-11 -0.0033211823 0 -0.00012104924 0 0)
(-2.1430861e-10 -0.0055428909 0 -0.00033697418 0 0)
(-9.8689511e-11 -0.0077661882 0 -0.0006613966 0 0)
(-2.0144718e-10 0.0077661885 0 -0.00066139665 0 0)
(-1.0416419e-10 0.0055428909 0 -0.00033697422 0 0)
(6.6001833e-11 0.0033211821 0 -0.00012104926 0 0)
(2.3902927e-10 0.0011059325 0 -1.34288e-05 0 0)
(2.3272495e-10 -0.0011059327 0 -1.3428794e-05 0 0)
(4.80131e-11 -0.0033211822 0 -0.00012104924 0 0)
(-1.2460854e-10 -0.0055428908 0 -0.00033697419 0 0)
(-2.1760184e-10 -0.0077661884 0 -0.00066139663 0 0)
(-6.0994628e-11 0.0077661884 0 -0.00066139665 0 0)
(-1.6027619e-10 0.0055428908 0 -0.00033697423 0 0)
(5.8063754e-11 0.0033211821 0 -0.00012104925 0 0)
(2.2285301e-10 0.0011059325 0 -1.3428775e-05 0 0)
(2.1603318e-10 -0.0011059326 0 -1.3428769e-05 0 0)
(4.092302e-11 -0.0033211822 0 -0.00012104924 0 0)
(-1.8195069e-10 -0.0055428908 0 -0.00033697421 0 0)
(-7.1292891e-11 -0.0077661883 0 -0.00066139663 0 0)
(-1.7584907e-10 0.0077661886 0 -0.00066139668 0 0)
(-7.4973318e-11 0.0055428908 0 -0.00033697425 0 0)
(5.6578821e-11 0.003321182 0 -0.00012104925 0 0)
(1.9005826e-10 0.0011059325 0 -1.3428751e-05 0 0)
(1.8473299e-10 -0.0011059327 0 -1.3428746e-05 0 0)
(4.0881043e-11 -0.0033211821 0 -0.00012104923 0 0)
(-9.2946871e-11 -0.0055428908 0 -0.00033697423 0 0)
(-1.9063278e-10 -0.0077661885 0 -0.00066139666 0 0)
(-3.594188e-11 0.0077661884 0 -0.00066139668 0 0)
(-1.3148571e-10 0.0055428908 0 -0.00033697426 0 0)
(4.8822463e-11 0.003321182 0 -0.00012104925 0 0)
(1.7470512e-10 0.0011059324 0 -1.3428727e-05 0 0)
(1.6871247e-10 -0.0011059326 0 -1.3428722e-05 0 0)
(3.3919624e-11 -0.0033211821 0 -0.00012104923 0 0)
(-1.5075535e-10 -0.0055428908 0 -0.00033697424 0 0)
(-4.4948898e-11 -0.0077661883 0 -0.00066139666 0 0)
(-1.5117381e-10 0.0077661887 0 -0.00066139671 0 0)
(-4.6648225e-11 0.0055428908 0 -0.00033697428 0 0)
(4.7581345e-11 0.003321182 0 -0.00012104924 0 0)
(1.4270236e-10 0.0011059325 0 -1.3428703e-05 0 0)
(1.3827921e-10 -0.0011059326 0 -1.3428699e-05 0 0)
(3.3998538e-11 -0.003321182 0 -0.00012104923 0 0)
(-6.2328223e-11 -0.0055428907 0 -0.00033697426 0 0)
(-1.6468024e-10 -0.0077661885 0 -0.00066139669 0 0)
(-1.1715204e-11 0.0077661885 0 -0.0006613967 0 0)
(-1.0353804e-10 0.0055428907 0 -0.00033697429 0 0)
(3.9999799e-11 0.003321182 0 -0.00012104924 0 0)
(1.2805995e-10 0.0011059324 0 -1.342868e-05 0 0)
(1.2282775e-10 -0.0011059325 0 -1.3428676e-05 0 0)
(2.7162032e-11 -0.003321182 0 -0.00012104923 0 0)
(-1.2057421e-10 -0.0055428907 0 -0.00033697428 0 0)
(-1.951939e-11 -0.0077661884 0 -0.00066139669 0 0)
(-1.2729545e-10 0.0077661887 0 -0.00066139673 0 0)
(-1.9061095e-11 0.0055428907 0 -0.00033697431 0 0)
(3.8960927e-11 0.0033211819 0 -0.00012104924 0 0)
(9.6743464e-11 0.0011059324 0 -1.3428657e-05 0 0)
(9.3149959e-11 -0.0011059326 0 -1.3428654e-05 0 0)
(2.7326142e-11 -0.003321182 0 -0.00012104923 0 0)
(-3.2610475e-11 -0.0055428907 0 -0.00033697429 0 0)
(-1.3961251e-10 -0.0077661886 0 -0.00066139671 0 0)
(1.1804227e-11 0.0077661885 0 -0.00066139672 0 0)
(-7.6310435e-11 0.0055428907 0 -0.00033697432 0 0)
(3.1549738e-11 0.0033211819 0 -0.00012104924 0 0)
(8.2710976e-11 0.0011059324 0 -1.3428634e-05 0 0)
(7.8175506e-11 -0.0011059325 0 -1.3428631e-05 0 0)
(2.0612666e-11 -0.003321182 0 -0.00012104923 0 0)
(-9.1270954e-11 -0.0055428907 0 -0.00033697431 0 0)
(5.1193432e-12 -0.0077661884 0 -0.00066139671 0 0)
(-1.0410066e-10 0.0077661887 0 -0.00066139675 0 0)
(7.9049338e-12 0.0055428907 0 -0.00033697434 0 0)
(3.0674308e-11 0.0033211819 0 -0.00012104923 0 0)
(5.1987147e-11 0.0011059324 0 -1.3428612e-05 0 0)
(4.915426e-11 -0.0011059326 0 -1.342861e-05 0 0)
(2.0827637e-11 -0.003321182 0 -0.00012104922 0 0)
(-3.6679481e-12 -0.0055428907 0 -0.00033697433 0 0)
(-1.1531183e-10 -0.0077661886 0 -0.00066139674 0 0)
(3.4722927e-11 0.0077661885 0 -0.00066139675 0 0)
(-4.9692194e-11 0.0055428907 0 -0.00033697435 0 0)
(2.3432416e-11 0.0033211819 0 -0.00012104923 0 0)
(3.8475444e-11 0.0011059324 0 -1.342859e-05 0 0)
(3.4575e-11 -0.0011059325 0 -1.3428587e-05 0 0)
(1.4237088e-11 -0.003321182 0 -0.00012104922 0 0)
(-6.2730005e-11 -0.0055428907 0 -0.00033697434 0 0)
(2.9077696e-11 -0.0077661884 0 -0.00066139673 0 0)
(-8.1489675e-11 0.0077661887 0 -0.00066139677 0 0)
(3.4353875e-11 0.0055428907 0 -0.00033697437 0 0)
(2.2684644e-11 0.0033211819 0 -0.00012104923 0 0)
(8.2634431e-12 0.0011059324 0 -1.3428569e-05 0 0)
(6.1240684e-12 -0.0011059326 0 -1.3428567e-05 0 0)
(1.4470491e-11 -0.0033211819 0 -0.00012104922 0 0)
(2.4602974e-11 -0.0055428907 0 -0.00033697436 0 0)
(-9.1673747e-11 -0.0077661886 0 -0.00066139676 0 0)
(5.7134096e-11 0.0077661885 0 -0.00066139677 0 0)
(-2.3585236e-11 0.0055428907 0 -0.00033697438 0 0)
(1.5612594e-11 0.0033211819 0 -0.00012104923 0 0)
(-4.8045913e-12 0.0011059324 0 -1.3428547e-05 0 0)
(-8.130873e-12 -0.0011059325 0 -1.3428545e-05 0 0)
(8.004853e-12 -0.003321182 0 -0.00012104922 0 0)
(-3.4858704e-11 -0.0055428907 0 -0.00033697437 0 0)
(5.2452645e-11 -0.0077661884 0 -0.00066139675 0 0)
(-5.9375234e-11 0.0077661887 0 -0.00066139679 0 0)
(6.0374938e-11 0.0055428907 0 -0.0003369744 0 0)
(1.4958216e-11 0.0033211819 0 -0.00012104923 0 0)
(-3.4572141e-11 0.0011059324 0 -1.3428526e-05 0 0)
(-3.6084962e-11 -0.0011059326 0 -1.3428525e-05 0 0)
(8.2248872e-12 -0.0033211819 0 -0.00012104922 0 0)
(5.2286958e-11 -0.0055428907 0 -0.00033697439 0 0)
(-6.8607757e-11 -0.0077661886 0 -0.00066139678 0 0)
(7.9118644e-11 0.0077661885 0 -0.00066139678 0 0)
(2.0909546e-12 0.0055428907 0 -0.00033697441 0 0)
(8.0591051e-12 0.0033211819 0 -0.00012104923 0 0)
(-4.7262524e-11 0.0011059324 0 -1.3428505e-05 0 0)
(-5.00764e-11 -0.0011059325 0 -1.3428503e-05 0 0)
(1.8859917e-12 -0.003321182 0 -0.00012104922 0 0)
(-7.5794722e-12 -0.0055428906 0 -0.0003369744 0 0)
(7.5327587e-11 -0.0077661884 0 -0.00066139677 0 0)
(-3.7683852e-11 0.0077661887 0 -0.00066139681 0 0)
(8.6041668e-11 0.0055428907 0 -0.00033697443 0 0)
(7.4675376e-12 0.0033211819 0 -0.00012104923 0 0)
(-7.6643483e-11 0.0011059325 0 -1.3428485e-05 0 0)
(-7.7594971e-11 -0.0011059326 0 -1.3428483e-05 0 0)
(2.0617783e-12 -0.003321182 0 -0.00012104922 0 0)
(7.9455797e-11 -0.0055428907 0 -0.00033697442 0 0)
(-4.6036716e-11 -0.0077661886 0 -0.0006613968 0 0)
(1.0074522e-10 0.0077661885 0 -0.0006613968 0 0)
(2.7400995e-11 0.0055428907 0 -0.00033697444 0 0)
(7.4836269e-13 0.003321182 0 -0.00012104923 0 0)
(-8.9012279e-11 0.0011059324 0 -1.3428464e-05 0 0)
(-9.1373938e-11 -0.0011059325 0 -1.3428463e-05 0 0)
(-4.1459613e-12 -0.003321182 0 -0.00012104922 0 0)
(1.9173427e-11 -0.0055428906 0 -0.00033697444 0 0)
(9.7772538e-11 -0.0077661884 0 -0.00066139679 0 0)
(-1.6352084e-11 0.0077661887 0 -0.00066139682 0 0)
(1.114116e-10 0.0055428907 0 -0.00033697446 0 0)
(1.9136493e-13 0.003321182 0 -0.00012104923 0 0)
(-1.1805173e-10 0.0011059325 0 -1.3428444e-05 0 0)
(-1.1850822e-10 -0.0011059326 0 -1.3428443e-05 0 0)
(-4.0432728e-12 -0.003321182 0 -0.00012104922 0 0)
(1.0616892e-10 -0.0055428907 0 -0.00033697445 0 0)
(-2.38973e-11 -0.0077661886 0 -0.00066139681 0 0)
(1.2207147e-10 0.0077661885 0 -0.00066139681 0 0)
(5.2396734e-11 0.0055428907 0 -0.00033697448 0 0)
(-6.3384835e-12 0.003321182 0 -0.00012104923 0 0)
(-1.3014244e-10 0.0011059325 0 -1.3428424e-05 0 0)
(-1.3211549e-10 -0.0011059326 0 -1.3428423e-05 0 0)
(-1.0114295e-11 -0.003321182 0 -0.00012104923 0 0)
(4.5452171e-11 -0.0055428907 0 -0.00033697447 0 0)
(1.1984409e-10 -0.0077661884 0 -0.0006613968 0 0)
(4.6722136e-12 0.0077661887 0 -0.00066139683 0 0)
(1.3653263e-10 0.0055428907 0 -0.00033697449 0 0)
(-6.8865274e-12 0.003321182 0 -0.00012104923 0 0)
(-1.5887355e-10 0.0011059325 0 -1.3428404e-05 0 0)
(-1.5890442e-10 -0.0011059326 0 -1.3428404e-05 0 0)
(-1.0112887e-11 -0.0033211821 0 -0.00012104923 0 0)
(1.3247225e-10 -0.0055428907 0 -0.00033697449 0 0)
(-2.1396412e-12 -0.0077661886 0 -0.00066139682 0 0)
(1.4314392e-10 0.0077661884 0 -0.00066139682 0 0)
(7.7121754e-11 0.0055428907 0 -0.00033697451 0 0)
(-1.32135e-11 0.0033211821 0 -0.00012104923 0 0)
(-1.707207e-10 0.0011059325 0 -1.3428384e-05 0 0)
(-1.7237263e-10 -0.0011059326 0 -1.3428384e-05 0 0)
(-1.6039134e-11 -0.0033211821 0 -0.00012104923 0 0)
(7.1295411e-11 -0.0055428907 0 -0.0003369745 0 0)
(1.4158586e-10 -0.0077661884 0 -0.00066139681 0 0)
(2.5430358e-11 0.0077661886 0 -0.00066139684 0 0)
(1.6144354e-10 0.0055428907 0 -0.00033697452 0 0)
(-1.3774465e-11 0.0033211821 0 -0.00012104923 0 0)
(-1.9916641e-10 0.0011059326 0 -1.3428365e-05 0 0)
(-1.9884543e-10 -0.0011059327 0 -1.3428365e-05 0 0)
(-1.6165108e-11 -0.0033211821 0 -0.00012104923 0 0)
(1.5839689e-10 -0.0055428907 0 -0.00033697452 0 0)
(1.9273661e-11 -0.0077661885 0 -0.00066139683 0 0)
(1.6399758e-10 0.0077661884 0 -0.00066139683 0 0)
(1.0160996e-10 0.0055428907 0 -0.00033697454 0 0)
(-1.9881533e-11 0.0033211821 0 -0.00012104923 0 0)
(-2.1079581e-10 0.0011059326 0 -1.3428345e-05 0 0)
(-2.1219896e-10 -0.0011059327 0 -1.3428345e-05 0 0)
(-2.1937288e-11 -0.0033211822 0 -0.00012104923 0 0)
(9.6727281e-11 -0.0055428907 0 -0.00033697453 0 0)
(1.6302852e-10 -0.0077661883 0 -0.00066139682 0 0)
(4.5952639e-11 0.0077661885 0 -0.00066139685 0 0)
(1.8617513e-10 0.0055428907 0 -0.00033697456 0 0)
(-2.0475968e-11 0.0033211822 0 -0.00012104923 0 0)
(-2.3896906e-10 0.0011059326 0 -1.3428326e-05 0 0)
(-2.3837587e-10 -0.0011059327 0 -1.3428326e-05 0 0)
(-2.2217359e-11 -0.0033211822 0 -0.00012104923 0 0)
(1.8396232e-10 -0.0055428907 0 -0.00033697455 0 0)
(4.0366828e-11 -0.0077661885 0 -0.00066139684 0 0)
(1.8465709e-10 0.0077661883 0 -0.00066139684 0 0)
(1.2588864e-10 0.0055428907 0 -0.00033697457 0 0)
(-2.6343453e-11 0.0033211822 0 -0.00012104924 0 0)
(-2.5039674e-10 0.0011059326 0 -1.3428307e-05 0 0)
(-2.5163026e-10 -0.0011059327 0 -1.3428307e-05 0 0)
(-2.7825171e-11 -0.0033211823 0 -0.00012104924 0 0)
(1.2176141e-10 -0.0055428907 0 -0.00033697457 0 0)
(1.8419049e-10 -0.0077661882 0 -0.00066139683 0 0)
(6.6259473e-11 0.0077661885 0 -0.00066139686 0 0)
(2.1075162e-10 0.0055428908 0 -0.00033697459 0 0)
(-2.6989352e-11 0.0033211823 0 -0.00012104924 0 0)
(-2.7830191e-10 0.0011059327 0 -1.3428288e-05 0 0)
(-2.7752378e-10 -0.0011059328 0 -1.3428289e-05 0 0)
(-2.8284476e-11 -0.0033211823 0 -0.00012104924 0 0)
(2.091763e-10 -0.0055428907 0 -0.00033697458 0 0)
(6.1152973e-11 -0.0077661884 0 -0.00066139685 0 0)
(2.0513773e-10 0.0077661882 0 -0.00066139684 0 0)
(1.499793e-10 0.0055428908 0 -0.0003369746 0 0)
(-3.2594857e-11 0.0033211824 0 -0.00012104924 0 0)
(-2.8953765e-10 0.0011059327 0 -1.3428269e-05 0 0)
(-2.9068812e-10 -0.0011059328 0 -1.342827e-05 0 0)
(-3.3716408e-11 -0.0033211824 0 -0.00012104924 0 0)
(1.4640004e-10 -0.0055428907 0 -0.0003369746 0 0)
(2.0507933e-10 -0.0077661882 0 -0.00066139684 0 0)
(8.6362118e-11 0.0077661884 0 -0.00066139686 0 0)
(2.3519251e-10 0.0055428908 0 -0.00033697462 0 0)
(-3.3307474e-11 0.0033211824 0 -0.00012104924 0 0)
(-3.1717246e-10 0.0011059327 0 -1.3428251e-05 0 0)
(-3.163046e-10 -0.0011059328 0 -1.3428252e-05 0 0)
(-3.4378934e-11 -0.0033211825 0 -0.00012104924 0 0)
(2.3403651e-10 -0.0055428908 0 -0.00033697462 0 0)
(8.1634271e-11 -0.0077661883 0 -0.00066139685 0 0)
(2.2544631e-10 0.0077661881 0 -0.00066139685 0 0)
(1.739008e-10 0.0055428908 0 -0.00033697463 0 0)
(-3.8625018e-11 0.0033211825 0 -0.00012104925 0 0)
(-3.282207e-10 0.0011059328 0 -1.3428233e-05 0 0)
(-3.2938252e-10 -0.0011059328 0 -1.3428233e-05 0 0)
(-3.9622257e-11 -0.0033211825 0 -0.00012104925 0 0)
(1.7063685e-10 -0.0055428908 0 -0.00033697463 0 0)
(2.2569269e-10 -0.0077661881 0 -0.00066139684 0 0)
(1.0626447e-10 0.0077661883 0 -0.00066139687 0 0)
(2.5951625e-10 0.0055428909 0 -0.00033697465 0 0)
(-3.9417058e-11 0.0033211826 0 -0.00012104925 0 0)
(-3.555783e-10 0.0011059328 0 -1.3428215e-05 0 0)
(-3.5472479e-10 -0.0011059329 0 -1.3428215e-05 0 0)
(-4.0510817e-11 -0.0033211826 0 -0.00012104925 0 0)
(2.5853387e-10 -0.0055428908 0 -0.00033697465 0 0)
(1.0180498e-10 -0.0077661882 0 -0.00066139686 0 0)
(2.455842e-10 0.007766188 0 -0.00066139685 0 0)
(1.9767144e-10 0.0055428909 0 -0.00033697467 0 0)
(-4.4418705e-11 0.0033211826 0 -0.00012104925 0 0)
(-3.6644136e-10 0.0011059328 0 -1.3428197e-05 0 0)
(-3.6771905e-10 -0.0011059329 0 -1.3428197e-05 0 0)
(-4.5551842e-11 -0.0033211827 0 -0.00012104925 0 0)
(1.9446088e-10 -0.0055428908 0 -0.00033697466 0 0)
(2.4602119e-10 -0.007766188 0 -0.00066139684 0 0)
(1.2596658e-10 0.0077661882 0 -0.00066139687 0 0)
(2.8374056e-10 0.0055428909 0 -0.00033697469 0 0)
(-4.530099e-11 0.0033211827 0 -0.00012104926 0 0)
(-3.9351313e-10 0.0011059329 0 -1.3428179e-05 0 0)
(-3.9278978e-10 -0.001105933 0 -1.3428179e-05 0 0)
(-4.6688638e-11 -0.0033211828 0 -0.00012104926 0 0)
(2.8265561e-10 -0.0055428909 0 -0.00033697468 0 0)
(1.2165278e-10 -0.0077661881 0 -0.00066139686 0 0)
(2.6554929e-10 0.0077661879 0 -0.00066139685 0 0)
(2.2131061e-10 0.0055428909 0 -0.0003369747 0 0)
(-4.9955696e-11 0.0033211828 0 -0.00012104926 0 0)
(-4.0419359e-10 0.0011059329 0 -1.3428161e-05 0 0)
(-4.0570371e-10 -0.001105933 0 -1.3428161e-05 0 0)
(-5.1513682e-11 -0.0033211828 0 -0.00012104926 0 0)
(2.1785944e-10 -0.0055428909 0 -0.0003369747 0 0)
(2.6604973e-10 -0.0077661879 0 -0.00066139684 0 0)
(1.4546633e-10 0.0077661881 0 -0.00066139687 0 0)
(3.0788517e-10 0.005542891 0 -0.00033697472 0 0)
(-5.0936243e-11 0.0033211829 0 -0.00012104927 0 0)
(-4.3097298e-10 0.001105933 0 -1.3428144e-05 0 0)
(-4.3050882e-10 -0.0011059331 0 -1.3428144e-05 0 0)
(-5.2920473e-11 -0.0033211829 0 -0.00012104927 0 0)
(3.0638945e-10 -0.0055428909 0 -0.00033697471 0 0)
(1.4116176e-10 -0.007766188 0 -0.00066139686 0 0)
(2.8533975e-10 0.0077661878 0 -0.00066139685 0 0)
(2.4484105e-10 0.005542891 0 -0.00033697473 0 0)
(-5.521113e-11 0.003321183 0 -0.00012104927 0 0)
(-4.4147868e-10 0.001105933 0 -1.3428126e-05 0 0)
(-4.4335092e-10 -0.0011059331 0 -1.3428126e-05 0 0)
(-5.7516436e-11 -0.003321183 0 -0.00012104927 0 0)
(2.4082256e-10 -0.005542891 0 -0.00033697473 0 0)
(2.8576205e-10 -0.0077661878 0 -0.00066139684 0 0)
(1.6476543e-10 0.007766188 0 -0.00066139687 0 0)
(3.319773e-10 0.005542891 0 -0.00033697475 0 0)
(-5.629568e-11 0.0033211831 0 -0.00012104928 0 0)
(-4.6796606e-10 0.0011059331 0 -1.3428109e-05 0 0)
(-4.6790475e-10 -0.0011059332 0 -1.3428109e-05 0 0)
(-5.9215163e-11 -0.0033211831 0 -0.00012104928 0 0)
(3.2972856e-10 -0.005542891 0 -0.00033697475 0 0)
(1.6031653e-10 -0.0077661879 0 -0.00066139686 0 0)
(3.049599e-10 0.0077661877 0 -0.00066139685 0 0)
(2.6829899e-10 0.005542891 0 -0.00033697477 0 0)
(-6.0155744e-11 0.0033211832 0 -0.00012104928 0 0)
(-4.7831463e-10 0.0011059331 0 -1.3428092e-05 0 0)
(-4.8069389e-10 -0.0011059332 0 -1.3428091e-05 0 0)
(-6.3570375e-11 -0.0033211832 0 -0.00012104928 0 0)
(2.6335032e-10 -0.005542891 0 -0.00033697476 0 0)
(3.0514288e-10 -0.0077661876 0 -0.00066139684 0 0)
(1.8387343e-10 0.0077661878 0 -0.00066139686 0 0)
(3.5606297e-10 0.0055428911 0 -0.00033697479 0 0)
(-6.1347901e-11 0.0033211833 0 -0.00012104929 0 0)
(-5.0452271e-10 0.0011059332 0 -1.3428075e-05 0 0)
(-5.0502493e-10 -0.0011059333 0 -1.3428074e-05 0 0)
(-6.5583877e-11 -0.0033211833 0 -0.00012104929 0 0)
(3.5267883e-10 -0.0055428911 0 -0.00033697478 0 0)
(1.7910598e-10 -0.0077661877 0 -0.00066139685 0 0)
(3.2442462e-10 0.0077661875 0 -0.00066139684 0 0)
(2.9174544e-10 0.0055428911 0 -0.0003369748 0 0)
(-6.4757323e-11 0.0033211834 0 -0.00012104929 0 0)
(-5.1474791e-10 0.0011059332 0 -1.3428059e-05 0 0)
(-5.1779729e-10 -0.0011059333 0 -1.3428057e-05 0 0)
(-6.9689417e-11 -0.0033211834 0 -0.00012104929 0 0)
(2.8545908e-10 -0.0055428911 0 -0.0003369748 0 0)
(3.241852e-10 -0.0077661875 0 -0.00066139683 0 0)
(2.0281559e-10 0.0077661877 0 -0.00066139686 0 0)
(3.8021794e-10 0.0055428912 0 -0.00033697482 0 0)
(-6.6058502e-11 0.0033211835 0 -0.0001210493 0 0)
(-5.4070916e-10 0.0011059333 0 -1.3428042e-05 0 0)
(-5.4195689e-10 -0.0011059334 0 -1.342804e-05 0 0)
(-7.204213e-11 -0.0033211835 0 -0.0001210493 0 0)
(3.7526611e-10 -0.0055428911 0 -0.00033697482 0 0)
(1.9753033e-10 -0.0077661876 0 -0.00066139685 0 0)
(3.4376836e-10 0.0077661874 0 -0.00066139684 0 0)
(3.1527813e-10 0.0055428912 0 -0.00033697484 0 0)
(-6.8980503e-11 0.0033211836 0 -0.00012104931 0 0)
(-5.5086849e-10 0.0011059334 0 -1.3428026e-05 0 0)
(-5.5477403e-10 -0.0011059334 0 -1.3428023e-05 0 0)
(-7.5893556e-11 -0.0033211836 0 -0.0001210493 0 0)
(3.0719078e-10 -0.0055428912 0 -0.00033697483 0 0)
(3.4289529e-10 -0.0077661873 0 -0.00066139683 0 0)
(2.2164108e-10 0.0077661875 0 -0.00066139685 0 0)
(4.0456005e-10 0.0055428913 0 -0.00033697486 0 0)
(-7.0390223e-11 0.0033211837 0 -0.00012104932 0 0)
(-5.7664351e-10 0.0011059334 0 -1.3428009e-05 0 0)
(-5.7884393e-10 -0.0011059335 0 -1.3428006e-05 0 0)
(-7.861298e-11 -0.0033211838 0 -0.00012104931 0 0)
(3.9754648e-10 -0.0055428912 0 -0.00033697485 0 0)
(2.1560727e-10 -0.0077661874 0 -0.00066139684 0 0)
(3.6305198e-10 0.0077661872 0 -0.00066139683 0 0)
(3.3904505e-10 0.0055428913 0 -0.00033697488 0 0)
(-7.2788847e-11 0.0033211838 0 -0.00012104932 0 0)
(-5.8682791e-10 0.0011059335 0 -1.3427993e-05 0 0)
(-5.9180159e-10 -0.0011059336 0 -1.3427989e-05 0 0)
(-8.2211371e-11 -0.0033211839 0 -0.00012104931 0 0)
(3.2862365e-10 -0.0055428913 0 -0.00033697487 0 0)
(3.6130048e-10 -0.0077661872 0 -0.00066139682 0 0)
(2.4043001e-10 0.0077661874 0 -0.00066139684 0 0)
(4.2926448e-10 0.0055428913 0 -0.0003369749 0 0)
(-7.4305866e-11 0.003321184 0 -0.00012104933 0 0)
(-6.1251686e-10 0.0011059336 0 -1.3427977e-05 0 0)
(-6.1590533e-10 -0.0011059336 0 -1.3427972e-05 0 0)
(-8.5328253e-11 -0.003321184 0 -0.00012104932 0 0)
(4.1961873e-10 -0.0055428913 0 -0.00033697488 0 0)
(2.3338009e-10 -0.0077661873 0 -0.00066139683 0 0)
(3.8237651e-10 0.0077661871 0 -0.00066139682 0 0)
(3.6325537e-10 0.0055428914 0 -0.00033697491 0 0)
(-7.6147694e-11 0.0033211841 0 -0.00012104934 0 0)
(-6.2286243e-10 0.0011059336 0 -1.342796e-05 0 0)
(-6.2914489e-10 -0.0011059337 0 -1.3427955e-05 0 0)
(-8.8681677e-11 -0.0033211841 0 -0.00012104933 0 0)
(3.4988839e-10 -0.0055428913 0 -0.0003369749 0 0)
(3.794575e-10 -0.007766187 0 -0.00066139681 0 0)
(2.5931241e-10 0.0077661872 0 -0.00066139683 0 0)
(4.5457171e-10 0.0055428914 0 -0.00033697494 0 0)
(-7.7771602e-11 0.0033211842 0 -0.00012104935 0 0)
(-6.4861896e-10 0.0011059337 0 -1.3427944e-05 0 0)
(-6.5346079e-10 -0.0011059338 0 -1.3427938e-05 0 0)
(-9.2230742e-11 -0.0033211843 0 -0.00012104933 0 0)
(4.4164129e-10 -0.0055428914 0 -0.00033697492 0 0)
(2.5092841e-10 -0.0077661871 0 -0.00066139682 0 0)
(4.0189605e-10 0.0077661869 0 -0.00066139681 0 0)
(3.8819529e-10 0.0055428915 0 -0.00033697495 0 0)
(-7.9029701e-11 0.0033211844 0 -0.00012104936 0 0)
(-6.5932303e-10 0.0011059338 0 -1.3427927e-05 0 0)
(-6.6718402e-10 -0.0011059338 0 -1.3427921e-05 0 0)
(-9.5354325e-11 -0.0033211844 0 -0.00012104934 0 0)
(3.7118097e-10 -0.0055428914 0 -0.00033697494 0 0)
(3.974696e-10 -0.0077661868 0 -0.00066139679 0 0)
(2.7847679e-10 0.007766187 0 -0.00066139682 0 0)
(4.8080849e-10 0.0055428915 0 -0.00033697498 0 0)
(-8.0764929e-11 0.0033211845 0 -0.00012104937 0 0)
(-6.8537169e-10 0.0011059339 0 -1.342791e-05 0 0)
(-6.9195978e-10 -0.0011059339 0 -1.3427903e-05 0 0)
(-9.9372735e-11 -0.0033211845 0 -0.00012104935 0 0)
(4.638474e-10 -0.0055428915 0 -0.00033697496 0 0)
(2.6838824e-10 -0.0077661869 0 -0.0006613968 0 0)
(4.2183098e-10 0.0077661867 0 -0.00066139679 0 0)
(4.1424629e-10 0.0055428915 0 -0.00033697499 0 0)
(-8.1424749e-11 0.0033211846 0 -0.00012104938 0 0)
(-6.9670986e-10 0.0011059339 0 -1.3427893e-05 0 0)
(-7.0644359e-10 -0.001105934 0 -1.3427885e-05 0 0)
(-1.0228722e-10 -0.0033211847 0 -0.00012104936 0 0)
(3.9279303e-10 -0.0055428915 0 -0.00033697497 0 0)
(4.1549985e-10 -0.0077661866 0 -0.00066139678 0 0)
(2.9818681e-10 0.0077661868 0 -0.0006613968 0 0)
(5.0840453e-10 0.0055428916 0 -0.00033697502 0 0)
(-8.3287615e-11 0.0033211848 0 -0.00012104939 0 0)
(-7.2336703e-10 0.001105934 0 -1.3427876e-05 0 0)
(-7.3201362e-10 -0.0011059341 0 -1.3427866e-05 0 0)
(-1.0681249e-10 -0.0033211848 0 -0.00012104936 0 0)
(4.8658463e-10 -0.0055428916 0 -0.00033697499 0 0)
(2.8596353e-10 -0.0077661867 0 -0.00066139679 0 0)
(4.4248444e-10 0.0077661865 0 -0.00066139678 0 0)
(4.4190018e-10 0.0055428917 0 -0.00033697504 0 0)
(-8.3356407e-11 0.003321185 0 -0.0001210494 0 0)
(-7.3571699e-10 0.0011059341 0 -1.3427858e-05 0 0)
(-7.4762814e-10 -0.0011059341 0 -1.3427847e-05 0 0)
(-1.0954141e-10 -0.003321185 0 -0.00012104937 0 0)
(4.151472e-10 -0.0055428916 0 -0.00033697501 0 0)
(4.3379339e-10 -0.0077661864 0 -0.00066139676 0 0)
(3.1879768e-10 0.0077661866 0 -0.00066139679 0 0)
(5.3790511e-10 0.0055428917 0 -0.00033697506 0 0)
(-8.5384641e-11 0.0033211851 0 -0.00012104941 0 0)
(-7.634173e-10 0.0011059342 0 -1.342784e-05 0 0)
(-7.744325e-10 -0.0011059342 0 -1.3427827e-05 0 0)
(-1.1460588e-10 -0.0033211851 0 -0.00012104938 0 0)
(5.1034981e-10 -0.0055428917 0 -0.00033697503 0 0)
(3.039564e-10 -0.0077661865 0 -0.00066139677 0 0)
(4.6425887e-10 0.0077661862 0 -0.00066139676 0 0)
(4.7177077e-10 0.0055428918 0 -0.00033697508 0 0)
(-8.4904009e-11 0.0033211853 0 -0.00012104942 0 0)
(-7.7728589e-10 0.0011059343 0 -1.342782e-05 0 0)
(-7.9166041e-10 -0.0011059343 0 -1.3427807e-05 0 0)
(-1.1716835e-10 -0.0033211853 0 -0.00012104939 0 0)
(4.3884118e-10 -0.0055428918 0 -0.00033697505 0 0)
(4.5270686e-10 -0.0077661862 0 -0.00066139674 0 0)
(3.4077193e-10 0.0077661863 0 -0.00066139677 0 0)
(5.6998233e-10 0.0055428918 0 -0.00033697511 0 0)
(-8.7171027e-11 0.0033211854 0 -0.00012104943 0 0)
(-8.0661359e-10 0.0011059344 0 -1.34278e-05 0 0)
(-8.202671e-10 -0.0011059344 0 -1.3427785e-05 0 0)
(-1.227908e-10 -0.0033211855 0 -0.0001210494 0 0)
(5.3584206e-10 -0.0055428918 0 -0.00033697507 0 0)
(3.2279809e-10 -0.0077661863 0 -0.00066139675 0 0)
(4.8767135e-10 0.007766186 0 -0.00066139674 0 0)
(5.0460333e-10 0.0055428919 0 -0.00033697514 0 0)
(-8.6234488e-11 0.0033211856 0 -0.00012104944 0 0)
(-8.2266946e-10 0.0011059345 0 -1.3427779e-05 0 0)
(-8.397261e-10 -0.0011059345 0 -1.3427763e-05 0 0)
(-1.2519299e-10 -0.0033211856 0 -0.00012104941 0 0)
(4.6470626e-10 -0.0055428919 0 -0.00033697509 0 0)
(4.7274584e-10 -0.007766186 0 -0.00066139672 0 0)
(3.64695e-10 0.0077661861 0 -0.00066139675 0 0)
(6.054434e-10 0.005542892 0 -0.00033697516 0 0)
(-8.8867227e-11 0.0033211858 0 -0.00012104946 0 0)
(-8.5439457e-10 0.0011059346 0 -1.3427756e-05 0 0)
(-8.7085543e-10 -0.0011059346 0 -1.3427738e-05 0 0)
(-1.3136838e-10 -0.0033211858 0 -0.00012104941 0 0)
(5.6402761e-10 -0.005542892 0 -0.00033697512 0 0)
(3.4309104e-10 -0.0077661861 0 -0.00066139673 0 0)
(5.1336883e-10 0.0077661858 0 -0.00066139673 0 0)
(5.4128159e-10 0.005542892 0 -0.00033697519 0 0)
(-8.7639556e-11 0.003321186 0 -0.00012104947 0 0)
(-8.7350443e-10 0.0011059347 0 -1.3427732e-05 0 0)
(-8.9332142e-10 -0.0011059347 0 -1.3427713e-05 0 0)
(-1.3359154e-10 -0.003321186 0 -0.00012104942 0 0)
(4.938784e-10 -0.005542892 0 -0.00033697514 0 0)
(4.946095e-10 -0.0077661858 0 -0.0006613967 0 0)
(3.9128928e-10 0.0077661858 0 -0.00066139673 0 0)
(6.4523525e-10 0.0055428921 0 -0.00033697522 0 0)
(-9.0838698e-11 0.0033211862 0 -0.00012104949 0 0)
(-9.0862181e-10 0.0011059348 0 -1.3427706e-05 0 0)
(-9.2787308e-10 -0.0011059348 0 -1.3427685e-05 0 0)
(-1.4028033e-10 -0.0033211862 0 -0.00012104943 0 0)
(5.9621479e-10 -0.0055428921 0 -0.00033697517 0 0)
(3.65659e-10 -0.0077661858 0 -0.00066139671 0 0)
(5.4214059e-10 0.0077661855 0 -0.00066139671 0 0)
(5.8283097e-10 0.0055428921 0 -0.00033697525 0 0)
(-8.9576819e-11 0.0033211864 0 -0.0001210495 0 0)
(-9.3188762e-10 0.0011059349 0 -1.3427678e-05 0 0)
(-9.5430685e-10 -0.0011059348 0 -1.3427656e-05 0 0)
(-1.422706e-10 -0.0033211864 0 -0.00012104944 0 0)
(5.2787529e-10 -0.0055428921 0 -0.0003369752 0 0)
(5.1924568e-10 -0.0077661855 0 -0.00066139668 0 0)
(4.2142444e-10 0.0077661856 0 -0.00066139672 0 0)
(6.9045139e-10 0.0055428922 0 -0.00033697529 0 0)
(-9.3634403e-11 0.0033211866 0 -0.00012104951 0 0)
(-9.7165519e-10 0.001105935 0 -1.3427647e-05 0 0)
(-9.9339052e-10 -0.001105935 0 -1.3427624e-05 0 0)
(-1.4939138e-10 -0.0033211866 0 -0.00012104946 0 0)
(6.3413196e-10 -0.0055428922 0 -0.00033697523 0 0)
(3.9160315e-10 -0.0077661856 0 -0.00066139669 0 0)
(5.749289e-10 0.0077661852 0 -0.00066139669 0 0)
(6.3042898e-10 0.0055428923 0 -0.00033697532 0 0)
(-9.2700287e-11 0.0033211868 0 -0.00012104953 0 0)
(-1.0004462e-09 0.0011059351 0 -1.3427614e-05 0 0)
(-1.0249632e-09 -0.0011059351 0 -1.3427589e-05 0 0)
(-1.5105624e-10 -0.0033211868 0 -0.00012104947 0 0)
(5.6866953e-10 -0.0055428923 0 -0.00033697526 0 0)
(5.4790733e-10 -0.0077661852 0 -0.00066139666 0 0)
(4.5613028e-10 0.0077661853 0 -0.0006613967 0 0)
(7.423467e-10 0.0055428924 0 -0.00033697536 0 0)
(-9.800724e-11 0.003321187 0 -0.00012104954 0 0)
(-1.0464162e-09 0.0011059352 0 -1.3427577e-05 0 0)
(-1.0699334e-09 -0.0011059352 0 -1.3427552e-05 0 0)
(-1.5849015e-10 -0.003321187 0 -0.00012104948 0 0)
(6.7999113e-10 -0.0055428924 0 -0.0003369753 0 0)
(4.2235834e-10 -0.0077661853 0 -0.00066139667 0 0)
(6.1284592e-10 0.0077661849 0 -0.00066139667 0 0)
(6.8542477e-10 0.0055428924 0 -0.0003369754 0 0)
(-9.7865958e-11 0.0033211873 0 -0.00012104956 0 0)
(-1.0823906e-09 0.0011059353 0 -1.3427537e-05 0 0)
(-1.108055e-09 -0.0011059353 0 -1.3427511e-05 0 0)
(-1.5971111e-10 -0.0033211872 0 -0.00012104949 0 0)
(6.1873354e-10 -0.0055428924 0 -0.00033697533 0 0)
(5.8220719e-10 -0.007766185 0 -0.00066139664 0 0)
(4.9661719e-10 0.0077661849 0 -0.00066139668 0 0)
(8.0237269e-10 0.0055428925 0 -0.00033697544 0 0)
(-1.0489813e-10 0.0033211875 0 -0.00012104957 0 0)
(-1.1364255e-09 0.0011059355 0 -1.3427493e-05 0 0)
(-1.16055e-09 -0.0011059354 0 -1.3427466e-05 0 0)
(-1.6732693e-10 -0.0033211875 0 -0.00012104951 0 0)
(7.3650984e-10 -0.0055428926 0 -0.00033697538 0 0)
(4.5974169e-10 -0.007766185 0 -0.00066139665 0 0)
(6.5719311e-10 0.0077661846 0 -0.00066139665 0 0)
(7.494013e-10 0.0055428926 0 -0.00033697549 0 0)
(-1.0608535e-10 0.0033211878 0 -0.00012104959 0 0)
(-1.1815281e-09 0.0011059356 0 -1.3427444e-05 0 0)
(-1.2068953e-09 -0.0011059356 0 -1.3427418e-05 0 0)
(-1.6799912e-10 -0.0033211877 0 -0.00012104952 0 0)
(6.810344e-10 -0.0055428926 0 -0.00033697542 0 0)
(6.2414772e-10 -0.0077661846 0 -0.00066139663 0 0)
(5.4430173e-10 0.0077661846 0 -0.00066139666 0 0)
(8.7226734e-10 0.0055428927 0 -0.00033697554 0 0)
(-1.1535452e-10 0.003321188 0 -0.0001210496 0 0)
(-1.2457881e-09 0.0011059358 0 -1.3427389e-05 0 0)
(-1.2688815e-09 -0.0011059357 0 -1.3427364e-05 0 0)
(-1.7571193e-10 -0.003321188 0 -0.00012104954 0 0)
(8.0686787e-10 -0.0055428927 0 -0.00033697547 0 0)
(5.0596156e-10 -0.0077661847 0 -0.00066139664 0 0)
(7.094989e-10 0.0077661842 0 -0.00066139664 0 0)
(8.2429079e-10 0.0055428927 0 -0.00033697559 0 0)
(-1.1840015e-10 0.0033211883 0 -0.00012104962 0 0)
(-1.3022149e-09 0.0011059359 0 -1.342733e-05 0 0)
(-1.3254141e-09 -0.0011059358 0 -1.3427306e-05 0 0)
(-1.758262e-10 -0.0033211883 0 -0.00012104956 0 0)
(7.5893312e-10 -0.0055428928 0 -0.00033697553 0 0)
(6.7610894e-10 -0.0077661843 0 -0.00066139662 0 0)
(6.00859e-10 0.0077661842 0 -0.00066139665 0 0)
(9.5420473e-10 0.0055428929 0 -0.00033697565 0 0)
(-1.3035705e-10 0.0033211886 0 -0.00012104963 0 0)
(-1.3791034e-09 0.0011059361 0 -1.3427263e-05 0 0)
(-1.3992303e-09 -0.001105936 0 -1.342724e-05 0 0)
(-1.8369967e-10 -0.0033211885 0 -0.00012104958 0 0)
(8.9454249e-10 -0.0055428929 0 -0.00033697559 0 0)
(5.6357449e-10 -0.0077661843 0 -0.00066139663 0 0)
(7.7158922e-10 0.0077661838 0 -0.00066139663 0 0)
(9.1256114e-10 0.0055428929 0 -0.00033697571 0 0)
(-1.3565353e-10 0.0033211889 0 -0.00012104965 0 0)
(-1.4492161e-09 0.0011059362 0 -1.342719e-05 0 0)
(-1.4682117e-09 -0.0011059362 0 -1.342717e-05 0 0)
(-1.8347444e-10 -0.0033211889 0 -0.0001210496 0 0)
(8.5594184e-10 -0.005542893 0 -0.00033697566 0 0)
(7.4076869e-10 -0.0077661839 0 -0.00066139661 0 0)
(6.6831581e-10 0.0077661838 0 -0.00066139664 0 0)
(1.0510216e-09 0.0055428931 0 -0.00033697578 0 0)
(-1.5053975e-10 0.0033211892 0 -0.00012104966 0 0)
(-1.5412724e-09 0.0011059364 0 -1.3427109e-05 0 0)
(-1.5566043e-09 -0.0011059363 0 -1.3427091e-05 0 0)
(-1.9186754e-10 -0.0033211892 0 -0.00012104962 0 0)
(1.0029871e-09 -0.0055428931 0 -0.00033697573 0 0)
(6.3536115e-10 -0.0077661839 0 -0.00066139663 0 0)
(8.4569183e-10 0.0077661833 0 -0.00066139662 0 0)
(1.0174784e-09 0.0055428931 0 -0.00033697585 0 0)
(-1.5815745e-10 0.0033211896 0 -0.00012104968 0 0)
(-1.6274557e-09 0.0011059366 0 -1.3427021e-05 0 0)
(-1.6405749e-09 -0.0011059365 0 -1.3427007e-05 0 0)
(-1.9192792e-10 -0.0033211895 0 -0.00012104964 0 0)
(9.7531528e-10 -0.0055428932 0 -0.00033697581 0 0)
(8.2092019e-10 -0.0077661835 0 -0.00066139661 0 0)
(7.4917199e-10 0.0077661833 0 -0.00066139664 0 0)
(1.1665024e-09 0.0055428933 0 -0.00033697593 0 0)
(-1.7582175e-10 0.0033211899 0 -0.00012104969 0 0)
(-1.7371737e-09 0.0011059368 0 -1.3426923e-05 0 0)
(-1.7466886e-09 -0.0011059367 0 -1.3426911e-05 0 0)
(-2.0166876e-10 -0.0033211899 0 -0.00012104967 0 0)
(1.1351381e-09 -0.0055428934 0 -0.0003369759 0 0)
(7.2407839e-10 -0.0077661834 0 -0.00066139663 0 0)
(9.3457301e-10 0.0077661828 0 -0.00066139662 0 0)
(1.1433789e-09 0.0055428934 0 -0.00033697601 0 0)
(-1.8530071e-10 0.0033211903 0 -0.00012104971 0 0)
(-1.8416167e-09 0.001105937 0 -1.3426818e-05 0 0)
(-1.8483729e-09 -0.0011059369 0 -1.3426811e-05 0 0)
(-2.0323885e-10 -0.0033211903 0 -0.00012104969 0 0)
(1.1194611e-09 -0.0055428934 0 -0.000336976 0 0)
(9.1916558e-10 -0.007766183 0 -0.00066139662 0 0)
(8.465384e-10 0.0077661828 0 -0.00066139664 0 0)
(1.305606e-09 0.0055428936 0 -0.00033697611 0 0)
(-2.0503364e-10 0.0033211907 0 -0.00012104973 0 0)
(-1.9711731e-09 0.0011059373 0 -1.3426701e-05 0 0)
(-1.9756199e-09 -0.0011059371 0 -1.3426694e-05 0 0)
(-2.1577012e-10 -0.0033211907 0 -0.00012104972 0 0)
(1.2927485e-09 -0.0055428936 0 -0.0003369761 0 0)
(8.3208305e-10 -0.0077661829 0 -0.00066139664 0 0)
(1.0416562e-09 0.0077661823 0 -0.00066139662 0 0)
(1.2957684e-09 0.0055428937 0 -0.00033697621 0 0)
(-2.1522466e-10 0.0033211912 0 -0.00012104975 0 0)
(-2.0955547e-09 0.0011059375 0 -1.3426578e-05 0 0)
(-2.0976673e-09 -0.0011059373 0 -1.3426575e-05 0 0)
(-2.2079687e-10 -0.0033211911 0 -0.00012104974 0 0)
(1.2891941e-09 -0.0055428937 0 -0.00033697622 0 0)
(1.0374793e-09 -0.0077661825 0 -0.00066139664 0 0)
(9.6419436e-10 0.0077661822 0 -0.00066139665 0 0)
(1.474368e-09 0.0055428938 0 -0.00033697633 0 0)
(-2.3571876e-10 0.0033211917 0 -0.00012104977 0 0)
(-2.2463878e-09 0.0011059377 0 -1.3426441e-05 0 0)
(-2.2493069e-09 -0.0011059376 0 -1.3426435e-05 0 0)
(-2.3818763e-10 -0.0033211916 0 -0.00012104977 0 0)
(1.475591e-09 -0.0055428939 0 -0.00033697634 0 0)
(9.6081622e-10 -0.0077661823 0 -0.00066139666 0 0)
(1.1709851e-09 0.0077661817 0 -0.00066139663 0 0)
(1.4808546e-09 0.005542894 0 -0.00033697645 0 0)
(-2.4481155e-10 0.0033211922 0 -0.0001210498 0 0)
(-2.3913895e-09 0.001105938 0 -1.3426298e-05 0 0)
(-2.3936885e-09 -0.0011059379 0 -1.3426296e-05 0 0)
(-2.4923294e-10 -0.0033211921 0 -0.00012104979 0 0)
(1.4828794e-09 -0.005542894 0 -0.00033697646 0 0)
(1.1766362e-09 -0.0077661818 0 -0.00066139666 0 0)
(1.1063383e-09 0.0077661815 0 -0.00066139666 0 0)
(1.6789401e-09 0.0055428942 0 -0.00033697659 0 0)
(-2.6442503e-10 0.0033211927 0 -0.00012104983 0 0)
(-2.5634869e-09 0.0011059383 0 -1.3426143e-05 0 0)
(-2.571805e-09 -0.0011059381 0 -1.342613e-05 0 0)
(-2.738809e-10 -0.0033211926 0 -0.00012104982 0 0)
(1.6805714e-09 -0.0055428942 0 -0.0003369766 0 0)
(1.1101326e-09 -0.0077661816 0 -0.00066139669 0 0)
(1.3267129e-09 0.0077661809 0 -0.00066139666 0 0)
(1.7037646e-09 0.0055428943 0 -0.00033697674 0 0)
(-2.703597e-10 0.0033211933 0 -0.00012104987 0 0)
(-2.727955e-09 0.0011059386 0 -1.3425981e-05 0 0)
(-2.7385652e-09 -0.0011059384 0 -1.3425971e-05 0 0)
(-2.9350828e-10 -0.0033211932 0 -0.00012104984 0 0)
(1.6954743e-09 -0.0055428943 0 -0.00033697674 0 0)
(1.3354802e-09 -0.0077661811 0 -0.00066139669 0 0)
(1.2765576e-09 0.0077661807 0 -0.00066139669 0 0)
(1.9228228e-09 0.0055428945 0 -0.0003369769 0 0)
(-2.8786853e-10 0.0033211939 0 -0.0001210499 0 0)
(-2.9185214e-09 0.001105939 0 -1.342581e-05 0 0)
(-2.9419522e-09 -0.0011059387 0 -1.3425781e-05 0 0)
(-3.2727079e-10 -0.0033211938 0 -0.00012104987 0 0)
(1.9006973e-09 -0.0055428945 0 -0.00033697688 0 0)
(1.2773945e-09 -0.0077661808 0 -0.00066139672 0 0)
(1.5114997e-09 0.0077661801 0 -0.00066139669 0 0)
(1.9642531e-09 0.0055428947 0 -0.00033697707 0 0)
(-2.8924953e-10 0.0033211946 0 -0.00012104995 0 0)
(-3.0979803e-09 0.0011059393 0 -1.3425636e-05 0 0)
(-3.1269481e-09 -0.0011059391 0 -1.3425607e-05 0 0)
(-3.5648897e-10 -0.0033211945 0 -0.00012104988 0 0)
(1.9173178e-09 -0.0055428947 0 -0.00033697703 0 0)
(1.5098839e-09 -0.0077661803 0 -0.00066139671 0 0)
(1.4751328e-09 0.0077661798 0 -0.00066139673 0 0)
(2.200913e-09 0.0055428949 0 -0.00033697725 0 0)
(-3.0508974e-10 0.0033211952 0 -0.00012105 0 0)
(-3.2990454e-09 0.0011059397 0 -1.3425455e-05 0 0)
(-3.3474092e-09 -0.0011059394 0 -1.3425401e-05 0 0)
(-3.9888332e-10 -0.0033211951 0 -0.00012104991 0 0)
(2.1236706e-09 -0.0055428949 0 -0.00033697718 0 0)
(1.4560286e-09 -0.0077661799 0 -0.00066139673 0 0)
(1.7227172e-09 0.0077661791 0 -0.00066139672 0 0)
(2.2483371e-09 0.0055428951 0 -0.00033697744 0 0)
(-3.0242021e-10 0.003321196 0 -0.00012105006 0 0)
(-3.483469e-09 0.0011059401 0 -1.3425279e-05 0 0)
(-3.5392616e-09 -0.0011059399 0 -1.3425222e-05 0 0)
(-4.3399109e-10 -0.0033211959 0 -0.00012104993 0 0)
(2.1323697e-09 -0.0055428952 0 -0.00033697733 0 0)
(1.6909778e-09 -0.0077661793 0 -0.00066139672 0 0)
(1.6931818e-09 0.0077661788 0 -0.00066139676 0 0)
(2.4887351e-09 0.0055428953 0 -0.00033697762 0 0)
(-3.201272e-10 0.0033211967 0 -0.00012105012 0 0)
(-3.6784549e-09 0.0011059405 0 -1.3425105e-05 0 0)
(-3.7570078e-09 -0.0011059402 0 -1.3425022e-05 0 0)
(-4.7894788e-10 -0.0033211966 0 -0.00012104996 0 0)
(2.3299207e-09 -0.0055428954 0 -0.00033697747 0 0)
(1.6328599e-09 -0.0077661789 0 -0.00066139673 0 0)
(1.9448356e-09 0.007766178 0 -0.00066139674 0 0)
(2.514716e-09 0.0055428955 0 -0.0003369778 0 0)
(-3.1675032e-10 0.0033211975 0 -0.00012105018 0 0)
(-3.8503741e-09 0.0011059409 0 -1.3424948e-05 0 0)
(-3.9363411e-09 -0.0011059408 0 -1.3424856e-05 0 0)
(-5.0568734e-10 -0.0033211975 0 -0.00012105 0 0)
(2.3161269e-09 -0.0055428956 0 -0.00033697761 0 0)
(1.8618935e-09 -0.0077661783 0 -0.00066139669 0 0)
(1.9017166e-09 0.0077661776 0 -0.00066139675 0 0)
(2.7261483e-09 0.0055428958 0 -0.00033697795 0 0)
(-3.4385145e-10 0.0033211983 0 -0.00012105025 0 0)
(-4.0118045e-09 0.0011059412 0 -1.3424803e-05 0 0)
(-4.1173176e-09 -0.0011059412 0 -1.3424699e-05 0 0)
(-5.3607219e-10 -0.0033211983 0 -0.00012105005 0 0)
(2.4914956e-09 -0.0055428959 0 -0.00033697773 0 0)
(1.7832055e-09 -0.0077661778 0 -0.00066139667 0 0)
(2.1366503e-09 0.0077661768 0 -0.00066139669 0 0)
(2.6806218e-09 0.0055428959 0 -0.00033697807 0 0)
(-3.4480591e-10 0.0033211992 0 -0.0001210503 0 0)
(-4.1489604e-09 0.0011059416 0 -1.3424691e-05 0 0)
(-4.2620333e-09 -0.0011059418 0 -1.3424564e-05 0 0)
(-5.1923524e-10 -0.0033211992 0 -0.00012105014 0 0)
(2.4370613e-09 -0.0055428961 0 -0.00033697783 0 0)
(1.9924692e-09 -0.0077661772 0 -0.0006613966 0 0)
(2.0349521e-09 0.0077661763 0 -0.00066139663 0 0)
(2.8065729e-09 0.0055428962 0 -0.00033697812 0 0)
(-3.9095427e-10 0.0033211999 0 -0.00012105037 0 0)
(-4.2372125e-09 0.0011059421 0 -1.3424609e-05 0 0)
(-4.3188361e-09 -0.0011059425 0 -1.3424544e-05 0 0)
(-4.9866802e-10 -0.0033212002 0 -0.00012105025 0 0)
(2.5803585e-09 -0.0055428963 0 -0.00033697793 0 0)
(1.8636234e-09 -0.0077661767 0 -0.00066139651 0 0)
(2.215782e-09 0.0077661756 0 -0.0006613965 0 0)
(2.6266563e-09 0.0055428963 0 -0.00033697813 0 0)
(-3.9528692e-10 0.0033212008 0 -0.00012105041 0 0)
(-4.3094752e-09 0.0011059426 0 -1.3424588e-05 0 0)
(-4.3020962e-09 -0.0011059425 0 -1.3424564e-05 0 0)
(-3.6464402e-10 -0.0033212012 0 -0.00012105048 0 0)
(2.4782681e-09 -0.0055428965 0 -0.00033697798 0 0)
(2.0344428e-09 -0.007766176 0 -0.00066139639 0 0)
(1.9748459e-09 0.0077661751 0 -0.0006613963 0 0)
(2.612171e-09 0.0055428965 0 -0.00033697801 0 0)
(-4.6216615e-10 0.0033212016 0 -0.00012105049 0 0)
(-4.3606864e-09 0.0011059429 0 -1.3424524e-05 0 0)
(-4.2331298e-09 -0.0011059441 0 -1.3424705e-05 0 0)
(-2.2934075e-10 -0.0033212022 0 -0.00012105071 0 0)
(2.6162215e-09 -0.0055428967 0 -0.00033697808 0 0)
(1.8082794e-09 -0.0077661756 0 -0.00066139618 0 0)
(2.0559798e-09 0.0077661745 0 -0.00066139602 0 0)
(2.2705464e-09 0.0055428965 0 -0.0003369779 0 0)
(-4.4035026e-10 0.0033212026 0 -0.00012105053 0 0)
(-4.4839911e-09 0.0011059436 0 -1.3424479e-05 0 0)
(-4.1656577e-09 -0.001105944 0 -1.3424756e-05 0 0)
(1.6375976e-10 -0.0033212033 0 -0.00012105121 0 0)
(2.5279249e-09 -0.0055428969 0 -0.00033697816 0 0)
(1.9306952e-09 -0.007766175 0 -0.00066139599 0 0)
(1.5673189e-09 0.0077661741 0 -0.00066139558 0 0)
(2.1690496e-09 0.0055428968 0 -0.00033697766 0 0)
(-4.9636817e-10 0.0033212035 0 -0.00012105068 0 0)
(-4.7046056e-09 0.001105944 0 -1.3424222e-05 0 0)
(-4.165189e-09 -0.0011059464 0 -1.3424854e-05 0 0)
(5.0500435e-10 -0.0033212045 0 -0.00012105167 0 0)
(2.8311853e-09 -0.005542897 0 -0.00033697842 0 0)
(1.5548066e-09 -0.0077661746 0 -0.00066139561 0 0)
(1.5419632e-09 0.0077661737 0 -0.00066139515 0 0)
(1.8509872e-09 0.0055428968 0 -0.00033697765 0 0)
(-3.4336185e-10 0.0033212049 0 -0.00012105083 0 0)
(-5.2650679e-09 0.0011059447 0 -1.3423767e-05 0 0)
(-4.4876059e-09 -0.0011059468 0 -1.342451e-05 0 0)
(1.4275153e-09 -0.0033212061 0 -0.00012105273 0 0)
(3.0438386e-09 -0.0055428971 0 -0.00033697886 0 0)
(1.6766307e-09 -0.0077661741 0 -0.00066139536 0 0)
(7.5018398e-10 0.0077661737 0 -0.00066139443 0 0)
(2.1094535e-09 0.0055428972 0 -0.00033697775 0 0)
(-2.9240358e-10 0.0033212064 0 -0.00012105117 0 0)
(-6.3738652e-09 0.0011059455 0 -1.3422612e-05 0 0)
(-5.3208151e-09 -0.00110595 0 -1.34238e-05 0 0)
(2.1078265e-09 -0.0033212083 0 -0.00012105363 0 0)
(4.1071967e-09 -0.0055428973 0 -0.00033697986 0 0)
(1.1709123e-09 -0.0077661738 0 -0.00066139485 0 0)
(7.7197777e-10 0.0077661735 0 -0.00066139396 0 0)
(2.5736693e-09 0.0055428975 0 -0.00033697865 0 0)
(2.0529459e-10 0.0033212088 0 -0.00012105168 0 0)
(-8.2982783e-09 0.0011059468 0 -1.342081e-05 0 0)
(-7.281922e-09 -0.0011059514 0 -1.3421869e-05 0 0)
(3.9539473e-09 -0.0033212118 0 -0.00012105564 0 0)
(5.4491725e-09 -0.0055428976 0 -0.0003369816 0 0)
(1.5033458e-09 -0.0077661733 0 -0.00066139468 0 0)
(-4.4483192e-11 0.0077661737 0 -0.00066139323 0 0)
(4.7019493e-09 0.0055428986 0 -0.00033698063 0 0)
(5.8646659e-10 0.0033212127 0 -0.00012105252 0 0)
(-1.2620579e-08 0.0011059493 0 -1.3416472e-05 0 0)
(-1.2375011e-08 -0.0011059567 0 -1.341685e-05 0 0)
(5.2422149e-09 -0.0033212166 0 -0.0001210574 0 0)
(8.9628124e-09 -0.0055428983 0 -0.00033698501 0 0)
(1.2313442e-09 -0.0077661729 0 -0.00066139438 0 0)
(5.5303188e-10 0.0077661734 0 -0.00066139317 0 0)
(7.8551478e-09 0.0055428999 0 -0.00033698448 0 0)
(1.8277954e-09 0.0033212199 0 -0.00012105397 0 0)
(-2.1116326e-08 0.0011059546 0 -1.3408146e-05 0 0)
(-1.8846277e-08 -0.0011059617 0 -1.3410585e-05 0 0)
(8.2556541e-09 -0.0033212256 0 -0.00012106064 0 0)
(1.3254574e-08 -0.0055428992 0 -0.00033699008 0 0)
(2.3337963e-09 -0.0077661719 0 -0.00066139473 0 0)
(1.0549211e-09 0.0077661729 0 -0.00066139367 0 0)
(1.6126522e-08 0.0055429029 0 -0.00033699278 0 0)
(2.9667821e-09 0.00332123 0 -0.00012105585 0 0)
(-3.410477e-08 0.0011059633 0 -1.3395301e-05 0 0)
(-3.2750645e-08 -0.0011059713 0 -1.3396565e-05 0 0)
(1.0549377e-08 -0.0033212372 0 -0.00012106402 0 0)
(2.3280955e-08 -0.0055429017 0 -0.00033699997 0 0)
(3.6645268e-09 -0.00776617 0 -0.00066139597 0 0)
(3.5781884e-09 0.0077661709 0 -0.00066139521 0 0)
(2.5559704e-08 0.0055429059 0 -0.00033700333 0 0)
(5.3382245e-09 0.0033212494 0 -0.00012105899 0 0)
(-5.7251688e-08 0.0011059767 0 -1.3372186e-05 0 0)
(-5.1140234e-08 -0.0011059838 0 -1.3378773e-05 0 0)
(1.4725269e-08 -0.0033212589 0 -0.00012106853 0 0)
(3.4170263e-08 -0.0055429042 0 -0.00033701241 0 0)
(6.8857804e-09 -0.0077661669 0 -0.00066139788 0 0)
(8.9090396e-09 0.0077661661 0 -0.0006614001 0 0)
(4.8099701e-08 0.0055429136 0 -0.00033702652 0 0)
(8.3959627e-09 0.0033212753 0 -0.00012106346 0 0)
(-8.459401e-08 0.001105994 0 -1.3345348e-05 0 0)
(-8.2977586e-08 -0.0011060031 0 -1.3346481e-05 0 0)
(1.8200616e-08 -0.0033212852 0 -0.00012107436 0 0)
(5.9264817e-08 -0.0055429111 0 -0.0003370374 0 0)
(1.3063121e-08 -0.0077661597 0 -0.00066140369 0 0)
(1.6446011e-08 0.0077661591 0 -0.00066140599 0 0)
(6.9659891e-08 0.0055429194 0 -0.00033704985 0 0)
(1.2172325e-08 0.0033213193 0 -0.00012106912 0 0)
(-1.3072816e-07 0.0011060205 0 -1.3298977e-05 0 0)
(-1.2727167e-07 -0.0011060299 0 -1.3303473e-05 0 0)
(2.3218909e-08 -0.0033213334 0 -0.00012108003 0 0)
(8.3036944e-08 -0.0055429162 0 -0.0003370641 0 0)
(2.1376462e-08 -0.0077661509 0 -0.00066140958 0 0)
(3.1671262e-08 0.0077661418 0 -0.0006614197 0 0)
(1.2072448e-07 0.0055429362 0 -0.00033710268 0 0)
(1.7743723e-08 0.0033213723 0 -0.00012107712 0 0)
(-1.9176081e-07 0.0011060571 0 -1.3239084e-05 0 0)
(-1.9119893e-07 -0.0011060662 0 -1.3238468e-05 0 0)
(2.72815e-08 -0.0033213858 0 -0.00012108855 0 0)
(1.3563937e-07 -0.0055429312 0 -0.00033711691 0 0)
(3.7568671e-08 -0.0077661307 0 -0.00066142469 0 0)
(5.1249424e-08 0.0077661214 0 -0.00066143601 0 0)
(1.6347698e-07 0.0055429453 0 -0.00033714832 0 0)
(2.2796276e-08 0.0033214667 0 -0.00012108635 0 0)
(-2.7339246e-07 0.0011061054 0 -1.3156764e-05 0 0)
(-2.7996967e-07 -0.0011061173 0 -1.3151949e-05 0 0)
(3.1545423e-08 -0.0033214808 0 -0.00012109427 0 0)
(1.7892106e-07 -0.0055429398 0 -0.00033716511 0 0)
(5.6719036e-08 -0.0077661085 0 -0.00066143927 0 0)
(8.3055205e-08 0.0077660773 0 -0.0006614641 0 0)
(2.6029409e-07 0.0055429759 0 -0.00033724863 0 0)
(2.9921296e-08 0.0033215588 0 -0.00012109728 0 0)
(-3.8908054e-07 0.0011061739 0 -1.3043068e-05 0 0)
(-3.8912165e-07 -0.0011061785 0 -1.3040902e-05 0 0)
(3.467304e-08 -0.0033215748 0 -0.00012110493 0 0)
(2.7416007e-07 -0.0055429677 0 -0.00033726105 0 0)
(8.9750962e-08 -0.0077660616 0 -0.00066146957 0 0)
(1.2398693e-07 0.007766028 0 -0.0006614986 0 0)
(3.3266391e-07 0.0055429877 0 -0.0003373254 0 0)
(3.284961e-08 0.0033217306 0 -0.00012110782 0 0)
(-5.1239133e-07 0.0011062497 0 -1.2918427e-05 0 0)
(-5.3680307e-07 -0.0011062635 0 -1.2896633e-05 0 0)
(3.4142642e-08 -0.0033217391 0 -0.00012110716 0 0)
(3.4261826e-07 -0.0055429795 0 -0.00033733702 0 0)
(1.2854658e-07 -0.0077660116 0 -0.00066150008 0 0)
(1.8008639e-07 0.007765939 0 -0.00066154725 0 0)
(4.8827143e-07 0.0055430363 0 -0.00033748681 0 0)
(4.0770629e-08 0.0033218735 0 -0.00012112138 0 0)
(-7.0205761e-07 0.0011063639 0 -1.273167e-05 0 0)
(-6.9801779e-07 -0.0011063565 0 -1.2732621e-05 0 0)
(3.3610249e-08 -0.0033218905 0 -0.00012111802 0 0)
(4.9263501e-07 -0.0055430243 0 -0.00033748865 0 0)
(1.8403007e-07 -0.0077659191 0 -0.0006615497 0 0)
(2.4876099e-07 0.0077658388 0 -0.00066160422 0 0)
(5.8952625e-07 0.005543044 0 -0.00033759378 0 0)
(3.3964178e-08 0.0033221397 0 -0.00012112622 0 0)
(-8.57887e-07 0.0011064669 0 -1.2573784e-05 0 0)
(-9.1839722e-07 -0.0011064886 0 -1.2516713e-05 0 0)
(2.1461816e-08 -0.0033221439 0 -0.00012111071 0 0)
(5.8505745e-07 -0.0055430368 0 -0.00033759119 0 0)
(2.5172927e-07 -0.0077658217 0 -0.00066160352 0 0)
(3.3530457e-07 0.0077656803 0 -0.00066167726 0 0)
(8.0880493e-07 0.0055431169 0 -0.00033782198 0 0)
(4.0434521e-08 0.0033223376 0 -0.00012114052 0 0)
(-1.1333744e-06 0.0011066407 0 -1.2301901e-05 0 0)
(-1.1219395e-06 -0.0011066147 0 -1.230959e-05 0 0)
(1.3771348e-08 -0.0033223601 0 -0.00012111815 0 0)
(7.8733576e-07 -0.0055430993 0 -0.00033779664 0 0)
(3.328068e-07 -0.0077656624 0 -0.00066167344 0 0)
(4.2785236e-07 0.0077655091 0 -0.00066175107 0 0)
(9.2677668e-07 0.0055431075 0 -0.00033794652 0 0)
(1.9722579e-08 0.0033227048 0 -0.00012113571 0 0)
(-1.3058002e-06 0.0011067683 0 -1.2126501e-05 0 0)
(-1.407794e-06 -0.0011068011 0 -1.2028667e-05 0 0)
(-1.6870002e-08 -0.0033226958 0 -0.00012109497 0 0)
(8.855092e-07 -0.0055430988 0 -0.00033790612 0 0)
(4.2526845e-07 -0.0077654969 0 -0.00066174502 0 0)
(5.4743465e-07 0.0077652652 0 -0.000661849 0 0)
(1.1768413e-06 0.0055431932 0 -0.00033820914 0 0)
(-1.2249883e-11 0.0033230166 0 -0.00012112826 0 0)
(-1.6309186e-06 0.0011069964 0 -1.1804782e-05 0 0)
(-1.5895043e-06 -0.0011069318 0 -1.1843051e-05 0 0)
(-2.1477231e-08 -0.0033229297 0 -0.00012110667 0 0)
(1.1439896e-06 -0.0055431988 0 -0.00033817213 0 0)
(5.3866173e-07 -0.0077652543 0 -0.00066183965 0 0)
(6.5959594e-07 0.0077649962 0 -0.00066193333 0 0)
(1.2662628e-06 0.0055431824 0 -0.00033830418 0 0)
(-3.5361629e-08 0.0033233977 0 -0.00012111146 0 0)
(-1.7356318e-06 0.0011070981 0 -1.1697588e-05 0 0)
(-1.6921496e-06 -0.0011070626 0 -1.1745638e-05 0 0)
(-7.9389998e-08 -0.0033233382 0 -0.00012106046 0 0)
(1.2041698e-06 -0.0055431749 0 -0.00033824103 0 0)
(6.3563714e-07 -0.007765004 0 -0.0006619081 0 0)
(7.7258041e-07 0.0077646746 0 -0.00066201379 0 0)
(1.3389236e-06 0.0055431971 0 -0.00033837927 0 0)
(-7.8108954e-08 0.003323695 0 -0.00012108213 0 0)
(-2.0247557e-06 0.0011073624 0 -1.1422624e-05 0 0)
(-1.9690424e-06 -0.0011072867 0 -1.1472613e-05 0 0)
(-1.1731459e-07 -0.0033236242 0 -0.0001210421 0 0)
(1.2943402e-06 -0.0055432075 0 -0.00033833288 0 0)
(7.4774593e-07 -0.0077646876 0 -0.00066199052 0 0)
(8.4775243e-07 0.0077643475 0 -0.00066205345 0 0)
(1.3700563e-06 0.0055432063 0 -0.00033840989 0 0)
(-1.1841322e-07 0.0033238632 0 -0.00012105254 0 0)
(-1.9616909e-06 0.0011074973 0 -1.1511733e-05 0 0)
(-2.033194e-06 -0.0011074811 0 -1.1440859e-05 0 0)
(-1.6820036e-07 -0.0033238492 0 -0.00012100056 0 0)
(1.3172583e-06 -0.005543213 0 -0.00033835673 0 0)
(8.2178582e-07 -0.007764369 0 -0.00066202879 0 0)
(8.9083107e-07 0.007764044 0 -0.00066207224 0 0)
(1.2114909e-06 0.0055431616 0 -0.00033824453 0 0)
(-1.8717145e-07 0.0033240748 0 -0.00012099656 0 0)
(-1.7467568e-06 0.0011075496 0 -1.1785972e-05 0 0)
(-1.7385456e-06 -0.0011075123 0 -1.1791423e-05 0 0)
(-2.3641368e-07 -0.0033240822 0 -0.00012094591 0 0)
(1.1660946e-06 -0.0055431871 0 -0.00033819751 0 0)
(8.6214186e-07 -0.0077640717 0 -0.00066204474 0 0)
(9.1387303e-07 0.0077637684 0 -0.00066208161 0 0)
(1.0323708e-06 0.0055432425 0 -0.00033802563 0 0)
(-2.9877585e-07 0.0033243331 0 -0.00012095088 0 0)
(-1.5796136e-06 0.0011076981 0 -1.2145123e-05 0 0)
(-1.600182e-06 -0.0011076643 0 -1.2110973e-05 0 0)
(-3.4088888e-07 -0.0033243235 0 -0.0001209196 0 0)
(9.6352682e-07 -0.0055432521 0 -0.00033794839 0 0)
(8.7758639e-07 -0.0077638147 0 -0.00066204781 0 0)
(9.2593688e-07 0.0077634713 0 -0.00066186272 0 0)
(6.7922627e-07 0.0055433999 0 -0.00033732621 0 0)
(-3.7994604e-07 0.0033246178 0 -0.00012112036 0 0)
(-1.2058911e-06 0.0011077926 0 -1.3474245e-05 0 0)
(-1.2198167e-06 -0.0011077557 0 -1.3446359e-05 0 0)
(-4.175931e-07 -0.0033245974 0 -0.00012112573 0 0)
(6.2852664e-07 -0.0055434222 0 -0.00033729643 0 0)
(8.8711851e-07 -0.0077635277 0 -0.00066183694 0 0)
(8.996882e-07 0.0077635407 0 -0.00066139642 0 0)
(6.0860051e-07 0.0055435039 0 -0.00033688309 0 0)
(-3.7478773e-07 0.0033245227 0 -0.00012121297 0 0)
(-1.1655785e-06 0.0011077263 0 -1.3983861e-05 0 0)
(-1.1823385e-06 -0.0011076844 0 -1.3935042e-05 0 0)
(-4.0985803e-07 -0.0033245151 0 -0.00012126217 0 0)
(5.5818141e-07 -0.0055435195 0 -0.00033685981 0 0)
(8.5973141e-07 -0.0077636083 0 -0.00066140265 0 0)
)
;

boundaryField
{
    left
    {
        type            fixedValue;
        value           uniform (0 0 0 0 0 0);
    }
    right
    {
        type            zeroGradient;
    }
    walls
    {
        type            zeroGradient;
    }
    frontAndBack
    {
        type            empty;
    }
}


// ************************************************************************* //
