/*--------------------------------*- C++ -*----------------------------------*\
| =========                 |                                                 |
| \\      /  F ield         | OpenFOAM: The Open Source CFD Toolbox           |
|  \\    /   O peration     | Version:  5.x                                   |
|   \\  /    A nd           | Web:      www.OpenFOAM.org                      |
|    \\/     M anipulation  |                                                 |
\*---------------------------------------------------------------------------*/
FoamFile
{
    version     2.0;
    format      ascii;
    class       volVectorField;
    location    "9";
    object      U;
}
// * * * * * * * * * * * * * * * * * * * * * * * * * * * * * * * * * * * * * //

dimensions      [0 1 -1 0 0 0 0];

internalField   nonuniform List<vector> 
1920
(
(-2.4347237e-07 1.4442891e-07 0)
(-5.3913891e-07 6.3361602e-08 0)
(-8.4332232e-07 -2.995039e-08 0)
(-4.029014e-07 -8.4625733e-08 0)
(4.0357692e-07 -8.5768684e-08 0)
(8.4372778e-07 -2.8914923e-08 0)
(5.393628e-07 6.2676272e-08 0)
(2.4340078e-07 1.4467407e-07 0)
(-6.697366e-08 2.3461999e-07 0)
(-1.128896e-06 4.3109643e-07 0)
(-1.7935621e-06 -6.6914007e-08 0)
(-9.1187427e-07 -6.2528347e-07 0)
(9.1346908e-07 -6.2309506e-07 0)
(1.7949456e-06 -6.8476082e-08 0)
(1.1291366e-06 4.3260907e-07 0)
(6.7265452e-08 2.3424422e-07 0)
(-1.2755052e-07 6.1912026e-07 0)
(-1.6709858e-06 9.9216798e-07 0)
(-2.544051e-06 -1.477902e-07 0)
(-1.2100199e-06 -1.4421711e-06 0)
(1.2124285e-06 -1.4451691e-06 0)
(2.5455089e-06 -1.4436148e-07 0)
(1.6720579e-06 9.9081566e-07 0)
(1.273369e-07 6.2007891e-07 0)
(-1.8189567e-07 1.1074064e-06 0)
(-2.1160569e-06 1.6719231e-06 0)
(-2.9709066e-06 -2.7710567e-07 0)
(-1.4754631e-06 -2.5023299e-06 0)
(1.4779731e-06 -2.4977469e-06 0)
(2.9730538e-06 -2.7970127e-07 0)
(2.1166441e-06 1.6755016e-06 0)
(1.8223895e-07 1.1069444e-06 0)
(-2.4630106e-07 1.7039394e-06 0)
(-2.3049414e-06 2.4377436e-06 0)
(-3.2801949e-06 -4.5723671e-07 0)
(-1.525855e-06 -3.6844894e-06 0)
(1.5284356e-06 -3.6887757e-06 0)
(3.2818362e-06 -4.5153272e-07 0)
(2.3060993e-06 2.4363489e-06 0)
(2.4618071e-07 1.7057265e-06 0)
(-2.4236349e-07 2.3479552e-06 0)
(-2.4140262e-06 3.2199472e-06 0)
(-3.2823583e-06 -6.4286877e-07 0)
(-1.6156495e-06 -4.9294962e-06 0)
(1.6176524e-06 -4.9234256e-06 0)
(3.2840675e-06 -6.4564887e-07 0)
(2.4145929e-06 3.225109e-06 0)
(2.4258721e-07 2.3477082e-06 0)
(-2.599672e-07 2.9858918e-06 0)
(-2.3002003e-06 4.0010803e-06 0)
(-3.238738e-06 -8.4258477e-07 0)
(-1.4967791e-06 -6.1492246e-06 0)
(1.4982208e-06 -6.1539101e-06 0)
(3.2397018e-06 -8.3566021e-07 0)
(2.3008304e-06 4.000044e-06 0)
(2.5997322e-07 2.9882248e-06 0)
(-2.2260964e-07 3.5944012e-06 0)
(-2.1705596e-06 4.7311952e-06 0)
(-2.9536316e-06 -1.0209564e-06 0)
(-1.4495469e-06 -7.3127295e-06 0)
(1.4501559e-06 -7.3062988e-06 0)
(2.9541295e-06 -1.0234555e-06 0)
(2.1708047e-06 4.7369696e-06 0)
(2.2262492e-07 3.5944056e-06 0)
(-2.1194297e-07 4.1402402e-06 0)
(-1.8968642e-06 5.4036805e-06 0)
(-2.6864604e-06 -1.1915118e-06 0)
(-1.2453054e-06 -8.3589404e-06 0)
(1.2451045e-06 -8.3633094e-06 0)
(2.6863829e-06 -1.1846116e-06 0)
(1.8967466e-06 5.403024e-06 0)
(2.1204125e-07 4.1426468e-06 0)
(-1.6486443e-07 4.618118e-06 0)
(-1.6528934e-06 5.9887059e-06 0)
(-2.2809752e-06 -1.3282616e-06 0)
(-1.1206667e-06 -9.2869009e-06 0)
(1.1197646e-06 -9.2810996e-06 0)
(2.2802021e-06 -1.3303134e-06 0)
(1.6527422e-06 5.9940523e-06 0)
(1.647054e-07 4.6182475e-06 0)
(-1.4205215e-07 5.0150075e-06 0)
(-1.3443672e-06 6.4915439e-06 0)
(-1.9320847e-06 -1.4485439e-06 0)
(-9.0493435e-07 -1.0064378e-05 0)
(9.0332136e-07 -1.0068016e-05 0)
(1.9310806e-06 -1.4427054e-06 0)
(1.343653e-06 6.4910718e-06 0)
(1.4219307e-07 5.0170624e-06 0)
(-1.0163133e-07 5.3374524e-06 0)
(-1.0868464e-06 6.9006328e-06 0)
(-1.5370752e-06 -1.5356622e-06 0)
(-7.5709188e-07 -1.070948e-05 0)
(7.5508499e-07 -1.0704916e-05 0)
(1.535417e-06 -1.5373481e-06 0)
(1.0863866e-06 6.9048028e-06 0)
(1.0138729e-07 5.3375453e-06 0)
(-7.8079424e-08 5.5853922e-06 0)
(-8.2399117e-07 7.2300103e-06 0)
(-1.2111399e-06 -1.6066926e-06 0)
(-5.772519e-07 -1.1213327e-05 0)
(5.7477197e-07 -1.1216139e-05 0)
(1.2095421e-06 -1.6025015e-06 0)
(8.2296597e-07 7.2294627e-06 0)
(7.8216665e-08 5.5868455e-06 0)
(-5.0570947e-08 5.7716707e-06 0)
(-6.1290761e-07 7.4799393e-06 0)
(-9.0153677e-07 -1.6517632e-06 0)
(-4.4589675e-07 -1.160441e-05 0)
(4.4327458e-07 -1.1601281e-05 0)
(8.9943824e-07 -1.6533037e-06 0)
(6.1225418e-07 7.4825804e-06 0)
(5.0324047e-08 5.7715956e-06 0)
(-3.228999e-08 5.902559e-06 0)
(-4.2895723e-07 7.6679435e-06 0)
(-6.5405605e-07 -1.6855854e-06 0)
(-3.2080295e-07 -1.188719e-05 0)
(3.1789727e-07 -1.1889315e-05 0)
(6.5213444e-07 -1.6832086e-06 0)
(4.2783777e-07 7.6670679e-06 0)
(3.2390816e-08 5.90333e-06 0)
(-1.7518927e-08 5.9916923e-06 0)
(-2.8586199e-07 7.7994259e-06 0)
(-4.5095201e-07 -1.7022822e-06 0)
(-2.2463109e-07 -1.2090666e-05 0)
(2.2168189e-07 -1.2088888e-05 0)
(4.4867402e-07 -1.7039656e-06 0)
(2.8507187e-07 7.8004784e-06 0)
(1.7312227e-08 5.9913492e-06 0)
(-6.0230664e-09 6.0465519e-06 0)
(-1.7901518e-07 7.890875e-06 0)
(-2.9282413e-07 -1.7132554e-06 0)
(-1.5165063e-07 -1.2224063e-05 0)
(1.4852662e-07 -1.222577e-05 0)
(2.9068853e-07 -1.7126169e-06 0)
(1.7788625e-07 7.8894316e-06 0)
(6.0709327e-09 6.0466487e-06 0)
(-6.2005919e-10 6.0781813e-06 0)
(-9.7851757e-08 7.9480553e-06 0)
(-1.8173329e-07 -1.7146969e-06 0)
(-9.1690282e-08 -1.2310835e-05 0)
(8.8541038e-08 -1.2310183e-05 0)
(1.7936313e-07 -1.7168223e-06 0)
(9.6938343e-08 7.9475838e-06 0)
(4.6050287e-10 6.0774797e-06 0)
(5.3344697e-09 6.0924176e-06 0)
(-4.841427e-08 7.9837286e-06 0)
(-9.6442339e-08 -1.7145586e-06 0)
(-5.745228e-08 -1.2359302e-05 0)
(5.4195421e-08 -1.2360869e-05 0)
(9.4153208e-08 -1.7155022e-06 0)
(4.7291693e-08 7.9814961e-06 0)
(-5.3397305e-09 6.0918663e-06 0)
(5.2854831e-09 6.096583e-06 0)
(-1.0725921e-08 8.0018815e-06 0)
(-4.8589921e-08 -1.7101005e-06 0)
(-2.5117794e-08 -1.2385415e-05 0)
(2.1864751e-08 -1.2385673e-05 0)
(4.6191049e-08 -1.7129247e-06 0)
(9.7186335e-09 7.9999773e-06 0)
(-5.4072659e-09 6.0954415e-06 0)
(7.865691e-09 6.0940994e-06 0)
(4.1989888e-09 8.0109032e-06 0)
(-1.0614639e-08 -1.7063164e-06 0)
(-1.4562906e-08 -1.2394466e-05 0)
(1.1326035e-08 -1.2396118e-05 0)
(8.285462e-09 -1.708678e-06 0)
(-5.2856957e-09 8.0077198e-06 0)
(-7.9113958e-09 6.0929259e-06 0)
(5.4077572e-09 6.0889873e-06 0)
(1.7439255e-08 8.012747e-06 0)
(1.6717435e-09 -1.7011366e-06 0)
(9.0602889e-10 -1.2395713e-05 0)
(-4.0328493e-09 -1.2396685e-05 0)
(-3.9505481e-09 -1.7048113e-06 0)
(-1.8454313e-08 8.0095211e-06 0)
(-5.4998967e-09 6.0873585e-06 0)
(6.499549e-09 6.082694e-06 0)
(1.5819198e-08 8.0121438e-06 0)
(1.4782834e-08 -1.6973977e-06 0)
(-4.2367657e-10 -1.239154e-05 0)
(-2.5160454e-09 -1.239341e-05 0)
(-1.6928624e-08 -1.700994e-06 0)
(-1.6787399e-08 8.0079647e-06 0)
(-6.5652417e-09 6.0809456e-06 0)
(3.4408096e-09 6.076987e-06 0)
(1.8426323e-08 8.0096142e-06 0)
(1.1131855e-08 -1.6935638e-06 0)
(6.7990637e-09 -1.2386548e-05 0)
(-9.46982e-09 -1.2388076e-05 0)
(-1.3057138e-08 -1.6980921e-06 0)
(-1.9319001e-08 8.0052424e-06 0)
(-3.504121e-09 6.0748885e-06 0)
(4.2071847e-09 6.0721472e-06 0)
(1.1174326e-08 8.0074347e-06 0)
(1.4212416e-08 -1.6911099e-06 0)
(8.9695738e-10 -1.2381225e-05 0)
(-3.1910705e-09 -1.2383338e-05 0)
(-1.5910084e-08 -1.6957005e-06 0)
(-1.1911644e-08 8.0023693e-06 0)
(-4.2718571e-09 6.0699196e-06 0)
(1.3490511e-09 6.0687129e-06 0)
(1.0906786e-08 8.0054053e-06 0)
(5.664291e-09 -1.6889526e-06 0)
(5.1476666e-09 -1.2377483e-05 0)
(-7.0289974e-09 -1.2379407e-05 0)
(-6.9954764e-09 -1.6941822e-06 0)
(-1.1548084e-08 8.0001583e-06 0)
(-1.379743e-09 6.0662388e-06 0)
(2.2997504e-09 6.0664694e-06 0)
(3.1860831e-09 8.0044372e-06 0)
(6.4238913e-09 -1.6878153e-06 0)
(-1.7120424e-09 -1.2374926e-05 0)
(3.4016166e-10 -1.2377231e-05 0)
(-7.4570007e-09 -1.69309e-06 0)
(-3.5984458e-09 7.998739e-06 0)
(-2.3476926e-09 6.0639125e-06 0)
(-1.5684302e-10 6.0654346e-06 0)
(3.3395811e-09 8.0041078e-06 0)
(-2.1850621e-09 -1.6869713e-06 0)
(2.0868376e-09 -1.2374189e-05 0)
(-2.9697006e-09 -1.2376349e-05 0)
(1.5987313e-09 -1.6926313e-06 0)
(-3.6488383e-09 7.9983389e-06 0)
(1.6137992e-10 6.0627396e-06 0)
(1.0901396e-09 6.0652894e-06 0)
(-3.1606654e-09 8.0047017e-06 0)
(-7.4107281e-10 -1.6867799e-06 0)
(-4.3971487e-09 -1.237463e-05 0)
(4.0663933e-09 -1.2377023e-05 0)
(4.6481855e-10 -1.6923835e-06 0)
(3.1111512e-09 7.9987144e-06 0)
(-1.1141038e-09 6.0625873e-06 0)
(-1.0251915e-09 6.065911e-06 0)
(-1.7525051e-09 8.00582e-06 0)
(-8.0129927e-09 -1.6867667e-06 0)
(-1.9842223e-10 -1.2376408e-05 0)
(3.420425e-10 -1.2378647e-05 0)
(8.1877558e-09 -1.6925316e-06 0)
(1.7867627e-09 7.9999148e-06 0)
(1.0629785e-09 6.063176e-06 0)
(4.606976e-10 6.0670371e-06 0)
(-6.9401106e-09 8.0075256e-06 0)
(-5.2662357e-09 -1.6871371e-06 0)
(-6.0790104e-09 -1.2378934e-05 0)
(6.7255363e-09 -1.2381294e-05 0)
(5.7005114e-09 -1.6927165e-06 0)
(7.2264472e-09 8.0016103e-06 0)
(-4.6147575e-10 6.0643754e-06 0)
(-1.4363878e-09 6.0685586e-06 0)
(-4.4500296e-09 8.0095171e-06 0)
(-1.1257079e-08 -1.6875749e-06 0)
(-1.4002132e-09 -1.2382256e-05 0)
(2.4281123e-09 -1.2384434e-05 0)
(1.208395e-08 -1.6931301e-06 0)
(4.7769557e-09 8.0038323e-06 0)
(1.5006842e-09 6.0659533e-06 0)
(1.9557846e-10 6.0703013e-06 0)
(-8.7246276e-09 8.0118161e-06 0)
(-7.4770327e-09 -1.6882309e-06 0)
(-6.8343871e-09 -1.2385918e-05 0)
(8.2507872e-09 -1.2388135e-05 0)
(8.4682689e-09 -1.6934841e-06 0)
(9.2700322e-09 8.0062861e-06 0)
(-1.7945429e-10 6.0678361e-06 0)
(-1.5854649e-09 6.0722079e-06 0)
(-5.5569926e-09 8.0142112e-06 0)
(-1.2628444e-08 -1.6888775e-06 0)
(-1.838059e-09 -1.2389987e-05 0)
(3.497699e-09 -1.2391995e-05 0)
(1.391782e-08 -1.6939703e-06 0)
(6.0869915e-09 8.0090257e-06 0)
(1.6667592e-09 6.0698632e-06 0)
(1.1847139e-10 6.0741731e-06 0)
(-9.3229504e-09 8.0167431e-06 0)
(-8.2412741e-09 -1.689652e-06 0)
(-7.0306032e-09 -1.2394129e-05 0)
(8.9362937e-09 -1.2396121e-05 0)
(9.5819738e-09 -1.6943615e-06 0)
(1.002685e-08 8.0118224e-06 0)
(-9.4012146e-11 6.0720116e-06 0)
(-1.6096267e-09 6.0761843e-06 0)
(-5.8138191e-09 8.0192594e-06 0)
(-1.295052e-08 -1.6903714e-06 0)
(-1.8883414e-09 -1.239845e-05 0)
(3.8898119e-09 -1.2400216e-05 0)
(1.4486647e-08 -1.6948376e-06 0)
(6.4458296e-09 8.0147492e-06 0)
(1.6981381e-09 6.0741789e-06 0)
(1.2092824e-10 6.0781772e-06 0)
(-9.3427162e-09 8.0218292e-06 0)
(-8.2825925e-09 -1.6911735e-06 0)
(-6.9819951e-09 -1.2402699e-05 0)
(9.0917653e-09 -1.2404419e-05 0)
(9.7629048e-09 -1.6952178e-06 0)
(1.0105473e-08 8.0176382e-06 0)
(-9.6329018e-11 6.0763727e-06 0)
(-1.5858973e-09 6.0801677e-06 0)
(-5.6996937e-09 8.0243306e-06 0)
(-1.2800314e-08 -1.6918955e-06 0)
(-1.8064546e-09 -1.2407013e-05 0)
(3.8824049e-09 -1.2408505e-05 0)
(1.4385763e-08 -1.6956631e-06 0)
(6.3426871e-09 8.0205683e-06 0)
(1.6734767e-09 6.0785289e-06 0)
(1.48136e-10 6.082111e-06 0)
(-9.1374638e-09 8.0268545e-06 0)
(-8.0422242e-09 -1.692679e-06 0)
(-6.8735295e-09 -1.241119e-05 0)
(8.9460528e-09 -1.2412625e-05 0)
(9.485891e-09 -1.6960258e-06 0)
(9.8771247e-09 8.0234178e-06 0)
(-1.2963953e-10 6.0806687e-06 0)
(-1.5501641e-09 6.0840382e-06 0)
(-5.4660404e-09 8.0292914e-06 0)
(-1.2494602e-08 -1.6933698e-06 0)
(-1.7199495e-09 -1.2415382e-05 0)
(3.661733e-09 -1.24166e-05 0)
(1.3976651e-08 -1.6964461e-06 0)
(6.0511974e-09 8.0262623e-06 0)
(1.6312119e-09 6.082751e-06 0)
(1.7742548e-10 6.0859118e-06 0)
(-8.8766265e-09 8.0317445e-06 0)
(-7.7366984e-09 -1.6941127e-06 0)
(-6.7845809e-09 -1.2419416e-05 0)
(8.6463615e-09 -1.2420582e-05 0)
(9.0183427e-09 -1.6968005e-06 0)
(9.53643e-09 8.0290123e-06 0)
(-1.6878362e-10 6.0848008e-06 0)
(-1.5157505e-09 6.0877693e-06 0)
(-5.2206437e-09 8.0341077e-06 0)
(-1.2172916e-08 -1.6947577e-06 0)
(-1.6710079e-09 -1.2423448e-05 0)
(3.3415982e-09 -1.2424418e-05 0)
(1.3452486e-08 -1.6972084e-06 0)
(5.7049461e-09 8.031735e-06 0)
(1.5872816e-09 6.0867901e-06 0)
(2.0203993e-10 6.0895752e-06 0)
(-8.6244886e-09 8.0364898e-06 0)
(-7.4478581e-09 -1.6954508e-06 0)
(-6.7322525e-09 -1.2427321e-05 0)
(8.2811161e-09 -1.242825e-05 0)
(8.4950149e-09 -1.6975652e-06 0)
(9.173062e-09 8.0343636e-06 0)
(-2.0470373e-10 6.0887424e-06 0)
(-1.4856668e-09 6.0913688e-06 0)
(-4.9968422e-09 8.0387848e-06 0)
(-1.1878325e-08 -1.6960455e-06 0)
(-1.658176e-09 -1.2431187e-05 0)
(2.9882143e-09 -1.2431947e-05 0)
(1.2906469e-08 -1.6979718e-06 0)
(5.3607739e-09 8.0369551e-06 0)
(1.5468526e-09 6.090638e-06 0)
(2.2169193e-10 6.0931142e-06 0)
(-8.3952649e-09 8.0411023e-06 0)
(-7.1914595e-09 -1.6966865e-06 0)
(-6.7056293e-09 -1.2434901e-05 0)
(7.9012336e-09 -1.2435638e-05 0)
(7.97708e-09 -1.6983384e-06 0)
(8.8224519e-09 8.0394591e-06 0)
(-2.3536877e-10 6.0924968e-06 0)
(-1.4591646e-09 6.0948507e-06 0)
(-4.7960379e-09 8.043336e-06 0)
(-1.1611052e-08 -1.6972316e-06 0)
(-1.6640248e-09 -1.2438608e-05 0)
(2.6386112e-09 -1.2439204e-05 0)
(1.2378744e-08 -1.6987496e-06 0)
(5.0383072e-09 8.0419219e-06 0)
(1.5106727e-09 6.0943044e-06 0)
(2.3798788e-10 6.0965418e-06 0)
(-8.1840221e-09 8.0455943e-06 0)
(-6.9577178e-09 -1.6978223e-06 0)
(-6.6861985e-09 -1.2442171e-05 0)
(7.5346344e-09 -1.2442763e-05 0)
(7.4884825e-09 -1.699129e-06 0)
(8.4949705e-09 8.0443062e-06 0)
(-2.6128569e-10 6.0960768e-06 0)
(-1.4346816e-09 6.0982257e-06 0)
(-4.6095203e-09 8.0477711e-06 0)
(-1.1357546e-08 -1.6983211e-06 0)
(-1.6697392e-09 -1.2445728e-05 0)
(2.3121446e-09 -1.2446208e-05 0)
(1.18834e-08 -1.6995467e-06 0)
(4.7410367e-09 8.0466478e-06 0)
(1.4780341e-09 6.0978034e-06 0)
(2.525944e-10 6.0998658e-06 0)
(-7.9813915e-09 8.0499721e-06 0)
(-6.7313567e-09 -1.6988654e-06 0)
(-6.6575954e-09 -1.244915e-05 0)
(7.1951826e-09 -1.2449642e-05 0)
(7.0355796e-09 -1.6999383e-06 0)
(8.1906864e-09 8.04892e-06 0)
(-2.8358759e-10 6.0994962e-06 0)
(-1.4109074e-09 6.1014991e-06 0)
(-4.4279209e-09 8.0520926e-06 0)
(-1.1103688e-08 -1.6993229e-06 0)
(-1.6610893e-09 -1.2452566e-05 0)
(2.0173798e-09 -1.245297e-05 0)
(1.1422527e-08 -1.700361e-06 0)
(4.4663747e-09 8.0511489e-06 0)
(1.4479674e-09 6.101148e-06 0)
(2.6670228e-10 6.1030891e-06 0)
(-7.7793412e-09 8.0542353e-06 0)
(-6.4997077e-09 -1.6998256e-06 0)
(-6.6089208e-09 -1.2455854e-05 0)
(6.8881338e-09 -1.2456285e-05 0)
(6.6169592e-09 -1.7007616e-06 0)
(7.9061308e-09 8.0533168e-06 0)
(-3.0335102e-10 6.1027672e-06 0)
(-1.3870172e-09 6.1046714e-06 0)
(-4.2443796e-09 8.0562977e-06 0)
(-1.0839415e-08 -1.7002471e-06 0)
(-1.6297375e-09 -1.2459135e-05 0)
(1.7563083e-09 -1.24595e-05 0)
(1.0993114e-08 -1.7011858e-06 0)
(4.2100306e-09 8.0554412e-06 0)
(1.419637e-09 6.1043493e-06 0)
(2.8100315e-10 6.1062104e-06 0)
(-7.5727007e-09 8.0583788e-06 0)
(-6.2548587e-09 -1.7007133e-06 0)
(-6.5348361e-09 -1.2462294e-05 0)
(6.6135744e-09 -1.2462696e-05 0)
(6.228149e-09 -1.7015911e-06 0)
(7.637137e-09 8.057512e-06 0)
(-3.2142051e-10 6.1058994e-06 0)
(-1.3626081e-09 6.1077404e-06 0)
(-4.0549652e-09 8.0603796e-06 0)
(-1.0559356e-08 -1.701104e-06 0)
(-1.5724617e-09 -1.2465444e-05 0)
(1.5270696e-09 -1.2465798e-05 0)
(1.0590344e-08 -1.7020128e-06 0)
(3.9677482e-09 8.059539e-06 0)
(1.392423e-09 6.1074155e-06 0)
(2.9581616e-10 6.1092268e-06 0)
(-7.3589776e-09 8.0623951e-06 0)
(-5.9933001e-09 -1.7015386e-06 0)
(-6.4343831e-09 -1.2468479e-05 0)
(6.3686888e-09 -1.2468876e-05 0)
(5.8638456e-09 -1.7024179e-06 0)
(7.3799231e-09 8.0615188e-06 0)
(-3.3840765e-10 6.1089e-06 0)
(-1.3375669e-09 6.1107025e-06 0)
(-3.8581269e-09 8.06433e-06 0)
(-1.0261983e-08 -1.7019033e-06 0)
(-1.4897292e-09 -1.2471501e-05 0)
(1.3257755e-09 -1.2471864e-05 0)
(1.0209157e-08 -1.7028329e-06 0)
(3.7359162e-09 8.0634541e-06 0)
(1.3659019e-09 6.110353e-06 0)
(3.112231e-10 6.1121343e-06 0)
(-7.1376705e-09 8.0662756e-06 0)
(-5.7147891e-09 -1.7023107e-06 0)
(-6.3095384e-09 -1.2474413e-05 0)
(6.1492783e-09 -1.2474823e-05 0)
(5.5189727e-09 -1.7032333e-06 0)
(7.1314383e-09 8.0653478e-06 0)
(-3.5473468e-10 6.1117744e-06 0)
(-1.3119537e-09 6.1135537e-06 0)
(-3.6539574e-09 8.0681406e-06 0)
(-9.948406e-09 -1.7026533e-06 0)
(-1.3842962e-09 -1.2477309e-05 0)
(1.1477334e-09 -1.2477696e-05 0)
(9.8449891e-09 -1.7036376e-06 0)
(3.5117238e-09 8.0671962e-06 0)
(1.3398059e-09 6.1131663e-06 0)
(3.2717137e-10 6.1149291e-06 0)
(-6.9095689e-09 8.0700123e-06 0)
(-5.4211825e-09 -1.7030373e-06 0)
(-6.1639477e-09 -1.24801e-05 0)
(5.950759e-09 -1.2480535e-05 0)
(5.1891647e-09 -1.7040294e-06 0)
(6.8894174e-09 8.0690074e-06 0)
(-3.7067899e-10 6.1145264e-06 0)
(-1.2859182e-09 6.1162906e-06 0)
(-3.4435546e-09 8.0718039e-06 0)
(-9.6213189e-09 -1.7033611e-06 0)
(-1.2600904e-09 -1.2482871e-05 0)
(9.8823246e-10 -1.248329e-05 0)
(9.4940866e-09 -1.7044198e-06 0)
(3.2931403e-09 8.0707726e-06 0)
(1.3139845e-09 6.1158585e-06 0)
(3.4354162e-10 6.1176081e-06 0)
(-6.6761972e-09 8.0735986e-06 0)
(-5.1154974e-09 -1.7037246e-06 0)
(-6.0019774e-09 -1.2485542e-05 0)
(5.7687762e-09 -1.2486007e-05 0)
(4.8709534e-09 -1.7047996e-06 0)
(6.6523205e-09 8.0725044e-06 0)
(-3.864097e-10 6.1171588e-06 0)
(-1.2596482e-09 6.1189104e-06 0)
(-3.2285479e-09 8.075314e-06 0)
(-9.2841918e-09 -1.7040322e-06 0)
(-1.1214236e-09 -1.2488191e-05 0)
(8.430059e-10 -1.2488644e-05 0)
(9.1536011e-09 -1.7051736e-06 0)
(3.0788254e-09 8.0741893e-06 0)
(1.2883737e-09 6.1184323e-06 0)
(3.6018849e-10 6.1201689e-06 0)
(-6.4394234e-09 8.0770295e-06 0)
(-4.8012427e-09 -1.7043776e-06 0)
(-5.8280797e-09 -1.2490742e-05 0)
(5.5995387e-09 -1.2491239e-05 0)
(4.5617854e-09 -1.7055389e-06 0)
(6.4192285e-09 8.0758439e-06 0)
(-4.0201581e-10 6.1196737e-06 0)
(-1.233338e-09 6.1214112e-06 0)
(-3.0107797e-09 8.0786669e-06 0)
(-8.9407293e-09 -1.704671e-06 0)
(-9.7249261e-10 -1.2493268e-05 0)
(7.0845709e-10 -1.2493757e-05 0)
(8.8215522e-09 -1.7058948e-06 0)
(2.8680137e-09 8.0774507e-06 0)
(1.2629709e-09 6.1208895e-06 0)
(3.7696341e-10 6.1226102e-06 0)
(-6.2012032e-09 8.0803016e-06 0)
(-4.4819843e-09 -1.7049999e-06 0)
(-5.6464122e-09 -1.2495702e-05 0)
(5.4399578e-09 -1.249623e-05 0)
(4.2599441e-09 -1.7062437e-06 0)
(6.1897235e-09 8.0790299e-06 0)
(-4.1752842e-10 6.122073e-06 0)
(-1.207173e-09 6.1237923e-06 0)
(-2.792103e-09 8.08186e-06 0)
(-8.5945294e-09 -1.7052805e-06 0)
(-8.1709958e-10 -1.2498107e-05 0)
(5.8172699e-10 -1.2498629e-05 0)
(8.496719e-09 -1.7065802e-06 0)
(2.660394e-09 8.0805607e-06 0)
(1.2378157e-09 6.1232319e-06 0)
(3.9372651e-10 6.1249318e-06 0)
(-5.9634236e-09 8.0834135e-06 0)
(-4.1610849e-09 -1.7055944e-06 0)
(-5.4606416e-09 -1.2500424e-05 0)
(5.2876578e-09 -1.250098e-05 0)
(3.9644209e-09 -1.7069117e-06 0)
(5.9637689e-09 8.082066e-06 0)
(-4.3293857e-10 6.1243584e-06 0)
(-1.1813206e-09 6.1260538e-06 0)
(-2.5742618e-09 8.0848926e-06 0)
(-8.2488904e-09 -1.7058633e-06 0)
(-6.5852342e-10 -1.250271e-05 0)
(4.6066163e-10 -1.250326e-05 0)
(8.1784997e-09 -1.7072282e-06 0)
(2.4559926e-09 8.0835225e-06 0)
(1.2129739e-09 6.1254611e-06 0)
(4.1035234e-10 6.1271343e-06 0)
(-5.7278139e-09 8.0863651e-06 0)
(-3.8415643e-09 -1.706163e-06 0)
(-5.2738699e-09 -1.2504911e-05 0)
(5.1409126e-09 -1.250549e-05 0)
(3.6747676e-09 -1.7075414e-06 0)
(5.7415998e-09 8.0849554e-06 0)
(-4.4821128e-10 6.1265315e-06 0)
(-1.1559275e-09 6.1281968e-06 0)
(-2.3588271e-09 8.0877655e-06 0)
(-7.9067149e-09 -1.7064208e-06 0)
(-4.994878e-10 -1.250708e-05 0)
(3.4372592e-10 -1.2507653e-05 0)
(7.8667634e-09 -1.7078377e-06 0)
(2.2550693e-09 8.0863391e-06 0)
(1.1885259e-09 6.1275791e-06 0)
(4.2673172e-10 6.129219e-06 0)
(-5.4959012e-09 8.0891579e-06 0)
(-3.5260379e-09 -1.7067071e-06 0)
(-5.0886345e-09 -1.2509168e-05 0)
(4.9985457e-09 -1.2509764e-05 0)
(3.3909506e-09 -1.7081325e-06 0)
(5.523626e-09 8.0877009e-06 0)
(-4.6329639e-10 6.1285944e-06 0)
(-1.1311187e-09 6.1302232e-06 0)
(-2.1471661e-09 8.0904808e-06 0)
(-7.5704764e-09 -1.7069542e-06 0)
(-3.4218488e-10 -1.2511222e-05 0)
(2.2989534e-10 -1.2511811e-05 0)
(7.5617107e-09 -1.7084089e-06 0)
(2.0580282e-09 8.0890135e-06 0)
(1.1645565e-09 6.1295877e-06 0)
(4.4277211e-10 6.1311882e-06 0)
(-5.268992e-09 8.0917945e-06 0)
(-3.2167037e-09 -1.7072275e-06 0)
(-4.9069496e-09 -1.2513198e-05 0)
(4.8598193e-09 -1.2513806e-05 0)
(3.1132195e-09 -1.7086853e-06 0)
(5.3103525e-09 8.0903057e-06 0)
(-4.7813711e-10 6.1305491e-06 0)
(-1.1069981e-09 6.1321353e-06 0)
(-1.940434e-09 8.0930415e-06 0)
(-7.2422218e-09 -1.7074642e-06 0)
(-1.8832656e-10 -1.251514e-05 0)
(1.1854574e-10 -1.251574e-05 0)
(7.2637528e-09 -1.7089423e-06 0)
(1.8653463e-09 8.0915489e-06 0)
(1.1411489e-09 6.1314893e-06 0)
(4.5839716e-10 6.1330447e-06 0)
(-5.0481721e-09 8.0942784e-06 0)
(-2.9153552e-09 -1.7077249e-06 0)
(-4.7303656e-09 -1.2517007e-05 0)
(4.7243297e-09 -1.2517621e-05 0)
(2.8419955e-09 -1.7092006e-06 0)
(5.1023165e-09 8.0927731e-06 0)
(-4.9267597e-10 6.1323981e-06 0)
(-1.0836494e-09 6.1339363e-06 0)
(-1.7395771e-09 8.0954517e-06 0)
(-6.9235943e-09 -1.7079515e-06 0)
(-3.9206944e-11 -1.251884e-05 0)
(9.3522789e-12 -1.2519445e-05 0)
(6.9734125e-09 -1.7094388e-06 0)
(1.677518e-09 8.0939486e-06 0)
(1.1183795e-09 6.1332865e-06 0)
(4.7354561e-10 6.1347917e-06 0)
(-4.8343145e-09 8.0966142e-06 0)
(-2.6234103e-09 -1.7081998e-06 0)
(-4.5600332e-09 -1.2520602e-05 0)
(4.5919134e-09 -1.2521216e-05 0)
(2.5777834e-09 -1.7096797e-06 0)
(4.9000404e-09 8.0951064e-06 0)
(-5.0685905e-10 6.1341441e-06 0)
(-1.0611376e-09 6.1356296e-06 0)
(-1.5453444e-09 8.0977161e-06 0)
(-6.6158672e-09 -1.7084163e-06 0)
(1.0423454e-10 -1.2522328e-05 0)
(-9.7796134e-11 -1.2522933e-05 0)
(6.6912474e-09 -1.7099e-06 0)
(1.4950139e-09 8.0962161e-06 0)
(1.0963148e-09 6.1349822e-06 0)
(4.8817007e-10 6.136433e-06 0)
(-4.6280934e-09 8.0988069e-06 0)
(-2.3419462e-09 -1.7086525e-06 0)
(-4.3967661e-09 -1.2523987e-05 0)
(4.462571e-09 -1.2524597e-05 0)
(2.3211041e-09 -1.7101241e-06 0)
(4.7039989e-09 8.0973093e-06 0)
(-5.2063875e-10 6.1357901e-06 0)
(-1.0395108e-09 6.1372191e-06 0)
(-1.3583026e-09 8.09984e-06 0)
(-6.3199814e-09 -1.7088591e-06 0)
(2.4135438e-10 -1.2525611e-05 0)
(-2.0286702e-10 -1.2526211e-05 0)
(6.4177938e-09 -1.7103274e-06 0)
(1.3182541e-09 8.0983553e-06 0)
(1.0750099e-09 6.1365794e-06 0)
(5.0223592e-10 6.1379724e-06 0)
(-4.4300019e-09 8.1008618e-06 0)
(-2.071737e-09 -1.7090833e-06 0)
(-4.2410984e-09 -1.2527171e-05 0)
(4.3364059e-09 -1.2527773e-05 0)
(2.0724462e-09 -1.7105355e-06 0)
(4.5145973e-09 8.0993858e-06 0)
(-5.3397528e-10 6.1373393e-06 0)
(-1.0188015e-09 6.1387089e-06 0)
(-1.1788526e-09 8.1018291e-06 0)
(-6.0365839e-09 -1.7092801e-06 0)
(3.717523e-10 -1.2528696e-05 0)
(-3.0573895e-10 -1.2529287e-05 0)
(6.1535274e-09 -1.7107228e-06 0)
(1.1475895e-09 8.1003702e-06 0)
(1.0545079e-09 6.1380814e-06 0)
(5.1571988e-10 6.1394141e-06 0)
(-4.2403695e-09 8.1027848e-06 0)
(-1.813291e-09 -1.7094926e-06 0)
(-4.0933343e-09 -1.2530161e-05 0)
(4.2135782e-09 -1.253075e-05 0)
(1.8322332e-09 -1.7109157e-06 0)
(4.3321592e-09 8.1013401e-06 0)
(-5.4683733e-10 6.138795e-06 0)
(-9.9902864e-10 6.1401031e-06 0)
(-1.0072483e-09 8.1036891e-06 0)
(-5.7660659e-09 -1.7096796e-06 0)
(4.952255e-10 -1.2531591e-05 0)
(-4.0624324e-10 -1.2532169e-05 0)
(5.8988387e-09 -1.711088e-06 0)
(9.8329329e-10 8.102265e-06 0)
(1.0348398e-09 6.1394917e-06 0)
(5.2860899e-10 6.1407624e-06 0)
(-4.0593815e-09 8.1045819e-06 0)
(-1.5668865e-09 -1.7098806e-06 0)
(-3.9535921e-09 -1.2532965e-05 0)
(4.0942692e-09 -1.2533538e-05 0)
(1.6008039e-09 -1.7112667e-06 0)
(4.1569212e-09 8.1031765e-06 0)
(-5.5920215e-10 6.1401609e-06 0)
(-9.8019868e-10 6.1414062e-06 0)
(-8.4361316e-10 8.1054262e-06 0)
(-5.5085984e-09 -1.7100579e-06 0)
(6.1172963e-10 -1.2534304e-05 0)
(-5.0419453e-10 -1.2534865e-05 0)
(5.6540191e-09 -1.7114249e-06 0)
(8.2555691e-10 8.1040442e-06 0)
(1.0160252e-09 6.140814e-06 0)
(5.4089917e-10 6.1420218e-06 0)
(-3.8870971e-09 8.106259e-06 0)
(-1.3326052e-09 -1.7102477e-06 0)
(-3.8218417e-09 -1.253559e-05 0)
(3.9786575e-09 -1.2536144e-05 0)
(1.3784016e-09 -1.7115902e-06 0)
(3.9890326e-09 8.1048995e-06 0)
(-5.7105543e-10 6.1414406e-06 0)
(-9.6230764e-10 6.1426224e-06 0)
(-6.8795898e-10 8.1070464e-06 0)
(-5.2641657e-09 -1.7104156e-06 0)
(7.2134517e-10 -1.2536842e-05 0)
(-5.9941229e-10 -1.2537384e-05 0)
(5.4192551e-09 -1.7117355e-06 0)
(6.7449132e-10 8.1057124e-06 0)
(9.9807288e-10 6.1420519e-06 0)
(5.525941e-10 6.1431965e-06 0)
(-3.7234676e-09 8.1078223e-06 0)
(-1.1103638e-09 -1.7105944e-06 0)
(-3.6979362e-09 -1.2538044e-05 0)
(3.8669019e-09 -1.2538578e-05 0)
(1.1651705e-09 -1.7118882e-06 0)
(3.828559e-09 8.1065136e-06 0)
(-5.823905e-10 6.1426377e-06 0)
(-9.4534255e-10 6.1437562e-06 0)
(-5.4020166e-10 8.1085557e-06 0)
(-5.0325964e-09 -1.7107529e-06 0)
(8.2424962e-10 -1.2539213e-05 0)
(-6.9173595e-10 -1.2539735e-05 0)
(5.1946293e-09 -1.7120214e-06 0)
(5.3013113e-10 8.107274e-06 0)
(9.8098207e-10 6.1432091e-06 0)
(5.6370417e-10 6.1442909e-06 0)
(-3.5683529e-09 8.1092778e-06 0)
(-8.99942e-10 -1.710921e-06 0)
(-3.5816386e-09 -1.2540336e-05 0)
(3.7591303e-09 -1.2540847e-05 0)
(9.6115815e-10 -1.7121624e-06 0)
(3.6754882e-09 8.1080235e-06 0)
(-5.9320777e-10 6.143756e-06 0)
(-9.2928274e-10 6.1448118e-06 0)
(-4.0017699e-10 8.10996e-06 0)
(-4.8135912e-09 -1.7110705e-06 0)
(9.2069359e-10 -1.2541425e-05 0)
(-7.8103429e-10 -1.2541926e-05 0)
(4.9801248e-09 -1.7122844e-06 0)
(3.9244038e-10 8.1087337e-06 0)
(9.647436e-10 6.1442893e-06 0)
(5.7424531e-10 6.1453092e-06 0)
(-3.4215375e-09 8.1106313e-06 0)
(-7.0100851e-10 -1.7112282e-06 0)
(-3.4726452e-09 -1.2542472e-05 0)
(3.6554339e-09 -1.2542961e-05 0)
(7.6632013e-10 -1.7124146e-06 0)
(3.5297378e-09 8.1094339e-06 0)
(-6.035137e-10 6.1447991e-06 0)
(-9.1410134e-10 6.1457934e-06 0)
(-2.6765514e-10 8.1112652e-06 0)
(-4.6067482e-09 -1.7113687e-06 0)
(1.0109812e-09 -1.2543487e-05 0)
(-8.6721076e-10 -1.2543965e-05 0)
(4.7756327e-09 -1.7125263e-06 0)
(2.613201e-10 8.1100962e-06 0)
(9.4934112e-10 6.1452961e-06 0)
(5.8423804e-10 6.1462555e-06 0)
(-3.2827445e-09 8.1118884e-06 0)
(-5.1314368e-10 -1.7115164e-06 0)
(-3.3706039e-09 -1.2544461e-05 0)
(3.5558639e-09 -1.2544927e-05 0)
(5.8052828e-10 -1.7126462e-06 0)
(3.3911634e-09 8.1107492e-06 0)
(-6.1332016e-10 6.1457708e-06 0)
(-8.997664e-10 6.146705e-06 0)
(-1.4235332e-10 8.1124767e-06 0)
(-4.4115852e-09 -1.7116483e-06 0)
(1.0954537e-09 -1.2545405e-05 0)
(-9.5020609e-10 -1.254586e-05 0)
(4.5809619e-09 -1.7127484e-06 0)
(1.3661583e-10 8.111366e-06 0)
(9.3475207e-10 6.1462333e-06 0)
(5.937066e-10 6.1471337e-06 0)
(-3.1516487e-09 8.1130545e-06 0)
(-3.3585949e-10 -1.7117862e-06 0)
(-3.2751298e-09 -1.2546311e-05 0)
(3.4604312e-09 -1.2546752e-05 0)
(4.0357956e-10 -1.712859e-06 0)
(3.2595673e-09 8.1119741e-06 0)
(-6.2264363e-10 6.1466745e-06 0)
(-8.8624209e-10 6.1475504e-06 0)
(-2.3947767e-11 8.1135999e-06 0)
(-4.2275588e-09 -1.7119097e-06 0)
(1.1744762e-09 -1.2547187e-05 0)
(-1.0299985e-09 -1.2547618e-05 0)
(4.395849e-09 -1.7129523e-06 0)
(1.8126027e-11 8.1125475e-06 0)
(9.2094893e-10 6.1471043e-06 0)
(6.0267804e-10 6.1479477e-06 0)
(-3.0278882e-09 8.1141349e-06 0)
(-1.686175e-10 -1.7120383e-06 0)
(-3.1858185e-09 -1.2548028e-05 0)
(3.3691082e-09 -1.2548446e-05 0)
(2.3520574e-10 -1.7130541e-06 0)
(3.1347068e-09 8.1131128e-06 0)
(-6.315041e-10 6.1475137e-06 0)
(-8.7348967e-10 6.1483334e-06 0)
(8.7916212e-11 8.1146397e-06 0)
(-4.054082e-09 -1.7121536e-06 0)
(1.2484268e-09 -1.254884e-05 0)
(-1.1066022e-09 -1.2549248e-05 0)
(4.2199687e-09 -1.7131394e-06 0)
(-9.4390554e-11 8.113645e-06 0)
(9.0790015e-10 6.1479124e-06 0)
(6.1118167e-10 6.1487009e-06 0)
(-2.9110738e-09 8.1151344e-06 0)
(-1.0843549e-11 -1.7122732e-06 0)
(-3.1022557e-09 -1.2549619e-05 0)
(3.2818311e-09 -1.2550014e-05 0)
(7.5083292e-11 -1.713233e-06 0)
(3.0163023e-09 8.1141696e-06 0)
(-6.3992488e-10 6.1482917e-06 0)
(-8.6146832e-10 6.1490574e-06 0)
(1.9361537e-10 8.115601e-06 0)
(-3.8905381e-09 -1.7123807e-06 0)
(1.317688e-09 -1.255037e-05 0)
(-1.1800648e-09 -1.2550756e-05 0)
(4.0529448e-09 -1.7133107e-06 0)
(-2.0120722e-10 8.1146627e-06 0)
(8.9557098e-10 6.1486608e-06 0)
(6.1924832e-10 6.1493968e-06 0)
(-2.8007983e-09 8.1160577e-06 0)
(1.3805919e-10 -1.7124915e-06 0)
(-3.0240262e-09 -1.2551091e-05 0)
(3.1985036e-09 -1.2551463e-05 0)
(-7.7156879e-11 -1.7133968e-06 0)
(2.9040455e-09 8.1151486e-06 0)
(-6.4793147e-10 6.1490116e-06 0)
(-8.5013594e-10 6.1497257e-06 0)
(2.9354067e-10 8.1164882e-06 0)
(-3.7362934e-09 -1.7125915e-06 0)
(1.3826404e-09 -1.2551785e-05 0)
(-1.2504644e-09 -1.2552149e-05 0)
(3.8943592e-09 -1.7134676e-06 0)
(-3.0262233e-10 8.1156045e-06 0)
(8.839246e-10 6.1493527e-06 0)
(6.2690978e-10 6.1500386e-06 0)
(-2.6966438e-09 8.116909e-06 0)
(2.786997e-10 -1.712694e-06 0)
(-2.9507196e-09 -1.2552451e-05 0)
(3.1190008e-09 -1.2552801e-05 0)
(-2.2192031e-10 -1.7135465e-06 0)
(2.7976056e-09 8.1160536e-06 0)
(-6.5555113e-10 6.1496764e-06 0)
(-8.3944984e-10 6.1503413e-06 0)
(3.8809077e-10 8.1173055e-06 0)
(-3.5907067e-09 -1.7127867e-06 0)
(1.4436567e-09 -1.255309e-05 0)
(-1.3179059e-09 -1.2553432e-05 0)
(3.7437622e-09 -1.7136109e-06 0)
(-3.9895315e-10 8.1164741e-06 0)
(8.7292254e-10 6.149991e-06 0)
(6.3419835e-10 6.1506291e-06 0)
(-2.5981878e-09 8.1176923e-06 0)
(4.1169003e-10 -1.7128812e-06 0)
(-2.8819353e-09 -1.2553703e-05 0)
(3.0431733e-09 -1.2554032e-05 0)
(-3.5964038e-10 -1.7136832e-06 0)
(2.696636e-09 8.1168883e-06 0)
(-6.6281239e-10 6.1502889e-06 0)
(-8.2936721e-10 6.1509071e-06 0)
(4.7766671e-10 8.1180566e-06 0)
(-3.4531385e-09 -1.7129669e-06 0)
(1.5010989e-09 -1.2554291e-05 0)
(-1.3825166e-09 -1.2554613e-05 0)
(3.6006804e-09 -1.7137416e-06 0)
(-4.9052994e-10 8.1172753e-06 0)
(8.6252533e-10 6.1505783e-06 0)
(6.4114654e-10 6.1511711e-06 0)
(-2.5050085e-09 8.1184113e-06 0)
(5.3763807e-10 -1.7130538e-06 0)
(-2.8172864e-09 -1.2554854e-05 0)
(2.9708517e-09 -1.2555163e-05 0)
(-4.9077051e-10 -1.7138077e-06 0)
(2.6007802e-09 8.1176561e-06 0)
(-6.6974456e-10 6.1508518e-06 0)
(-8.1984557e-10 6.1514257e-06 0)
(5.6266718e-10 8.1187452e-06 0)
(-3.3229574e-09 -1.7131328e-06 0)
(1.5553147e-09 -1.2555392e-05 0)
(-1.4444431e-09 -1.2555695e-05 0)
(3.4646251e-09 -1.7138605e-06 0)
(-5.7769117e-10 8.1180112e-06 0)
(8.5269326e-10 6.1511172e-06 0)
(6.4778668e-10 6.1516672e-06 0)
(-2.4166892e-09 8.1190695e-06 0)
(6.5714157e-10 -1.7132122e-06 0)
(-2.756402e-09 -1.2555908e-05 0)
(2.9018504e-09 -1.2556198e-05 0)
(-6.1577685e-10 -1.7139209e-06 0)
(2.5096765e-09 8.1183604e-06 0)
(-6.7637736e-10 6.1513676e-06 0)
(-8.1084312e-10 6.1518995e-06 0)
(6.4348486e-10 8.1193745e-06 0)
(-3.1995458e-09 -1.7132848e-06 0)
(1.6066364e-09 -1.25564e-05 0)
(-1.5038471e-09 -1.2556685e-05 0)
(3.3350988e-09 -1.7139684e-06 0)
(-6.6077874e-10 8.1186849e-06 0)
(8.4338673e-10 6.1516101e-06 0)
(6.5415059e-10 6.1521196e-06 0)
(-2.3328218e-09 8.11967e-06 0)
(7.7078355e-10 -1.7133571e-06 0)
(-2.6989289e-09 -1.2556871e-05 0)
(2.8359721e-09 -1.2557143e-05 0)
(-7.3513212e-10 -1.7140233e-06 0)
(2.4229622e-09 8.1190039e-06 0)
(-6.827405e-10 6.1518383e-06 0)
(-8.0231923e-10 6.1523308e-06 0)
(7.2050322e-10 8.1199475e-06 0)
(-3.0823041e-09 -1.7134235e-06 0)
(1.655379e-09 -1.2557318e-05 0)
(-1.5609017e-09 -1.2557586e-05 0)
(3.2116016e-09 -1.7140659e-06 0)
(-7.4013426e-10 8.1192995e-06 0)
(8.3456654e-10 6.1520591e-06 0)
(6.6026948e-10 6.1525305e-06 0)
(-2.2530096e-09 8.1202155e-06 0)
(8.7912829e-10 -1.7134891e-06 0)
(-2.6445329e-09 -1.2557746e-05 0)
(2.773011e-09 -1.2558002e-05 0)
(-8.4930965e-10 -1.7141156e-06 0)
(2.340278e-09 8.1195896e-06 0)
(-6.8886353e-10 6.1522662e-06 0)
(-7.9423455e-10 6.1527215e-06 0)
(7.9409407e-10 8.1204669e-06 0)
(-2.9706542e-09 -1.7135495e-06 0)
(1.7018399e-09 -1.255815e-05 0)
(-1.6157878e-09 -1.2558403e-05 0)
(3.0936369e-09 -1.7141536e-06 0)
(-8.1609547e-10 8.1198573e-06 0)
(8.2619444e-10 6.1524662e-06 0)
(6.6617349e-10 6.1529017e-06 0)
(-2.17687e-09 8.1207086e-06 0)
(9.8271856e-10 -1.7136085e-06 0)
(-2.592899e-09 -1.2558537e-05 0)
(2.7127566e-09 -1.2558778e-05 0)
(-9.5877848e-10 -1.7141984e-06 0)
(2.2612708e-09 8.1201199e-06 0)
(-6.9477537e-10 6.1526532e-06 0)
(-7.8655125e-10 6.1530734e-06 0)
(8.6461544e-10 8.1209351e-06 0)
(-2.8640427e-09 -1.7136632e-06 0)
(1.7462986e-09 -1.2558901e-05 0)
(-1.6686914e-09 -1.2559139e-05 0)
(2.9807165e-09 -1.714232e-06 0)
(-8.8899322e-10 8.120361e-06 0)
(8.1823324e-10 6.1528333e-06 0)
(6.7189188e-10 6.1532349e-06 0)
(-2.104036e-09 8.1211517e-06 0)
(1.082073e-09 -1.7137159e-06 0)
(-2.5437324e-09 -1.2559248e-05 0)
(2.654997e-09 -1.2559475e-05 0)
(-1.0639986e-09 -1.7142721e-06 0)
(2.185597e-09 8.120597e-06 0)
(-7.0050422e-10 6.1530009e-06 0)
(-7.7923313e-10 6.1533882e-06 0)
(9.3240976e-10 8.1213543e-06 0)
(-2.7619426e-09 -1.7137651e-06 0)
(1.7890163e-09 -1.2559573e-05 0)
(-1.7197996e-09 -1.2559798e-05 0)
(2.8723645e-09 -1.7143015e-06 0)
(-9.5914875e-10 8.1208127e-06 0)
(8.1064716e-10 6.1531618e-06 0)
(6.7745268e-10 6.1535318e-06 0)
(-2.0341585e-09 8.1215468e-06 0)
(1.1776841e-09 -1.7138117e-06 0)
(-2.4967575e-09 -1.2559883e-05 0)
(2.5995221e-09 -1.2560097e-05 0)
(-1.1654167e-09 -1.7143372e-06 0)
(2.112925e-09 8.1210232e-06 0)
(-7.0607746e-10 6.1533109e-06 0)
(-7.7224586e-10 6.1536673e-06 0)
(9.9780247e-10 8.1217264e-06 0)
(-2.6638558e-09 -1.7138556e-06 0)
(1.8302368e-09 -1.256017e-05 0)
(-1.7692985e-09 -1.2560383e-05 0)
(2.7681219e-09 -1.7143626e-06 0)
(-1.0268712e-09 8.1212143e-06 0)
(8.0340201e-10 6.1534535e-06 0)
(6.8288253e-10 6.1537936e-06 0)
(-1.9669069e-09 8.1218957e-06 0)
(1.2700167e-09 -1.7138963e-06 0)
(-2.4517188e-09 -1.2560443e-05 0)
(2.546126e-09 -1.2560645e-05 0)
(-1.2634626e-09 -1.714394e-06 0)
(2.0429375e-09 8.1214002e-06 0)
(-7.1152121e-10 6.1535846e-06 0)
(-7.6555723e-10 6.1539119e-06 0)
(1.0611006e-09 8.1220531e-06 0)
(-2.5693138e-09 -1.713935e-06 0)
(1.8701855e-09 -1.2560694e-05 0)
(-1.8173698e-09 -1.2560896e-05 0)
(2.6675503e-09 -1.7144155e-06 0)
(-1.0924555e-09 8.1215675e-06 0)
(7.964654e-10 6.1537094e-06 0)
(6.8820652e-10 6.1540216e-06 0)
(-1.9019712e-09 8.1222e-06 0)
(1.3595064e-09 -1.71397e-06 0)
(-2.4083798e-09 -1.2560932e-05 0)
(2.4946103e-09 -1.2561124e-05 0)
(-1.3585452e-09 -1.7144428e-06 0)
(1.975334e-09 8.1217298e-06 0)
(-7.1686034e-10 6.1538232e-06 0)
(-7.5913701e-10 6.1541232e-06 0)
(1.1225913e-09 8.1223359e-06 0)
(-2.47788e-09 -1.7140038e-06 0)
(1.9090709e-09 -1.2561148e-05 0)
(-1.8641886e-09 -1.256134e-05 0)
(2.5702351e-09 -1.7144605e-06 0)
(-1.15618e-09 8.1218741e-06 0)
(7.8980684e-10 6.1539307e-06 0)
(6.9344825e-10 6.1542167e-06 0)
(-1.8390629e-09 8.1224611e-06 0)
(1.4465579e-09 -1.7140332e-06 0)
(-2.3665233e-09 -1.2561351e-05 0)
(2.4447865e-09 -1.2561534e-05 0)
(-1.4510494e-09 -1.7144838e-06 0)
(1.9098328e-09 8.1220132e-06 0)
(-7.2211828e-10 6.1540277e-06 0)
(-7.5295726e-10 6.1543022e-06 0)
(1.1825409e-09 8.1225761e-06 0)
(-2.3891509e-09 -1.7140621e-06 0)
(1.947084e-09 -1.2561533e-05 0)
(-1.9099204e-09 -1.2561717e-05 0)
(2.4757897e-09 -1.7144979e-06 0)
(-1.2183043e-09 8.1221352e-06 0)
(7.8339806e-10 6.1541185e-06 0)
(6.9862946e-10 6.1543799e-06 0)
(-1.777916e-09 8.1226801e-06 0)
(1.5315438e-09 -1.7140861e-06 0)
(-2.3259507e-09 -1.2561703e-05 0)
(2.3964786e-09 -1.2561877e-05 0)
(-1.5413321e-09 -1.7145173e-06 0)
(1.8461729e-09 8.1222519e-06 0)
(-7.273167e-10 6.1541991e-06 0)
(-7.4699227e-10 6.1544496e-06 0)
(1.2411933e-09 8.1227748e-06 0)
(-2.3027571e-09 -1.7141103e-06 0)
(1.9843987e-09 -1.2561852e-05 0)
(-1.9547184e-09 -1.2562028e-05 0)
(2.3838579e-09 -1.7145278e-06 0)
(-1.2790672e-09 8.122352e-06 0)
(7.7721312e-10 6.1542736e-06 0)
(7.0376995e-10 6.154512e-06 0)
(-1.7182889e-09 8.1228581e-06 0)
(1.6148025e-09 -1.714129e-06 0)
(-2.2864822e-09 -1.2561989e-05 0)
(2.3495256e-09 -1.2562156e-05 0)
(-1.629719e-09 -1.7145434e-06 0)
(1.7841166e-09 8.1224469e-06 0)
(-7.3247553e-10 6.1543382e-06 0)
(-7.4121895e-10 6.1545662e-06 0)
(1.2987686e-09 8.122933e-06 0)
(-2.2183658e-09 -1.7141485e-06 0)
(2.0211718e-09 -1.2562105e-05 0)
(-1.9987211e-09 -1.2562275e-05 0)
(2.2941185e-09 -1.7145504e-06 0)
(-1.3386846e-09 8.1225258e-06 0)
(7.7122838e-10 6.1543968e-06 0)
(7.088875e-10 6.1546135e-06 0)
(-1.6599653e-09 8.122996e-06 0)
(1.6966369e-09 -1.7141621e-06 0)
(-2.2479565e-09 -1.2562211e-05 0)
(2.3037844e-09 -1.2562372e-05 0)
(-1.7165008e-09 -1.7145623e-06 0)
(1.7234513e-09 8.1225992e-06 0)
(-7.3761258e-10 6.1544457e-06 0)
(-7.3561677e-10 6.1546525e-06 0)
(1.3554616e-09 8.1230513e-06 0)
(-2.1356816e-09 -1.7141771e-06 0)
(2.0575433e-09 -1.2562295e-05 0)
(-2.0420496e-09 -1.256246e-05 0)
(2.2062886e-09 -1.7145659e-06 0)
(-1.3973468e-09 8.1226572e-06 0)
(7.6542308e-10 6.1544886e-06 0)
(7.1399752e-10 6.154685e-06 0)
(-1.6027557e-09 8.1230945e-06 0)
(1.7773124e-09 -1.7141856e-06 0)
(-2.2102306e-09 -1.2562369e-05 0)
(2.2591319e-09 -1.2562526e-05 0)
(-1.8019292e-09 -1.714574e-06 0)
(1.6639921e-09 8.1227096e-06 0)
(-7.4274333e-10 6.1545221e-06 0)
(-7.3016794e-10 6.1547091e-06 0)
(1.41144e-09 8.1231306e-06 0)
(-2.0544489e-09 -1.7141962e-06 0)
(2.0936356e-09 -1.2562422e-05 0)
(-2.0848041e-09 -1.2562583e-05 0)
(2.120127e-09 -1.7145742e-06 0)
(-1.4552162e-09 8.122747e-06 0)
(7.5977919e-10 6.1545497e-06 0)
(7.1911282e-10 6.154727e-06 0)
(-1.5464996e-09 8.1231542e-06 0)
(1.8570546e-09 -1.7141997e-06 0)
(-2.17318e-09 -1.2562466e-05 0)
(2.2154683e-09 -1.2562618e-05 0)
(-1.8862132e-09 -1.7145787e-06 0)
(1.6055839e-09 8.1227788e-06 0)
(-7.4788082e-10 6.154568e-06 0)
(-7.2485761e-10 6.1547364e-06 0)
(1.4668428e-09 8.1231714e-06 0)
(-1.9744538e-09 -1.7142059e-06 0)
(2.129554e-09 -1.2562488e-05 0)
(-2.1270618e-09 -1.2562645e-05 0)
(2.0354388e-09 -1.7145754e-06 0)
(-1.5124249e-09 8.1227961e-06 0)
(7.5428161e-10 6.1545804e-06 0)
(7.2424359e-10 6.1547399e-06 0)
(-1.4910665e-09 8.1231756e-06 0)
(1.9360469e-09 -1.7142045e-06 0)
(-2.1366987e-09 -1.2562501e-05 0)
(2.1727199e-09 -1.256265e-05 0)
(-1.9695142e-09 -1.7145763e-06 0)
(1.5481045e-09 8.1228074e-06 0)
(-7.5303523e-10 6.1545838e-06 0)
(-7.1967397e-10 6.1547347e-06 0)
(1.5217781e-09 8.123174e-06 0)
(-1.8955263e-09 -1.7142065e-06 0)
(2.165386e-09 -1.2562492e-05 0)
(-2.1688728e-09 -1.2562647e-05 0)
(1.9520792e-09 -1.7145696e-06 0)
(-1.5690714e-09 8.1228048e-06 0)
(7.4891864e-10 6.1545812e-06 0)
(7.2939694e-10 6.1547239e-06 0)
(-1.436358e-09 8.1231591e-06 0)
(2.0144285e-09 -1.7142003e-06 0)
(-2.1006986e-09 -1.2562475e-05 0)
(2.1308418e-09 -1.2562622e-05 0)
(-2.0519421e-09 -1.7145669e-06 0)
(1.4914669e-09 8.1227961e-06 0)
(-7.5821376e-10 6.1545698e-06 0)
(-7.1460838e-10 6.1547043e-06 0)
(1.5763212e-09 8.123139e-06 0)
(-1.817542e-09 -1.714198e-06 0)
(2.2012016e-09 -1.2562436e-05 0)
(-2.2102577e-09 -1.256259e-05 0)
(1.8699584e-09 -1.7145568e-06 0)
(-1.6252181e-09 8.1227738e-06 0)
(7.4368194e-10 6.1545523e-06 0)
(7.3457664e-10 6.1546793e-06 0)
(-1.3823094e-09 8.1231051e-06 0)
(2.092292e-09 -1.714187e-06 0)
(-2.06511e-09 -1.256239e-05 0)
(2.0898212e-09 -1.2562535e-05 0)
(-2.1335501e-09 -1.7145505e-06 0)
(1.435622e-09 8.1227452e-06 0)
(-7.6341996e-10 6.1545264e-06 0)
(-7.0965569e-10 6.1546455e-06 0)
(1.6305128e-09 8.1230666e-06 0)
(-1.7404245e-09 -1.7141806e-06 0)
(2.2370529e-09 -1.2562321e-05 0)
(-2.2512033e-09 -1.2562474e-05 0)
(1.7890452e-09 -1.714537e-06 0)
(-1.6808879e-09 8.1227035e-06 0)
(7.3856674e-10 6.1544943e-06 0)
(7.3978297e-10 6.1546065e-06 0)
(-1.3288919e-09 8.1230139e-06 0)
(2.169681e-09 -1.714165e-06 0)
(-2.0298808e-09 -1.2562246e-05 0)
(2.0496806e-09 -1.256239e-05 0)
(-2.2143304e-09 -1.7145271e-06 0)
(1.3805617e-09 8.1226553e-06 0)
(-7.6865398e-10 6.1544538e-06 0)
(-7.0481418e-10 6.1545586e-06 0)
(1.684357e-09 8.1229572e-06 0)
(-1.6641468e-09 -1.7141545e-06 0)
(2.2729742e-09 -1.2562148e-05 0)
(-2.2916596e-09 -1.2562299e-05 0)
(1.7093719e-09 -1.7145102e-06 0)
(-1.7360618e-09 8.1225945e-06 0)
(7.3357229e-10 6.1544072e-06 0)
(7.450123e-10 6.1545056e-06 0)
(-1.276113e-09 8.1228859e-06 0)
(2.2465884e-09 -1.7141344e-06 0)
(-1.9949758e-09 -1.2562043e-05 0)
(2.0104807e-09 -1.2562187e-05 0)
(-2.2942097e-09 -1.7144966e-06 0)
(1.3263213e-09 8.122527e-06 0)
(-7.7391162e-10 6.1543525e-06 0)
(-7.0008571e-10 6.1544437e-06 0)
(1.7378198e-09 8.1228111e-06 0)
(-1.5887324e-09 -1.7141198e-06 0)
(2.308983e-09 -1.2561916e-05 0)
(-2.3315363e-09 -1.2562068e-05 0)
(1.6310381e-09 -1.7144763e-06 0)
(-1.7906756e-09 8.1224472e-06 0)
(7.2870178e-10 6.1542916e-06 0)
(7.5025701e-10 6.1543769e-06 0)
(-1.2240183e-09 8.1227213e-06 0)
(2.3229556e-09 -1.7140953e-06 0)
(-1.9603758e-09 -1.2561782e-05 0)
(1.9723238e-09 -1.2561927e-05 0)
(-2.3730447e-09 -1.7144589e-06 0)
(1.2729815e-09 8.1223607e-06 0)
(-7.7918446e-10 6.1542228e-06 0)
(-6.9547597e-10 6.1543012e-06 0)
(1.7908284e-09 8.1226286e-06 0)
(-1.5142557e-09 -1.7140768e-06 0)
(2.3450803e-09 -1.2561626e-05 0)
(-2.3706988e-09 -1.2561779e-05 0)
(1.5542141e-09 -1.7144352e-06 0)
(-1.8446181e-09 8.1222624e-06 0)
(7.2396256e-10 6.1541478e-06 0)
(7.5550504e-10 6.1542208e-06 0)
(-1.1726914e-09 8.1225207e-06 0)
(2.3986719e-09 -1.714048e-06 0)
(-1.9260753e-09 -1.2561465e-05 0)
(1.9353561e-09 -1.2561611e-05 0)
(-2.4506187e-09 -1.7144142e-06 0)
(1.2206706e-09 8.1221571e-06 0)
(-7.8445932e-10 6.1540651e-06 0)
(-6.9099412e-10 6.1541313e-06 0)
(1.8432703e-09 8.1224102e-06 0)
(-1.4408408e-09 -1.7140257e-06 0)
(2.381253e-09 -1.2561281e-05 0)
(-2.4089655e-09 -1.2561435e-05 0)
(1.4791436e-09 -1.714387e-06 0)
(-1.8977284e-09 8.1220406e-06 0)
(7.1936629e-10 6.1539762e-06 0)
(7.6074007e-10 6.1540375e-06 0)
(-1.122253e-09 8.1222843e-06 0)
(2.4735761e-09 -1.7139929e-06 0)
(-1.8920798e-09 -1.2561091e-05 0)
(1.899771e-09 -1.2561238e-05 0)
(-2.5266391e-09 -1.7143621e-06 0)
(1.1695654e-09 8.1219171e-06 0)
(-7.8971816e-10 6.1538799e-06 0)
(-6.8665287e-10 6.1539346e-06 0)
(1.8949953e-09 8.1221562e-06 0)
(-1.3686585e-09 -1.7139668e-06 0)
(2.4174762e-09 -1.256088e-05 0)
(-2.4461048e-09 -1.2561035e-05 0)
(1.4061447e-09 -1.7143316e-06 0)
(-1.9497961e-09 8.1217829e-06 0)
(7.1492881e-10 6.1537774e-06 0)
(7.6594143e-10 6.1538276e-06 0)
(-1.0728594e-09 8.1220127e-06 0)
(2.5474595e-09 -1.7139302e-06 0)
(-1.8584022e-09 -1.2560663e-05 0)
(1.8658096e-09 -1.2560812e-05 0)
(-2.6007368e-09 -1.7143028e-06 0)
(1.1198907e-09 8.1216414e-06 0)
(-7.9493779e-10 6.1536678e-06 0)
(-6.8246813e-10 6.1537115e-06 0)
(1.9458166e-09 8.1218674e-06 0)
(-1.2979218e-09 -1.7139006e-06 0)
(2.453717e-09 -1.2560425e-05 0)
(-2.4818335e-09 -1.2560581e-05 0)
(1.3356092e-09 -1.7142688e-06 0)
(-2.0005604e-09 8.1214901e-06 0)
(7.1067022e-10 6.153552e-06 0)
(7.7108398e-10 6.1535915e-06 0)
(-1.0246981e-09 8.1217065e-06 0)
(2.6200722e-09 -1.7138604e-06 0)
(-1.8250573e-09 -1.2560181e-05 0)
(1.8337623e-09 -1.2560331e-05 0)
(-2.6724673e-09 -1.7142361e-06 0)
(1.0719183e-09 8.1213314e-06 0)
(-8.0008974e-10 6.1534295e-06 0)
(-6.7845863e-10 6.1534626e-06 0)
(1.9955163e-09 8.1215442e-06 0)
(-1.2288772e-09 -1.7138274e-06 0)
(2.48994e-09 -1.2559917e-05 0)
(-2.515816e-09 -1.2560075e-05 0)
(1.267999e-09 -1.7141985e-06 0)
(-2.0497133e-09 8.1211635e-06 0)
(7.0661445e-10 6.1533009e-06 0)
(7.7613877e-10 6.1533299e-06 0)
(-9.7798189e-10 8.1213665e-06 0)
(2.6911316e-09 -1.713784e-06 0)
(-1.7920552e-09 -1.2559648e-05 0)
(1.8039674e-09 -1.2559799e-05 0)
(-2.7413151e-09 -1.7141619e-06 0)
(1.0259626e-09 8.1209882e-06 0)
(-8.0514051e-10 6.153166e-06 0)
(-6.7464496e-10 6.1531885e-06 0)
(2.0438519e-09 8.1211876e-06 0)
(-1.1617937e-09 -1.7137479e-06 0)
(2.5261139e-09 -1.2559359e-05 0)
(-2.5476653e-09 -1.2559517e-05 0)
(1.2038388e-09 -1.7141208e-06 0)
(-2.0969037e-09 8.1208046e-06 0)
(7.0278889e-10 6.1530251e-06 0)
(7.8107374e-10 6.1530436e-06 0)
(-9.3293981e-10 8.1209935e-06 0)
(2.7603356e-09 -1.7137016e-06 0)
(-1.759393e-09 -1.2559066e-05 0)
(1.7768074e-09 -1.2559217e-05 0)
(-2.8067031e-09 -1.71408e-06 0)
(9.823738e-10 8.1206135e-06 0)
(-8.100517e-10 6.1528782e-06 0)
(-6.7104853e-10 6.1528902e-06 0)
(2.0905665e-09 8.1207985e-06 0)
(-1.0969465e-09 -1.7136627e-06 0)
(2.5622199e-09 -1.2558753e-05 0)
(-2.5769478e-09 -1.255891e-05 0)
(1.1437039e-09 -1.7140354e-06 0)
(-2.1417452e-09 8.1204151e-06 0)
(6.9922372e-10 6.1527256e-06 0)
(7.858545e-10 6.1527334e-06 0)
(-8.8980461e-10 8.1205886e-06 0)
(2.8273805e-09 -1.713614e-06 0)
(-1.7270441e-09 -1.2558436e-05 0)
(1.7527026e-09 -1.2558587e-05 0)
(-2.868007e-09 -1.7139904e-06 0)
(9.4152821e-10 8.1202093e-06 0)
(-8.1478061e-10 6.1525676e-06 0)
(-6.6769032e-10 6.1525685e-06 0)
(2.1354029e-09 8.1203779e-06 0)
(-1.034596e-09 -1.7135726e-06 0)
(2.5982616e-09 -1.2558101e-05 0)
(-2.6031912e-09 -1.2558256e-05 0)
(1.0882005e-09 -1.7139422e-06 0)
(-2.1838285e-09 8.1199971e-06 0)
(6.9595092e-10 6.152404e-06 0)
(7.9044605e-10 6.1524005e-06 0)
(-8.4879627e-10 8.1201529e-06 0)
(2.8919836e-09 -1.713522e-06 0)
(-1.6949479e-09 -1.2557762e-05 0)
(1.7320985e-09 -1.2557911e-05 0)
(-2.9245779e-09 -1.7138929e-06 0)
(9.0381206e-10 8.1197776e-06 0)
(-8.192812e-10 6.1522356e-06 0)
(-6.6458842e-10 6.1522247e-06 0)
(2.1781215e-09 8.1199271e-06 0)
(-9.7496136e-10 -1.7134785e-06 0)
(2.6342759e-09 -1.2557406e-05 0)
(-2.6258994e-09 -1.2557558e-05 0)
(1.0379385e-09 -1.713841e-06 0)
(-2.2227388e-09 8.1195529e-06 0)
(6.9300251e-10 6.1520618e-06 0)
(7.9481475e-10 6.1520459e-06 0)
(-8.1010074e-10 8.1196876e-06 0)
(2.953912e-09 -1.7134268e-06 0)
(-1.6629975e-09 -1.2557047e-05 0)
(1.7154468e-09 -1.2557192e-05 0)
(-2.9757751e-09 -1.7137872e-06 0)
(8.6960009e-10 8.119321e-06 0)
(-8.2350553e-10 6.1518838e-06 0)
(-6.6175609e-10 6.1518598e-06 0)
(2.2185242e-09 8.1194472e-06 0)
(-9.1818885e-10 -1.7133816e-06 0)
(2.6703433e-09 -1.2556672e-05 0)
(-2.6445758e-09 -1.2556818e-05 0)
(9.9349022e-10 -1.7137315e-06 0)
(-2.2580813e-09 8.1190852e-06 0)
(6.904088e-10 6.1517008e-06 0)
(7.9893081e-10 6.1516709e-06 0)
(-7.7384376e-10 8.119194e-06 0)
(3.0130166e-09 -1.7133293e-06 0)
(-1.6310303e-09 -1.2556294e-05 0)
(1.703175e-09 -1.2556432e-05 0)
(-3.0210135e-09 -1.7136731e-06 0)
(8.3922537e-10 8.1188423e-06 0)
(-8.2740596e-10 6.1515142e-06 0)
(-6.5919819e-10 6.1514753e-06 0)
(2.2564822e-09 8.1189397e-06 0)
(-8.643147e-10 -1.713283e-06 0)
(2.7065953e-09 -1.2555903e-05 0)
(-2.6587596e-09 -1.2556039e-05 0)
(9.5533527e-10 -1.7136135e-06 0)
(-2.2895157e-09 8.1185968e-06 0)
(6.8819547e-10 6.1513229e-06 0)
(8.0277189e-10 6.1512769e-06 0)
(-7.4005977e-10 8.1186736e-06 0)
(3.0692704e-09 -1.7132309e-06 0)
(-1.5988218e-09 -1.2555507e-05 0)
(1.6956415e-09 -1.2555636e-05 0)
(-3.0598278e-09 -1.7135502e-06 0)
(8.1293876e-10 8.1183444e-06 0)
(-8.309381e-10 6.1511288e-06 0)
(-6.5690756e-10 6.1510723e-06 0)
(2.2919694e-09 8.1184059e-06 0)
(-8.132247e-10 -1.7131842e-06 0)
(2.7432162e-09 -1.2555101e-05 0)
(-2.66808e-09 -1.2555225e-05 0)
(9.2378398e-10 -1.7134867e-06 0)
(-2.3168024e-09 8.1180909e-06 0)
(6.8637979e-10 6.1509303e-06 0)
(8.0632705e-10 6.1508651e-06 0)
(-7.0865633e-10 8.1181275e-06 0)
(3.1228097e-09 -1.7131331e-06 0)
(-1.5660887e-09 -1.255469e-05 0)
(1.6930701e-09 -1.2554805e-05 0)
(-3.0919611e-09 -1.7134183e-06 0)
(7.908545e-10 8.1178306e-06 0)
(-8.3406518e-10 6.1507298e-06 0)
(-6.5486073e-10 6.1506522e-06 0)
(2.3251001e-09 8.117847e-06 0)
(-7.6461327e-10 -1.7130865e-06 0)
(2.7804346e-09 -1.2554271e-05 0)
(-2.6723342e-09 -1.2554378e-05 0)
(8.9887557e-10 -1.7133506e-06 0)
(-2.3398651e-09 8.1175706e-06 0)
(6.8496556e-10 6.1505253e-06 0)
(8.0960118e-10 6.1504367e-06 0)
(-6.7937562e-10 8.117557e-06 0)
(3.1739744e-09 -1.7130372e-06 0)
(-1.5325054e-09 -1.2553846e-05 0)
(1.6954581e-09 -1.2553944e-05 0)
(-3.1174819e-09 -1.7132768e-06 0)
(7.7287992e-10 8.1173041e-06 0)
(-8.3676393e-10 6.1503195e-06 0)
(-6.5301321e-10 6.1502162e-06 0)
(2.356168e-09 8.1172642e-06 0)
(-7.1794555e-10 -1.7129914e-06 0)
(2.8184968e-09 -1.2553416e-05 0)
(-2.6715954e-09 -1.2553501e-05 0)
(8.8024434e-10 -1.7132047e-06 0)
(-2.358871e-09 8.1170392e-06 0)
(6.8393635e-10 6.15011e-06 0)
(8.1262044e-10 6.1499929e-06 0)
(-6.5175473e-10 8.116963e-06 0)
(3.2233426e-09 -1.7129447e-06 0)
(-1.4977417e-09 -1.255298e-05 0)
(1.70245e-09 -1.2553054e-05 0)
(-3.1369362e-09 -1.7131254e-06 0)
(7.5862498e-10 8.1167679e-06 0)
(-8.3903253e-10 6.1498999e-06 0)
(-6.5129442e-10 6.1497652e-06 0)
(2.3856866e-09 8.116658e-06 0)
(-6.7242833e-10 -1.7129003e-06 0)
(2.857618e-09 -1.255254e-05 0)
(-2.6663597e-09 -1.2552597e-05 0)
(8.6694988e-10 -1.7130486e-06 0)
(-2.3743316e-09 8.1164994e-06 0)
(6.8324676e-10 6.1496864e-06 0)
(8.1543697e-10 6.1495344e-06 0)
(-6.2508868e-10 8.1163461e-06 0)
(3.2717539e-09 -1.712857e-06 0)
(-1.4615274e-09 -1.2552094e-05 0)
(1.7131715e-09 -1.2552138e-05 0)
(-3.1515375e-09 -1.7129634e-06 0)
(7.4729067e-10 8.1162246e-06 0)
(-8.4090104e-10 6.1494729e-06 0)
(-6.4960333e-10 6.1492998e-06 0)
(2.4144235e-09 8.116029e-06 0)
(-6.2699678e-10 -1.7128144e-06 0)
(2.8979023e-09 -1.2551645e-05 0)
(-2.6577334e-09 -1.2551668e-05 0)
(8.5726846e-10 -1.7128818e-06 0)
(-2.3872275e-09 8.1159536e-06 0)
(6.82811e-10 6.1492562e-06 0)
(8.1813385e-10 6.1490616e-06 0)
(-5.9840002e-10 8.1157064e-06 0)
(3.320314e-09 -1.7127749e-06 0)
(-1.4237505e-09 -1.2551189e-05 0)
(1.7260238e-09 -1.2551197e-05 0)
(-3.1633954e-09 -1.7127906e-06 0)
(7.375356e-10 8.1156759e-06 0)
(-8.4244466e-10 6.1490399e-06 0)
(-6.4780464e-10 6.1488201e-06 0)
(2.4434274e-09 8.1153769e-06 0)
(-5.8032245e-10 -1.7127344e-06 0)
(2.9392302e-09 -1.2550733e-05 0)
(-2.6476605e-09 -1.2550714e-05 0)
(8.4845043e-10 -1.7127039e-06 0)
(-2.399152e-09 8.1154028e-06 0)
(6.8248928e-10 6.1488203e-06 0)
(8.208285e-10 6.1485743e-06 0)
(-5.7041983e-10 8.1150432e-06 0)
(3.3703761e-09 -1.712699e-06 0)
(-1.3845877e-09 -1.2550266e-05 0)
(1.7384428e-09 -1.2550231e-05 0)
(-3.175773e-09 -1.7126068e-06 0)
(7.2732591e-10 8.1151224e-06 0)
(-8.437998e-10 6.1486013e-06 0)
(-6.4572664e-10 6.1483255e-06 0)
(2.4740408e-09 8.1147009e-06 0)
(-5.3084686e-10 -1.7126604e-06 0)
(2.9811171e-09 -1.2549801e-05 0)
(-2.6391759e-09 -1.2549734e-05 0)
(8.3645857e-10 -1.7125151e-06 0)
(-2.4124683e-09 8.1148467e-06 0)
(6.8207164e-10 6.1483787e-06 0)
(8.23674e-10 6.1480715e-06 0)
(-5.3958463e-10 8.1143555e-06 0)
(3.4234971e-09 -1.7126287e-06 0)
(-1.3446576e-09 -1.2549322e-05 0)
(1.7466467e-09 -1.2549239e-05 0)
(-3.1933501e-09 -1.712412e-06 0)
(7.1378135e-10 8.1145625e-06 0)
(-8.4518212e-10 6.1481565e-06 0)
(-6.4316151e-10 6.1478146e-06 0)
(2.5078953e-09 8.1139993e-06 0)
(-4.7683876e-10 -1.7125913e-06 0)
(3.0225602e-09 -1.2548846e-05 0)
(-2.6366519e-09 -1.2548725e-05 0)
(8.1572086e-10 -1.7123155e-06 0)
(-2.4304597e-09 8.1142824e-06 0)
(6.8126082e-10 6.1479298e-06 0)
(8.2685822e-10 6.1475513e-06 0)
(-5.0405159e-10 8.1136413e-06 0)
(3.4813743e-09 -1.7125624e-06 0)
(-1.3051707e-09 -1.2548353e-05 0)
(1.7454172e-09 -1.2548215e-05 0)
(-3.2224466e-09 -1.712207e-06 0)
(6.9304084e-10 8.113992e-06 0)
(-8.4690504e-10 6.1477028e-06 0)
(-6.3986814e-10 6.1472852e-06 0)
(2.546889e-09 8.1132698e-06 0)
(-4.1646277e-10 -1.7125244e-06 0)
(3.0619107e-09 -1.2547863e-05 0)
(-2.6459782e-09 -1.2547683e-05 0)
(7.7895577e-10 -1.7121065e-06 0)
(-2.4574439e-09 8.1137042e-06 0)
(6.7965678e-10 6.1474701e-06 0)
(8.3059936e-10 6.147011e-06 0)
(-4.6173035e-10 8.1128977e-06 0)
(3.5457824e-09 -1.7124964e-06 0)
(-1.2680246e-09 -1.2547349e-05 0)
(1.7279896e-09 -1.2547152e-05 0)
(-3.2711348e-09 -1.7119934e-06 0)
(6.6018856e-10 8.1134033e-06 0)
(-8.4939493e-10 6.1472357e-06 0)
(-6.3557839e-10 6.1467336e-06 0)
(2.5931502e-09 8.1125092e-06 0)
(-3.4783335e-10 -1.7124553e-06 0)
(3.0968384e-09 -1.2546838e-05 0)
(-2.6745822e-09 -1.2546597e-05 0)
(7.1715984e-10 -1.7118899e-06 0)
(-2.4988006e-09 8.1131023e-06 0)
(6.7674725e-10 6.1469935e-06 0)
(8.3513931e-10 6.1464464e-06 0)
(-4.1032433e-10 8.1121211e-06 0)
(3.6185463e-09 -1.7124251e-06 0)
(-1.2357685e-09 -1.2546297e-05 0)
(1.6861662e-09 -1.2546042e-05 0)
(-3.3491331e-09 -1.7117737e-06 0)
(6.0929857e-10 8.1127843e-06 0)
(-8.531979e-10 6.1467475e-06 0)
(-6.3000568e-10 6.1461554e-06 0)
(2.6489999e-09 8.1117133e-06 0)
(-2.6901143e-10 -1.7123768e-06 0)
(3.1244777e-09 -1.2545755e-05 0)
(-2.7311614e-09 -1.2545456e-05 0)
(6.1987969e-10 -1.7116692e-06 0)
(-2.5608466e-09 8.1124623e-06 0)
(6.7191195e-10 6.1464908e-06 0)
(8.4073601e-10 6.1458521e-06 0)
(-3.4736734e-10 8.1113072e-06 0)
(3.701603e-09 -1.7123403e-06 0)
(-1.2113323e-09 -1.2545176e-05 0)
(1.6107972e-09 -1.2544869e-05 0)
(-3.4673502e-09 -1.7115516e-06 0)
(5.3367693e-10 8.1121178e-06 0)
(-8.5896977e-10 6.1462273e-06 0)
(-6.2285562e-10 6.1455446e-06 0)
(2.7169341e-09 8.1108771e-06 0)
(-1.7788846e-10 -1.7122792e-06 0)
(3.1418766e-09 -1.2544594e-05 0)
(-2.8249765e-09 -1.2544244e-05 0)
(4.7591834e-10 -1.7114487e-06 0)
(-2.6504754e-09 8.1117645e-06 0)
(6.6445136e-10 6.1459493e-06 0)
(8.4765941e-10 6.1452217e-06 0)
(-2.7023941e-10 8.1104506e-06 0)
(3.7972165e-09 -1.712231e-06 0)
(-1.1974127e-09 -1.2543963e-05 0)
(1.492794e-09 -1.2543615e-05 0)
(-3.6369312e-09 -1.7113323e-06 0)
(4.263923e-10 8.1113816e-06 0)
(-8.6744092e-10 6.1456606e-06 0)
(-6.1383848e-10 6.1448938e-06 0)
(2.7996473e-09 8.1099946e-06 0)
(-7.1910077e-11 -1.71215e-06 0)
(3.1468607e-09 -1.2543326e-05 0)
(-2.9645636e-09 -1.2542939e-05 0)
(2.746266e-10 -1.7112342e-06 0)
(-2.7744802e-09 8.110984e-06 0)
(6.5365284e-10 6.1453524e-06 0)
(8.5619537e-10 6.1445468e-06 0)
(-1.7615555e-10 8.1095447e-06 0)
(3.9083979e-09 -1.712084e-06 0)
(-1.1954379e-09 -1.2542626e-05 0)
(1.3248095e-09 -1.2542258e-05 0)
(-3.8676887e-09 -1.7111214e-06 0)
(2.8118444e-10 8.1105479e-06 0)
(-8.7934626e-10 6.1450291e-06 0)
(-6.0268749e-10 6.1441942e-06 0)
(2.9001124e-09 8.1090584e-06 0)
(5.2362888e-11 -1.7119749e-06 0)
(3.1393758e-09 -1.2541919e-05 0)
(-3.1557975e-09 -1.2541518e-05 0)
(7.8910971e-12 -1.711032e-06 0)
(-2.9384949e-09 8.1100911e-06 0)
(6.3891266e-10 6.1446804e-06 0)
(8.6666349e-10 6.1438179e-06 0)
(-6.216064e-11 8.1085814e-06 0)
(4.0395179e-09 -1.7118844e-06 0)
(-1.2041509e-09 -1.2541131e-05 0)
(1.103626e-09 -1.2540772e-05 0)
(-4.1658863e-09 -1.7109248e-06 0)
(9.3817293e-11 8.1095852e-06 0)
(-8.9531427e-10 6.1443118e-06 0)
(-5.8919706e-10 6.1434355e-06 0)
(3.0216754e-09 8.108059e-06 0)
(1.9972972e-10 -1.7117383e-06 0)
(3.1232247e-09 -1.2540335e-05 0)
(-3.399409e-09 -1.2539951e-05 0)
(-3.2717319e-10 -1.710848e-06 0)
(-3.1455487e-09 8.1090537e-06 0)
(6.1993243e-10 6.143911e-06 0)
(8.7944512e-10 6.1430236e-06 0)
(7.4734231e-11 8.1075502e-06 0)
(4.196939e-09 -1.7116177e-06 0)
(-1.2180857e-09 -1.253944e-05 0)
(8.330844e-10 -1.2539126e-05 0)
(-4.5315049e-09 -1.7107473e-06 0)
(-1.3610722e-10 8.1084607e-06 0)
(-9.1571403e-10 6.1434858e-06 0)
(-5.7332254e-10 6.1426055e-06 0)
(3.1680023e-09 8.1069838e-06 0)
(3.7647959e-10 -1.7114263e-06 0)
(3.1078361e-09 -1.2538539e-05 0)
(-3.6883534e-09 -1.2538207e-05 0)
(-7.249878e-10 -1.7106862e-06 0)
(-3.3942987e-09 8.1078399e-06 0)
(5.9701796e-10 6.1430213e-06 0)
(8.9499211e-10 6.1421508e-06 0)
(2.3692954e-10 8.106437e-06 0)
(4.3891837e-09 -1.711272e-06 0)
(-1.2266087e-09 -1.2537514e-05 0)
(5.2707556e-10 -1.253729e-05 0)
(-4.9553462e-09 -1.7105902e-06 0)
(-4.0290908e-10 8.1071436e-06 0)
(-9.4045909e-10 6.1425296e-06 0)
(-5.5543512e-10 6.1416906e-06 0)
(3.3424454e-09 8.1058168e-06 0)
(5.8935085e-10 -1.7110292e-06 0)
(3.1092468e-09 -1.2536494e-05 0)
(-4.0058172e-09 -1.2536254e-05 0)
(-1.1680933e-09 -1.7105468e-06 0)
(-3.6770611e-09 8.1064229e-06 0)
(5.7152391e-10 6.1419911e-06 0)
(9.13717e-10 6.1411855e-06 0)
(4.2440726e-10 8.1052237e-06 0)
(4.6256121e-09 -1.7108414e-06 0)
(-1.2147377e-09 -1.2535322e-05 0)
(2.1171235e-10 -1.2535233e-05 0)
(-5.4165077e-09 -1.71045e-06 0)
(-6.9219023e-10 8.1056111e-06 0)
(-9.6874177e-10 6.1414258e-06 0)
(-5.3692623e-10 6.1406767e-06 0)
(3.5458972e-09 8.104538e-06 0)
(8.4186018e-10 -1.7105451e-06 0)
(3.1488744e-09 -1.2534174e-05 0)
(-4.3250183e-09 -1.2534061e-05 0)
(-1.6240303e-09 -1.7104244e-06 0)
(-3.9776617e-09 8.104787e-06 0)
(5.4653857e-10 6.1408072e-06 0)
(9.3551597e-10 6.1401142e-06 0)
(6.303844e-10 8.1038889e-06 0)
(4.9118221e-09 -1.7103296e-06 0)
(-1.1674978e-09 -1.2532843e-05 0)
(-7.4555815e-11 -1.2532929e-05 0)
(-5.8807187e-09 -1.7103169e-06 0)
(-9.7763176e-10 8.1038541e-06 0)
(-9.9857809e-10 6.1401674e-06 0)
(-5.2151895e-10 6.1395522e-06 0)
(3.7714404e-09 8.1031261e-06 0)
(1.1258963e-09 -1.7099841e-06 0)
(3.2480773e-09 -1.2531569e-05 0)
(-4.6120523e-09 -1.253161e-05 0)
(-2.042916e-09 -1.7103086e-06 0)
(-4.2687043e-09 8.1029346e-06 0)
(5.2801064e-10 6.1394692e-06 0)
(9.5840141e-10 6.1389297e-06 0)
(8.3251193e-10 8.1024117e-06 0)
(5.2393083e-09 -1.709753e-06 0)
(-1.0796493e-09 -1.2530078e-05 0)
(-2.8428817e-10 -1.2530371e-05 0)
(-6.2995968e-09 -1.7101767e-06 0)
(-1.2166334e-09 8.1018844e-06 0)
(-1.0258172e-09 6.1387642e-06 0)
(-5.1784124e-10 6.1383164e-06 0)
(3.9933935e-09 8.1015654e-06 0)
(1.4066544e-09 -1.7093712e-06 0)
(3.416525e-09 -1.2528694e-05 0)
(-4.8325967e-09 -1.2528901e-05 0)
(-2.3560178e-09 -1.7101877e-06 0)
(-4.5071106e-09 8.1008929e-06 0)
(5.2669594e-10 6.1379985e-06 0)
(9.7535992e-10 6.1376431e-06 0)
(9.7789856e-10 8.100782e-06 0)
(5.5676761e-09 -1.7091435e-06 0)
(-9.7110309e-10 -1.2527065e-05 0)
(-3.692806e-10 -1.2527577e-05 0)
(-6.610609e-09 -1.7100172e-06 0)
(-1.3440059e-09 8.0997406e-06 0)
(-1.0418979e-09 6.1372543e-06 0)
(-5.438394e-10 6.1369967e-06 0)
(4.1492775e-09 8.0998609e-06 0)
(1.6025508e-09 -1.70875e-06 0)
(3.6345812e-09 -1.2525612e-05 0)
(-4.9625979e-09 -1.2525977e-05 0)
(-2.4771169e-09 -1.7100601e-06 0)
(-4.6267998e-09 8.0987198e-06 0)
(5.6139969e-10 6.1364513e-06 0)
(9.6845682e-10 6.1363079e-06 0)
(9.6422232e-10 8.0990188e-06 0)
(5.8040103e-09 -1.7085514e-06 0)
(-9.0286174e-10 -1.2523894e-05 0)
(-2.9604169e-10 -1.2524625e-05 0)
(-6.7405008e-09 -1.7098443e-06 0)
(-1.2653467e-09 8.0974923e-06 0)
(-1.0294064e-09 6.1357199e-06 0)
(-6.3279684e-10 6.1356782e-06 0)
(4.1206025e-09 8.0980595e-06 0)
(1.5750233e-09 -1.7081872e-06 0)
(3.8375843e-09 -1.2522447e-05 0)
(-5.0044732e-09 -1.2522947e-05 0)
(-2.3169757e-09 -1.7099574e-06 0)
(-4.532465e-09 8.0965058e-06 0)
(6.6342006e-10 6.1349376e-06 0)
(9.0057125e-10 6.1350561e-06 0)
(6.3404733e-10 8.0971905e-06 0)
(5.8053983e-09 -1.7080506e-06 0)
(-9.7472132e-10 -1.2520727e-05 0)
(-7.6454731e-11 -1.2521668e-05 0)
(-6.6301677e-09 -1.7097097e-06 0)
(-8.6347207e-10 8.0952337e-06 0)
(-9.5551786e-10 6.1343102e-06 0)
(-8.3758013e-10 6.1345428e-06 0)
(3.7428319e-09 8.0962651e-06 0)
(1.1782397e-09 -1.7077804e-06 0)
(3.9294842e-09 -1.2519389e-05 0)
(-5.0200497e-09 -1.2520001e-05 0)
(-1.8488122e-09 -1.7099787e-06 0)
(-4.1190177e-09 8.0943579e-06 0)
(8.794162e-10 6.1336424e-06 0)
(7.1047594e-10 6.1341329e-06 0)
(-1.623261e-10 8.0954088e-06 0)
(5.4833451e-09 -1.7077478e-06 0)
(-1.2586015e-09 -1.2517773e-05 0)
(1.6200699e-10 -1.2518928e-05 0)
(-6.3434589e-09 -1.7097461e-06 0)
(-6.5157897e-11 8.0930448e-06 0)
(-7.6819487e-10 6.1332557e-06 0)
(-1.2220161e-09 6.1338832e-06 0)
(2.9316632e-09 8.0945925e-06 0)
(4.9055146e-10 -1.7076683e-06 0)
(3.8914952e-09 -1.2516612e-05 0)
(-5.2197737e-09 -1.2517334e-05 0)
(-1.3266755e-09 -1.7103269e-06 0)
(-3.3937606e-09 8.0923224e-06 0)
(1.2627706e-09 6.1328193e-06 0)
(3.2929318e-10 6.1338663e-06 0)
(-1.3071949e-09 8.09371e-06 0)
(5.1857085e-09 -1.7077854e-06 0)
(-1.5789859e-09 -1.2515096e-05 0)
(6.8171195e-12 -1.251651e-05 0)
(-6.4132307e-09 -1.7101894e-06 0)
(9.1510147e-10 8.0908436e-06 0)
(-4.1175537e-10 6.1328212e-06 0)
(-1.8148281e-09 6.133987e-06 0)
(2.1062836e-09 8.0929304e-06 0)
(4.5617231e-10 -1.7080196e-06 0)
(4.105659e-09 -1.2513916e-05 0)
(-6.1994648e-09 -1.2514788e-05 0)
(-1.8628254e-09 -1.7113082e-06 0)
(-2.8698792e-09 8.0901342e-06 0)
(1.830368e-09 6.1326627e-06 0)
(-2.4520265e-10 6.1344099e-06 0)
(-1.7378402e-09 8.0916306e-06 0)
(6.6465461e-09 -1.7083012e-06 0)
(-1.0106454e-09 -1.2511989e-05 0)
(-1.6146552e-09 -1.2513777e-05 0)
(-8.6960096e-09 -1.7113269e-06 0)
(9.4363192e-10 8.0879671e-06 0)
(1.0336151e-10 6.1330462e-06 0)
(-2.487234e-09 6.1346601e-06 0)
(3.172893e-09 8.09025e-06 0)
(4.240932e-09 -1.7089383e-06 0)
(6.0453835e-09 -1.2509702e-05 0)
(-9.4645133e-09 -1.2510815e-05 0)
(-6.6580399e-09 -1.7132076e-06 0)
(-4.4875639e-09 8.0865594e-06 0)
(2.4468542e-09 6.1328423e-06 0)
(-7.6871061e-10 6.1349485e-06 0)
(1.8940956e-09 8.0871509e-06 0)
(1.4798565e-08 -1.7092468e-06 0)
(3.0175863e-09 -1.2505401e-05 0)
(-7.1346567e-09 -1.2507751e-05 0)
(-1.8034314e-08 -1.7132537e-06 0)
(-3.2973905e-09 8.0821779e-06 0)
(5.2971672e-10 6.132983e-06 0)
(-2.7183095e-09 6.1340079e-06 0)
(1.1253211e-08 8.0830793e-06 0)
(1.9464623e-08 -1.7101545e-06 0)
(1.3396292e-08 -1.2498685e-05 0)
(-1.8340816e-08 -1.2500151e-05 0)
(-2.3072937e-08 -1.7158859e-06 0)
(-1.32575e-08 8.0779724e-06 0)
(2.599412e-09 6.1313389e-06 0)
(-4.4432705e-10 6.131948e-06 0)
(1.7231289e-08 8.074612e-06 0)
(4.0376901e-08 -1.7099088e-06 0)
(1.5935196e-08 -1.2486787e-05 0)
(-2.1362213e-08 -1.2489913e-05 0)
(-4.4705827e-08 -1.7152712e-06 0)
(-1.9237717e-08 8.067725e-06 0)
(8.847953e-11 6.1290232e-06 0)
(-1.264997e-09 6.1260824e-06 0)
(3.686395e-08 8.0628083e-06 0)
(6.0829511e-08 -1.7103278e-06 0)
(3.33292e-08 -1.2467789e-05 0)
(-3.9101552e-08 -1.2469657e-05 0)
(-6.5140533e-08 -1.7179307e-06 0)
(-3.9371048e-08 8.0558346e-06 0)
(1.0755778e-09 6.1221902e-06 0)
(2.4298245e-09 6.1161791e-06 0)
(5.8163669e-08 8.0414559e-06 0)
(1.0223907e-07 -1.7079802e-06 0)
(4.7013725e-08 -1.2437064e-05 0)
(-5.2415774e-08 -1.2441094e-05 0)
(-1.0669282e-07 -1.7148017e-06 0)
(-6.0339729e-08 8.0322866e-06 0)
(-2.874289e-09 6.1120345e-06 0)
(4.1173258e-09 6.0973871e-06 0)
(9.7236159e-08 8.012004e-06 0)
(1.5136988e-07 -1.705874e-06 0)
(7.7006977e-08 -1.2390393e-05 0)
(-8.1560947e-08 -1.2392519e-05 0)
(-1.5487373e-07 -1.7153137e-06 0)
(-9.9531863e-08 8.0031982e-06 0)
(-4.3168662e-09 6.0921191e-06 0)
(1.0609216e-08 6.0689462e-06 0)
(1.4481102e-07 7.9644807e-06 0)
(2.2679516e-07 -1.6982211e-06 0)
(1.0888576e-07 -1.2320649e-05 0)
(-1.1150847e-07 -1.2325442e-05 0)
(-2.2930002e-07 -1.7059363e-06 0)
(-1.4616419e-07 7.953401e-06 0)
(-1.1039392e-08 6.0636944e-06 0)
(1.6582402e-08 6.0232937e-06 0)
(2.1423518e-07 7.9011079e-06 0)
(3.1904154e-07 -1.6895512e-06 0)
(1.5773669e-07 -1.2220957e-05 0)
(-1.5769014e-07 -1.222287e-05 0)
(-3.191954e-07 -1.6998954e-06 0)
(-2.1502971e-07 7.8914946e-06 0)
(-1.6671588e-08 6.0170325e-06 0)
(2.7450596e-08 5.9593444e-06 0)
(2.986101e-07 7.8078095e-06 0)
(4.4079753e-07 -1.671215e-06 0)
(2.138812e-07 -1.2081867e-05 0)
(-2.0993895e-07 -1.208684e-05 0)
(-4.3842938e-07 -1.6782359e-06 0)
(-2.9768376e-07 7.7964479e-06 0)
(-2.7683273e-08 5.9537698e-06 0)
(3.9306437e-08 5.8670551e-06 0)
(4.0591632e-07 7.6886085e-06 0)
(5.8496565e-07 -1.649639e-06 0)
(2.8512165e-07 -1.1894775e-05 0)
(-2.7656944e-07 -1.1895628e-05 0)
(-5.7877351e-07 -1.6587388e-06 0)
(-4.0358162e-07 7.6805629e-06 0)
(-3.912062e-08 5.8609982e-06 0)
(5.5496192e-08 5.7460337e-06 0)
(5.2999949e-07 7.5264224e-06 0)
(7.5456084e-07 -1.6133812e-06 0)
(3.6592221e-07 -1.1649799e-05 0)
(-3.518384e-07 -1.1653849e-05 0)
(-7.444406e-07 -1.6170386e-06 0)
(-5.2526423e-07 7.5178994e-06 0)
(-5.5293445e-08 5.7417702e-06 0)
(7.3576024e-08 5.5854135e-06 0)
(6.7036412e-07 7.3290278e-06 0)
(9.4191737e-07 -1.5711264e-06 0)
(4.547844e-07 -1.133967e-05 0)
(-4.3489471e-07 -1.1338353e-05 0)
(-9.2708242e-07 -1.5757205e-06 0)
(-6.6346153e-07 7.3261952e-06 0)
(-7.2935748e-08 5.5816577e-06 0)
(9.4194003e-08 5.3875953e-06 0)
(8.1918073e-07 7.0794423e-06 0)
(1.136677e-06 -1.5097852e-06 0)
(5.4868398e-07 -1.0958208e-05 0)
(-5.2288529e-07 -1.0959872e-05 0)
(-1.1173091e-06 -1.5068031e-06 0)
(-8.096183e-07 7.0780126e-06 0)
(-9.3308123e-08 5.3870387e-06 0)
(1.1637581e-07 5.1447948e-06 0)
(9.6463339e-07 6.7922346e-06 0)
(1.3271184e-06 -1.4406446e-06 0)
(6.3582983e-07 -1.050537e-05 0)
(-6.046495e-07 -1.0500852e-05 0)
(-1.3033813e-06 -1.4371338e-06 0)
(-9.5253304e-07 6.7987583e-06 0)
(-1.1510709e-07 5.1460757e-06 0)
(1.372578e-07 4.8671636e-06 0)
(1.0946365e-06 6.4580757e-06 0)
(1.4870997e-06 -1.3523143e-06 0)
(7.1348064e-07 -9.9897312e-06 0)
(-6.7794881e-07 -9.9876079e-06 0)
(-1.4595737e-06 -1.3399078e-06 0)
(-1.0802439e-06 6.4680311e-06 0)
(-1.3548588e-07 4.8730488e-06 0)
(1.5627295e-07 4.5529934e-06 0)
(1.1845133e-06 6.1017086e-06 0)
(1.595643e-06 -1.2568839e-06 0)
(7.5886497e-07 -9.4252491e-06 0)
(-7.2033031e-07 -9.4169261e-06 0)
(-1.5655776e-06 -1.2423861e-06 0)
(-1.167818e-06 6.1212766e-06 0)
(-1.5420452e-07 4.5624628e-06 0)
(1.7237377e-07 4.2101535e-06 0)
(1.2178067e-06 5.7239253e-06 0)
(1.6087771e-06 -1.1418387e-06 0)
(7.6529679e-07 -8.828778e-06 0)
(-7.2553976e-07 -8.8216695e-06 0)
(-1.5769799e-06 -1.1179217e-06 0)
(-1.1998973e-06 5.7494397e-06 0)
(-1.692763e-07 4.226181e-06 0)
(2.1566207e-07 3.8060471e-06 0)
(1.1682512e-06 5.27373e-06 0)
(1.502578e-06 -1.0101778e-06 0)
(7.0463443e-07 -8.0947562e-06 0)
(-6.649381e-07 -8.083022e-06 0)
(-1.4709143e-06 -9.8396162e-07 0)
(-1.1493174e-06 5.3073672e-06 0)
(-2.1197488e-07 3.8263689e-06 0)
)
;

boundaryField
{
    left
    {
        type            uniformFixedValue;
        uniformValue    sine;
        uniformValueCoeffs
        {
            t0              0;
            amplitude       constant 0.0125;
            frequency       constant 1;
            scale           constant (0 1 0);
            level           constant (0 0 0);
        }
        value           uniform (0 -5.604616e-16 0);
    }
    right
    {
        type            zeroGradient;
    }
    walls
    {
        type            fixedValue;
        value           uniform (0 0 0);
    }
    frontAndBack
    {
        type            empty;
    }
}


// ************************************************************************* //
