/*--------------------------------*- C++ -*----------------------------------*\
| =========                 |                                                 |
| \\      /  F ield         | OpenFOAM: The Open Source CFD Toolbox           |
|  \\    /   O peration     | Version:  5.x                                   |
|   \\  /    A nd           | Web:      www.OpenFOAM.org                      |
|    \\/     M anipulation  |                                                 |
\*---------------------------------------------------------------------------*/
FoamFile
{
    version     2.0;
    format      ascii;
    class       volVectorField;
    location    "9";
    object      U_0;
}
// * * * * * * * * * * * * * * * * * * * * * * * * * * * * * * * * * * * * * //

dimensions      [0 1 -1 0 0 0 0];

internalField   nonuniform List<vector> 
1920
(
(-0.00037677878 -0.0034627946 0)
(-0.00068712762 -0.0039251414 0)
(-0.00037373002 -0.0038939814 0)
(-0.00011735004 -0.0038905167 0)
(0.00011735035 -0.0038905167 0)
(0.00037373015 -0.0038939813 0)
(0.0006871275 -0.0039251414 0)
(0.00037677869 -0.0034627944 0)
(-0.00052009076 -0.0032076297 0)
(-0.0011327783 -0.004033547 0)
(-0.00072317162 -0.0040869588 0)
(-0.00024537606 -0.0040893896 0)
(0.00024537664 -0.0040893895 0)
(0.0007231719 -0.0040869588 0)
(0.0011327783 -0.0040335468 0)
(0.00052009073 -0.0032076293 0)
(-0.00043555355 -0.0027956873 0)
(-0.0011199894 -0.0040309249 0)
(-0.00080799878 -0.0042920128 0)
(-0.00029028706 -0.004352641 0)
(0.00029028779 -0.004352641 0)
(0.00080799916 -0.0042920127 0)
(0.0011199895 -0.0040309247 0)
(0.00043555359 -0.002795687 0)
(-0.000322851 -0.0023989182 0)
(-0.00094896515 -0.0039611509 0)
(-0.00075237574 -0.0044737282 0)
(-0.00028270362 -0.0046283775 0)
(0.00028270443 -0.0046283774 0)
(0.00075237619 -0.0044737283 0)
(0.00094896531 -0.0039611507 0)
(0.00032285108 -0.0023989181 0)
(-0.00022968174 -0.0020937519 0)
(-0.0007454072 -0.0038717434 0)
(-0.00063716119 -0.0046139611 0)
(-0.00024797049 -0.0048749033 0)
(0.00024797127 -0.0048749034 0)
(0.00063716168 -0.0046139611 0)
(0.00074540744 -0.0038717434 0)
(0.00022968184 -0.0020937518 0)
(-0.00015894484 -0.0018740963 0)
(-0.00055827319 -0.0037862667 0)
(-0.00050766271 -0.0047150773 0)
(-0.0002034888 -0.0050773888 0)
(0.00020348947 -0.0050773888 0)
(0.00050766319 -0.0047150774 0)
(0.0005582735 -0.0037862665 0)
(0.00015894496 -0.0018740963 0)
(-0.00010735379 -0.0017186662 0)
(-0.00040398075 -0.0037131365 0)
(-0.00038733525 -0.0047853681 0)
(-0.00015905499 -0.005235418 0)
(0.00015905551 -0.0052354181 0)
(0.0003873357 -0.0047853681 0)
(0.0004039811 -0.0037131364 0)
(0.00010735393 -0.0017186661 0)
(-7.0997632e-05 -0.0016104386 0)
(-0.00028477869 -0.0036545011 0)
(-0.00028574024 -0.0048329674 0)
(-0.00011993125 -0.0053542871 0)
(0.00011993163 -0.005354287 0)
(0.00028574063 -0.0048329673 0)
(0.00028477907 -0.0036545009 0)
(7.0997772e-05 -0.0016104385 0)
(-4.6167102e-05 -0.0015365553 0)
(-0.00019639975 -0.0036096596 0)
(-0.00020525272 -0.0048644932 0)
(-8.7708448e-05 -0.0054410685 0)
(8.7708668e-05 -0.0054410685 0)
(0.00020525305 -0.004864493 0)
(0.00019640013 -0.0036096594 0)
(4.6167255e-05 -0.0015365552 0)
(-2.9524337e-05 -0.0014870518 0)
(-0.00013296243 -0.0035766049 0)
(-0.00014403766 -0.0048849549 0)
(-6.2640279e-05 -0.0055028518 0)
(6.2640371e-05 -0.0055028517 0)
(0.00014403792 -0.0048849546 0)
(0.0001329628 -0.0035766046 0)
(2.9524485e-05 -0.0014870517 0)
(-1.8596966e-05 -0.0014544345 0)
(-8.8428706e-05 -0.0035529362 0)
(-9.9102224e-05 -0.004897991 0)
(-4.3714991e-05 -0.0055458883 0)
(4.3714965e-05 -0.0055458882 0)
(9.9102405e-05 -0.0048979906 0)
(8.8429037e-05 -0.0035529358 0)
(1.8597115e-05 -0.0014544344 0)
(-1.1502232e-05 -0.001433279 0)
(-5.7862216e-05 -0.0035363979 0)
(-6.6880938e-05 -0.0049061398 0)
(-2.9957502e-05 -0.005575285 0)
(2.9957384e-05 -0.0055752849 0)
(6.6881046e-05 -0.0049061394 0)
(5.7862505e-05 -0.0035363975 0)
(1.1502369e-05 -0.0014332789 0)
(-6.9891261e-06 -0.0014197797 0)
(-3.7204731e-05 -0.0035250877 0)
(-4.4361884e-05 -0.0049111345 0)
(-2.0117002e-05 -0.0055949982 0)
(2.0116811e-05 -0.005594998 0)
(4.436192e-05 -0.0049111341 0)
(3.7204969e-05 -0.0035250873 0)
(6.9892499e-06 -0.0014197795 0)
(-4.1465657e-06 -0.001411313 0)
(-2.3514913e-05 -0.0035175082 0)
(-2.8880074e-05 -0.004914126 0)
(-1.3289647e-05 -0.0056079827 0)
(1.3289397e-05 -0.0056079826 0)
(2.8880056e-05 -0.0049141256 0)
(2.3515095e-05 -0.0035175079 0)
(4.1466769e-06 -0.0014113128 0)
(-2.3980016e-06 -0.0014061057 0)
(-1.4563544e-05 -0.003512527 0)
(-1.8466992e-05 -0.0049158708 0)
(-8.6021137e-06 -0.0056163798 0)
(8.6018255e-06 -0.0056163796 0)
(1.8466913e-05 -0.0049158705 0)
(1.4563679e-05 -0.0035125267 0)
(2.3980917e-06 -0.0014061056 0)
(-1.3354352e-06 -0.0014029738 0)
(-8.8246586e-06 -0.0035093193 0)
(-1.1562015e-05 -0.0049168527 0)
(-5.4701508e-06 -0.0056217063 0)
(5.4698237e-06 -0.0056217062 0)
(1.1561903e-05 -0.0049168523 0)
(8.8247389e-06 -0.003509319 0)
(1.3355168e-06 -0.0014029737 0)
(-7.0871241e-07 -0.001401142 0)
(-5.1993757e-06 -0.0035072966 0)
(-7.0788869e-06 -0.0049173802 0)
(-3.3979021e-06 -0.005625013 0)
(3.3975695e-06 -0.0056250129 0)
(7.0787236e-06 -0.0049173799 0)
(5.1994221e-06 -0.0035072964 0)
(7.0877123e-07 -0.0014011419 0)
(-3.4690862e-07 -0.0014001076 0)
(-2.9599783e-06 -0.0035060523 0)
(-4.2134702e-06 -0.0049176425 0)
(-2.0617055e-06 -0.0056270159 0)
(2.0613598e-06 -0.0056270158 0)
(4.2132972e-06 -0.0049176423 0)
(2.9599837e-06 -0.0035060522 0)
(3.4696367e-07 -0.0014001076 0)
(-1.4689719e-07 -0.0013995524 0)
(-1.6048309e-06 -0.0035053075 0)
(-2.4235198e-06 -0.0049177574 0)
(-1.2116903e-06 -0.0056281923 0)
(1.2113487e-06 -0.0056281923 0)
(2.4233211e-06 -0.0049177573 0)
(1.6048173e-06 -0.0035053074 0)
(1.4693418e-07 -0.0013995524 0)
(-4.1598212e-08 -0.0013992762 0)
(-8.0885838e-07 -0.003504878 0)
(-1.3290892e-06 -0.0049177927 0)
(-6.8523663e-07 -0.005628857 0)
(6.849009e-07 -0.0056288569 0)
(1.3288953e-06 -0.0049177927 0)
(8.0882411e-07 -0.003504878 0)
(4.1633824e-08 -0.0013992762 0)
(9.1327163e-09 -0.0013991572 0)
(-3.5733516e-07 -0.0035046412 0)
(-6.7951216e-07 -0.0049177897 0)
(-3.6615143e-07 -0.0056292119 0)
(3.6583914e-07 -0.0056292119 0)
(6.7931705e-07 -0.0049177898 0)
(3.5729397e-07 -0.0035046414 0)
(-9.1070413e-09 -0.0013991572 0)
(2.9874636e-08 -0.0013991217 0)
(-1.14161e-07 -0.0035045202 0)
(-3.0698976e-07 -0.0049177697 0)
(-1.7951329e-07 -0.0056293857 0)
(1.7923061e-07 -0.0056293858 0)
(3.0681479e-07 -0.0049177699 0)
(1.1412168e-07 -0.0035045204 0)
(-2.9850273e-08 -0.0013991218 0)
(3.4902922e-08 -0.0013991274 0)
(7.2556828e-09 -0.0035044651 0)
(-1.0421379e-07 -0.0049177455 0)
(-7.3977605e-08 -0.0056294574 0)
(7.3728445e-08 -0.0056294576 0)
(1.0406428e-07 -0.0049177457 0)
(-7.2935741e-09 -0.0035044655 0)
(-3.4879966e-08 -0.0013991275 0)
(3.2660652e-08 -0.0013991502 0)
(5.9292017e-08 -0.0035044467 0)
(-1.058072e-09 -0.0049177219 0)
(-1.8667235e-08 -0.0056294752 0)
(1.846984e-08 -0.0056294753 0)
(9.3695127e-10 -0.0049177223 0)
(-5.9309427e-08 -0.0035044471 0)
(-3.2640609e-08 -0.0013991504 0)
(2.7271094e-08 -0.0013991778 0)
(7.4995875e-08 -0.0035044463 0)
(4.3893278e-08 -0.0049177021 0)
(8.9131202e-09 -0.0056294666 0)
(-9.0598252e-09 -0.0056294668 0)
(-4.3968516e-08 -0.0049177024 0)
(-7.5006877e-08 -0.0035044468 0)
(-2.7245764e-08 -0.001399178 0)
(2.1612094e-08 -0.0013992037 0)
(7.1721384e-08 -0.0035044543 0)
(5.8904084e-08 -0.004917686 0)
(1.8944301e-08 -0.0056294478 0)
(-1.9026596e-08 -0.0056294479 0)
(-5.8942827e-08 -0.0049176866 0)
(-7.1699407e-08 -0.0035044548 0)
(-2.1591539e-08 -0.0013992039 0)
(1.6070655e-08 -0.0013992256 0)
(6.1688767e-08 -0.0035044647 0)
(5.7019177e-08 -0.004917674 0)
(2.2041995e-08 -0.0056294265 0)
(-2.2066604e-08 -0.0056294268 0)
(-5.7001669e-08 -0.0049176745 0)
(-6.1658861e-08 -0.0035044653 0)
(-1.6041001e-08 -0.0013992259 0)
(1.1869713e-08 -0.0013992429 0)
(4.8598329e-08 -0.0035044749 0)
(4.9838215e-08 -0.0049176649 0)
(1.9337322e-08 -0.0056294072 0)
(-1.9292833e-08 -0.0056294074 0)
(-4.9782769e-08 -0.0049176656 0)
(-4.853086e-08 -0.0035044755 0)
(-1.1846264e-08 -0.0013992432 0)
(8.1672041e-09 -0.0013992559 0)
(3.7280074e-08 -0.0035044836 0)
(3.9108532e-08 -0.0049176586 0)
(1.6915742e-08 -0.005629391 0)
(-1.6814302e-08 -0.0056293913 0)
(-3.8996697e-08 -0.0049176592 0)
(-3.7205864e-08 -0.0035044842 0)
(-8.1336253e-09 -0.0013992562 0)
(5.8273954e-09 -0.0013992653 0)
(2.6640593e-08 -0.0035044905 0)
(3.0365913e-08 -0.004917654 0)
(1.2298993e-08 -0.0056293784 0)
(-1.2133433e-08 -0.0056293786 0)
(-3.0220375e-08 -0.0049176547 0)
(-2.6531042e-08 -0.0035044912 0)
(-5.8005918e-09 -0.0013992656 0)
(3.695299e-09 -0.0013992719 0)
(1.9236935e-08 -0.0035044957 0)
(2.1338342e-08 -0.004917651 0)
(9.9885348e-09 -0.005629369 0)
(-9.7749851e-09 -0.0056293692 0)
(-2.1144642e-08 -0.0049176516 0)
(-1.9123611e-08 -0.0035044963 0)
(-3.6593779e-09 -0.0013992722 0)
(2.6319557e-09 -0.0013992763 0)
(1.2592371e-08 -0.0035044994 0)
(1.5623713e-08 -0.0049176489 0)
(6.2627271e-09 -0.0056293622 0)
(-5.9984788e-09 -0.0056293624 0)
(-1.5404958e-08 -0.0049176495 0)
(-1.2450594e-08 -0.0035045 0)
(-2.6025615e-09 -0.0013992766 0)
(1.4664924e-09 -0.0013992792 0)
(8.7452516e-09 -0.0035045019 0)
(9.7901242e-09 -0.0049176474 0)
(5.1202931e-09 -0.0056293575 0)
(-4.8229811e-09 -0.0056293578 0)
(-9.537021e-09 -0.004917648 0)
(-8.6036704e-09 -0.0035045025 0)
(-1.4301354e-09 -0.0013992795 0)
(1.1134337e-09 -0.001399281 0)
(5.0075337e-09 -0.0035045034 0)
(6.9451487e-09 -0.0049176465 0)
(2.5335194e-09 -0.0056293544 0)
(-2.2037001e-09 -0.0056293546 0)
(-6.678121e-09 -0.004917647 0)
(-4.8466914e-09 -0.003504504 0)
(-1.0827608e-09 -0.0013992813 0)
(4.5919794e-10 -0.001399282 0)
(3.3989188e-09 -0.0035045043 0)
(3.4937652e-09 -0.0049176459 0)
(2.3501586e-09 -0.0056293524 0)
(-2.0045719e-09 -0.0056293526 0)
(-3.2083348e-09 -0.0049176464 0)
(-3.2423401e-09 -0.0035045048 0)
(-4.2407909e-10 -0.0013992823 0)
(4.5407982e-10 -0.0013992826 0)
(1.3439236e-09 -0.0035045047 0)
(2.4811398e-09 -0.0049176455 0)
(5.5981188e-10 -0.0056293512 0)
(-2.0068806e-10 -0.0056293514 0)
(-2.1930178e-09 -0.0049176459 0)
(-1.1774247e-09 -0.0035045052 0)
(-4.2347293e-10 -0.0013992828 0)
(4.4741146e-11 -0.0013992827 0)
(9.2878202e-10 -0.0035045048 0)
(4.2816508e-10 -0.0049176451 0)
(9.5170762e-10 -0.0056293506 0)
(-5.9314276e-10 -0.0056293508 0)
(-1.3662864e-10 -0.0049176456 0)
(-7.6992944e-10 -0.0035045053 0)
(-1.2029782e-11 -0.0013992829 0)
(1.9260318e-10 -0.0013992827 0)
(-2.6690276e-10 -0.0035045047 0)
(3.9945106e-10 -0.004917645 0)
(-3.8180855e-10 -0.0056293503 0)
(7.374098e-10 -0.0056293505 0)
(-1.1462327e-10 -0.0049176453 0)
(4.2769839e-10 -0.0035045051 0)
(-1.6311701e-10 -0.0013992829 0)
(-1.0769627e-10 -0.0013992825 0)
(-1.146601e-10 -0.0035045044 0)
(-9.3015322e-10 -0.0049176448 0)
(3.0196974e-10 -0.0056293503 0)
(4.0160879e-11 -0.0056293505 0)
(1.2064492e-09 -0.0049176451 0)
(2.6563703e-10 -0.0035045048 0)
(1.3739803e-10 -0.0013992827 0)
(9.9357121e-11 -0.0013992823 0)
(-9.0808692e-10 -0.003504504 0)
(-4.9027369e-10 -0.0049176446 0)
(-7.9469361e-10 -0.0056293505 0)
(1.1217934e-09 -0.0056293506 0)
(7.5345906e-10 -0.0049176449 0)
(1.0551665e-09 -0.0035045043 0)
(-7.1620115e-11 -0.0013992824 0)
(-1.5452301e-10 -0.001399282 0)
(-5.1359064e-10 -0.0035045036 0)
(-1.4751838e-09 -0.0049176445 0)
(1.6869228e-11 -0.0056293507 0)
(2.8847253e-10 -0.0056293508 0)
(1.7218571e-09 -0.0049176448 0)
(6.5008672e-10 -0.0035045038 0)
(1.8111117e-10 -0.0013992821 0)
(7.0551989e-11 -0.0013992817 0)
(-1.1300583e-09 -0.0035045031 0)
(-8.3673978e-10 -0.0049176444 0)
(-9.6187906e-10 -0.005629351 0)
(1.2451528e-09 -0.0056293511 0)
(1.0672199e-09 -0.0049176446 0)
(1.2590777e-09 -0.0035045033 0)
(-4.4771143e-11 -0.0013992817 0)
(-1.631739e-10 -0.0013992813 0)
(-6.4587847e-10 -0.0035045026 0)
(-1.6649146e-09 -0.0049176443 0)
(-1.0554639e-10 -0.0056293514 0)
(3.6341144e-10 -0.0056293514 0)
(1.8747919e-09 -0.0049176445 0)
(7.6485174e-10 -0.0035045028 0)
(1.8690605e-10 -0.0013992814 0)
(6.3398715e-11 -0.001399281 0)
(-1.1863104e-09 -0.0035045021 0)
(-9.5553594e-10 -0.0049176442 0)
(-1.0233091e-09 -0.0056293517 0)
(1.2566197e-09 -0.0056293518 0)
(1.1490934e-09 -0.0049176443 0)
(1.2961656e-09 -0.0035045023 0)
(-3.9452153e-11 -0.001399281 0)
(-1.6006321e-10 -0.0013992806 0)
(-6.7795066e-10 -0.0035045016 0)
(-1.7115704e-09 -0.0049176441 0)
(-1.6015887e-10 -0.0056293521 0)
(3.6824727e-10 -0.0056293521 0)
(1.8835976e-09 -0.0049176442 0)
(7.7929249e-10 -0.0035045017 0)
(1.8140597e-10 -0.0013992807 0)
(6.2029322e-11 -0.0013992803 0)
(-1.1834767e-09 -0.0035045011 0)
(-9.8642903e-10 -0.004917644 0)
(-1.0414177e-09 -0.0056293524 0)
(1.2259119e-09 -0.0056293525 0)
(1.1442018e-09 -0.0049176441 0)
(1.2754549e-09 -0.0035045012 0)
(-3.9592441e-11 -0.0013992803 0)
(-1.5435974e-10 -0.0013992799 0)
(-6.7655533e-10 -0.0035045006 0)
(-1.7049263e-09 -0.0049176438 0)
(-1.8730174e-10 -0.0056293528 0)
(3.4940805e-10 -0.0056293528 0)
(1.8423944e-09 -0.004917644 0)
(7.6215911e-10 -0.0035045007 0)
(1.7385324e-10 -0.00139928 0)
(6.1390489e-11 -0.0013992796 0)
(-1.162158e-09 -0.0035045 0)
(-9.8579261e-10 -0.0049176437 0)
(-1.0414778e-09 -0.0056293531 0)
(1.1830975e-09 -0.0056293532 0)
(1.1123809e-09 -0.0049176438 0)
(1.2389727e-09 -0.0035045001 0)
(-4.0056915e-11 -0.0013992796 0)
(-1.4868441e-10 -0.0013992793 0)
(-6.6558494e-10 -0.0035044995 0)
(-1.6794479e-09 -0.0049176436 0)
(-2.0246837e-10 -0.0056293535 0)
(3.2596664e-10 -0.0056293535 0)
(1.7881103e-09 -0.0049176437 0)
(7.3840087e-10 -0.0035044996 0)
(1.668418e-10 -0.0013992793 0)
(6.0300697e-11 -0.0013992789 0)
(-1.1359174e-09 -0.003504499 0)
(-9.7403624e-10 -0.0049176435 0)
(-1.0327949e-09 -0.0056293538 0)
(1.1398806e-09 -0.0056293539 0)
(1.0757097e-09 -0.0049176436 0)
(1.2008497e-09 -0.0035044991 0)
(-3.9675243e-11 -0.001399279 0)
(-1.4349535e-10 -0.0013992786 0)
(-6.5226134e-10 -0.0035044985 0)
(-1.6469231e-09 -0.0049176434 0)
(-2.1105721e-10 -0.0056293542 0)
(3.0471288e-10 -0.0056293542 0)
(1.7333928e-09 -0.0049176435 0)
(7.1552114e-10 -0.0035044986 0)
(1.6074139e-10 -0.0013992786 0)
(5.8734554e-11 -0.0013992783 0)
(-1.1084216e-09 -0.003504498 0)
(-9.575917e-10 -0.0049176433 0)
(-1.0186133e-09 -0.0056293545 0)
(1.100005e-09 -0.0056293545 0)
(1.0408897e-09 -0.0049176433 0)
(1.164687e-09 -0.0035044981 0)
(-3.8491015e-11 -0.0013992783 0)
(-1.3869853e-10 -0.001399278 0)
(-6.3813598e-10 -0.0035044976 0)
(-1.6108617e-09 -0.0049176431 0)
(-2.1491284e-10 -0.0056293548 0)
(2.872944e-10 -0.0056293548 0)
(1.6814726e-09 -0.0049176432 0)
(6.9482502e-10 -0.0035044976 0)
(1.5534337e-10 -0.001399278 0)
(5.6888621e-11 -0.0013992776 0)
(-1.0802787e-09 -0.0035044971 0)
(-9.3816342e-10 -0.004917643 0)
(-1.0002384e-09 -0.0056293551 0)
(1.06402e-09 -0.0056293552 0)
(1.0089874e-09 -0.0049176431 0)
(1.1306432e-09 -0.0035044972 0)
(-3.6794781e-11 -0.0013992777 0)
(-1.3415001e-10 -0.0013992773 0)
(-6.2324034e-10 -0.0035044966 0)
(-1.5722298e-09 -0.0049176429 0)
(-2.1487889e-10 -0.0056293555 0)
(2.7341151e-10 -0.0056293555 0)
(1.6323791e-09 -0.004917643 0)
(6.7581316e-10 -0.0035044967 0)
(1.5038917e-10 -0.0013992774 0)
(5.4924349e-11 -0.001399277 0)
(-1.0514414e-09 -0.0035044961 0)
(-9.16197e-10 -0.0049176428 0)
(-9.7850835e-10 -0.0056293558 0)
(1.0313555e-09 -0.0056293558 0)
(9.7935454e-10 -0.0049176429 0)
(1.098057e-09 -0.0035044962 0)
(-3.4842748e-11 -0.0013992771 0)
(-1.297647e-10 -0.0013992767 0)
(-6.0742181e-10 -0.0035044957 0)
(-1.5314393e-09 -0.0049176427 0)
(-2.1161766e-10 -0.0056293561 0)
(2.6217959e-10 -0.0056293561 0)
(1.5853288e-09 -0.0049176428 0)
(6.5771156e-10 -0.0035044958 0)
(1.456954e-10 -0.0013992768 0)
(5.293447e-11 -0.0013992764 0)
(-1.0218877e-09 -0.0035044952 0)
(-8.919688e-10 -0.0049176426 0)
(-9.5419199e-10 -0.0056293564 0)
(1.0011825e-09 -0.0056293564 0)
(9.5106002e-10 -0.0049176427 0)
(1.0662826e-09 -0.0035044953 0)
(-3.2808121e-11 -0.0013992765 0)
(-1.255112e-10 -0.0013992761 0)
(-5.9065141e-10 -0.0035044947 0)
(-1.4888884e-09 -0.0049176424 0)
(-2.0577672e-10 -0.0056293567 0)
(2.5267611e-10 -0.0056293567 0)
(1.5395389e-09 -0.0049176426 0)
(6.3990599e-10 -0.0035044949 0)
(1.4115581e-10 -0.0013992762 0)
(5.0963957e-11 -0.0013992758 0)
(-9.9172086e-10 -0.0035044943 0)
(-8.6581712e-10 -0.0049176423 0)
(-9.2802345e-10 -0.005629357 0)
(9.727434e-10 -0.005629357 0)
(9.2333432e-10 -0.0049176425 0)
(1.034882e-09 -0.0035044944 0)
(-3.0796164e-11 -0.0013992759 0)
(-1.2138687e-10 -0.0013992756 0)
(-5.7301998e-10 -0.0035044939 0)
(-1.4450247e-09 -0.0049176422 0)
(-1.9796504e-10 -0.0056293573 0)
(2.4413454e-10 -0.0056293573 0)
(1.4944431e-09 -0.0049176424 0)
(6.2200387e-10 -0.003504494 0)
(1.3671723e-10 -0.0013992756 0)
(4.9033703e-11 -0.0013992753 0)
(-9.6112243e-10 -0.0035044934 0)
(-8.3812457e-10 -0.0049176421 0)
(-9.0065807e-10 -0.0056293576 0)
(9.4545619e-10 -0.0056293576 0)
(8.9565507e-10 -0.0049176423 0)
(1.0036146e-09 -0.0035044936 0)
(-2.8867397e-11 -0.0013992753 0)
(-1.173995e-10 -0.001399275 0)
(-5.5467753e-10 -0.003504493 0)
(-1.4002985e-09 -0.004917642 0)
(-1.8870837e-10 -0.0056293579 0)
(2.3598963e-10 -0.0056293579 0)
(1.4497027e-09 -0.0049176422 0)
(6.0379345e-10 -0.0035044932 0)
(1.3235802e-10 -0.0013992751 0)
(4.7155017e-11 -0.0013992747 0)
(-9.3029673e-10 -0.0035044926 0)
(-8.0926551e-10 -0.0049176419 0)
(-8.7263951e-10 -0.0056293581 0)
(9.189222e-10 -0.0056293582 0)
(8.6771839e-10 -0.0049176421 0)
(9.7238473e-10 -0.0035044927 0)
(-2.705498e-11 -0.0013992748 0)
(-1.1355752e-10 -0.0013992745 0)
(-5.3578724e-10 -0.0035044922 0)
(-1.35512e-09 -0.0049176418 0)
(-1.7842901e-10 -0.0056293584 0)
(2.2786131e-10 -0.0056293585 0)
(1.405159e-09 -0.004917642 0)
(5.8518935e-10 -0.0035044924 0)
(1.2807362e-10 -0.0013992745 0)
(4.5336744e-11 -0.0013992742 0)
(-8.9943834e-10 -0.0035044918 0)
(-7.7957391e-10 -0.0049176417 0)
(-8.4439457e-10 -0.0056293587 0)
(8.9289726e-10 -0.0056293588 0)
(8.393847e-10 -0.0049176419 0)
(9.411905e-10 -0.003504492 0)
(-2.5376322e-11 -0.0013992743 0)
(-1.0986667e-10 -0.0013992739 0)
(-5.1650241e-10 -0.0035044914 0)
(-1.3098408e-09 -0.0049176416 0)
(-1.6745037e-10 -0.005629359 0)
(2.195173e-10 -0.005629359 0)
(1.3607801e-09 -0.0049176418 0)
(5.6618757e-10 -0.0035044916 0)
(1.238679e-10 -0.001399274 0)
(4.358725e-11 -0.0013992737 0)
(-8.6871908e-10 -0.003504491 0)
(-7.4933441e-10 -0.0049176416 0)
(-8.1624713e-10 -0.0056293592 0)
(8.672528e-10 -0.0056293593 0)
(8.106272e-10 -0.0049176418 0)
(9.10086e-10 -0.0035044912 0)
(-2.3839399e-11 -0.0013992738 0)
(-1.0632892e-10 -0.0013992734 0)
(-4.969596e-10 -0.0035044906 0)
(-1.2647544e-09 -0.0049176415 0)
(-1.560147e-10 -0.0056293595 0)
(2.1083335e-10 -0.0056293596 0)
(1.3166147e-09 -0.0049176417 0)
(5.4683326e-10 -0.0035044908 0)
(1.1974837e-10 -0.0013992735 0)
(4.1914977e-11 -0.0013992732 0)
(-8.3828638e-10 -0.0035044902 0)
(-7.1878668e-10 -0.0049176414 0)
(-7.8843933e-10 -0.0056293597 0)
(8.4193876e-10 -0.0056293598 0)
(7.8149086e-10 -0.0049176416 0)
(8.7915508e-10 -0.0035044904 0)
(-2.2446732e-11 -0.0013992733 0)
(-1.0294353e-10 -0.001399273 0)
(-4.7727875e-10 -0.0035044899 0)
(-1.2201042e-09 -0.0049176413 0)
(-1.4430377e-10 -0.00562936 0)
(2.0175818e-10 -0.0056293601 0)
(1.2727577e-09 -0.0049176415 0)
(5.2719903e-10 -0.0035044901 0)
(1.1572358e-10 -0.001399273 0)
(4.0327663e-11 -0.0013992727 0)
(-8.0826585e-10 -0.0035044895 0)
(-6.8813382e-10 -0.0049176412 0)
(-7.6115262e-10 -0.0056293602 0)
(8.1695354e-10 -0.0056293603 0)
(7.5206244e-10 -0.0049176414 0)
(8.4849436e-10 -0.0035044897 0)
(-2.1197383e-11 -0.0013992728 0)
(-9.9707799e-11 -0.0013992725 0)
(-4.5756595e-10 -0.0035044892 0)
(-1.1760929e-09 -0.0049176412 0)
(-1.3245738e-10 -0.0056293605 0)
(1.9228676e-10 -0.0056293606 0)
(1.2293257e-09 -0.0049176414 0)
(5.0737064e-10 -0.0035044894 0)
(1.1180173e-10 -0.0013992726 0)
(3.8831818e-11 -0.0013992723 0)
(-7.7876459e-10 -0.0035044888 0)
(-6.575506e-10 -0.0049176411 0)
(-7.3452463e-10 -0.0056293607 0)
(7.9232251e-10 -0.0056293608 0)
(7.2244971e-10 -0.0049176413 0)
(8.182019e-10 -0.0035044891 0)
(-2.0088213e-11 -0.0013992724 0)
(-9.6617788e-11 -0.001399272 0)
(-4.3791573e-10 -0.0035044885 0)
(-1.1328907e-09 -0.004917641 0)
(-1.2058625e-10 -0.005629361 0)
(1.8244176e-10 -0.0056293611 0)
(1.1864408e-09 -0.0049176412 0)
(4.8743741e-10 -0.0035044887 0)
(1.0798995e-10 -0.0013992721 0)
(3.74326e-11 -0.0013992718 0)
(-7.4987379e-10 -0.0035044882 0)
(-6.2718892e-10 -0.0049176409 0)
(-7.0866074e-10 -0.0056293612 0)
(7.6808342e-10 -0.0056293613 0)
(6.9276787e-10 -0.0049176412 0)
(7.8837101e-10 -0.0035044884 0)
(-1.9114793e-11 -0.0013992719 0)
(-9.3668703e-11 -0.0013992716 0)
(-4.1841229e-10 -0.0035044879 0)
(-1.0906397e-09 -0.0049176409 0)
(-1.0878081e-10 -0.0056293614 0)
(1.7226097e-10 -0.0056293615 0)
(1.1442213e-09 -0.0049176411 0)
(4.674869e-10 -0.0035044881 0)
(1.0429399e-10 -0.0013992717 0)
(3.613369e-11 -0.0013992714 0)
(-7.2167005e-10 -0.0035044876 0)
(-5.971806e-10 -0.0049176408 0)
(-6.8364143e-10 -0.0056293617 0)
(7.4427787e-10 -0.0056293618 0)
(6.6313107e-10 -0.004917641 0)
(7.5908615e-10 -0.0035044878 0)
(-1.8271657e-11 -0.0013992715 0)
(-9.0855319e-11 -0.0013992712 0)
(-3.9913e-10 -0.0035044873 0)
(-1.0494575e-09 -0.0049176407 0)
(-9.7115415e-11 -0.0056293619 0)
(1.617901e-10 -0.005629362 0)
(1.102775e-09 -0.004917641 0)
(4.4760154e-10 -0.0035044875 0)
(1.0071844e-10 -0.0013992713 0)
(3.493715e-11 -0.001399271 0)
(-6.9421605e-10 -0.003504487 0)
(-5.6763912e-10 -0.0049176407 0)
(-6.5952656e-10 -0.0056293621 0)
(7.2094672e-10 -0.0056293622 0)
(6.3364728e-10 -0.0049176409 0)
(7.3042116e-10 -0.0035044872 0)
(-1.7552578e-11 -0.0013992711 0)
(-8.8172028e-11 -0.0013992708 0)
(-3.8013329e-10 -0.0035044867 0)
(-1.0094384e-09 -0.0049176406 0)
(-8.5650914e-11 -0.0056293623 0)
(1.5107849e-10 -0.0056293624 0)
(1.0621972e-09 -0.0049176408 0)
(4.2785647e-10 -0.0035044869 0)
(9.7266338e-11 -0.0013992709 0)
(3.3843888e-11 -0.0013992706 0)
(-6.6756124e-10 -0.0035044864 0)
(-5.386597e-10 -0.0049176406 0)
(-6.3635766e-10 -0.0056293625 0)
(6.9812761e-10 -0.0056293626 0)
(6.0441584e-10 -0.0049176408 0)
(7.0243851e-10 -0.0035044866 0)
(-1.6950989e-11 -0.0013992707 0)
(-8.5613236e-11 -0.0013992705 0)
(-3.6147656e-10 -0.0035044861 0)
(-9.7065428e-10 -0.0049176405 0)
(-7.4435432e-11 -0.0056293628 0)
(1.4017664e-10 -0.0056293628 0)
(1.022569e-09 -0.0049176407 0)
(4.0831879e-10 -0.0035044863 0)
(9.3939695e-11 -0.0013992706 0)
(3.285345e-11 -0.0013992703 0)
(-6.4174217e-10 -0.0035044858 0)
(-5.1031954e-10 -0.0049176405 0)
(-6.1415961e-10 -0.005629363 0)
(6.7585437e-10 -0.0056293631 0)
(5.7552588e-10 -0.0049176407 0)
(6.7518921e-10 -0.0035044861 0)
(-1.6459837e-11 -0.0013992704 0)
(-8.317303e-11 -0.0013992701 0)
(-3.4320397e-10 -0.0035044856 0)
(-9.3315583e-10 -0.0049176404 0)
(-6.3505219e-11 -0.0056293632 0)
(1.2913519e-10 -0.0056293633 0)
(9.839573e-10 -0.0049176406 0)
(3.8904715e-10 -0.0035044858 0)
(9.0739295e-11 -0.0013992702 0)
(3.1964651e-11 -0.0013992699 0)
(-6.1678282e-10 -0.0035044853 0)
(-4.8267838e-10 -0.0049176404 0)
(-5.9294192e-10 -0.0056293634 0)
(6.5415632e-10 -0.0056293634 0)
(5.4705576e-10 -0.0049176406 0)
(6.48713e-10 -0.0035044855 0)
(-1.6072018e-11 -0.00139927 0)
(-8.084558e-11 -0.0013992698 0)
(-3.2534971e-10 -0.0035044851 0)
(-8.9697393e-10 -0.0049176403 0)
(-5.2885287e-11 -0.0056293636 0)
(1.1800375e-10 -0.0056293636 0)
(9.464149e-10 -0.0049176405 0)
(3.7009161e-10 -0.0035044853 0)
(8.7664886e-11 -0.0013992699 0)
(3.1175193e-11 -0.0013992696 0)
(-5.9269597e-10 -0.0035044848 0)
(-4.5577943e-10 -0.0049176403 0)
(-5.7270047e-10 -0.0056293637 0)
(6.3305844e-10 -0.0056293638 0)
(5.1907327e-10 -0.0049176405 0)
(6.2303917e-10 -0.0035044851 0)
(-1.5780338e-11 -0.0013992697 0)
(-7.8624931e-11 -0.0013992695 0)
(-3.0793895e-10 -0.0035044846 0)
(-8.6212123e-10 -0.0049176402 0)
(-4.2590353e-11 -0.0056293639 0)
(1.068301e-10 -0.005629364 0)
(9.0998172e-10 -0.0049176404 0)
(3.5149408e-10 -0.0035044848 0)
(8.4715454e-11 -0.0013992695 0)
(3.0482333e-11 -0.0013992693 0)
(-5.6948385e-10 -0.0035044844 0)
(-4.2965078e-10 -0.0049176402 0)
(-5.5341904e-10 -0.0056293641 0)
(6.1258121e-10 -0.0056293642 0)
(4.9163545e-10 -0.0049176404 0)
(5.9818742e-10 -0.0035044846 0)
(-1.5577619e-11 -0.0013992694 0)
(-7.6505372e-11 -0.0013992692 0)
(-2.9098802e-10 -0.0035044842 0)
(-8.285943e-10 -0.0049176402 0)
(-3.2626131e-11 -0.0056293643 0)
(9.5659769e-11 -0.0056293644 0)
(8.7468503e-10 -0.0049176404 0)
(3.3328857e-10 -0.0035044844 0)
(8.1889113e-11 -0.0013992692 0)
(2.9882561e-11 -0.001399269 0)
(-5.4713982e-10 -0.0035044839 0)
(-4.0430682e-10 -0.0049176401 0)
(-5.3507152e-10 -0.0056293645 0)
(5.9274065e-10 -0.0056293646 0)
(4.6478896e-10 -0.0049176403 0)
(5.7416829e-10 -0.0035044841 0)
(-1.5456812e-11 -0.0013992691 0)
(-7.4481121e-11 -0.0013992689 0)
(-2.7450592e-10 -0.0035044837 0)
(-7.9637596e-10 -0.0049176401 0)
(-2.2990861e-11 -0.0056293646 0)
(8.4535145e-11 -0.0056293647 0)
(8.405408e-10 -0.0049176403 0)
(3.155016e-10 -0.0035044839 0)
(7.9183317e-11 -0.0013992689 0)
(2.9372117e-11 -0.0013992687 0)
(-5.2564946e-10 -0.0035044835 0)
(-3.7975047e-10 -0.0049176401 0)
(-5.1762386e-10 -0.0056293648 0)
(5.7354816e-10 -0.0056293649 0)
(4.3857086e-10 -0.0049176403 0)
(5.5098447e-10 -0.0035044837 0)
(-1.5411079e-11 -0.0013992688 0)
(-7.2546701e-11 -0.0013992686 0)
(-2.5849517e-10 -0.0035044833 0)
(-7.6543769e-10 -0.00491764 0)
(-1.3676665e-11 -0.005629365 0)
(7.3495001e-11 -0.0056293651 0)
(8.0755452e-10 -0.0049176402 0)
(2.9815274e-10 -0.0035044835 0)
(7.6595048e-11 -0.0013992687 0)
(2.8946702e-11 -0.0013992685 0)
(-5.0499222e-10 -0.0035044831 0)
(-3.5597496e-10 -0.00491764 0)
(-5.0103609e-10 -0.0056293651 0)
(5.5501075e-10 -0.0056293652 0)
(4.1300856e-10 -0.0049176402 0)
(5.2863149e-10 -0.0035044833 0)
(-1.5433885e-11 -0.0013992685 0)
(-7.069683e-11 -0.0013992683 0)
(-2.4295285e-10 -0.0035044829 0)
(-7.3574207e-10 -0.00491764 0)
(-4.6712207e-12 -0.0056293653 0)
(6.2574118e-11 -0.0056293654 0)
(7.7572232e-10 -0.0049176401 0)
(2.8125535e-10 -0.0035044831 0)
(7.412066e-11 -0.0013992684 0)
(2.8601948e-11 -0.0013992682 0)
(-4.8514268e-10 -0.0035044827 0)
(-3.3296592e-10 -0.0049176399 0)
(-4.8526432e-10 -0.0056293655 0)
(5.3713086e-10 -0.0056293655 0)
(3.8812143e-10 -0.0049176401 0)
(5.0709885e-10 -0.0035044829 0)
(-1.5519028e-11 -0.0013992683 0)
(-6.8926387e-11 -0.0013992681 0)
(-2.2787193e-10 -0.0035044826 0)
(-7.0724495e-10 -0.0049176399 0)
(4.0409536e-12 -0.0056293656 0)
(5.1802959e-11 -0.0056293657 0)
(7.450322e-10 -0.0049176401 0)
(2.6481736e-10 -0.0035044827 0)
(7.1756278e-11 -0.0013992682 0)
(2.8333192e-11 -0.001399268 0)
(-4.6607186e-10 -0.0035044824 0)
(-3.1070297e-10 -0.0049176399 0)
(-4.7026224e-10 -0.0056293658 0)
(5.199066e-10 -0.0056293658 0)
(3.6392088e-10 -0.0049176401 0)
(4.8637098e-10 -0.0035044826 0)
(-1.5660626e-11 -0.001399268 0)
(-6.7230674e-11 -0.0013992678 0)
(-2.132419e-10 -0.0035044822 0)
(-6.7989732e-10 -0.0049176399 0)
(1.2477087e-11 -0.0056293659 0)
(4.1207432e-11 -0.005629366 0)
(7.1546527e-10 -0.00491764 0)
(2.4884172e-10 -0.0035044824 0)
(6.9497658e-11 -0.0013992679 0)
(2.8135713e-11 -0.0013992677 0)
(-4.4774816e-10 -0.003504482 0)
(-2.8916169e-10 -0.0049176398 0)
(-4.5598261e-10 -0.005629366 0)
(5.0333212e-10 -0.0056293661 0)
(3.4041172e-10 -0.00491764 0)
(4.6642811e-10 -0.0035044822 0)
(-1.5853189e-11 -0.0013992678 0)
(-6.5605041e-11 -0.0013992676 0)
(-1.9905005e-10 -0.0035044819 0)
(-6.5364734e-10 -0.0049176398 0)
(2.0655296e-11 -0.0056293662 0)
(3.0809348e-11 -0.0056293663 0)
(6.8699653e-10 -0.00491764 0)
(2.3332741e-10 -0.003504482 0)
(6.7340479e-11 -0.0013992677 0)
(2.8004723e-11 -0.0013992675 0)
(-4.3013863e-10 -0.0035044817 0)
(-2.6831476e-10 -0.0049176398 0)
(-4.4237848e-10 -0.0056293663 0)
(4.8739785e-10 -0.0056293664 0)
(3.1759277e-10 -0.0049176399 0)
(4.4724714e-10 -0.0035044819 0)
(-1.609153e-11 -0.0013992676 0)
(-6.404523e-11 -0.0013992674 0)
(-1.8528194e-10 -0.0035044816 0)
(-6.2844165e-10 -0.0049176398 0)
(2.8593699e-11 -0.0056293665 0)
(2.0626239e-11 -0.0056293665 0)
(6.5959633e-10 -0.0049176399 0)
(2.1826988e-10 -0.0035044817 0)
(6.528014e-11 -0.0013992675 0)
(2.7935584e-11 -0.0013992673 0)
(-4.1320953e-10 -0.0035044814 0)
(-2.481335e-10 -0.0049176397 0)
(-4.29404e-10 -0.0056293666 0)
(4.7209106e-10 -0.0056293666 0)
(2.9545805e-10 -0.0049176399 0)
(4.2880229e-10 -0.0035044816 0)
(-1.6370878e-11 -0.0013992674 0)
(-6.2547255e-11 -0.0013992672 0)
(-1.7192233e-10 -0.0035044813 0)
(-6.0422665e-10 -0.0049176397 0)
(3.6309655e-11 -0.0056293667 0)
(1.067164e-11 -0.0056293668 0)
(6.3323129e-10 -0.0049176399 0)
(2.0366194e-10 -0.0035044814 0)
(6.3312016e-11 -0.0013992673 0)
(2.7923456e-11 -0.0013992671 0)
(-3.9692726e-10 -0.0035044811 0)
(-2.2858858e-10 -0.0049176397 0)
(-4.170153e-10 -0.0056293668 0)
(4.5739601e-10 -0.0056293669 0)
(2.7399753e-10 -0.0049176398 0)
(4.1106623e-10 -0.0035044813 0)
(-1.6686814e-11 -0.0013992672 0)
(-6.1107397e-11 -0.001399267 0)
(-1.589555e-10 -0.003504481 0)
(-5.8094968e-10 -0.0049176397 0)
(4.3819237e-11 -0.005629367 0)
(9.557824e-13 -0.005629367 0)
(6.0786535e-10 -0.0049176398 0)
(1.8949424e-10 -0.0035044811 0)
(6.1431492e-11 -0.0013992671 0)
(2.7963778e-11 -0.0013992669 0)
(-3.8125868e-10 -0.0035044809 0)
(-2.0965105e-10 -0.0049176397 0)
(-4.0517079e-10 -0.0056293671 0)
(4.4329476e-10 -0.0056293671 0)
(2.5319806e-10 -0.0049176398 0)
(3.9401031e-10 -0.003504481 0)
(-1.7035221e-11 -0.001399267 0)
(-5.9722072e-11 -0.0013992668 0)
(-1.4636596e-10 -0.0035044807 0)
(-5.5855936e-10 -0.0049176397 0)
(5.1137153e-11 -0.0056293672 0)
(-8.5143346e-12 -0.0056293672 0)
(5.8346058e-10 -0.0049176398 0)
(1.7575593e-10 -0.0035044809 0)
(5.9633945e-11 -0.0013992669 0)
(2.805203e-11 -0.0013992667 0)
(-3.6617172e-10 -0.0035044806 0)
(-1.9129295e-10 -0.0049176396 0)
(-3.9383149e-10 -0.0056293673 0)
(4.297675e-10 -0.0056293674 0)
(2.3304422e-10 -0.0049176398 0)
(3.776055e-10 -0.0035044807 0)
(-1.7412255e-11 -0.0013992668 0)
(-5.8387984e-11 -0.0013992667 0)
(-1.3413859e-10 -0.0035044805 0)
(-5.3700667e-10 -0.0049176396 0)
(5.8276175e-11 -0.0056293674 0)
(-1.7734214e-11 -0.0056293675 0)
(5.599781e-10 -0.0049176397 0)
(1.6243524e-10 -0.0035044806 0)
(5.7914853e-11 -0.0013992667 0)
(2.8183894e-11 -0.0013992666 0)
(-3.5163554e-10 -0.0035044804 0)
(-1.734878e-10 -0.0049176396 0)
(-3.8296135e-10 -0.0056293675 0)
(4.1679302e-10 -0.0056293676 0)
(2.1351905e-10 -0.0049176397 0)
(3.6182272e-10 -0.0035044805 0)
(-1.7814305e-11 -0.0013992666 0)
(-5.7102033e-11 -0.0013992665 0)
(-1.2225912e-10 -0.0035044802 0)
(-5.1624504e-10 -0.0049176396 0)
(6.5247329e-11 -0.0056293676 0)
(-2.6701603e-11 -0.0056293677 0)
(5.3737874e-10 -0.0049176397 0)
(1.4951976e-10 -0.0035044804 0)
(5.6269777e-11 -0.0013992665 0)
(2.8355058e-11 -0.0013992664 0)
(-3.3762103e-10 -0.0035044801 0)
(-1.562109e-10 -0.0049176396 0)
(-3.7252699e-10 -0.0056293677 0)
(4.0434907e-10 -0.0056293678 0)
(1.9460463e-10 -0.0049176397 0)
(3.4663315e-10 -0.0035044802 0)
(-1.8237983e-11 -0.0013992665 0)
(-5.5861281e-11 -0.0013992663 0)
(-1.1071414e-10 -0.00350448 0)
(-4.962308e-10 -0.0049176396 0)
(7.2059738e-11 -0.0056293678 0)
(-3.5415877e-11 -0.0056293679 0)
(5.1562342e-10 -0.0049176397 0)
(1.3699709e-10 -0.0035044801 0)
(5.4694307e-11 -0.0013992664 0)
(2.856142e-11 -0.0013992663 0)
(-3.2410063e-10 -0.0035044799 0)
(-1.3943961e-10 -0.0049176395 0)
(-3.6249803e-10 -0.0056293679 0)
(3.9241296e-10 -0.005629368 0)
(1.7628284e-10 -0.0049176397 0)
(3.3200873e-10 -0.00350448 0)
(-1.8680226e-11 -0.0013992663 0)
(-5.4662969e-11 -0.0013992662 0)
(-9.9491494e-11 -0.0035044798 0)
(-4.7692318e-10 -0.0049176395 0)
(7.8720636e-11 -0.005629368 0)
(-4.3877796e-11 -0.005629368 0)
(4.9467414e-10 -0.0049176396 0)
(1.248549e-10 -0.0035044799 0)
(5.3184285e-11 -0.0013992662 0)
(2.8799068e-11 -0.0013992661 0)
(-3.1104866e-10 -0.0035044797 0)
(-1.2315366e-10 -0.0049176395 0)
(-3.528467e-10 -0.0056293681 0)
(3.8096184e-10 -0.0056293681 0)
(1.5853568e-10 -0.0049176396 0)
(3.1792258e-10 -0.0035044798 0)
(-1.9138047e-11 -0.0013992662 0)
(-5.3504346e-11 -0.0013992661 0)
(-8.8580207e-11 -0.0035044796 0)
(-4.5828468e-10 -0.0049176395 0)
(8.5235475e-11 -0.0056293682 0)
(-5.2088972e-11 -0.0056293682 0)
(4.7449414e-10 -0.0049176396 0)
(1.1308135e-10 -0.0035044797 0)
(5.1735636e-11 -0.0013992661 0)
(2.9064151e-11 -0.001399266 0)
(-2.9844139e-10 -0.0035044795 0)
(-1.0733509e-10 -0.0049176395 0)
(-3.4354803e-10 -0.0056293683 0)
(3.6997303e-10 -0.0056293683 0)
(1.4134593e-10 -0.0049176396 0)
(3.0434894e-10 -0.0035044796 0)
(-1.9608595e-11 -0.001399266 0)
(-5.2383102e-11 -0.0013992659 0)
(-7.797085e-11 -0.0035044794 0)
(-4.4028085e-10 -0.0049176395 0)
(9.1607925e-11 -0.0056293683 0)
(-6.0051379e-11 -0.0056293684 0)
(4.5504829e-10 -0.0049176396 0)
(1.0166557e-10 -0.0035044795 0)
(5.0344486e-11 -0.001399266 0)
(2.9352997e-11 -0.0013992659 0)
(-2.862572e-10 -0.0035044793 0)
(-9.1968394e-11 -0.0049176395 0)
(-3.3457933e-10 -0.0056293684 0)
(3.5942448e-10 -0.0056293685 0)
(1.2469745e-10 -0.0049176396 0)
(2.9126365e-10 -0.0035044794 0)
(-2.0089174e-11 -0.0013992659 0)
(-5.129682e-11 -0.0013992658 0)
(-6.7655209e-11 -0.0035044792 0)
(-4.2288056e-10 -0.0049176395 0)
(9.7840285e-11 -0.0056293685 0)
(-6.7767352e-11 -0.0056293685 0)
(4.3630368e-10 -0.0049176396 0)
(9.0597472e-11 -0.0035044793 0)
(4.9007092e-11 -0.0013992658 0)
(2.966205e-11 -0.0013992657 0)
(-2.7447622e-10 -0.0035044792 0)
(-7.7040495e-11 -0.0049176395 0)
(-3.2592041e-10 -0.0056293686 0)
(3.4929479e-10 -0.0056293686 0)
(1.0857555e-10 -0.0049176395 0)
(2.7864425e-10 -0.0035044792 0)
(-2.0577217e-11 -0.0013992658 0)
(-5.0243348e-11 -0.0013992657 0)
(-5.7626602e-11 -0.0035044791 0)
(-4.0605575e-10 -0.0049176394 0)
(1.039332e-10 -0.0056293687 0)
(-7.5239006e-11 -0.0056293687 0)
(4.1822952e-10 -0.0049176395 0)
(7.9868334e-11 -0.0035044792 0)
(4.7719971e-11 -0.0013992657 0)
(2.9987833e-11 -0.0013992656 0)
(-2.6308078e-10 -0.003504479 0)
(-6.2540855e-11 -0.0049176394 0)
(-3.1755313e-10 -0.0056293687 0)
(3.3956374e-10 -0.0056293688 0)
(9.2967255e-11 -0.0049176395 0)
(2.6647014e-10 -0.0035044791 0)
(-2.107011e-11 -0.0013992657 0)
(-4.9220576e-11 -0.0013992656 0)
(-4.7879886e-11 -0.0035044789 0)
(-3.8978151e-10 -0.0049176394 0)
(1.0988603e-10 -0.0056293688 0)
(-8.2468096e-11 -0.0056293688 0)
(4.0079781e-10 -0.0049176395 0)
(6.9470693e-11 -0.003504479 0)
(4.6479857e-11 -0.0013992656 0)
(3.0327005e-11 -0.0013992655 0)
(-2.5205512e-10 -0.0035044788 0)
(-4.8461183e-11 -0.0049176394 0)
(-3.0946151e-10 -0.0056293689 0)
(3.3021239e-10 -0.0056293689 0)
(7.7861594e-11 -0.0049176395 0)
(2.5472259e-10 -0.0035044789 0)
(-2.1565398e-11 -0.0013992656 0)
(-4.8226662e-11 -0.0013992655 0)
(-3.8411419e-11 -0.0035044788 0)
(-3.7403595e-10 -0.0049176394 0)
(1.1569696e-10 -0.0056293689 0)
(-8.9455707e-11 -0.005629369 0)
(3.8398318e-10 -0.0049176395 0)
(5.939856e-11 -0.0035044789 0)
(4.5283607e-11 -0.0013992655 0)
(3.0676346e-11 -0.0013992654 0)
(-2.4138558e-10 -0.0035044787 0)
(-3.4795762e-11 -0.0049176394 0)
(-3.0163142e-10 -0.005629369 0)
(3.2122322e-10 -0.005629369 0)
(6.3249825e-11 -0.0049176395 0)
(2.4338493e-10 -0.0035044788 0)
(-2.2060625e-11 -0.0013992655 0)
(-4.7259658e-11 -0.0013992654 0)
(-2.9218954e-11 -0.0035044786 0)
(-3.588005e-10 -0.0049176394 0)
(1.2136298e-10 -0.005629369 0)
(-9.6202171e-11 -0.0056293691 0)
(3.6776331e-10 -0.0049176395 0)
(4.9647394e-11 -0.0035044787 0)
(4.4128334e-11 -0.0013992654 0)
(3.1032794e-11 -0.0013992653 0)
(-2.3106035e-10 -0.0035044786 0)
(-2.1541387e-11 -0.0049176394 0)
(-2.9405048e-10 -0.0056293691 0)
(3.1258026e-10 -0.0056293691 0)
(4.9125467e-11 -0.0049176394 0)
(2.3244264e-10 -0.0035044786 0)
(-2.2553385e-11 -0.0013992654 0)
(-4.6318059e-11 -0.0013992653 0)
(-2.030202e-11 -0.0035044785 0)
(-3.4405927e-10 -0.0049176394 0)
(1.2688002e-10 -0.0056293692 0)
(-1.0270684e-10 -0.0056293692 0)
(3.5211892e-10 -0.0049176394 0)
(4.021456e-11 -0.0035044786 0)
(4.3011408e-11 -0.0013992653 0)
(3.1393117e-11 -0.0013992653 0)
(-2.2106989e-10 -0.0035044784 0)
(-8.6971757e-12 -0.0049176394 0)
(-2.8670804e-10 -0.0056293692 0)
(3.0426939e-10 -0.0056293692 0)
(3.5484703e-11 -0.0049176394 0)
(2.2188349e-10 -0.0035044785 0)
(-2.3041203e-11 -0.0013992653 0)
(-4.5400283e-11 -0.0013992652 0)
(-1.1661646e-11 -0.0035044784 0)
(-3.2979973e-10 -0.0049176393 0)
(1.3224309e-10 -0.0056293693 0)
(-1.0896791e-10 -0.0056293693 0)
(3.3703392e-10 -0.0049176394 0)
(3.1099047e-11 -0.0035044785 0)
(4.1930371e-11 -0.0013992652 0)
(3.175435e-11 -0.0013992652 0)
(-2.1140657e-10 -0.0035044783 0)
(3.7353155e-12 -0.0049176393 0)
(-2.7959519e-10 -0.0056293693 0)
(2.9627819e-10 -0.0056293693 0)
(2.2326272e-11 -0.0049176394 0)
(2.1169739e-10 -0.0035044784 0)
(-2.3521684e-11 -0.0013992652 0)
(-4.4505012e-11 -0.0013992651 0)
(-3.3004767e-12 -0.0035044783 0)
(-3.1601219e-10 -0.0049176393 0)
(1.3744613e-10 -0.0056293693 0)
(-1.1498255e-10 -0.0056293694 0)
(3.2249554e-10 -0.0049176394 0)
(2.2301593e-11 -0.0035044783 0)
(4.0883106e-11 -0.0013992652 0)
(3.2113545e-11 -0.0013992651 0)
(-2.0206487e-10 -0.0035044782 0)
(1.5752105e-11 -0.0049176393 0)
(-2.7270451e-10 -0.0056293694 0)
(2.885962e-10 -0.0056293694 0)
(9.6514573e-12 -0.0049176394 0)
(2.0187646e-10 -0.0035044783 0)
(-2.3992366e-11 -0.0013992651 0)
(-4.3631052e-11 -0.0013992651 0)
(4.7771898e-12 -0.0035044782 0)
(-3.0268999e-10 -0.0049176393 0)
(1.4248225e-10 -0.0056293694 0)
(-1.2074675e-10 -0.0056293695 0)
(3.0849414e-10 -0.0049176394 0)
(1.3824758e-11 -0.0035044782 0)
(3.9867619e-11 -0.0013992651 0)
(3.2467729e-11 -0.001399265 0)
(-1.9304127e-10 -0.0035044781 0)
(2.7346858e-11 -0.0049176393 0)
(-2.6603044e-10 -0.0056293695 0)
(2.8121466e-10 -0.0056293695 0)
(-2.535774e-12 -0.0049176394 0)
(1.9241533e-10 -0.0035044782 0)
(-2.4450748e-11 -0.0013992651 0)
(-4.2777494e-11 -0.001399265 0)
(1.2565729e-11 -0.0035044781 0)
(-2.8982957e-10 -0.0049176393 0)
(1.4734348e-10 -0.0056293695 0)
(-1.2625546e-10 -0.0056293695 0)
(2.9502342e-10 -0.0049176394 0)
(5.6728861e-12 -0.0035044781 0)
(3.8882335e-11 -0.001399265 0)
(3.2814069e-11 -0.001399265 0)
(-1.8433441e-10 -0.003504478 0)
(3.8510828e-11 -0.0049176393 0)
(-2.5956901e-10 -0.0056293695 0)
(2.7412672e-10 -0.0056293696 0)
(-1.422912e-11 -0.0049176393 0)
(1.8331063e-10 -0.0035044781 0)
(-2.4894341e-11 -0.001399265 0)
(-4.19435e-11 -0.0013992649 0)
(2.0057771e-11 -0.003504478 0)
(-2.7743041e-10 -0.0049176393 0)
(1.52021e-10 -0.0056293696 0)
(-1.315027e-10 -0.0056293696 0)
(2.8208007e-10 -0.0049176393 0)
(-2.1481651e-12 -0.003504478 0)
(3.7925747e-11 -0.001399265 0)
(3.3149685e-11 -0.0013992649 0)
(-1.7594482e-10 -0.0035044779 0)
(4.9233012e-11 -0.0049176393 0)
(-2.5331807e-10 -0.0056293696 0)
(2.6732698e-10 -0.0056293696 0)
(-2.5419876e-11 -0.0049176393 0)
(1.7456116e-10 -0.003504478 0)
(-2.5320745e-11 -0.0013992649 0)
(-4.1128443e-11 -0.0013992649 0)
(2.7244362e-11 -0.0035044779 0)
(-2.6549489e-10 -0.0049176393 0)
(1.56505e-10 -0.0056293696 0)
(-1.3648198e-10 -0.0056293697 0)
(2.6966374e-10 -0.0049176393 0)
(-9.6309826e-12 -0.003504478 0)
(3.6996766e-11 -0.0013992649 0)
(3.3471836e-11 -0.0013992649 0)
(-1.6787517e-10 -0.0035044779 0)
(5.9500155e-11 -0.0049176393 0)
(-2.4727742e-10 -0.0056293697 0)
(2.6081155e-10 -0.0056293697 0)
(-3.6097615e-11 -0.0049176393 0)
(1.6616779e-10 -0.0035044779 0)
(-2.5727463e-11 -0.0013992649 0)
(-4.0331979e-11 -0.0013992648 0)
(3.4115464e-11 -0.0035044778 0)
(-2.5402846e-10 -0.0049176392 0)
(1.6078455e-10 -0.0056293697 0)
(-1.4118643e-10 -0.0056293697 0)
(2.5777649e-10 -0.0049176393 0)
(-1.6766983e-11 -0.0035044779 0)
(3.6094458e-11 -0.0013992649 0)
(3.3777878e-11 -0.0013992648 0)
(-1.6013005e-10 -0.0035044778 0)
(6.9296933e-11 -0.0049176392 0)
(-2.4144889e-10 -0.0056293697 0)
(2.5457745e-10 -0.0056293697 0)
(-4.6250367e-11 -0.0049176393 0)
(1.5813301e-10 -0.0035044778 0)
(-2.6112166e-11 -0.0013992648 0)
(-3.9553952e-11 -0.0013992648 0)
(4.0659572e-11 -0.0035044778 0)
(-2.4303946e-10 -0.0049176392 0)
(1.6484764e-10 -0.0056293697 0)
(-1.4560947e-10 -0.0056293698 0)
(2.4642239e-10 -0.0049176393 0)
(-2.3546557e-11 -0.0035044778 0)
(3.5218178e-11 -0.0013992648 0)
(3.4065176e-11 -0.0013992648 0)
(-1.5271581e-10 -0.0035044777 0)
(7.8606148e-11 -0.0049176392 0)
(-2.3583667e-10 -0.0056293698 0)
(2.4862239e-10 -0.0056293698 0)
(-5.5865576e-11 -0.0049176393 0)
(1.5046078e-10 -0.0035044778 0)
(-2.6472526e-11 -0.0013992648 0)
(-3.8794412e-11 -0.0013992648 0)
(4.6864467e-11 -0.0035044777 0)
(-2.3253912e-10 -0.0049176392 0)
(1.6868103e-10 -0.0056293698 0)
(-1.4974524e-10 -0.0056293698 0)
(2.3560699e-10 -0.0049176393 0)
(-2.995973e-11 -0.0035044777 0)
(3.4367561e-11 -0.0013992648 0)
(3.43313e-11 -0.0013992647 0)
(-1.4564051e-10 -0.0035044777 0)
(8.7408864e-11 -0.0049176392 0)
(-2.3044739e-10 -0.0056293698 0)
(2.4294427e-10 -0.0056293698 0)
(-6.4930521e-11 -0.0049176393 0)
(1.4315617e-10 -0.0035044777 0)
(-2.6806273e-11 -0.0013992647 0)
(-3.805365e-11 -0.0013992647 0)
(5.2716776e-11 -0.0035044776 0)
(-2.225412e-10 -0.0049176392 0)
(1.722702e-10 -0.0056293698 0)
(-1.5358949e-10 -0.0056293698 0)
(2.2533666e-10 -0.0049176392 0)
(-3.5996459e-11 -0.0035044777 0)
(3.3542527e-11 -0.0013992647 0)
(3.4573975e-11 -0.0013992647 0)
(-1.3891373e-10 -0.0035044776 0)
(9.5684839e-11 -0.0049176392 0)
(-2.2529044e-10 -0.0056293698 0)
(2.3754027e-10 -0.0056293699 0)
(-7.3433375e-11 -0.0049176392 0)
(1.362248e-10 -0.0035044777 0)
(-2.7111518e-11 -0.0013992647 0)
(-3.733222e-11 -0.0013992647 0)
(5.8203015e-11 -0.0035044776 0)
(-2.1306197e-10 -0.0049176392 0)
(1.755991e-10 -0.0056293699 0)
(-1.5714032e-10 -0.0056293699 0)
(2.1561749e-10 -0.0049176392 0)
(-4.1647397e-11 -0.0035044776 0)
(3.2743057e-11 -0.0013992647 0)
(3.4791156e-11 -0.0013992647 0)
(-1.3254624e-10 -0.0035044776 0)
(1.0341283e-10 -0.0049176392 0)
(-2.2037817e-10 -0.0056293699 0)
(2.3240634e-10 -0.0056293699 0)
(-8.1364592e-11 -0.0049176392 0)
(1.2967224e-10 -0.0035044776 0)
(-2.7386577e-11 -0.0013992647 0)
(-3.6630816e-11 -0.0013992646 0)
(6.3309383e-11 -0.0035044775 0)
(-2.0411987e-10 -0.0049176392 0)
(1.7865034e-10 -0.0056293699 0)
(-1.6039919e-10 -0.0056293699 0)
(2.064542e-10 -0.0049176392 0)
(-4.6904714e-11 -0.0035044776 0)
(3.1969413e-11 -0.0013992647 0)
(3.4981033e-11 -0.0013992646 0)
(-1.2654973e-10 -0.0035044775 0)
(1.1057097e-10 -0.0049176392 0)
(-2.1572611e-10 -0.0056293699 0)
(2.2753614e-10 -0.0056293699 0)
(-8.8717853e-11 -0.0049176392 0)
(1.2350338e-10 -0.0035044776 0)
(-2.7630137e-11 -0.0013992646 0)
(-3.5950448e-11 -0.0013992646 0)
(6.8022543e-11 -0.0035044775 0)
(-1.9573511e-10 -0.0049176392 0)
(1.8140491e-10 -0.0056293699 0)
(-1.6337196e-10 -0.0056293699 0)
(1.9784913e-10 -0.0049176392 0)
(-5.1762601e-11 -0.0035044775 0)
(3.1221886e-11 -0.0013992646 0)
(3.5142105e-11 -0.0013992646 0)
(-1.2093645e-10 -0.0035044775 0)
(1.1713756e-10 -0.0049176392 0)
(-2.1135323e-10 -0.0056293699 0)
(2.2292047e-10 -0.0056293699 0)
(-9.5491514e-11 -0.0049176392 0)
(1.1772155e-10 -0.0035044775 0)
(-2.7841237e-11 -0.0013992646 0)
(-3.5292326e-11 -0.0013992646 0)
(7.2330006e-11 -0.0035044775 0)
(-1.8792899e-10 -0.0049176391 0)
(1.8384231e-10 -0.0056293699 0)
(-1.6606989e-10 -0.0056293699 0)
(1.8980096e-10 -0.0049176392 0)
(-5.6218492e-11 -0.0035044775 0)
(3.0501122e-11 -0.0013992646 0)
(3.5273163e-11 -0.0013992646 0)
(-1.1571874e-10 -0.0035044774 0)
(1.2309188e-10 -0.0049176391 0)
(-2.0728173e-10 -0.0056293699 0)
(2.1854607e-10 -0.0056293699 0)
(-1.0169015e-10 -0.0049176392 0)
(1.1232793e-10 -0.0035044775 0)
(-2.8019469e-11 -0.0013992646 0)
(-3.4657921e-11 -0.0013992646 0)
(7.6220993e-11 -0.0035044774 0)
(-1.8072337e-10 -0.0049176391 0)
(1.85941e-10 -0.0056293699 0)
(-1.6851059e-10 -0.0056293699 0)
(1.8230318e-10 -0.0049176392 0)
(-6.0273878e-11 -0.0035044775 0)
(2.980759e-11 -0.0013992646 0)
(3.5373589e-11 -0.0013992646 0)
(-1.1090816e-10 -0.0035044774 0)
(1.2841513e-10 -0.0049176391 0)
(-2.0353697e-10 -0.0056293699 0)
(2.1439513e-10 -0.0056293699 0)
(-1.0732597e-10 -0.0049176391 0)
(1.073205e-10 -0.0035044774 0)
(-2.8165167e-11 -0.0013992646 0)
(-3.4048685e-11 -0.0013992646 0)
(7.968712e-11 -0.0035044774 0)
(-1.7413936e-10 -0.0049176391 0)
(1.8767881e-10 -0.0056293699 0)
(-1.7071887e-10 -0.0056293699 0)
(1.7534294e-10 -0.0049176391 0)
(-6.3935331e-11 -0.0035044774 0)
(2.9141902e-11 -0.0013992646 0)
(3.5443241e-11 -0.0013992645 0)
(-1.0651491e-10 -0.0035044774 0)
(1.3309175e-10 -0.0049176391 0)
(-2.0014667e-10 -0.0056293699 0)
(2.1044454e-10 -0.0056293699 0)
(-1.1242013e-10 -0.0049176391 0)
(1.0269298e-10 -0.0035044774 0)
(-2.8279211e-11 -0.0013992646 0)
(-3.3466346e-11 -0.0013992645 0)
(8.272337e-11 -0.0035044774 0)
(-1.6819585e-10 -0.0049176391 0)
(1.8903377e-10 -0.0056293699 0)
(-1.7272724e-10 -0.0056293699 0)
(1.6889976e-10 -0.0049176391 0)
(-6.7215429e-11 -0.0035044774 0)
(2.850433e-11 -0.0013992645 0)
(3.5482505e-11 -0.0013992645 0)
(-1.0254655e-10 -0.0035044774 0)
(1.3711143e-10 -0.0049176391 0)
(-1.971399e-10 -0.0056293699 0)
(2.0666576e-10 -0.0056293699 0)
(-1.1700407e-10 -0.0049176391 0)
(9.8434086e-11 -0.0035044774 0)
(-2.8363479e-11 -0.0013992645 0)
(-3.2912727e-11 -0.0013992645 0)
(8.5329485e-11 -0.0035044773 0)
(-1.6290751e-10 -0.0049176391 0)
(1.8998598e-10 -0.0056293699 0)
(-1.7457595e-10 -0.0056293699 0)
(1.6294436e-10 -0.0049176391 0)
(-7.0133821e-11 -0.0035044774 0)
(2.7895212e-11 -0.0013992645 0)
(3.5492562e-11 -0.0013992645 0)
(-9.9006648e-11 -0.0035044773 0)
(1.4047141e-10 -0.0049176391 0)
(-1.9454506e-10 -0.0056293699 0)
(2.0302512e-10 -0.0056293699 0)
(-1.2112031e-10 -0.0049176391 0)
(9.4526483e-11 -0.0035044774 0)
(-2.842076e-11 -0.0013992645 0)
(-3.2389323e-11 -0.0013992645 0)
(8.751171e-11 -0.0035044773 0)
(-1.5828197e-10 -0.0049176391 0)
(1.9051959e-10 -0.0056293699 0)
(-1.7631203e-10 -0.0056293699 0)
(1.5743793e-10 -0.0049176391 0)
(-7.2717983e-11 -0.0035044773 0)
(2.7314269e-11 -0.0013992645 0)
(3.5475408e-11 -0.0013992645 0)
(-9.589283e-11 -0.0035044773 0)
(1.4317971e-10 -0.0049176391 0)
(-1.9238699e-10 -0.0056293699 0)
(1.9948467e-10 -0.0056293699 0)
(-1.2482308e-10 -0.0049176391 0)
(9.09461e-11 -0.0035044773 0)
(-2.8454757e-11 -0.0013992645 0)
(-3.1897724e-11 -0.0013992645 0)
(8.9284603e-11 -0.0035044773 0)
(-1.543159e-10 -0.004917639 0)
(1.9062645e-10 -0.0056293699 0)
(-1.779882e-10 -0.0056293699 0)
(1.5233183e-10 -0.0049176391 0)
(-7.5003699e-11 -0.0035044773 0)
(2.676105e-11 -0.0013992645 0)
(3.543403e-11 -0.0013992645 0)
(-9.319443e-11 -0.0035044773 0)
(1.4525933e-10 -0.004917639 0)
(-1.9068288e-10 -0.0056293699 0)
(1.9600427e-10 -0.0056293699 0)
(-1.2817808e-10 -0.0049176391 0)
(8.7661339e-11 -0.0035044773 0)
(-2.8470243e-11 -0.0013992645 0)
(-3.1438708e-11 -0.0013992645 0)
(9.0673937e-11 -0.0035044773 0)
(-1.5099041e-10 -0.004917639 0)
(1.9031028e-10 -0.0056293699 0)
(-1.7965971e-10 -0.0056293699 0)
(1.4756782e-10 -0.004917639 0)
(-7.703576e-11 -0.0035044773 0)
(2.6234326e-11 -0.0013992645 0)
(3.5372839e-11 -0.0013992645 0)
(-9.0889244e-11 -0.0035044773 0)
(1.4675333e-10 -0.004917639 0)
(-1.8943678e-10 -0.0056293699 0)
(1.9254446e-10 -0.0056293699 0)
(-1.3126133e-10 -0.004917639 0)
(8.463264e-11 -0.0035044773 0)
(-2.847323e-11 -0.0013992645 0)
(-3.1012253e-11 -0.0013992645 0)
(9.1719826e-11 -0.0035044773 0)
(-1.4826477e-10 -0.004917639 0)
(1.895929e-10 -0.0056293699 0)
(-1.8138023e-10 -0.0056293699 0)
(1.4307937e-10 -0.004917639 0)
(-7.8867578e-11 -0.0035044773 0)
(2.5732054e-11 -0.0013992645 0)
(3.5297764e-11 -0.0013992645 0)
(-8.8939986e-11 -0.0035044773 0)
(1.4773113e-10 -0.004917639 0)
(-1.886323e-10 -0.0056293699 0)
(1.8907148e-10 -0.0056293699 0)
(-1.3415699e-10 -0.004917639 0)
(8.1812549e-11 -0.0035044773 0)
(-2.8470786e-11 -0.0013992645 0)
(-3.061687e-11 -0.0013992645 0)
(9.2480269e-11 -0.0035044772 0)
(-1.4606941e-10 -0.004917639 0)
(1.8852166e-10 -0.0056293699 0)
(-1.8319571e-10 -0.0056293699 0)
(1.3879409e-10 -0.004917639 0)
(-8.0560561e-11 -0.0035044773 0)
(2.5251282e-11 -0.0013992645 0)
(3.5216863e-11 -0.0013992645 0)
(-8.7289905e-11 -0.0035044772 0)
(1.4829543e-10 -0.004917639 0)
(-1.8822408e-10 -0.0056293699 0)
(1.8556325e-10 -0.0056293699 0)
(-1.369534e-10 -0.004917639 0)
(7.9146484e-11 -0.0035044772 0)
(-2.8470983e-11 -0.0013992645 0)
(-3.0249131e-11 -0.0013992645 0)
(9.3035097e-11 -0.0035044772 0)
(-1.4429821e-10 -0.004917639 0)
(1.8717751e-10 -0.0056293699 0)
(-1.8513647e-10 -0.0056293699 0)
(1.3463801e-10 -0.004917639 0)
(-8.2182439e-11 -0.0035044772 0)
(2.4787896e-11 -0.0013992645 0)
(3.5140409e-11 -0.0013992645 0)
(-8.585859e-11 -0.0035044772 0)
(1.4858888e-10 -0.004917639 0)
(-1.8812828e-10 -0.0056293698 0)
(1.8201722e-10 -0.0056293698 0)
(-1.3973703e-10 -0.004917639 0)
(7.6574237e-11 -0.0035044772 0)
(-2.8482795e-11 -0.0013992645 0)
(-2.9902679e-11 -0.0013992645 0)
(9.3489169e-11 -0.0035044772 0)
(-1.4280116e-10 -0.004917639 0)
(1.8568319e-10 -0.0056293698 0)
(-1.8720757e-10 -0.0056293698 0)
(1.3054131e-10 -0.004917639 0)
(-8.3804165e-11 -0.0035044772 0)
(2.4336443e-11 -0.0013992645 0)
(3.5081427e-11 -0.0013992645 0)
(-8.4537991e-11 -0.0035044772 0)
(1.4879893e-10 -0.0049176389 0)
(-1.8821333e-10 -0.0056293698 0)
(1.7845918e-10 -0.0056293698 0)
(-1.4258426e-10 -0.004917639 0)
(7.4032485e-11 -0.0035044772 0)
(-2.8515813e-11 -0.0013992645 0)
(-2.9567228e-11 -0.0013992644 0)
(9.3973754e-11 -0.0035044772 0)
(-1.4137905e-10 -0.0049176389 0)
(1.8420932e-10 -0.0056293698 0)
(-1.8937733e-10 -0.0056293698 0)
(1.2644612e-10 -0.0049176389 0)
(-8.5495519e-11 -0.0035044772 0)
(2.3889637e-11 -0.0013992645 0)
(3.5055543e-11 -0.0013992644 0)
(-8.3190065e-11 -0.0035044772 0)
(1.4915796e-10 -0.0049176389 0)
(-1.8829248e-10 -0.0056293698 0)
(1.7495087e-10 -0.0056293698 0)
(-1.4554964e-10 -0.0049176389 0)
(7.14581e-11 -0.0035044772 0)
(-2.8579647e-11 -0.0013992645 0)
(-2.9226979e-11 -0.0013992644 0)
(9.4644374e-11 -0.0035044772 0)
(-1.3978255e-10 -0.0049176389 0)
(1.8297429e-10 -0.0056293698 0)
(-1.9156575e-10 -0.0056293698 0)
(1.2231457e-10 -0.0049176389 0)
(-8.7318012e-11 -0.0035044772 0)
(2.3437596e-11 -0.0013992644 0)
(3.5080491e-11 -0.0013992644 0)
(-8.1646688e-11 -0.0035044772 0)
(1.4993374e-10 -0.0049176389 0)
(-1.8812094e-10 -0.0056293698 0)
(1.7159483e-10 -0.0056293698 0)
(-1.486516e-10 -0.0049176389 0)
(6.87916e-11 -0.0035044772 0)
(-2.8683175e-11 -0.0013992644 0)
(-2.8858177e-11 -0.0013992644 0)
(9.567107e-11 -0.0035044772 0)
(-1.3771902e-10 -0.0049176389 0)
(1.8223296e-10 -0.0056293698 0)
(-1.9363214e-10 -0.0056293698 0)
(1.1813739e-10 -0.0049176389 0)
(-8.9315216e-11 -0.0035044772 0)
(2.2965908e-11 -0.0013992644 0)
(3.5173906e-11 -0.0013992644 0)
(-7.971435e-11 -0.0035044772 0)
(1.5140329e-10 -0.0049176389 0)
(-1.8740081e-10 -0.0056293697 0)
(1.6853269e-10 -0.0056293698 0)
(-1.518509e-10 -0.0049176389 0)
(6.5980538e-11 -0.0035044772 0)
(-2.8833117e-11 -0.0013992644 0)
(-2.8425329e-11 -0.0013992644 0)
(9.7216635e-11 -0.0035044771 0)
(-1.3487284e-10 -0.0049176389 0)
(1.8224624e-10 -0.0056293697 0)
(-1.9535991e-10 -0.0056293697 0)
(1.1394338e-10 -0.0049176389 0)
(-9.149652e-11 -0.0035044772 0)
(2.2451713e-11 -0.0013992644 0)
(3.5349638e-11 -0.0013992644 0)
(-7.7187691e-11 -0.0035044771 0)
(1.5379844e-10 -0.0049176388 0)
(-1.8579718e-10 -0.0056293697 0)
(1.6593669e-10 -0.0056293697 0)
(-1.5501505e-10 -0.0049176389 0)
(6.298475e-11 -0.0035044772 0)
(-2.9031954e-11 -0.0013992644 0)
(-2.7875739e-11 -0.0013992644 0)
(9.9392187e-11 -0.0035044771 0)
(-1.3094971e-10 -0.0049176388 0)
(1.8322152e-10 -0.0056293697 0)
(-1.9643255e-10 -0.0056293697 0)
(1.0981912e-10 -0.0049176389 0)
(-9.3806917e-11 -0.0035044772 0)
(2.1857003e-11 -0.0013992644 0)
(3.5609929e-11 -0.0013992644 0)
(-7.3881959e-11 -0.0035044771 0)
(1.5720138e-10 -0.0049176388 0)
(-1.8297275e-10 -0.0056293697 0)
(1.6400089e-10 -0.0056293697 0)
(-1.5784817e-10 -0.0049176389 0)
(5.9793752e-11 -0.0035044772 0)
(-2.9273514e-11 -0.0013992644 0)
(-2.713294e-11 -0.0013992644 0)
(1.0217015e-10 -0.0035044771 0)
(-1.2577185e-10 -0.0049176388 0)
(1.8520919e-10 -0.0056293697 0)
(-1.9638124e-10 -0.0056293697 0)
(1.0596694e-10 -0.0049176388 0)
(-9.6061142e-11 -0.0035044772 0)
(2.1121141e-11 -0.0013992644 0)
(3.593116e-11 -0.0013992644 0)
(-6.971604e-11 -0.0035044771 0)
(1.6134769e-10 -0.0049176388 0)
(-1.7865781e-10 -0.0056293696 0)
(1.6295788e-10 -0.0056293697 0)
(-1.5973603e-10 -0.0049176388 0)
(5.649007e-11 -0.0035044772 0)
(-2.9533216e-11 -0.0013992644 0)
(-2.6096442e-11 -0.0013992644 0)
(1.0520684e-10 -0.0035044771 0)
(-1.1949011e-10 -0.0049176388 0)
(1.8793242e-10 -0.0056293696 0)
(-1.9446612e-10 -0.0056293696 0)
(1.0287975e-10 -0.0049176388 0)
(-9.7789364e-11 -0.0035044772 0)
(2.0157778e-11 -0.0013992644 0)
(3.623451e-11 -0.0013992644 0)
(-6.4924807e-11 -0.0035044771 0)
(1.6524382e-10 -0.0049176388 0)
(-1.7280018e-10 -0.0056293696 0)
(1.6318867e-10 -0.0056293696 0)
(-1.5939709e-10 -0.0049176388 0)
(5.3445896e-11 -0.0035044772 0)
(-2.9744013e-11 -0.0013992644 0)
(-2.4665955e-11 -0.0013992644 0)
(1.0746554e-10 -0.0035044771 0)
(-1.1307279e-10 -0.0049176388 0)
(1.9050206e-10 -0.0056293696 0)
(-1.8941428e-10 -0.0056293696 0)
(1.0181393e-10 -0.0049176388 0)
(-9.7874395e-11 -0.0035044772 0)
(1.8878103e-11 -0.0013992644 0)
(3.6318856e-11 -0.0013992644 0)
(-6.0592004e-11 -0.0035044771 0)
(1.6639484e-10 -0.0049176387 0)
(-1.6590719e-10 -0.0056293696 0)
(1.6557052e-10 -0.0056293696 0)
(-1.5410925e-10 -0.0049176388 0)
(5.1856826e-11 -0.0035044771 0)
(-2.9733132e-11 -0.0013992644 0)
(-2.2843302e-11 -0.0013992644 0)
(1.063895e-10 -0.0035044771 0)
(-1.0942309e-10 -0.0049176387 0)
(1.90915e-10 -0.0056293695 0)
(-1.7887806e-10 -0.0056293696 0)
(1.0593904e-10 -0.0049176388 0)
(-9.3714269e-11 -0.0035044771 0)
(1.7293817e-11 -0.0013992645 0)
(3.5696769e-11 -0.0013992644 0)
(-5.9923868e-11 -0.0035044771 0)
(1.592151e-10 -0.0049176387 0)
(-1.5982634e-10 -0.0056293695 0)
(1.7234057e-10 -0.0056293696 0)
(-1.3805912e-10 -0.0049176388 0)
(5.504651e-11 -0.0035044771 0)
(-2.9057698e-11 -0.0013992645 0)
(-2.1028957e-11 -0.0013992644 0)
(9.6094569e-11 -0.0035044771 0)
(-1.1583806e-10 -0.0049176387 0)
(1.8512322e-10 -0.0056293695 0)
(-1.5837879e-10 -0.0056293695 0)
(1.228936e-10 -0.0049176387 0)
(-7.9367887e-11 -0.0035044771 0)
(1.5818222e-11 -0.0013992645 0)
(3.3192471e-11 -0.0013992644 0)
(-7.110482e-11 -0.0035044771 0)
(1.3180599e-10 -0.0049176387 0)
(-1.5944193e-10 -0.0056293695 0)
(1.8895473e-10 -0.0056293695 0)
(-9.8993487e-11 -0.0049176387 0)
(7.1387448e-11 -0.0035044771 0)
(-2.6594635e-11 -0.0013992645 0)
(-2.0763522e-11 -0.0013992644 0)
(6.3564864e-11 -0.0035044771 0)
(-1.4907538e-10 -0.0049176387 0)
(1.6530226e-10 -0.0056293695 0)
(-1.1939178e-10 -0.0056293695 0)
(1.6999558e-10 -0.0049176387 0)
(-4.1670375e-11 -0.0035044771 0)
(1.6017085e-11 -0.0013992644 0)
(2.6009254e-11 -0.0013992644 0)
(-1.1322694e-10 -0.003504477 0)
(5.9801656e-11 -0.0049176387 0)
(-1.7607042e-10 -0.0056293695 0)
(2.276577e-10 -0.0056293695 0)
(-1.1918126e-11 -0.0049176387 0)
(1.2030804e-10 -0.0035044771 0)
(-1.9591162e-11 -0.0013992644 0)
(-2.6391552e-11 -0.0013992644 0)
(-1.8741023e-11 -0.003504477 0)
(-2.448559e-10 -0.0049176387 0)
(1.1689799e-10 -0.0056293696 0)
(-4.6264346e-11 -0.0056293696 0)
(2.8385018e-10 -0.0049176387 0)
(4.7241185e-11 -0.003504477 0)
(2.2282584e-11 -0.0013992644 0)
(7.7861477e-12 -0.0013992644 0)
(-2.2740248e-10 -0.0035044769 0)
(-1.0398353e-10 -0.0049176387 0)
(-2.3348494e-10 -0.0056293696 0)
(3.135282e-10 -0.0056293696 0)
(1.7130234e-10 -0.0049176387 0)
(2.4343924e-10 -0.003504477 0)
(-1.6945481e-12 -0.0013992644 0)
(-4.8444481e-11 -0.0013992643 0)
(-2.0532626e-10 -0.0035044769 0)
(-4.7315333e-10 -0.0049176387 0)
(1.476472e-11 -0.0056293697 0)
(8.7508563e-11 -0.0056293697 0)
(5.3554418e-10 -0.0049176387 0)
(2.4237486e-10 -0.0035044769 0)
(4.5222944e-11 -0.0013992643 0)
(-3.4832471e-11 -0.0013992642 0)
(-4.9444048e-10 -0.0035044767 0)
(-4.4258386e-10 -0.0049176387 0)
(-3.7660449e-10 -0.0056293699 0)
(4.927968e-10 -0.0056293699 0)
(5.3473295e-10 -0.0049176387 0)
(5.2218711e-10 -0.0035044767 0)
(4.0512012e-11 -0.0013992642 0)
(-1.0970845e-10 -0.001399264 0)
(-5.9295121e-10 -0.0035044766 0)
(-9.557236e-10 -0.0049176388 0)
(-1.779087e-10 -0.0056293702 0)
(3.1970743e-10 -0.0056293702 0)
(1.0476622e-09 -0.0049176387 0)
(6.4102042e-10 -0.0035044766 0)
(1.0772381e-10 -0.001399264 0)
(-1.2666706e-10 -0.0013992638 0)
(-1.0542234e-09 -0.0035044763 0)
(-1.0776844e-09 -0.0049176389 0)
(-6.7852203e-10 -0.0056293705 0)
(8.3877816e-10 -0.0056293705 0)
(1.200417e-09 -0.0049176388 0)
(1.0967623e-09 -0.0035044763 0)
(1.3201331e-10 -0.0013992638 0)
(-2.5401325e-10 -0.0013992635 0)
(-1.3228048e-09 -0.0035044761 0)
(-1.8646581e-09 -0.0049176389 0)
(-4.9429208e-10 -0.0056293711 0)
(6.8257078e-10 -0.0056293711 0)
(1.991733e-09 -0.0049176389 0)
(1.3845155e-09 -0.003504476 0)
(2.5371175e-10 -0.0013992634 0)
(-3.0579988e-10 -0.001399263 0)
(-2.1006752e-09 -0.0035044755 0)
(-2.1181322e-09 -0.0049176393 0)
(-1.2279614e-09 -0.0056293718 0)
(1.4375193e-09 -0.0056293718 0)
(2.2755911e-09 -0.0049176391 0)
(2.1605501e-09 -0.0035044754 0)
(3.1118955e-10 -0.001399263 0)
(-5.5343237e-10 -0.0013992623 0)
(-2.5185543e-09 -0.0035044751 0)
(-3.3353043e-09 -0.0049176394 0)
(-8.9683683e-10 -0.0056293729 0)
(1.1337026e-09 -0.0056293728 0)
(3.4995835e-09 -0.0049176392 0)
(2.5957088e-09 -0.0035044749 0)
(5.5531308e-10 -0.0013992622 0)
(-6.1177798e-10 -0.0013992615 0)
(-3.7755781e-09 -0.0035044741 0)
(-3.4464865e-09 -0.00491764 0)
(-2.0484552e-09 -0.0056293741 0)
(2.3047676e-09 -0.005629374 0)
(3.6376563e-09 -0.0049176397 0)
(3.8532149e-09 -0.0035044739 0)
(6.1803345e-10 -0.0013992614 0)
(-1.0983055e-09 -0.0013992601 0)
(-4.0447799e-09 -0.0035044735 0)
(-5.1399081e-09 -0.0049176402 0)
(-1.0887009e-09 -0.0056293758 0)
(1.3654466e-09 -0.0056293756 0)
(5.3354315e-09 -0.00491764 0)
(4.1368166e-09 -0.0035044732 0)
(1.1028195e-09 -0.00139926 0)
(-1.0386407e-09 -0.0013992588 0)
(-5.7983454e-09 -0.0035044722 0)
(-4.1447083e-09 -0.0049176414 0)
(-2.8488063e-09 -0.0056293774 0)
(3.134817e-09 -0.0056293773 0)
(4.3588093e-09 -0.004917641 0)
(5.8899805e-09 -0.0035044719 0)
(1.0471453e-09 -0.0013992587 0)
(-1.9352648e-09 -0.0013992568 0)
(-4.8940949e-09 -0.0035044717 0)
(-5.8587959e-09 -0.0049176418 0)
(-1.0310404e-10 -0.0056293795 0)
(3.9360337e-10 -0.0056293792 0)
(6.0667154e-09 -0.0049176415 0)
(4.9963498e-09 -0.0035044713 0)
(1.9426358e-09 -0.0013992567 0)
(-1.4236845e-09 -0.0013992551 0)
(-6.5873284e-09 -0.0035044705 0)
(-1.3046176e-09 -0.0049176435 0)
(-2.4579722e-09 -0.0056293806 0)
(2.7363041e-09 -0.0056293805 0)
(1.5170123e-09 -0.004917643 0)
(6.6830609e-09 -0.0035044701 0)
(1.4363526e-09 -0.0013992549 0)
(-2.9021238e-09 -0.0013992529 0)
(-2.0053091e-09 -0.0035044713 0)
(-1.2664022e-09 -0.0049176441 0)
(4.4062269e-09 -0.0056293815 0)
(-4.1495717e-09 -0.0056293812 0)
(1.4517109e-09 -0.0049176437 0)
(2.1076587e-09 -0.0035044708 0)
(2.9120211e-09 -0.0013992527 0)
(-1.2537882e-09 -0.001399252 0)
(-1.6885798e-09 -0.0035044721 0)
(1.1890168e-08 -0.0049176463 0)
(2.1545466e-09 -0.0056293794 0)
(-1.9433901e-09 -0.0056293793 0)
(-1.1719193e-08 -0.0049176457 0)
(1.7713213e-09 -0.0035044717 0)
(1.2726373e-09 -0.0013992517 0)
(-3.3273945e-09 -0.0013992515 0)
(1.1458101e-08 -0.0035044772 0)
(1.8037989e-08 -0.0049176466 0)
(1.7090087e-08 -0.0056293745 0)
(-1.6934659e-08 -0.0056293741 0)
(-1.7925172e-08 -0.0049176462 0)
(-1.1371563e-08 -0.0035044766 0)
(3.3382785e-09 -0.0013992512 0)
(5.8065211e-10 -0.0013992545 0)
(1.824146e-08 -0.0035044846 0)
(4.8360532e-08 -0.0049176485 0)
(1.7086619e-08 -0.0056293623 0)
(-1.7017881e-08 -0.0056293622 0)
(-4.8281338e-08 -0.0049176479 0)
(-1.8195366e-08 -0.0035044841 0)
(-5.5467584e-10 -0.0013992542 0)
(-1.6605497e-09 -0.0013992607 0)
(4.7712326e-08 -0.0035045003 0)
(6.8814016e-08 -0.0049176474 0)
(4.5601555e-08 -0.0056293415 0)
(-4.5622988e-08 -0.0056293412 0)
(-6.8830365e-08 -0.0049176469 0)
(-4.7662479e-08 -0.0035044997 0)
(1.6685292e-09 -0.0013992605 0)
(5.9617012e-09 -0.0013992746 0)
(6.8709437e-08 -0.0035045234 0)
(1.2807721e-07 -0.0049176466 0)
(5.2144016e-08 -0.0056293056 0)
(-5.2291977e-08 -0.0056293055 0)
(-1.281404e-07 -0.004917646 0)
(-6.8728344e-08 -0.0035045229 0)
(-5.9308267e-09 -0.0013992743 0)
(4.71612e-09 -0.0013992972 0)
(1.2420658e-07 -0.003504561 0)
(1.7480936e-07 -0.0049176414 0)
(1.0012104e-07 -0.0056292508 0)
(-1.0038237e-07 -0.0056292505 0)
(-1.7500503e-07 -0.004917641 0)
(-1.2421841e-07 -0.0035045604 0)
(-4.7187536e-09 -0.0013992969 0)
(1.7418542e-08 -0.001399334 0)
(1.6957105e-07 -0.0035046144 0)
(2.7501443e-07 -0.0049176339 0)
(1.194111e-07 -0.0056291686 0)
(-1.1982496e-07 -0.0056291685 0)
(-2.7525777e-07 -0.0049176333 0)
(-1.6968593e-07 -0.0035046139 0)
(-1.7390647e-08 -0.0013993337 0)
(1.9073143e-08 -0.0013993882 0)
(2.5929509e-07 -0.0035046907 0)
(3.6037589e-07 -0.0049176199 0)
(1.9041356e-07 -0.0056290524 0)
(-1.9094121e-07 -0.0056290522 0)
(-3.6078075e-07 -0.0049176195 0)
(-2.5939732e-07 -0.0035046902 0)
(-1.9098834e-08 -0.0013993879 0)
(3.7409909e-08 -0.0013994652 0)
(3.3739582e-07 -0.0035047941 0)
(5.0706535e-07 -0.0049175993 0)
(2.2810555e-07 -0.0056288932 0)
(-2.2878737e-07 -0.0056288931 0)
(-5.0750326e-07 -0.0049175989 0)
(-3.3763667e-07 -0.0035047937 0)
(-3.7399335e-08 -0.001399465 0)
(4.3937405e-08 -0.0013995701 0)
(4.6165629e-07 -0.0035049293 0)
(6.353821e-07 -0.0049175701 0)
(3.1939518e-07 -0.0056286828 0)
(-3.2016347e-07 -0.0056286827 0)
(-6.3599345e-07 -0.0049175699 0)
(-4.6187711e-07 -0.003504929 0)
(-4.399985e-08 -0.00139957 0)
(6.6838586e-08 -0.0013997065 0)
(5.7083266e-07 -0.0035051023 0)
(8.1769879e-07 -0.0049175292 0)
(3.7522486e-07 -0.0056284147 0)
(-3.7612158e-07 -0.0056284147 0)
(-8.1831082e-07 -0.0049175291 0)
(-5.7121902e-07 -0.0035051022 0)
(-6.6859922e-08 -0.0013997064 0)
(7.883976e-08 -0.0013998795 0)
(7.1381204e-07 -0.0035053128 0)
(9.724828e-07 -0.0049174782 0)
(4.7350935e-07 -0.0056280827 0)
(-4.7444588e-07 -0.0056280827 0)
(-9.7326574e-07 -0.0049174783 0)
(-7.1416416e-07 -0.0035053129 0)
(-7.8944105e-08 -0.0013998795 0)
(1.0315642e-07 -0.0014000875 0)
(8.3170813e-07 -0.0035055655 0)
(1.1525687e-06 -0.0049174117 0)
(5.3405669e-07 -0.0056276881 0)
(-5.3509416e-07 -0.0056276881 0)
(-1.1533208e-06 -0.004917412 0)
(-8.3222443e-07 -0.0035055658 0)
(-1.0320987e-07 -0.0014000876 0)
(1.1787497e-07 -0.001400331 0)
(9.5354704e-07 -0.0035058498 0)
(1.2831807e-06 -0.0049173369 0)
(6.1226368e-07 -0.0056272365 0)
(-6.1331416e-07 -0.0056272367 0)
(-1.2840863e-06 -0.0049173373 0)
(-9.5399756e-07 -0.0035058504 0)
(-1.1799967e-07 -0.0014003312 0)
(1.3674207e-07 -0.0014006012 0)
(1.0273052e-06 -0.0035061628 0)
(1.3860374e-06 -0.0049172462 0)
(6.4340867e-07 -0.0056267423 0)
(-6.4453154e-07 -0.0056267425 0)
(-1.3868801e-06 -0.0049172469 0)
(-1.0278956e-06 -0.0035061636 0)
(-1.3681193e-07 -0.0014006016 0)
(1.492073e-07 -0.001400902 0)
(1.0601158e-06 -0.0035064868 0)
(1.3929782e-06 -0.0049171478 0)
(6.5491277e-07 -0.0056262196 0)
(-6.5601388e-07 -0.00562622 0)
(-1.393939e-06 -0.0049171486 0)
(-1.060622e-06 -0.0035064878 0)
(-1.4934804e-07 -0.0014009025 0)
(1.8721238e-07 -0.0014012509 0)
(1.014137e-06 -0.0035068805 0)
(1.3041294e-06 -0.0049170252 0)
(5.974019e-07 -0.0056255738 0)
(-5.9853346e-07 -0.0056255741 0)
(-1.3049896e-06 -0.0049170262 0)
(-1.0147383e-06 -0.0035068816 0)
(-1.8732177e-07 -0.0014012516 0)
)
;

boundaryField
{
    left
    {
        type            uniformFixedValue;
        uniformValue    sine;
        uniformValueCoeffs
        {
            t0              0;
            amplitude       constant 0.0125;
            frequency       constant 1;
            scale           constant (0 1 0);
            level           constant (0 0 0);
        }
        value           uniform (0 -0.0038627124 0);
    }
    right
    {
        type            zeroGradient;
    }
    walls
    {
        type            fixedValue;
        value           uniform (0 0 0);
    }
    frontAndBack
    {
        type            empty;
    }
}


// ************************************************************************* //
