/*--------------------------------*- C++ -*----------------------------------*\
| =========                 |                                                 |
| \\      /  F ield         | OpenFOAM: The Open Source CFD Toolbox           |
|  \\    /   O peration     | Version:  5.x                                   |
|   \\  /    A nd           | Web:      www.OpenFOAM.org                      |
|    \\/     M anipulation  |                                                 |
\*---------------------------------------------------------------------------*/
FoamFile
{
    version     2.0;
    format      ascii;
    class       surfaceScalarField;
    location    "3";
    object      phi;
}
// * * * * * * * * * * * * * * * * * * * * * * * * * * * * * * * * * * * * * //

dimensions      [0 3 -1 0 0 0 0];

internalField   nonuniform List<scalar> 
3592
(
-6.8213365e-10
6.8213365e-10
-1.7386194e-09
1.0564913e-09
-1.5731033e-09
-1.6551066e-10
1.0284899e-12
-1.5741268e-09
1.5741368e-09
-1.5731034e-09
1.7396507e-09
-1.655088e-10
6.8213725e-10
1.0575187e-09
6.8214259e-10
-1.4248535e-09
2.1069933e-09
-3.8037255e-09
3.4353749e-09
-3.4770659e-09
-4.9215885e-10
1.6955002e-12
-5.0528773e-09
3.4813643e-09
-5.0527611e-09
3.8052808e-09
-4.8941396e-10
1.4257139e-09
3.4370971e-09
2.1078628e-09
-2.241962e-09
4.3489624e-09
-5.3935999e-09
6.5870244e-09
-4.7975317e-09
-1.0882159e-09
3.2526425e-12
-9.8536507e-09
4.8019308e-09
-9.8514282e-09
5.3971079e-09
-1.0845796e-09
2.2427762e-09
6.59144e-09
4.3506445e-09
-2.839544e-09
7.188513e-09
-6.4494391e-09
1.0196931e-08
-5.6510728e-09
-1.8865713e-09
2.9775524e-12
-1.5507691e-08
5.6572449e-09
-1.5505685e-08
6.452597e-09
-1.8799206e-09
2.8408126e-09
1.0203235e-08
7.1914627e-09
-3.1241795e-09
1.0312699e-08
-7.0275549e-09
1.4100317e-08
-6.0842513e-09
-2.8298647e-09
3.3742141e-12
-2.1595306e-08
6.0893322e-09
-2.1591633e-08
7.0312672e-09
-2.8218452e-09
3.1253231e-09
1.410919e-08
1.0316791e-08
-3.2306827e-09
1.3543388e-08
-7.1385235e-09
1.8008169e-08
-6.1810911e-09
-3.7872863e-09
2.4950437e-12
-2.7778882e-08
6.1859397e-09
-2.7775067e-08
7.1412999e-09
-3.7771945e-09
3.2317035e-09
1.8018797e-08
1.35485e-08
-3.1016639e-09
1.6645057e-08
-6.917962e-09
2.1824477e-08
-5.9632963e-09
-4.7419419e-09
1.8931481e-12
-3.3744062e-08
5.9664133e-09
-3.3739577e-08
6.9200534e-09
-4.7308244e-09
3.1024321e-09
2.1836428e-08
1.6650937e-08
-2.8856833e-09
1.9530747e-08
-6.3884521e-09
2.5327257e-08
-5.5305926e-09
-5.5997906e-09
8.9035935e-13
-3.9275534e-08
5.5320752e-09
-3.9270751e-08
6.3895225e-09
-5.5882607e-09
2.8859986e-09
2.5339963e-08
1.9536942e-08
-2.536281e-09
2.2067034e-08
-5.7031648e-09
2.8494151e-08
-4.932824e-09
-6.3701215e-09
-2.1750905e-13
-4.4208131e-08
4.9327907e-09
-4.420375e-08
5.7029222e-09
-6.3583821e-09
2.5363489e-09
2.8506546e-08
2.2073296e-08
-2.1795122e-09
2.4246552e-08
-4.8916988e-09
3.1206349e-08
-4.2615135e-09
-7.0002957e-09
-9.2245823e-13
-4.8468712e-08
4.2594158e-09
-4.8464078e-08
4.890804e-09
-6.9897593e-09
2.1790876e-09
3.1218273e-08
2.4252389e-08
-1.7787302e-09
2.6025288e-08
-4.0693759e-09
3.3497005e-08
-3.5517222e-09
-7.5179398e-09
-2.0322492e-12
-5.2018392e-08
3.5488382e-09
-5.2014939e-08
4.067158e-09
-7.5080692e-09
1.7781698e-09
3.3507271e-08
2.6030563e-08
-1.4180599e-09
2.7443355e-08
-3.25768e-09
3.5336637e-08
-2.8693049e-09
-7.9063037e-09
-2.2990138e-12
-5.4885387e-08
2.8646386e-09
-5.4881866e-08
3.2553113e-09
-7.8987308e-09
1.4171325e-09
3.534546e-08
2.7447702e-08
-1.0733645e-09
2.8516725e-08
-2.5243642e-09
3.6787647e-08
-2.2353279e-09
-8.1953304e-09
-3.1537007e-12
-5.7117553e-08
2.2305732e-09
-5.7115583e-08
2.5209702e-09
-8.1891182e-09
1.0724209e-09
3.6794019e-08
2.8520127e-08
-7.8637673e-10
2.9303108e-08
-1.8774476e-09
3.7878729e-08
-1.6828494e-09
-8.3899174e-09
-3.1167771e-12
-5.8797274e-08
1.6768057e-09
-5.8795495e-08
1.8742301e-09
-8.3865315e-09
7.8520593e-10
3.7883054e-08
2.9305339e-08
-5.4388241e-10
2.9846996e-08
-1.3413707e-09
3.8676227e-08
-1.2164962e-09
-8.5147826e-09
-3.7092105e-12
-6.0010052e-08
1.2106939e-09
-6.0009889e-08
1.3374318e-09
-8.5132601e-09
5.4275145e-10
3.8677744e-08
2.9848095e-08
-3.5515259e-10
3.0202155e-08
-9.113849e-10
3.9232471e-08
-8.4232078e-10
-8.5838355e-09
-3.5861147e-12
-6.0848776e-08
8.3562405e-10
-6.0849089e-08
9.0768895e-10
-8.5853138e-09
3.5387453e-10
3.9231569e-08
3.0201975e-08
-2.139001e-10
3.0416061e-08
-5.8278894e-10
3.960137e-08
-5.5320571e-10
-8.6134096e-09
-3.9966439e-12
-6.1397977e-08
5.4674657e-10
-6.1399823e-08
5.7857903e-10
-8.6171371e-09
2.1265854e-10
3.9597498e-08
3.0414638e-08
-1.1131168e-10
3.0527379e-08
-3.4402937e-10
3.9834099e-08
-3.3977108e-10
-8.6176566e-09
-3.895268e-12
-6.1733842e-08
3.3270385e-10
-6.1736411e-08
3.3998975e-10
-8.6244119e-09
1.0995702e-10
3.9827542e-08
3.0524601e-08
-4.5750472e-11
3.0573135e-08
-1.7746315e-10
3.9965821e-08
-1.9030594e-10
-8.6048049e-09
-4.1516871e-12
-6.1919987e-08
1.8340986e-10
-6.1923964e-08
1.7308867e-10
-8.6140818e-09
4.4422966e-11
3.9956216e-08
3.0569028e-08
-1.9226754e-12
3.0575064e-08
-7.1244957e-11
4.0035155e-08
-9.0576768e-11
-8.5854618e-09
-4.0556026e-12
-6.2006498e-08
8.3375412e-11
-6.2011384e-08
6.7009171e-11
-8.5977044e-09
5.1853599e-13
4.0022718e-08
3.0569552e-08
1.8304664e-11
3.0556764e-08
-6.3165988e-12
4.0059785e-08
-2.9924994e-11
-8.5618447e-09
-4.1089172e-12
-6.2032306e-08
2.2967297e-11
-6.2038452e-08
1.969779e-12
-8.5766981e-09
-1.9654887e-11
4.0044351e-08
3.0549902e-08
3.0140462e-11
3.0526631e-08
2.5390845e-11
4.0064547e-08
4.2912194e-12
-8.5407338e-09
-3.9128578e-12
-6.2024091e-08
-1.114782e-11
-6.2031207e-08
-2.9502942e-11
-8.5583318e-09
-3.1501765e-11
4.0046361e-08
3.0518406e-08
2.8983863e-11
3.0497652e-08
3.8995645e-11
4.0054544e-08
1.9012203e-11
-8.5207419e-09
-3.7126237e-12
-6.2001358e-08
-2.5375447e-11
-6.2009536e-08
-4.2936708e-11
-8.540762e-09
-3.0223151e-11
4.0033656e-08
3.0488187e-08
2.7651635e-11
3.0470007e-08
3.776226e-11
4.0044445e-08
2.3086571e-11
-8.5060549e-09
-3.3368064e-12
-6.1974924e-08
-2.8888532e-11
-6.1983973e-08
-4.1279795e-11
-8.5283596e-09
-2.8817278e-11
4.0021204e-08
3.0459375e-08
1.9604565e-11
3.0450407e-08
3.2045406e-11
4.0032013e-08
1.9580119e-11
-8.4935813e-09
-2.8895508e-12
-6.1952446e-08
-2.4569297e-11
-6.1962285e-08
-3.5112411e-11
-8.5178082e-09
-2.0566241e-11
4.0006666e-08
3.0438813e-08
1.533188e-11
3.0435082e-08
2.1222298e-11
4.0026134e-08
1.3899702e-11
-8.4862474e-09
-2.3478361e-12
-6.1936188e-08
-1.7946441e-11
-6.1946676e-08
-2.3681835e-11
-8.5120616e-09
-1.6146728e-11
3.9999141e-08
3.0422672e-08
7.1408503e-12
3.0427946e-08
1.2151998e-11
4.0021132e-08
6.3330447e-12
-8.4804204e-09
-1.7268667e-12
-6.192812e-08
-9.3339207e-12
-6.1939061e-08
-1.3970487e-11
-8.5074169e-09
-7.6918068e-12
3.9992871e-08
3.0414984e-08
4.039087e-12
3.0423913e-08
1.8322973e-12
4.002335e-08
7.7791487e-14
-8.4786545e-09
-1.0994316e-12
-6.1926932e-08
-1.9340249e-12
-6.1938216e-08
-2.9483744e-12
-8.5063913e-09
-4.4076996e-12
3.9994341e-08
3.0410582e-08
-2.207947e-12
3.0426126e-08
-4.795817e-12
4.0025946e-08
-6.1319862e-12
-8.4773105e-09
-4.2446895e-13
-6.1932632e-08
5.3752315e-12
-6.1944008e-08
4.3778774e-12
-8.5053861e-09
2.1209675e-12
3.9996606e-08
3.0412707e-08
-3.2891301e-12
3.0429422e-08
-1.1857785e-11
4.0034526e-08
-1.0173272e-11
-8.4789836e-09
1.7831582e-13
-6.1942973e-08
1.0548392e-11
-6.1954367e-08
1.2114534e-11
-8.506941e-09
3.3741275e-12
4.0005357e-08
3.0416087e-08
-7.6089759e-12
3.0437035e-08
-1.5192433e-11
4.0042118e-08
-1.3977726e-11
-8.4801907e-09
7.9124756e-13
-6.1957734e-08
1.5318747e-11
-6.1968887e-08
1.6075528e-11
-8.5076901e-09
7.950733e-12
4.0013489e-08
3.0424042e-08
-7.0787113e-12
3.0444121e-08
-1.9296559e-11
4.0054348e-08
-1.5791669e-11
-8.4836842e-09
1.2744907e-12
-6.1974789e-08
1.8074912e-11
-6.1985676e-08
2.0722625e-11
-8.5103265e-09
7.5451505e-12
4.0026677e-08
3.0431592e-08
-1.0099249e-11
3.0454224e-08
-2.0190228e-11
4.0064447e-08
-1.7732031e-11
-8.4861349e-09
1.7443553e-12
-6.1994259e-08
2.0715259e-11
-6.200464e-08
2.2082799e-11
-8.5116866e-09
1.0768595e-11
4.0037999e-08
3.0442365e-08
-8.5958928e-12
3.0462827e-08
-2.2398498e-11
4.0078261e-08
-1.8085237e-11
-8.4904368e-09
2.0540605e-12
-6.2014387e-08
2.1720753e-11
-6.2024296e-08
2.4644419e-11
-8.514599e-09
9.3232219e-12
4.0053331e-08
3.0451694e-08
-1.0910492e-11
3.0473742e-08
-2.1895044e-11
4.0089253e-08
-1.8956147e-11
-8.4933685e-09
2.346859e-12
-6.2035683e-08
2.2971942e-11
-6.2044914e-08
2.4412272e-11
-8.516032e-09
1.1776014e-11
4.0065975e-08
3.0463473e-08
-8.9273038e-12
3.0482676e-08
-2.3124828e-11
4.0103462e-08
-1.8566039e-11
-8.4979158e-09
2.4730772e-12
-6.2056711e-08
2.2923757e-11
-6.2065354e-08
2.5797021e-11
-8.5188941e-09
9.7822709e-12
4.0082e-08
3.0473261e-08
-1.0924461e-11
3.0493604e-08
-2.1972855e-11
4.0114518e-08
-1.895742e-11
-8.5009243e-09
2.5953833e-12
-6.2078257e-08
2.3391337e-11
-6.2086143e-08
2.4730936e-11
-8.5202266e-09
1.1857357e-11
4.0094881e-08
3.0485122e-08
-8.7538711e-12
3.0502365e-08
-2.2796632e-11
4.0128573e-08
-1.8281365e-11
-8.5054281e-09
2.5613075e-12
-6.2099089e-08
2.2785524e-11
-6.2106356e-08
2.553872e-11
-8.5229685e-09
9.6182532e-12
4.0110812e-08
3.0494746e-08
-1.0639115e-11
3.0513008e-08
-2.1416546e-11
4.0139358e-08
-1.8523845e-11
-8.508314e-09
2.5459303e-12
-6.2120152e-08
2.2860178e-11
-6.2126664e-08
2.4097028e-11
-8.5241985e-09
1.1534821e-11
4.0123381e-08
3.0506284e-08
-8.4242577e-12
3.0521439e-08
-2.2123612e-11
4.0153068e-08
-1.7790232e-11
-8.512636e-09
2.392696e-12
-6.2140324e-08
2.1995529e-11
-6.2146256e-08
2.4663313e-11
-8.526855e-09
9.2100793e-12
4.0138845e-08
3.05155e-08
-1.0286633e-11
3.0531729e-08
-2.0707899e-11
4.0163497e-08
-1.8028154e-11
-8.5153091e-09
2.2834237e-12
-6.216063e-08
2.1899802e-11
-6.2165866e-08
2.3087453e-11
-8.528036e-09
1.107404e-11
4.0150865e-08
3.0526577e-08
-8.0840482e-12
3.053982e-08
-2.1414572e-11
4.0176839e-08
-1.732196e-11
-8.5193903e-09
2.0563936e-12
-6.2179997e-08
2.093926e-11
-6.2184738e-08
2.3578376e-11
-8.5306639e-09
8.7375229e-12
4.0165717e-08
3.0535321e-08
-9.951888e-12
3.0549776e-08
-2.0029488e-11
4.0186924e-08
-1.7595888e-11
-8.5218176e-09
1.8963692e-12
-6.2199483e-08
2.0789965e-11
-6.2203625e-08
2.1981847e-11
-8.5318493e-09
1.0592987e-11
4.0177112e-08
3.0545917e-08
-7.776228e-12
3.0557559e-08
-2.0765202e-11
4.0199924e-08
-1.6930153e-11
-8.5256412e-09
1.6360809e-12
-6.2218039e-08
1.9816155e-11
-6.2221794e-08
2.2470528e-11
-8.5344925e-09
8.2741357e-12
4.0191319e-08
3.0554196e-08
-9.651631e-12
3.0567214e-08
-1.9419191e-11
4.0209699e-08
-1.723452e-11
-8.5278197e-09
1.4610454e-12
-6.2236728e-08
1.9670485e-11
-6.2239998e-08
2.0900179e-11
-8.5357159e-09
1.0135616e-11
4.020209e-08
3.0564335e-08
-7.5010351e-12
3.0574722e-08
-2.0178078e-11
4.0222387e-08
-1.6594598e-11
-8.5313918e-09
1.1987387e-12
-6.2254511e-08
1.8722186e-11
-6.225751e-08
2.1413733e-11
-8.5383963e-09
7.8434396e-12
4.0215671e-08
3.0572184e-08
-9.3775917e-12
3.0584103e-08
-1.8859276e-11
4.0231875e-08
-1.6909856e-11
-8.5333353e-09
1.0344147e-12
-6.2272449e-08
1.8605537e-11
-6.2275076e-08
1.9884765e-11
-8.5396694e-09
9.7129206e-12
4.0225849e-08
3.05819e-08
-7.2458757e-12
3.0591355e-08
-1.9626046e-11
4.0244267e-08
-1.6275922e-11
-8.536674e-09
7.9104073e-13
-6.2289505e-08
1.7698501e-11
-6.2291972e-08
2.0429449e-11
-8.5423892e-09
7.4480959e-12
4.0238841e-08
3.0589354e-08
-9.1163655e-12
3.0600475e-08
-1.8319627e-11
4.0253477e-08
-1.6583305e-11
-8.5384046e-09
6.5331234e-13
-6.2306736e-08
1.7619738e-11
-6.2308933e-08
1.8943262e-11
-8.5437069e-09
9.3230612e-12
4.0248467e-08
3.059868e-08
-6.9978789e-12
3.060748e-08
-1.908037e-11
4.026557e-08
-1.5939545e-11
-8.5415341e-09
4.4063578e-13
-6.2323106e-08
1.6757839e-11
-6.232524e-08
1.951674e-11
-8.5464547e-09
7.0834227e-12
4.0260911e-08
3.0605769e-08
-8.8568788e-12
3.061634e-08
-1.7774947e-11
4.0274495e-08
-1.6226123e-11
-8.5430773e-09
3.372118e-13
-6.2339664e-08
1.671738e-11
-6.2341614e-08
1.8069363e-11
-8.547801e-09
8.9602608e-12
4.0270026e-08
3.0614732e-08
-6.7478676e-12
3.0623094e-08
-1.8520366e-11
4.0286279e-08
-1.5563066e-11
-8.5460233e-09
1.5984767e-13
-6.2355376e-08
1.5898519e-11
-6.2357342e-08
1.8666318e-11
-8.5505577e-09
6.7430482e-12
4.028196e-08
3.0621481e-08
-8.5921469e-12
3.063169e-08
-1.7209283e-11
4.0294902e-08
-1.5822216e-11
-8.5474051e-09
9.243247e-14
-6.2371285e-08
1.5892658e-11
-6.2373137e-08
1.7252184e-11
-8.5519118e-09
8.6183436e-12
4.0290599e-08
3.0630102e-08
-6.4907045e-12
3.0638187e-08
-1.7934698e-11
4.0306357e-08
-1.5136105e-11
-8.5501924e-09
-4.9957123e-14
-6.2386361e-08
1.5111964e-11
-6.2388288e-08
1.7866785e-11
-8.5546555e-09
6.4210216e-12
4.0302055e-08
3.0636528e-08
-8.3188421e-12
3.0646509e-08
-1.6615347e-11
4.031466e-08
-1.5366231e-11
-8.5514364e-09
-8.3573269e-14
-6.2401638e-08
1.513527e-11
-6.2403502e-08
1.6480366e-11
-8.5559954e-09
8.2919682e-12
4.0310249e-08
3.0644823e-08
-6.2244345e-12
3.065274e-08
-1.7319629e-11
4.0325766e-08
-1.4657475e-11
-8.5540873e-09
-1.9434381e-13
-6.2416091e-08
1.4386908e-11
-6.2418073e-08
1.7107317e-11
-8.5587048e-09
6.1124694e-12
4.0321254e-08
3.0650941e-08
-8.0362794e-12
3.0660779e-08
-1.5992264e-11
4.0333728e-08
-1.4860376e-11
-8.5552143e-09
-1.9856182e-13
-6.2430748e-08
1.4433594e-11
-6.24327e-08
1.5743791e-11
-8.56001e-09
7.9769477e-12
4.0329027e-08
3.065892e-08
-5.9492459e-12
3.0666735e-08
-1.6676641e-11
4.0344466e-08
-1.4131982e-11
-8.5577477e-09
-2.8258448e-13
-6.2444586e-08
1.3711803e-11
-6.2446684e-08
1.6378737e-11
-8.5626659e-09
5.8136983e-12
4.0339602e-08
3.0664739e-08
-7.7454483e-12
3.0674483e-08
-1.5343271e-11
4.0352069e-08
-1.4311426e-11
-8.5587749e-09
-2.6272641e-13
-6.2458631e-08
1.3776499e-11
-6.2460719e-08
1.5034228e-11
-8.5639188e-09
7.6702332e-12
4.0346971e-08
3.0672412e-08
-5.666606e-12
3.0680156e-08
-1.6010345e-11
4.0362424e-08
-1.3567754e-11
-8.5612063e-09
-3.2533476e-13
-6.2471862e-08
1.3076152e-11
-6.2474109e-08
1.5673864e-11
-8.5665056e-09
5.5221035e-12
4.0357133e-08
3.067794e-08
-7.4482716e-12
3.0687607e-08
-1.4673895e-11
4.0369655e-08
-1.3728415e-11
-8.5621473e-09
-2.8679571e-13
-6.24853e-08
1.3154303e-11
-6.2487546e-08
1.4345476e-11
-8.5676922e-09
7.3697817e-12
4.0364114e-08
3.0685312e-08
-5.3786406e-12
3.0692992e-08
-1.5326926e-11
4.0379614e-08
-1.29743e-11
-8.5644888e-09
-3.3312034e-13
-6.249793e-08
1.2471168e-11
-6.250034e-08
1.4987505e-11
-8.5701977e-09
5.2360117e-12
4.0373875e-08
3.0690553e-08
-7.1470957e-12
3.0700142e-08
-1.3990658e-11
4.0386463e-08
-1.3121049e-11
-8.5653542e-09
-2.8086499e-13
-6.2510766e-08
1.2559182e-11
-6.2513176e-08
1.3673233e-11
-8.5713073e-09
7.0743882e-12
4.0380479e-08
3.069763e-08
-5.0877229e-12
3.0705236e-08
-1.4633098e-11
4.0396019e-08
-1.2361245e-11
-8.5676149e-09
-3.1546722e-13
-6.2522801e-08
1.1889987e-11
-6.2525371e-08
1.4316251e-11
-8.5737228e-09
4.9545083e-12
4.038985e-08
3.070259e-08
-6.8443662e-12
3.0712083e-08
-1.3300242e-11
4.040248e-08
-1.249872e-11
-8.5684124e-09
-2.5377937e-13
-6.2535042e-08
1.1985229e-11
-6.2537606e-08
1.3014853e-11
-8.5747482e-09
6.7835121e-12
4.0396087e-08
3.0709375e-08
-4.7962207e-12
3.0716886e-08
-1.3935447e-11
4.041163e-08
-1.1737581e-11
-8.5705993e-09
-2.8049363e-13
-6.2546489e-08
1.1327605e-11
-6.2549203e-08
1.3658191e-11
-8.577068e-09
4.6772657e-12
4.0405077e-08
3.0714058e-08
-6.5424331e-12
3.072343e-08
-1.2608992e-11
4.0417701e-08
-1.1869959e-11
-8.5713345e-09
-2.1289448e-13
-6.2558142e-08
1.1428294e-11
-6.2560841e-08
1.236903e-11
-8.5780048e-09
6.4971114e-12
4.0410954e-08
3.0720557e-08
-4.5063506e-12
3.0727943e-08
-1.3240057e-11
4.0426446e-08
-1.111129e-11
-8.5734523e-09
-2.3480541e-13
-6.2569008e-08
1.0780644e-11
-6.2571846e-08
1.3012588e-11
-8.5802261e-09
4.4043854e-12
4.0419572e-08
3.0724967e-08
-6.2434443e-12
3.0734189e-08
-1.1922639e-11
4.0432129e-08
-1.1242187e-11
-8.5741292e-09
-1.6407619e-13
-6.2580083e-08
1.0885713e-11
-6.2582892e-08
1.1735475e-11
-8.5810721e-09
6.2154942e-12
4.0425096e-08
3.0731184e-08
-4.2201009e-12
3.0738415e-08
-1.255232e-11
4.0440472e-08
-1.048919e-11
-8.5761814e-09
-1.8357188e-13
-6.2590378e-08
1.0247068e-11
-6.2593312e-08
1.2379571e-11
-8.5831939e-09
4.1362592e-12
4.0433349e-08
3.0735325e-08
-5.9492913e-12
3.0744367e-08
-1.1246177e-11
4.0445773e-08
-1.0621643e-11
-8.5768026e-09
-1.1183022e-13
-6.2600885e-08
1.0356005e-11
-6.2603777e-08
1.1114624e-11
-8.583949e-09
5.9391912e-12
4.0438528e-08
3.0741266e-08
-3.9391963e-12
3.0748312e-08
-1.1876863e-11
4.0453722e-08
-9.8769298e-12
-8.5787916e-09
-1.3069232e-13
-6.2610621e-08
9.7258673e-12
-6.2613623e-08
1.1759848e-11
-8.5859724e-09
3.8734532e-12
4.0446424e-08
3.0745145e-08
-5.6615901e-12
3.0753976e-08
-1.0583831e-11
4.0458648e-08
-1.0013424e-11
-8.5793589e-09
-5.9491458e-14
-6.2620571e-08
9.8385679e-12
-6.2623518e-08
1.050737e-11
-8.5866379e-09
5.6688523e-12
4.0451267e-08
3.0750816e-08
-3.6650898e-12
3.0757647e-08
-1.121754e-11
4.0466211e-08
-9.2790581e-12
-8.5812866e-09
-7.8996743e-14
-6.2629761e-08
9.2167756e-12
-6.2632803e-08
1.1154475e-11
-8.5885651e-09
3.6166149e-12
4.0458814e-08
3.0754437e-08
-5.3816813e-12
3.076303e-08
-9.939065e-12
4.0470772e-08
-9.4215722e-12
-8.5818011e-09
-9.4275299e-15
-6.263917e-08
9.333415e-12
-6.2642143e-08
9.9148582e-12
-8.5891435e-09
5.4051642e-12
4.0463328e-08
3.0759844e-08
-3.3989692e-12
3.0766436e-08
-1.0577466e-11
4.0477961e-08
-8.6991266e-12
-8.5836688e-09
-3.0445713e-14
-6.2647829e-08
8.7200257e-12
-6.2650884e-08
1.0564664e-11
-8.5909777e-09
3.3664031e-12
4.0470535e-08
3.0763216e-08
-5.1106412e-12
3.0771548e-08
-9.3146357e-12
4.0482169e-08
-8.8491922e-12
-8.5841315e-09
3.6769429e-14
-6.2656712e-08
8.8409518e-12
-6.2659685e-08
9.3383148e-12
-8.5914721e-09
5.1487924e-12
4.0474728e-08
3.0768366e-08
-3.1417709e-12
3.0774696e-08
-9.9590691e-12
4.0488996e-08
-8.1398092e-12
-8.5859401e-09
1.3688068e-14
-6.2664856e-08
8.2361502e-12
-6.2667897e-08
9.9916439e-12
-8.5932173e-09
3.123437e-12
4.0481606e-08
3.0771495e-08
-4.8492997e-12
3.0779547e-08
-8.7126467e-12
4.0492863e-08
-8.2985668e-12
-8.5863517e-09
7.811304e-14
-6.267323e-08
8.3618004e-12
-6.2676178e-08
8.7789277e-12
-8.5936317e-09
4.9003382e-12
4.0485488e-08
3.0776396e-08
-2.8941999e-12
3.0782447e-08
-9.3641584e-12
4.0499343e-08
-7.6030178e-12
-8.5881022e-09
5.2663003e-14
-6.2680875e-08
7.7658277e-12
-6.2683882e-08
9.4365522e-12
-8.5952921e-09
2.8882618e-12
4.0492045e-08
3.077929e-08
-4.5982613e-12
3.0787047e-08
-8.1346155e-12
4.0502883e-08
-7.771272e-12
-8.5884632e-09
1.1407959e-13
-6.2688758e-08
7.8966666e-12
-6.2691662e-08
8.2377608e-12
-8.5956307e-09
4.6603123e-12
4.0495626e-08
3.0783951e-08
-2.6567507e-12
3.078971e-08
-8.7939861e-12
4.050903e-08
-7.090013e-12
-8.5901567e-09
8.6139142e-14
-6.2695925e-08
7.3097688e-12
-6.2698875e-08
8.9003717e-12
-8.5972111e-09
2.6613278e-12
4.0501874e-08
3.0786618e-08
-4.3579273e-12
3.0794069e-08
-7.5815403e-12
4.0512257e-08
-7.268283e-12
-8.5904679e-09
1.4449144e-13
-6.2703335e-08
7.4462441e-12
-6.2706175e-08
7.7157001e-12
-8.5974783e-09
4.4291198e-12
4.0505164e-08
3.0791048e-08
-2.4297306e-12
3.0796505e-08
-8.2493164e-12
4.0518086e-08
-6.6015043e-12
-8.5921052e-09
1.1407288e-13
-6.2710041e-08
6.8686367e-12
-6.271292e-08
8.3838871e-12
-8.5989834e-09
2.4429795e-12
4.0511114e-08
3.0793496e-08
-4.1285198e-12
3.0800634e-08
-7.0539656e-12
4.0521015e-08
-6.7900691e-12
-8.5923672e-09
1.6942228e-13
-6.2716998e-08
7.0111484e-12
-6.2719759e-08
7.2134221e-12
-8.5991836e-09
4.2070539e-12
4.0514123e-08
3.0797704e-08
-2.2132811e-12
3.0802854e-08
-7.7304902e-12
4.0526542e-08
-6.1377404e-12
-8.5939496e-09
1.3663288e-13
-6.2723263e-08
6.4429928e-12
-6.2726056e-08
7.8876634e-12
-8.6006182e-09
2.2334528e-12
4.0519786e-08
3.0799942e-08
-3.9101034e-12
3.0806765e-08
-6.5520449e-12
4.0529187e-08
-6.3366798e-12
-8.5941633e-09
1.8912278e-13
-6.2729787e-08
6.5918744e-12
-6.2732457e-08
6.7313821e-12
-8.6007558e-09
3.9942962e-12
4.0522526e-08
3.0803938e-08
-2.0074013e-12
3.0808778e-08
-7.2374853e-12
4.0534426e-08
-5.6985907e-12
-8.5956919e-09
1.5413335e-13
-6.273563e-08
6.0332647e-12
-6.2738326e-08
7.4120419e-12
-8.6021246e-09
2.0328768e-12
4.0527914e-08
3.0805975e-08
-3.7026083e-12
3.0812482e-08
-6.0755995e-12
4.0536802e-08
-5.9078211e-12
-8.5958582e-09
2.0396133e-13
-6.274174e-08
6.1887722e-12
-6.274431e-08
6.2698136e-12
-8.602204e-09
3.7909219e-12
4.0530395e-08
3.0809767e-08
-1.8119678e-12
3.08143e-08
-6.7699746e-12
4.054177e-08
-5.2836157e-12
-8.5973343e-09
1.6698282e-13
-6.2747181e-08
5.6397283e-12
-6.2749773e-08
6.9571447e-12
-8.6035115e-09
1.8412804e-12
4.053552e-08
3.0811613e-08
-3.5058502e-12
3.0817807e-08
-5.6241736e-12
4.054389e-08
-5.5029219e-12
-8.5974542e-09
2.1437901e-13
-6.2752897e-08
5.8020361e-12
-6.2755359e-08
5.8287385e-12
-8.6035367e-09
3.5969071e-12
4.0537754e-08
3.0815211e-08
-1.6267549e-12
3.0819439e-08
-6.327378e-12
4.0548601e-08
-4.8921305e-12
-8.5988794e-09
1.7564343e-13
-6.2757955e-08
5.262503e-12
-6.2760436e-08
6.5228882e-12
-8.6047872e-09
1.6586004e-12
4.0542627e-08
3.0816874e-08
-3.3195504e-12
3.0822759e-08
-5.1970843e-12
4.055048e-08
-5.1211934e-12
-8.5989541e-09
2.2085415e-13
-6.2763296e-08
5.4317037e-12
-6.2765646e-08
5.4079821e-12
-8.6047622e-09
3.4121387e-12
4.0544625e-08
3.0820287e-08
-1.4514532e-12
3.0824217e-08
-5.9089106e-12
4.0554947e-08
-4.5232585e-12
-8.6003297e-09
1.8060072e-13
-6.276799e-08
4.9015535e-12
-6.2770357e-08
6.1090007e-12
-8.6059599e-09
1.4846914e-12
4.0549258e-08
3.0821777e-08
-3.1433532e-12
3.0827361e-08
-4.793466e-12
4.0556599e-08
-4.7616791e-12
-8.6003606e-09
2.2387586e-13
-6.2772975e-08
5.0776623e-12
-6.277521e-08
5.0071925e-12
-8.6058882e-09
3.2364254e-12
4.0551031e-08
3.0825014e-08
-1.2856852e-12
3.0828652e-08
-5.5136251e-12
4.0560837e-08
-4.1759791e-12
-8.6016882e-09
1.8234091e-13
-6.2777324e-08
4.5566995e-12
-6.2779575e-08
5.7150437e-12
-8.6070369e-09
1.3193367e-12
4.0555435e-08
3.0826338e-08
-2.9768424e-12
3.083163e-08
-4.4123113e-12
4.0562274e-08
-4.4232991e-12
-8.6016765e-09
2.2392485e-13
-6.278197e-08
4.7396588e-12
-6.278409e-08
4.6258625e-12
-8.6069222e-09
3.0695082e-12
4.0556993e-08
3.0829408e-08
-1.1290214e-12
3.0832764e-08
-5.1404502e-12
4.0566295e-08
-3.8491674e-12
-8.6029578e-09
1.8133414e-13
-6.2785991e-08
4.2276264e-12
-6.2788127e-08
5.3404334e-12
-8.6080254e-09
1.1622584e-12
4.056118e-08
3.0830575e-08
-2.8195549e-12
3.0835584e-08
-4.0525057e-12
4.0567529e-08
-4.1048864e-12
-8.6029049e-09
2.2145934e-13
-6.2790317e-08
4.4173136e-12
-6.2792322e-08
4.2633509e-12
-8.6078706e-09
2.9110714e-12
4.0562534e-08
3.0833486e-08
-9.8099238e-13
3.0836571e-08
-4.7882231e-12
4.0571346e-08
-3.5416281e-12
-8.6041416e-09
1.7802303e-13
-6.2794027e-08
3.9139011e-12
-6.2796048e-08
4.9844635e-12
-8.6089317e-09
1.0131278e-12
4.0566513e-08
3.0834504e-08
-2.6709939e-12
3.0839242e-08
-3.7128587e-12
4.0572389e-08
-3.8052186e-12
-8.6040489e-09
2.1690559e-13
-6.2798049e-08
4.110136e-12
-6.2799941e-08
3.9189052e-12
-8.6087398e-09
2.7607532e-12
4.0567673e-08
3.0837265e-08
-8.4110089e-13
3.0840089e-08
-4.455718e-12
4.0576013e-08
-3.252124e-12
-8.6052427e-09
1.7281531e-13
-6.2801464e-08
3.614987e-12
-6.2803374e-08
4.6463263e-12
-8.6097617e-09
8.7157537e-13
4.0571456e-08
3.0838141e-08
-2.5306396e-12
3.084262e-08
-3.3921293e-12
4.0576876e-08
-3.5230433e-12
-8.6051115e-09
2.1065239e-13
-6.2805198e-08
3.8175402e-12
-6.280698e-08
3.591682e-12
-8.6095354e-09
2.6181544e-12
4.0572431e-08
3.084076e-08
-7.0883145e-13
3.0843335e-08
-4.1416707e-12
4.0580318e-08
-2.9793992e-12
-8.6062641e-09
1.660793e-13
-6.2808334e-08
3.3302602e-12
-6.2810135e-08
4.325133e-12
-8.6105209e-09
7.3719963e-13
4.0576027e-08
3.0841502e-08
-2.3979581e-12
3.0845733e-08
-3.089049e-12
4.058101e-08
-3.257099e-12
-8.606096e-09
2.0304789e-13
-6.2811794e-08
3.5388608e-12
-6.2813471e-08
3.2807667e-12
-8.6102625e-09
2.4828487e-12
4.0576826e-08
3.0843985e-08
-5.8365875e-13
3.0846322e-08
-3.8447989e-12
4.058428e-08
-2.7221975e-12
-8.607209e-09
1.5814208e-13
-6.2814665e-08
3.0590254e-12
-6.2816363e-08
4.0199336e-12
-8.6112141e-09
6.0957533e-13
4.0580245e-08
3.0844599e-08
-2.2724097e-12
3.0848594e-08
-2.8023397e-12
4.0584811e-08
-3.0061323e-12
-8.6070053e-09
1.9439838e-13
-6.2817866e-08
3.273369e-12
-6.2819442e-08
2.9851918e-12
-8.6109258e-09
2.3543896e-12
4.0580877e-08
3.0846953e-08
-4.6505475e-13
3.0849065e-08
-3.5638186e-12
4.0587919e-08
-2.479278e-12
-8.6080803e-09
1.4928943e-13
-6.2820485e-08
2.8005309e-12
-6.2822084e-08
3.7297331e-12
-8.6118458e-09
4.8826123e-13
4.0584126e-08
3.0847446e-08
-2.1534554e-12
3.0851218e-08
-2.530729e-12
4.0588297e-08
-2.7689112e-12
-8.6078423e-09
1.8496955e-13
-6.2823439e-08
3.020287e-12
-6.2824919e-08
2.703953e-12
-8.6115295e-09
2.2323181e-12
4.0584599e-08
3.0849678e-08
-3.5249473e-13
3.0851576e-08
-3.297459e-12
4.0591251e-08
-2.2494266e-12
-8.6088809e-09
1.397672e-13
-6.2825819e-08
2.5539828e-12
-6.2827325e-08
3.453508e-12
-8.6124199e-09
3.7280603e-13
4.0587687e-08
3.0850056e-08
-2.0405625e-12
3.0853617e-08
-2.2729632e-12
4.0591484e-08
-2.5442354e-12
-8.60861e-09
1.7498802e-13
-6.2828539e-08
2.778802e-12
-6.2829929e-08
2.4360241e-12
-8.6120773e-09
2.1161683e-12
4.0588008e-08
3.0852172e-08
-2.45462e-13
3.0853868e-08
-3.0444729e-12
4.0594291e-08
-2.0314652e-12
-8.6096136e-09
1.2978357e-13
-6.2830691e-08
2.3185586e-12
-6.2832109e-08
3.1902199e-12
-8.6129399e-09
2.6275462e-13
4.0590943e-08
3.0852439e-08
-1.9332088e-12
3.08558e-08
-2.0278171e-12
4.0594386e-08
-2.3309445e-12
-8.609311e-09
1.6464423e-13
-6.2833187e-08
2.5480786e-12
-6.2834492e-08
2.1803709e-12
-8.6125725e-09
2.0054739e-12
4.0591119e-08
3.0854444e-08
-1.4345164e-13
3.0855949e-08
-2.8036469e-12
4.0597055e-08
-1.8242586e-12
-8.6102811e-09
1.1951214e-13
-6.2835122e-08
2.0934193e-12
-6.2836457e-08
2.9388284e-12
-8.6134089e-09
1.5765318e-13
4.0593908e-08
3.0854606e-08
-1.8308862e-12
3.085778e-08
-1.7941025e-12
4.0597019e-08
-2.1279241e-12
-8.609948e-09
1.5409539e-13
-6.2837404e-08
2.3272712e-12
-6.2838631e-08
1.9359618e-12
-8.613018e-09
1.8997726e-12
4.0593944e-08
3.0856506e-08
-4.5974304e-14
3.0857831e-08
-2.5738079e-12
4.0599555e-08
-1.62672e-12
-8.6108858e-09
1.0909504e-13
-6.2839131e-08
1.8777201e-12
-6.2840391e-08
2.6983019e-12
-8.6138297e-09
5.7053437e-14
4.0596593e-08
3.0856567e-08
-1.7331044e-12
3.0859564e-08
-1.5706749e-12
4.0599393e-08
-1.93411e-12
-8.6105232e-09
1.4346923e-13
-6.284121e-08
2.1155333e-12
-6.2842364e-08
1.7017789e-12
-8.6134165e-09
1.7986101e-12
4.0596497e-08
3.0858366e-08
4.7441408e-14
3.0859522e-08
-2.3538298e-12
4.0601803e-08
-1.4378147e-12
-8.61143e-09
9.8647017e-14
-6.2842737e-08
1.6706211e-12
-6.2843927e-08
2.4676269e-12
-8.6142047e-09
-3.9483406e-14
4.0599012e-08
3.085833e-08
-1.6393927e-12
3.0861161e-08
-1.3564385e-12
4.060152e-08
-1.7484921e-12
-8.6110389e-09
1.3286793e-13
-6.284462e-08
1.9120287e-12
-6.2845707e-08
1.4768267e-12
-8.6137702e-09
1.701544e-12
4.0598787e-08
3.0860032e-08
1.3724626e-13
3.0861029e-08
-2.1426384e-12
4.0603808e-08
-1.256563e-12
-8.6119159e-09
8.8258786e-14
-6.2845956e-08
1.4712962e-12
-6.2847081e-08
2.2458177e-12
-8.6145359e-09
-1.3238285e-13
4.0601173e-08
3.0859904e-08
-1.5493028e-12
3.0862577e-08
-1.1503515e-12
4.0603409e-08
-1.5701166e-12
-8.6114972e-09
1.2237134e-13
-6.2847649e-08
1.7159394e-12
-6.2848676e-08
1.2601412e-12
-8.614081e-09
1.6081476e-12
4.0600825e-08
3.0861511e-08
2.2386887e-13
3.0862359e-08
-1.9392151e-12
4.0605581e-08
-1.0820422e-12
-8.6123453e-09
7.8000891e-14
-6.2848801e-08
1.2789421e-12
-6.2849868e-08
2.031924e-12
-8.6148253e-09
-2.2205447e-13
4.0603086e-08
3.0861294e-08
-1.4624101e-12
3.0863821e-08
-9.514293e-13
4.060507e-08
-1.3980881e-12
-8.6118999e-09
1.1204116e-13
-6.2850312e-08
1.5264747e-12
-6.2851284e-08
1.0507974e-12
-8.6143506e-09
1.5180123e-12
4.0602619e-08
3.0862811e-08
3.0771355e-13
3.0863518e-08
-1.7426014e-12
4.0607128e-08
-9.1338925e-13
-8.6127201e-09
6.7927332e-14
-6.2851285e-08
1.0927868e-12
-6.28523e-08
1.825039e-12
-8.6150741e-09
-3.0888834e-13
4.0604761e-08
3.0862506e-08
-1.3783162e-12
3.0864896e-08
-7.5874854e-13
4.0606508e-08
-1.2315713e-12
-8.6122486e-09
1.0192418e-13
-6.2852619e-08
1.3428788e-12
-6.2853542e-08
8.4791669e-13
-8.6145803e-09
1.4307511e-12
4.0604178e-08
3.0863937e-08
3.8915848e-13
3.0864512e-08
-1.5519018e-12
4.0608458e-08
-7.4980153e-13
-8.6130418e-09
5.807934e-14
-6.2853419e-08
9.1209624e-13
-6.2854388e-08
1.6243055e-12
-8.6152839e-09
-3.9325242e-13
4.0606203e-08
3.0863548e-08
-1.2966497e-12
3.0865808e-08
-5.7145056e-13
4.0607732e-08
-1.0697928e-12
-8.6125449e-09
9.2056334e-14
-6.2854582e-08
1.1644388e-12
-6.2855461e-08
6.5067359e-13
-8.6147714e-09
1.346001e-12
4.0605507e-08
3.0864893e-08
4.6855459e-13
3.0865344e-08
-1.366288e-12
4.0609575e-08
-5.9053878e-13
-8.6133117e-09
4.8488589e-14
-6.2855212e-08
7.3618349e-13
-6.285614e-08
1.4289245e-12
-8.6154556e-09
-4.7549002e-13
4.0607419e-08
3.0864422e-08
-1.2170685e-12
3.086656e-08
-3.8874494e-13
4.0608746e-08
-9.1204244e-13
-8.61279e-09
8.2465766e-14
-6.2856208e-08
9.9049217e-13
-6.285705e-08
4.5830366e-13
-8.6149247e-09
1.2634259e-12
4.0606613e-08
3.0865684e-08
5.46223e-13
3.0866019e-08
-1.1850018e-12
4.0610486e-08
-4.3492489e-13
-8.6135313e-09
3.9181236e-14
-6.2856674e-08
5.6441557e-13
-6.2857567e-08
1.2381609e-12
-8.61559e-09
-5.5591664e-13
4.0608415e-08
3.0865133e-08
-1.1392618e-12
3.0867158e-08
-2.0991342e-13
4.0609556e-08
-7.5767556e-13
-8.6129852e-09
7.3176944e-14
-6.2857506e-08
8.2043458e-13
-6.2858315e-08
2.7011014e-13
-8.6150411e-09
1.1827198e-12
4.0607502e-08
3.0866315e-08
6.2245343e-13
3.086654e-08
-1.0073594e-12
4.0611193e-08
-2.8235038e-13
-8.6137015e-09
3.018087e-14
-6.2857811e-08
3.9622169e-13
-6.2858673e-08
1.0513517e-12
-8.6156878e-09
-6.3481704e-13
4.0609195e-08
3.0865684e-08
-1.0629515e-12
3.0867602e-08
-3.4313187e-14
4.0610164e-08
-6.061152e-13
-8.6131315e-09
6.4213222e-14
-6.2858482e-08
6.5372822e-13
-6.2859264e-08
8.5471329e-14
-8.6151211e-09
1.1036091e-12
4.0608176e-08
3.0866787e-08
6.9750188e-13
3.086691e-08
-8.3275548e-13
4.0611702e-08
-1.3227401e-13
-8.6138232e-09
2.1511705e-14
-6.2858628e-08
2.3110142e-13
-6.2859466e-08
8.6791331e-13
-8.6157495e-09
-7.1244237e-13
4.0609764e-08
3.0866079e-08
-9.8789478e-13
3.0867897e-08
1.3861747e-13
4.0610575e-08
-4.5685429e-13
-8.6132297e-09
5.5600757e-14
-6.2859142e-08
4.899098e-13
-6.2859902e-08
-9.6151006e-14
-8.6151652e-09
1.0258562e-12
4.0608641e-08
3.0867104e-08
7.7158912e-13
3.086713e-08
-6.6066803e-13
4.0612015e-08
1.5774043e-14
-8.6138975e-09
1.3202824e-14
-6.2859131e-08
6.8632976e-14
-6.2859949e-08
6.873496e-13
-8.6157755e-09
-7.8900667e-13
4.0610125e-08
3.0866319e-08
-9.1388611e-13
3.0868043e-08
3.0935511e-13
4.0610791e-08
-3.0945873e-13
-8.6132807e-09
4.7372001e-14
-6.285949e-08
3.2859914e-13
-6.2860232e-08
-2.7520374e-13
-8.6151735e-09
9.4926284e-13
4.06089e-08
3.0867267e-08
8.4489731e-13
3.0867203e-08
-4.9066318e-13
4.0612134e-08
1.6218981e-13
-8.6139249e-09
5.2909067e-15
-6.2859325e-08
-9.1517691e-14
-6.2860127e-08
5.0926078e-13
-8.615766e-09
-8.6468359e-13
4.061028e-08
3.0866406e-08
-8.4075966e-13
3.0868042e-08
4.782856e-13
4.0610814e-08
-1.6356985e-13
-8.6132852e-09
3.9569222e-14
-6.285953e-08
1.6950861e-13
-6.2860259e-08
-4.5203343e-13
-8.6151463e-09
8.7367326e-13
4.0608954e-08
3.0867279e-08
9.1756761e-13
3.086713e-08
-3.2240021e-13
4.0612062e-08
3.0729176e-13
-8.6139063e-09
-2.1755582e-15
-6.2859212e-08
-2.4958721e-13
-6.2860003e-08
3.3335166e-13
-8.615721e-09
-9.3960241e-13
4.0610234e-08
3.0866344e-08
-7.6839219e-13
3.0867897e-08
6.4569955e-13
4.0610647e-08
-1.890828e-14
-8.6132439e-09
3.2248429e-14
-6.2859266e-08
1.2452868e-14
-6.2859985e-08
-6.2687729e-13
-8.6150837e-09
7.9897814e-13
4.0608807e-08
3.0867142e-08
9.8969821e-13
3.0866912e-08
-1.5563725e-13
4.06118e-08
4.5131867e-13
-8.6138423e-09
-9.1325716e-15
-6.2858797e-08
-4.0570549e-13
-6.2859581e-08
1.5944162e-13
-8.6156406e-09
-1.0138446e-12
4.0609987e-08
3.0866132e-08
-6.9670501e-13
3.0867608e-08
8.1178593e-13
4.061029e-08
1.2472422e-13
-8.6131576e-09
2.548313e-14
-6.28587e-08
-1.4264186e-13
-6.2859415e-08
-7.9985366e-13
-8.6149855e-09
7.2511843e-13
4.0608461e-08
3.0866856e-08
1.0613406e-12
3.0866551e-08
9.76423e-15
4.0611349e-08
5.9442615e-13
-8.6137337e-09
-1.549604e-14
-6.2858082e-08
-5.5988554e-13
-6.2858862e-08
-1.2526905e-14
-8.6155247e-09
-1.0874394e-12
4.0609543e-08
3.0865773e-08
-6.2566692e-13
3.0867175e-08
9.7662828e-13
4.0609746e-08
2.6744132e-13
-8.613027e-09
1.9369674e-14
-6.2857836e-08
-2.9572734e-13
-6.2858549e-08
-9.7095267e-13
-8.6148516e-09
6.5208873e-13
4.0607919e-08
3.0866424e-08
1.1324982e-12
3.0866048e-08
1.7383456e-13
4.0610712e-08
7.3668541e-13
-8.6135813e-09
-2.115745e-14
-6.285707e-08
-7.1201331e-13
-6.2857851e-08
-1.82478e-13
-8.615373e-09
-1.1603606e-12
4.0608904e-08
3.0865267e-08
-5.5529592e-13
3.0866602e-08
1.1402e-12
4.0609015e-08
4.0927184e-13
-8.6128529e-09
1.4031316e-14
-6.2856677e-08
-4.4662361e-13
-6.2857392e-08
-1.1400269e-12
-8.6146818e-09
5.7994128e-13
4.0607183e-08
3.0865846e-08
1.2031236e-12
3.0865404e-08
3.3649289e-13
4.0609889e-08
8.7808205e-13
-8.6133861e-09
-2.5978312e-14
-6.2855765e-08
-8.618383e-13
-6.2856548e-08
-3.5019467e-13
-8.6151854e-09
-1.2325222e-12
4.0608072e-08
3.0864617e-08
-4.8566068e-13
3.0865888e-08
1.3023621e-12
4.06081e-08
5.5015929e-13
-8.6126364e-09
9.6239829e-15
-6.2855227e-08
-5.9500974e-13
-6.2855946e-08
-1.3067837e-12
-8.6144759e-09
5.0878909e-13
4.0606255e-08
3.0865125e-08
1.2731177e-12
3.086462e-08
4.975455e-13
4.0608883e-08
1.0185174e-12
-8.613149e-09
-2.9784927e-14
-6.2854171e-08
-1.0089647e-12
-6.2854959e-08
-5.15311e-13
-8.6149615e-09
-1.303776e-12
4.060705e-08
3.0863825e-08
-4.1688123e-13
3.0865035e-08
1.4628626e-12
4.0607002e-08
6.8996402e-13
-8.6123788e-09
6.3422444e-15
-6.2853489e-08
-7.4041559e-13
-6.2854215e-08
-1.470778e-12
-8.6142336e-09
4.3880829e-13
4.060514e-08
3.0864263e-08
1.3423297e-12
3.0863697e-08
6.5668678e-13
4.0607695e-08
1.1578117e-12
-8.6128716e-09
-3.2361722e-14
-6.2852291e-08
-1.1528438e-12
-6.2853086e-08
-6.7730671e-13
-8.6147011e-09
-1.3739087e-12
4.0605843e-08
3.0862893e-08
-3.4912844e-13
3.0864045e-08
1.621339e-12
4.0605723e-08
8.284689e-13
-8.6120814e-09
4.4258352e-15
-6.285147e-08
-8.8221591e-13
-6.2852202e-08
-1.6314084e-12
-8.6139544e-09
3.7024007e-13
4.060384e-08
3.0863262e-08
1.4105573e-12
3.0862639e-08
8.1350389e-13
4.0606327e-08
1.2957117e-12
-8.6125553e-09
-3.344453e-14
-6.2850133e-08
-1.2927696e-12
-6.2850935e-08
-8.3550407e-13
-8.6144037e-09
-1.4426408e-12
4.0604454e-08
3.0861823e-08
-2.8262112e-13
3.086292e-08
1.7773254e-12
4.0604266e-08
9.6538757e-13
-8.6117462e-09
4.1668443e-15
-6.2849174e-08
-1.0196271e-12
-6.2849914e-08
-1.7879154e-12
-8.6136379e-09
3.0339024e-13
4.0602361e-08
3.0862125e-08
1.4775514e-12
3.0861448e-08
9.6748653e-13
4.0604783e-08
1.4319009e-12
-8.6122023e-09
-3.2713367e-14
-6.2847702e-08
-1.4278773e-12
-6.2848511e-08
-9.8907006e-13
-8.6140688e-09
-1.5096278e-12
4.0602888e-08
3.086062e-08
-2.1762129e-13
3.0861663e-08
1.9302642e-12
4.0602634e-08
1.1003793e-12
-8.6113753e-09
5.9167749e-15
-6.284661e-08
-1.1517079e-12
-6.2847356e-08
-1.9393865e-12
-8.6132837e-09
2.386278e-13
4.0600709e-08
3.0860857e-08
1.5430211e-12
3.0860125e-08
1.1180427e-12
4.0603066e-08
1.5660176e-12
-8.611815e-09
-2.9785257e-14
-6.2845006e-08
-1.5571469e-12
-6.284582e-08
-1.1370231e-12
-8.6136959e-09
-1.574462e-12
4.0601153e-08
3.0859286e-08
-1.544267e-13
3.0860278e-08
2.0795265e-12
4.060083e-08
1.2330688e-12
-8.6109715e-09
1.0094165e-14
-6.2843786e-08
-1.277367e-12
-6.2844536e-08
-2.0847662e-12
-8.6128912e-09
1.7637993e-13
4.059889e-08
3.0859462e-08
1.6066436e-12
3.0858676e-08
1.2645219e-12
4.060118e-08
1.6976779e-12
-8.6113964e-09
-2.4206464e-14
-6.2842056e-08
-1.6794144e-12
-6.2842873e-08
-1.2782485e-12
-8.6132844e-09
-1.6366799e-12
4.0599255e-08
3.0857829e-08
-9.3358175e-14
3.0858768e-08
2.2244388e-12
4.059886e-08
1.3630739e-12
-8.610538e-09
1.7190813e-14
-6.2840713e-08
-1.3953786e-12
-6.2841463e-08
-2.2228762e-12
-8.6124597e-09
1.1712357e-13
4.0596914e-08
3.0857944e-08
1.6680778e-12
3.0857104e-08
1.4062493e-12
4.0599129e-08
1.8265069e-12
-8.6109501e-09
-1.5447908e-14
-6.2838863e-08
-1.7933931e-12
-6.2839677e-08
-1.4115242e-12
-8.6128337e-09
-1.6957715e-12
4.0597204e-08
3.0856253e-08
-3.4743856e-14
3.0857137e-08
2.3643224e-12
4.0596728e-08
1.4900407e-12
-8.6100789e-09
2.7775724e-14
-6.2837404e-08
-1.5044103e-12
-6.2838148e-08
-2.3524476e-12
-8.6119884e-09
6.1371795e-14
4.0594789e-08
3.0856313e-08
1.726983e-12
3.0855415e-08
1.5425692e-12
4.059692e-08
1.9521783e-12
-8.6104803e-09
-2.9031349e-15
-6.2835441e-08
-1.8977089e-12
-6.2836245e-08
-1.5355602e-12
-8.6123427e-09
-1.7511974e-12
4.0595011e-08
3.0854565e-08
2.1103294e-14
3.0855392e-08
2.4985435e-12
4.059444e-08
1.6136871e-12
-8.6095985e-09
4.2493467e-14
-6.2833873e-08
-1.6030672e-12
-6.2834602e-08
-2.4721686e-12
-8.6114765e-09
9.6545281e-15
4.0592528e-08
3.0854573e-08
1.783044e-12
3.0853614e-08
1.672902e-12
4.0594558e-08
2.0744616e-12
-8.6099919e-09
1.4106937e-14
-6.2831805e-08
-1.9909552e-12
-6.283259e-08
-1.6490577e-12
-8.6118106e-09
-1.8024113e-12
4.0592687e-08
3.0852775e-08
7.3913983e-14
3.0853538e-08
2.6265761e-12
4.0592003e-08
1.7338542e-12
-8.6091024e-09
6.205476e-14
-6.2830136e-08
-1.6899595e-12
-6.283084e-08
-2.5807551e-12
-8.6109227e-09
-3.7510561e-14
4.0590142e-08
3.0852736e-08
1.8360027e-12
3.0851707e-08
1.7968149e-12
4.059205e-08
2.193276e-12
-8.6094907e-09
3.6316644e-14
-6.2827971e-08
-2.0717742e-12
-6.2828725e-08
-1.7507914e-12
-8.6112359e-09
-1.8488939e-12
4.0590247e-08
3.0850891e-08
1.2349762e-13
3.0851581e-08
2.7480781e-12
4.0589423e-08
1.8505618e-12
-8.6085965e-09
8.720977e-14
-6.2826211e-08
-1.7638003e-12
-6.2826877e-08
-2.6770479e-12
-8.6103256e-09
-7.9656942e-14
4.0587648e-08
3.085081e-08
1.8856964e-12
3.0849701e-08
1.9141038e-12
4.0589402e-08
2.3087471e-12
-8.608983e-09
6.447902e-14
-6.2823959e-08
-2.1389746e-12
-6.2824666e-08
-1.8397248e-12
-8.610617e-09
-1.8901981e-12
4.0587705e-08
3.0848923e-08
1.6978437e-13
3.0849529e-08
2.8629802e-12
4.0586706e-08
1.9640656e-12
-8.6080874e-09
1.1869826e-13
-6.2822116e-08
-1.8235461e-12
-6.2822726e-08
-2.7601473e-12
-8.6096835e-09
-1.1642266e-13
4.0585059e-08
3.0848806e-08
1.9321031e-12
3.0847601e-08
2.0248866e-12
4.0586621e-08
2.4212608e-12
-8.6084756e-09
9.9298893e-14
-6.2819787e-08
-2.1916983e-12
-6.2820428e-08
-1.9151668e-12
-8.6099522e-09
-1.9260103e-12
4.0585076e-08
3.0846883e-08
2.1287401e-13
3.0847387e-08
2.9715822e-12
4.058386e-08
2.0749047e-12
-8.6075823e-09
1.571627e-13
-6.2817872e-08
-1.8685933e-12
-6.2818405e-08
-2.8295935e-12
-8.6089943e-09
-1.4762134e-13
4.0582393e-08
3.0846734e-08
1.9753931e-12
3.0845416e-08
2.1297031e-12
4.0583713e-08
2.5315036e-12
-8.607976e-09
1.4132203e-13
-6.2815474e-08
-2.2296495e-12
-6.2816026e-08
-1.9769796e-12
-8.6092392e-09
-1.9562331e-12
4.0582378e-08
3.0844782e-08
2.5308854e-13
3.0845161e-08
3.0746533e-12
4.0580889e-08
2.1839325e-12
-8.6070887e-09
2.0300904e-13
-6.2813496e-08
-1.8990447e-12
-6.2813927e-08
-2.885606e-12
-8.6082558e-09
-1.7333645e-13
4.0579664e-08
3.0844607e-08
2.0159828e-12
3.084315e-08
2.2296123e-12
4.0580682e-08
2.6404789e-12
-8.6074915e-09
1.9076384e-13
-6.2811039e-08
-2.2534043e-12
-6.2811476e-08
-2.0258507e-12
-8.6084756e-09
-1.981091e-12
4.0579626e-08
3.084263e-08
2.9102713e-13
3.0842856e-08
3.1735257e-12
4.0577797e-08
2.2923129e-12
-8.6066137e-09
2.5619854e-13
-6.2809006e-08
-1.9160649e-12
-6.2809307e-08
-2.9293898e-12
-8.6074655e-09
-1.9404039e-13
4.0576888e-08
3.0842434e-08
2.0545893e-12
3.0840807e-08
2.3262791e-12
4.0577533e-08
2.7494798e-12
-8.6070289e-09
2.4725978e-13
-6.2806496e-08
-2.2648134e-12
-6.2806787e-08
-2.0636375e-12
-8.607659e-09
-2.0012651e-12
4.0576832e-08
3.0840437e-08
3.2761755e-13
3.0840477e-08
3.2701704e-12
4.0574588e-08
2.4014669e-12
-8.6061637e-09
3.1595432e-13
-6.2804414e-08
-1.922333e-12
-6.2804552e-08
-2.9635202e-12
-8.606621e-09
-2.1074417e-13
4.0574078e-08
3.0840224e-08
2.0922794e-12
3.0838389e-08
2.4220353e-12
4.0574265e-08
2.8600059e-12
-8.6065936e-09
3.0952503e-13
-6.2801856e-08
-2.2675061e-12
-6.2801967e-08
-2.0937894e-12
-8.606787e-09
-2.0180585e-12
4.0574008e-08
3.083821e-08
3.6415964e-13
3.0838023e-08
3.3672417e-12
4.057126e-08
2.5129541e-12
-8.6057429e-09
3.8037423e-13
-6.2799727e-08
-1.9225968e-12
-6.2799667e-08
-2.9924005e-12
-8.6057205e-09
-2.2517732e-13
4.0571239e-08
3.0837983e-08
2.1305069e-12
3.0835897e-08
2.5199022e-12
4.0570877e-08
2.9736096e-12
-8.6061886e-09
3.7492265e-13
-6.279712e-08
-2.2674889e-12
-6.2797018e-08
-2.1218387e-12
-8.6058585e-09
-2.0335898e-12
4.0571157e-08
3.0835953e-08
4.023525e-13
3.0835493e-08
3.4680764e-12
4.0567809e-08
2.6282834e-12
-8.6053524e-09
4.4596022e-13
-6.2794941e-08
-1.924306e-12
-6.2794651e-08
-3.0227786e-12
-8.6047633e-09
-2.3999062e-13
4.0568372e-08
3.0835712e-08
2.171131e-12
3.0833326e-08
2.6235632e-12
4.0567364e-08
3.0916746e-12
-8.6058125e-09
4.3896222e-13
-6.2792281e-08
-2.2737992e-12
-6.279193e-08
-2.15593e-12
-8.6048735e-09
-2.0510043e-12
4.0568273e-08
3.0833664e-08
4.4430071e-13
3.083288e-08
3.5766426e-12
4.0564229e-08
2.7486624e-12
-8.6049882e-09
5.0710411e-13
-6.2790043e-08
-1.9382675e-12
-6.2789488e-08
-3.0642752e-12
-8.6037509e-09
-2.5896808e-13
4.0565466e-08
3.0833404e-08
2.2164108e-12
3.0830668e-08
2.7372863e-12
4.0563715e-08
3.21515e-12
-8.605458e-09
4.9479403e-13
-6.2787315e-08
-2.2991312e-12
-6.2786687e-08
-2.2073248e-12
-8.6038351e-09
-2.0746809e-12
4.056534e-08
3.0831333e-08
4.9249385e-13
3.0830173e-08
3.6974406e-12
4.0560508e-08
2.8747297e-12
-8.604639e-09
5.5562273e-13
-6.2784999e-08
-1.9792047e-12
-6.2784155e-08
-3.1298355e-12
-8.6026878e-09
-2.8721462e-13
4.0562495e-08
3.0831044e-08
2.268974e-12
3.0827909e-08
2.865808e-12
4.0559918e-08
3.3443044e-12
-8.6051095e-09
5.3282244e-13
-6.278218e-08
-2.3602828e-12
-6.2781255e-08
-2.2907648e-12
-8.6027497e-09
-2.1103903e-12
4.0562321e-08
3.0828937e-08
5.4976309e-13
3.0827357e-08
3.8353848e-12
4.055663e-08
3.0063559e-12
-8.6042842e-09
5.8050251e-13
-6.2779758e-08
-2.0660357e-12
-6.2778612e-08
-3.2359611e-12
-8.6015832e-09
-3.3126736e-13
4.0559414e-08
3.0828604e-08
2.3317659e-12
3.082503e-08
3.0142223e-12
4.0555954e-08
3.4786149e-12
-8.6047406e-09
5.4063884e-13
-6.2776812e-08
-2.4781917e-12
-6.2775585e-08
-2.4245195e-12
-8.6016293e-09
-2.1653435e-12
4.0559161e-08
3.0826443e-08
6.1922208e-13
3.0824409e-08
3.9957202e-12
4.0552575e-08
3.1426593e-12
-8.6038913e-09
5.6809571e-13
-6.2774241e-08
-2.2215889e-12
-6.2772799e-08
-3.4025147e-12
-8.6004518e-09
-3.9905075e-13
4.0556155e-08
3.0826042e-08
2.4079929e-12
3.0822005e-08
3.1879411e-12
4.0551802e-08
3.6169659e-12
-8.6043124e-09
5.0355628e-13
-6.277112e-08
-2.6772408e-12
-6.2769611e-08
-2.6298792e-12
-8.6004915e-09
-2.2480341e-12
4.055578e-08
3.0823798e-08
7.0421424e-13
3.0821299e-08
4.1840596e-12
4.054832e-08
3.2824352e-12
-8.6034146e-09
5.030835e-13
-6.2768344e-08
-2.4714044e-12
-6.276664e-08
-3.6518296e-12
-8.5993146e-09
-4.9957246e-13
4.0552625e-08
3.0823297e-08
2.5010884e-12
3.0818803e-08
3.3928257e-12
4.0547435e-08
3.758371e-12
-8.6037721e-09
4.0608425e-13
-6.2764984e-08
-2.9834553e-12
-6.2763243e-08
-2.9298011e-12
-8.5993606e-09
-2.3677668e-12
4.0552069e-08
3.0820933e-08
8.0829005e-13
3.0817992e-08
4.4066439e-12
4.0543834e-08
3.4252172e-12
-8.6027945e-09
3.7055009e-13
-6.2761933e-08
-2.8412303e-12
-6.2760034e-08
-4.0068262e-12
-8.5981986e-09
-6.4223574e-13
4.0548703e-08
3.0820289e-08
2.6147286e-12
3.0815382e-08
3.6355811e-12
4.054282e-08
3.9034294e-12
-8.6030543e-09
2.3466596e-13
-6.2758257e-08
-3.4212206e-12
-6.2756371e-08
-3.346417e-12
-8.5982657e-09
-2.5337494e-12
4.0547896e-08
3.0817759e-08
9.352319e-13
3.0814444e-08
4.6708985e-12
4.0539082e-08
3.5731332e-12
-8.6019604e-09
1.5943215e-13
-6.2754847e-08
-3.3528983e-12
-6.2752862e-08
-4.4878748e-12
-8.5971343e-09
-8.3565021e-13
4.0544242e-08
3.0816921e-08
2.7529095e-12
3.0811696e-08
3.9244286e-12
4.0537917e-08
4.0565889e-12
-8.6020846e-09
-1.8162673e-14
-6.2750765e-08
-4.0083044e-12
-6.2748864e-08
-3.89719e-12
-8.5972377e-09
-2.7536555e-12
4.0543104e-08
3.0814171e-08
1.0890939e-12
3.0810605e-08
4.9862238e-12
4.0534018e-08
3.733486e-12
-8.6008357e-09
-1.3266582e-13
-6.2746902e-08
-4.0184959e-12
-6.2744982e-08
-5.1082892e-12
-8.5961515e-09
-1.0858544e-12
4.053908e-08
3.0813084e-08
2.9200213e-12
3.080769e-08
4.2698562e-12
4.0532675e-08
4.2289455e-12
-8.6007867e-09
-3.4843811e-13
-6.2742317e-08
-4.7493095e-12
-6.2740574e-08
-4.589713e-12
-8.5963034e-09
-3.0316203e-12
4.0537528e-08
3.0810056e-08
1.2740903e-12
3.0806413e-08
5.3646349e-12
4.0528581e-08
3.9214908e-12
-8.5993475e-09
-4.9385404e-13
-6.2737905e-08
-4.8332275e-12
-6.2736238e-08
-5.8686057e-12
-8.5952716e-09
-1.3939304e-12
4.0533051e-08
3.080866e-08
3.1206692e-12
3.0803297e-08
4.6847591e-12
4.0527025e-08
4.4406311e-12
-8.5990953e-09
-7.3523025e-13
-6.2732722e-08
-5.6282819e-12
-6.2731337e-08
-5.4154559e-12
-8.5954767e-09
-3.3657217e-12
4.0531008e-08
3.0805298e-08
1.4938848e-12
3.0801801e-08
5.8201972e-12
4.0522695e-08
4.1617048e-12
-8.5974406e-09
-8.9300611e-13
-6.2727671e-08
-5.768032e-12
-6.2726466e-08
-6.7501515e-12
-8.5944981e-09
-1.7530589e-12
4.0526008e-08
3.0803544e-08
3.3585944e-12
3.0798447e-08
5.1823921e-12
4.0520879e-08
4.7207024e-12
-8.5969708e-09
-1.1369352e-12
-6.2721805e-08
-6.6019324e-12
-6.2720993e-08
-6.3430893e-12
-8.5947491e-09
-3.7450345e-12
4.0523417e-08
3.0799802e-08
1.7492678e-12
3.0796696e-08
6.3650602e-12
4.051626e-08
4.4853135e-12
-8.5950949e-09
-1.2781289e-12
-6.2716045e-08
-6.7637642e-12
-6.2715511e-08
-7.7086232e-12
-8.5938078e-09
-2.1450081e-12
4.0517851e-08
3.0797656e-08
3.6333022e-12
3.0793067e-08
5.7691319e-12
4.0514132e-08
5.1008847e-12
-8.5944184e-09
-1.492666e-12
-6.2709444e-08
-7.5955487e-12
-6.27094e-08
-7.3120377e-12
-8.5940835e-09
-4.1461524e-12
4.0514691e-08
3.0793513e-08
2.0322975e-12
3.0791032e-08
6.9981908e-12
4.0509163e-08
4.9188001e-12
-8.5923429e-09
-1.5818351e-12
-6.2702947e-08
-7.7291198e-12
-6.2703256e-08
-8.6680932e-12
-8.593148e-09
-2.5356891e-12
4.0508557e-08
3.0790976e-08
3.9318398e-12
3.0787106e-08
6.4272753e-12
4.0506675e-08
5.5979894e-12
-8.5915053e-09
-1.732822e-12
-6.2695608e-08
-8.503646e-12
-6.2696478e-08
-8.2262446e-12
-8.5934175e-09
-4.5283859e-12
4.0504865e-08
3.0786452e-08
2.3137966e-12
3.0784789e-08
7.6812728e-12
4.0501305e-08
5.458581e-12
-8.5892864e-09
-1.7379405e-12
-6.2688415e-08
-8.5440786e-12
-6.2689675e-08
-9.5147361e-12
-8.5924502e-09
-2.8685306e-12
4.0498217e-08
3.0783581e-08
4.2119652e-12
3.0780582e-08
7.0823921e-12
4.0498442e-08
6.1801033e-12
-8.5883757e-09
-1.8023015e-12
-6.2680425e-08
-9.1966853e-12
-6.2682273e-08
-8.9470184e-12
-8.5926918e-09
-4.8256281e-12
4.0494102e-08
3.077876e-08
2.5207687e-12
3.0778059e-08
8.2974481e-12
4.0492663e-08
6.0290288e-12
-8.586111e-09
-1.7113428e-12
-6.2672688e-08
-9.0702922e-12
-6.2674917e-08
-1.0088933e-11
-8.5916766e-09
-3.053587e-12
4.0487065e-08
3.0775705e-08
4.37386e-12
3.077369e-08
7.5553203e-12
4.0489489e-08
6.71888e-12
-8.585266e-09
-1.6961957e-12
-6.2664265e-08
-9.5361322e-12
-6.2667069e-08
-9.2855638e-12
-8.5919189e-09
-4.9325848e-12
4.0482719e-08
3.0770776e-08
2.504735e-12
3.0771184e-08
8.6014154e-12
4.048339e-08
6.4361322e-12
-8.5831043e-09
-1.5375008e-12
-6.2656294e-08
-9.1745932e-12
-6.2659435e-08
-1.0181001e-11
-8.5909158e-09
-2.9526616e-12
4.0475488e-08
3.0767822e-08
4.2271843e-12
3.0766961e-08
7.5245298e-12
4.04801e-08
6.9566234e-12
-8.5825277e-09
-1.4998197e-12
-6.264783e-08
-9.412504e-12
-6.2651515e-08
-9.0126076e-12
-8.5913073e-09
-4.689618e-12
4.0471172e-08
3.0763136e-08
2.0213524e-12
3.0764938e-08
8.2145925e-12
4.0473905e-08
6.372851e-12
-8.5806894e-09
-1.3578139e-12
-6.2640102e-08
-8.797866e-12
-6.2644078e-08
-9.5693654e-12
-8.590539e-09
-2.3758899e-12
4.0463977e-08
3.0760759e-08
3.493515e-12
3.076145e-08
6.5988874e-12
4.0470807e-08
6.5853688e-12
-8.580667e-09
-1.4126813e-12
-6.2632096e-08
-8.867841e-12
-6.2636614e-08
-7.9625863e-12
-8.5914357e-09
-3.8984673e-12
4.045992e-08
3.0756865e-08
7.9444944e-13
3.0760653e-08
6.8325857e-12
4.0464767e-08
5.6329158e-12
-8.5794707e-09
-1.4234051e-12
-6.2625043e-08
-8.1779481e-12
-6.2629862e-08
-8.237708e-12
-8.5913789e-09
-1.152056e-12
4.0452833e-08
3.0755711e-08
1.9627394e-12
3.0758696e-08
4.761538e-12
4.0461976e-08
5.6734344e-12
-8.5803735e-09
-1.7233152e-12
-6.2617637e-08
-8.4797932e-12
-6.2623097e-08
-6.4552642e-12
-8.5933947e-09
-2.4736686e-12
4.0448859e-08
3.0753242e-08
-1.1579624e-12
3.0759852e-08
5.0241397e-12
4.0455792e-08
4.864488e-12
-8.5802171e-09
-2.0311727e-12
-6.2610744e-08
-8.4937673e-12
-6.2616638e-08
-7.1077659e-12
-8.5947835e-09
5.6571149e-13
4.0441184e-08
3.0753807e-08
5.3395753e-14
3.0759804e-08
3.695761e-12
4.0452158e-08
5.8761124e-12
-8.5823881e-09
-2.6992864e-12
-6.260216e-08
-1.0380446e-11
-6.2608948e-08
-6.5025995e-12
-8.5986524e-09
-9.6310677e-13
4.0435652e-08
3.0752848e-08
-2.6202988e-12
3.0762422e-08
6.2600605e-12
4.0443276e-08
7.39095e-12
-8.5835221e-09
-3.3629714e-12
-6.2591409e-08
-1.3404855e-11
-6.2598908e-08
-9.8897554e-12
-8.6021701e-09
1.4583784e-12
4.0424302e-08
3.0754305e-08
1.4853577e-13
3.0762279e-08
9.7021299e-12
4.0433731e-08
1.3002496e-11
-8.586813e-09
-4.3775562e-12
-6.257402e-08
-2.0454827e-11
-6.2582822e-08
-1.4488823e-11
-8.608127e-09
-1.7994772e-12
4.041162e-08
3.075251e-08
6.6439069e-13
3.0761613e-08
2.0847037e-11
4.0413546e-08
2.2608974e-11
-8.5885779e-09
-5.2380802e-12
-6.2546175e-08
-3.2011606e-11
-6.2556051e-08
-2.6731794e-11
-8.6134094e-09
-2.698933e-12
4.0387586e-08
3.074981e-08
8.9851675e-12
3.0752633e-08
3.8642265e-11
4.0383898e-08
4.1222142e-11
-8.5911482e-09
-6.2996017e-12
-6.2498645e-08
-5.2080589e-11
-6.2510261e-08
-4.5804037e-11
-8.6196767e-09
-1.1574146e-11
4.0353364e-08
3.073824e-08
1.8822062e-11
3.0733809e-08
7.1686201e-11
4.0331032e-08
7.0778124e-11
-8.5902431e-09
-6.8678584e-12
-6.2421001e-08
-8.3203366e-11
-6.2433928e-08
-7.9683425e-11
-8.6231992e-09
-2.1750209e-11
4.029543e-08
3.0716489e-08
4.0734014e-11
3.0693081e-08
1.2194712e-10
4.0249827e-08
1.1796235e-10
-8.5862488e-09
-7.3276276e-12
-6.2295702e-08
-1.3069764e-10
-6.2310549e-08
-1.3061931e-10
-8.6232683e-09
-4.4022389e-11
4.020884e-08
3.0672471e-08
7.0696122e-11
3.0622383e-08
1.9961802e-10
4.0120904e-08
1.8717275e-10
-8.5738066e-09
-6.7941014e-12
-6.2101738e-08
-1.9968368e-10
-6.2117662e-08
-2.0793946e-10
-8.6150152e-09
-7.3955067e-11
4.0074855e-08
3.0598514e-08
1.1901062e-10
3.0503378e-08
3.0984453e-10
3.9930078e-08
2.8612359e-10
-8.5500764e-09
-5.7553515e-12
-6.180985e-08
-2.9621127e-10
-6.1827197e-08
-3.1720313e-10
-8.5940143e-09
-1.2204959e-10
3.9879708e-08
3.0476469e-08
1.8409104e-10
3.0319285e-08
4.6272248e-10
3.9651444e-08
4.2078614e-10
-8.5081436e-09
-3.2275482e-12
-6.138584e-08
-4.2724902e-10
-6.1403179e-08
-4.674843e-10
-8.5537822e-09
-1.8633544e-10
3.9598558e-08
3.0290132e-08
2.743348e-10
3.0044955e-08
6.6455409e-10
3.9261233e-08
5.9751823e-10
-8.4410989e-09
1.0588572e-13
-6.0788419e-08
-5.9744962e-10
-6.0805615e-08
-6.6574039e-10
-8.4854829e-09
-2.7539497e-10
3.9208219e-08
3.0014741e-08
3.8935504e-10
2.9655598e-08
9.2125664e-10
3.8729328e-08
8.2074464e-10
-8.3405912e-09
5.1255129e-12
-5.9972803e-08
-8.1264348e-10
-5.998785e-08
-9.1692733e-10
-8.3812029e-09
-3.8855941e-10
3.8679849e-08
2.9626179e-08
5.3288056e-10
2.9122722e-08
1.2351689e-09
3.8027047e-08
1.0908745e-09
-8.1962889e-09
1.0915391e-11
-5.8892837e-08
-1.0719238e-09
-5.8905003e-08
-1.2243226e-09
-8.2287965e-09
-5.2975771e-10
3.798529e-08
2.9096425e-08
7.0276089e-10
2.8419958e-08
1.6014534e-09
3.712835e-08
1.4052132e-09
-8.0000539e-09
1.7988487e-11
-5.7505617e-08
-1.3743567e-09
-5.7512663e-08
-1.5824859e-09
-8.0206722e-09
-6.967236e-10
3.7099524e-08
2.8399699e-08
8.9453236e-10
2.752543e-08
2.0107654e-09
3.6012123e-08
1.7520883e-09
-7.7413701e-09
2.5309839e-11
-5.5778832e-08
-1.7078032e-09
-5.5779543e-08
-1.9831591e-09
-7.7453099e-09
-8.8521776e-10
3.6001587e-08
2.7514484e-08
1.1003694e-09
2.6425057e-08
2.4400971e-09
3.467239e-08
2.1149497e-09
-7.4162293e-09
3.2810989e-11
-5.3696699e-08
-2.0574553e-09
-5.3689283e-08
-2.4033495e-09
-7.3994219e-09
-1.0874668e-09
3.4685699e-08
2.6427013e-08
1.3041967e-09
2.5120864e-08
2.8605143e-09
3.3116077e-08
2.4647585e-09
-7.020468e-09
3.9638739e-11
-5.1271575e-08
-2.3949301e-09
-5.1254709e-08
-2.8150106e-09
-6.9793363e-09
-1.28763e-09
3.3158322e-08
2.5139386e-08
1.4872116e-09
2.3633648e-08
3.2251475e-09
3.1378135e-08
2.7663322e-09
-6.5616601e-09
4.5109239e-11
-4.8550359e-08
-2.6861403e-09
-4.8523467e-08
-3.1720088e-09
-6.4934749e-09
-1.4670463e-09
3.1453354e-08
2.3672336e-08
1.6181412e-09
2.201551e-08
3.4762067e-09
2.9520073e-08
2.9656316e-09
-6.0510815e-09
4.9021961e-11
-4.5633746e-08
-2.8787235e-09
-4.5595718e-08
-3.4167524e-09
-5.9554427e-09
-1.5946441e-09
2.9631248e-08
2.2077693e-08
1.6806578e-09
2.0334847e-08
3.5357481e-09
2.7664978e-08
2.9920588e-09
-5.5073966e-09
5.0532062e-11
-4.2692223e-08
-2.9015004e-09
-4.264369e-08
-3.4725794e-09
-5.3843682e-09
-1.6540391e-09
2.7812705e-08
2.0423653e-08
1.6994727e-09
3.3258427e-09
2.7600772e-09
5.0865005e-11
-2.6706291e-09
-3.2608493e-09
-1.6710304e-09
)
;

boundaryField
{
    left
    {
        type            calculated;
        value           nonuniform List<scalar> 8(1.1561473e-18 1.1561473e-18 1.1561473e-18 1.1561473e-18 1.1561473e-18 1.1561473e-18 1.1561473e-18 1.1561473e-18);
    }
    right
    {
        type            calculated;
        value           nonuniform List<scalar> 8(1.8635376e-08 2.6038609e-08 -4.9416298e-09 -3.998301e-08 -3.9922194e-08 -4.7941466e-09 2.6222886e-08 1.8752622e-08);
    }
    walls
    {
        type            calculated;
        value           uniform 0;
    }
    frontAndBack
    {
        type            empty;
        value           nonuniform 0();
    }
}


// ************************************************************************* //
