/*--------------------------------*- C++ -*----------------------------------*\
| =========                 |                                                 |
| \\      /  F ield         | OpenFOAM: The Open Source CFD Toolbox           |
|  \\    /   O peration     | Version:  5.x                                   |
|   \\  /    A nd           | Web:      www.OpenFOAM.org                      |
|    \\/     M anipulation  |                                                 |
\*---------------------------------------------------------------------------*/
FoamFile
{
    version     2.0;
    format      ascii;
    class       surfaceScalarField;
    location    "3";
    object      phi_0;
}
// * * * * * * * * * * * * * * * * * * * * * * * * * * * * * * * * * * * * * //

dimensions      [0 3 -1 0 0 0 0];

internalField   nonuniform List<scalar> 
3592
(
-1.8378064e-06
-1.7475756e-05
-1.1783961e-06
-1.9972971e-05
-5.8254822e-07
-1.9909407e-05
3.7953363e-13
-1.9896108e-05
5.8254896e-07
-1.9896108e-05
1.1783959e-06
-1.9909407e-05
1.837806e-06
-1.997297e-05
-1.7475754e-05
-2.4551104e-06
-1.5020643e-05
-2.2248864e-06
-2.0203191e-05
-1.193108e-06
-2.0941178e-05
7.2744544e-13
-2.1089211e-05
1.1931093e-06
-2.108921e-05
2.2248864e-06
-2.0941178e-05
2.4551103e-06
-2.020319e-05
-1.5020641e-05
-2.1448188e-06
-1.287582e-05
-2.3663311e-06
-1.9981673e-05
-1.3757168e-06
-2.1931786e-05
9.5474966e-13
-2.2464923e-05
1.3757184e-06
-2.2464923e-05
2.3663314e-06
-2.1931786e-05
2.1448191e-06
-1.9981672e-05
-1.2875819e-05
-1.6989043e-06
-1.1176911e-05
-2.1030174e-06
-1.9577555e-05
-1.3041265e-06
-2.273067e-05
1.0634787e-12
-2.3769045e-05
1.3041282e-06
-2.3769045e-05
2.1030179e-06
-2.2730671e-05
1.6989047e-06
-1.9577554e-05
-1.1176911e-05
-1.279432e-06
-9.8974752e-06
-1.7146739e-06
-1.9142307e-05
-1.1176196e-06
-2.3327719e-05
1.0114553e-12
-2.4886661e-05
1.1176212e-06
-2.4886661e-05
1.7146746e-06
-2.3327719e-05
1.2794325e-06
-1.9142307e-05
-9.897475e-06
-9.2887791e-07
-8.9685931e-06
-1.3247605e-06
-1.8746419e-05
-8.9892187e-07
-2.3753552e-05
8.7614411e-13
-2.5785579e-05
8.989233e-07
-2.5785579e-05
1.3247614e-06
-2.3753552e-05
9.2887849e-07
-1.8746418e-05
-8.9685929e-06
-6.5540374e-07
-8.3131856e-06
-9.8475998e-07
-1.8417057e-05
-6.9114166e-07
-2.4047166e-05
6.7112172e-13
-2.6476718e-05
6.9114281e-07
-2.6476718e-05
9.8476097e-07
-2.4047165e-05
6.5540441e-07
-1.8417057e-05
-8.3131854e-06
-4.5217904e-07
-7.8610026e-06
-7.1054472e-07
-1.8158686e-05
-5.1337087e-07
-2.4244334e-05
4.7884832e-13
-2.6990085e-05
5.1337172e-07
-2.6990084e-05
7.1054575e-07
-2.4244334e-05
4.5217975e-07
-1.8158685e-05
-7.8610022e-06
-3.061146e-07
-7.5548848e-06
-5.0044674e-07
-1.7964349e-05
-3.7084114e-07
-2.4373936e-05
2.6593691e-13
-2.7360923e-05
3.7084172e-07
-2.7360922e-05
5.0044774e-07
-2.4373935e-05
3.0611533e-07
-1.7964348e-05
-7.5548843e-06
-2.0377931e-07
-7.351102e-06
-3.4520424e-07
-1.7822919e-05
-2.6166185e-07
-2.4457474e-05
1.0232823e-13
-2.7622581e-05
2.6166215e-07
-2.762258e-05
3.4520516e-07
-2.4457473e-05
2.0378002e-07
-1.7822917e-05
-7.3511015e-06
-1.3346415e-07
-7.2176355e-06
-2.3370878e-07
-1.7722671e-05
-1.8082969e-07
-2.451035e-05
-5.5883433e-14
-2.7803408e-05
1.8082976e-07
-2.7803407e-05
2.3370957e-07
-2.4510349e-05
1.3346482e-07
-1.7722669e-05
-7.2176348e-06
-8.6035613e-08
-7.1315971e-06
-1.5544063e-07
-1.7653261e-05
-1.2261806e-07
-2.4543169e-05
-1.6893631e-13
-2.7926022e-05
1.2261792e-07
-2.7926021e-05
1.5544128e-07
-2.4543168e-05
8.6036208e-08
-1.7653259e-05
-7.1315965e-06
-5.453015e-08
-7.0770654e-06
-1.0161002e-07
-1.7606179e-05
-8.1645605e-08
-2.4563132e-05
-2.587711e-13
-2.8007665e-05
8.1645306e-08
-2.8007664e-05
1.016105e-07
-2.456313e-05
5.453066e-08
-1.7606177e-05
-7.0770647e-06
-3.3950669e-08
-7.0431126e-06
-6.5243086e-08
-1.7574883e-05
-5.3395993e-08
-2.4574976e-05
-3.3067097e-13
-2.8061058e-05
5.3395572e-08
-2.8061057e-05
6.5243407e-08
-2.4574974e-05
3.3951089e-08
-1.7574881e-05
-7.043112e-06
-2.0702639e-08
-7.022409e-06
-4.1105615e-08
-1.7554478e-05
-3.4274746e-08
-2.4581805e-05
-3.666285e-13
-2.809533e-05
3.4274217e-08
-2.809533e-05
4.1105781e-08
-2.4581804e-05
2.0702963e-08
-1.7554476e-05
-7.0224084e-06
-1.2324752e-08
-7.0100827e-06
-2.5350842e-08
-1.7541449e-05
-2.1565142e-08
-2.4585588e-05
-4.1156913e-13
-2.8116892e-05
2.1564557e-08
-2.8116892e-05
2.5350872e-08
-2.4585587e-05
1.2324994e-08
-1.7541448e-05
-7.0100823e-06
-7.1152223e-09
-7.0029668e-06
-1.5251595e-08
-1.7533311e-05
-1.3264697e-08
-2.4587574e-05
-4.1543941e-13
-2.8130155e-05
1.3264038e-08
-2.8130155e-05
1.5251512e-08
-2.4587573e-05
7.1153797e-09
-1.753331e-05
-7.0029665e-06
-3.9460784e-09
-6.9990195e-06
-8.8975138e-09
-1.7528357e-05
-7.944712e-09
-2.4588525e-05
-4.2990583e-13
-2.8138097e-05
7.9440492e-09
-2.8138097e-05
8.8973362e-09
-2.4588524e-05
3.9461773e-09
-1.7528357e-05
-6.9990194e-06
-2.0633137e-09
-6.9969558e-06
-4.985834e-09
-1.7525434e-05
-4.6023014e-09
-2.4588907e-05
-4.1531034e-13
-2.8142698e-05
4.60161e-09
-2.8142698e-05
4.9855997e-09
-2.4588907e-05
2.0633545e-09
-1.7525434e-05
-6.9969558e-06
-9.803513e-10
-6.9959743e-06
-2.6372618e-09
-1.7523775e-05
-2.5502217e-09
-2.4588992e-05
-4.1069543e-13
-2.8145246e-05
2.549563e-09
-2.8145246e-05
2.6369872e-09
-2.4588993e-05
9.8036376e-10
-1.7523775e-05
-6.9959746e-06
-3.8262565e-10
-6.9955914e-06
-1.2713489e-09
-1.7522885e-05
-1.3239498e-09
-2.4588939e-05
-3.7713851e-13
-2.8146568e-05
1.323311e-09
-2.8146569e-05
1.2710682e-09
-2.458894e-05
3.8260834e-10
-1.7522886e-05
-6.9955918e-06
-7.2927505e-11
-6.9955174e-06
-5.0924394e-10
-1.7522447e-05
-6.1610613e-10
-2.458883e-05
-3.4725861e-13
-2.8147182e-05
6.1553688e-10
-2.8147183e-05
5.0897758e-10
-2.4588831e-05
7.2909753e-11
-1.7522448e-05
-6.9955181e-06
7.1981128e-11
-6.9955891e-06
-1.0934277e-10
-1.7522265e-05
-2.2582143e-10
-2.4588713e-05
-2.9687231e-13
-2.8147407e-05
2.2532229e-10
-2.8147407e-05
1.0911154e-10
-2.4588714e-05
-7.2003961e-11
-1.7522266e-05
-6.9955899e-06
1.2588932e-10
-6.9957139e-06
8.0875533e-11
-1.7522218e-05
-2.5193455e-11
-2.4588604e-05
-2.3640962e-13
-2.814743e-05
2.4799857e-11
-2.8147431e-05
-8.104711e-11
-2.4588607e-05
-1.2589127e-10
-1.752222e-05
-6.9957149e-06
1.3366103e-10
-6.9958473e-06
1.5410114e-10
-1.7522237e-05
6.6631234e-11
-2.4588516e-05
-1.7362989e-13
-2.8147362e-05
-6.6907916e-11
-2.8147363e-05
-1.5420681e-10
-2.4588519e-05
-1.3365007e-10
-1.752224e-05
-6.9958484e-06
1.1948328e-10
-6.9959657e-06
1.669414e-10
-1.7522283e-05
9.8390145e-11
-2.4588446e-05
-9.4957909e-14
-2.8147262e-05
-9.8540769e-11
-2.8147263e-05
-1.6695855e-10
-2.4588448e-05
-1.1943907e-10
-1.7522286e-05
-6.995967e-06
9.8291799e-11
-6.9960637e-06
1.5085884e-10
-1.7522335e-05
9.9939809e-11
-2.4588394e-05
-2.3300459e-14
-2.8147161e-05
-9.9946801e-11
-2.8147162e-05
-1.5079718e-10
-2.4588397e-05
-9.8225672e-11
-1.7522338e-05
-6.996065e-06
7.5803333e-11
-6.9961384e-06
1.2465547e-10
-1.7522382e-05
8.7496481e-11
-2.4588355e-05
6.3415038e-14
-2.8147072e-05
-8.7371512e-11
-2.8147073e-05
-1.244946e-10
-2.4588358e-05
-7.5700378e-11
-1.7522385e-05
-6.9961399e-06
5.6578317e-11
-6.9961947e-06
9.6596916e-11
-1.7522421e-05
7.0854104e-11
-2.4588329e-05
1.3319005e-13
-2.8147e-05
-7.0583368e-11
-2.8147002e-05
-9.6359709e-11
-2.4588332e-05
-5.6452243e-11
-1.7522424e-05
-6.9961961e-06
4.0227471e-11
-6.9962338e-06
7.1963076e-11
-1.7522451e-05
5.400859e-11
-2.4588309e-05
2.148467e-13
-2.8146945e-05
-5.3618392e-11
-2.8146946e-05
-7.1633567e-11
-2.4588312e-05
-4.0068084e-11
-1.7522454e-05
-6.9962354e-06
2.8261216e-11
-6.9962618e-06
5.1244114e-11
-1.7522473e-05
3.9648057e-11
-2.4588297e-05
2.7325592e-13
-2.8146905e-05
-3.9132401e-11
-2.8146906e-05
-5.0852918e-11
-2.45883e-05
-2.8083273e-11
-1.7522477e-05
-6.9962632e-06
1.8706221e-11
-6.9962795e-06
3.5595815e-11
-1.7522489e-05
2.7754169e-11
-2.4588287e-05
3.3855592e-13
-2.8146876e-05
-2.714661e-11
-2.8146877e-05
-3.5131979e-11
-2.458829e-05
-1.850298e-11
-1.7522492e-05
-6.9962809e-06
1.2480495e-11
-6.9962917e-06
2.3455096e-11
-1.7522499e-05
1.8903742e-11
-2.4588282e-05
3.784825e-13
-2.8146857e-05
-1.8206865e-11
-2.8146858e-05
-2.2951791e-11
-2.4588285e-05
-1.2266536e-11
-1.7522502e-05
-6.996293e-06
7.4723224e-12
-6.9962982e-06
1.5116171e-11
-1.7522505e-05
1.2075943e-11
-2.4588278e-05
4.2081736e-13
-2.8146843e-05
-1.1323476e-11
-2.8146844e-05
-1.4566645e-11
-2.458828e-05
-7.242981e-12
-1.7522508e-05
-6.9962995e-06
4.6764908e-12
-6.9963026e-06
8.8091818e-12
-1.7522508e-05
7.4468931e-12
-2.4588276e-05
4.3950517e-13
-2.8146836e-05
-6.6478362e-12
-2.8146837e-05
-8.2448462e-12
-2.4588278e-05
-4.4451629e-12
-1.7522511e-05
-6.9963037e-06
2.1863181e-12
-6.9963038e-06
4.9000101e-12
-1.752251e-05
3.940935e-12
-2.4588273e-05
4.57547e-13
-2.8146831e-05
-3.1235362e-12
-2.8146832e-05
-4.3164547e-12
-2.4588275e-05
-1.9491984e-12
-1.7522512e-05
-6.9963049e-06
1.164745e-12
-6.9963048e-06
1.8549455e-12
-1.752251e-05
1.8051857e-12
-2.4588273e-05
4.5614037e-13
-2.8146829e-05
-9.818708e-13
-2.814683e-05
-1.2790259e-12
-2.4588275e-05
-9.3337519e-13
-1.7522512e-05
-6.9963057e-06
-8.2888741e-14
-6.9963037e-06
2.6341868e-13
-1.7522508e-05
1.1941923e-13
-2.4588271e-05
4.5279814e-13
-2.8146828e-05
6.9025838e-13
-2.8146829e-05
3.0872235e-13
-2.4588273e-05
3.1228268e-13
-1.752251e-05
-6.9963046e-06
-2.7771233e-13
-6.9963033e-06
-1.1607616e-12
-1.7522507e-05
-7.3398142e-13
-2.4588271e-05
4.3548695e-13
-2.8146829e-05
1.5169913e-12
-2.8146829e-05
1.7081048e-12
-2.4588273e-05
4.9573945e-13
-1.7522509e-05
-6.9963039e-06
-9.6424719e-13
-6.9963014e-06
-1.6588528e-12
-1.7522505e-05
-1.5288181e-12
-2.4588269e-05
4.1639094e-13
-2.8146829e-05
2.2754259e-12
-2.814683e-05
2.1860355e-12
-2.4588271e-05
1.1750662e-12
-1.7522506e-05
-6.996302e-06
-8.0941727e-13
-6.9963004e-06
-2.3474873e-12
-1.7522503e-05
-1.7855136e-12
-2.458827e-05
3.8887541e-13
-2.8146831e-05
2.4838997e-12
-2.8146831e-05
2.8393378e-12
-2.4588271e-05
1.0057649e-12
-1.7522504e-05
-6.9963009e-06
-1.2613412e-12
-6.9962982e-06
-2.374401e-12
-1.75225e-05
-2.180953e-12
-2.4588268e-05
3.6046868e-13
-2.8146832e-05
2.830525e-12
-2.8146832e-05
2.8369595e-12
-2.4588269e-05
1.4478159e-12
-1.7522501e-05
-6.9962987e-06
-9.748403e-13
-6.9962971e-06
-2.7551016e-12
-1.7522498e-05
-2.1830989e-12
-2.4588269e-05
3.2849487e-13
-2.8146834e-05
2.7739402e-12
-2.8146834e-05
3.178181e-12
-2.4588269e-05
1.1460558e-12
-1.7522499e-05
-6.9962974e-06
-1.3347434e-12
-6.9962948e-06
-2.5974244e-12
-1.7522495e-05
-2.4123324e-12
-2.4588267e-05
2.9666008e-13
-2.8146835e-05
2.951285e-12
-2.8146835e-05
2.9884779e-12
-2.4588268e-05
1.4955507e-12
-1.7522496e-05
-6.9962952e-06
-1.0075396e-12
-6.9962937e-06
-2.8584152e-12
-1.7522493e-05
-2.3145403e-12
-2.4588267e-05
2.6500698e-13
-2.8146837e-05
2.7933897e-12
-2.8146838e-05
3.2109611e-12
-2.4588268e-05
1.1540733e-12
-1.7522493e-05
-6.9962939e-06
-1.3320209e-12
-6.9962914e-06
-2.6366522e-12
-1.752249e-05
-2.4781895e-12
-2.4588266e-05
2.3423691e-13
-2.8146839e-05
2.9091142e-12
-2.8146839e-05
2.9591677e-12
-2.4588267e-05
1.4690814e-12
-1.7522491e-05
-6.9962917e-06
-9.9841187e-13
-6.9962903e-06
-2.8533533e-12
-1.7522488e-05
-2.3440107e-12
-2.4588266e-05
2.0621315e-13
-2.8146841e-05
2.7197799e-12
-2.8146841e-05
3.1417298e-12
-2.4588267e-05
1.1232902e-12
-1.7522488e-05
-6.9962905e-06
-1.3074188e-12
-6.9962881e-06
-2.6133627e-12
-1.7522485e-05
-2.4814662e-12
-2.4588265e-05
1.7933503e-13
-2.8146842e-05
2.817596e-12
-2.8146842e-05
2.8765511e-12
-2.4588265e-05
1.4245493e-12
-1.7522485e-05
-6.9962883e-06
-9.7866359e-13
-6.996287e-06
-2.8127974e-12
-1.7522483e-05
-2.3344652e-12
-2.4588265e-05
1.56731e-13
-2.8146844e-05
2.6238434e-12
-2.8146844e-05
3.0479194e-12
-2.4588265e-05
1.0861916e-12
-1.7522483e-05
-6.9962871e-06
-1.2780512e-12
-6.9962848e-06
-2.5699349e-12
-1.752248e-05
-2.4595471e-12
-2.4588264e-05
1.3504785e-13
-2.8146845e-05
2.7194201e-12
-2.8146846e-05
2.7858939e-12
-2.4588264e-05
1.3797823e-12
-1.752248e-05
-6.996285e-06
-9.5703311e-13
-6.9962838e-06
-2.7604008e-12
-1.7522478e-05
-2.3075091e-12
-2.4588264e-05
1.1839031e-13
-2.8146848e-05
2.5301286e-12
-2.8146848e-05
2.9547085e-12
-2.4588264e-05
1.0517562e-12
-1.7522478e-05
-6.9962839e-06
-1.2479644e-12
-6.9962816e-06
-2.5189161e-12
-1.7522475e-05
-2.4245571e-12
-2.4588262e-05
1.0204723e-13
-2.8146849e-05
2.6277892e-12
-2.8146849e-05
2.7000431e-12
-2.4588263e-05
1.3386757e-12
-1.7522475e-05
-6.9962818e-06
-9.3498955e-13
-6.9962806e-06
-2.7024173e-12
-1.7522473e-05
-2.2698505e-12
-2.4588263e-05
9.0984305e-14
-2.8146851e-05
2.4447921e-12
-2.8146851e-05
2.8677417e-12
-2.4588263e-05
1.0210059e-12
-1.7522473e-05
-6.9962807e-06
-1.2174452e-12
-6.9962785e-06
-2.4631609e-12
-1.752247e-05
-2.3802487e-12
-2.4588261e-05
7.939452e-14
-2.8146852e-05
2.5447445e-12
-2.8146852e-05
2.6205028e-12
-2.4588262e-05
1.3008531e-12
-1.7522471e-05
-6.9962788e-06
-9.1226291e-13
-6.9962775e-06
-2.6400621e-12
-1.7522468e-05
-2.2237573e-12
-2.4588261e-05
7.3085361e-14
-2.8146854e-05
2.3674847e-12
-2.8146854e-05
2.7864096e-12
-2.4588262e-05
9.9287005e-13
-1.7522469e-05
-6.9962777e-06
-1.186151e-12
-6.9962755e-06
-2.4031632e-12
-1.7522466e-05
-2.3282296e-12
-2.458826e-05
6.5309871e-14
-2.8146855e-05
2.468741e-12
-2.8146855e-05
2.5456164e-12
-2.4588261e-05
1.2650992e-12
-1.7522466e-05
-6.9962757e-06
-8.885176e-13
-6.9962745e-06
-2.5736564e-12
-1.7522464e-05
-2.1705949e-12
-2.458826e-05
6.2737069e-14
-2.8146857e-05
2.2960895e-12
-2.8146857e-05
2.7087467e-12
-2.4588261e-05
9.6611964e-13
-1.7522464e-05
-6.9962747e-06
-1.153915e-12
-6.9962725e-06
-2.3392558e-12
-1.7522461e-05
-2.2698304e-12
-2.4588259e-05
5.7761736e-14
-2.8146858e-05
2.3975455e-12
-2.8146858e-05
2.4733989e-12
-2.458826e-05
1.2303762e-12
-1.7522462e-05
-6.9962728e-06
-8.6367389e-13
-6.9962716e-06
-2.5036738e-12
-1.7522459e-05
-2.1117088e-12
-2.4588259e-05
5.7941714e-14
-2.814686e-05
2.2284418e-12
-2.814686e-05
2.6329918e-12
-2.458826e-05
9.3985479e-13
-1.752246e-05
-6.9962719e-06
-1.1208085e-12
-6.9962697e-06
-2.272014e-12
-1.7522457e-05
-2.20643e-12
-2.4588258e-05
5.4845884e-14
-2.8146861e-05
2.3292186e-12
-2.8146861e-05
2.4023301e-12
-2.4588259e-05
1.1960094e-12
-1.7522457e-05
-6.99627e-06
-8.3784958e-13
-6.9962688e-06
-2.4308064e-12
-1.7522455e-05
-2.0484661e-12
-2.4588258e-05
5.6941894e-14
-2.8146863e-05
2.162849e-12
-2.8146863e-05
2.5579338e-12
-2.4588259e-05
9.1352846e-13
-1.7522455e-05
-6.9962691e-06
-1.0870384e-12
-6.9962669e-06
-2.2021681e-12
-1.7522452e-05
-2.1393703e-12
-2.4588257e-05
5.4977032e-14
-2.8146864e-05
2.2623556e-12
-2.8146864e-05
2.3314488e-12
-2.4588258e-05
1.1616306e-12
-1.7522453e-05
-6.9962673e-06
-8.1125299e-13
-6.996266e-06
-2.3558246e-12
-1.7522451e-05
-1.9821351e-12
-2.4588257e-05
5.8338119e-14
-2.8146866e-05
2.0981621e-12
-2.8146866e-05
2.4828749e-12
-2.4588258e-05
8.8686075e-13
-1.7522451e-05
-6.9962664e-06
-1.0528545e-12
-6.9962642e-06
-2.1304649e-12
-1.7522448e-05
-2.0698437e-12
-2.4588256e-05
5.6943242e-14
-2.8146866e-05
2.1960619e-12
-2.8146867e-05
2.2602503e-12
-2.4588257e-05
1.1270879e-12
-1.7522449e-05
-6.9962646e-06
-7.8410987e-13
-6.9962634e-06
-2.279464e-12
-1.7522447e-05
-1.9138022e-12
-2.4588256e-05
6.1097004e-14
-2.8146868e-05
2.0336967e-12
-2.8146869e-05
2.4075027e-12
-2.4588257e-05
8.5974999e-13
-1.7522447e-05
-6.9962637e-06
-1.0184974e-12
-6.9962616e-06
-2.0575859e-12
-1.7522444e-05
-1.9988425e-12
-2.4588255e-05
5.9877678e-14
-2.8146869e-05
2.1298487e-12
-2.8146869e-05
2.1885551e-12
-2.4588256e-05
1.0923642e-12
-1.7522445e-05
-6.996262e-06
-7.5662939e-13
-6.9962609e-06
-2.2023722e-12
-1.7522443e-05
-1.8443525e-12
-2.4588255e-05
6.4499194e-14
-2.8146871e-05
1.9691184e-12
-2.8146871e-05
2.3317681e-12
-2.4588256e-05
8.3220469e-13
-1.7522444e-05
-6.9962612e-06
-9.8417965e-13
-6.9962591e-06
-1.9841194e-12
-1.752244e-05
-1.9271648e-12
-2.4588254e-05
6.3192624e-14
-2.8146872e-05
2.0635194e-12
-2.8146872e-05
2.1163958e-12
-2.4588255e-05
1.0575236e-12
-1.7522441e-05
-6.9962596e-06
-7.2899481e-13
-6.9962584e-06
-2.1251009e-12
-1.7522439e-05
-1.7744916e-12
-2.4588254e-05
6.8067312e-14
-2.8146873e-05
1.904333e-12
-2.8146874e-05
2.2557863e-12
-2.4588255e-05
8.0429848e-13
-1.752244e-05
-6.9962588e-06
-9.5008269e-13
-6.9962567e-06
-1.9105643e-12
-1.7522437e-05
-1.8554448e-12
-2.4588253e-05
6.6506056e-14
-2.8146874e-05
1.9970687e-12
-2.8146875e-05
2.0439352e-12
-2.4588254e-05
1.022673e-12
-1.7522438e-05
-6.9962572e-06
-7.0136385e-13
-6.996256e-06
-2.0481159e-12
-1.7522435e-05
-1.7047819e-12
-2.4588254e-05
7.1495781e-14
-2.8146876e-05
1.8393992e-12
-2.8146876e-05
2.1797669e-12
-2.4588255e-05
7.7613909e-13
-1.7522436e-05
-6.9962564e-06
-9.1636065e-13
-6.9962544e-06
-1.837344e-12
-1.7522433e-05
-1.7841903e-12
-2.4588252e-05
6.9577049e-14
-2.8146877e-05
1.9306085e-12
-2.8146877e-05
1.9714041e-12
-2.4588253e-05
9.8793869e-13
-1.7522434e-05
-6.9962549e-06
-6.7387288e-13
-6.9962538e-06
-1.9718138e-12
-1.7522432e-05
-1.635677e-12
-2.4588253e-05
7.4593937e-14
-2.8146878e-05
1.7744638e-12
-2.8146879e-05
2.1039637e-12
-2.4588254e-05
7.4784867e-13
-1.7522433e-05
-6.9962542e-06
-8.8314478e-13
-6.9962522e-06
-1.7648212e-12
-1.752243e-05
-1.7138146e-12
-2.4588252e-05
7.225674e-14
-2.8146879e-05
1.8643123e-12
-2.8146879e-05
1.8990629e-12
-2.4588253e-05
9.5345097e-13
-1.7522431e-05
-6.9962527e-06
-6.4664059e-13
-6.9962516e-06
-1.8965334e-12
-1.7522429e-05
-1.5675497e-12
-2.4588252e-05
7.7244552e-14
-2.8146881e-05
1.7097157e-12
-2.8146881e-05
2.0286441e-12
-2.4588253e-05
7.1955252e-13
-1.752243e-05
-6.996252e-06
-8.5054662e-13
-6.99625e-06
-1.6933074e-12
-1.7522427e-05
-1.6446582e-12
-2.4588251e-05
7.4454822e-14
-2.8146881e-05
1.7983794e-12
-2.8146882e-05
1.8271759e-12
-2.4588252e-05
9.1933535e-13
-1.7522428e-05
-6.9962506e-06
-6.1977042e-13
-6.9962495e-06
-1.8225649e-12
-1.7522425e-05
-1.5007076e-12
-2.4588251e-05
7.9377525e-14
-2.8146883e-05
1.6453582e-12
-2.8146883e-05
1.9540683e-12
-2.4588252e-05
6.9137072e-13
-1.7522426e-05
-6.99625e-06
-8.1866059e-13
-6.996248e-06
-1.6230702e-12
-1.7522424e-05
-1.5770016e-12
-2.458825e-05
7.6119217e-14
-2.8146884e-05
1.7330128e-12
-2.8146884e-05
1.7559949e-12
-2.4588251e-05
8.8570683e-13
-1.7522425e-05
-6.9962485e-06
-5.9335214e-13
-6.9962475e-06
-1.7501537e-12
-1.7522422e-05
-1.4354046e-12
-2.4588251e-05
8.0954433e-14
-2.8146885e-05
1.5815921e-12
-2.8146886e-05
1.8804782e-12
-2.4588252e-05
6.6341449e-13
-1.7522423e-05
-6.996248e-06
-7.8756499e-13
-6.9962461e-06
-1.554335e-12
-1.7522421e-05
-1.5110735e-12
-2.458825e-05
7.722438e-14
-2.8146886e-05
1.6684072e-12
-2.8146886e-05
1.685751e-12
-2.4588251e-05
8.5266784e-13
-1.7522422e-05
-6.9962466e-06
-5.6746102e-13
-6.9962456e-06
-1.679503e-12
-1.752242e-05
-1.3718452e-12
-2.458825e-05
8.1960041e-14
-2.8146887e-05
1.5186062e-12
-2.8146888e-05
1.80809e-12
-2.4588251e-05
6.3578407e-13
-1.7522421e-05
-6.9962461e-06
-7.5732218e-13
-6.9962442e-06
-1.4872867e-12
-1.7522418e-05
-1.447054e-12
-2.4588249e-05
7.7765233e-14
-2.8146888e-05
1.6047419e-12
-2.8146888e-05
1.6166498e-12
-2.458825e-05
8.203066e-13
-1.7522419e-05
-6.9962447e-06
-5.4215941e-13
-6.9962438e-06
-1.6107747e-12
-1.7522417e-05
-1.3101872e-12
-2.458825e-05
8.2397751e-14
-2.8146889e-05
1.4565727e-12
-2.814689e-05
1.7370931e-12
-2.4588251e-05
6.085672e-13
-1.7522418e-05
-6.9962442e-06
-7.2797927e-13
-6.9962424e-06
-1.4220704e-12
-1.7522415e-05
-1.3850775e-12
-2.4588249e-05
7.7753364e-14
-2.814689e-05
1.5421777e-12
-2.814689e-05
1.5488699e-12
-2.458825e-05
7.8869692e-13
-1.7522416e-05
-6.996243e-06
-5.1749549e-13
-6.9962421e-06
-1.5440906e-12
-1.7522414e-05
-1.2505448e-12
-2.4588249e-05
8.2286037e-14
-2.8146891e-05
1.3956449e-12
-2.8146892e-05
1.6676485e-12
-2.458825e-05
5.8183931e-13
-1.7522415e-05
-6.9962425e-06
-6.9956846e-13
-6.9962408e-06
-1.3587933e-12
-1.7522413e-05
-1.3252352e-12
-2.4588248e-05
7.7214569e-14
-2.8146892e-05
1.480856e-12
-2.8146892e-05
1.4825626e-12
-2.4588249e-05
7.5789867e-13
-1.7522414e-05
-6.9962413e-06
-4.9350497e-13
-6.9962405e-06
-1.4795348e-12
-1.7522412e-05
-1.1929911e-12
-2.4588249e-05
8.1657392e-14
-2.8146893e-05
1.3359566e-12
-2.8146894e-05
1.5998886e-12
-2.458825e-05
5.5566352e-13
-1.7522413e-05
-6.9962409e-06
-6.7210872e-13
-6.9962392e-06
-1.2975269e-12
-1.752241e-05
-1.2675792e-12
-2.4588248e-05
7.6187414e-14
-2.8146894e-05
1.4208981e-12
-2.8146894e-05
1.4178521e-12
-2.4588249e-05
7.2795863e-13
-1.7522411e-05
-6.9962396e-06
-4.7021113e-13
-6.9962389e-06
-1.4171568e-12
-1.7522409e-05
-1.1375622e-12
-2.4588248e-05
8.0555101e-14
-2.8146895e-05
1.2776225e-12
-2.8146896e-05
1.5339192e-12
-2.4588249e-05
5.3009122e-13
-1.752241e-05
-6.9962393e-06
-6.4560665e-13
-6.9962376e-06
-1.23831e-12
-1.7522408e-05
-1.2121258e-12
-2.4588247e-05
7.471939e-14
-2.8146896e-05
1.3624063e-12
-2.8146896e-05
1.3548365e-12
-2.4588248e-05
6.9891111e-13
-1.7522409e-05
-6.9962381e-06
-4.4762707e-13
-6.9962374e-06
-1.3569745e-12
-1.7522407e-05
-1.0842616e-12
-2.4588248e-05
7.903062e-14
-2.8146897e-05
1.2207378e-12
-2.8146897e-05
1.4698203e-12
-2.4588249e-05
5.0516286e-13
-1.7522408e-05
-6.9962378e-06
-6.2005828e-13
-6.9962362e-06
-1.1811533e-12
-1.7522406e-05
-1.1588609e-12
-2.4588247e-05
7.2865539e-14
-2.8146897e-05
1.305463e-12
-2.8146898e-05
1.2935899e-12
-2.4588248e-05
6.7077909e-13
-1.7522407e-05
-6.9962366e-06
-4.2575597e-13
-6.996236e-06
-1.2989801e-12
-1.7522405e-05
-1.0330645e-12
-2.4588248e-05
7.7141617e-14
-2.8146899e-05
1.1653786e-12
-2.8146899e-05
1.4076486e-12
-2.4588248e-05
4.8090818e-13
-1.7522406e-05
-6.9962363e-06
-5.9545067e-13
-6.9962348e-06
-1.126043e-12
-1.7522404e-05
-1.1077452e-12
-2.4588247e-05
7.0685098e-14
-2.8146899e-05
1.2501322e-12
-2.8146899e-05
1.2341644e-12
-2.4588248e-05
6.4357483e-13
-1.7522405e-05
-6.9962352e-06
-4.0459351e-13
-6.9962346e-06
-1.2431424e-12
-1.7522403e-05
-9.8392419e-13
-2.4588247e-05
7.494866e-14
-2.81469e-05
1.1116029e-12
-2.8146901e-05
1.3474389e-12
-2.4588248e-05
4.5734799e-13
-1.7522404e-05
-6.996235e-06
-5.7176351e-13
-6.9962335e-06
-1.0729453e-12
-1.7522402e-05
-1.0587194e-12
-2.4588246e-05
6.8239003e-14
-2.8146901e-05
1.1964601e-12
-2.8146901e-05
1.1765908e-12
-2.4588247e-05
6.1730233e-13
-1.7522403e-05
-6.9962339e-06
-3.8412843e-13
-6.9962333e-06
-1.189413e-12
-1.7522401e-05
-9.3677661e-13
-2.4588247e-05
7.2512559e-14
-2.8146902e-05
1.0594516e-12
-2.8146902e-05
1.2892065e-12
-2.4588248e-05
4.3449441e-13
-1.7522402e-05
-6.9962336e-06
-5.4897094e-13
-6.9962322e-06
-1.0218109e-12
-1.75224e-05
-1.011709e-12
-2.4588246e-05
6.5587235e-14
-2.8146902e-05
1.1444762e-12
-2.8146902e-05
1.1208827e-12
-2.4588247e-05
5.9195669e-13
-1.7522401e-05
-6.9962326e-06
-3.6434545e-13
-6.9962321e-06
-1.1377297e-12
-1.7522399e-05
-8.9154489e-13
-2.4588247e-05
6.9892778e-14
-2.8146903e-05
1.0089494e-12
-2.8146904e-05
1.2329496e-12
-2.4588247e-05
4.1235247e-13
-1.75224e-05
-6.9962324e-06
-5.27043e-13
-6.996231e-06
-9.7257882e-13
-1.7522398e-05
-9.6662979e-13
-2.4588246e-05
6.2787747e-14
-2.8146904e-05
1.0941949e-12
-2.8146904e-05
1.0670367e-12
-2.4588247e-05
5.6752708e-13
-1.7522399e-05
-6.9962314e-06
-3.4522476e-13
-6.9962309e-06
-1.0880202e-12
-1.7522398e-05
-8.481443e-13
-2.4588246e-05
6.7145448e-14
-2.8146905e-05
9.6010689e-13
-2.8146905e-05
1.1786521e-12
-2.4588247e-05
3.9092056e-13
-1.7522398e-05
-6.9962312e-06
-5.0594666e-13
-6.9962299e-06
-9.2517991e-13
-1.7522396e-05
-9.2339038e-13
-2.4588245e-05
5.9894081e-14
-2.8146905e-05
1.0456168e-12
-2.8146905e-05
1.0150367e-12
-2.4588246e-05
5.439963e-13
-1.7522397e-05
-6.9962302e-06
-3.2674466e-13
-6.9962298e-06
-1.0402063e-12
-1.7522396e-05
-8.0648472e-13
-2.4588246e-05
6.4321817e-14
-2.8146906e-05
9.1292149e-13
-2.8146907e-05
1.1262844e-12
-2.4588247e-05
3.701922e-13
-1.7522397e-05
-6.9962301e-06
-4.8564768e-13
-6.9962288e-06
-8.7954005e-13
-1.7522395e-05
-8.8189683e-13
-2.4588245e-05
5.695466e-14
-2.8146906e-05
9.987303e-13
-2.8146907e-05
9.6485451e-13
-2.4588246e-05
5.2134347e-13
-1.7522396e-05
-6.9962292e-06
-3.0888167e-13
-6.9962288e-06
-9.9420594e-13
-1.7522395e-05
-7.6647547e-13
-2.4588246e-05
6.1468154e-14
-2.8146908e-05
8.6737882e-13
-2.8146908e-05
1.0758081e-12
-2.4588247e-05
3.5015646e-13
-1.7522395e-05
-6.996229e-06
-4.6611058e-13
-6.9962278e-06
-8.3558286e-13
-1.7522393e-05
-8.4205494e-13
-2.4588245e-05
5.4012325e-14
-2.8146908e-05
9.5351371e-13
-2.8146908e-05
9.1645321e-13
-2.4588246e-05
4.9954367e-13
-1.7522394e-05
-6.9962281e-06
-2.9161179e-13
-6.9962278e-06
-9.4993605e-13
-1.7522393e-05
-7.2802575e-13
-2.4588246e-05
5.8624157e-14
-2.8146909e-05
8.2345561e-13
-2.8146909e-05
1.0271761e-12
-2.4588246e-05
3.3079886e-13
-1.7522394e-05
-6.996228e-06
-4.4730056e-13
-6.9962268e-06
-7.9323112e-13
-1.7522392e-05
-8.0377244e-13
-2.4588245e-05
5.1103741e-14
-2.8146909e-05
9.099363e-13
-2.8146909e-05
8.6978866e-13
-2.4588246e-05
4.7856964e-13
-1.7522393e-05
-6.9962271e-06
-2.7491111e-13
-6.9962268e-06
-9.0731398e-13
-1.7522392e-05
-6.9104863e-13
-2.4588246e-05
5.5824051e-14
-2.814691e-05
7.8112038e-13
-2.814691e-05
9.8033527e-13
-2.4588246e-05
3.1210279e-13
-1.7522392e-05
-6.996227e-06
-4.2918297e-13
-6.9962259e-06
-7.5240949e-13
-1.7522391e-05
-7.669611e-13
-2.4588245e-05
4.8259658e-14
-2.814691e-05
8.6796114e-13
-2.814691e-05
8.2481124e-13
-2.4588245e-05
4.5839237e-13
-1.7522391e-05
-6.9962262e-06
-2.5875609e-13
-6.9962259e-06
-8.6625986e-13
-1.752239e-05
-6.5546054e-13
-2.4588245e-05
5.3095646e-14
-2.8146911e-05
7.4033579e-13
-2.8146912e-05
9.3522864e-13
-2.4588246e-05
2.940496e-13
-1.7522391e-05
-6.9962261e-06
-4.1172483e-13
-6.996225e-06
-7.1304532e-13
-1.7522389e-05
-7.3153667e-13
-2.4588244e-05
4.5504609e-14
-2.8146911e-05
8.2754564e-13
-2.8146912e-05
7.8146848e-13
-2.4588245e-05
4.3898205e-13
-1.752239e-05
-6.9962253e-06
-2.4312433e-13
-6.996225e-06
-8.2669713e-13
-1.7522389e-05
-6.211835e-13
-2.4588245e-05
5.0461463e-14
-2.8146912e-05
7.0105991e-13
-2.8146913e-05
8.9179698e-13
-2.4588246e-05
2.7661978e-13
-1.752239e-05
-6.9962253e-06
-3.9489464e-13
-6.9962241e-06
-6.7506941e-13
-1.7522388e-05
-6.9742161e-13
-2.4588244e-05
4.2858194e-14
-2.8146912e-05
7.8864383e-13
-2.8146913e-05
7.3970583e-13
-2.4588245e-05
4.2030851e-13
-1.7522389e-05
-6.9962244e-06
-2.2799497e-13
-6.9962242e-06
-7.8855343e-13
-1.7522388e-05
-5.8814545e-13
-2.4588245e-05
4.7938517e-14
-2.8146913e-05
6.6324784e-13
-2.8146914e-05
8.4998013e-13
-2.4588246e-05
2.5979335e-13
-1.7522388e-05
-6.9962244e-06
-3.7866275e-13
-6.9962233e-06
-6.3841741e-13
-1.7522387e-05
-6.6454383e-13
-2.4588244e-05
4.0334918e-14
-2.8146913e-05
7.5120718e-13
-2.8146914e-05
6.9946804e-13
-2.4588245e-05
4.0234188e-13
-1.7522387e-05
-6.9962236e-06
-2.1334808e-13
-6.9962235e-06
-7.5176149e-13
-1.7522387e-05
-5.5628057e-13
-2.4588245e-05
4.5539326e-14
-2.8146914e-05
6.2685276e-13
-2.8146915e-05
8.097176e-13
-2.4588245e-05
2.4355036e-13
-1.7522387e-05
-6.9962236e-06
-3.6300134e-13
-6.9962226e-06
-6.0302951e-13
-1.7522386e-05
-6.3283811e-13
-2.4588244e-05
3.7944454e-14
-2.8146914e-05
7.151866e-13
-2.8146915e-05
6.6070012e-13
-2.4588245e-05
3.8505299e-13
-1.7522386e-05
-6.9962229e-06
-1.9916597e-13
-6.9962227e-06
-7.1625931e-13
-1.7522386e-05
-5.2552913e-13
-2.4588245e-05
4.3272324e-14
-2.8146915e-05
5.9182744e-13
-2.8146916e-05
7.7095039e-13
-2.4588245e-05
2.2787136e-13
-1.7522386e-05
-6.9962229e-06
-3.4788495e-13
-6.9962219e-06
-5.6885129e-13
-1.7522385e-05
-6.0224555e-13
-2.4588244e-05
3.5693587e-14
-2.8146915e-05
6.8053229e-13
-2.8146916e-05
6.2334908e-13
-2.4588244e-05
3.6841367e-13
-1.7522385e-05
-6.9962221e-06
-1.8543222e-13
-6.996222e-06
-6.8199013e-13
-1.7522385e-05
-4.9583825e-13
-2.4588245e-05
4.1142418e-14
-2.8146916e-05
5.5812486e-13
-2.8146917e-05
7.3362166e-13
-2.4588245e-05
2.1273728e-13
-1.7522385e-05
-6.9962222e-06
-3.3329029e-13
-6.9962212e-06
-5.3583321e-13
-1.7522384e-05
-5.7271357e-13
-2.4588244e-05
3.3584904e-14
-2.8146916e-05
6.4719603e-13
-2.8146916e-05
5.873636e-13
-2.4588244e-05
3.5239694e-13
-1.7522384e-05
-6.9962215e-06
-1.7213286e-13
-6.9962214e-06
-6.489025e-13
-1.7522384e-05
-4.6716063e-13
-2.4588245e-05
3.9151042e-14
-2.8146917e-05
5.256994e-13
-2.8146917e-05
6.9767726e-13
-2.4588245e-05
1.9813065e-13
-1.7522384e-05
-6.9962215e-06
-3.1919614e-13
-6.9962206e-06
-5.0393166e-13
-1.7522383e-05
-5.4419568e-13
-2.4588244e-05
3.1618991e-14
-2.8146917e-05
6.151308e-13
-2.8146917e-05
5.5269588e-13
-2.4588244e-05
3.3697758e-13
-1.7522383e-05
-6.9962208e-06
-1.5925509e-13
-6.9962208e-06
-6.1695109e-13
-1.7522383e-05
-4.3945531e-13
-2.4588244e-05
3.7298613e-14
-2.8146918e-05
4.9450717e-13
-2.8146918e-05
6.6306644e-13
-2.4588245e-05
1.8403482e-13
-1.7522383e-05
-6.9962209e-06
-3.0558352e-13
-6.99622e-06
-4.7310769e-13
-1.7522382e-05
-5.1665157e-13
-2.4588244e-05
2.9794393e-14
-2.8146918e-05
5.8429247e-13
-2.8146918e-05
5.1930092e-13
-2.4588244e-05
3.2213208e-13
-1.7522382e-05
-6.9962202e-06
-1.4678843e-13
-6.9962202e-06
-5.8609519e-13
-1.7522382e-05
-4.1268697e-13
-2.4588244e-05
3.558238e-14
-2.8146919e-05
4.6450736e-13
-2.8146919e-05
6.2974216e-13
-2.4588245e-05
1.7043504e-13
-1.7522382e-05
-6.9962203e-06
-2.9243559e-13
-6.9962194e-06
-4.4332775e-13
-1.7522381e-05
-4.9004603e-13
-2.4588244e-05
2.8107717e-14
-2.8146919e-05
5.5463954e-13
-2.8146919e-05
4.8713826e-13
-2.4588244e-05
3.0783897e-13
-1.7522382e-05
-6.9962196e-06
-1.3472384e-13
-6.9962196e-06
-5.5629977e-13
-1.7522381e-05
-3.8682524e-13
-2.4588244e-05
3.3998828e-14
-2.814692e-05
4.3566189e-13
-2.814692e-05
5.9766195e-13
-2.4588245e-05
1.57318e-13
-1.7522382e-05
-6.9962197e-06
-2.7973736e-13
-6.9962189e-06
-4.1456305e-13
-1.752238e-05
-4.6434954e-13
-2.4588243e-05
2.6554443e-14
-2.8146919e-05
5.2613405e-13
-2.8146919e-05
4.5617104e-13
-2.4588244e-05
2.9407862e-13
-1.7522381e-05
-6.9962191e-06
-1.23054e-13
-6.9962191e-06
-5.2753452e-13
-1.752238e-05
-3.618451e-13
-2.4588244e-05
3.2543356e-14
-2.814692e-05
4.0793657e-13
-2.814692e-05
5.6678713e-13
-2.4588245e-05
1.4467222e-13
-1.7522381e-05
-6.9962192e-06
-2.6747627e-13
-6.9962184e-06
-3.8678978e-13
-1.752238e-05
-4.395371e-13
-2.4588243e-05
2.5129727e-14
-2.814692e-05
4.9874186e-13
-2.814692e-05
4.2636681e-13
-2.4588244e-05
2.808337e-13
-1.752238e-05
-6.9962186e-06
-1.1177357e-13
-6.9962186e-06
-4.9977429e-13
-1.752238e-05
-3.3772607e-13
-2.4588244e-05
3.1210923e-14
-2.8146921e-05
3.8130062e-13
-2.8146921e-05
5.3708401e-13
-2.4588244e-05
1.3248779e-13
-1.752238e-05
-6.9962187e-06
-2.5564118e-13
-6.9962179e-06
-3.5998891e-13
-1.7522379e-05
-4.1558857e-13
-2.4588243e-05
2.3827785e-14
-2.8146921e-05
4.7243275e-13
-2.8146921e-05
3.9769768e-13
-2.4588244e-05
2.6808863e-13
-1.7522379e-05
-6.9962181e-06
-1.0087872e-13
-6.9962181e-06
-4.7299839e-13
-1.7522379e-05
-3.1445221e-13
-2.4588244e-05
2.9995998e-14
-2.8146921e-05
3.5572761e-13
-2.8146922e-05
5.0852338e-13
-2.4588244e-05
1.2075663e-13
-1.7522379e-05
-6.9962182e-06
-2.4422348e-13
-6.9962174e-06
-3.3414539e-13
-1.7522378e-05
-3.9248845e-13
-2.4588243e-05
2.2643069e-14
-2.8146921e-05
4.4718068e-13
-2.8146921e-05
3.7014044e-13
-2.4588244e-05
2.5583025e-13
-1.7522379e-05
-6.9962176e-06
-9.0367369e-14
-6.9962177e-06
-4.4719095e-13
-1.7522378e-05
-2.9201193e-13
-2.4588244e-05
2.8893298e-14
-2.8146922e-05
3.3119502e-13
-2.8146922e-05
4.8108129e-13
-2.4588244e-05
1.0947258e-13
-1.7522379e-05
-6.9962178e-06
-2.3321596e-13
-6.996217e-06
-3.0924917e-13
-1.7522378e-05
-3.7022514e-13
-2.4588243e-05
2.1569843e-14
-2.8146922e-05
4.2296369e-13
-2.8146922e-05
3.4367686e-13
-2.4588243e-05
2.4404722e-13
-1.7522378e-05
-6.9962172e-06
-8.023887e-14
-6.9962173e-06
-4.2234025e-13
-1.7522378e-05
-2.7039744e-13
-2.4588244e-05
2.7897137e-14
-2.8146923e-05
3.0768468e-13
-2.8146923e-05
4.5473791e-13
-2.4588244e-05
9.8631476e-14
-1.7522378e-05
-6.9962174e-06
-2.2261349e-13
-6.9962166e-06
-2.8529379e-13
-1.7522377e-05
-3.4879107e-13
-2.4588243e-05
2.060238e-14
-2.8146922e-05
3.9976401e-13
-2.8146922e-05
3.1829223e-13
-2.4588243e-05
2.3273069e-13
-1.7522377e-05
-6.9962168e-06
-7.0493735e-14
-6.9962169e-06
-3.9843908e-13
-1.7522377e-05
-2.4960491e-13
-2.4588244e-05
2.7001732e-14
-2.8146923e-05
2.8518196e-13
-2.8146923e-05
4.2947815e-13
-2.4588244e-05
8.8230488e-14
-1.7522378e-05
-6.996217e-06
-2.1241232e-13
-6.9962162e-06
-2.6227732e-13
-1.7522377e-05
-3.2818274e-13
-2.4588243e-05
1.9734441e-14
-2.8146923e-05
3.7756795e-13
-2.8146923e-05
2.9397678e-13
-2.4588243e-05
2.2187354e-13
-1.7522377e-05
-6.9962164e-06
-6.1134693e-14
-6.9962165e-06
-3.7548428e-13
-1.7522377e-05
-2.2963412e-13
-2.4588244e-05
2.6201422e-14
-2.8146924e-05
2.6367637e-13
-2.8146924e-05
4.0529119e-13
-2.4588244e-05
7.8268927e-14
-1.7522377e-05
-6.9962166e-06
-2.0261086e-13
-6.9962159e-06
-2.402013e-13
-1.7522376e-05
-3.0840018e-13
-2.4588243e-05
1.8960362e-14
-2.8146923e-05
3.5636499e-13
-2.8146923e-05
2.7072468e-13
-2.4588243e-05
2.1147046e-13
-1.7522376e-05
-6.9962161e-06
-5.2165308e-14
-6.9962162e-06
-3.5347645e-13
-1.7522376e-05
-2.1048855e-13
-2.4588244e-05
2.5490319e-14
-2.8146924e-05
2.4316023e-13
-2.8146924e-05
3.8217022e-13
-2.4588244e-05
6.8746899e-14
-1.7522377e-05
-6.9962163e-06
-1.9320911e-13
-6.9962156e-06
-2.1907113e-13
-1.7522376e-05
-2.8944738e-13
-2.4588243e-05
1.8273834e-14
-2.8146924e-05
3.3614836e-13
-2.8146924e-05
2.4853337e-13
-2.4588243e-05
2.0151791e-13
-1.7522376e-05
-6.9962157e-06
-4.3590697e-14
-6.9962159e-06
-3.3242021e-13
-1.7522376e-05
-1.9217586e-13
-2.4588244e-05
2.4862245e-14
-2.8146924e-05
2.2362949e-13
-2.8146924e-05
3.6011194e-13
-2.4588244e-05
5.9666516e-14
-1.7522376e-05
-6.996216e-06
-1.8420827e-13
-6.9962153e-06
-1.9889584e-13
-1.7522375e-05
-2.7133213e-13
-2.4588243e-05
1.7667748e-14
-2.8146924e-05
3.1691357e-13
-2.8146924e-05
2.2740361e-13
-2.4588243e-05
1.9201417e-13
-1.7522375e-05
-6.9962154e-06
-3.5416788e-14
-6.9962156e-06
-3.1232372e-13
-1.7522375e-05
-1.7470647e-13
-2.4588244e-05
2.4309086e-14
-2.8146925e-05
2.0508123e-13
-2.8146925e-05
3.3911587e-13
-2.4588244e-05
5.1030737e-14
-1.7522376e-05
-6.9962156e-06
-1.7561116e-13
-6.996215e-06
-1.7968763e-13
-1.7522375e-05
-2.5406548e-13
-2.4588243e-05
1.7133431e-14
-2.8146924e-05
2.9865711e-13
-2.8146924e-05
2.0733829e-13
-2.4588243e-05
1.8295848e-13
-1.7522375e-05
-6.9962151e-06
-2.7650866e-14
-6.9962153e-06
-2.9319868e-13
-1.7522375e-05
-1.5809468e-13
-2.4588243e-05
2.3821945e-14
-2.8146925e-05
1.8751348e-13
-2.8146925e-05
3.1918355e-13
-2.4588244e-05
4.2842913e-14
-1.7522375e-05
-6.9962154e-06
-1.674222e-13
-6.9962147e-06
-1.6146156e-13
-1.7522374e-05
-2.3766263e-13
-2.4588243e-05
1.6660785e-14
-2.8146925e-05
2.8137668e-13
-2.8146925e-05
1.8834118e-13
-2.4588243e-05
1.7435111e-13
-1.7522375e-05
-6.9962148e-06
-2.0300772e-14
-6.9962151e-06
-2.7505961e-13
-1.7522375e-05
-1.4235846e-13
-2.4588243e-05
2.3389473e-14
-2.8146925e-05
1.7092424e-13
-2.8146925e-05
3.0031691e-13
-2.4588244e-05
3.5106998e-14
-1.7522375e-05
-6.9962151e-06
-1.5964672e-13
-6.9962145e-06
-1.4423541e-13
-1.7522374e-05
-2.2214244e-13
-2.4588243e-05
1.6236662e-14
-2.8146925e-05
2.6506866e-13
-2.8146925e-05
1.7041632e-13
-2.4588243e-05
1.6619266e-13
-1.7522374e-05
-6.9962146e-06
-1.3375192e-14
-6.9962148e-06
-2.5792378e-13
-1.7522374e-05
-1.2751951e-13
-2.4588243e-05
2.299674e-14
-2.8146926e-05
1.5530973e-13
-2.8146926e-05
2.8251829e-13
-2.4588244e-05
2.7826537e-14
-1.7522374e-05
-6.9962149e-06
-1.5229102e-13
-6.9962142e-06
-1.2802923e-13
-1.7522374e-05
-2.0752772e-13
-2.4588243e-05
1.5844086e-14
-2.8146925e-05
2.497272e-13
-2.8146925e-05
1.5356649e-13
-2.4588243e-05
1.5848404e-13
-1.7522374e-05
-6.9962144e-06
-6.8830066e-15
-6.9962146e-06
-2.4181104e-13
-1.7522374e-05
-1.1360312e-13
-2.4588243e-05
2.2624862e-14
-2.8146926e-05
1.4066242e-13
-2.8146926e-05
2.6578769e-13
-2.4588243e-05
2.1004254e-14
-1.7522374e-05
-6.9962146e-06
-1.4536247e-13
-6.996214e-06
-1.1286475e-13
-1.7522373e-05
-1.9384482e-13
-2.4588242e-05
1.5461555e-14
-2.8146925e-05
2.3534166e-13
-2.8146925e-05
1.377913e-13
-2.4588243e-05
1.5122525e-13
-1.7522374e-05
-6.9962141e-06
-8.3344785e-16
-6.9962144e-06
-2.2674308e-13
-1.7522374e-05
-1.0063798e-13
-2.4588243e-05
2.2249338e-14
-2.8146926e-05
1.2696921e-13
-2.8146926e-05
2.501218e-13
-2.4588243e-05
1.4641586e-14
-1.7522374e-05
-6.9962144e-06
-1.3886903e-13
-6.9962138e-06
-9.8765235e-14
-1.7522373e-05
-1.8112437e-13
-2.4588242e-05
1.5061427e-14
-2.8146926e-05
2.2189559e-13
-2.8146926e-05
1.2308565e-13
-2.4588243e-05
1.4441547e-13
-1.7522373e-05
-6.9962139e-06
4.7646385e-15
-6.9962142e-06
-2.1274319e-13
-1.7522373e-05
-8.8657037e-14
-2.4588243e-05
2.1839308e-14
-2.8146926e-05
1.1420985e-13
-2.8146926e-05
2.3551213e-13
-2.4588243e-05
8.7375271e-15
-1.7522373e-05
-6.9962142e-06
-1.3281883e-13
-6.9962136e-06
-8.5754649e-14
-1.7522373e-05
-1.6940083e-13
-2.4588242e-05
1.460928e-14
-2.8146926e-05
2.0936367e-13
-2.8146926e-05
1.0943811e-13
-2.4588242e-05
1.3805158e-13
-1.7522373e-05
-6.9962137e-06
9.9026409e-15
-6.996214e-06
-1.9983523e-13
-1.7522373e-05
-7.7695948e-14
-2.4588243e-05
2.1356229e-14
-2.8146926e-05
1.0235402e-13
-2.8146927e-05
2.2194276e-13
-2.4588243e-05
3.2882948e-15
-1.7522373e-05
-6.996214e-06
-1.2722027e-13
-6.9962135e-06
-7.3856357e-14
-1.7522373e-05
-1.5871177e-13
-2.4588242e-05
1.4062446e-14
-2.8146926e-05
1.9771055e-13
-2.8146926e-05
9.6828164e-14
-2.4588242e-05
1.3212811e-13
-1.7522373e-05
-6.9962136e-06
1.4573203e-14
-6.9962139e-06
-1.8804292e-13
-1.7522373e-05
-6.7793463e-14
-2.4588243e-05
2.075331e-14
-2.8146927e-05
9.1359781e-14
-2.8146927e-05
2.0938912e-13
-2.4588243e-05
-1.7140366e-15
-1.7522373e-05
-6.9962139e-06
-1.2208105e-13
-6.9962133e-06
-6.3092933e-14
-1.7522372e-05
-1.490973e-13
-2.4588242e-05
1.336972e-14
-2.8146926e-05
1.8688811e-13
-2.8146926e-05
8.5225265e-14
-2.4588242e-05
1.2663585e-13
-1.7522372e-05
-6.9962134e-06
1.8770179e-14
-6.9962137e-06
-1.7738856e-13
-1.7522373e-05
-5.8989966e-14
-2.4588243e-05
1.9974943e-14
-2.8146927e-05
8.1171891e-14
-2.8146927e-05
1.9781519e-13
-2.4588243e-05
-6.2815164e-15
-1.7522373e-05
-6.9962137e-06
-1.1740819e-13
-6.9962131e-06
-5.3483602e-14
-1.7522372e-05
-1.4059895e-13
-2.4588242e-05
1.2471312e-14
-2.8146926e-05
1.768343e-13
-2.8146926e-05
7.4586259e-14
-2.4588242e-05
1.2156177e-13
-1.7522372e-05
-6.9962132e-06
2.2489972e-14
-6.9962136e-06
-1.6789063e-13
-1.7522372e-05
-5.1325456e-14
-2.4588243e-05
1.8957002e-14
-2.8146927e-05
7.1719868e-14
-2.8146927e-05
1.8717283e-13
-2.4588243e-05
-1.0432084e-14
-1.7522372e-05
-6.9962135e-06
-1.1320657e-13
-6.996213e-06
-4.5042681e-14
-1.7522372e-05
-1.3325664e-13
-2.4588242e-05
1.1299521e-14
-2.8146926e-05
1.6747247e-13
-2.8146926e-05
6.4854159e-14
-2.4588242e-05
1.168877e-13
-1.7522372e-05
-6.9962131e-06
2.5731867e-14
-6.9962134e-06
-1.5956202e-13
-1.7522372e-05
-4.4836912e-14
-2.4588243e-05
1.7628882e-14
-2.8146927e-05
6.2918735e-14
-2.8146927e-05
1.7739948e-13
-2.4588243e-05
-1.4189274e-14
-1.7522372e-05
-6.9962134e-06
-1.0947826e-13
-6.9962129e-06
-3.7776165e-14
-1.7522372e-05
-1.2710536e-13
-2.4588242e-05
9.781614e-15
-2.8146926e-05
1.5871137e-13
-2.8146927e-05
5.5957317e-14
-2.4588242e-05
1.1259013e-13
-1.7522372e-05
-6.9962129e-06
2.8500171e-14
-6.9962133e-06
-1.5240561e-13
-1.7522372e-05
-3.9552866e-14
-2.4588243e-05
1.5917042e-14
-2.8146927e-05
5.4669053e-14
-2.8146927e-05
1.6841856e-13
-2.4588243e-05
-1.7583599e-14
-1.7522372e-05
-6.9962133e-06
-1.0622027e-13
-6.9962127e-06
-3.1676928e-14
-1.7522371e-05
-1.2216836e-13
-2.4588242e-05
7.8449047e-15
-2.8146927e-05
1.5044713e-13
-2.8146927e-05
4.7808984e-14
-2.4588242e-05
1.0863934e-13
-1.7522372e-05
-6.9962128e-06
3.0805371e-14
-6.9962132e-06
-1.4640851e-13
-1.7522372e-05
-3.5485788e-14
-2.4588243e-05
1.3751147e-14
-2.8146927e-05
4.6860201e-14
-2.8146927e-05
1.6013919e-13
-2.4588243e-05
-2.0651975e-14
-1.7522372e-05
-6.9962131e-06
-1.0342269e-13
-6.9962126e-06
-2.6718489e-14
-1.7522371e-05
-1.184485e-13
-2.4588242e-05
5.4235112e-15
-2.8146927e-05
1.425677e-13
-2.8146927e-05
4.0308867e-14
-2.4588242e-05
1.0499982e-13
-1.7522371e-05
-6.9962127e-06
3.2667961e-14
-6.996213e-06
-1.4153454e-13
-1.7522372e-05
-3.2622719e-14
-2.4588243e-05
1.1073258e-14
-2.8146927e-05
3.9376552e-14
-2.8146927e-05
1.5245905e-13
-2.4588243e-05
-2.3438393e-14
-1.7522372e-05
-6.996213e-06
-1.0106474e-13
-6.9962125e-06
-2.2845872e-14
-1.7522371e-05
-1.1591612e-13
-2.4588242e-05
2.4704589e-15
-2.8146927e-05
1.3495981e-13
-2.8146927e-05
3.3346188e-14
-2.4588242e-05
1.0163003e-13
-1.7522371e-05
-6.9962126e-06
3.4120857e-14
-6.9962129e-06
-1.3771435e-13
-1.7522371e-05
-3.0909873e-14
-2.4588243e-05
7.8518734e-15
-2.8146927e-05
3.2105815e-14
-2.8146927e-05
1.4526753e-13
-2.4588243e-05
-2.5992276e-14
-1.7522371e-05
-6.9962129e-06
-9.9111181e-14
-6.9962124e-06
-1.9965185e-14
-1.7522371e-05
-1.1449265e-13
-2.4588242e-05
-1.0268358e-15
-2.8146927e-05
1.275209e-13
-2.8146927e-05
2.6804318e-14
-2.4588242e-05
9.8483856e-14
-1.7522371e-05
-6.9962124e-06
3.5215003e-14
-6.9962128e-06
-1.348333e-13
-1.7522371e-05
-3.0235688e-14
-2.4588243e-05
4.0995218e-15
-2.8146927e-05
2.4953497e-14
-2.8146927e-05
1.3845222e-13
-2.4588243e-05
-2.836749e-14
-1.7522371e-05
-6.9962128e-06
-9.7506415e-14
-6.9962123e-06
-1.7930403e-14
-1.7522371e-05
-1.140316e-13
-2.4588242e-05
-5.0262258e-15
-2.8146927e-05
1.2017403e-13
-2.8146927e-05
2.0569794e-14
-2.4588242e-05
9.5512092e-14
-1.7522371e-05
-6.9962123e-06
3.6024088e-14
-6.9962127e-06
-1.3271743e-13
-1.7522371e-05
-3.0410456e-14
-2.4588242e-05
-1.0452557e-16
-2.8146928e-05
1.7859425e-14
-2.8146928e-05
1.3191e-13
-2.4588242e-05
-3.0619363e-14
-1.7522371e-05
-6.9962127e-06
-9.6169278e-14
-6.9962122e-06
-1.6529586e-14
-1.7522371e-05
-1.1429698e-13
-2.4588242e-05
-9.4073682e-15
-2.8146927e-05
1.1288752e-13
-2.8146927e-05
1.4543883e-14
-2.4588242e-05
9.2665849e-14
-1.7522371e-05
-6.9962122e-06
3.6649802e-14
-6.9962126e-06
-1.3112034e-13
-1.7522371e-05
-3.1145151e-14
-2.4588242e-05
-4.590426e-15
-2.8146928e-05
1.082077e-14
-2.8146928e-05
1.2555899e-13
-2.4588242e-05
-3.280091e-14
-1.7522371e-05
-6.9962126e-06
-9.4987212e-14
-6.9962121e-06
-1.5472913e-14
-1.752237e-05
-1.1494476e-13
-2.4588241e-05
-1.3947167e-14
-2.8146927e-05
1.0569947e-13
-2.8146927e-05
8.6572527e-15
-2.4588242e-05
8.9899669e-14
-1.752237e-05
-6.9962121e-06
3.7225863e-14
-6.9962125e-06
-1.297124e-13
-1.7522371e-05
-3.2035982e-14
-2.4588242e-05
-9.0742355e-15
-2.8146928e-05
3.9162618e-15
-2.8146928e-05
1.193545e-13
-2.4588242e-05
-3.4957331e-14
-1.7522371e-05
-6.9962125e-06
-9.3812253e-14
-6.9962119e-06
-1.4386982e-14
-1.752237e-05
-1.155107e-13
-2.4588241e-05
-1.8299803e-14
-2.8146927e-05
9.8740368e-14
-2.8146927e-05
2.8880628e-15
-2.4588242e-05
8.7176458e-14
-1.752237e-05
-6.996212e-06
3.7919403e-14
-6.9962124e-06
-1.2808094e-13
-1.7522371e-05
-3.2559621e-14
-2.4588242e-05
-1.3143272e-14
-2.8146928e-05
-2.670754e-15
-2.8146928e-05
1.1330715e-13
-2.4588242e-05
-3.7121078e-14
-1.7522371e-05
-6.9962124e-06
-9.2459754e-14
-6.9962118e-06
-1.2823432e-14
-1.752237e-05
-1.1541652e-13
-2.4588241e-05
-2.198728e-14
-2.8146927e-05
9.2254301e-14
-2.8146927e-05
-2.7193863e-15
-2.4588241e-05
8.4470173e-14
-1.752237e-05
-6.9962119e-06
3.8924662e-14
-6.9962123e-06
-1.2574676e-13
-1.752237e-05
-3.2093251e-14
-2.4588242e-05
-1.6255789e-14
-2.8146928e-05
-8.6320993e-15
-2.8146928e-05
1.0749856e-13
-2.4588242e-05
-3.9303915e-14
-1.752237e-05
-6.9962123e-06
-9.0714547e-14
-6.9962117e-06
-1.029124e-14
-1.752237e-05
-1.140064e-13
-2.4588241e-05
-2.4411108e-14
-2.8146927e-05
8.6614959e-14
-2.8146927e-05
-8.0328954e-15
-2.4588241e-05
8.1767854e-14
-1.752237e-05
-6.9962119e-06
4.044537e-14
-6.9962122e-06
-1.2221245e-13
-1.752237e-05
-2.9975774e-14
-2.4588242e-05
-1.7767706e-14
-2.8146928e-05
-1.3515855e-14
-2.8146928e-05
1.0210388e-13
-2.4588242e-05
-4.1490034e-14
-1.752237e-05
-6.9962122e-06
-8.8347067e-14
-6.9962116e-06
-6.3359957e-15
-1.752237e-05
-1.1063603e-13
-2.4588241e-05
-2.4891416e-14
-2.8146927e-05
8.2344067e-14
-2.8146927e-05
-1.2795524e-14
-2.4588241e-05
7.9071003e-14
-1.752237e-05
-6.9962118e-06
4.2653639e-14
-6.9962121e-06
-1.1706829e-13
-1.752237e-05
-2.5637559e-14
-2.4588242e-05
-1.6987305e-14
-2.8146928e-05
-1.6690592e-14
-2.8146928e-05
9.7436826e-14
-2.4588242e-05
-4.3614838e-14
-1.752237e-05
-6.9962121e-06
-8.5159027e-14
-6.9962115e-06
-7.0177955e-16
-1.7522369e-05
-1.0484917e-13
-2.4588241e-05
-2.273418e-14
-2.8146927e-05
8.0167398e-14
-2.8146927e-05
-1.6537637e-14
-2.4588241e-05
7.6412923e-14
-1.752237e-05
-6.9962117e-06
4.5599012e-14
-6.996212e-06
-1.1021582e-13
-1.752237e-05
-1.884973e-14
-2.4588242e-05
-1.3255922e-14
-2.8146928e-05
-1.7231096e-14
-2.8146928e-05
9.4082555e-14
-2.4588242e-05
-4.5508743e-14
-1.752237e-05
-6.996212e-06
-8.1094045e-14
-6.9962114e-06
6.325649e-15
-1.7522369e-05
-9.6717562e-14
-2.4588241e-05
-1.7313635e-14
-2.8146927e-05
8.1204173e-14
-2.8146927e-05
-1.8329758e-14
-2.4588241e-05
7.3932037e-14
-1.752237e-05
-6.9962116e-06
4.9004035e-14
-6.9962119e-06
-1.0235085e-13
-1.752237e-05
-1.0209461e-14
-2.4588242e-05
-6.0299816e-15
-2.8146928e-05
-1.3576156e-14
-2.8146928e-05
9.3284472e-14
-2.4588242e-05
-4.6730038e-14
-1.752237e-05
-6.996212e-06
-7.6523599e-14
-6.9962114e-06
1.3184273e-14
-1.7522369e-05
-8.7518953e-14
-2.4588241e-05
-8.1403064e-15
-2.8146927e-05
8.751963e-14
-2.8146927e-05
-1.6127135e-14
-2.4588241e-05
7.2123548e-14
-1.7522369e-05
-6.9962115e-06
5.1788477e-14
-6.9962118e-06
-9.6042416e-14
-1.7522369e-05
-2.1182057e-15
-2.4588241e-05
5.070502e-15
-2.8146928e-05
-2.6244471e-15
-2.8146928e-05
9.7965867e-14
-2.4588242e-05
-4.6114902e-14
-1.752237e-05
-6.9962119e-06
-7.2963764e-14
-6.9962113e-06
1.5409124e-14
-1.7522369e-05
-8.1148599e-14
-2.4588241e-05
5.1331344e-15
-2.8146927e-05
1.0352214e-13
-2.8146927e-05
-5.1549891e-15
-2.4588241e-05
7.2545411e-14
-1.7522369e-05
-6.9962115e-06
5.0954328e-14
-6.9962117e-06
-9.8163548e-14
-1.7522369e-05
-8.2730012e-16
-2.4588241e-05
2.0305578e-14
-2.8146928e-05
2.2389878e-14
-2.8146928e-05
1.1520182e-13
-2.4588242e-05
-4.0652746e-14
-1.752237e-05
-6.9962118e-06
-7.48119e-14
-6.9962112e-06
2.0523164e-15
-1.7522369e-05
-8.7111537e-14
-2.4588241e-05
2.2816342e-14
-2.8146927e-05
1.3913604e-13
-2.8146927e-05
2.578081e-14
-2.4588241e-05
7.9590564e-14
-1.7522369e-05
-6.9962114e-06
3.9034081e-14
-6.9962116e-06
-1.252328e-13
-1.7522369e-05
-2.0713246e-14
-2.4588241e-05
3.9975924e-14
-2.8146928e-05
7.6464529e-14
-2.8146928e-05
1.6174078e-13
-2.4588242e-05
-2.287133e-14
-1.7522369e-05
-6.9962117e-06
-9.3314161e-14
-6.9962111e-06
-5.1932219e-14
-1.7522369e-05
-1.2672999e-13
-2.458824e-05
4.5390273e-14
-2.8146927e-05
2.1639609e-13
-2.8146927e-05
1.021549e-13
-2.4588241e-05
1.045468e-13
-1.7522369e-05
-6.9962113e-06
-1.4686802e-15
-6.9962115e-06
-2.145346e-13
-1.7522369e-05
-9.2857414e-14
-2.4588241e-05
6.4664606e-14
-2.8146928e-05
1.9185288e-13
-2.8146928e-05
2.754211e-13
-2.4588241e-05
2.4838758e-14
-1.7522369e-05
-6.9962115e-06
-1.5498912e-13
-6.9962109e-06
-2.0085156e-13
-1.7522368e-05
-2.4518769e-13
-2.458824e-05
7.3747722e-14
-2.8146928e-05
3.8196509e-13
-2.8146928e-05
2.7918546e-13
-2.4588241e-05
1.7415391e-13
-1.7522368e-05
-6.996211e-06
-1.0925694e-13
-6.9962112e-06
-4.4532578e-13
-1.7522368e-05
-2.80758e-13
-2.4588241e-05
9.5447108e-14
-2.8146929e-05
4.3416122e-13
-2.8146929e-05
5.366479e-13
-2.4588241e-05
1.4153038e-13
-1.7522368e-05
-6.9962112e-06
-3.1779527e-13
-6.9962104e-06
-5.5527277e-13
-1.7522367e-05
-5.3218907e-13
-2.4588241e-05
1.0925936e-13
-2.8146929e-05
7.279941e-13
-2.8146929e-05
6.6895674e-13
-2.4588241e-05
3.4687577e-13
-1.7522368e-05
-6.9962105e-06
-3.6401175e-13
-6.9962104e-06
-9.7367363e-13
-1.7522367e-05
-7.0455687e-13
-2.4588242e-05
1.3376049e-13
-2.814693e-05
9.2636388e-13
-2.814693e-05
1.1031655e-12
-2.4588241e-05
4.0752108e-13
-1.7522367e-05
-6.9962104e-06
-6.9758639e-13
-6.9962093e-06
-1.3208215e-12
-1.7522366e-05
-1.1493788e-12
-2.4588241e-05
1.5334044e-13
-2.8146931e-05
1.418902e-12
-2.814693e-05
1.478815e-12
-2.4588241e-05
7.3932803e-13
-1.7522366e-05
-6.9962093e-06
-9.1379791e-13
-6.9962087e-06
-2.0737813e-12
-1.7522366e-05
-1.5647648e-12
-2.4588242e-05
1.8066599e-13
-2.8146933e-05
1.8711717e-12
-2.8146933e-05
2.2506212e-12
-2.4588242e-05
9.7164879e-13
-1.7522365e-05
-6.9962086e-06
-1.4989181e-12
-6.9962068e-06
-2.8268949e-12
-1.7522364e-05
-2.3428502e-12
-2.4588242e-05
2.0614942e-13
-2.8146935e-05
2.7016941e-12
-2.8146935e-05
3.0387425e-12
-2.4588241e-05
1.5567877e-12
-1.7522363e-05
-6.9962067e-06
-1.9916347e-12
-6.9962052e-06
-4.1393204e-12
-1.7522362e-05
-3.1220648e-12
-2.4588243e-05
2.350333e-13
-2.8146939e-05
3.5275267e-12
-2.8146939e-05
4.3720788e-12
-2.4588243e-05
2.0673877e-12
-1.7522361e-05
-6.9962049e-06
-3.0146673e-12
-6.9962017e-06
-5.4580729e-12
-1.7522359e-05
-4.3629807e-12
-2.4588244e-05
2.6432875e-13
-2.8146943e-05
4.8218329e-12
-2.8146942e-05
5.7304472e-12
-2.4588243e-05
3.0922176e-12
-1.7522358e-05
-6.9962015e-06
-3.8551011e-12
-6.9961982e-06
-7.4976678e-12
-1.7522356e-05
-5.5052498e-12
-2.4588246e-05
2.9112787e-13
-2.8146949e-05
6.0139484e-12
-2.8146949e-05
7.7897356e-12
-2.4588245e-05
3.9517604e-12
-1.7522355e-05
-6.9961978e-06
-5.4884775e-12
-6.9961923e-06
-9.258126e-12
-1.7522351e-05
-7.0950425e-12
-2.4588248e-05
3.1840147e-13
-2.8146956e-05
7.6490297e-12
-2.8146955e-05
9.5887222e-12
-2.4588247e-05
5.5879441e-12
-1.752235e-05
-6.9961918e-06
-6.4899328e-12
-6.9961861e-06
-1.1700888e-11
-1.7522347e-05
-8.0669167e-12
-2.4588252e-05
3.3615453e-13
-2.8146965e-05
8.6594385e-12
-2.8146964e-05
1.2043515e-11
-2.4588251e-05
6.6081827e-12
-1.7522345e-05
-6.9961855e-06
-8.6153917e-12
-6.996177e-06
-1.2754246e-11
-1.7522342e-05
-9.025298e-12
-2.4588255e-05
3.5083043e-13
-2.8146974e-05
9.6395351e-12
-2.8146973e-05
1.3123971e-11
-2.4588253e-05
8.7355775e-12
-1.752234e-05
-6.9961763e-06
-8.7995961e-12
-6.9961686e-06
-1.3725777e-11
-1.7522337e-05
-7.8296291e-12
-2.4588261e-05
3.493522e-13
-2.8146982e-05
8.4478848e-12
-2.8146982e-05
1.4090578e-11
-2.458826e-05
8.9355379e-12
-1.7522335e-05
-6.9961676e-06
-1.0345157e-11
-6.9961577e-06
-1.0375594e-11
-1.7522337e-05
-5.0391232e-12
-2.4588266e-05
3.3677772e-13
-2.8146987e-05
5.635326e-12
-2.8146986e-05
1.0741978e-11
-2.4588264e-05
1.0478946e-11
-1.7522335e-05
-6.9961567e-06
-6.9701834e-12
-6.996151e-06
-4.4836284e-12
-1.752234e-05
3.4315439e-12
-2.4588274e-05
3.0469094e-13
-2.8146985e-05
-2.8944638e-12
-2.8146984e-05
4.8179048e-12
-2.4588272e-05
7.1129276e-12
-1.7522337e-05
-6.9961498e-06
-4.7352839e-12
-6.9961457e-06
1.1909961e-11
-1.7522356e-05
1.721513e-11
-2.4588279e-05
2.4924965e-13
-2.8146967e-05
-1.6763422e-11
-2.8146966e-05
-1.1614496e-11
-2.4588276e-05
4.8669987e-12
-1.7522353e-05
-6.9961445e-06
8.0065272e-12
-6.9961541e-06
3.6285973e-11
-1.7522385e-05
4.3331867e-11
-2.4588287e-05
1.7804418e-13
-2.8146924e-05
-4.3028027e-11
-2.8146923e-05
-3.6057571e-11
-2.4588284e-05
-7.8772894e-12
-1.7522382e-05
-6.9961526e-06
2.0821185e-11
-6.9961743e-06
8.1877351e-11
-1.7522445e-05
8.1599905e-11
-2.4588286e-05
6.8876431e-14
-2.8146842e-05
-8.1454198e-11
-2.8146841e-05
-8.1739037e-11
-2.4588283e-05
-2.0718631e-11
-1.7522442e-05
-6.9961729e-06
5.2785845e-11
-6.9962275e-06
1.4474734e-10
-1.7522538e-05
1.4251252e-10
-2.4588284e-05
-4.1506505e-14
-2.81467e-05
-1.4261381e-10
-2.8146699e-05
-1.4471338e-10
-2.4588281e-05
-5.2702752e-11
-1.7522535e-05
-6.9962259e-06
8.7409171e-11
-6.9963144e-06
2.4385117e-10
-1.7522694e-05
2.2548912e-10
-2.4588265e-05
-2.0363034e-13
-2.8146474e-05
-2.2581105e-10
-2.8146473e-05
-2.4396162e-10
-2.4588263e-05
-8.7377761e-11
-1.7522691e-05
-6.996313e-06
1.5180643e-10
-6.9964667e-06
3.7234218e-10
-1.7522915e-05
3.4361284e-10
-2.4588237e-05
-3.3997671e-13
-2.8146131e-05
-3.4426486e-10
-2.814613e-05
-3.7259117e-10
-2.4588235e-05
-1.5181805e-10
-1.7522913e-05
-6.9964653e-06
2.2231627e-10
-6.9966887e-06
5.5268575e-10
-1.7523245e-05
4.9418533e-10
-2.4588179e-05
-5.3731627e-13
-2.8145636e-05
-4.9508586e-10
-2.8145635e-05
-5.5312806e-10
-2.4588177e-05
-2.2241618e-10
-1.7523243e-05
-6.9966875e-06
3.3161361e-10
-6.997021e-06
7.7247278e-10
-1.7523687e-05
6.8961623e-10
-2.4588097e-05
-6.7247921e-13
-2.8144947e-05
-6.9088411e-10
-2.8144946e-05
-7.7308222e-10
-2.4588095e-05
-3.3178611e-10
-1.7523685e-05
-6.9970199e-06
4.489631e-10
-6.9974699e-06
1.0516983e-09
-1.752429e-05
9.218899e-10
-2.4587967e-05
-8.7205963e-13
-2.8144024e-05
-9.2338075e-10
-2.8144023e-05
-1.0525366e-09
-2.4587966e-05
-4.4926885e-10
-1.7524289e-05
-6.9974692e-06
6.0632858e-10
-6.9980772e-06
1.368562e-09
-1.7525053e-05
1.1969244e-09
-2.4587797e-05
-9.7227569e-13
-2.8142827e-05
-1.1987542e-09
-2.8142827e-05
-1.3695876e-09
-2.4587797e-05
-6.0673235e-10
-1.7525053e-05
-6.9980767e-06
7.6733995e-10
-6.9988447e-06
1.7315421e-09
-1.7526018e-05
1.4970567e-09
-2.4587563e-05
-1.1387349e-12
-2.8141329e-05
-1.4990349e-09
-2.8141329e-05
-1.7328061e-09
-2.4587563e-05
-7.6790937e-10
-1.7526018e-05
-6.9988448e-06
9.5482991e-10
-6.9998006e-06
2.1052435e-09
-1.7527169e-05
1.8148012e-09
-2.4587274e-05
-1.1891464e-12
-2.8139514e-05
-1.8170421e-09
-2.8139514e-05
-2.1066912e-09
-2.4587275e-05
-9.5548469e-10
-1.752717e-05
-6.999801e-06
1.1285772e-09
-7.0009294e-06
2.477653e-09
-1.7528518e-05
2.1189355e-09
-2.4586915e-05
-1.3225853e-12
-2.8137393e-05
-2.1212529e-09
-2.8137394e-05
-2.4792958e-09
-2.4586917e-05
-1.1293682e-09
-1.752852e-05
-7.0009305e-06
1.2937828e-09
-7.0022241e-06
2.7962117e-09
-1.7530021e-05
2.383876e-09
-2.4586504e-05
-1.3501626e-12
-2.8135009e-05
-2.3863892e-09
-2.813501e-05
-2.7979825e-09
-2.4586507e-05
-1.2945719e-09
-1.7530024e-05
-7.0022256e-06
1.4052822e-09
-7.0036293e-06
3.0197141e-09
-1.7531635e-05
2.5578756e-09
-2.4586042e-05
-1.4414668e-12
-2.813245e-05
-2.5604122e-09
-2.8132452e-05
-3.0215871e-09
-2.4586046e-05
-1.4061587e-09
-1.7531639e-05
-7.0036317e-06
1.4621186e-09
-7.0050919e-06
3.0712467e-09
-1.7533244e-05
2.5826173e-09
-2.4585554e-05
-1.4270912e-12
-2.8129867e-05
-2.5852661e-09
-2.8129869e-05
-3.0731713e-09
-2.4585559e-05
-1.4629632e-09
-1.753325e-05
-7.0050948e-06
1.4750777e-09
2.8898087e-09
2.3786907e-09
-1.4446793e-12
-2.3813033e-09
-2.8916877e-09
-1.4760052e-09
)
;

boundaryField
{
    left
    {
        type            calculated;
        value           nonuniform List<scalar> 8(1.9313562e-05 1.9313562e-05 1.9313562e-05 1.9313562e-05 1.9313562e-05 1.9313562e-05 1.9313562e-05 1.9313562e-05);
    }
    right
    {
        type            calculated;
        value           nonuniform List<scalar> 8(-7.0065668e-06 -1.7534659e-05 -2.4585042e-05 -2.8127487e-05 -2.8127489e-05 -2.4585048e-05 -1.7534665e-05 -7.0065708e-06);
    }
    walls
    {
        type            calculated;
        value           uniform 0;
    }
    frontAndBack
    {
        type            empty;
        value           nonuniform 0();
    }
}


// ************************************************************************* //
