/*--------------------------------*- C++ -*----------------------------------*\
| =========                 |                                                 |
| \\      /  F ield         | OpenFOAM: The Open Source CFD Toolbox           |
|  \\    /   O peration     | Version:  5.x                                   |
|   \\  /    A nd           | Web:      www.OpenFOAM.org                      |
|    \\/     M anipulation  |                                                 |
\*---------------------------------------------------------------------------*/
FoamFile
{
    version     2.0;
    format      ascii;
    class       volSymmTensorField;
    location    "3";
    object      sigma;
}
// * * * * * * * * * * * * * * * * * * * * * * * * * * * * * * * * * * * * * //

dimensions      [0 2 -2 0 0 0 0];

internalField   nonuniform List<symmTensor> 
1920
(
(0.0014159759 0.0097559471 0 -0.0063477302 0 0)
(-0.0003266427 0.0033956352 0 0.0012204273 0 0)
(-0.0010315795 0.0024226422 0 0.00074646522 0 0)
(-0.0005649999 0.00079881438 0 0.00059674227 0 0)
(-0.00056497251 -0.00079882387 0 0.00059671435 0 0)
(-0.0010315948 -0.0024226054 0 0.00074648118 0 0)
(-0.00032664416 -0.0033956194 0 0.0012204295 0 0)
(0.0014159748 -0.0097559472 0 -0.0063477275 0 0)
(0.0035765084 0.0063575635 0 -0.0028565195 0 0)
(0.00028739888 0.0012306051 0 0.00049939769 0 0)
(-0.0022213147 0.00026221434 0 0.0018478244 0 0)
(-0.0021851743 0.00018116112 0 0.0019787384 0 0)
(-0.0021851699 -0.00018115961 0 0.0019787314 0 0)
(-0.0022213259 -0.00026215893 0 0.0018478374 0 0)
(0.00028740094 -0.0012306145 0 0.00049939185 0 0)
(0.0035765081 -0.0063575659 0 -0.0028565194 0 0)
(0.0028991856 0.0055027726 0 -0.0038312321 0 0)
(0.00079684161 0.00054399264 0 -0.00046993339 0 0)
(-0.0017393634 0.00012861236 0 0.0015354541 0 0)
(-0.0021070858 4.2360579e-05 0 0.0020019862 0 0)
(-0.0021071002 -4.2363263e-05 0 0.0020020044 0 0)
(-0.0017393603 -0.00012871504 0 0.0015354458 0 0)
(0.00079684497 -0.00054400223 0 -0.00046993411 0 0)
(0.0028991862 -0.0055027715 0 -0.0038312342 0 0)
(0.0022334072 0.0051500131 0 -0.0031882397 0 0)
(0.00086624839 0.00098149478 0 -0.00074045795 0 0)
(-0.0012171401 0.00015564435 0 0.0011402494 0 0)
(-0.0018822426 -3.8218457e-06 0 0.0018621547 0 0)
(-0.0018822306 3.812777e-06 0 0.0018621423 0 0)
(-0.0012171707 -0.00015562146 0 0.0011402803 0 0)
(0.00086625264 -0.00098148962 0 -0.0007404625 0 0)
(0.0022334078 -0.0051500117 0 -0.0031882398 0 0)
(0.0016765654 0.0049291015 0 -0.0023592988 0 0)
(0.00076476596 0.00140784 0 -0.00073783028 0 0)
(-0.00079128388 0.00049739629 0 0.00073782273 0 0)
(-0.0016301781 5.5948827e-05 0 0.0016110867 0 0)
(-0.0016302254 -5.5955312e-05 0 0.0016111363 0 0)
(-0.00079123065 -0.00049740801 0 0.00073777264 0 0)
(0.00076477812 -0.0014078509 0 -0.00073784314 0 0)
(0.0016765768 -0.0049291026 0 -0.0023593112 0 0)
(0.0011837156 0.004732142 0 -0.0017134119 0 0)
(0.00063267803 0.001823585 0 -0.00066959829 0 0)
(-0.00072962615 0.00057853508 0 0.00068354411 0 0)
(-0.0011293199 0.00016987076 0 0.0011154828 0 0)
(-0.0011293054 -0.00016988209 0 0.0011154651 0 0)
(-0.00072956762 -0.00057859885 0 0.00068348898 0 0)
(0.00063269376 -0.0018235733 0 -0.00066961368 0 0)
(0.0011837142 -0.0047321362 0 -0.0017134091 0 0)
(0.00086166688 0.0046014836 0 -0.0013265613 0 0)
(0.00047232991 0.0022548597 0 -0.00055993138 0 0)
(-0.00038434402 0.00097897815 0 0.00034361952 0 0)
(-0.00088414332 0.00025337519 0 0.00087748906 0 0)
(-0.00088410686 -0.0002533933 0 0.00087745377 0 0)
(-0.00038432767 -0.00097897766 0 0.00034360203 0 0)
(0.00047234575 -0.0022548508 0 -0.00055994622 0 0)
(0.0008616729 -0.0046014751 0 -0.0013265674 0 0)
(0.00059168583 0.004496402 0 -0.0010194872 0 0)
(0.00037651887 0.002448968 0 -0.00049307897 0 0)
(-0.00025350597 0.0012017069 0 0.00021173766 0 0)
(-0.00066405724 0.00033165467 0 0.00066169323 0 0)
(-0.00066408739 -0.00033165097 0 0.00066172216 0 0)
(-0.00025351377 -0.0012016779 0 0.00021174582 0 0)
(0.00037652386 -0.0024489777 0 -0.00049308533 0 0)
(0.00059168963 -0.0044963932 0 -0.0010194901 0 0)
(0.00041306631 0.0044304015 0 -0.00081782595 0 0)
(0.00026543497 0.0026622233 0 -0.00040558259 0 0)
(-0.00016787358 0.0013699897 0 0.0001215459 0 0)
(-0.00048103318 0.0004012239 0 0.00047958339 0 0)
(-0.00048099177 -0.00040124593 0 0.00047954382 0 0)
(-0.00016784558 -0.0013700161 0 0.00012151752 0 0)
(0.0002654579 -0.0026622024 0 -0.00040560545 0 0)
(0.00041307469 -0.0044303888 0 -0.00081783367 0 0)
(0.00027875332 0.0043831793 0 -0.0006693381 0 0)
(0.00019323066 0.0027857194 0 -0.0003494889 0 0)
(-0.00010755289 0.0015053014 0 5.6126709e-05 0 0)
(-0.00033193254 0.0004613804 0 0.0003298843 0 0)
(-0.00033195919 -0.00046137519 0 0.00032990962 0 0)
(-0.00010755313 -0.0015052811 0 5.6127626e-05 0 0)
(0.00019323439 -0.0027857218 0 -0.00034949284 0 0)
(0.00027875708 -0.004383165 0 -0.00066934077 0 0)
(0.00018304306 0.0043511553 0 -0.00056520768 0 0)
(0.00013800754 0.0028747382 0 -0.00030557563 0 0)
(-6.7007078e-05 0.0016082678 0 1.1063797e-05 0 0)
(-0.0002252621 0.00050661518 0 0.00022209404 0 0)
(-0.00022525778 -0.00050662674 0 0.00022209036 0 0)
(-6.6990464e-05 -0.0016082877 0 1.1046349e-05 0 0)
(0.00013802069 -0.0028747224 0 -0.00030558841 0 0)
(0.00018305065 -0.0043511384 0 -0.00056521384 0 0)
(0.00011784234 0.004330148 0 -0.0004950934 0 0)
(9.5069054e-05 0.0029403888 0 -0.00027041327 0 0)
(-4.0874284e-05 0.0016827554 0 -1.8681708e-05 0 0)
(-0.00015070402 0.00053966617 0 0.00014641588 0 0)
(-0.00015063084 -0.00053970227 0 0.00014634184 0 0)
(-4.0874612e-05 -0.0016827432 0 -1.868098e-05 0 0)
(9.5072667e-05 -0.0029403816 0 -0.00027041682 0 0)
(0.00011784531 -0.0043301301 0 -0.00049509516 0 0)
(7.479284e-05 0.0043167186 0 -0.00044920767 0 0)
(6.3944915e-05 0.0029854908 0 -0.00024442333 0 0)
(-2.4450859e-05 0.0017349599 0 -3.7829897e-05 0 0)
(-9.8999646e-05 0.00056337412 0 9.3755153e-05 0 0)
(-9.9180473e-05 -0.00056330797 0 9.3936837e-05 0 0)
(-2.4445818e-05 -0.0017349709 0 -3.7835634e-05 0 0)
(6.3950283e-05 -0.0029854773 0 -0.00024442821 0 0)
(7.4795589e-05 -0.0043166987 0 -0.00044920848 0 0)
(4.6627327e-05 0.0043081863 0 -0.00041941643 0 0)
(4.2184768e-05 0.0030154763 0 -0.00022599321 0 0)
(-1.4250327e-05 0.0017709056 0 -4.9983005e-05 0 0)
(-6.4498389e-05 0.00057973366 0 5.8517668e-05 0 0)
(-6.4208074e-05 -0.00057986971 0 5.8225695e-05 0 0)
(-1.4252251e-05 -0.0017709037 0 -4.9980928e-05 0 0)
(4.2184163e-05 -0.0030154678 0 -0.00022599218 0 0)
(4.6629865e-05 -0.0043081674 0 -0.00041941759 0 0)
(2.8484537e-05 0.0043028537 0 -0.00040036566 0 0)
(2.7294867e-05 0.0030350852 0 -0.00021321725 0 0)
(-8.0573873e-06 0.0017951469 0 -5.7529497e-05 0 0)
(-4.0841461e-05 0.00059121725 0 3.4325148e-05 0 0)
(-4.1240694e-05 -0.00059105527 0 3.4725845e-05 0 0)
(-8.0599899e-06 -0.0017951523 0 -5.7527387e-05 0 0)
(2.7293499e-05 -0.0030350756 0 -0.00021321539 0 0)
(2.8484225e-05 -0.0043028337 0 -0.00040036331 0 0)
(1.7003176e-05 0.0042995864 0 -0.00038839234 0 0)
(1.7323916e-05 0.0030476506 0 -0.00020456879 0 0)
(-4.3579206e-06 0.0018112547 0 -6.213681e-05 0 0)
(-2.5488628e-05 0.00059887561 0 1.8600722e-05 0 0)
(-2.4998007e-05 -0.00059910945 0 1.8107999e-05 0 0)
(-4.3616593e-06 -0.0018112602 0 -6.2133149e-05 0 0)
(1.7320818e-05 -0.0030476419 0 -0.00020456509 0 0)
(1.7003245e-05 -0.0042995678 0 -0.00038839093 0 0)
(9.8640003e-06 0.0042976329 0 -0.00038100169 0 0)
(1.0763132e-05 0.0030555813 0 -0.00019881853 0 0)
(-2.217635e-06 0.0018217403 0 -6.4870434e-05 0 0)
(-1.5588957e-05 0.00060393372 0 8.4522977e-06 0 0)
(-1.5900727e-05 -0.00060380607 0 8.7652861e-06 0 0)
(-2.2237053e-06 -0.0018217435 0 -6.4864731e-05 0 0)
(1.0757693e-05 -0.0030555753 0 -0.00019881265 0 0)
(9.8616176e-06 -0.0042976143 0 -0.00038099743 0 0)
(5.5165361e-06 0.0042964995 0 -0.00037653587 0 0)
(6.5300162e-06 0.0030604817 0 -0.00019507206 0 0)
(-1.013792e-06 0.0018284619 0 -6.6453005e-05 0 0)
(-9.4364376e-06 0.00060715531 0 2.1380678e-06 0 0)
(-9.3310054e-06 -0.00060722262 0 2.031523e-06 0 0)
(-1.0184784e-06 -0.0018284711 0 -6.6448554e-05 0 0)
(6.5257298e-06 -0.0030604744 0 -0.0001950672 0 0)
(5.5150603e-06 -0.0042964825 0 -0.00037653295 0 0)
(2.9340538e-06 0.0042958711 0 -0.00037390694 0 0)
(3.8499147e-06 0.003063451 0 -0.00019267892 0 0)
(-3.6907106e-07 0.0018326816 0 -6.7331944e-05 0 0)
(-5.326017e-06 0.00060934479 0 -2.0772508e-06 0 0)
(-5.4359002e-06 -0.00060930634 0 -1.9668569e-06 0 0)
(-3.7568512e-07 -0.0018326845 0 -6.7325649e-05 0 0)
(3.8431284e-06 -0.0030634473 0 -0.00019267175 0 0)
(2.9307265e-06 -0.0042958548 0 -0.00037390202 0 0)
(1.4454473e-06 0.0042955427 0 -0.00037240861 0 0)
(2.1859013e-06 0.0030652074 0 -0.00019117728 0 0)
(-4.6913475e-08 0.001835274 0 -6.7796774e-05 0 0)
(-2.9513207e-06 0.00061064815 0 -4.515692e-06 0 0)
(-2.8495816e-06 -0.00061071442 0 -4.6183239e-06 0 0)
(-5.1681274e-08 -0.0018352839 0 -6.7792317e-05 0 0)
(2.1814698e-06 -0.0030652016 0 -0.00019117239 0 0)
(1.4434443e-06 -0.0042955278 0 -0.00037240529 0 0)
(6.1729185e-07 0.0042953885 0 -0.0003715869 0 0)
(1.1815456e-06 0.00306621 0 -0.00019026418 0 0)
(9.7595289e-08 0.0018368334 0 -6.802344e-05 0 0)
(-1.4180843e-06 0.00061150745 0 -6.0884601e-06 0 0)
(-1.5448003e-06 -0.00061145744 0 -5.960887e-06 0 0)
(9.1842553e-08 -0.0018368367 0 -6.8017997e-05 0 0)
(1.1750898e-06 -0.0030662073 0 -0.0001902574 0 0)
(6.1391424e-07 -0.0042953744 0 -0.00037158223 0 0)
(1.7250338e-07 0.0042953292 0 -0.00037115534 0 0)
(5.8753639e-07 0.0030667653 0 -0.00018971629 0 0)
(1.4505228e-07 0.0018377343 0 -6.8118238e-05 0 0)
(-6.9585642e-07 0.00061193664 0 -6.8318124e-06 0 0)
(-5.3273226e-07 -0.00061203913 0 -6.9965771e-06 0 0)
(1.4056434e-07 -0.001837743 0 -6.8114065e-05 0 0)
(5.8345504e-07 -0.0030667608 0 -0.00018971187 0 0)
(1.7019723e-07 -0.0042953162 0 -0.00037115189 0 0)
(-3.3996433e-08 0.0042953248 0 -0.00037096218 0 0)
(2.556201e-07 0.003067045 0 -0.00018940885 0 0)
(1.4768849e-07 0.0018382436 0 -6.8144776e-05 0 0)
(-9.9005543e-08 0.00061229459 0 -7.4423821e-06 0 0)
(-1.9853307e-07 -0.00061225229 0 -7.3423631e-06 0 0)
(1.4305339e-07 -0.0018382474 0 -6.814045e-05 0 0)
(2.5013251e-07 -0.0030670424 0 -0.00018940309 0 0)
(-3.6736976e-08 -0.0042953128 0 -0.0003709584 0 0)
(-1.2759497e-07 0.0042953457 0 -0.00037088157 0 0)
(7.2002808e-08 0.0030671802 0 -0.00018923384 0 0)
(1.2882148e-07 0.0018385057 0 -6.8138677e-05 0 0)
(-2.0976391e-08 0.00061235973 0 -7.5253072e-06 0 0)
(-2.702371e-08 -0.0006123681 0 -7.5192692e-06 0 0)
(1.2469127e-07 -0.0018385126 0 -6.8134813e-05 0 0)
(6.8259462e-08 -0.0030671767 0 -0.00018922985 0 0)
(-1.2992091e-07 -0.0042953345 0 -0.00037087828 0 0)
(-1.4887344e-07 0.0042953701 0 -0.00037086999 0 0)
(-1.5613999e-08 0.0030672312 0 -0.00018915015 0 0)
(1.0513086e-07 0.0018386373 0 -6.8119146e-05 0 0)
(8.5321867e-08 0.00061243319 0 -7.6349856e-06 0 0)
(9.8378992e-08 -0.00061245333 0 -7.6484008e-06 0 0)
(1.0133717e-07 -0.0018386416 0 -6.8115634e-05 0 0)
(-1.9965916e-08 -0.0030672286 0 -0.00018914556 0 0)
(-1.5109245e-07 -0.0042953597 0 -0.00037086694 0 0)
(-1.3969081e-07 0.0042953978 0 -0.00037088791 0 0)
(-6.3735546e-08 0.003067246 0 -0.00018909988 0 0)
(8.2260789e-08 0.0018386871 0 -6.809806e-05 0 0)
(1.3448607e-07 0.00061247756 0 -7.6853578e-06 0 0)
(1.2002655e-07 -0.00061247712 0 -7.6710084e-06 0 0)
(7.8414397e-08 -0.0018386923 0 -6.8094429e-05 0 0)
(-6.7175249e-08 -0.0030672433 0 -0.00018909624 0 0)
(-1.4195484e-07 -0.0042953878 0 -0.00037088481 0 0)
(-1.1797595e-07 0.0042954189 0 -0.00037091522 0 0)
(-6.5662602e-08 0.0030672353 0 -0.00018909737 0 0)
(5.9934059e-08 0.0018387015 0 -6.8074189e-05 0 0)
(1.2516269e-07 0.00061247651 0 -7.6763814e-06 0 0)
(1.272714e-07 -0.00061248818 0 -7.6786333e-06 0 0)
(5.6480447e-08 -0.0018387059 0 -6.8070992e-05 0 0)
(-7.0012362e-08 -0.0030672324 0 -0.00018909272 0 0)
(-1.1980761e-07 -0.0042954099 0 -0.00037091273 0 0)
(-9.4076812e-08 0.0042954372 0 -0.0003709435 0 0)
(-6.4760373e-08 0.0030672125 0 -0.00018909594 0 0)
(4.4071045e-08 0.0018386898 0 -6.8057507e-05 0 0)
(1.1061717e-07 0.00061247949 0 -7.6615298e-06 0 0)
(1.1096483e-07 -0.00061248753 0 -7.6620818e-06 0 0)
(4.0476104e-08 -0.0018386937 0 -6.8054054e-05 0 0)
(-6.8119677e-08 -0.0030672103 0 -0.00018909243 0 0)
(-9.5696825e-08 -0.004295429 0 -0.00037094122 0 0)
(-7.1991346e-08 0.004295451 0 -0.00037096851 0 0)
(-5.3796163e-08 0.0030671949 0 -0.00018910524 0 0)
(3.2136004e-08 0.0018386719 0 -6.804366e-05 0 0)
(9.8747265e-08 0.00061247308 0 -7.6495058e-06 0 0)
(9.5786719e-08 -0.00061248121 0 -7.6465991e-06 0 0)
(2.8638483e-08 -0.0018386754 0 -6.8040355e-05 0 0)
(-5.7442938e-08 -0.0030671932 0 -0.00018910137 0 0)
(-7.3791338e-08 -0.0042954429 0 -0.00037096613 0 0)
(-5.6528776e-08 0.0042954611 0 -0.00037098622 0 0)
(-4.581179e-08 0.0030671821 0 -0.00018911113 0 0)
(1.9742059e-08 0.0018386492 0 -6.8030186e-05 0 0)
(7.2776517e-08 0.00061246552 0 -7.6229317e-06 0 0)
(7.3437656e-08 -0.00061247313 0 -7.6237583e-06 0 0)
(1.707095e-08 -0.0018386537 0 -6.8027656e-05 0 0)
(-4.8954776e-08 -0.00306718 0 -0.00018910784 0 0)
(-5.8051404e-08 -0.004295454 0 -0.00037098415 0 0)
(-4.012186e-08 0.0042954699 0 -0.00037100399 0 0)
(-3.4956328e-08 0.0030671664 0 -0.00018912115 0 0)
(1.5868677e-08 0.0018386329 0 -6.8024963e-05 0 0)
(6.7742353e-08 0.00061246144 0 -7.6177759e-06 0 0)
(6.2633746e-08 -0.00061246683 0 -7.6126883e-06 0 0)
(1.2670686e-08 -0.0018386356 0 -6.8021925e-05 0 0)
(-3.8260146e-08 -0.0030671647 0 -0.00018911764 0 0)
(-4.1729013e-08 -0.0042954631 0 -0.0003710019 0 0)
(-3.138422e-08 0.0042954758 0 -0.00037101389 0 0)
(-2.8727546e-08 0.0030671578 0 -0.00018912585 0 0)
(1.0641833e-08 0.0018386179 0 -6.8019096e-05 0 0)
(4.6138426e-08 0.00061245251 0 -7.5956373e-06 0 0)
(4.473132e-08 -0.00061245871 0 -7.5943576e-06 0 0)
(7.6575047e-09 -0.001838621 0 -6.8016212e-05 0 0)
(-3.1659861e-08 -0.0030671561 0 -0.00018912279 0 0)
(-3.2793924e-08 -0.0042954699 0 -0.00037101203 0 0)
(-2.1962443e-08 0.0042954808 0 -0.00037102384 0 0)
(-2.1207193e-08 0.0030671476 0 -0.0001891332 0 0)
(9.5607281e-09 0.0018386074 0 -6.8016932e-05 0 0)
(3.8133909e-08 0.00061244844 0 -7.5875563e-06 0 0)
(3.7288394e-08 -0.00061245389 0 -7.5867717e-06 0 0)
(6.764363e-09 -0.0018386099 0 -6.8014261e-05 0 0)
(-2.4191149e-08 -0.0030671462 0 -0.00018913004 0 0)
(-2.3423055e-08 -0.0042954751 0 -0.00037102197 0 0)
(-1.714731e-08 0.0042954844 0 -0.00037102929 0 0)
(-1.7132197e-08 0.0030671424 0 -0.00018913624 0 0)
(6.1104757e-09 0.0018385967 0 -6.8013306e-05 0 0)
(2.7281698e-08 0.0006124424 0 -7.576357e-06 0 0)
(2.597451e-08 -0.00061244745 0 -7.5751485e-06 0 0)
(3.4172722e-09 -0.0018385992 0 -6.8010692e-05 0 0)
(-1.9789584e-08 -0.0030671411 0 -0.00018913346 0 0)
(-1.8436213e-08 -0.0042954795 0 -0.00037102763 0 0)
(-1.2631568e-08 0.0042954873 0 -0.00037103395 0 0)
(-1.3168199e-08 0.0030671367 0 -0.00018914038 0 0)
(5.5558595e-09 0.0018385895 0 -6.8011993e-05 0 0)
(2.2137705e-08 0.00061243966 0 -7.5712254e-06 0 0)
(2.1621766e-08 -0.00061244427 0 -7.5707679e-06 0 0)
(3.1439671e-09 -0.0018385917 0 -6.8009673e-05 0 0)
(-1.5786013e-08 -0.0030671355 0 -0.00018913761 0 0)
(-1.3936835e-08 -0.0042954827 0 -0.00037103231 0 0)
(-9.9396307e-09 0.0042954896 0 -0.00037103704 0 0)
(-1.039877e-08 0.0030671333 0 -0.00018914238 0 0)
(3.8661592e-09 0.0018385828 0 -6.8010371e-05 0 0)
(1.7123979e-08 0.00061243632 0 -7.5659827e-06 0 0)
(1.5764526e-08 -0.00061244004 0 -7.5646976e-06 0 0)
(1.5674975e-09 -0.0018385851 0 -6.8008138e-05 0 0)
(-1.2751457e-08 -0.0030671324 0 -0.00018913991 0 0)
(-1.111846e-08 -0.0042954856 0 -0.00037103555 0 0)
(-8.0461133e-09 0.0042954916 0 -0.00037103893 0 0)
(-8.8652675e-09 0.0030671303 0 -0.00018914427 0 0)
(3.5976098e-09 0.0018385783 0 -6.8009538e-05 0 0)
(1.4800557e-08 0.00061243486 0 -7.5637327e-06 0 0)
(1.4485474e-08 -0.00061243916 0 -7.5634682e-06 0 0)
(1.5539574e-09 -0.0018385803 0 -6.8007567e-05 0 0)
(-1.1089663e-08 -0.0030671294 0 -0.00018914192 0 0)
(-9.19214e-09 -0.0042954878 0 -0.00037103751 0 0)
(-6.6917735e-09 0.0042954932 0 -0.00037104056 0 0)
(-7.0106466e-09 0.0030671281 0 -0.00018914546 0 0)
(2.7535499e-09 0.0018385739 0 -6.8008883e-05 0 0)
(1.2671012e-08 0.00061243298 0 -7.5614319e-06 0 0)
(1.1901769e-08 -0.00061243664 0 -7.5607301e-06 0 0)
(8.5790714e-10 -0.0018385758 0 -6.8007041e-05 0 0)
(-9.0101983e-09 -0.0030671274 0 -0.00018914336 0 0)
(-7.7209806e-09 -0.0042954899 0 -0.00037103928 0 0)
(-5.8512327e-09 0.0042954947 0 -0.00037104135 0 0)
(-6.6953566e-09 0.0030671264 0 -0.00018914622 0 0)
(2.7303434e-09 0.0018385707 0 -6.800838e-05 0 0)
(1.1457426e-08 0.00061243187 0 -7.5603184e-06 0 0)
(1.1120047e-08 -0.00061243548 0 -7.5600193e-06 0 0)
(1.0511993e-09 -0.0018385725 0 -6.8006763e-05 0 0)
(-8.521768e-09 -0.0030671258 0 -0.00018914429 0 0)
(-6.819508e-09 -0.0042954918 0 -0.00037104015 0 0)
(-5.2913441e-09 0.004295496 0 -0.00037104213 0 0)
(-5.4936385e-09 0.003067125 0 -0.00018914681 0 0)
(2.1833081e-09 0.001838568 0 -6.8008095e-05 0 0)
(1.0471604e-08 0.00061243054 0 -7.5591846e-06 0 0)
(9.9113121e-09 -0.00061243369 0 -7.558684e-06 0 0)
(6.7943281e-10 -0.0018385697 0 -6.8006636e-05 0 0)
(-7.1196342e-09 -0.0030671245 0 -0.00018914509 0 0)
(-6.145734e-09 -0.0042954934 0 -0.00037104107 0 0)
(-4.8171029e-09 0.0042954973 0 -0.00037104253 0 0)
(-5.6632611e-09 0.0030671239 0 -0.00018914712 0 0)
(2.3155918e-09 0.0018385654 0 -6.8007789e-05 0 0)
(9.7393085e-09 0.00061242967 0 -7.5585656e-06 0 0)
(9.3867951e-09 -0.0006124326 0 -7.558241e-06 0 0)
(9.9132672e-10 -0.0018385669 0 -6.800652e-05 0 0)
(-7.1096738e-09 -0.0030671234 0 -0.00018914559 0 0)
(-5.598789e-09 -0.004295495 0 -0.00037104156 0 0)
(-4.6357665e-09 0.0042954984 0 -0.00037104291 0 0)
(-4.813982e-09 0.0030671229 0 -0.00018914738 0 0)
(1.8307747e-09 0.0018385636 0 -6.8007606e-05 0 0)
(9.2659464e-09 0.00061242859 0 -7.5579538e-06 0 0)
(8.8325482e-09 -0.00061243119 0 -7.5575739e-06 0 0)
(6.8440282e-10 -0.0018385651 0 -6.8006498e-05 0 0)
(-6.0837581e-09 -0.0030671225 0 -0.00018914604 0 0)
(-5.3162045e-09 -0.0042954963 0 -0.00037104206 0 0)
(-4.3060687e-09 0.0042954997 0 -0.00037104316 0 0)
(-5.1677576e-09 0.003067122 0 -0.00018914754 0 0)
(2.0389819e-09 0.0018385613 0 -6.8007406e-05 0 0)
(8.7431092e-09 0.00061242786 0 -7.5575509e-06 0 0)
(8.4346848e-09 -0.00061243025 0 -7.5572626e-06 0 0)
(1.0369308e-09 -0.0018385626 0 -6.8006454e-05 0 0)
(-6.2714989e-09 -0.0030671216 0 -0.00018914637 0 0)
(-4.9121998e-09 -0.0042954978 0 -0.00037104239 0 0)
(-4.2835917e-09 0.0042955007 0 -0.00037104337 0 0)
(-4.4693021e-09 0.0030671212 0 -0.00018914766 0 0)
(1.5762035e-09 0.0018385599 0 -6.8007261e-05 0 0)
(8.5002505e-09 0.0006124269 0 -7.5571733e-06 0 0)
(8.1750312e-09 -0.00061242905 0 -7.5568971e-06 0 0)
(7.3548055e-10 -0.0018385611 0 -6.8006453e-05 0 0)
(-5.4238223e-09 -0.0030671209 0 -0.00018914665 0 0)
(-4.8044081e-09 -0.004295499 0 -0.0003710427 0 0)
(-4.0119099e-09 0.0042955019 0 -0.00037104355 0 0)
(-4.8937465e-09 0.0030671205 0 -0.00018914776 0 0)
(1.8210529e-09 0.0018385579 0 -6.8007114e-05 0 0)
(8.0707757e-09 0.00061242625 0 -7.5568675e-06 0 0)
(7.8314653e-09 -0.00061242823 0 -7.5566425e-06 0 0)
(1.0906892e-09 -0.0018385589 0 -6.8006431e-05 0 0)
(-5.7062252e-09 -0.0030671202 0 -0.0001891469 0 0)
(-4.4650073e-09 -0.0042955004 0 -0.00037104296 0 0)
(-4.0516543e-09 0.0042955028 0 -0.00037104369 0 0)
(-4.2492718e-09 0.0030671198 0 -0.00018914784 0 0)
(1.3764313e-09 0.0018385567 0 -6.8006994e-05 0 0)
(7.932347e-09 0.00061242536 0 -7.556596e-06 0 0)
(7.6972386e-09 -0.00061242715 0 -7.5564066e-06 0 0)
(7.8166279e-10 -0.0018385576 0 -6.8006429e-05 0 0)
(-4.9410339e-09 -0.0030671195 0 -0.0001891471 0 0)
(-4.4354113e-09 -0.0042955014 0 -0.00037104319 0 0)
(-3.8009953e-09 0.004295504 0 -0.00037104384 0 0)
(-4.6982894e-09 0.0030671191 0 -0.00018914791 0 0)
(1.6429119e-09 0.0018385548 0 -6.8006878e-05 0 0)
(7.5474084e-09 0.00061242475 0 -7.5563371e-06 0 0)
(7.3763738e-09 -0.0006124264 0 -7.5561759e-06 0 0)
(1.1277956e-09 -0.0018385556 0 -6.8006408e-05 0 0)
(-5.2775427e-09 -0.0030671188 0 -0.0001891473 0 0)
(-4.1281745e-09 -0.0042955027 0 -0.00037104341 0 0)
(-3.8638583e-09 0.0042955049 0 -0.00037104396 0 0)
(-4.0677479e-09 0.0030671185 0 -0.00018914798 0 0)
(1.2148635e-09 0.0018385536 0 -6.800678e-05 0 0)
(7.4583616e-09 0.0006124239 0 -7.5561161e-06 0 0)
(7.2937673e-09 -0.00061242542 0 -7.5559946e-06 0 0)
(8.0761745e-10 -0.0018385544 0 -6.80064e-05 0 0)
(-4.5532648e-09 -0.0030671182 0 -0.00018914747 0 0)
(-4.1369817e-09 -0.0042955037 0 -0.00037104359 0 0)
(-3.6191566e-09 0.0042955061 0 -0.0003710441 0 0)
(-4.5219601e-09 0.0030671179 0 -0.00018914806 0 0)
(1.497128e-09 0.0018385519 0 -6.8006685e-05 0 0)
(7.0978321e-09 0.00061242331 0 -7.5558835e-06 0 0)
(6.9827685e-09 -0.00061242472 0 -7.5557747e-06 0 0)
(1.1431382e-09 -0.0018385526 0 -6.8006374e-05 0 0)
(-4.9236767e-09 -0.0030671176 0 -0.00018914763 0 0)
(-3.8480755e-09 -0.0042955049 0 -0.00037104378 0 0)
(-3.6902196e-09 0.0042955069 0 -0.00037104421 0 0)
(-3.8910476e-09 0.0030671173 0 -0.00018914813 0 0)
(1.0838756e-09 0.0018385508 0 -6.8006606e-05 0 0)
(7.0346675e-09 0.00061242251 0 -7.5556893e-06 0 0)
(6.9216538e-09 -0.00061242384 0 -7.5556174e-06 0 0)
(8.1233198e-10 -0.0018385514 0 -6.8006359e-05 0 0)
(-4.2227726e-09 -0.003067117 0 -0.00018914778 0 0)
(-3.8790338e-09 -0.0042955058 0 -0.00037104394 0 0)
(-3.4459643e-09 0.004295508 0 -0.00037104435 0 0)
(-4.3435557e-09 0.0030671167 0 -0.00018914822 0 0)
(1.378679e-09 0.0018385491 0 -6.8006526e-05 0 0)
(6.690036e-09 0.00061242194 0 -7.555474e-06 0 0)
(6.6158066e-09 -0.00061242317 0 -7.5554033e-06 0 0)
(1.1386714e-09 -0.0018385497 0 -6.8006327e-05 0 0)
(-4.6173847e-09 -0.0030671164 0 -0.00018914792 0 0)
(-3.6021561e-09 -0.004295507 0 -0.00037104411 0 0)
(-3.5200362e-09 0.0042955088 0 -0.00037104445 0 0)
(-3.7083776e-09 0.0030671162 0 -0.00018914829 0 0)
(9.7798878e-10 0.0018385481 0 -6.8006464e-05 0 0)
(6.6425803e-09 0.00061242117 0 -7.5552966e-06 0 0)
(6.5647428e-09 -0.00061242237 0 -7.5552582e-06 0 0)
(7.9895967e-10 -0.0018385486 0 -6.8006307e-05 0 0)
(-3.9316193e-09 -0.0030671159 0 -0.00018914805 0 0)
(-3.6481264e-09 -0.0042955078 0 -0.00037104425 0 0)
(-3.2746447e-09 0.0042955099 0 -0.00037104459 0 0)
(-4.1578749e-09 0.0030671156 0 -0.00018914838 0 0)
(1.2826056e-09 0.0018385465 0 -6.8006397e-05 0 0)
(6.3098264e-09 0.00061242062 0 -7.5550944e-06 0 0)
(6.2627048e-09 -0.00061242172 0 -7.5550485e-06 0 0)
(1.1182557e-09 -0.001838547 0 -6.8006272e-05 0 0)
(-4.3454983e-09 -0.0030671153 0 -0.00018914819 0 0)
(-3.3799166e-09 -0.0042955089 0 -0.00037104441 0 0)
(-3.3503078e-09 0.0042955106 0 -0.00037104469 0 0)
(-3.518488e-09 0.0030671151 0 -0.00018914846 0 0)
(8.9180021e-10 0.0018385455 0 -6.8006347e-05 0 0)
(6.273369e-09 0.0006124199 0 -7.554929e-06 0 0)
(6.2176719e-09 -0.00061242099 0 -7.5549114e-06 0 0)
(7.7185585e-10 -0.001838546 0 -6.8006248e-05 0 0)
(-3.6708803e-09 -0.0030671148 0 -0.0001891483 0 0)
(-3.4371808e-09 -0.0042955097 0 -0.00037104454 0 0)
(-3.1037543e-09 0.0042955116 0 -0.00037104482 0 0)
(-3.9657542e-09 0.0030671146 0 -0.00018914856 0 0)
(1.2038746e-09 0.001838544 0 -6.8006291e-05 0 0)
(5.9502668e-09 0.00061241936 0 -7.5547375e-06 0 0)
(5.919436e-09 -0.00061242036 0 -7.554706e-06 0 0)
(1.0860845e-09 -0.0018385444 0 -6.8006212e-05 0 0)
(-4.0974441e-09 -0.0030671143 0 -0.00018914843 0 0)
(-3.1755104e-09 -0.0042955108 0 -0.00037104468 0 0)
(-3.1809537e-09 0.0042955123 0 -0.00037104491 0 0)
(-3.323558e-09 0.0030671141 0 -0.00018914865 0 0)
(8.2046507e-10 0.0018385431 0 -6.8006252e-05 0 0)
(5.9223693e-09 0.00061241868 0 -7.5545817e-06 0 0)
(5.8791575e-09 -0.00061241971 0 -7.5545754e-06 0 0)
(7.3503364e-10 -0.0018385435 0 -6.8006185e-05 0 0)
(-3.4320591e-09 -0.0030671138 0 -0.00018914853 0 0)
(-3.2416336e-09 -0.0042955115 0 -0.0003710448 0 0)
(-2.9337782e-09 0.0042955133 0 -0.00037104504 0 0)
(-3.7699859e-09 0.0030671136 0 -0.00018914875 0 0)
(1.1379543e-09 0.0018385416 0 -6.8006203e-05 0 0)
(5.6075187e-09 0.00061241816 0 -7.5543993e-06 0 0)
(5.5852307e-09 -0.00061241909 0 -7.5543746e-06 0 0)
(1.0458739e-09 -0.001838542 0 -6.8006148e-05 0 0)
(-3.8686459e-09 -0.0030671133 0 -0.00018914865 0 0)
(-2.9851652e-09 -0.0042955125 0 -0.00037104494 0 0)
(-3.0128858e-09 0.004295514 0 -0.00037104514 0 0)
(-3.1267068e-09 0.0030671132 0 -0.00018914883 0 0)
(7.5985044e-10 0.0018385408 0 -6.8006171e-05 0 0)
(5.586764e-09 0.00061241753 0 -7.5542515e-06 0 0)
(5.5493632e-09 -0.00061241851 0 -7.55425e-06 0 0)
(6.9196476e-10 -0.0018385412 0 -6.8006121e-05 0 0)
(-3.2106606e-09 -0.0030671128 0 -0.00018914875 0 0)
(-3.0583855e-09 -0.0042955131 0 -0.00037104504 0 0)
(-2.7657796e-09 0.0042955149 0 -0.00037104526 0 0)
(-3.5736418e-09 0.0030671127 0 -0.00018914894 0 0)
(1.0810957e-09 0.0018385394 0 -6.8006129e-05 0 0)
(5.279269e-09 0.00061241702 0 -7.554077e-06 0 0)
(5.2604206e-09 -0.00061241789 0 -7.5540543e-06 0 0)
(1.0007112e-09 -0.0018385398 0 -6.8006084e-05 0 0)
(-3.6552139e-09 -0.0030671124 0 -0.00018914886 0 0)
(-2.8061065e-09 -0.0042955141 0 -0.00037104517 0 0)
(-2.8472383e-09 0.0042955155 0 -0.00037104535 0 0)
(-2.9311606e-09 0.0030671123 0 -0.00018914903 0 0)
(7.0669273e-10 0.0018385386 0 -6.8006102e-05 0 0)
(5.264784e-09 0.00061241644 0 -7.5539363e-06 0 0)
(5.2289057e-09 -0.00061241738 0 -7.5539354e-06 0 0)
(6.4540167e-10 -0.001838539 0 -6.8006057e-05 0 0)
(-3.0032271e-09 -0.0030671119 0 -0.00018914895 0 0)
(-2.8851877e-09 -0.0042955147 0 -0.00037104527 0 0)
(-2.6008723e-09 0.0042955164 0 -0.00037104547 0 0)
(-3.3790488e-09 0.0030671119 0 -0.00018914913 0 0)
(1.0304233e-09 0.0018385373 0 -6.8006065e-05 0 0)
(4.9641003e-09 0.00061241595 0 -7.5537691e-06 0 0)
(4.9456334e-09 -0.00061241678 0 -7.5537454e-06 0 0)
(9.5299334e-10 -0.0018385376 0 -6.8006022e-05 0 0)
(-3.4541102e-09 -0.0030671115 0 -0.00018914906 0 0)
(-2.6362617e-09 -0.0042955156 0 -0.0003710454 0 0)
(-2.6850702e-09 0.004295517 0 -0.00037104556 0 0)
(-2.739423e-09 0.0030671114 0 -0.00018914922 0 0)
(6.5858455e-10 0.0018385366 0 -6.8006042e-05 0 0)
(4.9553506e-09 0.00061241541 0 -7.5536348e-06 0 0)
(4.9184861e-09 -0.00061241632 0 -7.553632e-06 0 0)
(5.9739828e-10 -0.0018385369 0 -6.8005996e-05 0 0)
(-2.8071868e-09 -0.0030671111 0 -0.00018914915 0 0)
(-2.7203466e-09 -0.0042955162 0 -0.00037104549 0 0)
(-2.440031e-09 0.0042955178 0 -0.00037104568 0 0)
(-3.1878641e-09 0.003067111 0 -0.00018914932 0 0)
(9.8388084e-10 0.0018385353 0 -6.8006009e-05 0 0)
(4.6611895e-09 0.00061241494 0 -7.5534744e-06 0 0)
(4.6415065e-09 -0.00061241573 0 -7.5534482e-06 0 0)
(9.0447906e-10 -0.0018385356 0 -6.8005962e-05 0 0)
(-3.2632184e-09 -0.0030671107 0 -0.00018914925 0 0)
(-2.474264e-09 -0.004295517 0 -0.00037104561 0 0)
(-2.5272658e-09 0.0042955183 0 -0.00037104576 0 0)
(-2.5517812e-09 0.0030671106 0 -0.0001891494 0 0)
(6.1386572e-10 0.0018385346 0 -6.8005989e-05 0 0)
(4.6578687e-09 0.00061241444 0 -7.553346e-06 0 0)
(4.6187563e-09 -0.00061241532 0 -7.5533401e-06 0 0)
(5.4940759e-10 -0.001838535 0 -6.8005937e-05 0 0)
(-2.6207907e-09 -0.0030671103 0 -0.00018914933 0 0)
(-2.5627395e-09 -0.0042955176 0 -0.00037104569 0 0)
(-2.2840419e-09 0.0042955191 0 -0.00037104587 0 0)
(-3.0027709e-09 0.0030671103 0 -0.0001891495 0 0)
(9.400989e-10 0.0018385335 0 -6.8005958e-05 0 0)
(4.3701225e-09 0.00061241399 0 -7.5531921e-06 0 0)
(4.3485933e-09 -0.00061241475 0 -7.553163e-06 0 0)
(8.5639254e-10 -0.0018385338 0 -6.8005905e-05 0 0)
(-3.0811577e-09 -0.0030671099 0 -0.00018914943 0 0)
(-2.3192307e-09 -0.0042955184 0 -0.0003710458 0 0)
(-2.3745241e-09 0.0042955196 0 -0.00037104595 0 0)
(-2.3700831e-09 0.0030671099 0 -0.00018914959 0 0)
(5.714715e-10 0.0018385328 0 -6.800594e-05 0 0)
(4.3720742e-09 0.00061241353 0 -7.5530694e-06 0 0)
(4.3302663e-09 -0.00061241438 0 -7.5530599e-06 0 0)
(5.0240265e-10 -0.0018385332 0 -6.8005882e-05 0 0)
(-2.4429216e-09 -0.0030671096 0 -0.00018914951 0 0)
(-2.4116782e-09 -0.0042955189 0 -0.00037104589 0 0)
(-2.1335059e-09 0.0042955204 0 -0.00037104606 0 0)
(-2.8246035e-09 0.0030671095 0 -0.00018914968 0 0)
(8.9823411e-10 0.0018385317 0 -6.8005912e-05 0 0)
(4.0907515e-09 0.00061241311 0 -7.5529219e-06 0 0)
(4.0673416e-09 -0.00061241384 0 -7.5528898e-06 0 0)
(8.0953998e-10 -0.001838532 0 -6.8005852e-05 0 0)
(-2.9070898e-09 -0.0030671092 0 -0.0001891496 0 0)
(-2.1706363e-09 -0.0042955196 0 -0.00037104599 0 0)
(-2.2273661e-09 0.0042955208 0 -0.00037104613 0 0)
(-2.1956635e-09 0.0030671091 0 -0.00018914976 0 0)
(5.3077239e-10 0.0018385311 0 -6.8005895e-05 0 0)
(4.0979103e-09 0.00061241268 0 -7.5528047e-06 0 0)
(4.053451e-09 -0.0006124135 0 -7.5527917e-06 0 0)
(4.5699772e-10 -0.0018385315 0 -6.8005831e-05 0 0)
(-2.2729178e-09 -0.0030671089 0 -0.00018914968 0 0)
(-2.2667823e-09 -0.0042955201 0 -0.00037104607 0 0)
(-1.9888582e-09 0.0042955215 0 -0.00037104624 0 0)
(-2.6538347e-09 0.0030671088 0 -0.00018914986 0 0)
(8.5781678e-10 0.0018385301 0 -6.8005869e-05 0 0)
(3.823083e-09 0.00061241228 0 -7.5526636e-06 0 0)
(3.7980887e-09 -0.00061241299 0 -7.5526288e-06 0 0)
(7.6442177e-10 -0.0018385304 0 -6.8005803e-05 0 0)
(-2.740549e-09 -0.0030671086 0 -0.00018914977 0 0)
(-2.0282062e-09 -0.0042955208 0 -0.00037104617 0 0)
(-2.0861654e-09 0.0042955219 0 -0.00037104631 0 0)
(-2.0290084e-09 0.0030671085 0 -0.00018914993 0 0)
(4.9143805e-10 0.0018385295 0 -6.8005853e-05 0 0)
(3.8354297e-09 0.00061241189 0 -7.5525518e-06 0 0)
(3.7886297e-09 -0.00061241268 0 -7.5525355e-06 0 0)
(4.1355334e-10 -0.0018385299 0 -6.8005783e-05 0 0)
(-2.1104206e-09 -0.0030671082 0 -0.00018914985 0 0)
(-2.1278768e-09 -0.0042955212 0 -0.00037104625 0 0)
(-1.8504013e-09 0.0042955226 0 -0.00037104641 0 0)
(-2.4908323e-09 0.0030671082 0 -0.00018915002 0 0)
(8.1862673e-10 0.0018385285 0 -6.8005828e-05 0 0)
(3.5671924e-09 0.00061241151 0 -7.5524169e-06 0 0)
(3.5410666e-09 -0.00061241219 0 -7.5523801e-06 0 0)
(7.2132623e-10 -0.0018385288 0 -6.8005757e-05 0 0)
(-2.5813061e-09 -0.0030671079 0 -0.00018914994 0 0)
(-1.8918261e-09 -0.0042955219 0 -0.00037104634 0 0)
(-1.9511772e-09 0.0042955229 0 -0.00037104647 0 0)
(-1.8703741e-09 0.0030671079 0 -0.0001891501 0 0)
(4.5333076e-10 0.0018385281 0 -6.8005814e-05 0 0)
(3.5847213e-09 0.00061241114 0 -7.5523104e-06 0 0)
(3.5360116e-09 -0.00061241191 0 -7.5522913e-06 0 0)
(3.7226093e-10 -0.0018385284 0 -6.8005739e-05 0 0)
(-1.9552552e-09 -0.0030671076 0 -0.00018915001 0 0)
(-1.9949086e-09 -0.0042955223 0 -0.00037104641 0 0)
(-1.7183296e-09 0.0042955236 0 -0.00037104657 0 0)
(-2.335816e-09 0.0030671076 0 -0.00018915018 0 0)
(7.8059659e-10 0.0018385271 0 -6.800579e-05 0 0)
(3.3231625e-09 0.00061241079 0 -7.5521818e-06 0 0)
(3.2964074e-09 -0.00061241145 0 -7.5521435e-06 0 0)
(6.8040231e-10 -0.0018385274 0 -6.8005714e-05 0 0)
(-2.4292636e-09 -0.0030671073 0 -0.00018915009 0 0)
(-1.7614701e-09 -0.0042955229 0 -0.00037104651 0 0)
(-1.8225589e-09 0.0042955239 0 -0.00037104663 0 0)
(-1.7198807e-09 0.0030671073 0 -0.00018915025 0 0)
(4.1642438e-10 0.0018385267 0 -6.8005777e-05 0 0)
(3.3458601e-09 0.00061241045 0 -7.5520805e-06 0 0)
(3.2957048e-09 -0.00061241118 0 -7.5520592e-06 0 0)
(3.3320357e-10 -0.001838527 0 -6.8005699e-05 0 0)
(-1.807342e-09 -0.003067107 0 -0.00018915016 0 0)
(-1.8678846e-09 -0.0042955233 0 -0.00037104657 0 0)
(-1.5927504e-09 0.0042955245 0 -0.00037104672 0 0)
(-2.1888754e-09 0.003067107 0 -0.00018915033 0 0)
(7.4374314e-10 0.0018385258 0 -6.8005754e-05 0 0)
(3.0910422e-09 0.00061241013 0 -7.5519583e-06 0 0)
(3.0641464e-09 -0.00061241076 0 -7.551919e-06 0 0)
(6.4171086e-10 -0.001838526 0 -6.8005675e-05 0 0)
(-2.2843833e-09 -0.0030671068 0 -0.00018915024 0 0)
(-1.6371483e-09 -0.0042955239 0 -0.00037104666 0 0)
(-1.7003903e-09 0.0042955248 0 -0.00037104678 0 0)
(-1.5775381e-09 0.0030671067 0 -0.0001891504 0 0)
(3.8075047e-10 0.0018385254 0 -6.8005742e-05 0 0)
(3.1188742e-09 0.00061240981 0 -7.5518621e-06 0 0)
(3.0677226e-09 -0.0006124105 0 -7.5518389e-06 0 0)
(2.9639801e-10 -0.0018385257 0 -6.8005661e-05 0 0)
(-1.6666362e-09 -0.0030671065 0 -0.00018915031 0 0)
(-1.7468288e-09 -0.0042955242 0 -0.00037104672 0 0)
(-1.4736997e-09 0.0042955254 0 -0.00037104687 0 0)
(-2.0499969e-09 0.0030671065 0 -0.00018915048 0 0)
(7.0812118e-10 0.0018385245 0 -6.800572e-05 0 0)
(2.870822e-09 0.00061240951 0 -7.5517462e-06 0 0)
(2.8442304e-09 -0.00061241012 0 -7.5517064e-06 0 0)
(6.052588e-10 -0.0018385248 0 -6.8005639e-05 0 0)
(-2.1466375e-09 -0.0030671063 0 -0.00018915038 0 0)
(-1.5188727e-09 -0.0042955247 0 -0.0003710468 0 0)
(-1.5846852e-09 0.0042955256 0 -0.00037104692 0 0)
(-1.4432714e-09 0.0030671062 0 -0.00018915054 0 0)
(3.4636255e-10 0.0018385242 0 -6.8005709e-05 0 0)
(2.9037268e-09 0.00061240921 0 -7.551655e-06 0 0)
(2.8519909e-09 -0.00061240987 0 -7.5516305e-06 0 0)
(2.6182183e-10 -0.0018385244 0 -6.8005626e-05 0 0)
(-1.5330897e-09 -0.003067106 0 -0.00018915045 0 0)
(-1.6317539e-09 -0.004295525 0 -0.00037104686 0 0)
(-1.3611527e-09 0.0042955262 0 -0.000371047 0 0)
(-1.9190881e-09 0.003067106 0 -0.00018915061 0 0)
(6.7379601e-10 0.0018385234 0 -6.8005688e-05 0 0)
(2.6624217e-09 0.00061240894 0 -7.5515453e-06 0 0)
(2.6365218e-09 -0.00061240953 0 -7.5515056e-06 0 0)
(5.7102048e-10 -0.0018385236 0 -6.8005606e-05 0 0)
(-2.0159807e-09 -0.0030671058 0 -0.00018915052 0 0)
(-1.4066347e-09 -0.0042955256 0 -0.00037104694 0 0)
(-1.4754017e-09 0.0042955264 0 -0.00037104705 0 0)
(-1.31694e-09 0.0030671057 0 -0.00018915067 0 0)
(3.1331647e-10 0.0018385231 0 -6.8005677e-05 0 0)
(2.7003092e-09 0.00061240865 0 -7.551459e-06 0 0)
(2.6483564e-09 -0.00061240928 0 -7.5514335e-06 0 0)
(2.2942901e-10 -0.0018385233 0 -6.8005594e-05 0 0)
(-1.4066302e-09 -0.0030671055 0 -0.00018915058 0 0)
(-1.5226462e-09 -0.0042955258 0 -0.00037104699 0 0)
(-1.2550341e-09 0.0042955269 0 -0.00037104713 0 0)
(-1.795994e-09 0.0030671055 0 -0.00018915074 0 0)
(6.4082784e-10 0.0018385223 0 -6.8005658e-05 0 0)
(2.4656865e-09 0.00061240841 0 -7.5513555e-06 0 0)
(2.4408063e-09 -0.00061240898 0 -7.5513162e-06 0 0)
(5.3895007e-10 -0.0018385225 0 -6.8005575e-05 0 0)
(-1.8923328e-09 -0.0030671053 0 -0.00018915065 0 0)
(-1.3003946e-09 -0.0042955263 0 -0.00037104707 0 0)
(-1.3724496e-09 0.0042955271 0 -0.00037104718 0 0)
(-1.1983512e-09 0.0030671053 0 -0.0001891508 0 0)
(2.8165901e-10 0.001838522 0 -6.8005648e-05 0 0)
(2.5084386e-09 0.00061240814 0 -7.551274e-06 0 0)
(2.4565916e-09 -0.00061240873 0 -7.5512479e-06 0 0)
(1.9915871e-10 -0.0018385223 0 -6.8005565e-05 0 0)
(-1.287149e-09 -0.0030671051 0 -0.0001891507 0 0)
(-1.4194568e-09 -0.0042955266 0 -0.00037104712 0 0)
(-1.155223e-09 0.0042955276 0 -0.00037104725 0 0)
(-1.6805118e-09 0.0030671051 0 -0.00018915086 0 0)
(6.0926384e-10 0.0018385213 0 -6.8005629e-05 0 0)
(2.2803898e-09 0.00061240792 0 -7.5511766e-06 0 0)
(2.2568001e-09 -0.00061240846 0 -7.551138e-06 0 0)
(5.0898749e-10 -0.0018385215 0 -6.8005546e-05 0 0)
(-1.775579e-09 -0.0030671049 0 -0.00018915077 0 0)
(-1.2000767e-09 -0.0042955271 0 -0.00037104719 0 0)
(-1.2756966e-09 0.0042955278 0 -0.00037104729 0 0)
(-1.0872703e-09 0.0030671049 0 -0.00018915091 0 0)
(2.5142342e-10 0.0018385211 0 -6.800562e-05 0 0)
(2.3278641e-09 0.00061240766 0 -7.5510997e-06 0 0)
(2.2764041e-09 -0.00061240822 0 -7.5510733e-06 0 0)
(1.7093976e-10 -0.0018385213 0 -6.8005537e-05 0 0)
(-1.1745026e-09 -0.0030671047 0 -0.00018915082 0 0)
(-1.3220998e-09 -0.0042955273 0 -0.00037104724 0 0)
(-1.0615603e-09 0.0042955282 0 -0.00037104736 0 0)
(-1.5723968e-09 0.0030671047 0 -0.00018915097 0 0)
(5.7913599e-10 0.0018385204 0 -6.8005602e-05 0 0)
(2.1062392e-09 0.00061240746 0 -7.5510082e-06 0 0)
(2.0841575e-09 -0.00061240799 0 -7.5509705e-06 0 0)
(4.8106232e-10 -0.0018385206 0 -6.800552e-05 0 0)
(-1.6655632e-09 -0.0030671045 0 -0.00018915088 0 0)
(-1.1055688e-09 -0.0042955277 0 -0.00037104731 0 0)
(-1.1849733e-09 0.0042955284 0 -0.0003710474 0 0)
(-9.8342757e-10 0.0030671045 0 -0.00018915102 0 0)
(2.2262863e-10 0.0018385202 0 -6.8005593e-05 0 0)
(2.1582725e-09 0.00061240722 0 -7.5509357e-06 0 0)
(2.1074413e-09 -0.00061240775 0 -7.5509093e-06 0 0)
(1.446929e-10 -0.0018385204 0 -6.8005512e-05 0 0)
(-1.0685115e-09 -0.0030671043 0 -0.00018915093 0 0)
(-1.2304539e-09 -0.0042955279 0 -0.00037104735 0 0)
(-9.7385284e-10 0.0042955288 0 -0.00037104747 0 0)
(-1.4713719e-09 0.0030671044 0 -0.00018915108 0 0)
(5.5046093e-10 0.0018385196 0 -6.8005576e-05 0 0)
(1.9428847e-09 0.00061240705 0 -7.5508499e-06 0 0)
(1.9224821e-09 -0.00061240755 0 -7.5508135e-06 0 0)
(4.5509515e-10 -0.0018385198 0 -6.8005496e-05 0 0)
(-1.5620945e-09 -0.0030671042 0 -0.00018915099 0 0)
(-1.0167253e-09 -0.0042955283 0 -0.00037104741 0 0)
(-1.1000789e-09 0.0042955289 0 -0.0003710475 0 0)
(-8.8652367e-10 0.0030671041 0 -0.00018915112 0 0)
(1.9527949e-10 0.0018385194 0 -6.8005568e-05 0 0)
(1.9992971e-09 0.00061240681 0 -7.5507817e-06 0 0)
(1.9493008e-09 -0.00061240731 0 -7.5507556e-06 0 0)
(1.2033156e-10 -0.0018385196 0 -6.8005489e-05 0 0)
(-9.689649e-10 -0.003067104 0 -0.00018915104 0 0)
(-1.1443655e-09 -0.0042955285 0 -0.00037104745 0 0)
(-8.918809e-10 0.0042955293 0 -0.00037104756 0 0)
(-1.3771303e-09 0.003067104 0 -0.00018915118 0 0)
(5.2324131e-10 0.0018385188 0 -6.8005552e-05 0 0)
(1.7899283e-09 0.00061240666 0 -7.5507015e-06 0 0)
(1.7713338e-09 -0.00061240714 0 -7.5506664e-06 0 0)
(4.3099887e-10 -0.001838519 0 -6.8005474e-05 0 0)
(-1.4649526e-09 -0.0030671039 0 -0.00018915109 0 0)
(-9.3337084e-10 -0.0042955289 0 -0.00037104751 0 0)
(-1.0207862e-09 0.0042955294 0 -0.0003710476 0 0)
(-7.9623634e-10 0.0030671038 0 -0.00018915122 0 0)
(1.6936836e-10 0.0018385186 0 -6.8005544e-05 0 0)
(1.8505266e-09 0.00061240644 0 -7.5506374e-06 0 0)
(1.8015387e-09 -0.00061240691 0 -7.5506117e-06 0 0)
(9.776318e-11 -0.0018385188 0 -6.8005468e-05 0 0)
(-8.7562724e-10 -0.0030671037 0 -0.00018915114 0 0)
(-1.0636532e-09 -0.004295529 0 -0.00037104755 0 0)
(-8.1539986e-10 0.0042955298 0 -0.00037104766 0 0)
(-1.2893484e-09 0.0030671037 0 -0.00018915127 0 0)
(4.9746669e-10 0.0018385181 0 -6.8005529e-05 0 0)
(1.6469334e-09 0.00061240631 0 -7.5505624e-06 0 0)
(1.6302381e-09 -0.00061240677 0 -7.5505289e-06 0 0)
(4.0867911e-10 -0.0018385182 0 -6.8005454e-05 0 0)
(-1.3738909e-09 -0.0030671036 0 -0.00018915119 0 0)
(-8.5530607e-10 -0.0042955294 0 -0.00037104761 0 0)
(-9.4684725e-10 0.0042955299 0 -0.00037104769 0 0)
(-7.1222764e-10 0.0030671035 0 -0.00018915131 0 0)
(1.4487702e-10 0.0018385179 0 -6.8005522e-05 0 0)
(1.7115159e-09 0.0006124061 0 -7.5505023e-06 0 0)
(1.663678e-09 -0.00061240653 0 -7.5504772e-06 0 0)
(7.6889531e-11 -0.0018385181 0 -6.8005449e-05 0 0)
(-7.8824253e-10 -0.0030671034 0 -0.00018915123 0 0)
(-9.8811348e-10 -0.0042955295 0 -0.00037104764 0 0)
(-7.4414833e-10 0.0042955303 0 -0.00037104774 0 0)
(-1.2076839e-09 0.0030671034 0 -0.00018915135 0 0)
(4.7311879e-10 0.0018385174 0 -6.8005507e-05 0 0)
(1.5134347e-09 0.00061240598 0 -7.5504324e-06 0 0)
(1.4986965e-09 -0.00061240642 0 -7.5504005e-06 0 0)
(3.8803776e-10 -0.0018385176 0 -6.8005435e-05 0 0)
(-1.288645e-09 -0.0030671033 0 -0.00018915128 0 0)
(-7.8231004e-10 -0.0042955299 0 -0.00037104769 0 0)
(-8.7799778e-10 0.0042955303 0 -0.00037104777 0 0)
(-6.3414703e-10 0.0030671032 0 -0.00018915139 0 0)
(1.2178026e-10 0.0018385173 0 -6.8005501e-05 0 0)
(1.5817932e-09 0.00061240578 0 -7.5503759e-06 0 0)
(1.5352172e-09 -0.00061240619 0 -7.5503517e-06 0 0)
(5.7611604e-11 -0.0018385174 0 -6.8005431e-05 0 0)
(-7.0654407e-10 -0.0030671031 0 -0.00018915131 0 0)
(-9.1752468e-10 -0.00429553 0 -0.00037104772 0 0)
(-6.7785288e-10 0.0042955307 0 -0.00037104782 0 0)
(-1.1317864e-09 0.0030671031 0 -0.00018915143 0 0)
(4.5016642e-10 0.0018385168 0 -6.8005487e-05 0 0)
(1.3889468e-09 0.00061240568 0 -7.5503108e-06 0 0)
(1.376194e-09 -0.0006124061 0 -7.5502806e-06 0 0)
(3.6897434e-10 -0.0018385169 0 -6.8005418e-05 0 0)
(-1.2089324e-09 -0.003067103 0 -0.00018915136 0 0)
(-7.1414762e-10 -0.0042955303 0 -0.00037104778 0 0)
(-8.139636e-10 0.0042955307 0 -0.00037104784 0 0)
(-5.6163809e-10 0.003067103 0 -0.00018915147 0 0)
(1.0003573e-10 0.0018385167 0 -6.8005481e-05 0 0)
(1.4608705e-09 0.00061240549 0 -7.5502579e-06 0 0)
(1.4156401e-09 -0.00061240587 0 -7.5502346e-06 0 0)
(3.9824609e-11 -0.0018385168 0 -6.8005414e-05 0 0)
(-6.3025884e-10 -0.0030671029 0 -0.00018915139 0 0)
(-8.516527e-10 -0.0042955304 0 -0.0003710478 0 0)
(-6.1623214e-10 0.0042955311 0 -0.00037104789 0 0)
(-1.0613031e-09 0.0030671029 0 -0.00018915151 0 0)
(4.2856559e-10 0.0018385162 0 -6.8005468e-05 0 0)
(1.2729728e-09 0.0006124054 0 -7.5501973e-06 0 0)
(1.2622079e-09 -0.0006124058 0 -7.5501689e-06 0 0)
(3.5137862e-10 -0.0018385164 0 -6.8005403e-05 0 0)
(-1.1344562e-09 -0.0030671028 0 -0.00018915144 0 0)
(-6.5057229e-10 -0.0042955307 0 -0.00037104785 0 0)
(-7.5446436e-10 0.0042955311 0 -0.00037104791 0 0)
(-4.943449e-10 0.0030671027 0 -0.00018915154 0 0)
(7.9612352e-11 0.0018385161 0 -6.8005462e-05 0 0)
(1.3482503e-09 0.00061240522 0 -7.5501477e-06 0 0)
(1.3044229e-09 -0.00061240558 0 -7.5501254e-06 0 0)
(2.3421467e-11 -0.0018385163 0 -6.8005399e-05 0 0)
(-5.5911775e-10 -0.0030671026 0 -0.00018915147 0 0)
(-7.9025599e-10 -0.0042955308 0 -0.00037104788 0 0)
(-5.5900172e-10 0.0042955314 0 -0.00037104796 0 0)
(-9.9587979e-10 0.0030671027 0 -0.00018915158 0 0)
(4.0830813e-10 0.0018385157 0 -6.800545e-05 0 0)
(1.1650104e-09 0.00061240515 0 -7.5500914e-06 0 0)
(1.1562128e-09 -0.00061240553 0 -7.5500648e-06 0 0)
(3.3515468e-10 -0.0018385159 0 -6.8005388e-05 0 0)
(-1.0649039e-09 -0.0030671026 0 -0.00018915151 0 0)
(-5.9132973e-10 -0.0042955311 0 -0.00037104792 0 0)
(-6.9921816e-10 0.0042955314 0 -0.00037104798 0 0)
(-4.319132e-10 0.0030671025 0 -0.0001891516 0 0)
(6.0471796e-11 0.0018385156 0 -6.8005445e-05 0 0)
(1.2434326e-09 0.00061240498 0 -7.550045e-06 0 0)
(1.2010418e-09 -0.00061240531 0 -7.5500238e-06 0 0)
(8.3098781e-12 -0.0018385158 0 -6.8005386e-05 0 0)
(-4.9287016e-10 -0.0030671024 0 -0.00018915154 0 0)
(-7.330883e-10 -0.0042955311 0 -0.00037104794 0 0)
(-5.0587772e-10 0.0042955317 0 -0.00037104802 0 0)
(-9.3516786e-10 0.0030671024 0 -0.00018915164 0 0)
(3.8927714e-10 0.0018385152 0 -6.8005433e-05 0 0)
(1.0645602e-09 0.00061240492 0 -7.5499927e-06 0 0)
(1.0576898e-09 -0.00061240528 0 -7.5499678e-06 0 0)
(3.2019421e-10 -0.0018385154 0 -6.8005375e-05 0 0)
(-9.9994057e-10 -0.0030671023 0 -0.00018915158 0 0)
(-5.3615963e-10 -0.0042955314 0 -0.00037104799 0 0)
(-6.4794553e-10 0.0042955317 0 -0.00037104804 0 0)
(-3.7399886e-10 0.0030671023 0 -0.00018915166 0 0)
(4.2505197e-11 0.0018385152 0 -6.8005429e-05 0 0)
(1.1459222e-09 0.00061240475 0 -7.5499492e-06 0 0)
(1.1049785e-09 -0.00061240507 0 -7.5499291e-06 0 0)
(-5.6244348e-12 -0.0018385153 0 -6.8005373e-05 0 0)
(-4.3130369e-10 -0.0030671022 0 -0.0001891516 0 0)
(-6.7990304e-10 -0.0042955315 0 -0.00037104801 0 0)
(-4.5658065e-10 0.004295532 0 -0.00037104808 0 0)
(-8.7882926e-10 0.0030671023 0 -0.0001891517 0 0)
(3.7149978e-10 0.0018385148 0 -6.8005418e-05 0 0)
(9.7112962e-10 0.00061240471 0 -7.5499006e-06 0 0)
(9.6612967e-10 -0.00061240505 0 -7.5498774e-06 0 0)
(3.0639683e-10 -0.0018385149 0 -6.8005364e-05 0 0)
(-9.3921722e-10 -0.0030671022 0 -0.00018915164 0 0)
(-4.8479582e-10 -0.0042955318 0 -0.00037104805 0 0)
(-6.0037187e-10 0.004295532 0 -0.00037104809 0 0)
(-3.2026545e-10 0.0030671021 0 -0.00018915172 0 0)
(2.5771756e-11 0.0018385147 0 -6.8005414e-05 0 0)
(1.0552318e-09 0.00061240455 0 -7.5498599e-06 0 0)
(1.015727e-09 -0.00061240485 0 -7.549841e-06 0 0)
(-1.846802e-11 -0.0018385149 0 -6.8005362e-05 0 0)
(-3.7422169e-10 -0.003067102 0 -0.00018915166 0 0)
(-6.3045332e-10 -0.0042955318 0 -0.00037104806 0 0)
(-4.1083749e-10 0.0042955323 0 -0.00037104813 0 0)
(-8.2653484e-10 0.0030671021 0 -0.00018915175 0 0)
(3.5487226e-10 0.0018385144 0 -6.8005404e-05 0 0)
(8.8423781e-10 0.00061240451 0 -7.5498148e-06 0 0)
(8.8103888e-10 -0.00061240484 0 -7.5497933e-06 0 0)
(2.9367133e-10 -0.0018385146 0 -6.8005353e-05 0 0)
(-8.8247696e-10 -0.003067102 0 -0.0001891517 0 0)
(-4.369639e-10 -0.004295532 0 -0.0003710481 0 0)
(-5.562315e-10 0.0042955323 0 -0.00037104814 0 0)
(-2.7039293e-10 0.003067102 0 -0.00018915177 0 0)
(1.0085238e-11 0.0018385143 0 -6.80054e-05 0 0)
(9.7088795e-10 0.00061240436 0 -7.5497767e-06 0 0)
(9.3279661e-10 -0.00061240464 0 -7.549759e-06 0 0)
(-3.0316087e-11 -0.0018385145 0 -6.8005351e-05 0 0)
(-3.2116831e-10 -0.0030671019 0 -0.00018915172 0 0)
(-5.8449172e-10 -0.004295532 0 -0.00037104812 0 0)
(-3.6838572e-10 0.0042955326 0 -0.00037104818 0 0)
(-7.7797347e-10 0.0030671019 0 -0.0001891518 0 0)
(3.393352e-10 0.0018385141 0 -6.800539e-05 0 0)
(8.0342099e-10 0.00061240433 0 -7.5497349e-06 0 0)
(8.0194283e-10 -0.00061240465 0 -7.5497149e-06 0 0)
(2.8192187e-10 -0.0018385142 0 -6.8005343e-05 0 0)
(-8.2976843e-10 -0.0030671018 0 -0.00018915175 0 0)
(-3.9239157e-10 -0.0042955323 0 -0.00037104815 0 0)
(-5.1526859e-10 0.0042955325 0 -0.00037104819 0 0)
(-2.2407632e-10 0.0030671018 0 -0.00018915182 0 0)
(-4.5214641e-12 0.001838514 0 -6.8005387e-05 0 0)
(8.9243478e-10 0.00061240419 0 -7.5496991e-06 0 0)
(8.5571685e-10 -0.00061240446 0 -7.5496826e-06 0 0)
(-4.1258527e-11 -0.0018385141 0 -6.8005342e-05 0 0)
(-2.7118357e-10 -0.0030671017 0 -0.00018915177 0 0)
(-5.4177802e-10 -0.0042955323 0 -0.00037104817 0 0)
(-3.2897296e-10 0.0042955328 0 -0.00037104823 0 0)
(-7.3284797e-10 0.0030671018 0 -0.00018915185 0 0)
(3.2486229e-10 0.0018385137 0 -6.8005378e-05 0 0)
(7.2823308e-10 0.00061240417 0 -7.5496603e-06 0 0)
(7.2838812e-10 -0.00061240447 0 -7.5496419e-06 0 0)
(2.7106521e-10 -0.0018385139 0 -6.8005334e-05 0 0)
(-7.8104319e-10 -0.0030671017 0 -0.0001891518 0 0)
(-3.5088349e-10 -0.0042955326 0 -0.0003710482 0 0)
(-4.772391e-10 0.0042955327 0 -0.00037104824 0 0)
(-1.8102792e-10 0.0030671017 0 -0.00018915187 0 0)
(-1.8138101e-11 0.0018385137 0 -6.8005375e-05 0 0)
(8.1943468e-10 0.00061240404 0 -7.5496268e-06 0 0)
(7.84039e-10 -0.00061240429 0 -7.5496114e-06 0 0)
(-5.1372562e-11 -0.0018385138 0 -6.8005333e-05 0 0)
(-2.2404812e-10 -0.0030671016 0 -0.00018915182 0 0)
(-5.0206929e-10 -0.0042955325 0 -0.00037104821 0 0)
(-2.9236009e-10 0.004295533 0 -0.00037104827 0 0)
(-6.9087864e-10 0.0030671016 0 -0.0001891519 0 0)
(3.1136396e-10 0.0018385134 0 -6.8005367e-05 0 0)
(6.5824923e-10 0.00061240402 0 -7.5495907e-06 0 0)
(6.5994409e-10 -0.00061240431 0 -7.5495738e-06 0 0)
(2.610223e-10 -0.0018385136 0 -6.8005326e-05 0 0)
(-7.3588671e-10 -0.0030671015 0 -0.00018915185 0 0)
(-3.124224e-10 -0.0042955328 0 -0.00037104824 0 0)
(-4.4191247e-10 0.0042955329 0 -0.00037104828 0 0)
(-1.4097814e-10 0.0030671015 0 -0.00018915191 0 0)
(-3.0833602e-11 0.0018385134 0 -6.8005364e-05 0 0)
(7.5147255e-10 0.0006124039 0 -7.5495593e-06 0 0)
(7.1733908e-10 -0.00061240413 0 -7.549545e-06 0 0)
(-6.0735791e-11 -0.0018385135 0 -6.8005325e-05 0 0)
(-1.801198e-10 -0.0030671015 0 -0.00018915187 0 0)
(-4.6506059e-10 -0.0042955327 0 -0.00037104825 0 0)
(-2.5832114e-10 0.0042955332 0 -0.00037104831 0 0)
(-6.5180442e-10 0.0030671015 0 -0.00018915194 0 0)
(2.9879069e-10 0.0018385132 0 -6.8005356e-05 0 0)
(5.9306745e-10 0.00061240389 0 -7.5495258e-06 0 0)
(5.9620511e-10 -0.00061240416 0 -7.5495103e-06 0 0)
(2.5171855e-10 -0.0018385133 0 -6.8005319e-05 0 0)
(-6.9382115e-10 -0.0030671014 0 -0.0001891519 0 0)
(-2.7688213e-10 -0.004295533 0 -0.00037104828 0 0)
(-4.0907139e-10 0.0042955331 0 -0.00037104831 0 0)
(-1.036772e-10 0.0030671014 0 -0.00018915195 0 0)
(-4.2650928e-11 0.0018385131 0 -6.8005354e-05 0 0)
(6.8815555e-10 0.00061240377 0 -7.5494964e-06 0 0)
(6.5521798e-10 -0.000612404 0 -7.5494831e-06 0 0)
(-6.9417906e-11 -0.0018385133 0 -6.8005318e-05 0 0)
(-1.392833e-10 -0.0030671014 0 -0.00018915191 0 0)
(-4.3051113e-10 -0.0042955329 0 -0.00037104829 0 0)
(-2.2664415e-10 0.0042955333 0 -0.00037104834 0 0)
(-6.1538152e-10 0.0030671014 0 -0.00018915198 0 0)
(2.8708527e-10 0.0018385129 0 -6.8005347e-05 0 0)
(5.3230899e-10 0.00061240377 0 -7.5494652e-06 0 0)
(5.3679087e-10 -0.00061240403 0 -7.5494509e-06 0 0)
(2.4308666e-10 -0.001838513 0 -6.8005312e-05 0 0)
(-6.5452237e-10 -0.0030671013 0 -0.00018915194 0 0)
(-2.4386621e-10 -0.0042955332 0 -0.00037104832 0 0)
(-3.7851273e-10 0.0042955332 0 -0.00037104835 0 0)
(-6.8893729e-11 0.0030671013 0 -0.00018915199 0 0)
(-5.3655378e-11 0.0018385129 0 -6.8005344e-05 0 0)
(6.291156e-10 0.00061240365 0 -7.5494376e-06 0 0)
(5.9730381e-10 -0.00061240387 0 -7.5494253e-06 0 0)
(-7.7482408e-11 -0.001838513 0 -6.8005311e-05 0 0)
(-1.0126513e-10 -0.0030671013 0 -0.00018915195 0 0)
(-3.9829426e-10 -0.0042955331 0 -0.00037104833 0 0)
(-1.9713146e-10 0.0042955335 0 -0.00037104838 0 0)
(-5.8138417e-10 0.0030671013 0 -0.00018915201 0 0)
(2.7618728e-10 0.0018385127 0 -6.8005338e-05 0 0)
(4.7562026e-10 0.00061240366 0 -7.5494086e-06 0 0)
(4.8134794e-10 -0.00061240391 0 -7.5493955e-06 0 0)
(2.3506459e-10 -0.0018385128 0 -6.8005306e-05 0 0)
(-6.1777671e-10 -0.0030671012 0 -0.00018915198 0 0)
(-2.1306299e-10 -0.0042955333 0 -0.00037104836 0 0)
(-3.5004713e-10 0.0042955334 0 -0.00037104838 0 0)
(-3.6416725e-11 0.0030671012 0 -0.00018915202 0 0)
(-6.3901249e-11 0.0018385127 0 -6.8005336e-05 0 0)
(5.7400863e-10 0.00061240355 0 -7.5493826e-06 0 0)
(5.4325009e-10 -0.00061240376 0 -7.5493712e-06 0 0)
(-8.498824e-11 -0.0018385128 0 -6.8005306e-05 0 0)
(-6.5809366e-11 -0.0030671012 0 -0.00018915199 0 0)
(-3.6828098e-10 -0.0042955332 0 -0.00037104836 0 0)
(-1.6960084e-10 0.0042955336 0 -0.00037104841 0 0)
(-5.4960112e-10 0.0030671012 0 -0.00018915205 0 0)
(2.660423e-10 0.0018385125 0 -6.800533e-05 0 0)
(4.2267127e-10 0.00061240356 0 -7.5493556e-06 0 0)
(4.2954845e-10 -0.0006124038 0 -7.5493436e-06 0 0)
(2.275953e-10 -0.0018385126 0 -6.8005301e-05 0 0)
(-5.8340273e-10 -0.0030671011 0 -0.00018915201 0 0)
(-1.8428458e-10 -0.0042955335 0 -0.00037104839 0 0)
(-3.2350062e-10 0.0042955335 0 -0.00037104841 0 0)
(-6.0514925e-12 0.0030671011 0 -0.00018915206 0 0)
(-7.3442368e-11 0.0018385125 0 -6.8005328e-05 0 0)
(5.2251547e-10 0.00061240346 0 -7.5493312e-06 0 0)
(4.9273724e-10 -0.00061240366 0 -7.5493207e-06 0 0)
(-9.1988788e-11 -0.0018385126 0 -6.80053e-05 0 0)
(-3.2691497e-11 -0.0030671011 0 -0.00018915203 0 0)
(-3.403079e-10 -0.0042955334 0 -0.00037104839 0 0)
(-1.4388253e-10 0.0042955337 0 -0.00037104843 0 0)
(-5.1983893e-10 0.0030671011 0 -0.00018915208 0 0)
(2.5659734e-10 0.0018385123 0 -6.8005323e-05 0 0)
(3.731572e-10 0.00061240347 0 -7.549306e-06 0 0)
(3.8109068e-10 -0.0006124037 0 -7.549295e-06 0 0)
(2.2062744e-10 -0.0018385124 0 -6.8005296e-05 0 0)
(-5.5122861e-10 -0.003067101 0 -0.00018915205 0 0)
(-1.5738098e-10 -0.0042955336 0 -0.00037104842 0 0)
(-2.9871204e-10 0.0042955336 0 -0.00037104843 0 0)
(2.2373733e-11 0.003067101 0 -0.00018915209 0 0)
(-8.2330006e-11 0.0018385123 0 -6.8005321e-05 0 0)
(4.7434099e-10 0.00061240338 0 -7.5492831e-06 0 0)
(4.4547059e-10 -0.00061240357 0 -7.5492734e-06 0 0)
(-9.8532291e-11 -0.0018385124 0 -6.8005296e-05 0 0)
(-1.7138177e-12 -0.003067101 0 -0.00018915206 0 0)
(-3.1420596e-10 -0.0042955335 0 -0.00037104842 0 0)
(-1.1981968e-10 0.0042955339 0 -0.00037104846 0 0)
(-4.9191758e-10 0.003067101 0 -0.00018915211 0 0)
(2.4780151e-10 0.0018385122 0 -6.8005317e-05 0 0)
(3.2679678e-10 0.00061240339 0 -7.5492595e-06 0 0)
(3.3569707e-10 -0.00061240362 0 -7.5492495e-06 0 0)
(2.1411386e-10 -0.0018385123 0 -6.8005292e-05 0 0)
(-5.2109178e-10 -0.003067101 0 -0.00018915208 0 0)
(-1.3221054e-10 -0.0042955337 0 -0.00037104844 0 0)
(-2.7553267e-10 0.0042955337 0 -0.00037104846 0 0)
(4.9009063e-11 0.0030671009 0 -0.00018915212 0 0)
(-9.0613273e-11 0.0018385122 0 -6.8005315e-05 0 0)
(4.2921397e-10 0.0006124033 0 -7.5492379e-06 0 0)
(4.0117997e-10 -0.00061240349 0 -7.549229e-06 0 0)
(-1.0466279e-10 -0.0018385123 0 -6.8005292e-05 0 0)
(2.7298393e-11 -0.0030671009 0 -0.00018915209 0 0)
(-2.8981595e-10 -0.0042955336 0 -0.00037104845 0 0)
(-9.7269688e-11 0.004295534 0 -0.00037104848 0 0)
(-4.6566659e-10 0.003067101 0 -0.00018915214 0 0)
(2.3960701e-10 0.001838512 0 -6.8005311e-05 0 0)
(2.833323e-10 0.00061240332 0 -7.549216e-06 0 0)
(2.9311409e-10 -0.00061240354 0 -7.5492068e-06 0 0)
(2.0801246e-10 -0.0018385121 0 -6.8005288e-05 0 0)
(-4.9283556e-10 -0.0030671009 0 -0.00018915211 0 0)
(-1.0863929e-10 -0.0042955338 0 -0.00037104847 0 0)
(-2.5382761e-10 0.0042955338 0 -0.00037104848 0 0)
(7.3981529e-11 0.0030671009 0 -0.00018915214 0 0)
(-9.8338518e-11 0.001838512 0 -6.8005309e-05 0 0)
(3.8688614e-10 0.00061240324 0 -7.5491956e-06 0 0)
(3.5961922e-10 -0.00061240342 0 -7.5491873e-06 0 0)
(-1.1041959e-10 -0.0018385121 0 -6.8005288e-05 0 0)
(5.4506333e-11 -0.0030671009 0 -0.00018915212 0 0)
(-2.6699325e-10 -0.0042955337 0 -0.00037104847 0 0)
(-7.6101381e-11 0.004295534 0 -0.0003710485 0 0)
(-4.4092229e-10 0.0030671009 0 -0.00018915216 0 0)
(2.3196833e-10 0.0018385119 0 -6.8005306e-05 0 0)
(2.4252835e-10 0.00061240326 0 -7.549175e-06 0 0)
(2.5311076e-10 -0.00061240347 0 -7.5491666e-06 0 0)
(2.0228494e-10 -0.001838512 0 -6.8005285e-05 0 0)
(-4.6631576e-10 -0.0030671008 0 -0.00018915214 0 0)
(-8.6540785e-11 -0.0042955339 0 -0.00037104849 0 0)
(-2.3347338e-10 0.0042955339 0 -0.0003710485 0 0)
(9.7392022e-11 0.0030671008 0 -0.00018915217 0 0)
(-1.0554931e-10 0.0018385119 0 -6.8005304e-05 0 0)
(3.4713143e-10 0.00061240318 0 -7.5491558e-06 0 0)
(3.2056459e-10 -0.00061240336 0 -7.5491482e-06 0 0)
(-1.1583834e-10 -0.001838512 0 -6.8005285e-05 0 0)
(8.0055419e-11 -0.0030671008 0 -0.00018915215 0 0)
(-2.4560703e-10 -0.0042955338 0 -0.00037104849 0 0)
(-5.6196698e-11 0.0042955341 0 -0.00037104852 0 0)
(-4.1753158e-10 0.0030671008 0 -0.00018915219 0 0)
(2.2484306e-10 0.0018385118 0 -6.8005301e-05 0 0)
(2.0417133e-10 0.00061240321 0 -7.5491365e-06 0 0)
(2.154779e-10 -0.00061240341 0 -7.5491288e-06 0 0)
(1.9689684e-10 -0.0018385119 0 -6.8005282e-05 0 0)
(-4.414003e-10 -0.0030671008 0 -0.00018915217 0 0)
(-6.5796894e-11 -0.004295534 0 -0.00037104851 0 0)
(-2.1435755e-10 0.004295534 0 -0.00037104852 0 0)
(1.1932441e-10 0.0030671008 0 -0.0001891522 0 0)
(-1.1228598e-10 0.0018385118 0 -6.80053e-05 0 0)
(3.0974512e-10 0.00061240314 0 -7.5491184e-06 0 0)
(2.8381384e-10 -0.0006124033 0 -7.5491114e-06 0 0)
(-1.2095127e-10 -0.0018385119 0 -6.8005282e-05 0 0)
(1.0407572e-10 -0.0030671008 0 -0.00018915218 0 0)
(-2.2553857e-10 -0.0042955339 0 -0.00037104851 0 0)
(-3.7448757e-11 0.0042955342 0 -0.00037104854 0 0)
(-3.9537103e-10 0.0030671008 0 -0.00018915221 0 0)
(2.1819209e-10 0.0018385117 0 -6.8005298e-05 0 0)
(1.6806821e-10 0.00061240316 0 -7.5491004e-06 0 0)
(1.8002677e-10 -0.00061240335 0 -7.5490933e-06 0 0)
(1.9181692e-10 -0.0018385118 0 -6.800528e-05 0 0)
(-4.1796799e-10 -0.0030671007 0 -0.00018915219 0 0)
(-4.6299559e-11 -0.0042955341 0 -0.00037104853 0 0)
(-1.9637767e-10 0.004295534 0 -0.00037104854 0 0)
(1.3989764e-10 0.0030671007 0 -0.00018915222 0 0)
(-1.1858581e-10 0.0018385117 0 -6.8005296e-05 0 0)
(2.7454267e-10 0.0006124031 0 -7.5490832e-06 0 0)
(2.491852e-10 -0.00061240326 0 -7.5490767e-06 0 0)
(-1.2578755e-10 -0.0018385118 0 -6.800528e-05 0 0)
(1.2668488e-10 -0.0030671007 0 -0.0001891522 0 0)
(-2.0668142e-10 -0.004295534 0 -0.00037104853 0 0)
(-1.9766127e-11 0.0042955342 0 -0.00037104856 0 0)
(-3.7441149e-10 0.0030671007 0 -0.00018915223 0 0)
(2.119791e-10 0.0018385117 0 -6.8005294e-05 0 0)
(1.3404531e-10 0.00061240312 0 -7.5490663e-06 0 0)
(1.4658783e-10 -0.00061240331 0 -7.5490598e-06 0 0)
(1.8701691e-10 -0.0018385117 0 -6.8005278e-05 0 0)
(-3.9590969e-10 -0.0030671007 0 -0.00018915222 0 0)
(-2.7950185e-11 -0.0042955341 0 -0.00037104855 0 0)
(-1.7943886e-10 0.0042955341 0 -0.00037104855 0 0)
(1.5937142e-10 0.0030671007 0 -0.00018915224 0 0)
(-1.2448283e-10 0.0018385117 0 -6.8005293e-05 0 0)
(2.4135806e-10 0.00061240306 0 -7.5490501e-06 0 0)
(2.1651529e-10 -0.00061240322 0 -7.5490441e-06 0 0)
(-1.3037306e-10 -0.0018385117 0 -6.8005278e-05 0 0)
(1.4798809e-10 -0.0030671007 0 -0.00018915223 0 0)
(-1.8893983e-10 -0.004295534 0 -0.00037104854 0 0)
(-3.0715804e-12 0.0042955343 0 -0.00037104857 0 0)
(-3.5473494e-10 0.0030671007 0 -0.00018915226 0 0)
(2.0617155e-10 0.0018385116 0 -6.8005292e-05 0 0)
(1.0194699e-10 0.00061240309 0 -7.5490342e-06 0 0)
(1.1500911e-10 -0.00061240327 0 -7.5490282e-06 0 0)
(1.8247173e-10 -0.0018385117 0 -6.8005277e-05 0 0)
(-3.7512673e-10 -0.0030671007 0 -0.00018915224 0 0)
(-1.0659683e-11 -0.0042955342 0 -0.00037104856 0 0)
(-1.6345411e-10 0.0042955341 0 -0.00037104856 0 0)
(1.7809714e-10 0.0030671006 0 -0.00018915226 0 0)
(-1.3000651e-10 0.0018385116 0 -6.8005291e-05 0 0)
(2.1004316e-10 0.00061240304 0 -7.5490189e-06 0 0)
(1.8565808e-10 -0.00061240319 0 -7.5490133e-06 0 0)
(-1.3473052e-10 -0.0018385117 0 -6.8005277e-05 0 0)
(1.6807874e-10 -0.0030671006 0 -0.00018915225 0 0)
(-1.7222818e-10 -0.0042955341 0 -0.00037104856 0 0)
(1.2695871e-11 0.0042955343 0 -0.00037104858 0 0)
(-3.3635648e-10 0.0030671007 0 -0.00018915228 0 0)
(2.0074056e-10 0.0018385115 0 -6.8005289e-05 0 0)
(7.1634875e-11 0.00061240307 0 -7.5490039e-06 0 0)
(8.5154632e-11 -0.00061240323 0 -7.5489984e-06 0 0)
(1.7815922e-10 -0.0018385116 0 -6.8005276e-05 0 0)
(-3.5553185e-10 -0.0030671006 0 -0.00018915226 0 0)
(5.6517507e-12 -0.0042955342 0 -0.00037104857 0 0)
(-1.483416e-10 0.0042955342 0 -0.00037104858 0 0)
(1.9616541e-10 0.0030671006 0 -0.00018915228 0 0)
(-1.3518548e-10 0.0018385115 0 -6.8005289e-05 0 0)
(1.8046649e-10 0.00061240302 0 -7.5489895e-06 0 0)
(1.5648343e-10 -0.00061240316 0 -7.5489843e-06 0 0)
(-1.3888178e-10 -0.0018385116 0 -6.8005276e-05 0 0)
(1.8704023e-10 -0.0030671006 0 -0.00018915227 0 0)
(-1.564704e-10 -0.0042955341 0 -0.00037104857 0 0)
(2.7587461e-11 0.0042955344 0 -0.0003710486 0 0)
(-3.1911559e-10 0.0030671006 0 -0.0001891523 0 0)
(1.9565899e-10 0.0018385115 0 -6.8005288e-05 0 0)
(4.2985475e-11 0.00061240305 0 -7.5489754e-06 0 0)
(5.6904501e-11 -0.00061240321 0 -7.5489703e-06 0 0)
(1.7405785e-10 -0.0018385116 0 -6.8005275e-05 0 0)
(-3.3704607e-10 -0.0030671006 0 -0.00018915228 0 0)
(2.1055405e-11 -0.0042955343 0 -0.00037104859 0 0)
(-1.3402865e-10 0.0042955342 0 -0.00037104859 0 0)
(2.1341911e-10 0.0030671006 0 -0.0001891523 0 0)
(-1.400437e-10 0.0018385115 0 -6.8005287e-05 0 0)
(1.5251039e-10 0.00061240301 0 -7.5489618e-06 0 0)
(1.2887586e-10 -0.00061240314 0 -7.5489569e-06 0 0)
(-1.4284646e-10 -0.0018385116 0 -6.8005275e-05 0 0)
(2.0494664e-10 -0.0030671006 0 -0.00018915229 0 0)
(-1.4159845e-10 -0.0042955341 0 -0.00037104858 0 0)
(4.1652858e-11 0.0042955344 0 -0.00037104861 0 0)
(-3.0282269e-10 0.0030671006 0 -0.00018915232 0 0)
(1.9090452e-10 0.0018385115 0 -6.8005287e-05 0 0)
(1.5887566e-11 0.00061240304 0 -7.5489485e-06 0 0)
(3.0149523e-11 -0.00061240319 0 -7.5489437e-06 0 0)
(1.7014914e-10 -0.0018385115 0 -6.8005275e-05 0 0)
(-3.1959934e-10 -0.0030671006 0 -0.0001891523 0 0)
(3.5614911e-11 -0.0042955343 0 -0.0003710486 0 0)
(-1.2045189e-10 0.0042955342 0 -0.0003710486 0 0)
(2.2977259e-10 0.0030671006 0 -0.00018915232 0 0)
(-1.4460222e-10 0.0018385115 0 -6.8005286e-05 0 0)
(1.2606886e-10 0.000612403 0 -7.5489356e-06 0 0)
(1.0273083e-10 -0.00061240313 0 -7.548931e-06 0 0)
(-1.466418e-10 -0.0018385115 0 -6.8005275e-05 0 0)
(2.2186389e-10 -0.0030671006 0 -0.00018915231 0 0)
(-1.2755271e-10 -0.0042955342 0 -0.00037104859 0 0)
(5.4949563e-11 0.0042955344 0 -0.00037104861 0 0)
(-2.8735371e-10 0.0030671006 0 -0.00018915233 0 0)
(1.8645608e-10 0.0018385115 0 -6.8005286e-05 0 0)
(-9.7574191e-12 0.00061240303 0 -7.5489232e-06 0 0)
(4.7931537e-12 -0.00061240317 0 -7.5489187e-06 0 0)
(1.6641683e-10 -0.0018385115 0 -6.8005275e-05 0 0)
(-3.0312822e-10 -0.0030671006 0 -0.00018915232 0 0)
(4.9387249e-11 -0.0042955343 0 -0.00037104861 0 0)
(-1.0756187e-10 0.0042955342 0 -0.00037104861 0 0)
(2.4525461e-10 0.0030671006 0 -0.00018915234 0 0)
(-1.4888026e-10 0.0018385115 0 -6.8005286e-05 0 0)
(1.010483e-10 0.000612403 0 -7.548911e-06 0 0)
(7.7954941e-11 -0.00061240312 0 -7.5489066e-06 0 0)
(-1.5028253e-10 -0.0018385115 0 -6.8005275e-05 0 0)
(2.3785112e-10 -0.0030671006 0 -0.00018915233 0 0)
(-1.1427883e-10 -0.0042955342 0 -0.0003710486 0 0)
(6.7540595e-11 0.0042955344 0 -0.00037104862 0 0)
(-2.7263799e-10 0.0030671006 0 -0.00018915235 0 0)
(1.8229572e-10 0.0018385114 0 -6.8005286e-05 0 0)
(-3.4038482e-11 0.00061240303 0 -7.5488993e-06 0 0)
(-1.9252341e-11 -0.00061240316 0 -7.548895e-06 0 0)
(1.628451e-10 -0.0018385115 0 -6.8005276e-05 0 0)
(-2.8757532e-10 -0.0030671006 0 -0.00018915234 0 0)
(6.2423492e-11 -0.0042955343 0 -0.00037104861 0 0)
(-9.5318512e-11 0.0042955342 0 -0.00037104861 0 0)
(2.5992929e-10 0.0030671006 0 -0.00018915236 0 0)
(-1.5289385e-10 0.0018385114 0 -6.8005286e-05 0 0)
(7.7359773e-11 0.000612403 0 -7.5488878e-06 0 0)
(5.446074e-11 -0.00061240312 0 -7.5488836e-06 0 0)
(-1.537825e-10 -0.0018385115 0 -6.8005276e-05 0 0)
(2.5296151e-10 -0.0030671005 0 -0.00018915235 0 0)
(-1.0172853e-10 -0.0042955342 0 -0.00037104861 0 0)
(7.9486789e-11 0.0042955344 0 -0.00037104863 0 0)
(-2.5862833e-10 0.0030671006 0 -0.00018915237 0 0)
(1.7840721e-10 0.0018385114 0 -6.8005287e-05 0 0)
(-5.7041262e-11 0.00061240303 0 -7.5488767e-06 0 0)
(-4.2070172e-11 -0.00061240316 0 -7.5488726e-06 0 0)
(1.5942291e-10 -0.0018385115 0 -6.8005277e-05 0 0)
(-2.7288597e-10 -0.0030671006 0 -0.00018915236 0 0)
(7.4770751e-11 -0.0042955343 0 -0.00037104862 0 0)
(-8.3687243e-11 0.0042955342 0 -0.00037104862 0 0)
(2.7386199e-10 0.0030671006 0 -0.00018915238 0 0)
(-1.5665853e-10 0.0018385114 0 -6.8005287e-05 0 0)
(5.49209e-11 0.00061240301 0 -7.5488659e-06 0 0)
(3.2167464e-11 -0.00061240312 0 -7.5488618e-06 0 0)
(-1.571515e-10 -0.0018385115 0 -6.8005277e-05 0 0)
(2.6724704e-10 -0.0030671005 0 -0.00018915237 0 0)
(-8.9856544e-11 -0.0042955342 0 -0.00037104861 0 0)
(9.084311e-11 0.0042955344 0 -0.00037104863 0 0)
(-2.4528414e-10 0.0030671006 0 -0.00018915239 0 0)
(1.7477434e-10 0.0018385115 0 -6.8005288e-05 0 0)
(-7.884667e-11 0.00061240304 0 -7.5488555e-06 0 0)
(-6.3739334e-11 -0.00061240316 0 -7.5488515e-06 0 0)
(1.5613686e-10 -0.0018385115 0 -6.8005278e-05 0 0)
(-2.5900629e-10 -0.0030671005 0 -0.00018915238 0 0)
(8.647288e-11 -0.0042955343 0 -0.00037104863 0 0)
(-7.2634519e-11 0.0042955342 0 -0.00037104862 0 0)
(2.8711206e-10 0.0030671006 0 -0.00018915239 0 0)
(-1.6019022e-10 0.0018385115 0 -6.8005288e-05 0 0)
(3.3650111e-11 0.00061240302 0 -7.5488453e-06 0 0)
(1.099534e-11 -0.00061240313 0 -7.5488413e-06 0 0)
(-1.6040145e-10 -0.0018385115 0 -6.8005279e-05 0 0)
(2.8075912e-10 -0.0030671005 0 -0.00018915238 0 0)
(-7.8619839e-11 -0.0042955342 0 -0.00037104862 0 0)
(1.0165674e-10 0.0042955344 0 -0.00037104864 0 0)
(-2.3256383e-10 0.0030671006 0 -0.0001891524 0 0)
(1.7138122e-10 0.0018385115 0 -6.8005289e-05 0 0)
(-9.9536625e-11 0.00061240305 0 -7.5488354e-06 0 0)
(-8.4338978e-11 -0.00061240316 0 -7.5488315e-06 0 0)
(1.52981e-10 -0.0018385115 0 -6.800528e-05 0 0)
(-2.4587922e-10 -0.0030671005 0 -0.00018915239 0 0)
(9.7572688e-11 -0.0042955343 0 -0.00037104863 0 0)
(-6.2124803e-11 0.0042955342 0 -0.00037104863 0 0)
(2.9973572e-10 0.0030671006 0 -0.00018915241 0 0)
(-1.6350347e-10 0.0018385115 0 -6.800529e-05 0 0)
(1.3462508e-11 0.00061240304 0 -7.5488258e-06 0 0)
(-9.1366174e-12 -0.00061240314 0 -7.5488218e-06 0 0)
(-1.6353739e-10 -0.0018385115 0 -6.800528e-05 0 0)
(2.935522e-10 -0.0030671005 0 -0.0001891524 0 0)
(-6.7974924e-11 -0.0042955342 0 -0.00037104862 0 0)
(1.1197121e-10 0.0042955344 0 -0.00037104864 0 0)
(-2.2042215e-10 0.0030671006 0 -0.00018915242 0 0)
(1.6821216e-10 0.0018385115 0 -6.8005291e-05 0 0)
(-1.1919883e-10 0.00061240307 0 -7.5488165e-06 0 0)
(-1.0395201e-10 -0.00061240317 0 -7.5488127e-06 0 0)
(1.4994275e-10 -0.0018385115 0 -6.8005282e-05 0 0)
(-2.3344246e-10 -0.0030671006 0 -0.00018915241 0 0)
(1.0811434e-10 -0.0042955343 0 -0.00037104864 0 0)
(-5.2118374e-11 0.0042955342 0 -0.00037104863 0 0)
(3.1178927e-10 0.0030671006 0 -0.00018915242 0 0)
(-1.6661499e-10 0.0018385115 0 -6.8005292e-05 0 0)
(-5.7344434e-12 0.00061240306 0 -7.5488074e-06 0 0)
(-2.8317038e-11 -0.00061240315 0 -7.5488034e-06 0 0)
(-1.6656855e-10 -0.0018385115 0 -6.8005283e-05 0 0)
(3.0568651e-10 -0.0030671006 0 -0.00018915241 0 0)
(-5.7875876e-11 -0.0042955342 0 -0.00037104863 0 0)
(1.218292e-10 0.0042955344 0 -0.00037104865 0 0)
(-2.0880712e-10 0.0030671006 0 -0.00018915244 0 0)
(1.6524842e-10 0.0018385115 0 -6.8005294e-05 0 0)
(-1.3793099e-10 0.0006124031 0 -7.5487986e-06 0 0)
(-1.2267032e-10 -0.00061240318 0 -7.5487947e-06 0 0)
(1.4702457e-10 -0.0018385115 0 -6.8005284e-05 0 0)
(-2.216262e-10 -0.0030671006 0 -0.00018915243 0 0)
(1.1814564e-10 -0.0042955343 0 -0.00037104864 0 0)
(-4.2571854e-11 0.0042955342 0 -0.00037104863 0 0)
(3.2333277e-10 0.0030671006 0 -0.00018915244 0 0)
(-1.6954316e-10 0.0018385115 0 -6.8005295e-05 0 0)
(-2.4045365e-11 0.00061240309 0 -7.54879e-06 0 0)
(-4.6644735e-11 -0.00061240317 0 -7.548786e-06 0 0)
(-1.6949232e-10 -0.0018385116 0 -6.8005285e-05 0 0)
(3.1723231e-10 -0.0030671006 0 -0.00018915243 0 0)
(-4.8272004e-11 -0.0042955341 0 -0.00037104863 0 0)
(1.3127629e-10 0.0042955343 0 -0.00037104865 0 0)
(-1.9765743e-10 0.0030671006 0 -0.00018915245 0 0)
(1.6247019e-10 0.0018385116 0 -6.8005297e-05 0 0)
(-1.5584568e-10 0.00061240312 0 -7.5487816e-06 0 0)
(-1.4060003e-10 -0.0006124032 0 -7.5487777e-06 0 0)
(1.4421213e-10 -0.0018385116 0 -6.8005287e-05 0 0)
(-2.1035066e-10 -0.0030671006 0 -0.00018915244 0 0)
(1.277201e-10 -0.0042955343 0 -0.00037104864 0 0)
(-3.3434114e-11 0.0042955341 0 -0.00037104863 0 0)
(3.3443443e-10 0.0030671006 0 -0.00018915246 0 0)
(-1.7230834e-10 0.0018385116 0 -6.8005298e-05 0 0)
(-4.1593195e-11 0.00061240312 0 -7.5487733e-06 0 0)
(-6.423575e-11 -0.00061240319 0 -7.5487693e-06 0 0)
(-1.7232124e-10 -0.0018385116 0 -6.8005289e-05 0 0)
(3.2827367e-10 -0.0030671006 0 -0.00018915245 0 0)
(-3.9104629e-11 -0.0042955341 0 -0.00037104863 0 0)
(1.4036483e-10 0.0042955343 0 -0.00037104865 0 0)
(-1.8689849e-10 0.0030671006 0 -0.00018915247 0 0)
(1.5985375e-10 0.0018385116 0 -6.8005301e-05 0 0)
(-1.7307698e-10 0.00061240315 0 -7.5487653e-06 0 0)
(-1.5786665e-10 -0.00061240322 0 -7.5487614e-06 0 0)
(1.4151244e-10 -0.0018385116 0 -6.8005291e-05 0 0)
(-1.9953009e-10 -0.0030671006 0 -0.00018915246 0 0)
(1.3690021e-10 -0.0042955343 0 -0.00037104864 0 0)
(-2.4645762e-11 0.0042955341 0 -0.00037104863 0 0)
(3.4517465e-10 0.0030671006 0 -0.00018915247 0 0)
(-1.7493434e-10 0.0018385116 0 -6.8005302e-05 0 0)
(-5.8525658e-11 0.00061240315 0 -7.5487574e-06 0 0)
(-8.1229051e-11 -0.00061240322 0 -7.5487533e-06 0 0)
(-1.7504442e-10 -0.0018385116 0 -6.8005292e-05 0 0)
(3.3891748e-10 -0.0030671006 0 -0.00018915246 0 0)
(-3.0304956e-11 -0.0042955341 0 -0.00037104863 0 0)
(1.491568e-10 0.0042955343 0 -0.00037104865 0 0)
(-1.7643828e-10 0.0030671006 0 -0.00018915248 0 0)
(1.5737311e-10 0.0018385117 0 -6.8005304e-05 0 0)
(-1.8978675e-10 0.00061240319 0 -7.5487496e-06 0 0)
(-1.7462214e-10 -0.00061240324 0 -7.5487457e-06 0 0)
(1.389133e-10 -0.0018385117 0 -6.8005295e-05 0 0)
(-1.8907227e-10 -0.0030671006 0 -0.00018915247 0 0)
(1.4576014e-10 -0.0042955342 0 -0.00037104864 0 0)
(-1.6134987e-11 0.0042955341 0 -0.00037104863 0 0)
(3.5565142e-10 0.0030671006 0 -0.00018915249 0 0)
(-1.7744789e-10 0.0018385117 0 -6.8005306e-05 0 0)
(-7.5021472e-11 0.00061240319 0 -7.548742e-06 0 0)
(-9.7793325e-11 -0.00061240324 0 -7.5487378e-06 0 0)
(-1.7767801e-10 -0.0018385117 0 -6.8005296e-05 0 0)
(3.4929875e-10 -0.0030671006 0 -0.00018915248 0 0)
(-2.1790372e-11 -0.004295534 0 -0.00037104863 0 0)
(1.5772773e-10 0.0042955342 0 -0.00037104865 0 0)
(-1.6616303e-10 0.0030671006 0 -0.0001891525 0 0)
(1.549974e-10 0.0018385117 0 -6.8005309e-05 0 0)
(-2.0617141e-10 0.00061240322 0 -7.5487343e-06 0 0)
(-1.9105267e-10 -0.00061240327 0 -7.5487304e-06 0 0)
(1.3641421e-10 -0.0018385117 0 -6.8005299e-05 0 0)
(-1.7886493e-10 -0.0030671006 0 -0.00018915249 0 0)
(1.543888e-10 -0.0042955342 0 -0.00037104864 0 0)
(-7.8140897e-12 0.004295534 0 -0.00037104863 0 0)
(3.6598625e-10 0.0030671006 0 -0.0001891525 0 0)
(-1.7987917e-10 0.0018385117 0 -6.800531e-05 0 0)
(-9.1297878e-11 0.00061240323 0 -7.5487268e-06 0 0)
(-1.141357e-10 -0.00061240328 0 -7.5487225e-06 0 0)
(-1.8021545e-10 -0.0018385118 0 -6.8005301e-05 0 0)
(3.5958069e-10 -0.0030671006 0 -0.00018915249 0 0)
(-1.3461387e-11 -0.004295534 0 -0.00037104863 0 0)
(1.6617115e-10 0.0042955342 0 -0.00037104864 0 0)
(-1.5593244e-10 0.0030671006 0 -0.00018915251 0 0)
(1.5269375e-10 0.0018385118 0 -6.8005314e-05 0 0)
(-2.2246953e-10 0.00061240326 0 -7.5487192e-06 0 0)
(-2.0738619e-10 -0.0006124033 0 -7.5487152e-06 0 0)
(1.3400588e-10 -0.0018385118 0 -6.8005304e-05 0 0)
(-1.6874776e-10 -0.0030671006 0 -0.0001891525 0 0)
(1.6289333e-10 -0.0042955341 0 -0.00037104864 0 0)
(4.2448183e-13 0.004295534 0 -0.00037104863 0 0)
(3.7633093e-10 0.0030671007 0 -0.00018915252 0 0)
(-1.8226091e-10 0.0018385118 0 -6.8005315e-05 0 0)
(-1.0761774e-10 0.00061240327 0 -7.5487117e-06 0 0)
(-1.3050956e-10 -0.00061240331 0 -7.5487073e-06 0 0)
(-1.8267245e-10 -0.0018385118 0 -6.8005305e-05 0 0)
(3.699429e-10 -0.0030671007 0 -0.00018915251 0 0)
(-5.1989157e-12 -0.004295534 0 -0.00037104863 0 0)
(1.74602e-10 0.0042955341 0 -0.00037104864 0 0)
(-1.4557561e-10 0.0030671007 0 -0.00018915253 0 0)
(1.5042402e-10 0.0018385119 0 -6.8005319e-05 0 0)
(-2.3896951e-10 0.00061240331 0 -7.5487039e-06 0 0)
(-2.2390153e-10 -0.00061240334 0 -7.5486999e-06 0 0)
(1.3167165e-10 -0.0018385119 0 -6.8005309e-05 0 0)
(-1.5850352e-10 -0.0030671007 0 -0.00018915252 0 0)
(1.7140118e-10 -0.0042955341 0 -0.00037104864 0 0)
(8.7135023e-12 0.0042955339 0 -0.00037104863 0 0)
(3.8687566e-10 0.0030671007 0 -0.00018915253 0 0)
(-1.8463035e-10 0.0018385119 0 -6.800532e-05 0 0)
(-1.2429832e-10 0.00061240332 0 -7.5486962e-06 0 0)
(-1.4722329e-10 -0.00061240335 0 -7.5486918e-06 0 0)
(-1.8506107e-10 -0.0018385119 0 -6.8005311e-05 0 0)
(3.8058547e-10 -0.0030671007 0 -0.00018915252 0 0)
(3.138838e-12 -0.0042955339 0 -0.00037104862 0 0)
(1.8316314e-10 0.0042955341 0 -0.00037104864 0 0)
(-1.3489148e-10 0.0030671007 0 -0.00018915254 0 0)
(1.481487e-10 0.0018385119 0 -6.8005324e-05 0 0)
(-2.5601844e-10 0.00061240335 0 -7.548688e-06 0 0)
(-2.4093736e-10 -0.00061240338 0 -7.5486841e-06 0 0)
(1.2939574e-10 -0.001838512 0 -6.8005314e-05 0 0)
(-1.478753e-10 -0.0030671007 0 -0.00018915253 0 0)
(1.8006413e-10 -0.004295534 0 -0.00037104863 0 0)
(1.7215428e-11 0.0042955339 0 -0.00037104862 0 0)
(3.9785913e-10 0.0030671007 0 -0.00018915255 0 0)
(-1.8702573e-10 0.001838512 0 -6.8005326e-05 0 0)
(-1.4172126e-10 0.00061240337 0 -7.54868e-06 0 0)
(-1.6465051e-10 -0.00061240339 0 -7.5486755e-06 0 0)
(-1.8740021e-10 -0.001838512 0 -6.8005317e-05 0 0)
(3.9174295e-10 -0.0030671007 0 -0.00018915254 0 0)
(1.1720668e-11 -0.0042955339 0 -0.00037104862 0 0)
(1.9202995e-10 0.004295534 0 -0.00037104864 0 0)
(-1.2363553e-10 0.0030671007 0 -0.00018915256 0 0)
(1.4582206e-10 0.001838512 0 -6.800533e-05 0 0)
(-2.740336e-10 0.0006124034 0 -7.5486713e-06 0 0)
(-2.5890227e-10 -0.00061240342 0 -7.5486673e-06 0 0)
(1.2714514e-10 -0.001838512 0 -6.800532e-05 0 0)
(-1.3657435e-10 -0.0030671007 0 -0.00018915255 0 0)
(1.8906265e-10 -0.004295534 0 -0.00037104863 0 0)
(2.6128555e-11 0.0042955338 0 -0.00037104862 0 0)
(4.0957476e-10 0.0030671007 0 -0.00018915257 0 0)
(-1.8949296e-10 0.0018385121 0 -6.8005332e-05 0 0)
(-1.6034303e-10 0.00061240342 0 -7.5486626e-06 0 0)
(-1.8324007e-10 -0.00061240344 0 -7.5486581e-06 0 0)
(-1.8972226e-10 -0.0018385121 0 -6.8005323e-05 0 0)
(4.0370064e-10 -0.0030671007 0 -0.00018915256 0 0)
(2.0746917e-11 -0.0042955338 0 -0.00037104862 0 0)
(2.014143e-10 0.004295534 0 -0.00037104863 0 0)
(-1.1149916e-10 0.0030671008 0 -0.00018915258 0 0)
(1.4339169e-10 0.0018385121 0 -6.8005337e-05 0 0)
(-2.9351177e-10 0.00061240346 0 -7.5486531e-06 0 0)
(-2.7828534e-10 -0.00061240347 0 -7.5486492e-06 0 0)
(1.2488901e-10 -0.0018385121 0 -6.8005327e-05 0 0)
(-1.2426991e-10 -0.0030671007 0 -0.00018915257 0 0)
(1.9861015e-10 -0.0042955339 0 -0.00037104863 0 0)
(3.5691011e-11 0.0042955337 0 -0.00037104862 0 0)
(4.2236689e-10 0.0030671008 0 -0.00018915258 0 0)
(-1.9208505e-10 0.0018385122 0 -6.8005339e-05 0 0)
(-1.8070618e-10 0.00061240347 0 -7.5486435e-06 0 0)
(-2.0352563e-10 -0.00061240349 0 -7.5486391e-06 0 0)
(-1.9205512e-10 -0.0018385122 0 -6.800533e-05 0 0)
(4.1680432e-10 -0.0030671008 0 -0.00018915258 0 0)
(3.0453517e-11 -0.0042955337 0 -0.00037104861 0 0)
(2.1157065e-10 0.0042955339 0 -0.00037104863 0 0)
(-9.8101658e-11 0.0030671008 0 -0.0001891526 0 0)
(1.4079312e-10 0.0018385122 0 -6.8005343e-05 0 0)
(-3.1504449e-10 0.00061240351 0 -7.5486328e-06 0 0)
(-2.9966524e-10 -0.00061240352 0 -7.5486291e-06 0 0)
(1.2258513e-10 -0.0018385122 0 -6.8005334e-05 0 0)
(-1.1057325e-10 -0.0030671008 0 -0.00018915259 0 0)
(2.0895852e-10 -0.0042955339 0 -0.00037104862 0 0)
(4.6184915e-11 0.0042955337 0 -0.00037104861 0 0)
(4.3662921e-10 0.0030671008 0 -0.00018915261 0 0)
(-1.948716e-10 0.0018385123 0 -6.8005346e-05 0 0)
(-2.0345699e-10 0.00061240353 0 -7.548622e-06 0 0)
(-2.2613565e-10 -0.00061240354 0 -7.5486177e-06 0 0)
(-1.9443839e-10 -0.0018385123 0 -6.8005337e-05 0 0)
(4.3146945e-10 -0.0030671008 0 -0.0001891526 0 0)
(4.1120079e-11 -0.0042955337 0 -0.00037104861 0 0)
(2.2279819e-10 0.0042955338 0 -0.00037104862 0 0)
(-8.2993901e-11 0.0030671008 0 -0.00018915262 0 0)
(1.379409e-10 0.0018385123 0 -6.8005351e-05 0 0)
(-3.3933391e-10 0.00061240358 0 -7.5486098e-06 0 0)
(-3.2372137e-10 -0.00061240358 0 -7.5486064e-06 0 0)
(1.2019695e-10 -0.0018385123 0 -6.8005341e-05 0 0)
(-9.5020027e-11 -0.0030671008 0 -0.00018915261 0 0)
(2.2040755e-10 -0.0042955338 0 -0.00037104862 0 0)
(5.7939942e-11 0.0042955336 0 -0.00037104861 0 0)
(4.5280876e-10 0.0030671008 0 -0.00018915263 0 0)
(-1.9794698e-10 0.0018385124 0 -6.8005353e-05 0 0)
(-2.2935872e-10 0.00061240359 0 -7.5485974e-06 0 0)
(-2.5180465e-10 -0.0006124036 0 -7.5485933e-06 0 0)
(-1.9689765e-10 -0.0018385124 0 -6.8005345e-05 0 0)
(4.4819547e-10 -0.0030671008 0 -0.00018915262 0 0)
(5.3079258e-11 -0.0042955336 0 -0.00037104861 0 0)
(2.3544459e-10 0.0042955337 0 -0.00037104862 0 0)
(-6.5669554e-11 0.0030671009 0 -0.00018915264 0 0)
(1.3472022e-10 0.0018385125 0 -6.8005358e-05 0 0)
(-3.67209e-10 0.00061240364 0 -7.5485833e-06 0 0)
(-3.5124402e-10 -0.00061240365 0 -7.5485802e-06 0 0)
(1.1769434e-10 -0.0018385125 0 -6.8005349e-05 0 0)
(-7.7050269e-11 -0.0030671009 0 -0.00018915264 0 0)
(2.3331545e-10 -0.0042955337 0 -0.00037104861 0 0)
(7.1334258e-11 0.0042955335 0 -0.0003710486 0 0)
(4.7141152e-10 0.0030671009 0 -0.00018915266 0 0)
(-2.0143972e-10 0.0018385125 0 -6.800536e-05 0 0)
(-2.5931202e-10 0.00061240366 0 -7.5485688e-06 0 0)
(-2.8138273e-10 -0.00061240367 0 -7.548565e-06 0 0)
(-1.9945173e-10 -0.0018385125 0 -6.8005353e-05 0 0)
(4.6758579e-10 -0.0030671009 0 -0.00018915265 0 0)
(6.6728588e-11 -0.0042955335 0 -0.0003710486 0 0)
(2.499066e-10 0.0042955336 0 -0.00037104862 0 0)
(-4.5568867e-11 0.0030671009 0 -0.00018915267 0 0)
(1.3097435e-10 0.0018385126 0 -6.8005366e-05 0 0)
(-3.9964491e-10 0.00061240372 0 -7.5485523e-06 0 0)
(-3.8314512e-10 -0.00061240372 0 -7.5485497e-06 0 0)
(1.1506314e-10 -0.0018385126 0 -6.8005358e-05 0 0)
(-5.5988996e-11 -0.0030671009 0 -0.00018915266 0 0)
(2.4811216e-10 -0.0042955336 0 -0.00037104861 0 0)
(8.6795812e-11 0.0042955334 0 -0.0003710486 0 0)
(4.9300339e-10 0.0030671009 0 -0.00018915268 0 0)
(-2.055251e-10 0.0018385127 0 -6.8005368e-05 0 0)
(-2.9437046e-10 0.00061240374 0 -7.5485352e-06 0 0)
(-3.1584782e-10 -0.00061240375 0 -7.548532e-06 0 0)
(-2.0209814e-10 -0.0018385127 0 -6.8005362e-05 0 0)
(4.9036565e-10 -0.0030671009 0 -0.00018915268 0 0)
(8.2543998e-11 -0.0042955334 0 -0.0003710486 0 0)
(2.6663118e-10 0.0042955335 0 -0.00037104861 0 0)
(-2.207448e-11 0.003067101 0 -0.0001891527 0 0)
(1.2650064e-10 0.0018385128 0 -6.8005374e-05 0 0)
(-4.3777702e-10 0.0006124038 0 -7.5485156e-06 0 0)
(-4.2047192e-10 -0.00061240381 0 -7.5485138e-06 0 0)
(1.1230593e-10 -0.0018385128 0 -6.8005368e-05 0 0)
(-3.1029334e-11 -0.003067101 0 -0.0001891527 0 0)
(2.6531326e-10 -0.0042955335 0 -0.00037104861 0 0)
(1.0480327e-10 0.0042955333 0 -0.0003710486 0 0)
(5.1821515e-10 0.003067101 0 -0.00018915272 0 0)
(-2.1042148e-10 0.0018385128 0 -6.8005376e-05 0 0)
(-3.3575223e-10 0.00061240382 0 -7.5484954e-06 0 0)
(-3.563213e-10 -0.00061240384 0 -7.548493e-06 0 0)
(-2.0482265e-10 -0.0018385128 0 -6.8005373e-05 0 0)
(5.1739459e-10 -0.003067101 0 -0.00018915271 0 0)
(1.0109276e-10 -0.0042955333 0 -0.0003710486 0 0)
(2.8611831e-10 0.0042955334 0 -0.00037104861 0 0)
(5.5005718e-12 0.003067101 0 -0.00018915274 0 0)
(1.210567e-10 0.0018385129 0 -6.8005382e-05 0 0)
(-4.8290753e-10 0.00061240388 0 -7.5484721e-06 0 0)
(-4.6442451e-10 -0.0006124039 0 -7.5484715e-06 0 0)
(1.0943002e-10 -0.0018385129 0 -6.8005378e-05 0 0)
(-1.2272493e-12 -0.003067101 0 -0.00018915274 0 0)
(2.8553031e-10 -0.0042955334 0 -0.00037104861 0 0)
(1.258923e-10 0.0042955332 0 -0.0003710486 0 0)
(5.477584e-10 0.003067101 0 -0.00018915276 0 0)
(-2.1637613e-10 0.001838513 0 -6.8005384e-05 0 0)
(-3.8483956e-10 0.00061240391 0 -7.548448e-06 0 0)
(-4.0408675e-10 -0.00061240394 0 -7.548447e-06 0 0)
(-2.0762025e-10 -0.001838513 0 -6.8005384e-05 0 0)
(5.4965841e-10 -0.0030671011 0 -0.00018915276 0 0)
(1.2303911e-10 -0.0042955332 0 -0.0003710486 0 0)
(3.0893335e-10 0.0042955333 0 -0.00037104861 0 0)
(3.7941095e-11 0.0030671011 0 -0.00018915278 0 0)
(1.143944e-10 0.0018385131 0 -6.800539e-05 0 0)
(-5.364971e-10 0.00061240398 0 -7.5484204e-06 0 0)
(-5.163785e-10 -0.000612404 0 -7.5484214e-06 0 0)
(1.0640991e-10 -0.0018385131 0 -6.800539e-05 0 0)
(3.4473834e-11 -0.0030671011 0 -0.00018915278 0 0)
(3.0947393e-10 -0.0042955333 0 -0.00037104861 0 0)
(1.5066927e-10 0.004295533 0 -0.0003710486 0 0)
(5.8247301e-10 0.0030671011 0 -0.0001891528 0 0)
(-2.2361072e-10 0.0018385132 0 -6.8005393e-05 0 0)
(-4.4315941e-10 0.00061240402 0 -7.5483918e-06 0 0)
(-4.6061747e-10 -0.00061240405 0 -7.5483925e-06 0 0)
(-2.1055146e-10 -0.0018385132 0 -6.8005397e-05 0 0)
(5.8823116e-10 -0.0030671011 0 -0.00018915281 0 0)
(1.4913739e-10 -0.004295533 0 -0.0003710486 0 0)
(3.357289e-10 0.0042955331 0 -0.00037104861 0 0)
(7.6197969e-11 0.0030671011 0 -0.00018915283 0 0)
(1.0633145e-10 0.0018385133 0 -6.8005399e-05 0 0)
(-6.0013186e-10 0.00061240409 0 -7.5483589e-06 0 0)
(-5.7791897e-10 -0.00061240412 0 -7.5483621e-06 0 0)
(1.0311136e-10 -0.0018385133 0 -6.8005404e-05 0 0)
(7.718193e-11 -0.0030671011 0 -0.00018915284 0 0)
(3.3793609e-10 -0.0042955331 0 -0.00037104861 0 0)
(1.7984328e-10 0.0042955329 0 -0.0003710486 0 0)
(6.2341267e-10 0.0030671012 0 -0.00018915286 0 0)
(-2.3222752e-10 0.0018385135 0 -6.8005402e-05 0 0)
(-5.1233662e-10 0.00061240414 0 -7.5483251e-06 0 0)
(-5.2761494e-10 -0.00061240418 0 -7.548328e-06 0 0)
(-2.1384408e-10 -0.0018385135 0 -6.8005411e-05 0 0)
(6.3418237e-10 -0.0030671012 0 -0.00018915286 0 0)
(1.8020045e-10 -0.0042955329 0 -0.0003710486 0 0)
(3.6728908e-10 0.004295533 0 -0.00037104861 0 0)
(1.2149959e-10 0.0030671012 0 -0.00018915289 0 0)
(9.6877283e-11 0.0018385136 0 -6.8005408e-05 0 0)
(-6.7546156e-10 0.00061240422 0 -7.5482861e-06 0 0)
(-6.5088557e-10 -0.00061240425 0 -7.5482918e-06 0 0)
(9.9165011e-11 -0.0018385136 0 -6.8005419e-05 0 0)
(1.2792979e-10 -0.0030671012 0 -0.0001891529 0 0)
(3.7174424e-10 -0.004295533 0 -0.00037104862 0 0)
(2.1428215e-10 0.0042955327 0 -0.0003710486 0 0)
(6.7198312e-10 0.0030671013 0 -0.00018915292 0 0)
(-2.4205404e-10 0.0018385137 0 -6.8005411e-05 0 0)
(-5.940156e-10 0.00061240427 0 -7.5482464e-06 0 0)
(-6.0705789e-10 -0.00061240433 0 -7.5482515e-06 0 0)
(-2.1804867e-10 -0.0018385137 0 -6.8005427e-05 0 0)
(6.8842087e-10 -0.0030671013 0 -0.00018915293 0 0)
(2.1703502e-10 -0.0042955327 0 -0.00037104861 0 0)
(4.0460517e-10 0.0042955328 0 -0.00037104862 0 0)
(1.7551456e-10 0.0030671013 0 -0.00018915296 0 0)
(8.6409651e-11 0.0018385139 0 -6.8005419e-05 0 0)
(-7.6410488e-10 0.00061240436 0 -7.5482006e-06 0 0)
(-7.3742731e-10 -0.0006124044 0 -7.5482086e-06 0 0)
(9.3787722e-11 -0.0018385139 0 -6.8005435e-05 0 0)
(1.874776e-10 -0.0030671013 0 -0.00018915297 0 0)
(4.1167995e-10 -0.0042955328 0 -0.00037104862 0 0)
(2.5509876e-10 0.0042955325 0 -0.00037104861 0 0)
(7.3013037e-10 0.0030671014 0 -0.00018915299 0 0)
(-2.524542e-10 0.001838514 0 -6.8005423e-05 0 0)
(-6.8975137e-10 0.00061240443 0 -7.5481544e-06 0 0)
(-7.0125478e-10 -0.00061240449 0 -7.5481611e-06 0 0)
(-2.2423785e-10 -0.001838514 0 -6.8005443e-05 0 0)
(7.5147365e-10 -0.0030671014 0 -0.00018915301 0 0)
(2.6033509e-10 -0.0042955325 0 -0.00037104862 0 0)
(4.4897813e-10 0.0042955326 0 -0.00037104863 0 0)
(2.4055063e-10 0.0030671014 0 -0.00018915304 0 0)
(7.5871926e-11 0.0018385142 0 -6.8005433e-05 0 0)
(-8.6752748e-10 0.00061240453 0 -7.5481011e-06 0 0)
(-8.4004956e-10 -0.00061240457 0 -7.54811e-06 0 0)
(8.5584582e-11 -0.0018385142 0 -6.8005452e-05 0 0)
(2.5605881e-10 -0.0030671014 0 -0.00018915306 0 0)
(4.5835447e-10 -0.0042955326 0 -0.00037104863 0 0)
(3.037605e-10 0.0042955323 0 -0.00037104862 0 0)
(8.0053885e-10 0.0030671015 0 -0.00018915308 0 0)
(-2.62134e-10 0.0018385144 0 -6.8005439e-05 0 0)
(-8.0087608e-10 0.00061240462 0 -7.548048e-06 0 0)
(-8.1286931e-10 -0.00061240468 0 -7.5480542e-06 0 0)
(-2.3420562e-10 -0.0018385144 0 -6.800546e-05 0 0)
(8.2322525e-10 -0.0030671015 0 -0.0001891531 0 0)
(3.1054045e-10 -0.0042955323 0 -0.00037104863 0 0)
(5.0213671e-10 0.0042955323 0 -0.00037104864 0 0)
(3.197144e-10 0.0030671015 0 -0.00018915314 0 0)
(6.6958048e-11 0.0018385146 0 -6.8005453e-05 0 0)
(-9.8689694e-10 0.00061240473 0 -7.5479867e-06 0 0)
(-9.6160411e-10 -0.00061240475 0 -7.5479935e-06 0 0)
(7.237505e-11 -0.0018385146 0 -6.8005467e-05 0 0)
(3.3310269e-10 -0.0030671015 0 -0.00018915316 0 0)
(5.120596e-10 -0.0042955323 0 -0.00037104865 0 0)
(3.6219215e-10 0.004295532 0 -0.00037104863 0 0)
(8.8673129e-10 0.0030671016 0 -0.00018915319 0 0)
(-2.6902941e-10 0.0018385148 0 -6.8005462e-05 0 0)
(-9.2834406e-10 0.00061240483 0 -7.5479263e-06 0 0)
(-9.4484953e-10 -0.00061240489 0 -7.547928e-06 0 0)
(-2.5058937e-10 -0.0018385148 0 -6.8005473e-05 0 0)
(9.026738e-10 -0.0030671016 0 -0.0001891532 0 0)
(3.6768015e-10 -0.004295532 0 -0.00037104864 0 0)
(5.6631562e-10 0.0042955321 0 -0.00037104865 0 0)
(4.1686942e-10 0.0030671017 0 -0.00018915325 0 0)
(6.2088224e-11 0.001838515 0 -6.800548e-05 0 0)
(-1.1229077e-09 0.00061240495 0 -7.5478569e-06 0 0)
(-1.1051145e-09 -0.00061240496 0 -7.5478563e-06 0 0)
(5.1199431e-11 -0.001838515 0 -6.8005478e-05 0 0)
(4.1701029e-10 -0.0030671016 0 -0.00018915326 0 0)
(5.7261978e-10 -0.004295532 0 -0.00037104866 0 0)
(4.3278837e-10 0.0042955317 0 -0.00037104865 0 0)
(9.9285097e-10 0.0030671017 0 -0.00018915332 0 0)
(-2.7047771e-10 0.0018385152 0 -6.8005495e-05 0 0)
(-1.0725489e-09 0.00061240509 0 -7.5477892e-06 0 0)
(-1.1000947e-09 -0.00061240513 0 -7.5477798e-06 0 0)
(-2.7670466e-10 -0.0018385152 0 -6.8005482e-05 0 0)
(9.8779011e-10 -0.0030671017 0 -0.00018915331 0 0)
(4.3123803e-10 -0.0042955317 0 -0.00037104866 0 0)
(6.4417535e-10 0.0042955317 0 -0.00037104868 0 0)
(5.3609199e-10 0.0030671018 0 -0.0001891534 0 0)
(6.417111e-11 0.0018385155 0 -6.800552e-05 0 0)
(-1.2755805e-09 0.00061240522 0 -7.5477119e-06 0 0)
(-1.2731827e-09 -0.00061240519 0 -7.5476961e-06 0 0)
(1.8708866e-11 -0.0018385155 0 -6.8005483e-05 0 0)
(5.0507045e-10 -0.0030671018 0 -0.00018915338 0 0)
(6.3929064e-10 -0.0042955317 0 -0.00037104867 0 0)
(5.181734e-10 0.0042955314 0 -0.00037104868 0 0)
(1.1227367e-09 0.0030671019 0 -0.00018915348 0 0)
(-2.6372085e-10 0.0018385158 0 -6.8005542e-05 0 0)
(-1.2331945e-09 0.00061240541 0 -7.5476375e-06 0 0)
(-1.2805021e-09 -0.00061240539 0 -7.5476079e-06 0 0)
(-3.1589572e-10 -0.0018385158 0 -6.8005483e-05 0 0)
(1.0755548e-09 -0.0030671019 0 -0.00018915343 0 0)
(5.0007928e-10 -0.0042955314 0 -0.00037104867 0 0)
(7.3833283e-10 0.0042955314 0 -0.00037104871 0 0)
(6.8011206e-10 0.003067102 0 -0.00018915357 0 0)
(7.5462487e-11 0.0018385161 0 -6.8005575e-05 0 0)
(-1.444147e-09 0.00061240558 0 -7.5475527e-06 0 0)
(-1.4664526e-09 -0.00061240544 0 -7.5475125e-06 0 0)
(-2.7809187e-11 -0.0018385161 0 -6.8005479e-05 0 0)
(5.9355644e-10 -0.003067102 0 -0.00018915349 0 0)
(7.10726e-10 -0.0042955313 0 -0.00037104869 0 0)
(6.2041468e-10 0.004295531 0 -0.00037104871 0 0)
(1.2776636e-09 0.0030671021 0 -0.00018915367 0 0)
(-2.4791654e-10 0.0018385164 0 -6.8005604e-05 0 0)
(-1.4087516e-09 0.00061240581 0 -7.5474734e-06 0 0)
(-1.4848472e-09 -0.00061240569 0 -7.5474133e-06 0 0)
(-3.6996752e-10 -0.0018385163 0 -6.8005476e-05 0 0)
(1.1621538e-09 -0.0030671021 0 -0.00018915355 0 0)
(5.7240679e-10 -0.004295531 0 -0.00037104868 0 0)
(8.5012969e-10 0.0042955309 0 -0.00037104875 0 0)
(8.4700378e-10 0.0030671022 0 -0.00018915377 0 0)
(9.4912808e-11 0.0018385167 0 -6.8005645e-05 0 0)
(-1.6255647e-09 0.000612406 0 -7.5473825e-06 0 0)
(-1.6807855e-09 -0.00061240577 0 -7.5473106e-06 0 0)
(-8.8165848e-11 -0.0018385167 0 -6.8005467e-05 0 0)
(6.7789163e-10 -0.0030671021 0 -0.00018915361 0 0)
(7.8492276e-10 -0.0042955309 0 -0.00037104869 0 0)
(7.3921925e-10 0.0042955305 0 -0.00037104875 0 0)
(1.4519731e-09 0.0030671023 0 -0.00018915388 0 0)
(-2.2675675e-10 0.0018385171 0 -6.8005679e-05 0 0)
(-1.5938185e-09 0.00061240625 0 -7.5473023e-06 0 0)
(-1.7056701e-09 -0.00061240614 0 -7.5472039e-06 0 0)
(-4.3616761e-10 -0.001838517 0 -6.8005464e-05 0 0)
(1.2431512e-09 -0.0030671023 0 -0.00018915366 0 0)
(6.4555642e-10 -0.0042955306 0 -0.00037104868 0 0)
(9.7703398e-10 0.0042955304 0 -0.00037104879 0 0)
(1.0243751e-09 0.0030671024 0 -0.00018915399 0 0)
(1.1669219e-10 0.0018385175 0 -6.8005727e-05 0 0)
(-1.8119878e-09 0.00061240642 0 -7.5472087e-06 0 0)
(-1.9017628e-09 -0.00061240623 0 -7.547106e-06 0 0)
(-1.5553678e-10 -0.0018385174 0 -6.8005453e-05 0 0)
(7.5272715e-10 -0.0030671024 0 -0.00018915373 0 0)
(8.5886305e-10 -0.0042955305 0 -0.00037104868 0 0)
(8.683814e-10 0.0042955299 0 -0.00037104879 0 0)
(1.6260522e-09 0.0030671025 0 -0.00018915409 0 0)
(-2.0874185e-10 0.0018385179 0 -6.8005758e-05 0 0)
(-1.778179e-09 0.00061240665 0 -7.5471352e-06 0 0)
(-1.9234555e-09 -0.00061240665 0 -7.5469976e-06 0 0)
(-5.0268564e-10 -0.0018385177 0 -6.8005463e-05 0 0)
(1.3136556e-09 -0.0030671025 0 -0.00018915377 0 0)
(7.1543583e-10 -0.0042955301 0 -0.00037104867 0 0)
(1.1078414e-09 0.0042955298 0 -0.00037104882 0 0)
(1.1812145e-09 0.0030671026 0 -0.00018915419 0 0)
(1.2953937e-10 0.0018385184 0 -6.8005807e-05 0 0)
(-1.9885053e-09 0.00061240681 0 -7.5470455e-06 0 0)
(-2.1069864e-09 -0.00061240674 0 -7.5469216e-06 0 0)
(-2.1213641e-10 -0.0018385182 0 -6.8005457e-05 0 0)
(8.1247367e-10 -0.0030671026 0 -0.00018915384 0 0)
(9.276468e-10 -0.00429553 0 -0.00037104866 0 0)
(9.9019143e-10 0.0042955293 0 -0.0003710488 0 0)
(1.7576103e-09 0.0030671026 0 -0.00018915427 0 0)
(-2.0949718e-10 0.0018385187 0 -6.8005825e-05 0 0)
(-1.9471214e-09 0.00061240697 0 -7.5469867e-06 0 0)
(-2.1173904e-09 -0.00061240721 0 -7.5468145e-06 0 0)
(-5.419279e-10 -0.0018385187 0 -6.8005503e-05 0 0)
(1.3699108e-09 -0.0030671028 0 -0.00018915387 0 0)
(7.7563288e-10 -0.0042955296 0 -0.00037104863 0 0)
(1.2155711e-09 0.0042955291 0 -0.00037104881 0 0)
(1.2619916e-09 0.0030671027 0 -0.00018915432 0 0)
(1.1331194e-10 0.0018385192 0 -6.8005867e-05 0 0)
(-2.1438971e-09 0.00061240717 0 -7.5469035e-06 0 0)
(-2.262296e-09 -0.00061240732 0 -7.5467907e-06 0 0)
(-2.1824055e-10 -0.0018385192 0 -6.8005517e-05 0 0)
(8.5606027e-10 -0.0030671029 0 -0.00018915395 0 0)
(9.83082e-10 -0.0042955295 0 -0.0003710486 0 0)
(1.0698258e-09 0.0042955286 0 -0.00037104876 0 0)
(1.7825036e-09 0.0030671028 0 -0.00018915435 0 0)
(-2.5051794e-10 0.0018385196 0 -6.800586e-05 0 0)
(-2.080017e-09 0.00061240757 0 -7.5468817e-06 0 0)
(-2.200766e-09 -0.00061240737 0 -7.5467401e-06 0 0)
(-4.9364502e-10 -0.0018385197 0 -6.8005647e-05 0 0)
(1.4198558e-09 -0.003067103 0 -0.00018915396 0 0)
(8.1759949e-10 -0.0042955291 0 -0.00037104857 0 0)
(1.2511781e-09 0.0042955284 0 -0.0003710487 0 0)
(1.200136e-09 0.0030671029 0 -0.00018915432 0 0)
(4.8538477e-11 0.00183852 0 -6.8005887e-05 0 0)
(-2.2697735e-09 0.00061240774 0 -7.5467892e-06 0 0)
(-2.3140054e-09 -0.00061240815 0 -7.5467805e-06 0 0)
(-9.7803495e-11 -0.0018385204 0 -6.800571e-05 0 0)
(9.1091561e-10 -0.0030671031 0 -0.00018915408 0 0)
(1.0138354e-09 -0.004295529 0 -0.00037104849 0 0)
(1.0578879e-09 0.004295528 0 -0.0003710486 0 0)
(1.6526791e-09 0.003067103 0 -0.00018915427 0 0)
(-3.4039599e-10 0.0018385205 0 -6.8005858e-05 0 0)
(-2.2588172e-09 0.0006124081 0 -7.546736e-06 0 0)
(-2.2278822e-09 -0.00061240814 0 -7.5467251e-06 0 0)
(-2.481091e-10 -0.001838521 0 -6.8006006e-05 0 0)
(1.526533e-09 -0.0030671033 0 -0.00018915411 0 0)
(8.3977026e-10 -0.0042955286 0 -0.00037104846 0 0)
(1.15197e-09 0.0042955279 0 -0.00037104844 0 0)
(9.9791914e-10 0.0030671031 0 -0.00018915418 0 0)
(-6.185554e-11 0.001838521 0 -6.8005875e-05 0 0)
(-2.5649536e-09 0.00061240819 0 -7.5465153e-06 0 0)
(-2.3529502e-09 -0.00061240952 0 -7.5467912e-06 0 0)
(2.6612488e-10 -0.0018385218 0 -6.8006167e-05 0 0)
(1.1152962e-09 -0.0030671034 0 -0.00018915438 0 0)
(1.0196061e-09 -0.0042955285 0 -0.00037104833 0 0)
(9.2312798e-10 0.0042955276 0 -0.0003710483 0 0)
(1.4711962e-09 0.0030671032 0 -0.00018915416 0 0)
(-4.3386923e-10 0.0018385219 0 -6.8005869e-05 0 0)
(-2.836257e-09 0.00061240855 0 -7.5461877e-06 0 0)
(-2.506402e-09 -0.00061240939 0 -7.5464641e-06 0 0)
(3.7644419e-10 -0.0018385226 0 -6.8006767e-05 0 0)
(1.9387114e-09 -0.0030671036 0 -0.00018915461 0 0)
(8.836549e-10 -0.0042955281 0 -0.00037104833 0 0)
(9.0324882e-10 0.0042955275 0 -0.00037104799 0 0)
(9.6950427e-10 0.0030671035 0 -0.00018915424 0 0)
(-1.4002238e-10 0.0018385227 0 -6.8005924e-05 0 0)
(-3.6655257e-09 0.00061240897 0 -7.545445e-06 0 0)
(-2.9182534e-09 -0.0006124114 0 -7.5462762e-06 0 0)
(1.0682373e-09 -0.001838524 0 -6.8007117e-05 0 0)
(1.9416935e-09 -0.0030671037 0 -0.00018915531 0 0)
(1.0712979e-09 -0.0042955281 0 -0.00037104816 0 0)
(7.5086638e-10 0.0042955273 0 -0.0003710479 0 0)
(1.8428106e-09 0.0030671037 0 -0.00018915467 0 0)
(-3.6769432e-10 0.0018385243 0 -6.8006082e-05 0 0)
(-4.7669642e-09 0.00061240969 0 -7.5442833e-06 0 0)
(-3.9258985e-09 -0.00061241195 0 -7.5451126e-06 0 0)
(1.6638267e-09 -0.0018385257 0 -6.8008226e-05 0 0)
(3.3934753e-09 -0.003067104 0 -0.00018915623 0 0)
(1.1244916e-09 -0.0042955277 0 -0.00037104831 0 0)
(7.2888574e-10 0.0042955274 0 -0.00037104759 0 0)
(2.2989982e-09 0.0030671044 0 -0.00018915571 0 0)
(5.0978479e-11 0.0018385265 0 -6.8006318e-05 0 0)
(-7.059896e-09 0.00061241091 0 -7.5421057e-06 0 0)
(-6.1137995e-09 -0.00061241453 0 -7.5431066e-06 0 0)
(2.6845808e-09 -0.0018385284 0 -6.8009018e-05 0 0)
(4.6979321e-09 -0.0030671045 0 -0.00018915821 0 0)
(1.4839948e-09 -0.0042955274 0 -0.0003710483 0 0)
(9.6384496e-10 0.0042955271 0 -0.00037104777 0 0)
(4.5540977e-09 0.0030671051 0 -0.00018915765 0 0)
(1.3971218e-10 0.0018385304 0 -6.8006873e-05 0 0)
(-1.054462e-08 0.00061241285 0 -7.5385498e-06 0 0)
(-9.4616728e-09 -0.00061241695 0 -7.5397178e-06 0 0)
(3.9152128e-09 -0.0018385328 0 -6.8010714e-05 0 0)
(7.7255128e-09 -0.0030671051 0 -0.00018916094 0 0)
(2.0734838e-09 -0.0042955267 0 -0.00037104881 0 0)
(1.535285e-09 0.0042955267 0 -0.00037104809 0 0)
(8.2022903e-09 0.003067107 0 -0.00018916191 0 0)
(9.8041251e-10 0.0018385371 0 -6.8007673e-05 0 0)
(-1.7380105e-08 0.00061241759 0 -7.5319231e-06 0 0)
(-1.6057518e-08 -0.00061242189 0 -7.5331265e-06 0 0)
(5.535784e-09 -0.0018385394 0 -6.8012474e-05 0 0)
(1.2439249e-08 -0.0030671065 0 -0.00018916615 0 0)
(3.1946509e-09 -0.0042955255 0 -0.00037104964 0 0)
(2.9168324e-09 0.0042955255 0 -0.00037104915 0 0)
(1.3762088e-08 0.0030671086 0 -0.00018916747 0 0)
(1.681263e-09 0.0018385463 0 -6.8008976e-05 0 0)
(-2.7926762e-08 0.00061242256 0 -7.521135e-06 0 0)
(-2.5593029e-08 -0.00061242807 0 -7.5238459e-06 0 0)
(7.4217987e-09 -0.0018385497 0 -6.801462e-05 0 0)
(1.8962059e-08 -0.0030671078 0 -0.00018917299 0 0)
(5.0602243e-09 -0.0042955236 0 -0.000371051 0 0)
(5.5341213e-09 0.0042955227 0 -0.00037105158 0 0)
(2.501225e-08 0.0030671131 0 -0.00018917938 0 0)
(3.6535971e-09 0.0018385613 0 -6.8011217e-05 0 0)
(-4.3593083e-08 0.00061243308 0 -7.5059623e-06 0 0)
(-4.0531108e-08 -0.00061243775 0 -7.5085513e-06 0 0)
(9.8038559e-09 -0.0018385648 0 -6.8017989e-05 0 0)
(3.1032739e-08 -0.0030671115 0 -0.00018918516 0 0)
(8.265899e-09 -0.0042955195 0 -0.00037105415 0 0)
(9.881078e-09 0.0042955188 0 -0.00037105503 0 0)
(3.6979901e-08 0.0030671159 0 -0.00018919191 0 0)
(5.4830848e-09 0.0018385825 0 -6.8013895e-05 0 0)
(-6.3059337e-08 0.00061244329 0 -7.4859713e-06 0 0)
(-6.3817237e-08 -0.00061245126 0 -7.4860782e-06 0 0)
(1.2360581e-08 -0.0018385871 0 -6.8020325e-05 0 0)
(4.4030507e-08 -0.0030671137 0 -0.00018919965 0 0)
(1.3077703e-08 -0.0042955145 0 -0.00037105756 0 0)
(1.625154e-08 0.00429551 0 -0.00037106138 0 0)
(6.3348577e-08 0.003067125 0 -0.00018921905 0 0)
(8.5807149e-09 0.0018386147 0 -6.801787e-05 0 0)
(-9.9410995e-08 0.00061246588 0 -7.4505385e-06 0 0)
(-9.330145e-08 -0.00061246883 0 -7.4555626e-06 0 0)
(1.5197962e-08 -0.0018386179 0 -6.8025662e-05 0 0)
(7.0379243e-08 -0.0030671218 0 -0.00018922532 0 0)
(2.0094978e-08 -0.0042955038 0 -0.00037106497 0 0)
(2.682893e-08 0.0042954984 0 -0.00037106985 0 0)
(8.6042019e-08 0.0030671286 0 -0.00018924325 0 0)
(1.2125236e-08 0.0018386549 0 -6.8022618e-05 0 0)
(-1.3108557e-07 0.00061248393 0 -7.4178972e-06 0 0)
(-1.4154503e-07 -0.00061249518 0 -7.4089559e-06 0 0)
(1.7862565e-08 -0.0018386606 0 -6.8027363e-05 0 0)
(9.4086704e-08 -0.0030671251 0 -0.00018925244 0 0)
(3.0915732e-08 -0.0042954914 0 -0.00037107275 0 0)
(3.9917701e-08 0.0042954779 0 -0.00037108314 0 0)
(1.3744818e-07 0.0030671452 0 -0.00018929561 0 0)
(1.5651908e-08 0.0018387157 0 -6.8028036e-05 0 0)
(-2.0186443e-07 0.0006125263 0 -7.3485896e-06 0 0)
(-1.9024031e-07 -0.00061252364 0 -7.3582847e-06 0 0)
(2.021761e-08 -0.0018387164 0 -6.803442e-05 0 0)
(1.4178279e-07 -0.003067139 0 -0.00018929858 0 0)
(4.4084852e-08 -0.0042954683 0 -0.00037108698 0 0)
(6.0215005e-08 0.0042954506 0 -0.00037109928 0 0)
(1.7247374e-07 0.0030671474 0 -0.00018933329 0 0)
(2.0890511e-08 0.0018387824 0 -6.8034887e-05 0 0)
(-2.4503406e-07 0.00061255344 0 -7.3038689e-06 0 0)
(-2.7346559e-07 -0.00061256953 0 -7.2777078e-06 0 0)
(2.1454927e-08 -0.0018387898 0 -6.8033851e-05 0 0)
(1.7893798e-07 -0.0030671424 0 -0.00018934135 0 0)
(6.4759987e-08 -0.0042954407 0 -0.00037110208 0 0)
(8.429933e-08 0.0042954088 0 -0.00037112355 0 0)
(2.5549027e-07 0.0030671714 0 -0.00018941759 0 0)
(2.2935876e-08 0.0018388824 0 -6.8040327e-05 0 0)
(-3.6392222e-07 0.00061262435 0 -7.1870284e-06 0 0)
(-3.4068946e-07 -0.00061260999 0 -7.2074344e-06 0 0)
(2.2382471e-08 -0.0018388787 0 -6.804202e-05 0 0)
(2.5477092e-07 -0.0030671645 0 -0.00018941493 0 0)
(8.8587539e-08 -0.004295396 0 -0.00037112741 0 0)
(1.1751967e-07 0.004295355 0 -0.0003711498 0 0)
(3.0053952e-07 0.0030671689 0 -0.0001894665 0 0)
(2.8828547e-08 0.0018389804 0 -6.8048201e-05 0 0)
(-4.1368504e-07 0.00061266073 0 -7.1350644e-06 0 0)
(-4.6565487e-07 -0.00061268268 0 -7.0860476e-06 0 0)
(1.8644994e-08 -0.0018389919 0 -6.8035804e-05 0 0)
(3.015978e-07 -0.0030671634 0 -0.00018946931 0 0)
(1.1718088e-07 -0.0042953453 0 -0.0003711475 0 0)
(1.5358551e-07 0.0042952821 0 -0.00037118531 0 0)
(4.0943431e-07 0.0030671972 0 -0.00018957695 0 0)
(2.5882878e-08 0.001839125 0 -6.805036e-05 0 0)
(-5.6772948e-07 0.00061275816 0 -6.9834051e-06 0 0)
(-5.3892349e-07 -0.00061273177 0 -7.0086346e-06 0 0)
(1.795097e-08 -0.0018391107 0 -6.8044415e-05 0 0)
(4.0463162e-07 -0.0030671963 0 -0.00018957002 0 0)
(1.5665758e-07 -0.0042952677 0 -0.00037118802 0 0)
(1.999589e-07 0.0042951906 0 -0.00037122163 0 0)
(4.4875192e-07 0.0030671859 0 -0.00018962096 0 0)
(2.8912517e-08 0.0018392507 0 -6.8055729e-05 0 0)
(-6.5184207e-07 0.00061282403 0 -6.8960578e-06 0 0)
(-7.0767251e-07 -0.00061284225 0 -6.8438328e-06 0 0)
(6.2661066e-09 -0.0018392647 0 -6.8030439e-05 0 0)
(4.3763436e-07 -0.0030671776 0 -0.00018961088 0 0)
(1.9251174e-07 -0.004295185 0 -0.00037121238 0 0)
(2.3959627e-07 0.0042950831 0 -0.00037125896 0 0)
(5.6850866e-07 0.0030672126 0 -0.00018974281 0 0)
(1.6837119e-08 0.0018394305 0 -6.8050099e-05 0 0)
(-8.3381142e-07 0.00061295669 0 -6.7155779e-06 0 0)
(-7.8534369e-07 -0.00061290301 0 -6.7612635e-06 0 0)
(1.4524963e-09 -0.0018393972 0 -6.803617e-05 0 0)
(5.5627853e-07 -0.0030672208 0 -0.00018972861 0 0)
(2.362566e-07 -0.0042950732 0 -0.00037125557 0 0)
(2.9801237e-07 0.0042949436 0 -0.00037130463 0 0)
(5.8675957e-07 0.0030671945 0 -0.00018976586 0 0)
(1.2580519e-08 0.0018395583 0 -6.8049057e-05 0 0)
(-8.2340444e-07 0.00061298142 0 -6.7243642e-06 0 0)
(-8.4547493e-07 -0.00061298419 0 -6.7061047e-06 0 0)
(-1.4320295e-08 -0.0018395489 0 -6.8019051e-05 0 0)
(5.4340509e-07 -0.0030671774 0 -0.00018972197 0 0)
(2.8527998e-07 -0.0042949446 0 -0.00037129076 0 0)
(3.2898327e-07 0.0042948092 0 -0.00037132887 0 0)
(6.5082686e-07 0.0030672016 0 -0.00018982888 0 0)
(-1.3708526e-08 0.0018397565 0 -6.8030238e-05 0 0)
(-9.4161762e-07 0.00061310951 0 -6.6153418e-06 0 0)
(-9.3699601e-07 -0.00061307925 0 -6.6166469e-06 0 0)
(-3.22602e-08 -0.0018396856 0 -6.8012496e-05 0 0)
(6.2437288e-07 -0.0030672093 0 -0.00018980067 0 0)
(3.1510507e-07 -0.0042948127 0 -0.00037131564 0 0)
(3.6500005e-07 0.0042946549 0 -0.00037135115 0 0)
(6.4949181e-07 0.0030672004 0 -0.00018982819 0 0)
(-3.6856332e-08 0.0018398482 0 -6.8008677e-05 0 0)
(-8.1627092e-07 0.00061310551 0 -6.7436454e-06 0 0)
(-8.1318697e-07 -0.00061307456 0 -6.7464241e-06 0 0)
(-7.1865959e-08 -0.001839862 0 -6.7971671e-05 0 0)
(6.192899e-07 -0.0030672066 0 -0.000189798 0 0)
(3.4791331e-07 -0.0042946647 0 -0.00037133432 0 0)
(3.7624877e-07 0.0042945091 0 -0.00037135886 0 0)
(5.5712568e-07 0.0030671612 0 -0.00018973956 0 0)
(-6.8399219e-08 0.0018398986 0 -6.7973397e-05 0 0)
(-8.6287989e-07 0.0006132081 0 -6.6944331e-06 0 0)
(-8.7125803e-07 -0.00061318926 0 -6.683726e-06 0 0)
(-9.6726478e-08 -0.0018398941 0 -6.7943513e-05 0 0)
(5.1123564e-07 -0.0030671577 0 -0.0001896914 0 0)
(3.5500791e-07 -0.004294528 0 -0.00037133775 0 0)
(3.7588693e-07 0.0042943722 0 -0.00037136881 0 0)
(4.2469672e-07 0.0030671661 0 -0.00018961833 0 0)
(-1.1166043e-07 0.001839928 0 -6.7951323e-05 0 0)
(-5.951598e-07 0.00061317525 0 -6.9989865e-06 0 0)
(-6.1307775e-07 -0.00061315869 0 -6.9749356e-06 0 0)
(-1.3907256e-07 -0.0018399151 0 -6.7926295e-05 0 0)
(3.921758e-07 -0.0030671796 0 -0.00018958033 0 0)
(3.523068e-07 -0.0042943972 0 -0.0003713456 0 0)
(3.799534e-07 0.004294239 0 -0.00037121998 0 0)
(2.2045574e-07 0.0030672719 0 -0.00018914137 0 0)
(-1.7319651e-07 0.0018401881 0 -6.8078023e-05 0 0)
(-4.0330543e-07 0.00061329018 0 -7.9509063e-06 0 0)
(-4.1150654e-07 -0.00061326842 0 -7.9375811e-06 0 0)
(-1.9805987e-07 -0.0018401716 0 -6.8074826e-05 0 0)
(1.8645809e-07 -0.0030672851 0 -0.00018911887 0 0)
(3.5424586e-07 -0.004294272 0 -0.00037119953 0 0)
(3.628338e-07 0.0042943775 0 -0.00037103237 0 0)
(2.0406095e-07 0.0030673073 0 -0.00018896567 0 0)
(-1.5987652e-07 0.0018399521 0 -6.8096649e-05 0 0)
(-4.1204045e-07 0.00061315945 0 -8.066826e-06 0 0)
(-4.2329839e-07 -0.00061313382 0 -8.0326345e-06 0 0)
(-1.8287909e-07 -0.0018399491 0 -6.8130829e-05 0 0)
(1.7045259e-07 -0.0030673139 0 -0.00018894734 0 0)
(3.3628806e-07 -0.0042944183 0 -0.00037103456 0 0)
)
;

boundaryField
{
    left
    {
        type            fixedValue;
        value           uniform (0 0 0 0 0 0);
    }
    right
    {
        type            zeroGradient;
    }
    walls
    {
        type            zeroGradient;
    }
    frontAndBack
    {
        type            empty;
    }
}


// ************************************************************************* //
