/*--------------------------------*- C++ -*----------------------------------*\
| =========                 |                                                 |
| \\      /  F ield         | OpenFOAM: The Open Source CFD Toolbox           |
|  \\    /   O peration     | Version:  5.x                                   |
|   \\  /    A nd           | Web:      www.OpenFOAM.org                      |
|    \\/     M anipulation  |                                                 |
\*---------------------------------------------------------------------------*/
FoamFile
{
    version     2.0;
    format      ascii;
    class       volSymmTensorField;
    location    "3";
    object      sigma_0;
}
// * * * * * * * * * * * * * * * * * * * * * * * * * * * * * * * * * * * * * //

dimensions      [0 2 -2 0 0 0 0];

internalField   nonuniform List<symmTensor> 
1920
(
(0.0012247122 0.0089632441 0 -0.0059543897 0 0)
(-0.00032246787 0.0030388838 0 0.0011421388 0 0)
(-0.00092114256 0.0022429096 0 0.00064991576 0 0)
(-0.00046591487 0.00073890981 0 0.0004964872 0 0)
(-0.00046588734 -0.00073891869 0 0.0004964597 0 0)
(-0.00092115818 -0.0022428724 0 0.00064993143 0 0)
(-0.00032246952 -0.003038868 0 0.0011421416 0 0)
(0.0012247112 -0.0089632441 0 -0.0059543869 0 0)
(0.0033109134 0.0057399885 0 -0.0026026854 0 0)
(0.00025061249 0.0010892536 0 0.00047009152 0 0)
(-0.0020763257 0.00017952017 0 0.001717735 0 0)
(-0.0020249202 0.0001500416 0 0.0018266599 0 0)
(-0.0020249161 -0.00015003944 0 0.0018266518 0 0)
(-0.0020763374 -0.00017946332 0 0.0017177495 0 0)
(0.00025061426 -0.0010892625 0 0.00047008514 0 0)
(0.003310913 -0.0057399912 0 -0.0026026847 0 0)
(0.0026388156 0.0049620667 0 -0.0035452349 0 0)
(0.00073505493 0.00044205087 0 -0.00044588489 0 0)
(-0.0016042565 9.2905233e-05 0 0.00140912 0 0)
(-0.0019217612 3.0201505e-05 0 0.0018210854 0 0)
(-0.0019217759 -3.0203866e-05 0 0.0018211052 0 0)
(-0.0016042538 -9.3008758e-05 0 0.001409111 0 0)
(0.0007350578 -0.00044206069 0 -0.0004458843 0 0)
(0.0026388159 -0.0049620655 0 -0.0035452371 0 0)
(0.0020190096 0.004648863 0 -0.0029399451 0 0)
(0.00079478654 0.00086532106 0 -0.0006870877 0 0)
(-0.0011057913 0.00012368926 0 0.0010329436 0 0)
(-0.0017051232 -1.1177406e-05 0 0.0016851693 0 0)
(-0.0017051103 1.1168373e-05 0 0.0016851551 0 0)
(-0.001105823 -0.00012366645 0 0.0010329764 0 0)
(0.00079479031 -0.00086531562 0 -0.00068709244 0 0)
(0.00201901 -0.0046488621 0 -0.0029399448 0 0)
(0.0015109943 0.0044529998 0 -0.0021707966 0 0)
(0.00069598093 0.0012573678 0 -0.00067775356 0 0)
(-0.00070539296 0.00045300358 0 0.00065460615 0 0)
(-0.0014801283 4.5889649e-05 0 0.0014599616 0 0)
(-0.0014801761 -4.5896285e-05 0 0.0014600124 0 0)
(-0.0007053394 -0.00045301502 0 0.00065455507 0 0)
(0.00069599269 -0.0012573795 0 -0.00067776564 0 0)
(0.0015110056 -0.004453001 0 -0.0021708091 0 0)
(0.0010606866 0.0042734578 0 -0.0015754932 0 0)
(0.00057330217 0.0016371765 0 -0.00061398555 0 0)
(-0.0006721399 0.00050616016 0 0.0006282746 0 0)
(-0.0010082347 0.00015291199 0 0.00099310338 0 0)
(-0.0010082216 -0.00015292308 0 0.0009930868 0 0)
(-0.00067208121 -0.00050622516 0 0.00062821966 0 0)
(0.00057331764 -0.0016371645 0 -0.00061400097 0 0)
(0.001060685 -0.0042734527 0 -0.0015754901 0 0)
(0.00077391863 0.004155808 0 -0.0012275625 0 0)
(0.00042375727 0.0020397597 0 -0.00051202959 0 0)
(-0.00034207977 0.00088623111 0 0.00030333217 0 0)
(-0.00079039692 0.00022815327 0 0.00078271411 0 0)
(-0.00079035886 -0.00022817227 0 0.00078267727 0 0)
(-0.00034206357 -0.00088623035 0 0.00030331477 0 0)
(0.00042377315 -0.0020397513 0 -0.00051204443 0 0)
(0.00077392454 -0.0041557996 0 -0.0012275686 0 0)
(0.00053037996 0.0040598598 0 -0.00094878998 0 0)
(0.00033933067 0.00220889 0 -0.00045473159 0 0)
(-0.00022557489 0.0010860503 0 0.00018555479 0 0)
(-0.00059462614 0.00029818802 0 0.00059148397 0 0)
(-0.0005946578 -0.00029818388 0 0.00059151461 0 0)
(-0.00022558276 -0.0010860214 0 0.00018556286 0 0)
(0.00033933562 -0.0022088997 0 -0.0004547378 0 0)
(0.00053038372 -0.0040598517 0 -0.000948793 0 0)
(0.0003712466 0.0040004074 0 -0.00076764603 0 0)
(0.00023762431 0.0024038541 0 -0.00037544816 0 0)
(-0.00014948941 0.0012361548 0 0.00010477522 0 0)
(-0.0004301633 0.00036092677 0 0.0004281467 0 0)
(-0.00043012054 -0.00036094957 0 0.00042810544 0 0)
(-0.00014946099 -0.0012361813 0 0.00010474685 0 0)
(0.00023764767 -0.0024038337 0 -0.00037547175 0 0)
(0.00037125508 -0.0040003948 0 -0.00076765388 0 0)
(0.00025067987 0.003957721 0 -0.00063354019 0 0)
(0.00017311912 0.0025138425 0 -0.00032643564 0 0)
(-9.5678851e-05 0.0013572497 0 4.5774615e-05 0 0)
(-0.00029638174 0.00041506551 0 0.00029395341 0 0)
(-0.00029640895 -0.00041506007 0 0.00029397985 0 0)
(-9.5678697e-05 -0.0013572296 0 4.5774719e-05 0 0)
(0.0001731232 -0.0025138447 0 -0.00032643959 0 0)
(0.00025068378 -0.0039577072 0 -0.00063354328 0 0)
(0.0001644855 0.0039287918 0 -0.00053927313 0 0)
(0.00012383454 0.0025932315 0 -0.00028812896 0 0)
(-5.945436e-05 0.0014495334 0 4.9885727e-06 0 0)
(-0.0002005998 0.00045582682 0 0.00019720704 0 0)
(-0.00020059509 -0.00045583861 0 0.00019720242 0 0)
(-5.9437138e-05 -0.0014495533 0 4.9711557e-06 0 0)
(0.00012384828 -0.0025932162 0 -0.00028814278 0 0)
(0.00016449331 -0.0039287749 0 -0.00053927948 0 0)
(0.00010575978 0.0039098747 0 -0.00047582199 0 0)
(8.5284898e-05 0.0026522504 0 -0.00025715172 0 0)
(-3.6156819e-05 0.0015162407 0 -2.1955742e-05 0 0)
(-0.00013388771 0.00048551846 0 0.00012949405 0 0)
(-0.00013381334 -0.00048555501 0 0.00012941948 0 0)
(-3.615652e-05 -0.0015162287 0 -2.1956164e-05 0 0)
(8.52891e-05 -0.0026522429 0 -0.00025715547 0 0)
(0.00010576303 -0.0039098571 0 -0.00047582433 0 0)
(6.7061432e-05 0.0038978289 0 -0.00043437634 0 0)
(5.7306618e-05 0.0026928667 0 -0.00023420226 0 0)
(-2.1558278e-05 0.0015628867 0 -3.9298467e-05 0 0)
(-8.7731485e-05 0.00050679013 0 8.24672e-05 0 0)
(-8.7914639e-05 -0.00050672296 0 8.2650619e-05 0 0)
(-2.1552618e-05 -0.0015628976 0 -3.9304186e-05 0 0)
(5.7312619e-05 -0.0026928535 0 -0.00023420824 0 0)
(6.7064414e-05 -0.0038978088 0 -0.00043437734 0 0)
(4.1766231e-05 0.0038901983 0 -0.00040749886 0 0)
(3.7769431e-05 0.0027198468 0 -0.00021793518 0 0)
(-1.2519019e-05 0.0015949616 0 -5.0306854e-05 0 0)
(-5.7091751e-05 0.00052139954 0 5.1151508e-05 0 0)
(-5.6797065e-05 -0.0005215376 0 5.0855806e-05 0 0)
(-1.2520265e-05 -0.0015949599 0 -5.0305941e-05 0 0)
(3.7769468e-05 -0.0027198379 0 -0.00021793442 0 0)
(4.1769086e-05 -0.0038901794 0 -0.00040750061 0 0)
(2.5491382e-05 0.0038854369 0 -0.00039033152 0 0)
(2.4410858e-05 0.0027374817 0 -0.00020666344 0 0)
(-7.0486735e-06 0.0016165458 0 -5.7141496e-05 0 0)
(-3.6062787e-05 0.00053167193 0 2.9628463e-05 0 0)
(-3.6467249e-05 -0.00053150759 0 3.003384e-05 0 0)
(-7.0507028e-06 -0.0016165511 0 -5.7139446e-05 0 0)
(2.4410074e-05 -0.0027374723 0 -0.00020666257 0 0)
(2.5491293e-05 -0.0038854163 0 -0.00039032936 0 0)
(1.5204108e-05 0.0038825252 0 -0.00037955593 0 0)
(1.5479853e-05 0.002748764 0 -0.00019904178 0 0)
(-3.7921546e-06 0.0016308726 0 -6.1314103e-05 0 0)
(-2.2467387e-05 0.00053849732 0 1.5688612e-05 0 0)
(-2.1971909e-05 -0.00053873375 0 1.5191588e-05 0 0)
(-3.7952493e-06 -0.0016308784 0 -6.1311466e-05 0 0)
(1.5477378e-05 -0.0027487549 0 -0.00019903844 0 0)
(1.5204479e-05 -0.0038825064 0 -0.00037955504 0 0)
(8.8155965e-06 0.003880785 0 -0.00037291391 0 0)
(9.6105637e-06 0.0027558786 0 -0.00019397795 0 0)
(-1.9166083e-06 0.0016401787 0 -6.3789464e-05 0 0)
(-1.3723007e-05 0.00054300053 0 6.7138414e-06 0 0)
(-1.4036674e-05 -0.00054287217 0 7.0283123e-06 0 0)
(-1.9221431e-06 -0.0016401819 0 -6.3783942e-05 0 0)
(9.605663e-06 -0.0027558726 0 -0.00019397289 0 0)
(8.8134248e-06 -0.0038807658 0 -0.00037290985 0 0)
(4.9305607e-06 0.0038797757 0 -0.00036890581 0 0)
(5.8283425e-06 0.0027602667 0 -0.00019068208 0 0)
(-8.6639342e-07 0.0016461379 0 -6.5222338e-05 0 0)
(-8.3201469e-06 0.00054585212 0 1.1602716e-06 0 0)
(-8.2125343e-06 -0.000545921 0 1.0518796e-06 0 0)
(-8.7048074e-07 -0.0016461476 0 -6.5218746e-05 0 0)
(5.8246538e-06 -0.002760259 0 -0.00019067765 0 0)
(4.9293769e-06 -0.0038797582 0 -0.00036890334 0 0)
(2.6254546e-06 0.0038792153 0 -0.00036655033 0 0)
(3.4376574e-06 0.0027629223 0 -0.00018857805 0 0)
(-3.0816593e-07 0.0016498721 0 -6.6018768e-05 0 0)
(-4.6786983e-06 0.0005478065 0 -2.5784884e-06 0 0)
(-4.7907453e-06 -0.00054776748 0 -2.4661782e-06 0 0)
(-3.142548e-07 -0.0016498752 0 -6.6012785e-05 0 0)
(3.431397e-06 -0.0027629185 0 -0.0001885716 0 0)
(2.6223513e-06 -0.0038791982 0 -0.00036654564 0 0)
(1.2976354e-06 0.0038789212 0 -0.00036520814 0 0)
(1.9528966e-06 0.0027644909 0 -0.00018725784 0 0)
(-3.1111131e-08 0.0016521634 0 -6.6440191e-05 0 0)
(-2.5959341e-06 0.00054895907 0 -4.7210566e-06 0 0)
(-2.4914518e-06 -0.00054902744 0 -4.8262384e-06 0 0)
(-3.5316507e-08 -0.0016521738 0 -6.6436459e-05 0 0)
(1.9490415e-06 -0.0027644848 0 -0.00018725345 0 0)
(1.2958916e-06 -0.0038789055 0 -0.00036520518 0 0)
(5.5970226e-07 0.0038787824 0 -0.00036447411 0 0)
(1.0589385e-06 0.0027653848 0 -0.0001864552 0 0)
(9.0882197e-08 0.0016535406 0 -6.6646791e-05 0 0)
(-1.2338923e-06 0.00054972747 0 -6.1197342e-06 0 0)
(-1.3636027e-06 -0.0005496765 0 -5.9893019e-06 0 0)
(8.5646988e-08 -0.0016535442 0 -6.6641753e-05 0 0)
(1.0530031e-06 -0.0027653818 0 -0.00018644907 0 0)
(5.5657319e-07 -0.0038787673 0 -0.0003644697 0 0)
(1.6250481e-07 0.0038787276 0 -0.00036408703 0 0)
(5.2797954e-07 0.0027658801 0 -0.00018597238 0 0)
(1.2998497e-07 0.0016543348 0 -6.6733824e-05 0 0)
(-6.1475553e-07 0.00055009965 0 -6.7588598e-06 0 0)
(-4.4823685e-07 -0.00055020487 0 -6.9268892e-06 0 0)
(1.260085e-07 -0.001654344 0 -6.6730261e-05 0 0)
(5.2443258e-07 -0.0027658752 0 -0.00018596847 0 0)
(1.6044759e-07 -0.0038787136 0 -0.00036408389 0 0)
(-2.2740156e-08 0.0038787226 0 -0.00036391396 0 0)
(2.328066e-07 0.0027661283 0 -0.0001857014 0 0)
(1.3022358e-07 0.0016547847 0 -6.6759484e-05 0 0)
(-6.874515e-08 0.00055042766 0 -7.3175448e-06 0 0)
(-1.6898405e-07 -0.00055038576 0 -7.2169235e-06 0 0)
(1.2605868e-07 -0.0016547888 0 -6.6755575e-05 0 0)
(2.2779436e-07 -0.0027661253 0 -0.00018569619 0 0)
(-2.5254964e-08 -0.0038787095 0 -0.00036391042 0 0)
(-1.078555e-07 0.0038787405 0 -0.00036383995 0 0)
(6.6797123e-08 0.0027662492 0 -0.0001855455 0 0)
(1.132588e-07 0.0016550153 0 -6.6755353e-05 0 0)
(-2.0029949e-08 0.00055047418 0 -7.3710516e-06 0 0)
(-2.6565535e-08 -0.0005504831 0 -7.3644563e-06 0 0)
(1.0954459e-07 -0.0016550226 0 -6.6751964e-05 0 0)
(6.348896e-08 -0.0027662452 0 -0.00018554195 0 0)
(-1.0997119e-07 -0.0038787281 0 -0.00036383691 0 0)
(-1.2895419e-07 0.0038787616 0 -0.00036382827 0 0)
(-1.1555808e-08 0.0027662949 0 -0.0001854705 0 0)
(9.1859742e-08 0.0016551321 0 -6.6739096e-05 0 0)
(7.4174832e-08 0.00055053809 0 -7.468273e-06 0 0)
(8.7773306e-08 -0.00055055951 0 -7.4822802e-06 0 0)
(8.8424999e-08 -0.0016551368 0 -6.6735918e-05 0 0)
(-1.554145e-08 -0.0027662918 0 -0.00018546632 0 0)
(-1.3100603e-07 -0.0038787498 0 -0.00036382541 0 0)
(-1.2181367e-07 0.0038787861 0 -0.00036384302 0 0)
(-5.7631916e-08 0.0027663092 0 -0.00018542335 0 0)
(7.2364739e-08 0.0016551761 0 -6.6721199e-05 0 0)
(1.2042767e-07 0.00055057869 0 -7.5158955e-06 0 0)
(1.0584926e-07 -0.00055057906 0 -7.5013944e-06 0 0)
(6.8787451e-08 -0.0016551818 0 -6.6717876e-05 0 0)
(-6.0786587e-08 -0.002766306 0 -0.00018542001 0 0)
(-1.2394769e-07 -0.0038787747 0 -0.00036384008 0 0)
(-1.0436099e-07 0.0038788047 0 -0.00036386626 0 0)
(-5.8609503e-08 0.0027663001 0 -0.00018542106 0 0)
(5.2364924e-08 0.0016551896 0 -6.6700331e-05 0 0)
(1.1217785e-07 0.00055057591 0 -7.5078451e-06 0 0)
(1.1435372e-07 -0.00055058863 0 -7.5101983e-06 0 0)
(4.9107126e-08 -0.0016551943 0 -6.6697316e-05 0 0)
(-6.2777873e-08 -0.0027662967 0 -0.00018541662 0 0)
(-1.0611746e-07 -0.0038787942 0 -0.00036386386 0 0)
(-8.3745668e-08 0.0038788211 0 -0.00036389052 0 0)
(-5.9805735e-08 0.0027662797 0 -0.00018541847 0 0)
(3.9202606e-08 0.0016551788 0 -6.6686042e-05 0 0)
(1.0028703e-07 0.00055057874 0 -7.4958578e-06 0 0)
(1.0073436e-07 -0.00055058784 0 -7.496483e-06 0 0)
(3.5686975e-08 -0.0016551831 0 -6.6682699e-05 0 0)
(-6.3088112e-08 -0.0027662769 0 -0.00018541505 0 0)
(-8.5332848e-08 -0.0038788114 0 -0.00036388828 0 0)
(-6.5483892e-08 0.0038788337 0 -0.00036391211 0 0)
(-4.9679302e-08 0.0027662644 0 -0.00018542615 0 0)
(2.866563e-08 0.0016551627 0 -6.6674136e-05 0 0)
(9.201583e-08 0.00055057269 0 -7.4873275e-06 0 0)
(8.9003715e-08 -0.00055058187 0 -7.4843982e-06 0 0)
(2.516085e-08 -0.0016551665 0 -6.6670815e-05 0 0)
(-5.3346075e-08 -0.002766262 0 -0.00018542226 0 0)
(-6.7318678e-08 -0.0038788242 0 -0.00036390971 0 0)
(-5.2253363e-08 0.0038788431 0 -0.00036392702 0 0)
(-4.4163945e-08 0.0027662536 0 -0.00018543037 0 0)
(1.7968921e-08 0.0016551414 0 -6.6661994e-05 0 0)
(6.882675e-08 0.00055056558 0 -7.4637311e-06 0 0)
(6.9512282e-08 -0.00055057427 0 -7.464559e-06 0 0)
(1.5193621e-08 -0.0016551463 0 -6.6659382e-05 0 0)
(-4.7435455e-08 -0.0027662509 0 -0.00018542697 0 0)
(-5.3850085e-08 -0.0038788346 0 -0.00036392488 0 0)
(-3.8376334e-08 0.0038788517 0 -0.00036394275 0 0)
(-3.3900834e-08 0.0027662394 0 -0.00018543901 0 0)
(1.4680762e-08 0.0016551265 0 -6.6657823e-05 0 0)
(6.6691391e-08 0.00055056194 0 -7.4613632e-06 0 0)
(6.1460385e-08 -0.00055056839 0 -7.4561814e-06 0 0)
(1.1301915e-08 -0.0016551296 0 -6.6654597e-05 0 0)
(-3.7418565e-08 -0.002766237 0 -0.00018543529 0 0)
(-4.011916e-08 -0.0038788435 0 -0.00036394053 0 0)
(-3.0678341e-08 0.0038788577 0 -0.00036395111 0 0)
(-2.9603186e-08 0.0027662318 0 -0.00018544256 0 0)
(1.0552223e-08 0.0016551122 0 -6.6652655e-05 0 0)
(4.6867532e-08 0.00055055322 0 -7.4411806e-06 0 0)
(4.5352538e-08 -0.00055056047 0 -7.4397708e-06 0 0)
(7.2885408e-09 -0.0016551157 0 -6.6649514e-05 0 0)
(-3.2841485e-08 -0.0027662296 0 -0.00018543919 0 0)
(-3.2252038e-08 -0.0038788504 0 -0.00036394908 0 0)
(-2.2794108e-08 0.003878863 0 -0.00036396003 0 0)
(-2.2113155e-08 0.0027662223 0 -0.00018544908 0 0)
(9.5535849e-09 0.0016551021 0 -6.6650999e-05 0 0)
(4.0544806e-08 0.00055054922 0 -7.4346577e-06 0 0)
(3.9551961e-08 -0.00055055574 0 -7.4337534e-06 0 0)
(6.4310503e-09 -0.001655105 0 -6.6647994e-05 0 0)
(-2.5462918e-08 -0.0027662203 0 -0.00018544555 0 0)
(-2.4467567e-08 -0.003878856 0 -0.00036395796 0 0)
(-1.821475e-08 0.0038788671 0 -0.00036396477 0 0)
(-1.9429144e-08 0.0027662174 0 -0.00018545151 0 0)
(6.8194188e-09 0.0016550913 0 -6.6647679e-05 0 0)
(3.0541581e-08 0.00055054306 0 -7.4244674e-06 0 0)
(2.9095205e-08 -0.00055054914 0 -7.4230984e-06 0 0)
(3.7266455e-09 -0.0016550943 0 -6.6644686e-05 0 0)
(-2.2516837e-08 -0.0027662156 0 -0.00018544829 0 0)
(-1.9728436e-08 -0.0038788609 0 -0.00036396288 0 0)
(-1.4657065e-08 0.0038788705 0 -0.000363969 0 0)
(-1.5079555e-08 0.0027662117 0 -0.00018545524 0 0)
(6.0563036e-09 0.0016550838 0 -6.6646569e-05 0 0)
(2.6282249e-08 0.00055054011 0 -7.4200875e-06 0 0)
(2.5583355e-08 -0.00055054573 0 -7.4194744e-06 0 0)
(3.2282035e-09 -0.0016550864 0 -6.6643824e-05 0 0)
(-1.8156063e-08 -0.0027662102 0 -0.00018545201 0 0)
(-1.6219875e-08 -0.0038788647 0 -0.00036396711 0 0)
(-1.1760236e-08 0.0038788735 0 -0.00036397181 0 0)
(-1.3351462e-08 0.0027662083 0 -0.00018545698 0 0)
(4.8955382e-09 0.0016550765 0 -6.664506e-05 0 0)
(2.1541324e-08 0.00055053643 0 -7.4152682e-06 0 0)
(2.0014391e-08 -0.00055054111 0 -7.4137948e-06 0 0)
(2.1336561e-09 -0.0016550792 0 -6.6642383e-05 0 0)
(-1.619743e-08 -0.002766207 0 -0.00018545401 0 0)
(-1.3192107e-08 -0.0038788684 0 -0.00036397007 0 0)
(-1.0533211e-08 0.0038788761 0 -0.00036397356 0 0)
(-1.1196235e-08 0.0027662051 0 -0.00018545869 0 0)
(4.2775691e-09 0.0016550713 0 -6.6644283e-05 0 0)
(1.9651847e-08 0.00055053461 0 -7.4133132e-06 0 0)
(1.9137249e-08 -0.00055053984 0 -7.412876e-06 0 0)
(1.782573e-09 -0.0016550737 0 -6.6641851e-05 0 0)
(-1.3912634e-08 -0.0027662039 0 -0.00018545584 0 0)
(-1.194954e-08 -0.0038788714 0 -0.00036397187 0 0)
(-8.7674172e-09 0.0038788784 0 -0.00036397513 0 0)
(-1.0202296e-08 0.0027662027 0 -0.0001854598 0 0)
(3.8744976e-09 0.001655066 0 -6.6643649e-05 0 0)
(1.7504802e-08 0.00055053229 0 -7.4111408e-06 0 0)
(1.6569486e-08 -0.00055053683 0 -7.4102514e-06 0 0)
(1.5048156e-09 -0.0016550684 0 -6.6641351e-05 0 0)
(-1.2701482e-08 -0.0027662017 0 -0.0001854572 0 0)
(-1.0048203e-08 -0.0038788742 0 -0.00036397359 0 0)
(-8.461747e-09 0.0038788806 0 -0.00036397589 0 0)
(-9.1494521e-09 0.0027662006 0 -0.00018546051 0 0)
(3.4407786e-09 0.001655062 0 -6.6643139e-05 0 0)
(1.6492999e-08 0.00055053074 0 -7.4100872e-06 0 0)
(1.5957935e-08 -0.00055053518 0 -7.409617e-06 0 0)
(1.3221499e-09 -0.0016550641 0 -6.6641073e-05 0 0)
(-1.1450621e-08 -0.0027661997 0 -0.00018545809 0 0)
(-9.6869637e-09 -0.0038788768 0 -0.00036397446 0 0)
(-7.4074769e-09 0.0038788825 0 -0.0003639767 0 0)
(-8.7306282e-09 0.0027661989 0 -0.00018546109 0 0)
(3.2948615e-09 0.0016550583 0 -6.6642834e-05 0 0)
(1.5350791e-08 0.00055052892 0 -7.4089406e-06 0 0)
(1.4638222e-08 -0.00055053285 0 -7.4082659e-06 0 0)
(1.3477833e-09 -0.0016550604 0 -6.664095e-05 0 0)
(-1.081907e-08 -0.0027661981 0 -0.00018545891 0 0)
(-8.4897228e-09 -0.0038788792 0 -0.0003639754 0 0)
(-7.4154519e-09 0.0038788846 0 -0.00036397713 0 0)
(-8.1140022e-09 0.0027661974 0 -0.0001854614 0 0)
(2.9933281e-09 0.0016550547 0 -6.6642497e-05 0 0)
(1.4717827e-08 0.00055052758 0 -7.4082779e-06 0 0)
(1.4182574e-08 -0.00055053123 0 -7.4077969e-06 0 0)
(1.2759768e-09 -0.0016550565 0 -6.6640825e-05 0 0)
(-9.9816445e-09 -0.0027661967 0 -0.00018545945 0 0)
(-8.4229195e-09 -0.0038788816 0 -0.00036397595 0 0)
(-6.7123941e-09 0.0038788863 0 -0.00036397755 0 0)
(-8.0181644e-09 0.002766196 0 -0.00018546169 0 0)
(2.8922379e-09 0.001655052 0 -6.6642277e-05 0 0)
(1.4031945e-08 0.00055052602 0 -7.4075959e-06 0 0)
(1.3470105e-08 -0.00055052928 0 -7.4070654e-06 0 0)
(1.3610215e-09 -0.0016550538 0 -6.6640801e-05 0 0)
(-9.6852303e-09 -0.0027661955 0 -0.00018545995 0 0)
(-7.5835973e-09 -0.0038788837 0 -0.00036397651 0 0)
(-6.8472017e-09 0.0038788883 0 -0.00036397784 0 0)
(-7.5701174e-09 0.0027661948 0 -0.00018546186 0 0)
(2.6596182e-09 0.0016550487 0 -6.6642037e-05 0 0)
(1.357027e-08 0.00055052481 0 -7.4071109e-06 0 0)
(1.3103728e-08 -0.00055052781 0 -7.4066906e-06 0 0)
(1.3315103e-09 -0.0016550503 0 -6.664075e-05 0 0)
(-9.0209621e-09 -0.0027661943 0 -0.00018546034 0 0)
(-7.6386548e-09 -0.0038788859 0 -0.00036397692 0 0)
(-6.2975385e-09 0.0038788898 0 -0.00036397811 0 0)
(-7.614596e-09 0.0027661936 0 -0.00018546201 0 0)
(2.5742228e-09 0.0016550464 0 -6.6641849e-05 0 0)
(1.30975e-08 0.00055052338 0 -7.406645e-06 0 0)
(1.2673232e-08 -0.00055052607 0 -7.4062472e-06 0 0)
(1.4210128e-09 -0.0016550479 0 -6.6640746e-05 0 0)
(-8.8877422e-09 -0.0027661932 0 -0.00018546069 0 0)
(-6.9665281e-09 -0.0038788878 0 -0.0003639773 0 0)
(-6.4854514e-09 0.0038788918 0 -0.00036397834 0 0)
(-7.235256e-09 0.0027661926 0 -0.00018546213 0 0)
(2.3785118e-09 0.0016550435 0 -6.6641662e-05 0 0)
(1.2718925e-08 0.00055052226 0 -7.406247e-06 0 0)
(1.2350559e-08 -0.00055052474 0 -7.4059187e-06 0 0)
(1.3972815e-09 -0.0016550447 0 -6.6640719e-05 0 0)
(-8.313637e-09 -0.0027661921 0 -0.000185461 0 0)
(-7.0811218e-09 -0.0038788899 0 -0.00036397763 0 0)
(-5.9995966e-09 0.0038788933 0 -0.00036397853 0 0)
(-7.3290736e-09 0.0027661915 0 -0.00018546224 0 0)
(2.3099182e-09 0.0016550413 0 -6.66415e-05 0 0)
(1.234896e-08 0.0005505209 0 -7.4058851e-06 0 0)
(1.204545e-08 -0.00055052314 0 -7.4056042e-06 0 0)
(1.477995e-09 -0.0016550425 0 -6.6640715e-05 0 0)
(-8.2589531e-09 -0.0027661911 0 -0.00018546128 0 0)
(-6.4894149e-09 -0.0038788916 0 -0.00036397792 0 0)
(-6.206921e-09 0.0038788951 0 -0.00036397873 0 0)
(-6.9764357e-09 0.0027661905 0 -0.00018546235 0 0)
(2.139389e-09 0.0016550385 0 -6.6641346e-05 0 0)
(1.2015049e-08 0.00055051983 0 -7.4055345e-06 0 0)
(1.1744186e-08 -0.0005505219 0 -7.4052991e-06 0 0)
(1.4472632e-09 -0.0016550396 0 -6.664069e-05 0 0)
(-7.7432119e-09 -0.0027661901 0 -0.00018546154 0 0)
(-6.6365735e-09 -0.0038788936 0 -0.00036397821 0 0)
(-5.7470784e-09 0.0038788966 0 -0.0003639789 0 0)
(-7.0802572e-09 0.0027661895 0 -0.00018546244 0 0)
(2.0880673e-09 0.0016550365 0 -6.6641209e-05 0 0)
(1.1698e-08 0.00055051853 0 -7.4052261e-06 0 0)
(1.1493781e-08 -0.00055052043 0 -7.4050417e-06 0 0)
(1.5141595e-09 -0.0016550375 0 -6.6640679e-05 0 0)
(-7.729656e-09 -0.0027661892 0 -0.00018546177 0 0)
(-6.0885406e-09 -0.0038788952 0 -0.00036397846 0 0)
(-5.958711e-09 0.0038788984 0 -0.00036397909 0 0)
(-6.7353062e-09 0.0027661886 0 -0.00018546255 0 0)
(1.9382732e-09 0.0016550338 0 -6.6641078e-05 0 0)
(1.1391475e-08 0.0005505175 0 -7.4049054e-06 0 0)
(1.1203163e-08 -0.00055051926 0 -7.4047488e-06 0 0)
(1.4735485e-09 -0.0016550347 0 -6.6640648e-05 0 0)
(-7.2552515e-09 -0.0027661882 0 -0.00018546201 0 0)
(-6.2555902e-09 -0.003878897 0 -0.00036397872 0 0)
(-5.509512e-09 0.0038788998 0 -0.00036397925 0 0)
(-6.8339938e-09 0.0027661877 0 -0.00018546265 0 0)
(1.9031464e-09 0.0016550319 0 -6.6640964e-05 0 0)
(1.1104707e-08 0.00055051625 0 -7.4046278e-06 0 0)
(1.0977042e-08 -0.0005505179 0 -7.4045176e-06 0 0)
(1.5258725e-09 -0.0016550327 0 -6.6640629e-05 0 0)
(-7.2663207e-09 -0.0027661873 0 -0.00018546221 0 0)
(-5.735396e-09 -0.0038788985 0 -0.00036397894 0 0)
(-5.7191388e-09 0.0038789015 0 -0.00036397943 0 0)
(-6.4892296e-09 0.0027661868 0 -0.00018546277 0 0)
(1.7713024e-09 0.0016550294 0 -6.6640853e-05 0 0)
(1.081707e-08 0.00055051525 0 -7.4043282e-06 0 0)
(1.0691978e-08 -0.00055051678 0 -7.4042319e-06 0 0)
(1.4758763e-09 -0.0016550301 0 -6.6640591e-05 0 0)
(-6.8242782e-09 -0.0027661864 0 -0.00018546242 0 0)
(-5.9156665e-09 -0.0038789003 0 -0.00036397917 0 0)
(-5.2747247e-09 0.0038789029 0 -0.00036397958 0 0)
(-6.5779757e-09 0.002766186 0 -0.00018546287 0 0)
(1.75018e-09 0.0016550276 0 -6.664076e-05 0 0)
(1.0549838e-08 0.00055051406 0 -7.4040707e-06 0 0)
(1.04776e-08 -0.00055051552 0 -7.4040141e-06 0 0)
(1.5146092e-09 -0.0016550282 0 -6.6640564e-05 0 0)
(-6.8514547e-09 -0.0027661856 0 -0.0001854626 0 0)
(-5.4157231e-09 -0.0038789017 0 -0.00036397937 0 0)
(-5.4800868e-09 0.0038789045 0 -0.00036397977 0 0)
(-6.2315777e-09 0.0027661851 0 -0.000185463 0 0)
(1.6335254e-09 0.0016550251 0 -6.6640666e-05 0 0)
(1.0276263e-08 0.00055051308 0 -7.403787e-06 0 0)
(1.0195894e-08 -0.00055051444 0 -7.4037331e-06 0 0)
(1.4569477e-09 -0.0016550257 0 -6.664052e-05 0 0)
(-6.43658e-09 -0.0027661848 0 -0.00018546279 0 0)
(-5.60509e-09 -0.0038789034 0 -0.00036397959 0 0)
(-5.0386171e-09 0.0038789058 0 -0.00036397991 0 0)
(-6.3099127e-09 0.0027661843 0 -0.00018546312 0 0)
(1.6234369e-09 0.0016550234 0 -6.6640588e-05 0 0)
(1.0023013e-08 0.00055051195 0 -7.403544e-06 0 0)
(9.9882713e-09 -0.00055051329 0 -7.4035236e-06 0 0)
(1.4840795e-09 -0.001655024 0 -6.6640487e-05 0 0)
(-6.475148e-09 -0.0027661839 0 -0.00018546296 0 0)
(-5.121054e-09 -0.0038789047 0 -0.00036397977 0 0)
(-5.2393427e-09 0.0038789074 0 -0.00036398009 0 0)
(-5.9624971e-09 0.0027661835 0 -0.00018546325 0 0)
(1.5193193e-09 0.0016550211 0 -6.6640508e-05 0 0)
(9.7604249e-09 0.000550511 0 -7.4032732e-06 0 0)
(9.7092684e-09 -0.00055051225 0 -7.4032465e-06 0 0)
(1.4207254e-09 -0.0016550216 0 -6.6640439e-05 0 0)
(-6.080219e-09 -0.0027661831 0 -0.00018546313 0 0)
(-5.3166453e-09 -0.0038789064 0 -0.00036397997 0 0)
(-4.8006332e-09 0.0038789086 0 -0.00036398024 0 0)
(-6.0317216e-09 0.0027661827 0 -0.00018546337 0 0)
(1.517328e-09 0.0016550194 0 -6.6640444e-05 0 0)
(9.5180053e-09 0.00055050992 0 -7.4030415e-06 0 0)
(9.5065365e-09 -0.00055051119 0 -7.4030432e-06 0 0)
(1.4384298e-09 -0.00165502 0 -6.6640402e-05 0 0)
(-6.1274499e-09 -0.0027661823 0 -0.00018546329 0 0)
(-4.8455174e-09 -0.0038789076 0 -0.00036398014 0 0)
(-4.9972101e-09 0.0038789102 0 -0.00036398042 0 0)
(-5.6848407e-09 0.002766182 0 -0.00018546352 0 0)
(1.423283e-09 0.0016550172 0 -6.6640375e-05 0 0)
(9.264356e-09 0.000550509 0 -7.4027813e-06 0 0)
(9.2304378e-09 -0.00055051017 0 -7.4027702e-06 0 0)
(1.3713224e-09 -0.0016550177 0 -6.6640351e-05 0 0)
(-5.7491399e-09 -0.0027661816 0 -0.00018546345 0 0)
(-5.045402e-09 -0.0038789091 0 -0.00036398033 0 0)
(-4.5617211e-09 0.0038789113 0 -0.00036398056 0 0)
(-5.7469093e-09 0.0027661813 0 -0.00018546364 0 0)
(1.4268029e-09 0.0016550156 0 -6.6640321e-05 0 0)
(9.0308668e-09 0.00055050799 0 -7.4025588e-06 0 0)
(9.032027e-09 -0.0005505092 0 -7.4025722e-06 0 0)
(1.3817469e-09 -0.0016550161 0 -6.6640311e-05 0 0)
(-5.8024697e-09 -0.0027661809 0 -0.0001854636 0 0)
(-4.5849819e-09 -0.0038789103 0 -0.00036398049 0 0)
(-4.7549893e-09 0.0038789128 0 -0.00036398074 0 0)
(-5.4022764e-09 0.0027661806 0 -0.00018546379 0 0)
(1.3407099e-09 0.0016550135 0 -6.664026e-05 0 0)
(8.7848494e-09 0.0005505071 0 -7.4023078e-06 0 0)
(8.7595022e-09 -0.00055050821 0 -7.4023037e-06 0 0)
(1.3125734e-09 -0.001655014 0 -6.664026e-05 0 0)
(-5.4381291e-09 -0.0027661801 0 -0.00018546376 0 0)
(-4.7877199e-09 -0.0038789118 0 -0.00036398067 0 0)
(-4.32338e-09 0.0038789139 0 -0.00036398088 0 0)
(-5.4595129e-09 0.0027661798 0 -0.00018546392 0 0)
(1.3476593e-09 0.001655012 0 -6.6640214e-05 0 0)
(8.559151e-09 0.00055050614 0 -7.4020933e-06 0 0)
(8.5653963e-09 -0.00055050732 0 -7.402111e-06 0 0)
(1.3176336e-09 -0.0016550125 0 -6.6640218e-05 0 0)
(-5.49557e-09 -0.0027661794 0 -0.0001854639 0 0)
(-4.3364614e-09 -0.0038789129 0 -0.00036398082 0 0)
(-4.5142762e-09 0.0038789153 0 -0.00036398105 0 0)
(-5.1180311e-09 0.0027661792 0 -0.00018546407 0 0)
(1.2677994e-09 0.00165501 0 -6.6640161e-05 0 0)
(8.3200191e-09 0.00055050529 0 -7.4018504e-06 0 0)
(8.2973391e-09 -0.00055050637 0 -7.4018477e-06 0 0)
(1.2477643e-09 -0.0016550105 0 -6.6640166e-05 0 0)
(-5.1430748e-09 -0.0027661788 0 -0.00018546405 0 0)
(-4.5409401e-09 -0.0038789142 0 -0.000363981 0 0)
(-4.0872074e-09 0.0038789163 0 -0.00036398119 0 0)
(-5.1730408e-09 0.0027661785 0 -0.0001854642 0 0)
(1.2766221e-09 0.0016550086 0 -6.664012e-05 0 0)
(8.1014838e-09 0.00055050439 0 -7.4016432e-06 0 0)
(8.1077699e-09 -0.00055050555 0 -7.4016602e-06 0 0)
(1.2490579e-09 -0.0016550091 0 -6.6640125e-05 0 0)
(-5.2032683e-09 -0.0027661781 0 -0.00018546418 0 0)
(-4.0977844e-09 -0.0038789153 0 -0.00036398114 0 0)
(-4.2766399e-09 0.0038789177 0 -0.00036398136 0 0)
(-4.8348077e-09 0.0027661779 0 -0.00018546435 0 0)
(1.2016709e-09 0.0016550067 0 -6.6640072e-05 0 0)
(7.868908e-09 0.00055050357 0 -7.401408e-06 0 0)
(7.8451399e-09 -0.00055050462 0 -7.4014029e-06 0 0)
(1.1795485e-09 -0.0016550071 0 -6.6640074e-05 0 0)
(-4.8610628e-09 -0.0027661774 0 -0.00018546433 0 0)
(-4.303346e-09 -0.0038789166 0 -0.00036398131 0 0)
(-3.8546921e-09 0.0038789186 0 -0.00036398149 0 0)
(-4.8888226e-09 0.0027661772 0 -0.00018546448 0 0)
(1.2112829e-09 0.0016550054 0 -6.6640035e-05 0 0)
(7.657263e-09 0.00055050273 0 -7.4012075e-06 0 0)
(7.6604529e-09 -0.00055050388 0 -7.4012207e-06 0 0)
(1.1783463e-09 -0.0016550058 0 -6.6640033e-05 0 0)
(-4.9231724e-09 -0.0027661768 0 -0.00018546446 0 0)
(-3.8675627e-09 -0.0038789176 0 -0.00036398144 0 0)
(-4.0434876e-09 0.0038789199 0 -0.00036398165 0 0)
(-4.5563325e-09 0.0027661766 0 -0.00018546462 0 0)
(1.1402633e-09 0.0016550036 0 -6.6639991e-05 0 0)
(7.4312105e-09 0.00055050195 0 -7.4009798e-06 0 0)
(7.4041778e-09 -0.00055050298 0 -7.4009702e-06 0 0)
(1.1099717e-09 -0.001655004 0 -6.6639984e-05 0 0)
(-4.5901711e-09 -0.0027661762 0 -0.0001854646 0 0)
(-4.0738903e-09 -0.0038789188 0 -0.0003639816 0 0)
(-3.6271353e-09 0.0038789208 0 -0.00036398178 0 0)
(-4.6097472e-09 0.002766176 0 -0.00018546475 0 0)
(1.1499658e-09 0.0016550023 0 -6.6639958e-05 0 0)
(7.2264188e-09 0.00055050117 0 -7.4007859e-06 0 0)
(7.2247592e-09 -0.00055050229 0 -7.4007936e-06 0 0)
(1.107249e-09 -0.0016550028 0 -6.6639944e-05 0 0)
(-4.6537566e-09 -0.0027661756 0 -0.00018546472 0 0)
(-3.645005e-09 -0.0038789198 0 -0.00036398173 0 0)
(-3.8160161e-09 0.003878922 0 -0.00036398194 0 0)
(-4.2844041e-09 0.0027661755 0 -0.0001854649 0 0)
(1.082181e-09 0.0016550006 0 -6.6639917e-05 0 0)
(7.0070511e-09 0.00055050042 0 -7.4005656e-06 0 0)
(6.9756869e-09 -0.00055050144 0 -7.4005506e-06 0 0)
(1.0405523e-09 -0.001655001 0 -6.6639897e-05 0 0)
(-4.3292361e-09 -0.002766175 0 -0.00018546486 0 0)
(-3.8520208e-09 -0.0038789209 0 -0.00036398189 0 0)
(-3.4056206e-09 0.0038789228 0 -0.00036398206 0 0)
(-4.338093e-09 0.0027661749 0 -0.00018546502 0 0)
(1.0915656e-09 0.0016549995 0 -6.6639887e-05 0 0)
(6.8092189e-09 0.00055049969 0 -7.4003783e-06 0 0)
(6.8019171e-09 -0.0005505008 0 -7.4003798e-06 0 0)
(1.0370384e-09 -0.0016549999 0 -6.6639859e-05 0 0)
(-4.3941419e-09 -0.0027661745 0 -0.00018546498 0 0)
(-3.4297461e-09 -0.0038789218 0 -0.00036398201 0 0)
(-3.5952036e-09 0.003878924 0 -0.00036398222 0 0)
(-4.0203618e-09 0.0027661744 0 -0.00018546516 0 0)
(1.0265328e-09 0.0016549978 0 -6.6639849e-05 0 0)
(6.5968073e-09 0.00055049898 0 -7.4001657e-06 0 0)
(6.56079e-09 -0.00055049998 0 -7.4001449e-06 0 0)
(9.7238167e-10 -0.0016549982 0 -6.6639814e-05 0 0)
(-4.0776379e-09 -0.002766174 0 -0.00018546511 0 0)
(-3.6375324e-09 -0.0038789229 0 -0.00036398216 0 0)
(-3.1910248e-09 0.0038789248 0 -0.00036398233 0 0)
(-4.0751676e-09 0.0027661738 0 -0.00018546529 0 0)
(1.0353973e-09 0.0016549967 0 -6.663982e-05 0 0)
(6.4061128e-09 0.00055049829 0 -7.399985e-06 0 0)
(6.3930137e-09 -0.00055049938 0 -7.39998e-06 0 0)
(9.6861232e-10 -0.0016549972 0 -6.6639778e-05 0 0)
(-4.1438985e-09 -0.0027661734 0 -0.00018546523 0 0)
(-3.2217053e-09 -0.0038789237 0 -0.00036398228 0 0)
(-3.38183e-09 0.0038789258 0 -0.00036398248 0 0)
(-3.7653196e-09 0.0027661733 0 -0.00018546542 0 0)
(9.7279047e-10 0.0016549952 0 -6.6639784e-05 0 0)
(6.2009737e-09 0.00055049763 0 -7.3997802e-06 0 0)
(6.16046e-09 -0.00055049861 0 -7.3997539e-06 0 0)
(9.0622218e-10 -0.0016549956 0 -6.6639735e-05 0 0)
(-3.8351189e-09 -0.0027661729 0 -0.00018546536 0 0)
(-3.4304417e-09 -0.0038789248 0 -0.00036398242 0 0)
(-2.984038e-09 0.0038789265 0 -0.00036398259 0 0)
(-3.8219241e-09 0.0027661728 0 -0.00018546554 0 0)
(9.8107145e-10 0.0016549942 0 -6.6639757e-05 0 0)
(6.0176142e-09 0.00055049699 0 -7.3996063e-06 0 0)
(5.9989663e-09 -0.00055049805 0 -7.3995951e-06 0 0)
(9.0258619e-10 -0.0016549946 0 -6.6639702e-05 0 0)
(-3.9028833e-09 -0.0027661724 0 -0.00018546547 0 0)
(-3.0209717e-09 -0.0038789255 0 -0.00036398253 0 0)
(-3.1764965e-09 0.0038789276 0 -0.00036398273 0 0)
(-3.5201223e-09 0.0027661723 0 -0.00018546567 0 0)
(9.2067241e-10 0.0016549927 0 -6.6639723e-05 0 0)
(5.8200615e-09 0.00055049636 0 -7.3994094e-06 0 0)
(5.7754989e-09 -0.00055049733 0 -7.3993781e-06 0 0)
(8.4259128e-10 -0.0016549931 0 -6.6639661e-05 0 0)
(-3.6016394e-09 -0.0027661719 0 -0.00018546559 0 0)
(-3.2308865e-09 -0.0038789265 0 -0.00036398267 0 0)
(-2.7851841e-09 0.0038789282 0 -0.00036398284 0 0)
(-3.5790584e-09 0.0027661718 0 -0.00018546578 0 0)
(9.2839236e-10 0.0016549918 0 -6.6639697e-05 0 0)
(5.6442172e-09 0.00055049576 0 -7.3992424e-06 0 0)
(5.6205112e-09 -0.0005504968 0 -7.3992256e-06 0 0)
(8.3936789e-10 -0.0016549922 0 -6.663963e-05 0 0)
(-3.6711152e-09 -0.0027661715 0 -0.0001854657 0 0)
(-2.827717e-09 -0.0038789272 0 -0.00036398278 0 0)
(-2.9796479e-09 0.0038789292 0 -0.00036398298 0 0)
(-3.2853687e-09 0.0027661714 0 -0.00018546591 0 0)
(8.7005502e-10 0.0016549904 0 -6.6639664e-05 0 0)
(5.4545292e-09 0.00055049518 0 -7.3990538e-06 0 0)
(5.4065253e-09 -0.00055049613 0 -7.3990181e-06 0 0)
(7.8182712e-10 -0.0016549908 0 -6.6639591e-05 0 0)
(-3.3772717e-09 -0.002766171 0 -0.00018546582 0 0)
(-3.0390525e-09 -0.0038789282 0 -0.00036398291 0 0)
(-2.5948415e-09 0.0038789298 0 -0.00036398308 0 0)
(-3.3470425e-09 0.002766171 0 -0.00018546602 0 0)
(8.7728597e-10 0.0016549896 0 -6.663964e-05 0 0)
(5.2863397e-09 0.00055049461 0 -7.3988937e-06 0 0)
(5.2581993e-09 -0.00055049562 0 -7.3988718e-06 0 0)
(7.792144e-10 -0.00165499 0 -6.6639562e-05 0 0)
(-3.4486846e-09 -0.0027661706 0 -0.00018546593 0 0)
(-2.6421342e-09 -0.0038789288 0 -0.00036398301 0 0)
(-2.7915906e-09 0.0038789307 0 -0.00036398321 0 0)
(-3.0614468e-09 0.0027661705 0 -0.00018546614 0 0)
(8.2090916e-10 0.0016549883 0 -6.6639609e-05 0 0)
(5.1047381e-09 0.00055049407 0 -7.3987134e-06 0 0)
(5.0539764e-09 -0.000550495 0 -7.398674e-06 0 0)
(7.2413752e-10 -0.0016549886 0 -6.6639526e-05 0 0)
(-3.1621254e-09 -0.0027661702 0 -0.00018546604 0 0)
(-2.8551223e-09 -0.0038789297 0 -0.00036398313 0 0)
(-2.4132597e-09 0.0038789313 0 -0.0003639833 0 0)
(-3.1261595e-09 0.0027661701 0 -0.00018546624 0 0)
(8.2774771e-10 0.0016549875 0 -6.6639586e-05 0 0)
(4.9442894e-09 0.00055049354 0 -7.3985603e-06 0 0)
(4.9123998e-09 -0.00055049452 0 -7.398534e-06 0 0)
(7.2227321e-10 -0.0016549878 0 -6.6639499e-05 0 0)
(-3.2356926e-09 -0.0027661698 0 -0.00018546614 0 0)
(-2.4643957e-09 -0.0038789303 0 -0.00036398323 0 0)
(-2.6125091e-09 0.0038789321 0 -0.00036398342 0 0)
(-2.8485695e-09 0.0027661697 0 -0.00018546636 0 0)
(7.7325757e-10 0.0016549862 0 -6.6639556e-05 0 0)
(4.7709268e-09 0.00055049304 0 -7.3983884e-06 0 0)
(4.7181097e-09 -0.00055049395 0 -7.3983462e-06 0 0)
(6.6963487e-10 -0.0016549866 0 -6.6639464e-05 0 0)
(-2.9562983e-09 -0.0027661694 0 -0.00018546625 0 0)
(-2.6792427e-09 -0.0038789312 0 -0.00036398335 0 0)
(-2.2405744e-09 0.0038789326 0 -0.00036398352 0 0)
(-2.916534e-09 0.0027661693 0 -0.00018546646 0 0)
(7.7980939e-10 0.0016549855 0 -6.6639534e-05 0 0)
(4.6182459e-09 0.00055049254 0 -7.3982424e-06 0 0)
(4.5833088e-09 -0.00055049348 0 -7.3982125e-06 0 0)
(6.686108e-10 -0.0016549859 0 -6.663944e-05 0 0)
(-3.0322131e-09 -0.002766169 0 -0.00018546635 0 0)
(-2.294629e-09 -0.0038789317 0 -0.00036398344 0 0)
(-2.4424804e-09 0.0038789334 0 -0.00036398363 0 0)
(-2.6468008e-09 0.002766169 0 -0.00018546656 0 0)
(7.2714712e-10 0.0016549843 0 -6.6639505e-05 0 0)
(4.4532009e-09 0.00055049208 0 -7.398079e-06 0 0)
(4.399014e-09 -0.00055049296 0 -7.3980346e-06 0 0)
(6.1836046e-10 -0.0016549847 0 -6.6639407e-05 0 0)
(-2.7598463e-09 -0.0027661686 0 -0.00018546645 0 0)
(-2.5115067e-09 -0.0038789325 0 -0.00036398356 0 0)
(-2.0768199e-09 0.0038789339 0 -0.00036398372 0 0)
(-2.7181564e-09 0.0027661686 0 -0.00018546666 0 0)
(7.3351716e-10 0.0016549837 0 -6.6639485e-05 0 0)
(4.3082549e-09 0.00055049161 0 -7.39794e-06 0 0)
(4.2709584e-09 -0.00055049251 0 -7.3979071e-06 0 0)
(6.1823259e-10 -0.001654984 0 -6.6639385e-05 0 0)
(-2.8382691e-09 -0.0027661683 0 -0.00018546654 0 0)
(-2.1329023e-09 -0.003878933 0 -0.00036398364 0 0)
(-2.2814853e-09 0.0038789347 0 -0.00036398383 0 0)
(-2.4560814e-09 0.0027661683 0 -0.00018546676 0 0)
(6.8263137e-10 0.0016549826 0 -6.6639457e-05 0 0)
(4.1515319e-09 0.00055049119 0 -7.397785e-06 0 0)
(4.0966216e-09 -0.00055049204 0 -7.3977391e-06 0 0)
(5.7030073e-10 -0.0016549829 0 -6.6639354e-05 0 0)
(-2.5727734e-09 -0.002766168 0 -0.00018546664 0 0)
(-2.3519448e-09 -0.0038789338 0 -0.00036398375 0 0)
(-1.9219414e-09 0.0038789351 0 -0.00036398391 0 0)
(-2.5309034e-09 0.0027661679 0 -0.00018546685 0 0)
(6.8891863e-10 0.001654982 0 -6.6639437e-05 0 0)
(4.0142319e-09 0.00055049074 0 -7.3976529e-06 0 0)
(3.9752325e-09 -0.0005504916 0 -7.3976178e-06 0 0)
(5.7109697e-10 -0.0016549823 0 -6.6639333e-05 0 0)
(-2.6538269e-09 -0.0027661676 0 -0.00018546673 0 0)
(-1.9792204e-09 -0.0038789342 0 -0.00036398383 0 0)
(-2.1294215e-09 0.0038789358 0 -0.00036398401 0 0)
(-2.2762451e-09 0.0027661676 0 -0.00018546695 0 0)
(6.3976112e-10 0.0016549809 0 -6.6639411e-05 0 0)
(3.8657639e-09 0.00055049035 0 -7.3975062e-06 0 0)
(3.8107225e-09 -0.00055049118 0 -7.3974595e-06 0 0)
(5.2539975e-10 -0.0016549813 0 -6.6639305e-05 0 0)
(-2.395019e-09 -0.0027661673 0 -0.00018546683 0 0)
(-2.2005228e-09 -0.003878935 0 -0.00036398393 0 0)
(-1.7758057e-09 0.0038789362 0 -0.00036398408 0 0)
(-2.3545553e-09 0.0027661673 0 -0.00018546703 0 0)
(6.4605593e-10 0.0016549804 0 -6.6639392e-05 0 0)
(3.7359696e-09 0.00055048993 0 -7.3973809e-06 0 0)
(3.695878e-09 -0.00055049075 0 -7.3973443e-06 0 0)
(5.2712542e-10 -0.0016549807 0 -6.6639286e-05 0 0)
(-2.4787905e-09 -0.002766167 0 -0.00018546691 0 0)
(-1.8335248e-09 -0.0038789354 0 -0.00036398401 0 0)
(-1.9861132e-09 0.0038789368 0 -0.00036398418 0 0)
(-2.1070377e-09 0.002766167 0 -0.00018546712 0 0)
(5.9857861e-10 0.0016549794 0 -6.6639367e-05 0 0)
(3.5956247e-09 0.00055048958 0 -7.3972425e-06 0 0)
(3.5409835e-09 -0.00055049038 0 -7.3971954e-06 0 0)
(4.8356778e-10 -0.0016549797 0 -6.6639259e-05 0 0)
(-2.2264616e-09 -0.0027661667 0 -0.000185467 0 0)
(-2.0571448e-09 -0.0038789361 0 -0.00036398411 0 0)
(-1.6382123e-09 0.0038789372 0 -0.00036398425 0 0)
(-2.1888105e-09 0.0027661667 0 -0.0001854672 0 0)
(6.0496113e-10 0.0016549789 0 -6.6639349e-05 0 0)
(3.4731505e-09 0.00055048918 0 -7.3971238e-06 0 0)
(3.4325241e-09 -0.00055048996 0 -7.3970861e-06 0 0)
(4.8621006e-10 -0.0016549792 0 -6.6639242e-05 0 0)
(-2.3130041e-09 -0.0027661664 0 -0.00018546708 0 0)
(-1.6956978e-09 -0.0038789364 0 -0.00036398418 0 0)
(-1.8513243e-09 0.0038789378 0 -0.00036398435 0 0)
(-1.9481281e-09 0.0027661664 0 -0.00018546728 0 0)
(5.5911484e-10 0.001654978 0 -6.6639325e-05 0 0)
(3.3407389e-09 0.00055048887 0 -7.3969933e-06 0 0)
(3.286964e-09 -0.00055048963 0 -7.3969465e-06 0 0)
(4.4468863e-10 -0.0016549783 0 -6.6639217e-05 0 0)
(-2.0669229e-09 -0.0027661661 0 -0.00018546716 0 0)
(-1.9216581e-09 -0.0038789371 0 -0.00036398427 0 0)
(-1.5089036e-09 0.0038789381 0 -0.00036398441 0 0)
(-2.033301e-09 0.0027661661 0 -0.00018546736 0 0)
(5.6565448e-10 0.0016549775 0 -6.6639308e-05 0 0)
(3.2253607e-09 0.00055048849 0 -7.3968811e-06 0 0)
(3.1846989e-09 -0.00055048923 0 -7.3968429e-06 0 0)
(4.482204e-10 -0.0016549778 0 -6.6639201e-05 0 0)
(-2.1562588e-09 -0.0027661659 0 -0.00018546724 0 0)
(-1.5655685e-09 -0.0038789374 0 -0.00036398434 0 0)
(-1.7247652e-09 0.0038789387 0 -0.0003639845 0 0)
(-1.7991297e-09 0.0027661659 0 -0.00018546744 0 0)
(5.2138752e-10 0.0016549767 0 -6.6639285e-05 0 0)
(3.1006431e-09 0.0005504882 0 -7.3967583e-06 0 0)
(3.0481334e-09 -0.00055048894 0 -7.3967122e-06 0 0)
(4.0862494e-10 -0.001654977 0 -6.6639178e-05 0 0)
(-1.9161714e-09 -0.0027661656 0 -0.00018546732 0 0)
(-1.7938611e-09 -0.003878938 0 -0.00036398443 0 0)
(-1.3875753e-09 0.003878939 0 -0.00036398456 0 0)
(-1.8876071e-09 0.0027661656 0 -0.00018546751 0 0)
(5.2814387e-10 0.0016549762 0 -6.663927e-05 0 0)
(2.9921053e-09 0.00055048785 0 -7.3966524e-06 0 0)
(2.9518459e-09 -0.00055048855 0 -7.3966142e-06 0 0)
(4.1300822e-10 -0.0016549765 0 -6.6639164e-05 0 0)
(-2.0082978e-09 -0.0027661654 0 -0.00018546739 0 0)
(-1.44292e-09 -0.0038789383 0 -0.00036398449 0 0)
(-1.6061059e-09 0.0038789396 0 -0.00036398464 0 0)
(-1.6596058e-09 0.0027661654 0 -0.00018546758 0 0)
(4.8540423e-10 0.0016549755 0 -6.6639248e-05 0 0)
(2.874801e-09 0.00055048759 0 -7.396537e-06 0 0)
(2.82389e-09 -0.00055048829 0 -7.396492e-06 0 0)
(3.752258e-10 -0.0016549757 0 -6.6639142e-05 0 0)
(-1.7739328e-09 -0.0027661651 0 -0.00018546747 0 0)
(-1.673508e-09 -0.0038789389 0 -0.00036398457 0 0)
(-1.2738864e-09 0.0038789398 0 -0.00036398469 0 0)
(-1.7512679e-09 0.0027661651 0 -0.00018546765 0 0)
(4.9242691e-10 0.0016549751 0 -6.6639233e-05 0 0)
(2.7728224e-09 0.00055048725 0 -7.3964371e-06 0 0)
(2.733341e-09 -0.00055048791 0 -7.3963993e-06 0 0)
(3.8041624e-10 -0.0016549753 0 -6.6639129e-05 0 0)
(-1.8688279e-09 -0.0027661649 0 -0.00018546753 0 0)
(-1.327497e-09 -0.0038789392 0 -0.00036398463 0 0)
(-1.4949852e-09 0.0038789403 0 -0.00036398477 0 0)
(-1.5290865e-09 0.0027661649 0 -0.00018546772 0 0)
(4.5115601e-10 0.0016549743 0 -6.6639212e-05 0 0)
(2.6626188e-09 0.00055048702 0 -7.3963288e-06 0 0)
(2.6135765e-09 -0.00055048769 0 -7.3962852e-06 0 0)
(3.4433149e-10 -0.0016549746 0 -6.6639109e-05 0 0)
(-1.639892e-09 -0.0027661647 0 -0.0001854676 0 0)
(-1.5603187e-09 -0.0038789397 0 -0.00036398471 0 0)
(-1.1674685e-09 0.0038789405 0 -0.00036398482 0 0)
(-1.623794e-09 0.0027661647 0 -0.00018546778 0 0)
(4.5847955e-10 0.001654974 0 -6.6639198e-05 0 0)
(2.5668988e-09 0.00055048671 0 -7.3962346e-06 0 0)
(2.52851e-09 -0.00055048733 0 -7.3961976e-06 0 0)
(3.502762e-10 -0.0016549742 0 -6.6639097e-05 0 0)
(-1.7375254e-09 -0.0027661645 0 -0.00018546766 0 0)
(-1.2190134e-09 -0.00387894 0 -0.00036398476 0 0)
(-1.3910188e-09 0.0038789411 0 -0.0003639849 0 0)
(-1.4070803e-09 0.0027661645 0 -0.00018546784 0 0)
(4.1861637e-10 0.0016549733 0 -6.6639178e-05 0 0)
(2.4634587e-09 0.0005504865 0 -7.3961332e-06 0 0)
(2.4164958e-09 -0.00055048714 0 -7.3960912e-06 0 0)
(3.157686e-10 -0.0016549735 0 -6.6639078e-05 0 0)
(-1.5136999e-09 -0.0027661643 0 -0.00018546773 0 0)
(-1.4539848e-09 -0.0038789405 0 -0.00036398483 0 0)
(-1.0679345e-09 0.0038789412 0 -0.00036398494 0 0)
(-1.5046797e-09 0.0027661643 0 -0.0001854679 0 0)
(4.26284e-10 0.001654973 0 -6.6639165e-05 0 0)
(2.3736828e-09 0.0005504862 0 -7.3960444e-06 0 0)
(2.3366428e-09 -0.00055048678 0 -7.3960085e-06 0 0)
(3.2241446e-10 -0.0016549732 0 -6.6639068e-05 0 0)
(-1.6140481e-09 -0.0027661641 0 -0.00018546779 0 0)
(-1.11716e-09 -0.0038789407 0 -0.00036398488 0 0)
(-1.2938078e-09 0.0038789417 0 -0.00036398501 0 0)
(-1.2930798e-09 0.0027661641 0 -0.00018546796 0 0)
(3.8779053e-10 0.0016549723 0 -6.6639146e-05 0 0)
(2.2766515e-09 0.00055048601 0 -7.3959494e-06 0 0)
(2.2319234e-09 -0.00055048662 0 -7.3959092e-06 0 0)
(2.8937639e-10 -0.0016549726 0 -6.663905e-05 0 0)
(-1.394976e-09 -0.0027661639 0 -0.00018546786 0 0)
(-1.3541758e-09 -0.0038789412 0 -0.00036398495 0 0)
(-9.7488567e-10 0.0038789419 0 -0.00036398505 0 0)
(-1.3934088e-09 0.0027661639 0 -0.00018546801 0 0)
(3.9581109e-10 0.001654972 0 -6.6639134e-05 0 0)
(2.1924967e-09 0.00055048573 0 -7.3958658e-06 0 0)
(2.1570068e-09 -0.00055048628 0 -7.3958312e-06 0 0)
(2.9667171e-10 -0.0016549723 0 -6.6639041e-05 0 0)
(-1.4980502e-09 -0.0027661637 0 -0.00018546791 0 0)
(-1.0216105e-09 -0.0038789413 0 -0.000363985 0 0)
(-1.2029457e-09 0.0038789423 0 -0.00036398512 0 0)
(-1.186574e-09 0.0027661637 0 -0.00018546807 0 0)
(3.5856865e-10 0.0016549714 0 -6.6639116e-05 0 0)
(2.1015097e-09 0.00055048557 0 -7.3957769e-06 0 0)
(2.0591218e-09 -0.00055048614 0 -7.3957387e-06 0 0)
(2.6498165e-10 -0.0016549717 0 -6.6639024e-05 0 0)
(-1.2833075e-09 -0.0027661635 0 -0.00018546797 0 0)
(-1.2605433e-09 -0.0038789418 0 -0.00036398506 0 0)
(-8.87919e-10 0.0038789424 0 -0.00036398516 0 0)
(-1.2894669e-09 0.0027661635 0 -0.00018546812 0 0)
(3.6695323e-10 0.0016549712 0 -6.6639104e-05 0 0)
(2.0226492e-09 0.0005504853 0 -7.3956982e-06 0 0)
(1.988859e-09 -0.00055048582 0 -7.395665e-06 0 0)
(2.7286664e-10 -0.0016549714 0 -6.6639016e-05 0 0)
(-1.3892007e-09 -0.0027661633 0 -0.00018546802 0 0)
(-9.3202757e-10 -0.003878942 0 -0.0003639851 0 0)
(-1.1180245e-09 0.0038789429 0 -0.00036398522 0 0)
(-1.0870558e-09 0.0027661634 0 -0.00018546817 0 0)
(3.3098118e-10 0.0016549706 0 -6.6639088e-05 0 0)
(1.9373365e-09 0.00055048516 0 -7.3956149e-06 0 0)
(1.8973502e-09 -0.0005504857 0 -7.3955788e-06 0 0)
(2.4242014e-10 -0.0016549708 0 -6.6639001e-05 0 0)
(-1.1782588e-09 -0.0027661632 0 -0.00018546808 0 0)
(-1.1727236e-09 -0.0038789424 0 -0.00036398517 0 0)
(-8.0663209e-10 0.003878943 0 -0.00036398525 0 0)
(-1.1923431e-09 0.0027661632 0 -0.00018546822 0 0)
(3.3977067e-10 0.0016549704 0 -6.6639077e-05 0 0)
(1.863443e-09 0.00055048491 0 -7.3955409e-06 0 0)
(1.8314572e-09 -0.0005504854 0 -7.3955092e-06 0 0)
(2.5084777e-10 -0.0016549706 0 -6.6638993e-05 0 0)
(-1.2871697e-09 -0.002766163 0 -0.00018546813 0 0)
(-8.4806585e-10 -0.0038789425 0 -0.0003639852 0 0)
(-1.0386396e-09 0.0038789434 0 -0.00036398531 0 0)
(-9.940242e-10 0.0027661631 0 -0.00018546827 0 0)
(3.0492298e-10 0.0016549699 0 -6.6639061e-05 0 0)
(1.7834351e-09 0.00055048478 0 -7.3954629e-06 0 0)
(1.7458738e-09 -0.0005504853 0 -7.3954289e-06 0 0)
(2.2153908e-10 -0.0016549701 0 -6.6638979e-05 0 0)
(-1.0794546e-09 -0.0027661629 0 -0.00018546818 0 0)
(-1.0903379e-09 -0.003878943 0 -0.00036398526 0 0)
(-7.3062924e-10 0.0038789435 0 -0.00036398534 0 0)
(-1.1015409e-09 0.0027661629 0 -0.00018546831 0 0)
(3.1406867e-10 0.0016549696 0 -6.6639051e-05 0 0)
(1.7141849e-09 0.00055048454 0 -7.3953932e-06 0 0)
(1.6840678e-09 -0.000550485 0 -7.3953632e-06 0 0)
(2.3045725e-10 -0.0016549699 0 -6.6638972e-05 0 0)
(-1.1914246e-09 -0.0027661627 0 -0.00018546822 0 0)
(-7.6937335e-10 -0.0038789431 0 -0.0003639853 0 0)
(-9.6439579e-10 0.0038789439 0 -0.0003639854 0 0)
(-9.0699579e-10 0.0027661628 0 -0.00018546836 0 0)
(2.8032777e-10 0.0016549692 0 -6.6639036e-05 0 0)
(1.639118e-09 0.00055048443 0 -7.3953202e-06 0 0)
(1.6039723e-09 -0.00055048492 0 -7.3952883e-06 0 0)
(2.0218359e-10 -0.0016549694 0 -6.6638959e-05 0 0)
(-9.8674458e-10 -0.0027661626 0 -0.00018546828 0 0)
(-1.0130043e-09 -0.0038789435 0 -0.00036398535 0 0)
(-6.5952418e-10 0.0038789439 0 -0.00036398543 0 0)
(-1.0165794e-09 0.0027661626 0 -0.0001854684 0 0)
(2.8987147e-10 0.001654969 0 -6.6639026e-05 0 0)
(1.5741933e-09 0.00055048421 0 -7.3952545e-06 0 0)
(1.5459739e-09 -0.00055048464 0 -7.3952263e-06 0 0)
(2.1154553e-10 -0.0016549692 0 -6.6638952e-05 0 0)
(-1.1010474e-09 -0.0027661625 0 -0.00018546832 0 0)
(-6.9560123e-10 -0.0038789435 0 -0.00036398538 0 0)
(-8.949082e-10 0.0038789443 0 -0.00036398548 0 0)
(-8.2550262e-10 0.0027661625 0 -0.00018546844 0 0)
(2.5716052e-10 0.0016549685 0 -6.6639013e-05 0 0)
(1.5037109e-09 0.00055048411 0 -7.3951861e-06 0 0)
(1.4709449e-09 -0.00055048458 0 -7.3951564e-06 0 0)
(1.8421464e-10 -0.0016549688 0 -6.663894e-05 0 0)
(-8.9990143e-10 -0.0027661624 0 -0.00018546837 0 0)
(-9.4041577e-10 -0.0038789439 0 -0.00036398544 0 0)
(-5.9294354e-10 0.0038789443 0 -0.00036398551 0 0)
(-9.3699782e-10 0.0027661624 0 -0.00018546848 0 0)
(2.6707555e-10 0.0016549684 0 -6.6639004e-05 0 0)
(1.4428022e-09 0.0005504839 0 -7.3951242e-06 0 0)
(1.4164802e-09 -0.00055048431 0 -7.3950978e-06 0 0)
(1.9397918e-10 -0.0016549686 0 -6.6638934e-05 0 0)
(-1.0156771e-09 -0.0027661622 0 -0.0001854684 0 0)
(-6.26395e-10 -0.003878944 0 -0.00036398547 0 0)
(-8.2980712e-10 0.0038789447 0 -0.00036398556 0 0)
(-7.4909762e-10 0.0027661623 0 -0.00018546852 0 0)
(2.3531823e-10 0.001654968 0 -6.6638991e-05 0 0)
(1.3765595e-09 0.00055048382 0 -7.3950601e-06 0 0)
(1.3461149e-09 -0.00055048427 0 -7.3950325e-06 0 0)
(1.6750076e-10 -0.0016549682 0 -6.6638923e-05 0 0)
(-8.1842072e-10 -0.0027661621 0 -0.00018546845 0 0)
(-8.7244401e-10 -0.0038789444 0 -0.00036398551 0 0)
(-5.3052971e-10 0.0038789447 0 -0.00036398558 0 0)
(-8.623573e-10 0.0027661621 0 -0.00018546856 0 0)
(2.4559533e-10 0.0016549678 0 -6.6638982e-05 0 0)
(1.3193677e-09 0.00055048362 0 -7.3950017e-06 0 0)
(1.294919e-09 -0.00055048401 0 -7.394977e-06 0 0)
(1.7762792e-10 -0.001654968 0 -6.6638918e-05 0 0)
(-9.3538918e-10 -0.002766162 0 -0.00018546849 0 0)
(-5.6133654e-10 -0.0038789444 0 -0.00036398554 0 0)
(-7.6873886e-10 0.0038789451 0 -0.00036398563 0 0)
(-6.77357e-10 0.0027661621 0 -0.0001854686 0 0)
(2.147358e-10 0.0016549674 0 -6.6638971e-05 0 0)
(1.2570334e-09 0.00055048355 0 -7.3949414e-06 0 0)
(1.2288344e-09 -0.00055048398 0 -7.3949159e-06 0 0)
(1.5191841e-10 -0.0016549676 0 -6.6638908e-05 0 0)
(-7.4175139e-10 -0.0027661619 0 -0.00018546853 0 0)
(-8.0885048e-10 -0.0038789447 0 -0.00036398559 0 0)
(-4.719416e-10 0.0038789451 0 -0.00036398565 0 0)
(-7.9224419e-10 0.0027661619 0 -0.00018546863 0 0)
(2.2536937e-10 0.0016549673 0 -6.6638963e-05 0 0)
(1.2032709e-09 0.00055048337 0 -7.3948863e-06 0 0)
(1.1806522e-09 -0.00055048374 0 -7.3948633e-06 0 0)
(1.6237298e-10 -0.0016549675 0 -6.6638903e-05 0 0)
(-8.5990413e-10 -0.0027661618 0 -0.00018546857 0 0)
(-5.0007364e-10 -0.0038789448 0 -0.00036398561 0 0)
(-7.1136755e-10 0.0038789454 0 -0.00036398569 0 0)
(-6.098801e-10 0.0027661619 0 -0.00018546867 0 0)
(1.9533834e-10 0.001654967 0 -6.6638952e-05 0 0)
(1.144529e-09 0.00055048331 0 -7.3948297e-06 0 0)
(1.1184868e-09 -0.00055048371 0 -7.3948061e-06 0 0)
(1.3735495e-10 -0.0016549672 0 -6.6638893e-05 0 0)
(-6.6946149e-10 -0.0027661617 0 -0.00018546861 0 0)
(-7.4912329e-10 -0.0038789451 0 -0.00036398566 0 0)
(-4.1685636e-10 0.0038789454 0 -0.00036398571 0 0)
(-7.2626923e-10 0.0027661617 0 -0.0001854687 0 0)
(2.0631169e-10 0.0016549668 0 -6.6638944e-05 0 0)
(1.0939217e-09 0.00055048314 0 -7.3947776e-06 0 0)
(1.0730754e-09 -0.00055048349 0 -7.3947563e-06 0 0)
(1.4810546e-10 -0.001654967 0 -6.6638889e-05 0 0)
(-7.8882701e-10 -0.0027661616 0 -0.00018546864 0 0)
(-4.4237115e-10 -0.0038789451 0 -0.00036398568 0 0)
(-6.5737611e-10 0.0038789457 0 -0.00036398575 0 0)
(-5.4629083e-10 0.0027661617 0 -0.00018546874 0 0)
(1.770459e-10 0.0016549665 0 -6.6638934e-05 0 0)
(1.0384731e-09 0.00055048309 0 -7.3947243e-06 0 0)
(1.0144897e-09 -0.00055048347 0 -7.3947026e-06 0 0)
(1.2370642e-10 -0.0016549667 0 -6.663888e-05 0 0)
(-6.0120692e-10 -0.0027661616 0 -0.00018546868 0 0)
(-6.9283834e-10 -0.0038789454 0 -0.00036398572 0 0)
(-3.6496962e-10 0.0038789457 0 -0.00036398577 0 0)
(-6.6407044e-10 0.0027661616 0 -0.00018546876 0 0)
(1.8834612e-10 0.0016549664 0 -6.6638927e-05 0 0)
(9.9076038e-10 0.00055048293 0 -7.3946749e-06 0 0)
(9.7161782e-10 -0.00055048326 0 -7.3946552e-06 0 0)
(1.3472448e-10 -0.0016549666 0 -6.6638876e-05 0 0)
(-7.2178182e-10 -0.0027661615 0 -0.00018546871 0 0)
(-3.8799359e-10 -0.0038789454 0 -0.00036398574 0 0)
(-6.0646811e-10 0.003878946 0 -0.00036398581 0 0)
(-4.8623513e-10 0.0027661615 0 -0.0001854688 0 0)
(1.5978347e-10 0.0016549661 0 -6.6638918e-05 0 0)
(9.3832304e-10 0.00055048289 0 -7.3946247e-06 0 0)
(9.1629495e-10 -0.00055048326 0 -7.3946048e-06 0 0)
(1.1087712e-10 -0.0016549663 0 -6.6638868e-05 0 0)
(-5.3667368e-10 -0.0027661614 0 -0.00018546874 0 0)
(-6.3969993e-10 -0.0038789457 0 -0.00036398578 0 0)
(-3.1599771e-10 0.0038789459 0 -0.00036398582 0 0)
(-6.053091e-10 0.0027661614 0 -0.00018546882 0 0)
(1.7139624e-10 0.001654966 0 -6.6638911e-05 0 0)
(8.9325978e-10 0.00055048274 0 -7.3945778e-06 0 0)
(8.757449e-10 -0.00055048306 0 -7.3945597e-06 0 0)
(1.2213814e-10 -0.0016549662 0 -6.6638864e-05 0 0)
(-6.5842252e-10 -0.0027661613 0 -0.00018546877 0 0)
(-3.3667379e-10 -0.0038789457 0 -0.0003639858 0 0)
(-5.5836515e-10 0.0038789462 0 -0.00036398586 0 0)
(-4.2938483e-10 0.0027661614 0 -0.00018546886 0 0)
(1.4347679e-10 0.0016549658 0 -6.6638902e-05 0 0)
(8.4356976e-10 0.00055048271 0 -7.3945303e-06 0 0)
(8.2339078e-10 -0.00055048306 0 -7.3945122e-06 0 0)
(9.8780304e-11 -0.001654966 0 -6.6638857e-05 0 0)
(-4.7556249e-10 -0.0027661612 0 -0.00018546881 0 0)
(-5.8945456e-10 -0.003878946 0 -0.00036398583 0 0)
(-2.6967542e-10 0.0038789462 0 -0.00036398587 0 0)
(-5.4967686e-10 0.0027661613 0 -0.00018546888 0 0)
(1.5538779e-10 0.0016549657 0 -6.6638896e-05 0 0)
(8.0092568e-10 0.00055048257 0 -7.3944859e-06 0 0)
(7.8495749e-10 -0.00055048288 0 -7.3944692e-06 0 0)
(1.1026291e-10 -0.0016549659 0 -6.6638854e-05 0 0)
(-5.9843152e-10 -0.0027661612 0 -0.00018546884 0 0)
(-2.8814265e-10 -0.0038789459 0 -0.00036398585 0 0)
(-5.1280774e-10 0.0038789465 0 -0.00036398591 0 0)
(-3.7543393e-10 0.0027661612 0 -0.00018546891 0 0)
(1.2805344e-10 0.0016549655 0 -6.6638888e-05 0 0)
(7.5373734e-10 0.00055048255 0 -7.3944409e-06 0 0)
(7.3530054e-10 -0.00055048289 0 -7.3944243e-06 0 0)
(8.733645e-11 -0.0016549656 0 -6.6638847e-05 0 0)
(-4.1758981e-10 -0.0027661611 0 -0.00018546887 0 0)
(-5.4186163e-10 -0.0038789462 0 -0.00036398589 0 0)
(-2.2575603e-10 0.0038789464 0 -0.00036398592 0 0)
(-4.9689414e-10 0.0027661611 0 -0.00018546894 0 0)
(1.4024879e-10 0.0016549654 0 -6.6638883e-05 0 0)
(7.1329801e-10 0.00055048242 0 -7.3943986e-06 0 0)
(6.9879243e-10 -0.00055048272 0 -7.3943833e-06 0 0)
(9.9022537e-11 -0.0016549656 0 -6.6638844e-05 0 0)
(-5.4151821e-10 -0.0027661611 0 -0.0001854689 0 0)
(-2.4214579e-10 -0.0038789462 0 -0.0003639859 0 0)
(-4.6955709e-10 0.0038789467 0 -0.00036398596 0 0)
(-3.240956e-10 0.0027661611 0 -0.00018546897 0 0)
(1.1344438e-10 0.0016549652 0 -6.6638875e-05 0 0)
(6.6838429e-10 0.00055048241 0 -7.3943559e-06 0 0)
(6.5158344e-10 -0.00055048273 0 -7.3943408e-06 0 0)
(7.6473909e-11 -0.0016549653 0 -6.6638838e-05 0 0)
(-3.6248475e-10 -0.002766161 0 -0.00018546893 0 0)
(-4.9669342e-10 -0.0038789464 0 -0.00036398593 0 0)
(-1.8401313e-10 0.0038789466 0 -0.00036398597 0 0)
(-4.4671101e-10 0.002766161 0 -0.00018546899 0 0)
(1.2591063e-10 0.0016549651 0 -6.663887e-05 0 0)
(6.2995096e-10 0.00055048229 0 -7.3943155e-06 0 0)
(6.1682271e-10 -0.00055048257 0 -7.3943016e-06 0 0)
(8.8348426e-11 -0.0016549653 0 -6.6638835e-05 0 0)
(-4.8741121e-10 -0.0027661609 0 -0.00018546895 0 0)
(-1.9844884e-10 -0.0038789464 0 -0.00036398595 0 0)
(-4.2839251e-10 0.0038789468 0 -0.000363986 0 0)
(-2.7510042e-10 0.002766161 0 -0.00018546902 0 0)
(9.958342e-11 0.001654965 0 -6.6638863e-05 0 0)
(5.8710323e-10 0.00055048228 0 -7.394275e-06 0 0)
(5.7183398e-10 -0.00055048259 0 -7.3942613e-06 0 0)
(6.612754e-11 -0.0016549651 0 -6.6638829e-05 0 0)
(-3.0999605e-10 -0.0027661609 0 -0.00018546898 0 0)
(-4.5373557e-10 -0.0038789466 0 -0.00036398598 0 0)
(-1.4423844e-10 0.0038789467 0 -0.00036398601 0 0)
(-3.9890983e-10 0.0027661609 0 -0.00018546904 0 0)
(1.1230843e-10 0.0016549649 0 -6.6638859e-05 0 0)
(5.5049323e-10 0.00055048218 0 -7.3942364e-06 0 0)
(5.3865696e-10 -0.00055048245 0 -7.3942238e-06 0 0)
(7.8178362e-11 -0.001654965 0 -6.6638826e-05 0 0)
(-4.3586177e-10 -0.0027661608 0 -0.00018546901 0 0)
(-1.5683731e-10 -0.0038789465 0 -0.00036398599 0 0)
(-3.8911357e-10 0.003878947 0 -0.00036398604 0 0)
(-2.2819926e-10 0.0027661609 0 -0.00018546907 0 0)
(8.6408594e-11 0.0016549648 0 -6.6638853e-05 0 0)
(5.0952153e-10 0.00055048217 0 -7.3941977e-06 0 0)
(4.9568204e-10 -0.00055048247 0 -7.3941854e-06 0 0)
(5.6238599e-11 -0.0016549649 0 -6.6638822e-05 0 0)
(-2.5989256e-10 -0.0027661608 0 -0.00018546904 0 0)
(-4.1278839e-10 -0.0038789468 0 -0.00036398602 0 0)
(-1.0624184e-10 0.0038789469 0 -0.00036398605 0 0)
(-3.5329846e-10 0.0027661608 0 -0.00018546909 0 0)
(9.9381992e-11 0.0016549647 0 -6.6638848e-05 0 0)
(4.7456835e-10 0.00055048208 0 -7.3941608e-06 0 0)
(4.6393914e-10 -0.00055048234 0 -7.3941493e-06 0 0)
(6.8456114e-11 -0.0016549648 0 -6.6638819e-05 0 0)
(-3.8664428e-10 -0.0027661608 0 -0.00018546906 0 0)
(-1.1711543e-10 -0.0038789467 0 -0.00036398603 0 0)
(-3.5153836e-10 0.0038789471 0 -0.00036398608 0 0)
(-1.8317794e-10 0.0027661608 0 -0.00018546912 0 0)
(7.3862689e-11 0.0016549646 0 -6.6638843e-05 0 0)
(4.3530117e-10 0.00055048208 0 -7.3941239e-06 0 0)
(4.2279223e-10 -0.00055048237 0 -7.3941128e-06 0 0)
(4.6753889e-11 -0.0016549647 0 -6.6638815e-05 0 0)
(-2.1196272e-10 -0.0027661607 0 -0.00018546909 0 0)
(-3.7366934e-10 -0.0038789469 0 -0.00036398606 0 0)
(-6.9850665e-11 0.003878947 0 -0.00036398608 0 0)
(-3.0967078e-10 0.0027661607 0 -0.00018546914 0 0)
(8.7075939e-11 0.0016549645 0 -6.6638838e-05 0 0)
(4.0185443e-10 0.00055048199 0 -7.3940884e-06 0 0)
(3.9234847e-10 -0.00055048224 0 -7.3940781e-06 0 0)
(5.9130912e-11 -0.0016549646 0 -6.6638812e-05 0 0)
(-3.3955454e-10 -0.0027661607 0 -0.00018546911 0 0)
(-7.9107011e-11 -0.0038789468 0 -0.00036398607 0 0)
(-3.1550832e-10 0.0038789472 0 -0.00036398611 0 0)
(-1.3990579e-10 0.0027661607 0 -0.00018546916 0 0)
(6.1893162e-11 0.0016549644 0 -6.6638834e-05 0 0)
(3.6413847e-10 0.000550482 0 -7.3940531e-06 0 0)
(3.5286357e-10 -0.00055048228 0 -7.3940432e-06 0 0)
(3.7625468e-11 -0.0016549645 0 -6.6638808e-05 0 0)
(-1.6601632e-10 -0.0027661607 0 -0.00018546914 0 0)
(-3.3621304e-10 -0.003878947 0 -0.0003639861 0 0)
(-3.4907641e-11 0.0038789471 0 -0.00036398612 0 0)
(-2.6772739e-10 0.0027661607 0 -0.00018546918 0 0)
(7.5340377e-11 0.0016549644 0 -6.663883e-05 0 0)
(3.320637e-10 0.00055048193 0 -7.394019e-06 0 0)
(3.235982e-10 -0.00055048217 0 -7.3940098e-06 0 0)
(5.0157567e-11 -0.0016549645 0 -6.6638806e-05 0 0)
(-2.9441053e-10 -0.0027661606 0 -0.00018546916 0 0)
(-4.2654386e-11 -0.0038789469 0 -0.0003639861 0 0)
(-2.8088729e-10 0.0038789473 0 -0.00036398615 0 0)
(-9.8348945e-11 0.0027661607 0 -0.00018546921 0 0)
(5.0453597e-11 0.0016549643 0 -6.6638825e-05 0 0)
(2.9576401e-10 0.00055048194 0 -7.3939851e-06 0 0)
(2.8562874e-10 -0.0005504822 0 -7.3939763e-06 0 0)
(2.8810707e-11 -0.0016549644 0 -6.6638803e-05 0 0)
(-1.2188404e-10 -0.0027661606 0 -0.00018546918 0 0)
(-3.0027182e-10 -0.0038789471 0 -0.00036398613 0 0)
(-1.2715771e-12 0.0038789472 0 -0.00036398615 0 0)
(-2.2711255e-10 0.0027661606 0 -0.00018546923 0 0)
(6.4132602e-11 0.0016549643 0 -6.6638822e-05 0 0)
(2.6494301e-10 0.00055048187 0 -7.3939523e-06 0 0)
(2.5743543e-10 -0.0005504821 0 -7.393944e-06 0 0)
(4.1496225e-11 -0.0016549644 0 -6.6638801e-05 0 0)
(-2.5105281e-10 -0.0027661606 0 -0.0001854692 0 0)
(-7.6185786e-12 -0.003878947 0 -0.00036398614 0 0)
(-2.4756409e-10 0.0038789474 0 -0.00036398618 0 0)
(-5.8435852e-11 0.0027661606 0 -0.00018546925 0 0)
(3.9503955e-11 0.0016549642 0 -6.6638818e-05 0 0)
(2.2994301e-10 0.00055048189 0 -7.3939198e-06 0 0)
(2.2085344e-10 -0.00055048214 0 -7.3939119e-06 0 0)
(2.0271928e-11 -0.0016549643 0 -6.6638798e-05 0 0)
(-7.9419105e-11 -0.0027661606 0 -0.00018546923 0 0)
(-2.6571635e-10 -0.0038789472 0 -0.00036398616 0 0)
(3.1184798e-11 0.0038789472 0 -0.00036398618 0 0)
(-1.876803e-10 0.0027661606 0 -0.00018546927 0 0)
(5.3413812e-11 0.0016549642 0 -6.6638815e-05 0 0)
(2.0027376e-10 0.00055048183 0 -7.3938882e-06 0 0)
(1.936407e-10 -0.00055048206 0 -7.3938808e-06 0 0)
(3.3109958e-11 -0.0016549643 0 -6.6638796e-05 0 0)
(-2.0934369e-10 -0.0027661605 0 -0.00018546925 0 0)
(2.6120611e-11 -0.0038789471 0 -0.00036398617 0 0)
(-2.1544635e-10 0.0038789474 0 -0.00036398621 0 0)
(-1.9975103e-11 0.0027661606 0 -0.00018546929 0 0)
(2.9009172e-11 0.0016549641 0 -6.6638812e-05 0 0)
(1.6647417e-10 0.00055048186 0 -7.3938569e-06 0 0)
(1.5833753e-10 -0.0005504821 0 -7.3938499e-06 0 0)
(1.1973988e-11 -0.0016549642 0 -6.6638794e-05 0 0)
(-3.8495239e-11 -0.0027661605 0 -0.00018546927 0 0)
(-2.3243541e-10 -0.0038789473 0 -0.00036398619 0 0)
(6.2570299e-11 0.0038789473 0 -0.00036398621 0 0)
(-1.4948468e-10 0.0027661606 0 -0.00018546931 0 0)
(4.3153381e-11 0.0016549641 0 -6.6638809e-05 0 0)
(1.3787037e-10 0.00055048181 0 -7.3938264e-06 0 0)
(1.3202787e-10 -0.00055048202 0 -7.3938198e-06 0 0)
(2.4965923e-11 -0.0016549642 0 -6.6638792e-05 0 0)
(-1.6916748e-10 -0.0027661605 0 -0.00018546929 0 0)
(5.8665409e-11 -0.0038789471 0 -0.0003639862 0 0)
(-1.8445268e-10 0.0038789475 0 -0.00036398623 0 0)
(1.7233531e-11 0.0027661606 0 -0.00018546934 0 0)
(1.8942587e-11 0.0016549641 0 -6.6638806e-05 0 0)
(1.0518832e-10 0.00055048183 0 -7.3937962e-06 0 0)
(9.79106e-11 -0.00055048206 0 -7.39379e-06 0 0)
(3.886663e-12 -0.0016549642 0 -6.663879e-05 0 0)
(9.9178449e-13 -0.0027661605 0 -0.00018546932 0 0)
(-2.0033583e-10 -0.0038789473 0 -0.00036398622 0 0)
(9.2974737e-11 0.0038789473 0 -0.00036398623 0 0)
(-1.1253963e-10 0.0027661605 0 -0.00018546935 0 0)
(3.3327538e-11 0.0016549641 0 -6.6638803e-05 0 0)
(7.7579395e-11 0.0005504818 0 -7.3937668e-06 0 0)
(7.2441248e-11 -0.000550482 0 -7.3937609e-06 0 0)
(1.7035515e-11 -0.0016549642 0 -6.6638789e-05 0 0)
(-1.3043036e-10 -0.0027661605 0 -0.00018546934 0 0)
(9.0098901e-11 -0.0038789472 0 -0.00036398622 0 0)
(-1.545037e-10 0.0038789475 0 -0.00036398626 0 0)
(5.3327101e-11 0.0027661605 0 -0.00018546938 0 0)
(9.2830328e-12 0.0016549641 0 -6.6638801e-05 0 0)
(4.5950109e-11 0.00055048183 0 -7.3937377e-06 0 0)
(3.9435048e-11 -0.00055048205 0 -7.3937322e-06 0 0)
(-4.0163465e-12 -0.0016549641 0 -6.6638787e-05 0 0)
(3.9125313e-11 -0.0027661605 0 -0.00018546936 0 0)
(-1.693422e-10 -0.0038789473 0 -0.00036398625 0 0)
(1.2246353e-10 0.0038789473 0 -0.00036398626 0 0)
(-7.6785746e-11 0.0027661605 0 -0.00018546939 0 0)
(2.3918807e-11 0.0016549641 0 -6.6638799e-05 0 0)
(1.928153e-11 0.0005504818 0 -7.3937092e-06 0 0)
(1.475697e-11 -0.00055048199 0 -7.393704e-06 0 0)
(9.2943121e-12 -0.0016549641 0 -6.6638786e-05 0 0)
(-9.3059966e-11 -0.0027661605 0 -0.00018546938 0 0)
(1.2048747e-10 -0.0038789472 0 -0.00036398625 0 0)
(-1.2552472e-10 0.0038789475 0 -0.00036398628 0 0)
(8.8388975e-11 0.0027661605 0 -0.00018546942 0 0)
(1.7038678e-14 0.001654964 0 -6.6638797e-05 0 0)
(-1.1343805e-11 0.00055048183 0 -7.3936812e-06 0 0)
(-1.7196838e-11 -0.00055048204 0 -7.3936763e-06 0 0)
(-1.1759281e-11 -0.0016549641 0 -6.6638784e-05 0 0)
(7.5967392e-11 -0.0027661605 0 -0.0001854694 0 0)
(-1.3939682e-10 -0.0038789474 0 -0.00036398627 0 0)
(1.5108206e-10 0.0038789473 0 -0.00036398628 0 0)
(-4.2150631e-11 0.0027661605 0 -0.00018546943 0 0)
(1.4917836e-11 0.0016549641 0 -6.6638795e-05 0 0)
(-3.7114939e-11 0.00055048181 0 -7.3936537e-06 0 0)
(-4.1121284e-11 -0.000550482 0 -7.393649e-06 0 0)
(1.7202177e-12 -0.0016549641 0 -6.6638783e-05 0 0)
(-5.7005653e-11 -0.0027661605 0 -0.00018546942 0 0)
(1.4987921e-10 -0.0038789472 0 -0.00036398627 0 0)
(-9.7453984e-11 0.0038789475 0 -0.0003639863 0 0)
(1.2247157e-10 0.0027661605 0 -0.00018546945 0 0)
(-8.8618915e-12 0.0016549641 0 -6.6638794e-05 0 0)
(-6.6769909e-11 0.00055048184 0 -7.3936266e-06 0 0)
(-7.2066346e-11 -0.00055048204 0 -7.3936223e-06 0 0)
(-1.9360158e-11 -0.0016549641 0 -6.6638783e-05 0 0)
(1.1156112e-10 -0.0027661605 0 -0.00018546944 0 0)
(-1.1045849e-10 -0.0038789473 0 -0.00036398629 0 0)
(1.7885913e-10 0.0038789473 0 -0.0003639863 0 0)
(-8.5738523e-12 0.0027661605 0 -0.00018546947 0 0)
(6.3211134e-12 0.0016549641 0 -6.6638792e-05 0 0)
(-9.1671148e-11 0.00055048183 0 -7.3936001e-06 0 0)
(-9.5260819e-11 -0.00055048201 0 -7.3935959e-06 0 0)
(-5.7034182e-12 -0.0016549642 0 -6.6638782e-05 0 0)
(-2.2234547e-11 -0.0027661605 0 -0.00018546946 0 0)
(1.7830627e-10 -0.0038789472 0 -0.00036398629 0 0)
(-7.0246649e-11 0.0038789475 0 -0.00036398632 0 0)
(1.5560918e-10 0.0027661605 0 -0.00018546949 0 0)
(-1.7354644e-11 0.0016549641 0 -6.6638791e-05 0 0)
(-1.2037556e-10 0.00055048187 0 -7.393574e-06 0 0)
(-1.2522796e-10 -0.00055048206 0 -7.39357e-06 0 0)
(-2.6838088e-11 -0.0016549642 0 -6.6638781e-05 0 0)
(1.4593176e-10 -0.0027661605 0 -0.00018546948 0 0)
(-8.2502373e-11 -0.0038789473 0 -0.00036398631 0 0)
(2.0581136e-10 0.0038789473 0 -0.00036398632 0 0)
(2.3987606e-11 0.0027661605 0 -0.00018546951 0 0)
(-1.8693585e-12 0.0016549641 0 -6.663879e-05 0 0)
(-1.4442272e-10 0.00055048187 0 -7.3935484e-06 0 0)
(-1.4770512e-10 -0.00055048204 0 -7.3935445e-06 0 0)
(-1.2994512e-11 -0.0016549642 0 -6.663878e-05 0 0)
(1.1268428e-11 -0.0027661605 0 -0.0001854695 0 0)
(2.0578518e-10 -0.0038789471 0 -0.00036398631 0 0)
(-4.3876815e-11 0.0038789474 0 -0.00036398634 0 0)
(1.8782434e-10 0.0027661606 0 -0.00018546953 0 0)
(-2.5455505e-11 0.0016549642 0 -6.663879e-05 0 0)
(-1.7218404e-10 0.00055048191 0 -7.3935233e-06 0 0)
(-1.7671352e-10 -0.00055048209 0 -7.3935195e-06 0 0)
(-3.4203737e-11 -0.0016549642 0 -6.663878e-05 0 0)
(1.7908979e-10 -0.0027661605 0 -0.00018546952 0 0)
(-5.5518148e-11 -0.0038789473 0 -0.00036398633 0 0)
(2.3194619e-10 0.0038789472 0 -0.00036398634 0 0)
(5.5562561e-11 0.0027661606 0 -0.00018546954 0 0)
(-9.6439001e-12 0.0016549642 0 -6.6638789e-05 0 0)
(-1.9538339e-10 0.00055048191 0 -7.3934986e-06 0 0)
(-1.9847602e-10 -0.00055048208 0 -7.3934949e-06 0 0)
(-2.0163311e-11 -0.0016549643 0 -6.663878e-05 0 0)
(4.3503529e-11 -0.0027661605 0 -0.00018546953 0 0)
(2.3231902e-10 -0.0038789471 0 -0.00036398633 0 0)
(-1.8333117e-11 0.0038789474 0 -0.00036398636 0 0)
(2.1913073e-10 0.0027661606 0 -0.00018546957 0 0)
(-3.3151906e-11 0.0016549643 0 -6.6638789e-05 0 0)
(-2.2219931e-10 0.00055048196 0 -7.3934744e-06 0 0)
(-2.2653603e-10 -0.00055048213 0 -7.3934708e-06 0 0)
(-4.1473884e-11 -0.0016549643 0 -6.663878e-05 0 0)
(2.110328e-10 -0.0027661605 0 -0.00018546956 0 0)
(-2.9507959e-11 -0.0038789472 0 -0.00036398635 0 0)
(2.5726441e-10 0.0038789472 0 -0.00036398635 0 0)
(8.6169167e-11 0.0027661606 0 -0.00018546958 0 0)
(-1.6988223e-11 0.0016549643 0 -6.6638788e-05 0 0)
(-2.4454962e-10 0.00055048197 0 -7.3934506e-06 0 0)
(-2.475807e-10 -0.00055048213 0 -7.393447e-06 0 0)
(-2.7224274e-11 -0.0016549644 0 -6.663878e-05 0 0)
(7.44588e-11 -0.0027661606 0 -0.00018546957 0 0)
(2.5789932e-10 -0.003878947 0 -0.00036398634 0 0)
(6.384693e-12 0.0038789473 0 -0.00036398637 0 0)
(2.4953717e-10 0.0027661606 0 -0.0001854696 0 0)
(-4.042731e-11 0.0016549644 0 -6.6638789e-05 0 0)
(-2.704108e-10 0.00055048202 0 -7.3934274e-06 0 0)
(-2.746958e-10 -0.00055048218 0 -7.3934239e-06 0 0)
(-4.8649926e-11 -0.0016549644 0 -6.663878e-05 0 0)
(2.4174749e-10 -0.0027661606 0 -0.00018546959 0 0)
(-4.4839811e-12 -0.0038789472 0 -0.00036398636 0 0)
(2.8176046e-10 0.0038789471 0 -0.00036398637 0 0)
(1.1581984e-10 0.0027661606 0 -0.00018546962 0 0)
(-2.3882803e-11 0.0016549644 0 -6.6638789e-05 0 0)
(-2.9190601e-10 0.00055048204 0 -7.3934046e-06 0 0)
(-2.9501553e-10 -0.00055048219 0 -7.393401e-06 0 0)
(-3.4180043e-11 -0.0016549645 0 -6.663878e-05 0 0)
(1.0411468e-10 -0.0027661606 0 -0.00018546961 0 0)
(2.825086e-10 -0.003878947 0 -0.00036398636 0 0)
(3.0270639e-11 0.0038789472 0 -0.00036398638 0 0)
(2.7905183e-10 0.0027661607 0 -0.00018546964 0 0)
(-4.7258839e-11 0.0016549645 0 -6.663879e-05 0 0)
(-3.1679981e-10 0.00055048209 0 -7.3933824e-06 0 0)
(-3.2118762e-10 -0.00055048224 0 -7.3933787e-06 0 0)
(-5.5750705e-11 -0.0016549645 0 -6.6638781e-05 0 0)
(2.7121275e-10 -0.0027661606 0 -0.00018546963 0 0)
(1.9534237e-11 -0.0038789471 0 -0.00036398637 0 0)
(3.0542777e-10 0.003878947 0 -0.00036398638 0 0)
(1.4452744e-10 0.0027661607 0 -0.00018546965 0 0)
(-3.0302893e-11 0.0016549645 0 -6.6638791e-05 0 0)
(-3.3743372e-10 0.00055048211 0 -7.3933605e-06 0 0)
(-3.4077557e-10 -0.00055048226 0 -7.3933567e-06 0 0)
(-4.1050032e-11 -0.0016549646 0 -6.6638781e-05 0 0)
(1.3244882e-10 -0.0027661607 0 -0.00018546964 0 0)
(3.061243e-10 -0.0038789469 0 -0.00036398637 0 0)
(5.3318115e-11 0.0038789471 0 -0.0003639864 0 0)
(3.0768851e-10 0.0027661607 0 -0.00018546967 0 0)
(-5.3620139e-11 0.0016549646 0 -6.6638792e-05 0 0)
(-3.6134899e-10 0.00055048217 0 -7.3933392e-06 0 0)
(-3.6600898e-10 -0.00055048231 0 -7.3933352e-06 0 0)
(-6.2774688e-11 -0.0016549647 0 -6.6638783e-05 0 0)
(2.9939683e-10 -0.0027661607 0 -0.00018546966 0 0)
(4.2524033e-11 -0.003878947 0 -0.00036398639 0 0)
(3.282613e-10 0.0038789469 0 -0.00036398639 0 0)
(1.7231199e-10 0.0027661607 0 -0.00018546969 0 0)
(-3.622025e-11 0.0016549647 0 -6.6638793e-05 0 0)
(-3.8112032e-10 0.0005504822 0 -7.3933183e-06 0 0)
(-3.8486411e-10 -0.00055048233 0 -7.3933141e-06 0 0)
(-4.7831649e-11 -0.0016549647 0 -6.6638783e-05 0 0)
(1.5944715e-10 -0.0027661607 0 -0.00018546967 0 0)
(3.287224e-10 -0.0038789468 0 -0.00036398638 0 0)
(7.5525347e-11 0.003878947 0 -0.00036398641 0 0)
(3.3547415e-10 0.0027661608 0 -0.00018546971 0 0)
(-5.947989e-11 0.0016549648 0 -6.6638795e-05 0 0)
(-4.0405295e-10 0.00055048226 0 -7.393298e-06 0 0)
(-4.0917184e-10 -0.00055048239 0 -7.3932935e-06 0 0)
(-6.9741691e-11 -0.0016549648 0 -6.6638785e-05 0 0)
(3.262598e-10 -0.0027661607 0 -0.00018546969 0 0)
(6.4464374e-11 -0.0038789469 0 -0.0003639864 0 0)
(3.5026476e-10 0.0038789468 0 -0.0003639864 0 0)
(1.9920994e-10 0.0027661608 0 -0.00018546972 0 0)
(-4.160306e-11 0.0016549649 0 -6.6638797e-05 0 0)
(-4.229715e-10 0.0005504823 0 -7.393278e-06 0 0)
(-4.2730499e-10 -0.00055048242 0 -7.3932732e-06 0 0)
(-5.4552836e-11 -0.0016549649 0 -6.6638785e-05 0 0)
(1.8511262e-10 -0.0027661608 0 -0.00018546971 0 0)
(3.5028334e-10 -0.0038789467 0 -0.00036398639 0 0)
(9.6902808e-11 0.0038789469 0 -0.00036398641 0 0)
(3.6245749e-10 0.0027661608 0 -0.00018546974 0 0)
(-6.4805141e-11 0.001654965 0 -6.6638799e-05 0 0)
(-4.4493177e-10 0.00055048236 0 -7.3932587e-06 0 0)
(-4.5071679e-10 -0.00055048248 0 -7.3932535e-06 0 0)
(-7.6662745e-11 -0.001654965 0 -6.6638787e-05 0 0)
(3.5177102e-10 -0.0027661608 0 -0.00018546973 0 0)
(8.534185e-11 -0.0038789468 0 -0.0003639864 0 0)
(3.7145796e-10 0.0038789466 0 -0.0003639864 0 0)
(2.2528524e-10 0.0027661609 0 -0.00018546975 0 0)
(-4.6417651e-11 0.0016549651 0 -6.6638801e-05 0 0)
(-4.6302638e-10 0.0005504824 0 -7.3932396e-06 0 0)
(-4.681589e-10 -0.00055048251 0 -7.393234e-06 0 0)
(-6.1222235e-11 -0.0016549651 0 -6.6638788e-05 0 0)
(2.0946949e-10 -0.0027661608 0 -0.00018546974 0 0)
(3.7079864e-10 -0.0038789466 0 -0.0003639864 0 0)
(1.1748244e-10 0.0038789468 0 -0.00036398642 0 0)
(3.8871937e-10 0.0027661609 0 -0.00018546977 0 0)
(-6.9560001e-11 0.0016549652 0 -6.6638805e-05 0 0)
(-4.8404759e-10 0.00055048247 0 -7.3932212e-06 0 0)
(-4.9072962e-10 -0.00055048258 0 -7.3932151e-06 0 0)
(-8.356135e-11 -0.0016549652 0 -6.663879e-05 0 0)
(3.7594366e-10 -0.0027661609 0 -0.00018546976 0 0)
(1.0515841e-10 -0.0038789466 0 -0.00036398641 0 0)
(3.9188617e-10 0.0038789465 0 -0.00036398641 0 0)
(2.5064221e-10 0.0027661609 0 -0.00018546979 0 0)
(-5.0629602e-11 0.0016549653 0 -6.6638807e-05 0 0)
(-5.0137523e-10 0.00055048252 0 -7.3932029e-06 0 0)
(-5.075414e-10 -0.00055048262 0 -7.3931964e-06 0 0)
(-6.7875821e-11 -0.0016549653 0 -6.6638791e-05 0 0)
(2.3255791e-10 -0.0027661609 0 -0.00018546977 0 0)
(3.9027864e-10 -0.0038789464 0 -0.0003639864 0 0)
(1.3732704e-10 0.0038789466 0 -0.00036398642 0 0)
(4.1438361e-10 0.002766161 0 -0.00018546981 0 0)
(-7.3711322e-11 0.0016549654 0 -6.6638811e-05 0 0)
(-5.215249e-10 0.00055048259 0 -7.3931853e-06 0 0)
(-5.2936197e-10 -0.00055048268 0 -7.393178e-06 0 0)
(-9.0472955e-11 -0.0016549654 0 -6.6638793e-05 0 0)
(3.9885224e-10 -0.0027661609 0 -0.00018546979 0 0)
(1.2393955e-10 -0.0038789465 0 -0.00036398641 0 0)
(4.1163208e-10 0.0038789464 0 -0.00036398641 0 0)
(2.7544139e-10 0.002766161 0 -0.00018546982 0 0)
(-5.4209158e-11 0.0016549655 0 -6.6638813e-05 0 0)
(-5.3818273e-10 0.00055048264 0 -7.3931679e-06 0 0)
(-5.4564481e-10 -0.00055048273 0 -7.39316e-06 0 0)
(-7.4551023e-11 -0.0016549655 0 -6.6638794e-05 0 0)
(2.5444807e-10 -0.002766161 0 -0.0001854698 0 0)
(4.0876268e-10 -0.0038789463 0 -0.0003639864 0 0)
(1.5654428e-10 0.0038789465 0 -0.00036398643 0 0)
(4.3962452e-10 0.0027661611 0 -0.00018546984 0 0)
(-7.7229179e-11 0.0016549656 0 -6.6638818e-05 0 0)
(-5.5757601e-10 0.00055048271 0 -7.393151e-06 0 0)
(-5.6685495e-10 -0.0005504828 0 -7.3931422e-06 0 0)
(-9.7436495e-11 -0.0016549656 0 -6.6638797e-05 0 0)
(4.2062622e-10 -0.002766161 0 -0.00018546982 0 0)
(1.4174675e-10 -0.0038789464 0 -0.00036398641 0 0)
(4.3082843e-10 0.0038789462 0 -0.00036398642 0 0)
(2.9991856e-10 0.0027661611 0 -0.00018546985 0 0)
(-5.7133034e-11 0.0016549657 0 -6.6638821e-05 0 0)
(-5.7371679e-10 0.00055048277 0 -7.3931341e-06 0 0)
(-5.8276483e-10 -0.00055048284 0 -7.3931246e-06 0 0)
(-8.1296964e-11 -0.0016549657 0 -6.6638798e-05 0 0)
(2.7526853e-10 -0.0027661611 0 -0.00018546983 0 0)
(4.2633312e-10 -0.0038789461 0 -0.0003639864 0 0)
(1.7530009e-10 0.0038789463 0 -0.00036398643 0 0)
(4.6468905e-10 0.0027661612 0 -0.00018546987 0 0)
(-8.0098112e-11 0.0016549658 0 -6.6638827e-05 0 0)
(-5.92534e-10 0.00055048284 0 -7.3931177e-06 0 0)
(-6.035676e-10 -0.00055048292 0 -7.3931072e-06 0 0)
(-1.0451178e-10 -0.0016549659 0 -6.6638801e-05 0 0)
(4.414572e-10 -0.0027661611 0 -0.00018546984 0 0)
(1.5869305e-10 -0.0038789462 0 -0.00036398641 0 0)
(4.4967363e-10 0.003878946 0 -0.00036398642 0 0)
(3.2440006e-10 0.0027661612 0 -0.00018546988 0 0)
(-5.9399212e-11 0.001654966 0 -6.663883e-05 0 0)
(-6.0838337e-10 0.0005504829 0 -7.3931012e-06 0 0)
(-6.1933078e-10 -0.00055048297 0 -7.3930898e-06 0 0)
(-8.8179517e-11 -0.001654966 0 -6.6638803e-05 0 0)
(2.9524115e-10 -0.0027661612 0 -0.00018546986 0 0)
(4.4313282e-10 -0.003878946 0 -0.0003639864 0 0)
(1.938329e-10 0.0038789461 0 -0.00036398643 0 0)
(4.8992751e-10 0.0027661612 0 -0.0001854699 0 0)
(-8.2327541e-11 0.0016549661 0 -6.6638836e-05 0 0)
(-6.2688947e-10 0.00055048299 0 -7.3930851e-06 0 0)
(-6.4000943e-10 -0.00055048304 0 -7.3930725e-06 0 0)
(-1.1175708e-10 -0.0016549661 0 -6.6638806e-05 0 0)
(4.6163094e-10 -0.0027661612 0 -0.00018546987 0 0)
(1.749624e-10 -0.003878946 0 -0.00036398641 0 0)
(4.6844657e-10 0.0038789458 0 -0.00036398642 0 0)
(3.4930806e-10 0.0027661613 0 -0.00018546992 0 0)
(-6.1038203e-11 0.0016549662 0 -6.6638841e-05 0 0)
(-6.4276816e-10 0.00055048305 0 -7.3930687e-06 0 0)
(-6.5593905e-10 -0.0005504831 0 -7.393055e-06 0 0)
(-9.5259143e-11 -0.0016549662 0 -6.6638807e-05 0 0)
(3.1471516e-10 -0.0027661613 0 -0.00018546988 0 0)
(4.5938648e-10 -0.0038789458 0 -0.0003639864 0 0)
(2.1247079e-10 0.0038789459 0 -0.00036398643 0 0)
(5.1581128e-10 0.0027661613 0 -0.00018546994 0 0)
(-8.3971047e-11 0.0016549664 0 -6.6638847e-05 0 0)
(-6.6133964e-10 0.00055048313 0 -7.3930525e-06 0 0)
(-6.7687551e-10 -0.00055048318 0 -7.3930373e-06 0 0)
(-1.1923767e-10 -0.0016549664 0 -6.6638811e-05 0 0)
(4.8157192e-10 -0.0027661613 0 -0.0001854699 0 0)
(1.9083482e-10 -0.0038789458 0 -0.00036398641 0 0)
(4.8752209e-10 0.0038789456 0 -0.00036398642 0 0)
(3.7516756e-10 0.0027661614 0 -0.00018546995 0 0)
(-6.2139081e-11 0.0016549665 0 -6.6638852e-05 0 0)
(-6.7769177e-10 0.0005504832 0 -7.3930356e-06 0 0)
(-6.9339095e-10 -0.00055048324 0 -7.3930193e-06 0 0)
(-1.0260049e-10 -0.0016549665 0 -6.6638813e-05 0 0)
(3.3420888e-10 -0.0027661614 0 -0.00018546991 0 0)
(4.7543097e-10 -0.0038789456 0 -0.0003639864 0 0)
(2.3164515e-10 0.0038789457 0 -0.00036398643 0 0)
(5.4293654e-10 0.0027661614 0 -0.00018546997 0 0)
(-8.5154996e-11 0.0016549667 0 -6.6638859e-05 0 0)
(-6.9684538e-10 0.00055048329 0 -7.3930188e-06 0 0)
(-7.1508685e-10 -0.00055048332 0 -7.3930008e-06 0 0)
(-1.269997e-10 -0.0016549667 0 -6.6638816e-05 0 0)
(5.018972e-10 -0.0027661614 0 -0.00018546993 0 0)
(2.0672082e-10 -0.0038789457 0 -0.00036398641 0 0)
(5.0738606e-10 0.0038789454 0 -0.00036398642 0 0)
(4.0261706e-10 0.0027661615 0 -0.00018546999 0 0)
(-6.2880389e-11 0.0016549668 0 -6.6638865e-05 0 0)
(-7.1426756e-10 0.00055048336 0 -7.393001e-06 0 0)
(-7.327348e-10 -0.00055048338 0 -7.3929817e-06 0 0)
(-1.102352e-10 -0.0016549668 0 -6.6638818e-05 0 0)
(3.5446493e-10 -0.0027661615 0 -0.00018546994 0 0)
(4.9175278e-10 -0.0038789454 0 -0.00036398639 0 0)
(2.5190524e-10 0.0038789455 0 -0.00036398643 0 0)
(5.7201755e-10 0.0027661615 0 -0.00018547001 0 0)
(-8.6112584e-11 0.001654967 0 -6.6638872e-05 0 0)
(-7.3469528e-10 0.00055048346 0 -7.3929827e-06 0 0)
(-7.5583291e-10 -0.00055048347 0 -7.3929619e-06 0 0)
(-1.350563e-10 -0.001654967 0 -6.6638822e-05 0 0)
(5.2348213e-10 -0.0027661615 0 -0.00018546996 0 0)
(2.2320315e-10 -0.0038789455 0 -0.0003639864 0 0)
(5.286465e-10 0.0038789452 0 -0.00036398641 0 0)
(4.324168e-10 0.0027661616 0 -0.00018547003 0 0)
(-6.3568186e-11 0.0016549671 0 -6.6638878e-05 0 0)
(-7.5397313e-10 0.00055048353 0 -7.3929632e-06 0 0)
(-7.7530854e-10 -0.00055048354 0 -7.392941e-06 0 0)
(-1.1815382e-10 -0.0016549671 0 -6.6638824e-05 0 0)
(3.7651977e-10 -0.0027661616 0 -0.00018546997 0 0)
(5.090343e-10 -0.0038789452 0 -0.00036398639 0 0)
(2.7392792e-10 0.0038789453 0 -0.00036398643 0 0)
(6.0388303e-10 0.0027661617 0 -0.00018547005 0 0)
(-8.722866e-11 0.0016549673 0 -6.6638886e-05 0 0)
(-7.7657861e-10 0.00055048364 0 -7.3929428e-06 0 0)
(-8.0061556e-10 -0.00055048363 0 -7.3929189e-06 0 0)
(-1.4335996e-10 -0.0016549673 0 -6.6638828e-05 0 0)
(5.4753402e-10 -0.0027661617 0 -0.00018546999 0 0)
(2.4108719e-10 -0.0038789453 0 -0.0003639864 0 0)
(5.5204277e-10 0.003878945 0 -0.00036398641 0 0)
(4.6544726e-10 0.0027661617 0 -0.00018547007 0 0)
(-6.4683614e-11 0.0016549675 0 -6.6638892e-05 0 0)
(-7.9872123e-10 0.00055048371 0 -7.3929205e-06 0 0)
(-8.2278509e-10 -0.0005504837 0 -7.3928953e-06 0 0)
(-1.2627032e-10 -0.0016549674 0 -6.6638831e-05 0 0)
(4.0177923e-10 -0.0027661617 0 -0.00018547001 0 0)
(5.2820727e-10 -0.003878945 0 -0.00036398638 0 0)
(2.9852452e-10 0.003878945 0 -0.00036398642 0 0)
(6.3947524e-10 0.0027661618 0 -0.0001854701 0 0)
(-8.9080992e-11 0.0016549676 0 -6.66389e-05 0 0)
(-8.2465516e-10 0.00055048382 0 -7.3928967e-06 0 0)
(-8.5129508e-10 -0.00055048381 0 -7.3928702e-06 0 0)
(-1.5177929e-10 -0.0016549676 0 -6.6638835e-05 0 0)
(5.756696e-10 -0.0027661618 0 -0.00018547003 0 0)
(2.6145671e-10 -0.003878945 0 -0.00036398639 0 0)
(5.7845038e-10 0.0038789447 0 -0.00036398641 0 0)
(5.0270547e-10 0.0027661618 0 -0.00018547012 0 0)
(-6.6917497e-11 0.0016549678 0 -6.6638906e-05 0 0)
(-8.5092648e-10 0.0005504839 0 -7.3928705e-06 0 0)
(-8.7721837e-10 -0.00055048388 0 -7.3928429e-06 0 0)
(-1.3440809e-10 -0.0016549678 0 -6.6638839e-05 0 0)
(4.3209229e-10 -0.0027661619 0 -0.00018547005 0 0)
(5.5050908e-10 -0.0038789448 0 -0.00036398638 0 0)
(3.2664511e-10 0.0038789448 0 -0.00036398643 0 0)
(6.7985111e-10 0.0027661619 0 -0.00018547015 0 0)
(-9.2472861e-11 0.001654968 0 -6.6638914e-05 0 0)
(-8.8161367e-10 0.00055048402 0 -7.3928418e-06 0 0)
(-9.1013529e-10 -0.00055048399 0 -7.3928134e-06 0 0)
(-1.600871e-10 -0.001654968 0 -6.6638844e-05 0 0)
(6.0998116e-10 -0.0027661619 0 -0.00018547008 0 0)
(2.8572729e-10 -0.0038789448 0 -0.00036398639 0 0)
(6.0888638e-10 0.0038789445 0 -0.00036398641 0 0)
(5.4530706e-10 0.002766162 0 -0.00018547018 0 0)
(-7.1192627e-11 0.0016549682 0 -6.6638919e-05 0 0)
(-9.1355136e-10 0.00055048411 0 -7.3928102e-06 0 0)
(-9.4108545e-10 -0.00055048407 0 -7.3927812e-06 0 0)
(-1.4229752e-10 -0.0016549682 0 -6.6638848e-05 0 0)
(4.6979982e-10 -0.002766162 0 -0.0001854701 0 0)
(5.7753026e-10 -0.0038789445 0 -0.00036398638 0 0)
(3.5938676e-10 0.0038789445 0 -0.00036398643 0 0)
(7.2619576e-10 0.002766162 0 -0.00018547021 0 0)
(-9.8431581e-11 0.0016549684 0 -6.6638926e-05 0 0)
(-9.5070118e-10 0.00055048424 0 -7.3927751e-06 0 0)
(-9.7984421e-10 -0.00055048419 0 -7.392746e-06 0 0)
(-1.6797751e-10 -0.0016549684 0 -6.6638854e-05 0 0)
(6.5306198e-10 -0.0027661621 0 -0.00018547013 0 0)
(3.1568694e-10 -0.0038789446 0 -0.00036398639 0 0)
(6.4451675e-10 0.0038789442 0 -0.00036398642 0 0)
(5.9451776e-10 0.0027661621 0 -0.00018547024 0 0)
(-7.8633754e-11 0.0016549686 0 -6.6638931e-05 0 0)
(-9.9011288e-10 0.00055048433 0 -7.3927363e-06 0 0)
(-1.017325e-09 -0.00055048428 0 -7.3927074e-06 0 0)
(-1.4961655e-10 -0.0016549686 0 -6.663886e-05 0 0)
(5.1773437e-10 -0.0027661621 0 -0.00018547016 0 0)
(6.1123877e-10 -0.0038789443 0 -0.00036398638 0 0)
(3.9800648e-10 0.0038789442 0 -0.00036398643 0 0)
(7.7987672e-10 0.0027661622 0 -0.00018547028 0 0)
(-1.0815102e-10 0.0016549688 0 -6.6638937e-05 0 0)
(-1.035699e-09 0.00055048447 0 -7.3926927e-06 0 0)
(-1.0636105e-09 -0.00055048441 0 -7.3926649e-06 0 0)
(-1.7513417e-10 -0.0016549688 0 -6.6638867e-05 0 0)
(7.0796682e-10 -0.0027661622 0 -0.0001854702 0 0)
(3.5349899e-10 -0.0038789443 0 -0.0003639864 0 0)
(6.8667802e-10 0.0038789439 0 -0.00036398642 0 0)
(6.518276e-10 0.0027661623 0 -0.00018547031 0 0)
(-9.0471394e-11 0.0016549691 0 -6.663894e-05 0 0)
(-1.0846235e-09 0.00055048457 0 -7.3926448e-06 0 0)
(-1.1093674e-09 -0.00055048452 0 -7.3926182e-06 0 0)
(-1.5609571e-10 -0.001654969 0 -6.6638875e-05 0 0)
(5.7912437e-10 -0.0027661623 0 -0.00018547024 0 0)
(6.5395577e-10 -0.003878944 0 -0.00036398639 0 0)
(4.4395328e-10 0.0038789439 0 -0.00036398644 0 0)
(8.42551e-10 0.0027661623 0 -0.00018547035 0 0)
(-1.2284354e-10 0.0016549693 0 -6.6638945e-05 0 0)
(-1.1408208e-09 0.00055048472 0 -7.3925908e-06 0 0)
(-1.1651281e-09 -0.00055048465 0 -7.3925665e-06 0 0)
(-1.8137536e-10 -0.0016549693 0 -6.6638884e-05 0 0)
(7.7805286e-10 -0.0027661624 0 -0.00018547029 0 0)
(4.0164349e-10 -0.003878944 0 -0.00036398641 0 0)
(7.3692184e-10 0.0038789435 0 -0.00036398644 0 0)
(7.1909236e-10 0.0027661624 0 -0.00018547039 0 0)
(-1.0783617e-10 0.0016549696 0 -6.6638947e-05 0 0)
(-1.2014407e-09 0.00055048484 0 -7.3925315e-06 0 0)
(-1.2211487e-09 -0.00055048478 0 -7.39251e-06 0 0)
(-1.6171081e-10 -0.0016549695 0 -6.6638893e-05 0 0)
(6.5736455e-10 -0.0027661625 0 -0.00018547034 0 0)
(7.0825475e-10 -0.0038789437 0 -0.00036398641 0 0)
(4.9893209e-10 0.0038789435 0 -0.00036398646 0 0)
(9.1634565e-10 0.0027661625 0 -0.00018547044 0 0)
(-1.4348261e-10 0.0016549698 0 -6.6638949e-05 0 0)
(-1.2705047e-09 0.00055048499 0 -7.3924649e-06 0 0)
(-1.2885984e-09 -0.00055048491 0 -7.3924468e-06 0 0)
(-1.8689511e-10 -0.0016549698 0 -6.6638904e-05 0 0)
(8.6666378e-10 -0.0027661626 0 -0.0001854704 0 0)
(4.6276774e-10 -0.0038789437 0 -0.00036398643 0 0)
(7.9709364e-10 0.0038789432 0 -0.00036398645 0 0)
(7.9875186e-10 0.0027661626 0 -0.00018547049 0 0)
(-1.3144787e-10 0.0016549701 0 -6.663895e-05 0 0)
(-1.3449993e-09 0.00055048513 0 -7.3923921e-06 0 0)
(-1.3570905e-09 -0.00055048507 0 -7.3923783e-06 0 0)
(-1.6697123e-10 -0.0016549701 0 -6.6638915e-05 0 0)
(7.5561477e-10 -0.0027661627 0 -0.00018547045 0 0)
(7.7675218e-10 -0.0038789433 0 -0.00036398644 0 0)
(5.6499906e-10 0.0038789432 0 -0.00036398648 0 0)
(1.0041106e-09 0.0027661627 0 -0.00018547055 0 0)
(-1.7044294e-10 0.0016549704 0 -6.6638951e-05 0 0)
(-1.4290776e-09 0.0005504853 0 -7.392311e-06 0 0)
(-1.4386818e-09 -0.00055048521 0 -7.3923012e-06 0 0)
(-1.9258453e-10 -0.0016549704 0 -6.6638927e-05 0 0)
(9.7663535e-10 -0.0027661628 0 -0.00018547053 0 0)
(5.3941195e-10 -0.0038789433 0 -0.00036398647 0 0)
(8.6944265e-10 0.0038789428 0 -0.00036398648 0 0)
(8.9409488e-10 0.0027661628 0 -0.00018547061 0 0)
(-1.61204e-10 0.0016549707 0 -6.663895e-05 0 0)
(-1.5194073e-09 0.00055048546 0 -7.3922228e-06 0 0)
(-1.5220043e-09 -0.0005504854 0 -7.3922188e-06 0 0)
(-1.7327301e-10 -0.0016549707 0 -6.6638939e-05 0 0)
(8.7621665e-10 -0.0027661629 0 -0.0001854706 0 0)
(8.6177018e-10 -0.0038789429 0 -0.00036398648 0 0)
(6.4467687e-10 0.0038789427 0 -0.00036398651 0 0)
(1.1096759e-09 0.0027661629 0 -0.00018547068 0 0)
(-2.0305296e-10 0.0016549711 0 -6.6638951e-05 0 0)
(-1.6202699e-09 0.00055048564 0 -7.3921256e-06 0 0)
(-1.6203324e-09 -0.00055048555 0 -7.3921251e-06 0 0)
(-2.0040109e-10 -0.001654971 0 -6.6638953e-05 0 0)
(1.1096259e-09 -0.002766163 0 -0.00018547068 0 0)
(6.336012e-10 -0.0038789429 0 -0.00036398651 0 0)
(9.5673014e-10 0.0038789423 0 -0.00036398651 0 0)
(1.0094564e-09 0.0027661631 0 -0.00018547075 0 0)
(-1.9574155e-10 0.0016549714 0 -6.6638951e-05 0 0)
(-1.7278826e-09 0.00055048582 0 -7.3920206e-06 0 0)
(-1.720828e-09 -0.00055048577 0 -7.3920267e-06 0 0)
(-1.8323988e-10 -0.0016549714 0 -6.6638964e-05 0 0)
(1.0199556e-09 -0.0027661631 0 -0.00018547077 0 0)
(9.6486788e-10 -0.0038789425 0 -0.00036398653 0 0)
(7.4101932e-10 0.0038789422 0 -0.00036398655 0 0)
(1.2379372e-09 0.0027661632 0 -0.00018547084 0 0)
(-2.392575e-10 0.0016549718 0 -6.6638953e-05 0 0)
(-1.8465469e-09 0.00055048602 0 -7.3919066e-06 0 0)
(-1.8383763e-09 -0.00055048593 0 -7.3919139e-06 0 0)
(-2.1361887e-10 -0.0016549718 0 -6.6638978e-05 0 0)
(1.265334e-09 -0.0027661632 0 -0.00018547087 0 0)
(7.4630513e-10 -0.0038789424 0 -0.00036398657 0 0)
(1.0622263e-09 0.0038789418 0 -0.00036398656 0 0)
(1.1500868e-09 0.0027661633 0 -0.00018547092 0 0)
(-2.3218495e-10 0.0016549722 0 -6.6638955e-05 0 0)
(-1.9719968e-09 0.00055048624 0 -7.391784e-06 0 0)
(-1.9579862e-09 -0.00055048619 0 -7.3917978e-06 0 0)
(-2.0080783e-10 -0.0016549722 0 -6.6638987e-05 0 0)
(1.1852478e-09 -0.0027661634 0 -0.00018547096 0 0)
(1.0862598e-09 -0.003878942 0 -0.00036398659 0 0)
(8.5745302e-10 0.0038789417 0 -0.0003639866 0 0)
(1.3944052e-09 0.0027661635 0 -0.00018547102 0 0)
(-2.754223e-10 0.0016549727 0 -6.663896e-05 0 0)
(-2.1082302e-09 0.00055048646 0 -7.3916538e-06 0 0)
(-2.0965136e-09 -0.00055048636 0 -7.3916641e-06 0 0)
(-2.3670215e-10 -0.0016549726 0 -6.6638999e-05 0 0)
(1.4407058e-09 -0.0027661635 0 -0.00018547107 0 0)
(8.7678903e-10 -0.0038789418 0 -0.00036398664 0 0)
(1.1893507e-09 0.0038789412 0 -0.00036398662 0 0)
(1.3211884e-09 0.0027661636 0 -0.00018547112 0 0)
(-2.661643e-10 0.0016549731 0 -6.6638968e-05 0 0)
(-2.2507697e-09 0.00055048674 0 -7.3915146e-06 0 0)
(-2.2359186e-09 -0.00055048667 0 -7.3915299e-06 0 0)
(-2.3076212e-10 -0.0016549731 0 -6.6639004e-05 0 0)
(1.3673518e-09 -0.0027661637 0 -0.00018547118 0 0)
(1.224143e-09 -0.0038789414 0 -0.00036398666 0 0)
(9.970277e-10 0.0038789411 0 -0.00036398667 0 0)
(1.5835473e-09 0.0027661638 0 -0.00018547125 0 0)
(-3.0703496e-10 0.0016549736 0 -6.6638978e-05 0 0)
(-2.4024576e-09 0.000550487 0 -7.3913704e-06 0 0)
(-2.3950697e-09 -0.00055048684 0 -7.3913758e-06 0 0)
(-2.7441922e-10 -0.0016549736 0 -6.6639012e-05 0 0)
(1.6292238e-09 -0.0027661638 0 -0.0001854713 0 0)
(1.0218476e-09 -0.0038789412 0 -0.00036398671 0 0)
(1.3404628e-09 0.0038789405 0 -0.00036398669 0 0)
(1.5252582e-09 0.002766164 0 -0.00018547137 0 0)
(-2.9336803e-10 0.0016549741 0 -6.6638994e-05 0 0)
(-2.5590509e-09 0.00055048735 0 -7.3912183e-06 0 0)
(-2.552015e-09 -0.00055048721 0 -7.3912256e-06 0 0)
(-2.7709761e-10 -0.0016549741 0 -6.6639011e-05 0 0)
(1.5576388e-09 -0.002766164 0 -0.00018547141 0 0)
(1.3738582e-09 -0.0038789407 0 -0.00036398673 0 0)
(1.1604031e-09 0.0038789403 0 -0.00036398675 0 0)
(1.804869e-09 0.0027661642 0 -0.00018547151 0 0)
(-3.3101215e-10 0.0016549747 0 -6.6639013e-05 0 0)
(-2.7203576e-09 0.00055048764 0 -7.3910653e-06 0 0)
(-2.7268459e-09 -0.00055048742 0 -7.3910568e-06 0 0)
(-3.2932812e-10 -0.0016549747 0 -6.6639015e-05 0 0)
(1.8202314e-09 -0.0027661642 0 -0.00018547153 0 0)
(1.1747431e-09 -0.0038789404 0 -0.00036398678 0 0)
(1.513913e-09 0.0038789398 0 -0.00036398677 0 0)
(1.7565444e-09 0.0027661644 0 -0.00018547164 0 0)
(-3.1180861e-10 0.0016549753 0 -6.6639037e-05 0 0)
(-2.8832155e-09 0.000550488 0 -7.3909092e-06 0 0)
(-2.8937436e-09 -0.00055048792 0 -7.3908981e-06 0 0)
(-3.3932228e-10 -0.0016549752 0 -6.663901e-05 0 0)
(1.7427958e-09 -0.0027661644 0 -0.00018547164 0 0)
(1.5265432e-09 -0.0038789399 0 -0.00036398679 0 0)
(1.3413995e-09 0.0038789395 0 -0.00036398683 0 0)
(2.0454606e-09 0.0027661646 0 -0.0001854718 0 0)
(-3.4693011e-10 0.001654976 0 -6.6639066e-05 0 0)
(-3.0423815e-09 0.0005504883 0 -7.3907575e-06 0 0)
(-3.0691318e-09 -0.00055048816 0 -7.3907311e-06 0 0)
(-3.9695597e-10 -0.0016549759 0 -6.6639012e-05 0 0)
(1.9981625e-09 -0.0027661646 0 -0.00018547175 0 0)
(1.3233248e-09 -0.0038789396 0 -0.00036398683 0 0)
(1.6978618e-09 0.0038789389 0 -0.00036398685 0 0)
(1.9914998e-09 0.0027661648 0 -0.00018547193 0 0)
(-3.2177044e-10 0.0016549766 0 -6.6639095e-05 0 0)
(-3.1975617e-09 0.00055048865 0 -7.3906139e-06 0 0)
(-3.2294137e-09 -0.00055048871 0 -7.3905776e-06 0 0)
(-4.0614405e-10 -0.0016549765 0 -6.6639014e-05 0 0)
(1.9039959e-09 -0.0027661648 0 -0.00018547185 0 0)
(1.6666968e-09 -0.003878939 0 -0.00036398683 0 0)
(1.5183668e-09 0.0038789386 0 -0.00036398689 0 0)
(2.2684978e-09 0.002766165 0 -0.00018547207 0 0)
(-3.5729792e-10 0.0016549773 0 -6.6639134e-05 0 0)
(-3.3325461e-09 0.00055048894 0 -7.3904821e-06 0 0)
(-3.3816495e-09 -0.00055048897 0 -7.3904394e-06 0 0)
(-4.5891301e-10 -0.0016549772 0 -6.6639023e-05 0 0)
(2.1421536e-09 -0.002766165 0 -0.00018547195 0 0)
(1.446601e-09 -0.0038789387 0 -0.00036398684 0 0)
(1.8594875e-09 0.0038789379 0 -0.00036398689 0 0)
(2.1757005e-09 0.0027661652 0 -0.00018547217 0 0)
(-3.2761091e-10 0.001654978 0 -6.6639162e-05 0 0)
(-3.460339e-09 0.00055048922 0 -7.390375e-06 0 0)
(-3.5136385e-09 -0.00055048957 0 -7.3903093e-06 0 0)
(-4.4516358e-10 -0.0016549779 0 -6.6639058e-05 0 0)
(2.0175297e-09 -0.0027661652 0 -0.00018547201 0 0)
(1.7679509e-09 -0.0038789381 0 -0.00036398682 0 0)
(1.6402888e-09 0.0038789375 0 -0.00036398689 0 0)
(2.402009e-09 0.0027661653 0 -0.00018547225 0 0)
(-3.7004688e-10 0.0016549787 0 -6.6639211e-05 0 0)
(-3.5440739e-09 0.00055048957 0 -7.3902852e-06 0 0)
(-3.5966724e-09 -0.00055048987 0 -7.3902485e-06 0 0)
(-4.6704822e-10 -0.0016549788 0 -6.6639097e-05 0 0)
(2.2298826e-09 -0.0027661654 0 -0.0001854721 0 0)
(1.5090356e-09 -0.0038789377 0 -0.00036398678 0 0)
(1.9308601e-09 0.0038789369 0 -0.00036398681 0 0)
(2.2193112e-09 0.0027661655 0 -0.00018547228 0 0)
(-3.3511078e-10 0.0016549793 0 -6.663923e-05 0 0)
(-3.6064691e-09 0.00055049006 0 -7.3902624e-06 0 0)
(-3.6150483e-09 -0.00055049003 0 -7.3902248e-06 0 0)
(-3.7999368e-10 -0.0016549796 0 -6.6639217e-05 0 0)
(2.0652603e-09 -0.0027661656 0 -0.00018547212 0 0)
(1.7878194e-09 -0.0038789371 0 -0.00036398671 0 0)
(1.6112051e-09 0.0038789365 0 -0.00036398671 0 0)
(2.3471257e-09 0.0027661657 0 -0.00018547224 0 0)
(-3.8658315e-10 0.0016549799 0 -6.6639296e-05 0 0)
(-3.6152294e-09 0.00055049039 0 -7.3902263e-06 0 0)
(-3.603326e-09 -0.00055049101 0 -7.3902829e-06 0 0)
(-3.2145809e-10 -0.0016549804 0 -6.6639334e-05 0 0)
(2.2621937e-09 -0.0027661658 0 -0.00018547219 0 0)
(1.4549615e-09 -0.0038789368 0 -0.00036398657 0 0)
(1.8019739e-09 0.0038789359 0 -0.00036398652 0 0)
(2.0339167e-09 0.0027661657 0 -0.00018547217 0 0)
(-3.3008341e-10 0.0016549807 0 -6.6639316e-05 0 0)
(-3.6572072e-09 0.00055049081 0 -7.3902542e-06 0 0)
(-3.5230505e-09 -0.0005504911 0 -7.3903408e-06 0 0)
(-6.5796408e-11 -0.0016549813 0 -6.6639636e-05 0 0)
(2.0829839e-09 -0.0027661659 0 -0.00018547221 0 0)
(1.6710773e-09 -0.0038789362 0 -0.00036398643 0 0)
(1.2933946e-09 0.0038789356 0 -0.00036398622 0 0)
(2.0623131e-09 0.0027661659 0 -0.00018547199 0 0)
(-3.7589957e-10 0.0016549814 0 -6.6639425e-05 0 0)
(-3.6834309e-09 0.00055049104 0 -7.3901812e-06 0 0)
(-3.424427e-09 -0.00055049267 0 -7.3905108e-06 0 0)
(1.4266239e-10 -0.0016549823 0 -6.6639913e-05 0 0)
(2.3550427e-09 -0.002766166 0 -0.00018547235 0 0)
(1.2211016e-09 -0.0038789359 0 -0.00036398616 0 0)
(1.3556341e-09 0.0038789351 0 -0.00036398586 0 0)
(1.6877629e-09 0.0027661658 0 -0.00018547192 0 0)
(-2.3588503e-10 0.0016549824 0 -6.66395e-05 0 0)
(-3.91877e-09 0.00055049144 0 -7.3900362e-06 0 0)
(-3.4876979e-09 -0.00055049265 0 -7.3904115e-06 0 0)
(7.3724649e-10 -0.0016549833 0 -6.6640558e-05 0 0)
(2.3153166e-09 -0.0027661661 0 -0.00018547254 0 0)
(1.3908414e-09 -0.0038789354 0 -0.00036398594 0 0)
(5.9088456e-10 0.003878935 0 -0.00036398531 0 0)
(1.8470677e-09 0.0027661661 0 -0.00018547184 0 0)
(-2.2049729e-10 0.0016549833 0 -6.6639728e-05 0 0)
(-4.3825593e-09 0.00055049197 0 -7.3895177e-06 0 0)
(-3.5851457e-09 -0.00055049485 0 -7.3904016e-06 0 0)
(1.1936919e-09 -0.0016549848 0 -6.6641138e-05 0 0)
(3.0045753e-09 -0.0027661662 0 -0.00018547308 0 0)
(8.1986609e-10 -0.0038789352 0 -0.00036398553 0 0)
(6.1657493e-10 0.0038789347 0 -0.00036398486 0 0)
(1.8400638e-09 0.0027661662 0 -0.00018547222 0 0)
(1.4271622e-10 0.001654985 0 -6.6640007e-05 0 0)
(-5.4378699e-09 0.00055049281 0 -7.3885635e-06 0 0)
(-4.4729869e-09 -0.00055049562 0 -7.3895211e-06 0 0)
(2.3787869e-09 -0.0016549867 0 -6.6642348e-05 0 0)
(3.5982681e-09 -0.0027661664 0 -0.00018547402 0 0)
(1.0889304e-09 -0.0038789347 0 -0.00036398533 0 0)
(-2.5578149e-10 0.0038789348 0 -0.00036398421 0 0)
(3.0382119e-09 0.0027661668 0 -0.00018547316 0 0)
(3.4909325e-10 0.0016549876 0 -6.6640522e-05 0 0)
(-7.4819307e-09 0.00055049418 0 -7.3864875e-06 0 0)
(-6.4361853e-09 -0.00055049847 0 -7.3875807e-06 0 0)
(3.2765032e-09 -0.0016549899 0 -6.6643538e-05 0 0)
(5.715857e-09 -0.0027661668 0 -0.0001854759 0 0)
(6.12007e-10 -0.0038789344 0 -0.00036398502 0 0)
(1.4897102e-10 0.0038789345 0 -0.00036398399 0 0)
(4.640989e-09 0.0027661675 0 -0.00018547533 0 0)
(1.075398e-09 0.001654992 0 -6.6641219e-05 0 0)
(-1.1236965e-08 0.00055049656 0 -7.3828328e-06 0 0)
(-1.0009356e-08 -0.00055050147 0 -7.3841644e-06 0 0)
(5.1823161e-09 -0.0016549948 0 -6.6645371e-05 0 0)
(8.1747568e-09 -0.0027661674 0 -0.00018547902 0 0)
(1.4463603e-09 -0.0038789336 0 -0.00036398517 0 0)
(5.8180345e-11 0.0038789342 0 -0.00036398414 0 0)
(9.4968273e-09 0.0027661696 0 -0.00018547995 0 0)
(1.7463931e-09 0.0016549999 0 -6.6642374e-05 0 0)
(-1.8645182e-08 0.00055050176 0 -7.3754902e-06 0 0)
(-1.7135531e-08 -0.00055050698 0 -7.3768544e-06 0 0)
(6.7824803e-09 -0.0016550027 0 -6.6647699e-05 0 0)
(1.4218088e-08 -0.0027661691 0 -0.00018548464 0 0)
(1.9541165e-09 -0.0038789324 0 -0.00036398592 0 0)
(2.0692622e-09 0.0038789331 0 -0.00036398523 0 0)
(1.5367181e-08 0.002766172 0 -0.00018548675 0 0)
(2.9813254e-09 0.0016550109 0 -6.6643734e-05 0 0)
(-3.0867495e-08 0.00055050814 0 -7.3631921e-06 0 0)
(-2.8337188e-08 -0.00055051476 0 -7.3661455e-06 0 0)
(9.2683521e-09 -0.0016550149 0 -6.6649881e-05 0 0)
(2.1217095e-08 -0.002766171 0 -0.00018549299 0 0)
(4.5650636e-09 -0.0038789305 0 -0.00036398737 0 0)
(5.0940194e-09 0.0038789302 0 -0.00036398847 0 0)
(2.9320528e-08 0.0027661777 0 -0.00018550065 0 0)
(4.6632233e-09 0.0016550297 0 -6.6646232e-05 0 0)
(-4.9664354e-08 0.00055052017 0 -7.3447718e-06 0 0)
(-4.6263032e-08 -0.00055052599 0 -7.3476388e-06 0 0)
(1.1548582e-08 -0.001655034 0 -6.6653814e-05 0 0)
(3.6102394e-08 -0.0027661761 0 -0.00018550713 0 0)
(8.2509555e-09 -0.0038789262 0 -0.00036399146 0 0)
(1.1772383e-08 0.0038789257 0 -0.00036399361 0 0)
(4.4199067e-08 0.0027661832 0 -0.00018551706 0 0)
(6.5148817e-09 0.0016550562 0 -6.6648561e-05 0 0)
(-7.4595484e-08 0.00055053397 0 -7.3194434e-06 0 0)
(-7.51448e-08 -0.00055054329 0 -7.3198477e-06 0 0)
(1.417549e-08 -0.0016550614 0 -6.6655694e-05 0 0)
(5.2234626e-08 -0.0027661808 0 -0.00018552588 0 0)
(1.5530788e-08 -0.0038789205 0 -0.00036399662 0 0)
(2.1545468e-08 0.0038789158 0 -0.00036400355 0 0)
(7.6841436e-08 0.0027661963 0 -0.00018555008 0 0)
(8.722223e-09 0.0016550979 0 -6.6652205e-05 0 0)
(-1.201795e-07 0.0005505607 0 -7.2747138e-06 0 0)
(-1.1354626e-07 -0.00055056484 0 -7.2801474e-06 0 0)
(1.6286289e-08 -0.0016551019 0 -6.6661063e-05 0 0)
(8.487776e-08 -0.0027661929 0 -0.00018555727 0 0)
(2.6006369e-08 -0.0038789084 0 -0.00036400776 0 0)
(3.8656744e-08 0.0038789017 0 -0.00036401782 0 0)
(1.0799547e-07 0.0027662065 0 -0.00018558377 0 0)
(1.0932434e-08 0.0016551508 0 -6.66555e-05 0 0)
(-1.6556492e-07 0.00055058659 0 -7.2284038e-06 0 0)
(-1.7593876e-07 -0.00055059924 0 -7.2196921e-06 0 0)
(1.7560046e-08 -0.001655157 0 -6.6661001e-05 0 0)
(1.1725267e-07 -0.0027662026 0 -0.00018559431 0 0)
(4.3468997e-08 -0.0038788932 0 -0.00036402134 0 0)
(6.1503377e-08 0.0038788766 0 -0.00036404061 0 0)
(1.7277327e-07 0.0027662324 0 -0.00018564968 0 0)
(1.1987696e-08 0.0016552319 0 -6.6659025e-05 0 0)
(-2.5751703e-07 0.00055063833 0 -7.1379306e-06 0 0)
(-2.4523158e-07 -0.00055063654 0 -7.148109e-06 0 0)
(1.7471206e-08 -0.0016552333 0 -6.6666493e-05 0 0)
(1.7809299e-07 -0.0027662258 0 -0.00018565352 0 0)
(6.6355917e-08 -0.0038788654 0 -0.00036404516 0 0)
(9.6509001e-08 0.0038788416 0 -0.00036407055 0 0)
(2.2608665e-07 0.0027662482 0 -0.00018570683 0 0)
(1.315956e-08 0.0016553249 0 -6.6662125e-05 0 0)
(-3.2934964e-07 0.00055068058 0 -7.0644507e-06 0 0)
(-3.5801045e-07 -0.00055069772 0 -7.038259e-06 0 0)
(1.4360736e-08 -0.0016553324 0 -6.666153e-05 0 0)
(2.3358297e-07 -0.0027662424 0 -0.00018571609 0 0)
(1.0174764e-07 -0.0038788298 0 -0.00036407392 0 0)
(1.4133389e-07 0.0038787876 0 -0.00036411461 0 0)
(3.3418944e-07 0.0027662901 0 -0.00018581728 0 0)
(9.6172203e-09 0.0016554629 0 -6.6662623e-05 0 0)
(-4.8891329e-07 0.00055076964 0 -6.9070054e-06 0 0)
(-4.6507883e-07 -0.00055075541 0 -6.9277812e-06 0 0)
(9.4890781e-09 -0.0016554595 0 -6.6664939e-05 0 0)
(3.3394926e-07 -0.0027662825 0 -0.00018581493 0 0)
(1.4611165e-07 -0.0038787726 0 -0.00036411899 0 0)
(2.0225191e-07 0.0038787151 0 -0.00036416723 0 0)
(4.1207392e-07 0.0027663113 0 -0.00018590046 0 0)
(6.9839029e-09 0.0016556083 0 -6.6662905e-05 0 0)
(-5.9023818e-07 0.00055083217 0 -6.8031974e-06 0 0)
(-6.4264433e-07 -0.00055085423 0 -6.753976e-06 0 0)
(-3.40046e-09 -0.0016556192 0 -6.6650061e-05 0 0)
(4.1327649e-07 -0.0027663046 0 -0.00018590357 0 0)
(2.0216722e-07 -0.0038787032 0 -0.00036416506 0 0)
(2.745419e-07 0.0038786152 0 -0.00036423702 0 0)
(5.6191408e-07 0.0027663691 0 -0.00018605399 0 0)
(-6.3844664e-09 0.0016558157 0 -6.6655437e-05 0 0)
(-8.1037989e-07 0.00055095993 0 -6.5855447e-06 0 0)
(-7.8194174e-07 -0.00055093284 0 -6.6101551e-06 0 0)
(-1.5018867e-08 -0.001655801 0 -6.6648989e-05 0 0)
(5.5647055e-07 -0.0027663672 0 -0.00018604621 0 0)
(2.7748046e-07 -0.0038785985 0 -0.00036423965 0 0)
(3.6511063e-07 0.003878486 0 -0.00036431555 0 0)
(6.511616e-07 0.0027663933 0 -0.00018614974 0 0)
(-1.776734e-08 0.0016560167 0 -6.6648075e-05 0 0)
(-9.7435803e-07 0.0005510665 0 -6.4178098e-06 0 0)
(-1.0306116e-06 -0.00055108334 0 -6.3653765e-06 0 0)
(-4.2033389e-08 -0.0016560291 0 -6.6620911e-05 0 0)
(6.385555e-07 -0.0027663835 0 -0.00018613827 0 0)
(3.5701646e-07 -0.0038784785 0 -0.00036430554 0 0)
(4.5780821e-07 0.003878328 0 -0.00036440276 0 0)
(8.2804617e-07 0.0027664619 0 -0.00018633195 0 0)
(-4.6000834e-08 0.0016562886 0 -6.6627269e-05 0 0)
(-1.2499856e-06 0.00055124513 0 -6.1436235e-06 0 0)
(-1.2028894e-06 -0.00055118948 0 -6.1877806e-06 0 0)
(-6.3827833e-08 -0.0016562543 0 -6.6611068e-05 0 0)
(8.1342334e-07 -0.0027664691 0 -0.00018631513 0 0)
(4.532136e-07 -0.0038783163 0 -0.00036439817 0 0)
(5.753111e-07 0.0038781229 0 -0.0003645048 0 0)
(9.0993585e-07 0.0027664899 0 -0.00018642089 0 0)
(-7.0406529e-08 0.0016565215 0 -6.6608503e-05 0 0)
(-1.340797e-06 0.00055132465 0 -6.0501773e-06 0 0)
(-1.3645407e-06 -0.00055132522 0 -6.0303689e-06 0 0)
(-1.0057867e-07 -0.0016565093 0 -6.6575088e-05 0 0)
(8.6284138e-07 -0.0027664713 0 -0.00018637331 0 0)
(5.606479e-07 -0.0038781228 0 -0.00036448895 0 0)
(6.7015048e-07 0.0038779062 0 -0.00036458836 0 0)
(1.039425e-06 0.0027665476 0 -0.00018655356 0 0)
(-1.1679819e-07 0.0016568371 0 -6.6570747e-05 0 0)
(-1.5670455e-06 0.0005515128 0 -5.8325619e-06 0 0)
(-1.5636231e-06 -0.00055147892 0 -5.8326491e-06 0 0)
(-1.3965099e-07 -0.0016567642 0 -6.6548869e-05 0 0)
(1.0080281e-06 -0.0027665544 0 -0.00018652027 0 0)
(6.5356351e-07 -0.0038779093 0 -0.00036457247 0 0)
(7.6871764e-07 0.0038776526 0 -0.000364668 0 0)
(1.101984e-06 0.002766597 0 -0.00018661759 0 0)
(-1.6271596e-07 0.0016570572 0 -6.6530233e-05 0 0)
(-1.5423971e-06 0.00055157433 0 -5.8618603e-06 0 0)
(-1.5409672e-06 -0.00055153966 0 -5.8629581e-06 0 0)
(-2.0273612e-07 -0.0016570685 0 -6.648823e-05 0 0)
(1.0659952e-06 -0.0027666023 0 -0.0001865815 0 0)
(7.4817897e-07 -0.0038776632 0 -0.00036464781 0 0)
(8.3692076e-07 0.0038773906 0 -0.00036472592 0 0)
(1.0611666e-06 0.0027666046 0 -0.00018658196 0 0)
(-2.1340339e-07 0.001657235 0 -6.6476881e-05 0 0)
(-1.6780591e-06 0.00055174197 0 -5.72751e-06 0 0)
(-1.6885459e-06 -0.00055171941 0 -5.7148386e-06 0 0)
(-2.4725583e-07 -0.001657228 0 -6.6441208e-05 0 0)
(1.0084383e-06 -0.0027666007 0 -0.0001865269 0 0)
(8.1147095e-07 -0.0038774114 0 -0.00036470052 0 0)
(8.7707713e-07 0.0038771262 0 -0.00036478123 0 0)
(9.6295702e-07 0.0027666489 0 -0.0001864952 0 0)
(-2.7281293e-07 0.0016573798 0 -6.6436557e-05 0 0)
(-1.4661663e-06 0.00055176993 0 -5.9699333e-06 0 0)
(-1.4863666e-06 -0.00055174939 0 -5.9430785e-06 0 0)
(-3.0597919e-07 -0.0016573645 0 -6.6405509e-05 0 0)
(9.2313338e-07 -0.0027666621 0 -0.00018644897 0 0)
(8.486282e-07 -0.0038771546 0 -0.00036475277 0 0)
(8.995336e-07 0.0038768675 0 -0.00036469585 0 0)
(7.5749243e-07 0.0027667881 0 -0.00018608995 0 0)
(-3.4381576e-07 0.0016577438 0 -6.6538213e-05 0 0)
(-1.2792415e-06 0.00055193621 0 -6.7969015e-06 0 0)
(-1.2895257e-06 -0.00055191025 0 -6.7820225e-06 0 0)
(-3.7435971e-07 -0.0016577242 0 -6.6528573e-05 0 0)
(7.1602881e-07 -0.0027668019 0 -0.00018606011 0 0)
(8.6836642e-07 -0.0038769054 0 -0.00036466976 0 0)
(8.8040615e-07 0.0038768413 0 -0.00036424353 0 0)
(6.8589159e-07 0.0027669082 0 -0.00018562983 0 0)
(-3.3555002e-07 0.0016577143 0 -6.6647851e-05 0 0)
(-1.2276009e-06 0.00055190948 0 -7.3695238e-06 0 0)
(-1.2409611e-06 -0.00055187898 0 -7.3325472e-06 0 0)
(-3.6395953e-07 -0.0016577086 0 -6.6681298e-05 0 0)
(6.4498142e-07 -0.0027669154 0 -0.00018560718 0 0)
(8.4798322e-07 -0.003876889 0 -0.00036424372 0 0)
)
;

boundaryField
{
    left
    {
        type            fixedValue;
        value           uniform (0 0 0 0 0 0);
    }
    right
    {
        type            zeroGradient;
    }
    walls
    {
        type            zeroGradient;
    }
    frontAndBack
    {
        type            empty;
    }
}


// ************************************************************************* //
