/*--------------------------------*- C++ -*----------------------------------*\
| =========                 |                                                 |
| \\      /  F ield         | OpenFOAM: The Open Source CFD Toolbox           |
|  \\    /   O peration     | Version:  5.x                                   |
|   \\  /    A nd           | Web:      www.OpenFOAM.org                      |
|    \\/     M anipulation  |                                                 |
\*---------------------------------------------------------------------------*/
FoamFile
{
    version     2.0;
    format      ascii;
    class       volVectorField;
    location    "3";
    object      U;
}
// * * * * * * * * * * * * * * * * * * * * * * * * * * * * * * * * * * * * * //

dimensions      [0 1 -1 0 0 0 0];

internalField   nonuniform List<vector> 
1920
(
(-1.5319244e-07 8.6589881e-08 0)
(-5.0597056e-07 5.1897449e-08 0)
(-8.0262398e-07 -1.9865042e-08 0)
(-3.8707716e-07 -7.1957858e-08 0)
(3.8774942e-07 -7.3085194e-08 0)
(8.030278e-07 -1.8843378e-08 0)
(5.0619175e-07 5.1221683e-08 0)
(1.5312137e-07 8.6831574e-08 0)
(-8.4448883e-08 2.2908955e-07 0)
(-1.1759053e-06 4.199734e-07 0)
(-1.7988344e-06 -5.5698246e-08 0)
(-9.0783989e-07 -6.1195928e-07 0)
(9.0943023e-07 -6.0979907e-07 0)
(1.8002094e-06 -5.7236438e-08 0)
(1.1761459e-06 4.2146698e-07 0)
(8.4736114e-08 2.2871883e-07 0)
(-1.637682e-07 6.2447781e-07 0)
(-1.7202202e-06 9.7539023e-07 0)
(-2.5687581e-06 -1.4525153e-07 0)
(-1.2148228e-06 -1.43086e-06 0)
(1.2172273e-06 -1.4338147e-06 0)
(2.5702161e-06 -1.4186249e-07 0)
(1.7212855e-06 9.7406253e-07 0)
(1.6355741e-07 6.2542445e-07 0)
(-2.0850597e-07 1.1315479e-06 0)
(-2.1514506e-06 1.6540929e-06 0)
(-2.9990579e-06 -2.8386444e-07 0)
(-1.4826669e-06 -2.5018108e-06 0)
(1.4851812e-06 -2.4972834e-06 0)
(3.0012071e-06 -2.8640824e-07 0)
(2.1520444e-06 1.6576352e-06 0)
(2.0884552e-07 1.131096e-06 0)
(-2.6147434e-07 1.7378974e-06 0)
(-2.3238516e-06 2.4231357e-06 0)
(-3.3024178e-06 -4.7102672e-07 0)
(-1.5324669e-06 -3.692078e-06 0)
(1.5350598e-06 -3.6962973e-06 0)
(3.3040703e-06 -4.6538386e-07 0)
(2.3250135e-06 2.4217795e-06 0)
(2.6135673e-07 1.739668e-06 0)
(-2.5128241e-07 2.3868202e-06 0)
(-2.4207925e-06 3.2103094e-06 0)
(-3.2979738e-06 -6.587778e-07 0)
(-1.621363e-06 -4.9431828e-06 0)
(1.6234057e-06 -4.9371839e-06 0)
(3.299703e-06 -6.6149482e-07 0)
(2.4213698e-06 3.2154326e-06 0)
(2.5150432e-07 2.3865891e-06 0)
(-2.645107e-07 3.0256248e-06 0)
(-2.2993683e-06 3.995193e-06 0)
(-3.2487263e-06 -8.5801277e-07 0)
(-1.4998718e-06 -6.1663645e-06 0)
(1.5013718e-06 -6.170969e-06 0)
(3.249735e-06 -8.5113657e-07 0)
(2.3000131e-06 3.994214e-06 0)
(2.6451858e-07 3.0279442e-06 0)
(-2.2395636e-07 3.6315826e-06 0)
(-2.1649736e-06 4.7283848e-06 0)
(-2.9574749e-06 -1.0368318e-06 0)
(-1.4509772e-06 -7.3315036e-06 0)
(1.4516584e-06 -7.325138e-06 0)
(2.9580263e-06 -1.0392416e-06 0)
(2.1652423e-06 4.7341385e-06 0)
(2.2397408e-07 3.6316115e-06 0)
(-2.1163627e-07 4.1748892e-06 0)
(-1.8892767e-06 5.402953e-06 0)
(-2.686978e-06 -1.2061924e-06 0)
(-1.2455641e-06 -8.3782502e-06 0)
(1.2454456e-06 -8.3825327e-06 0)
(2.6869596e-06 -1.199315e-06 0)
(1.8891882e-06 5.402377e-06 0)
(2.1173585e-07 4.1772955e-06 0)
(-1.6383043e-07 4.6497966e-06 0)
(-1.6451474e-06 5.9893074e-06 0)
(-2.2792948e-06 -1.341746e-06 0)
(-1.1200459e-06 -9.3058198e-06 0)
(1.1192262e-06 -9.3000622e-06 0)
(2.2785853e-06 -1.3436899e-06 0)
(1.6450235e-06 5.9946678e-06 0)
(1.6367618e-07 4.6499634e-06 0)
(-1.4084656e-07 5.0439515e-06 0)
(-1.3372853e-06 6.492771e-06 0)
(-1.9294867e-06 -1.4608547e-06 0)
(-9.038661e-07 -1.0082251e-05 0)
(9.0233243e-07 -1.0085805e-05 0)
(1.9285391e-06 -1.4550012e-06 0)
(1.3366016e-06 6.492402e-06 0)
(1.4098759e-07 5.0460244e-06 0)
(-1.0047028e-07 5.3640495e-06 0)
(-1.0808917e-06 6.9021242e-06 0)
(-1.5341206e-06 -1.547068e-06 0)
(-7.5587339e-07 -1.0726238e-05 0)
(7.5393403e-07 -1.0721693e-05 0)
(1.5325156e-06 -1.548633e-06 0)
(1.0804529e-06 6.9063454e-06 0)
(1.0023105e-07 5.3641911e-06 0)
(-7.7108019e-08 5.6101141e-06 0)
(-8.1916153e-07 7.2314761e-06 0)
(-1.2083472e-06 -1.6173261e-06 0)
(-5.7599996e-07 -1.1228987e-05 0)
(5.7357474e-07 -1.1231721e-05 0)
(1.2067872e-06 -1.6130841e-06 0)
(8.1815778e-07 7.231047e-06 0)
(7.7244182e-08 5.6116016e-06 0)
(-4.9777128e-08 5.7949298e-06 0)
(-6.0920389e-07 7.4812886e-06 0)
(-8.9903233e-07 -1.661866e-06 0)
(-4.4483737e-07 -1.1619017e-05 0)
(4.4225075e-07 -1.1615886e-05 0)
(8.969626e-07 -1.6632814e-06 0)
(6.0855963e-07 7.4840097e-06 0)
(4.9533483e-08 5.7949098e-06 0)
(-3.1703257e-08 5.9247321e-06 0)
(-4.2614316e-07 7.6690941e-06 0)
(-6.5204128e-07 -1.6952573e-06 0)
(-3.1987698e-07 -1.1900971e-05 0)
(3.1699319e-07 -1.1903029e-05 0)
(6.5013037e-07 -1.6928045e-06 0)
(4.250316e-07 7.6683413e-06 0)
(3.1802154e-08 5.9255467e-06 0)
(-1.7070208e-08 6.0130662e-06 0)
(-2.8383806e-07 7.8004006e-06 0)
(-4.4931457e-07 -1.7116794e-06 0)
(-2.2394116e-07 -1.2103755e-05 0)
(2.2099989e-07 -1.2101952e-05 0)
(4.4703982e-07 -1.7132408e-06 0)
(2.8304614e-07 7.8015478e-06 0)
(1.6864866e-08 6.012778e-06 0)
(-5.7195467e-09 6.0673617e-06 0)
(-1.7753022e-07 7.8916704e-06 0)
(-2.9161092e-07 -1.7224325e-06 0)
(-1.5107019e-07 -1.2236637e-05 0)
(1.4793435e-07 -1.2238289e-05 0)
(2.8946924e-07 -1.7217063e-06 0)
(1.7639821e-07 7.8903443e-06 0)
(5.7653657e-09 6.0675043e-06 0)
(-3.9222044e-10 6.0985918e-06 0)
(-9.6838313e-08 7.9487129e-06 0)
(-1.807804e-07 -1.7237451e-06 0)
(-9.1298403e-08 -1.2322992e-05 0)
(8.8131406e-08 -1.2322311e-05 0)
(1.7839486e-07 -1.7257587e-06 0)
(9.5916016e-08 7.9483389e-06 0)
(2.3246076e-10 6.0979403e-06 0)
(5.4740561e-09 6.1125558e-06 0)
(-4.7677094e-08 7.9842633e-06 0)
(-9.5780047e-08 -1.7235048e-06 0)
(-5.7116383e-08 -1.2371168e-05 0)
(5.3836063e-08 -1.2372686e-05 0)
(9.3473351e-08 -1.7243591e-06 0)
(4.6545449e-08 7.9821367e-06 0)
(-5.4810349e-09 6.1120477e-06 0)
(5.3936763e-09 6.1165341e-06 0)
(-1.0248931e-08 8.0023264e-06 0)
(-4.8064276e-08 -1.7189908e-06 0)
(-2.4914504e-08 -1.2397053e-05 0)
(2.1638468e-08 -1.2397278e-05 0)
(4.5645327e-08 -1.7217155e-06 0)
(9.2318955e-09 8.0005145e-06 0)
(-5.5163499e-09 6.1154362e-06 0)
(7.9223138e-09 6.113926e-06 0)
(4.5580033e-09 8.011272e-06 0)
(-1.0268745e-08 -1.7151617e-06 0)
(-1.4371761e-08 -1.2405944e-05 0)
(1.1110293e-08 -1.2407554e-05 0)
(7.9237423e-09 -1.7174373e-06 0)
(-5.6537913e-09 8.0081826e-06 0)
(-7.9689426e-09 6.1127914e-06 0)
(5.4588631e-09 6.1087281e-06 0)
(1.7658755e-08 8.0130601e-06 0)
(1.9650631e-09 -1.7099582e-06 0)
(1.004417e-09 -1.2407065e-05 0)
(-4.1531745e-09 -1.2408007e-05 0)
(-4.2599584e-09 -1.7135443e-06 0)
(-1.8680727e-08 8.0099203e-06 0)
(-5.5519756e-09 6.1071374e-06 0)
(6.519181e-09 6.1023773e-06 0)
(1.6003647e-08 8.01241e-06 0)
(1.4966179e-08 -1.7062e-06 0)
(-3.0426198e-10 -1.2402807e-05 0)
(-2.6504336e-09 -1.240464e-05 0)
(-1.7123418e-08 -1.7097144e-06 0)
(-1.697819e-08 8.0083161e-06 0)
(-6.5850155e-09 6.1006644e-06 0)
(3.4671842e-09 6.0966294e-06 0)
(1.8532735e-08 8.0098442e-06 0)
(1.1313076e-08 -1.7023561e-06 0)
(6.8518707e-09 -1.2397743e-05 0)
(-9.5325959e-09 -1.2399238e-05 0)
(-1.3246959e-08 -1.7068025e-06 0)
(-1.9427936e-08 8.0055538e-06 0)
(-3.5312073e-09 6.0945658e-06 0)
(4.2119095e-09 6.0917604e-06 0)
(1.128411e-08 8.007633e-06 0)
(1.4321642e-08 -1.6998937e-06 0)
(9.8099249e-10 -1.2392365e-05 0)
(-3.2828709e-09 -1.2394445e-05 0)
(-1.6022845e-08 -1.7044051e-06 0)
(-1.2024305e-08 8.0026482e-06 0)
(-4.276038e-09 6.0895667e-06 0)
(1.3654256e-09 6.0883033e-06 0)
(1.096689e-08 8.0055776e-06 0)
(5.7929092e-09 -1.6977317e-06 0)
(5.1777332e-09 -1.2388578e-05 0)
(-7.0631391e-09 -1.239047e-05 0)
(-7.1276073e-09 -1.7028826e-06 0)
(-1.1607713e-08 8.00041e-06 0)
(-1.3966079e-09 6.0858631e-06 0)
(2.2989934e-09 6.0860418e-06 0)
(3.2653386e-09 8.0045856e-06 0)
(6.499203e-09 -1.6965895e-06 0)
(-1.6447723e-09 -1.2385984e-05 0)
(2.6975352e-10 -1.2388257e-05 0)
(-7.5326189e-09 -1.7017863e-06 0)
(-3.6789453e-09 7.9989663e-06 0)
(-2.3460714e-09 6.0835187e-06 0)
(-1.4425648e-10 6.0849911e-06 0)
(3.3816682e-09 8.0042354e-06 0)
(-2.0810028e-09 -1.6957421e-06 0)
(2.1069497e-09 -1.2385213e-05 0)
(-2.9918739e-09 -1.2387341e-05 0)
(1.492256e-09 -1.7013252e-06 0)
(-3.6896839e-09 7.9985453e-06 0)
(1.4834259e-10 6.08233e-06 0)
(1.0877608e-09 6.0848321e-06 0)
(-3.0940823e-09 8.0048094e-06 0)
(-6.8149151e-10 -1.695547e-06 0)
(-4.3395173e-09 -1.2385623e-05 0)
(4.0046013e-09 -1.2387986e-05 0)
(4.0409583e-10 -1.7010738e-06 0)
(3.0429046e-09 7.9989001e-06 0)
(-1.1108372e-09 6.082164e-06 0)
(-1.0139894e-09 6.0854405e-06 0)
(-1.717665e-09 8.0059101e-06 0)
(-7.9219959e-09 -1.6955306e-06 0)
(-1.8488508e-10 -1.2387373e-05 0)
(3.2278571e-10 -1.2389581e-05 0)
(8.0915783e-09 -1.7012202e-06 0)
(1.7518857e-09 8.0000824e-06 0)
(1.0511909e-09 6.0827393e-06 0)
(4.5800474e-10 6.0865544e-06 0)
(-6.8795261e-09 8.007598e-06 0)
(-5.2154325e-09 -1.6958969e-06 0)
(-6.029012e-09 -1.238987e-05 0)
(6.6656348e-09 -1.2392201e-05 0)
(5.6442688e-09 -1.7014019e-06 0)
(7.1621399e-09 8.0017586e-06 0)
(-4.5808337e-10 6.0839263e-06 0)
(-1.4257969e-09 6.0880639e-06 0)
(-4.4186392e-09 8.009574e-06 0)
(-1.117453e-08 -1.696331e-06 0)
(-1.3921543e-09 -1.2393166e-05 0)
(2.4071772e-09 -1.2395314e-05 0)
(1.1990891e-08 -1.7018144e-06 0)
(4.7429443e-09 8.0039633e-06 0)
(1.4892648e-09 6.0854912e-06 0)
(1.9293826e-10 6.0897953e-06 0)
(-8.6677084e-09 8.011857e-06 0)
(-7.4319629e-09 -1.696982e-06 0)
(-6.7909879e-09 -1.2396802e-05 0)
(8.1895644e-09 -1.2398991e-05 0)
(8.4118827e-09 -1.7021657e-06 0)
(9.20658e-09 8.0063982e-06 0)
(-1.7639607e-10 6.0873618e-06 0)
(-1.5752502e-09 6.0916906e-06 0)
(-5.5276364e-09 8.014238e-06 0)
(-1.2551987e-08 -1.6976243e-06 0)
(-1.8346072e-09 -1.2400846e-05 0)
(3.473332e-09 -1.2402826e-05 0)
(1.3824942e-08 -1.7026513e-06 0)
(6.0521262e-09 8.0091205e-06 0)
(1.6554593e-09 6.0893758e-06 0)
(1.1597942e-10 6.093645e-06 0)
(-9.2686008e-09 8.0167553e-06 0)
(-8.200124e-09 -1.6983932e-06 0)
(-6.9926086e-09 -1.2404961e-05 0)
(8.8729542e-09 -1.2406928e-05 0)
(9.5238881e-09 -1.7030405e-06 0)
(9.9633246e-09 8.0118982e-06 0)
(-9.1373084e-11 6.0915117e-06 0)
(-1.5996998e-09 6.0956453e-06 0)
(-5.7856487e-09 8.0192585e-06 0)
(-1.2878357e-08 -1.6991077e-06 0)
(-1.8881831e-09 -1.2409257e-05 0)
(3.8621555e-09 -1.2410999e-05 0)
(1.4393216e-08 -1.7035165e-06 0)
(6.4097862e-09 8.0148074e-06 0)
(1.6869311e-09 6.0936658e-06 0)
(1.1862334e-10 6.0976278e-06 0)
(-9.2900613e-09 8.0218144e-06 0)
(-8.2436742e-09 -1.6999035e-06 0)
(-6.9477792e-09 -1.241348e-05 0)
(9.0269364e-09 -1.2415179e-05 0)
(9.7030968e-09 -1.7038952e-06 0)
(1.0041826e-08 8.0176771e-06 0)
(-9.4068709e-11 6.0958469e-06 0)
(-1.5761945e-09 6.0996076e-06 0)
(-5.6718965e-09 8.0243035e-06 0)
(-1.2730667e-08 -1.7006202e-06 0)
(-1.8078725e-09 -1.2417769e-05 0)
(3.8525101e-09 -1.2419241e-05 0)
(1.4292087e-08 -1.7043405e-06 0)
(6.3056603e-09 8.0205894e-06 0)
(1.6624008e-09 6.0979896e-06 0)
(1.4605984e-10 6.1015407e-06 0)
(-9.0856378e-09 8.0268139e-06 0)
(-8.003828e-09 -1.7013971e-06 0)
(-6.841198e-09 -1.242192e-05 0)
(8.8809273e-09 -1.2423338e-05 0)
(9.4249592e-09 -1.7047022e-06 0)
(9.8136045e-09 8.0234196e-06 0)
(-1.2769447e-10 6.1001165e-06 0)
(-1.5406213e-09 6.1034571e-06 0)
(-5.4378115e-09 8.0292386e-06 0)
(-1.2425754e-08 -1.7020826e-06 0)
(-1.7211051e-09 -1.2426087e-05 0)
(3.630974e-09 -1.2427291e-05 0)
(1.388339e-08 -1.7051225e-06 0)
(6.0135196e-09 8.0262461e-06 0)
(1.6203095e-09 6.1021854e-06 0)
(1.7562404e-10 6.1053205e-06 0)
(-8.8248371e-09 8.0316781e-06 0)
(-7.6972576e-09 -1.7028188e-06 0)
(-6.7523278e-09 -1.2430096e-05 0)
(8.5822626e-09 -1.2431249e-05 0)
(8.9570343e-09 -1.7054757e-06 0)
(9.4733407e-09 8.0289768e-06 0)
(-1.6710047e-10 6.1042222e-06 0)
(-1.5063118e-09 6.1071672e-06 0)
(-5.1912977e-09 8.034029e-06 0)
(-1.2103425e-08 -1.7034586e-06 0)
(-1.670293e-09 -1.2434103e-05 0)
(3.3112641e-09 -1.2435061e-05 0)
(1.3360336e-08 -1.7058836e-06 0)
(5.6669369e-09 8.0316816e-06 0)
(1.5765842e-09 6.1061981e-06 0)
(2.0054972e-10 6.1089625e-06 0)
(-8.5721255e-09 8.0363972e-06 0)
(-7.4061648e-09 -1.7041452e-06 0)
(-6.6986375e-09 -1.243795e-05 0)
(8.219162e-09 -1.2438871e-05 0)
(8.4340062e-09 -1.706239e-06 0)
(9.1106671e-09 8.0342912e-06 0)
(-2.0324475e-10 6.1081375e-06 0)
(-1.4762946e-09 6.1107449e-06 0)
(-4.9659082e-09 8.0386794e-06 0)
(-1.180718e-08 -1.704735e-06 0)
(-1.6544241e-09 -1.2441791e-05 0)
(2.9592903e-09 -1.2442544e-05 0)
(1.2815995e-08 -1.706645e-06 0)
(5.3226881e-09 8.0368649e-06 0)
(1.5363794e-09 6.1100197e-06 0)
(2.2053017e-10 6.1124795e-06 0)
(-8.341963e-09 8.0409825e-06 0)
(-7.1467728e-09 -1.7053699e-06 0)
(-6.6697146e-09 -1.2445479e-05 0)
(7.8421956e-09 -1.2446211e-05 0)
(7.9168776e-09 -1.7070098e-06 0)
(8.7609473e-09 8.0393503e-06 0)
(-2.3410843e-10 6.1118657e-06 0)
(-1.4498435e-09 6.1142044e-06 0)
(-4.7632973e-09 8.0432027e-06 0)
(-1.1537727e-08 -1.7059104e-06 0)
(-1.6565878e-09 -1.244916e-05 0)
(2.6117093e-09 -1.2449753e-05 0)
(1.2290329e-08 -1.70742e-06 0)
(5.0003298e-09 8.0417957e-06 0)
(1.5004338e-09 6.1136601e-06 0)
(2.3715046e-10 6.1158843e-06 0)
(-8.1296679e-09 8.0454459e-06 0)
(-6.9097701e-09 -1.7064955e-06 0)
(-6.6475623e-09 -1.2452698e-05 0)
(7.4789134e-09 -1.2453288e-05 0)
(7.4294063e-09 -1.7077971e-06 0)
(8.4344893e-09 8.0441618e-06 0)
(-2.6020613e-10 6.1154197e-06 0)
(-1.4254168e-09 6.1175563e-06 0)
(-4.5749936e-09 8.0476085e-06 0)
(-1.1281968e-08 -1.7069903e-06 0)
(-1.658458e-09 -1.2456229e-05 0)
(2.2875239e-09 -1.2456708e-05 0)
(1.1797254e-08 -1.7082132e-06 0)
(4.7032975e-09 8.0464864e-06 0)
(1.4680341e-09 6.1171332e-06 0)
(2.5205822e-10 6.1191848e-06 0)
(-7.92609e-09 8.0497937e-06 0)
(-6.6802934e-09 -1.7075293e-06 0)
(-6.6162632e-09 -1.2459626e-05 0)
(7.1428573e-09 -1.2460118e-05 0)
(6.9777949e-09 -1.7086019e-06 0)
(8.1313164e-09 8.0487408e-06 0)
(-2.8267447e-10 6.1188135e-06 0)
(-1.4017197e-09 6.1208058e-06 0)
(-4.3918232e-09 8.0518995e-06 0)
(-1.1026146e-08 -1.7079833e-06 0)
(-1.6462023e-09 -1.2463016e-05 0)
(1.9950179e-09 -1.2463421e-05 0)
(1.1338727e-08 -1.7090224e-06 0)
(4.4289697e-09 8.0509532e-06 0)
(1.4382085e-09 6.1204525e-06 0)
(2.6643017e-10 6.1223839e-06 0)
(-7.723362e-09 8.0540258e-06 0)
(-6.4459884e-09 -1.7084812e-06 0)
(-6.5652544e-09 -1.2466279e-05 0)
(6.8390435e-09 -1.2466711e-05 0)
(6.5605261e-09 -1.7094197e-06 0)
(7.8479347e-09 8.0531037e-06 0)
(-3.0259051e-10 6.1220593e-06 0)
(-1.3779375e-09 6.1239537e-06 0)
(-4.2070637e-09 8.056073e-06 0)
(-1.0760455e-08 -1.7088996e-06 0)
(-1.6117614e-09 -1.2469534e-05 0)
(1.735993e-09 -1.2469901e-05 0)
(1.0911656e-08 -1.7098413e-06 0)
(4.173042e-09 8.0552121e-06 0)
(1.4101211e-09 6.1236287e-06 0)
(2.8094938e-10 6.1254807e-06 0)
(-7.5164186e-09 8.0581374e-06 0)
(-6.1991484e-09 -1.7093615e-06 0)
(-6.4894124e-09 -1.2472669e-05 0)
(6.5674108e-09 -1.2473072e-05 0)
(6.1730717e-09 -1.7102429e-06 0)
(7.5801698e-09 8.0572661e-06 0)
(-3.2079714e-10 6.1251667e-06 0)
(-1.3536718e-09 6.126998e-06 0)
(-4.0168641e-09 8.0601225e-06 0)
(-1.0479673e-08 -1.7097494e-06 0)
(-1.5520749e-09 -1.2475793e-05 0)
(1.5084871e-09 -1.2476149e-05 0)
(1.0511185e-08 -1.7106615e-06 0)
(3.9312593e-09 8.0592774e-06 0)
(1.3831529e-09 6.1266704e-06 0)
(2.9593128e-10 6.1284722e-06 0)
(-7.3028186e-09 8.062121e-06 0)
(-5.9363678e-09 -1.7101802e-06 0)
(-6.3878833e-09 -1.2478804e-05 0)
(6.3250766e-09 -1.2479202e-05 0)
(5.8101136e-09 -1.7110627e-06 0)
(7.3242436e-09 8.0612408e-06 0)
(-3.379036e-10 6.1281429e-06 0)
(-1.3288096e-09 6.1299353e-06 0)
(-3.8197039e-09 8.0640401e-06 0)
(-1.0182328e-08 -1.7105423e-06 0)
(-1.467671e-09 -1.24818e-05 0)
(1.3085828e-09 -1.2482165e-05 0)
(1.0132253e-08 -1.7114743e-06 0)
(3.7000206e-09 8.0631609e-06 0)
(1.3568817e-09 6.1295837e-06 0)
(3.1145787e-10 6.1313549e-06 0)
(-7.0820674e-09 8.0659687e-06 0)
(-5.6574254e-09 -1.7109463e-06 0)
(-6.2626596e-09 -1.2484688e-05 0)
(6.1078377e-09 -1.2485099e-05 0)
(5.4665875e-09 -1.7118705e-06 0)
(7.0771151e-09 8.0650386e-06 0)
(-3.5432961e-10 6.1309934e-06 0)
(-1.3034079e-09 6.1327619e-06 0)
(-3.6156675e-09 8.0678178e-06 0)
(-9.8695167e-09 -1.7112865e-06 0)
(-1.3612909e-09 -1.248756e-05 0)
(1.1316096e-09 -1.2487947e-05 0)
(9.7703119e-09 -1.7122713e-06 0)
(3.4765283e-09 8.0668723e-06 0)
(1.3310409e-09 6.1323734e-06 0)
(3.2747947e-10 6.1341252e-06 0)
(-6.8549286e-09 8.0696728e-06 0)
(-5.3641388e-09 -1.7116672e-06 0)
(-6.11734e-09 -1.2490327e-05 0)
(5.911147e-09 -1.2490761e-05 0)
(5.1381547e-09 -1.7126588e-06 0)
(6.8365298e-09 8.068668e-06 0)
(-3.703507e-10 6.1337221e-06 0)
(-1.2776118e-09 6.1354744e-06 0)
(-3.4058171e-09 8.0714487e-06 0)
(-9.5438671e-09 -1.7119888e-06 0)
(-1.2367959e-09 -1.2493075e-05 0)
(9.7291e-10 -1.2493492e-05 0)
(9.4216365e-09 -1.7130457e-06 0)
(3.2587627e-09 8.0704189e-06 0)
(1.3054808e-09 6.1350426e-06 0)
(3.4388135e-10 6.1367801e-06 0)
(-6.6228801e-09 8.073227e-06 0)
(-5.0594459e-09 -1.7123493e-06 0)
(-5.9562051e-09 -1.2495722e-05 0)
(5.730709e-09 -1.2496186e-05 0)
(4.8213774e-09 -1.7134212e-06 0)
(6.6009552e-09 8.0721356e-06 0)
(-3.8613484e-10 6.1363317e-06 0)
(-1.2516028e-09 6.1380704e-06 0)
(-3.1917303e-09 8.074927e-06 0)
(-9.208756e-09 -1.7126548e-06 0)
(-1.0984026e-09 -1.2498347e-05 0)
(8.2828389e-10 -1.2498799e-05 0)
(9.0834055e-09 -1.7137917e-06 0)
(3.0453902e-09 8.0738066e-06 0)
(1.2801371e-09 6.137594e-06 0)
(3.6052367e-10 6.1393174e-06 0)
(-6.3877316e-09 8.0766265e-06 0)
(-4.7467545e-09 -1.7129972e-06 0)
(-5.7836023e-09 -1.2500876e-05 0)
(5.5627996e-09 -1.2501371e-05 0)
(4.513729e-09 -1.7141528e-06 0)
(6.3694745e-09 8.0754466e-06 0)
(-4.0177091e-10 6.1388246e-06 0)
(-1.2255695e-09 6.1405481e-06 0)
(-2.9751892e-09 8.0782489e-06 0)
(-8.8677798e-09 -1.7132886e-06 0)
(-9.5020055e-10 -1.250338e-05 0)
(6.9420302e-10 -1.2503866e-05 0)
(8.7536599e-09 -1.7145053e-06 0)
(2.8356462e-09 8.07704e-06 0)
(1.2550063e-09 6.1400295e-06 0)
(3.7726363e-10 6.1417361e-06 0)
(-6.1513762e-09 8.0798683e-06 0)
(-4.4295212e-09 -1.7136148e-06 0)
(-5.6035799e-09 -1.2505792e-05 0)
(5.4043948e-09 -1.2506316e-05 0)
(4.2135115e-09 -1.7148502e-06 0)
(6.1416664e-09 8.078605e-06 0)
(-4.1729083e-10 6.1412025e-06 0)
(-1.1996911e-09 6.142907e-06 0)
(-2.757984e-09 8.0814122e-06 0)
(-8.5244267e-09 -1.7138934e-06 0)
(-7.9588487e-10 -1.2508175e-05 0)
(5.6786981e-10 -1.2508693e-05 0)
(8.4311921e-09 -1.7151834e-06 0)
(2.6292137e-09 8.0801228e-06 0)
(1.2301266e-09 6.1423509e-06 0)
(3.9396699e-10 6.1440359e-06 0)
(-5.9156389e-09 8.082951e-06 0)
(-4.1110009e-09 -1.7142047e-06 0)
(-5.4197008e-09 -1.2510471e-05 0)
(5.2531748e-09 -1.2511022e-05 0)
(3.919725e-09 -1.7155109e-06 0)
(5.9174857e-09 8.0816146e-06 0)
(-4.3268717e-10 6.1434673e-06 0)
(-1.1741297e-09 6.1451472e-06 0)
(-2.541799e-09 8.0844164e-06 0)
(-8.1818904e-09 -1.7144715e-06 0)
(-6.3863598e-10 -1.2512736e-05 0)
(4.471806e-10 -1.2513281e-05 0)
(8.1154041e-09 -1.7158245e-06 0)
(2.4261077e-09 8.0830585e-06 0)
(1.205562e-09 6.1445599e-06 0)
(4.1051339e-10 6.1462175e-06 0)
(-5.6821918e-09 8.0858748e-06 0)
(-3.7941132e-09 -1.7147687e-06 0)
(-5.234975e-09 -1.2514917e-05 0)
(5.1074578e-09 -1.2515491e-05 0)
(3.6319204e-09 -1.716134e-06 0)
(5.6971539e-09 8.0844783e-06 0)
(-4.4792695e-10 6.1456207e-06 0)
(-1.1490276e-09 6.14727e-06 0)
(-2.3281501e-09 8.0872622e-06 0)
(-7.8429799e-09 -1.7150244e-06 0)
(-4.8109167e-10 -1.2517067e-05 0)
(3.3063784e-10 -1.2517633e-05 0)
(7.8061599e-09 -1.7164275e-06 0)
(2.2265727e-09 8.08585e-06 0)
(1.1813908e-09 6.1466585e-06 0)
(4.2679834e-10 6.1482826e-06 0)
(-5.4525109e-09 8.0886412e-06 0)
(-3.4813849e-09 -1.7153082e-06 0)
(-5.051862e-09 -1.2519135e-05 0)
(4.9660993e-09 -1.2519725e-05 0)
(3.3500544e-09 -1.7167188e-06 0)
(5.4810644e-09 8.0871993e-06 0)
(-4.6296253e-10 6.1476646e-06 0)
(-1.1245057e-09 6.1492772e-06 0)
(-2.1183559e-09 8.0899518e-06 0)
(-7.5100871e-09 -1.7155533e-06 0)
(-3.2537236e-10 -1.252117e-05 0)
(2.1724197e-10 -1.2521753e-05 0)
(7.5036478e-09 -1.7169927e-06 0)
(2.0309942e-09 8.0885004e-06 0)
(1.1576955e-09 6.1486486e-06 0)
(4.4273345e-10 6.1502331e-06 0)
(-5.2278586e-09 8.091253e-06 0)
(-3.1749377e-09 -1.7158242e-06 0)
(-4.8723131e-09 -1.2523128e-05 0)
(4.8283825e-09 -1.252373e-05 0)
(3.0743602e-09 -1.7172658e-06 0)
(5.2697033e-09 8.0897807e-06 0)
(-4.7773971e-10 6.1496013e-06 0)
(-1.1006647e-09 6.1511712e-06 0)
(-1.9135298e-09 8.0924884e-06 0)
(-7.1851909e-09 -1.716059e-06 0)
(-1.7313249e-10 -1.2525052e-05 0)
(1.0638284e-10 -1.2525645e-05 0)
(7.2082616e-09 -1.7175205e-06 0)
(1.8398293e-09 8.0910129e-06 0)
(1.1345572e-09 6.1505327e-06 0)
(4.5824578e-10 6.1520721e-06 0)
(-5.0092839e-09 8.0937136e-06 0)
(-2.8765018e-09 -1.7163174e-06 0)
(-4.6978296e-09 -1.2526902e-05 0)
(4.6939144e-09 -1.2527509e-05 0)
(2.8052385e-09 -1.7177758e-06 0)
(5.0635886e-09 8.0922257e-06 0)
(-4.9220375e-10 6.1514331e-06 0)
(-1.0775859e-09 6.1529552e-06 0)
(-1.7145832e-09 8.0948759e-06 0)
(-6.8698792e-09 -1.716542e-06 0)
(-2.5621729e-11 -1.2528718e-05 0)
(-2.2592021e-12 -1.2529316e-05 0)
(6.9205035e-09 -1.7180119e-06 0)
(1.6535514e-09 8.0933908e-06 0)
(1.1120501e-09 6.1523133e-06 0)
(4.7327704e-10 6.1538026e-06 0)
(-4.7976294e-09 8.0960275e-06 0)
(-2.5874437e-09 -1.716788e-06 0)
(-4.5295259e-09 -1.2530463e-05 0)
(4.5625351e-09 -1.2531071e-05 0)
(2.5431706e-09 -1.7182501e-06 0)
(4.8632239e-09 8.0945377e-06 0)
(-5.0630333e-10 6.1531629e-06 0)
(-1.0553324e-09 6.1546326e-06 0)
(-1.5222366e-09 8.0971192e-06 0)
(-6.5653817e-09 -1.7170026e-06 0)
(1.1625367e-10 -1.2532173e-05 0)
(-1.0879701e-10 -1.2532771e-05 0)
(6.6409093e-09 -1.7184684e-06 0)
(1.4726117e-09 8.0956376e-06 0)
(1.0902389e-09 6.1539932e-06 0)
(4.8778233e-10 6.1554284e-06 0)
(-4.5935459e-09 8.0981998e-06 0)
(-2.3088003e-09 -1.7172366e-06 0)
(-4.3681901e-09 -1.2533818e-05 0)
(4.4342433e-09 -1.2534421e-05 0)
(2.2886531e-09 -1.71869e-06 0)
(4.6690658e-09 8.0967206e-06 0)
(-5.1999326e-10 6.1547936e-06 0)
(-1.033951e-09 6.1562072e-06 0)
(-1.3370337e-09 8.0992234e-06 0)
(-6.272606e-09 -1.7174413e-06 0)
(2.5187367e-10 -1.2535426e-05 0)
(-2.1320464e-10 -1.2536019e-05 0)
(6.369993e-09 -1.7188916e-06 0)
(1.297411e-09 8.0977572e-06 0)
(1.0691774e-09 6.1555755e-06 0)
(5.0172903e-10 6.1569534e-06 0)
(-4.3975077e-09 8.1002357e-06 0)
(-2.0413147e-09 -1.7176635e-06 0)
(-4.214339e-09 -1.2536972e-05 0)
(4.3091367e-09 -1.2537567e-05 0)
(2.042151e-09 -1.7190974e-06 0)
(4.4815036e-09 8.0987781e-06 0)
(-5.3323592e-10 6.1563284e-06 0)
(-1.0134732e-09 6.1576831e-06 0)
(-1.1593579e-09 8.1011941e-06 0)
(-5.9921746e-09 -1.7178584e-06 0)
(3.808539e-10 -1.2538483e-05 0)
(-3.1537042e-10 -1.2539066e-05 0)
(6.1082098e-09 -1.7192832e-06 0)
(1.1282837e-09 8.0997537e-06 0)
(1.0489073e-09 6.1570636e-06 0)
(5.1509557e-10 6.1583818e-06 0)
(-4.2098307e-09 8.1021411e-06 0)
(-1.7854719e-09 -1.7180689e-06 0)
(-4.0682671e-09 -1.2539935e-05 0)
(4.1873668e-09 -1.2540516e-05 0)
(1.8040655e-09 -1.7194741e-06 0)
(4.3008467e-09 8.1007145e-06 0)
(-5.4600201e-10 6.1577707e-06 0)
(-9.9391718e-10 6.1590645e-06 0)
(-9.8944921e-10 8.1030371e-06 0)
(-5.7244615e-09 -1.7182541e-06 0)
(5.0300135e-10 -1.2541352e-05 0)
(-4.15137e-10 -1.2541922e-05 0)
(5.8559311e-09 -1.719645e-06 0)
(9.6548783e-10 8.1016311e-06 0)
(1.0294588e-09 6.1584609e-06 0)
(5.2787024e-10 6.1597177e-06 0)
(-4.0306906e-09 8.1039218e-06 0)
(-1.5415338e-09 -1.7184532e-06 0)
(-3.9300879e-09 -1.2542713e-05 0)
(4.069106e-09 -1.2543279e-05 0)
(1.5747153e-09 -1.7198218e-06 0)
(4.1273197e-09 8.1025341e-06 0)
(-5.5827053e-10 6.1591239e-06 0)
(-9.7528935e-10 6.1603555e-06 0)
(-8.2742169e-10 8.1047585e-06 0)
(-5.4696264e-09 -1.7186289e-06 0)
(6.1827694e-10 -1.2544039e-05 0)
(-5.1233085e-10 -1.2544594e-05 0)
(5.6134318e-09 -1.7199788e-06 0)
(8.0920223e-10 8.1033941e-06 0)
(1.0108505e-09 6.1597709e-06 0)
(5.4005012e-10 6.1609655e-06 0)
(-3.8601403e-09 8.1055838e-06 0)
(-1.3095713e-09 -1.7188169e-06 0)
(-3.7997703e-09 -1.2545314e-05 0)
(3.9545238e-09 -1.2545861e-05 0)
(1.354326e-09 -1.7201424e-06 0)
(3.9610622e-09 8.1042413e-06 0)
(-5.7002859e-10 6.1603917e-06 0)
(-9.5758566e-10 6.1615607e-06 0)
(-6.7328015e-10 8.1063641e-06 0)
(-5.2276474e-09 -1.718983e-06 0)
(7.2676298e-10 -1.2546554e-05 0)
(-6.0678328e-10 -1.254709e-05 0)
(5.3808846e-09 -1.7202865e-06 0)
(6.5952744e-10 8.1050469e-06 0)
(9.9309088e-10 6.1609973e-06 0)
(5.5163965e-10 6.1621295e-06 0)
(-3.6981273e-09 8.1071331e-06 0)
(-1.0894941e-09 -1.7191602e-06 0)
(-3.6771697e-09 -1.2547746e-05 0)
(3.8437698e-09 -1.2548273e-05 0)
(1.1430271e-09 -1.7204377e-06 0)
(3.8021322e-09 8.1058407e-06 0)
(-5.8127073e-10 6.1615778e-06 0)
(-9.4079324e-10 6.1626841e-06 0)
(-5.2693625e-10 8.1078599e-06 0)
(-4.9983505e-09 -1.7193171e-06 0)
(8.2863623e-10 -1.2548904e-05 0)
(-6.9834473e-10 -1.2549419e-05 0)
(5.158361e-09 -1.7205699e-06 0)
(5.1648956e-10 8.1065943e-06 0)
(9.761791e-10 6.1621438e-06 0)
(5.6264988e-10 6.163214e-06 0)
(-3.5445102e-09 8.1085756e-06 0)
(-8.810791e-10 -1.7194836e-06 0)
(-3.5620533e-09 -1.2550016e-05 0)
(3.7369643e-09 -1.2550522e-05 0)
(9.4085383e-10 -1.7207096e-06 0)
(3.6505121e-09 8.1073368e-06 0)
(-5.9199832e-10 6.1626858e-06 0)
(-9.2489176e-10 6.1637302e-06 0)
(-3.8822344e-10 8.1092518e-06 0)
(-4.781437e-09 -1.7196315e-06 0)
(9.241449e-10 -1.2551096e-05 0)
(-7.868939e-10 -1.255159e-05 0)
(4.9458354e-09 -1.7208307e-06 0)
(3.8004621e-10 8.1080407e-06 0)
(9.6010598e-10 6.1632141e-06 0)
(5.7309722e-10 6.1642231e-06 0)
(-3.3990736e-09 8.1099171e-06 0)
(-6.8399414e-10 -1.7197877e-06 0)
(-3.4541228e-09 -1.2552133e-05 0)
(3.6341912e-09 -1.2552616e-05 0)
(7.4775217e-10 -1.7209595e-06 0)
(3.5061155e-09 8.1087343e-06 0)
(-6.022187e-10 6.1637193e-06 0)
(-9.0985474e-10 6.1647029e-06 0)
(-2.5691116e-10 8.1105454e-06 0)
(-4.5765077e-09 -1.7199268e-06 0)
(1.0135896e-09 -1.2553139e-05 0)
(-8.7234305e-10 -1.2553611e-05 0)
(4.7431929e-09 -1.7210704e-06 0)
(2.5009352e-10 8.1093907e-06 0)
(9.4485521e-10 6.1642117e-06 0)
(5.8300258e-10 6.1651608e-06 0)
(-3.2615423e-09 8.1111631e-06 0)
(-4.9782103e-10 -1.720073e-06 0)
(-3.3530323e-09 -1.2554104e-05 0)
(3.5354962e-09 -1.2554564e-05 0)
(5.6358666e-10 -1.7211893e-06 0)
(3.3687959e-09 8.1100375e-06 0)
(-6.1194437e-10 6.164682e-06 0)
(-8.9565073e-10 6.1656063e-06 0)
(-1.3271718e-10 8.1117462e-06 0)
(-4.3830844e-09 -1.7202035e-06 0)
(1.0973072e-09 -1.2555039e-05 0)
(-9.5464044e-10 -1.2555488e-05 0)
(4.5502382e-09 -1.7212907e-06 0)
(1.264739e-10 8.1106488e-06 0)
(9.3040459e-10 6.1651402e-06 0)
(5.9239033e-10 6.1660311e-06 0)
(-3.1315937e-09 8.1123189e-06 0)
(-3.2207484e-10 -1.7203402e-06 0)
(-3.2584037e-09 -1.2555937e-05 0)
(3.4408855e-09 -1.2556373e-05 0)
(3.8814894e-10 -1.7214002e-06 0)
(3.2383545e-09 8.1112511e-06 0)
(-6.2119225e-10 6.1655774e-06 0)
(-8.8224452e-10 6.166444e-06 0)
(-1.5319157e-11 8.1128594e-06 0)
(-4.2006296e-09 -1.7204623e-06 0)
(1.1756583e-09 -1.2556805e-05 0)
(-1.0337705e-09 -1.2557231e-05 0)
(4.3667056e-09 -1.7214929e-06 0)
(8.9835594e-12 8.1118193e-06 0)
(9.1672695e-10 6.1660031e-06 0)
(6.0128777e-10 6.1668377e-06 0)
(-3.0088691e-09 8.1133897e-06 0)
(-1.5622104e-10 -1.7205896e-06 0)
(-3.1698394e-09 -1.2557638e-05 0)
(3.3503281e-09 -1.2558051e-05 0)
(2.2116726e-10 -1.7215937e-06 0)
(3.1145488e-09 8.1123793e-06 0)
(-6.2998282e-10 6.1664087e-06 0)
(-8.695979e-10 6.1672199e-06 0)
(9.5635477e-11 8.11389e-06 0)
(-4.0285623e-09 -1.7207038e-06 0)
(1.2490163e-09 -1.2558443e-05 0)
(-1.1097525e-09 -1.2558846e-05 0)
(4.1922691e-09 -1.7216784e-06 0)
(-1.026196e-10 8.1129066e-06 0)
(9.0379118e-10 6.1668036e-06 0)
(6.0972425e-10 6.167584e-06 0)
(-2.8929832e-09 8.1143803e-06 0)
(3.0976186e-13 -1.7208221e-06 0)
(-3.0869319e-09 -1.2559215e-05 0)
(3.2637576e-09 -1.2559605e-05 0)
(6.2316239e-11 -1.7217711e-06 0)
(2.9971003e-09 8.1134262e-06 0)
(-6.383395e-10 6.1671794e-06 0)
(-8.5767071e-10 6.1679372e-06 0)
(2.0052087e-10 8.1148427e-06 0)
(-3.8662726e-09 -1.7209285e-06 0)
(1.3177591e-09 -1.2559959e-05 0)
(-1.1826382e-09 -1.256034e-05 0)
(4.026553e-09 -1.7218483e-06 0)
(-2.0860901e-10 8.1139147e-06 0)
(8.9156313e-10 6.167545e-06 0)
(6.1773056e-10 6.1682735e-06 0)
(-2.7835329e-09 8.1152952e-06 0)
(1.4810938e-10 -1.7210382e-06 0)
(-3.0092724e-09 -1.2560673e-05 0)
(3.181076e-09 -1.2561041e-05 0)
(-8.8773963e-11 -1.7219335e-06 0)
(2.885702e-09 8.1143959e-06 0)
(-6.4628809e-10 6.1678925e-06 0)
(-8.4642146e-10 6.1685993e-06 0)
(2.9972502e-10 8.1157217e-06 0)
(-3.7131336e-09 -1.7211371e-06 0)
(1.3822626e-09 -1.256136e-05 0)
(-1.2525088e-09 -1.256172e-05 0)
(3.8691409e-09 -1.7220038e-06 0)
(-3.0928249e-10 8.1148475e-06 0)
(8.8000639e-10 6.1682303e-06 0)
(6.2533854e-10 6.1689092e-06 0)
(-2.6801045e-09 8.1161386e-06 0)
(2.8778133e-10 -1.7212385e-06 0)
(-2.9364565e-09 -1.2562019e-05 0)
(3.1021576e-09 -1.2562366e-05 0)
(-2.3250864e-10 -1.722082e-06 0)
(2.7800257e-09 8.1152922e-06 0)
(-6.5385596e-10 6.1685508e-06 0)
(-8.3580804e-10 6.169209e-06 0)
(3.9364357e-10 8.1165314e-06 0)
(-3.5685112e-09 -1.7213302e-06 0)
(1.4428954e-09 -1.2562653e-05 0)
(-1.3194713e-09 -1.2562991e-05 0)
(3.7195853e-09 -1.7221459e-06 0)
(-4.0495624e-10 8.1157087e-06 0)
(8.6908302e-10 6.1688623e-06 0)
(6.3258052e-10 6.169494e-06 0)
(-2.5822797e-09 8.1169145e-06 0)
(4.1993235e-10 -1.7214237e-06 0)
(-2.8680895e-09 -1.2563259e-05 0)
(3.0268527e-09 -1.2563585e-05 0)
(-3.6932014e-10 -1.7222175e-06 0)
(2.6797272e-09 8.1161187e-06 0)
(-6.6107172e-10 6.1691573e-06 0)
(-8.2578818e-10 6.1697693e-06 0)
(4.8267444e-10 8.1172753e-06 0)
(-3.4317724e-09 -1.7215084e-06 0)
(1.5000155e-09 -1.2563841e-05 0)
(-1.3836548e-09 -1.256416e-05 0)
(3.5774157e-09 -1.7222754e-06 0)
(-4.9595912e-10 8.1165017e-06 0)
(8.5875422e-10 6.1694437e-06 0)
(6.3948885e-10 6.1700306e-06 0)
(-2.4896409e-09 8.1176266e-06 0)
(5.4516508e-10 -1.7215943e-06 0)
(-2.8037895e-09 -1.2564399e-05 0)
(2.954992e-09 -1.2564705e-05 0)
(-4.9966031e-10 -1.7223409e-06 0)
(2.5844526e-09 8.1168787e-06 0)
(-6.6796473e-10 6.1697144e-06 0)
(-8.1632e-10 6.1702826e-06 0)
(5.6721322e-10 8.1179571e-06 0)
(-3.3022923e-09 -1.7216723e-06 0)
(1.5539671e-09 -1.2564932e-05 0)
(-1.445207e-09 -1.2565232e-05 0)
(3.4421466e-09 -1.7223932e-06 0)
(-5.8262798e-10 8.11723e-06 0)
(8.4898074e-10 6.169977e-06 0)
(6.4609583e-10 6.1705215e-06 0)
(-2.4017755e-09 8.1182781e-06 0)
(6.6407234e-10 -1.7217509e-06 0)
(-2.7431906e-09 -1.2565442e-05 0)
(2.8863908e-09 -1.2565729e-05 0)
(-6.2399333e-10 -1.7224529e-06 0)
(2.493843e-09 8.1175755e-06 0)
(-6.7456474e-10 6.1702246e-06 0)
(-8.0736229e-10 6.1707514e-06 0)
(6.4764958e-10 8.1185798e-06 0)
(-3.1794593e-09 -1.7218225e-06 0)
(1.6050793e-09 -1.2565928e-05 0)
(-1.5042901e-09 -1.2566211e-05 0)
(3.3132838e-09 -1.7225e-06 0)
(-6.65303e-10 8.1178965e-06 0)
(8.3972345e-10 6.1704645e-06 0)
(6.5243314e-10 6.170969e-06 0)
(-2.3182789e-09 8.1188721e-06 0)
(7.7723237e-10 -1.721894e-06 0)
(-2.6859438e-09 -1.2566394e-05 0)
(2.8208524e-09 -1.2566664e-05 0)
(-7.4278959e-10 -1.7225543e-06 0)
(2.4075386e-09 8.1182119e-06 0)
(-6.8090143e-10 6.1706901e-06 0)
(-7.9887487e-10 6.1711778e-06 0)
(7.2436422e-10 8.1191465e-06 0)
(-3.0626794e-09 -1.7219595e-06 0)
(1.6536641e-09 -1.2566836e-05 0)
(-1.5610773e-09 -1.2567102e-05 0)
(3.1903311e-09 -1.7225965e-06 0)
(-7.4432379e-10 8.118504e-06 0)
(8.3094377e-10 6.1709083e-06 0)
(6.5853193e-10 6.171375e-06 0)
(-2.2387582e-09 8.1194114e-06 0)
(8.8520516e-10 -1.7220242e-06 0)
(-2.6317187e-09 -1.2567258e-05 0)
(2.7581722e-09 -1.2567512e-05 0)
(-8.5652009e-10 -1.7226457e-06 0)
(2.3251831e-09 8.1187906e-06 0)
(-6.8700426e-10 6.171113e-06 0)
(-7.9081884e-10 6.1715637e-06 0)
(7.9772633e-10 8.1196598e-06 0)
(-2.9513797e-09 -1.7220838e-06 0)
(1.7000166e-09 -1.2567658e-05 0)
(-1.6157498e-09 -1.2567909e-05 0)
(3.0727955e-09 -1.7226832e-06 0)
(-8.2002622e-10 8.1190551e-06 0)
(8.2260388e-10 6.1713104e-06 0)
(6.6442238e-10 6.1717416e-06 0)
(-2.1628339e-09 8.1198985e-06 0)
(9.8852946e-10 -1.722142e-06 0)
(-2.580204e-09 -1.256804e-05 0)
(2.6981412e-09 -1.2568279e-05 0)
(-9.6565136e-10 -1.7227275e-06 0)
(2.246426e-09 8.1193142e-06 0)
(-6.929022e-10 6.171495e-06 0)
(-7.8315677e-10 6.171911e-06 0)
(8.6809158e-10 8.120122e-06 0)
(-2.8450117e-09 -1.7221959e-06 0)
(1.744414e-09 -1.2568399e-05 0)
(-1.668493e-09 -1.2568636e-05 0)
(2.9601922e-09 -1.7227606e-06 0)
(-8.9273935e-10 8.1195521e-06 0)
(8.1466702e-10 6.1716726e-06 0)
(6.7013362e-10 6.1720703e-06 0)
(-2.0901424e-09 8.1203357e-06 0)
(1.0877203e-09 -1.7222478e-06 0)
(-2.5311075e-09 -1.2568741e-05 0)
(2.6405488e-09 -1.2568967e-05 0)
(-1.070641e-09 -1.7228002e-06 0)
(2.1709262e-09 8.1197848e-06 0)
(-6.9862346e-10 6.1718378e-06 0)
(-7.7585293e-10 6.1722213e-06 0)
(9.3580013e-10 8.1205353e-06 0)
(-2.7430528e-09 -1.7222962e-06 0)
(1.7871158e-09 -1.2569062e-05 0)
(-1.7194937e-09 -1.2569285e-05 0)
(2.8520488e-09 -1.7228291e-06 0)
(-9.6278265e-10 8.1199973e-06 0)
(8.0709782e-10 6.1719964e-06 0)
(6.7569359e-10 6.1723626e-06 0)
(-2.0203368e-09 8.1207249e-06 0)
(1.1832668e-09 -1.722342e-06 0)
(-2.4841566e-09 -1.2569366e-05 0)
(2.5851862e-09 -1.2569579e-05 0)
(-1.1719334e-09 -1.7228643e-06 0)
(2.0983549e-09 8.1202045e-06 0)
(-7.0419534e-10 6.1721431e-06 0)
(-7.6887334e-10 6.1724958e-06 0)
(1.0011754e-09 8.1209015e-06 0)
(-2.6450084e-09 -1.7223851e-06 0)
(1.8283641e-09 -1.2569649e-05 0)
(-1.7689375e-09 -1.2569861e-05 0)
(2.7479095e-09 -1.7228892e-06 0)
(-1.0304637e-09 8.1203924e-06 0)
(7.9986246e-10 6.1722832e-06 0)
(6.8112888e-10 6.1726199e-06 0)
(-1.9530896e-09 8.1210679e-06 0)
(1.2756312e-09 -1.7224251e-06 0)
(-2.4390979e-09 -1.2569917e-05 0)
(2.5318495e-09 -1.2570118e-05 0)
(-1.2699558e-09 -1.7229201e-06 0)
(2.0283969e-09 8.1205751e-06 0)
(-7.0964403e-10 6.172412e-06 0)
(-7.6218611e-10 6.1727359e-06 0)
(1.0645227e-09 8.1212224e-06 0)
(-2.550414e-09 -1.722463e-06 0)
(1.8683833e-09 -1.2570163e-05 0)
(-1.8170055e-09 -1.2570364e-05 0)
(2.6473391e-09 -1.7229411e-06 0)
(-1.0960756e-09 8.1207392e-06 0)
(7.9292892e-10 6.1725344e-06 0)
(6.8646462e-10 6.1728434e-06 0)
(-1.8880928e-09 8.1213663e-06 0)
(1.3652461e-09 -1.7224972e-06 0)
(-2.3956969e-09 -1.2570396e-05 0)
(2.4803416e-09 -1.2570587e-05 0)
(-1.3651151e-09 -1.7229679e-06 0)
(1.9607541e-09 8.1208982e-06 0)
(-7.1499435e-10 6.1726458e-06 0)
(-7.5576132e-10 6.1729427e-06 0)
(1.1261274e-09 8.1214993e-06 0)
(-2.458836e-09 -1.7225302e-06 0)
(1.9073806e-09 -1.2570607e-05 0)
(-1.8638718e-09 -1.2570799e-05 0)
(2.5499262e-09 -1.7229851e-06 0)
(-1.1598953e-09 8.1210393e-06 0)
(7.8626711e-10 6.172751e-06 0)
(6.9172431e-10 6.1730339e-06 0)
(-1.82506e-09 8.1216214e-06 0)
(1.4525141e-09 -1.7225588e-06 0)
(-2.3537382e-09 -1.2570805e-05 0)
(2.4304757e-09 -1.2570987e-05 0)
(-1.4577937e-09 -1.7230079e-06 0)
(1.8951468e-09 8.1211752e-06 0)
(-7.2026968e-10 6.1728456e-06 0)
(-7.4957126e-10 6.173117e-06 0)
(1.1862545e-09 8.1217335e-06 0)
(-2.3698738e-09 -1.722587e-06 0)
(1.9455462e-09 -1.2570982e-05 0)
(-1.9097011e-09 -1.2571166e-05 0)
(2.455287e-09 -1.7230214e-06 0)
(-1.2221809e-09 8.1212939e-06 0)
(7.7984901e-10 6.172934e-06 0)
(6.9692968e-10 6.1731925e-06 0)
(-1.7637274e-09 8.1218344e-06 0)
(1.5378055e-09 -1.7226102e-06 0)
(-2.3130249e-09 -1.2571147e-05 0)
(2.3820774e-09 -1.2571322e-05 0)
(-1.5483464e-09 -1.7230403e-06 0)
(1.8313162e-09 8.1214073e-06 0)
(-7.2549172e-10 6.1730121e-06 0)
(-7.4359061e-10 6.1732597e-06 0)
(1.2451462e-09 8.121926e-06 0)
(-2.2831609e-09 -1.7226336e-06 0)
(1.9830533e-09 -1.2571291e-05 0)
(-1.9546457e-09 -1.2571467e-05 0)
(2.3630684e-09 -1.7230503e-06 0)
(-1.2831697e-09 8.1215041e-06 0)
(7.7364897e-10 6.1730841e-06 0)
(7.0210053e-10 6.1733197e-06 0)
(-1.7038551e-09 8.1220062e-06 0)
(1.6214566e-09 -1.7226515e-06 0)
(-2.2733783e-09 -1.2571423e-05 0)
(2.3349877e-09 -1.2571591e-05 0)
(-1.6370966e-09 -1.7230653e-06 0)
(1.7690267e-09 8.1215956e-06 0)
(-7.3068036e-10 6.1731462e-06 0)
(-7.3779645e-10 6.1733714e-06 0)
(1.3030213e-09 8.1220778e-06 0)
(-2.198367e-09 -1.7226703e-06 0)
(2.0200581e-09 -1.2571534e-05 0)
(-1.9988429e-09 -1.2571705e-05 0)
(2.2729524e-09 -1.7230717e-06 0)
(-1.343076e-09 8.121671e-06 0)
(7.6764372e-10 6.1732022e-06 0)
(7.072545e-10 6.1734163e-06 0)
(-1.6452287e-09 8.1221376e-06 0)
(1.7037685e-09 -1.722683e-06 0)
(-2.2346384e-09 -1.2571635e-05 0)
(2.2890651e-09 -1.2571796e-05 0)
(-1.7243324e-09 -1.7230831e-06 0)
(1.7080678e-09 8.1217409e-06 0)
(-7.3585333e-10 6.1732486e-06 0)
(-7.3216858e-10 6.1734528e-06 0)
(1.3600731e-09 8.1221897e-06 0)
(-2.1151993e-09 -1.7226972e-06 0)
(2.0566999e-09 -1.2571714e-05 0)
(-2.0424124e-09 -1.2571879e-05 0)
(2.1846589e-09 -1.723086e-06 0)
(-1.4020884e-09 8.1217954e-06 0)
(7.6181273e-10 6.1732888e-06 0)
(7.1240699e-10 6.1734827e-06 0)
(-1.5876607e-09 8.1222294e-06 0)
(1.7850043e-09 -1.7227048e-06 0)
(-2.1966634e-09 -1.2571783e-05 0)
(2.2441888e-09 -1.2571939e-05 0)
(-1.8103029e-09 -1.7230936e-06 0)
(1.6482566e-09 8.1218442e-06 0)
(-7.4102617e-10 6.1733197e-06 0)
(-7.2668938e-10 6.1735042e-06 0)
(1.416468e-09 8.1222621e-06 0)
(-2.0334048e-09 -1.7227146e-06 0)
(2.0931008e-09 -1.257183e-05 0)
(-2.085453e-09 -1.2571991e-05 0)
(2.0979502e-09 -1.723093e-06 0)
(-1.4603678e-09 8.121878e-06 0)
(7.5613823e-10 6.1733445e-06 0)
(7.175708e-10 6.1735194e-06 0)
(-1.5309923e-09 8.1222821e-06 0)
(1.8653876e-09 -1.7227172e-06 0)
(-2.1593298e-09 -1.2571868e-05 0)
(2.2002612e-09 -1.257202e-05 0)
(-1.8952142e-09 -1.7230969e-06 0)
(1.5894405e-09 8.121906e-06 0)
(-7.4621176e-10 6.17336e-06 0)
(-7.2134427e-10 6.173526e-06 0)
(1.4723432e-09 8.1222958e-06 0)
(-1.9527722e-09 -1.7227226e-06 0)
(2.1293654e-09 -1.2571884e-05 0)
(-2.1280399e-09 -1.2572041e-05 0)
(2.0126351e-09 -1.723093e-06 0)
(-1.518044e-09 8.1219194e-06 0)
(7.5060548e-10 6.1733695e-06 0)
(7.2275597e-10 6.1735266e-06 0)
(-1.4750952e-09 8.1222962e-06 0)
(1.9450994e-09 -1.7227202e-06 0)
(-2.1225323e-09 -1.2571891e-05 0)
(2.1572109e-09 -1.2572041e-05 0)
(-1.9792243e-09 -1.7230932e-06 0)
(1.5314997e-09 8.1219269e-06 0)
(-7.5142023e-10 6.17337e-06 0)
(-7.1612171e-10 6.1735186e-06 0)
(1.527805e-09 8.122291e-06 0)
(-1.8731343e-09 -1.7227213e-06 0)
(2.1655809e-09 -1.2571876e-05 0)
(-2.1702214e-09 -1.2572032e-05 0)
(1.9285728e-09 -1.7230858e-06 0)
(-1.5752134e-09 8.1219203e-06 0)
(7.4520304e-10 6.1733644e-06 0)
(7.2796939e-10 6.1735048e-06 0)
(-1.419873e-09 8.1222721e-06 0)
(2.0242764e-09 -1.7227141e-06 0)
(-2.0861841e-09 -1.2571853e-05 0)
(2.1149957e-09 -1.2572001e-05 0)
(-2.0624393e-09 -1.7230824e-06 0)
(1.47435e-09 8.1219075e-06 0)
(-7.5665852e-10 6.17335e-06 0)
(-7.1101335e-10 6.1734822e-06 0)
(1.5829266e-09 8.1222481e-06 0)
(-1.79437e-09 -1.7227109e-06 0)
(2.2018164e-09 -1.2571808e-05 0)
(-2.2120154e-09 -1.2571962e-05 0)
(1.8456779e-09 -1.7230716e-06 0)
(-1.6319356e-09 8.121881e-06 0)
(7.3992283e-10 6.1733294e-06 0)
(7.3321473e-10 6.1734541e-06 0)
(-1.3652639e-09 8.1222101e-06 0)
(2.1030081e-09 -1.7226989e-06 0)
(-2.0502165e-09 -1.2571755e-05 0)
(2.073606e-09 -1.2571902e-05 0)
(-2.1449082e-09 -1.7230645e-06 0)
(1.4179454e-09 8.1218481e-06 0)
(-7.619302e-10 6.1733003e-06 0)
(-7.0601435e-10 6.1734171e-06 0)
(1.6377464e-09 8.1221675e-06 0)
(-1.7164062e-09 -1.7226915e-06 0)
(2.2381234e-09 -1.257168e-05 0)
(-2.2534059e-09 -1.2571833e-05 0)
(1.7639241e-09 -1.7230502e-06 0)
(-1.6882308e-09 8.121802e-06 0)
(7.3476056e-10 6.1732649e-06 0)
(7.3849205e-10 6.1733749e-06 0)
(-1.3112413e-09 8.1221104e-06 0)
(2.1813347e-09 -1.7226748e-06 0)
(-2.0145784e-09 -1.2571597e-05 0)
(2.0330676e-09 -1.2571743e-05 0)
(-2.2266181e-09 -1.7230394e-06 0)
(1.3622812e-09 8.1217494e-06 0)
(-7.6723502e-10 6.1732211e-06 0)
(-7.0112323e-10 6.1733235e-06 0)
(1.6922656e-09 8.1220494e-06 0)
(-1.6392198e-09 -1.7226633e-06 0)
(2.2745354e-09 -1.2571492e-05 0)
(-2.2943396e-09 -1.2571645e-05 0)
(1.6833495e-09 -1.7230217e-06 0)
(-1.7440765e-09 8.1216839e-06 0)
(7.2971575e-10 6.1731711e-06 0)
(7.4379743e-10 6.1732672e-06 0)
(-1.2578161e-09 8.1219735e-06 0)
(2.2592453e-09 -1.7226421e-06 0)
(-1.9792358e-09 -1.257138e-05 0)
(1.993445e-09 -1.2571526e-05 0)
(-2.3074899e-09 -1.7230072e-06 0)
(1.3073965e-09 8.1216117e-06 0)
(-7.7256862e-10 6.1731128e-06 0)
(-6.9634228e-10 6.1732017e-06 0)
(1.7464471e-09 8.1218942e-06 0)
(-1.5628386e-09 -1.7226265e-06 0)
(2.3110688e-09 -1.2571246e-05 0)
(-2.334722e-09 -1.2571399e-05 0)
(1.60406e-09 -1.7229861e-06 0)
(-1.7994045e-09 8.1215271e-06 0)
(7.2479197e-10 6.1730483e-06 0)
(7.4912287e-10 6.1731314e-06 0)
(-1.2050372e-09 8.1217996e-06 0)
(2.3366768e-09 -1.7226008e-06 0)
(-1.9441703e-09 -1.2571105e-05 0)
(1.9548449e-09 -1.2571251e-05 0)
(-2.3873738e-09 -1.7229678e-06 0)
(1.2533765e-09 8.1214356e-06 0)
(-7.7792216e-10 6.1729758e-06 0)
(-6.9167747e-10 6.1730518e-06 0)
(1.8002146e-09 8.1217021e-06 0)
(-1.4873414e-09 -1.7225812e-06 0)
(2.3477238e-09 -1.2570941e-05 0)
(-2.3744143e-09 -1.2571096e-05 0)
(1.526233e-09 -1.7229432e-06 0)
(-1.854099e-09 8.1213322e-06 0)
(7.1999704e-10 6.1728969e-06 0)
(7.5445601e-10 6.1729677e-06 0)
(-1.1529919e-09 8.121589e-06 0)
(2.4135137e-09 -1.7225512e-06 0)
(-1.9093778e-09 -1.2570772e-05 0)
(1.9174184e-09 -1.2570919e-05 0)
(-2.4660454e-09 -1.7229211e-06 0)
(1.2003542e-09 8.1212218e-06 0)
(-7.832821e-10 6.1728103e-06 0)
(-6.8713835e-10 6.1728743e-06 0)
(1.8534517e-09 8.1214735e-06 0)
(-1.4128574e-09 -1.7225278e-06 0)
(2.3844858e-09 -1.257058e-05 0)
(-2.4132296e-09 -1.2570735e-05 0)
(1.4501201e-09 -1.722893e-06 0)
(-1.9079941e-09 8.1210999e-06 0)
(7.1534302e-10 6.1727174e-06 0)
(7.5978002e-10 6.1727765e-06 0)
(-1.1018049e-09 8.1213422e-06 0)
(2.4895896e-09 -1.7224936e-06 0)
(-1.8748647e-09 -1.2570382e-05 0)
(1.8813642e-09 -1.2570531e-05 0)
(-2.543204e-09 -1.7228671e-06 0)
(1.1485119e-09 8.1209709e-06 0)
(-7.8862984e-10 6.172617e-06 0)
(-6.8273812e-10 6.1726694e-06 0)
(1.9060036e-09 8.1212089e-06 0)
(-1.3395629e-09 -1.7224664e-06 0)
(2.421329e-09 -1.2570162e-05 0)
(-2.4509304e-09 -1.2570319e-05 0)
(1.3760482e-09 -1.7228354e-06 0)
(-1.9608735e-09 8.1208311e-06 0)
(7.108463e-10 6.1725103e-06 0)
(7.650736e-10 6.1725582e-06 0)
(-1.0516368e-09 8.1210597e-06 0)
(2.56469e-09 -1.7224284e-06 0)
(-1.8406447e-09 -1.2569936e-05 0)
(1.8469296e-09 -1.2570087e-05 0)
(-2.618471e-09 -1.7228056e-06 0)
(1.0980804e-09 8.1206839e-06 0)
(-7.9394161e-10 6.1723963e-06 0)
(-6.7849307e-10 6.1724377e-06 0)
(1.9576792e-09 8.1209088e-06 0)
(-1.2676761e-09 -1.7223976e-06 0)
(2.4582194e-09 -1.2569689e-05 0)
(-2.487227e-09 -1.2569847e-05 0)
(1.3044185e-09 -1.7227704e-06 0)
(-2.0124704e-09 8.1205267e-06 0)
(7.0652748e-10 6.1722762e-06 0)
(7.7031116e-10 6.1723133e-06 0)
(-1.0026795e-09 8.120742e-06 0)
(2.6385589e-09 -1.722356e-06 0)
(-1.8067334e-09 -1.2569437e-05 0)
(1.8144113e-09 -1.2569589e-05 0)
(-2.6913917e-09 -1.7227366e-06 0)
(1.0493376e-09 8.120362e-06 0)
(-7.9918837e-10 6.1721491e-06 0)
(-6.7442223e-10 6.1721798e-06 0)
(2.0082555e-09 8.1205738e-06 0)
(-1.1974494e-09 -1.7223218e-06 0)
(2.4951204e-09 -1.2569163e-05 0)
(-2.5217764e-09 -1.2569322e-05 0)
(1.2357031e-09 -1.7226978e-06 0)
(-2.0624698e-09 8.1201879e-06 0)
(7.0241104e-10 6.1720159e-06 0)
(7.7546315e-10 6.1720425e-06 0)
(-9.5515025e-10 8.1203898e-06 0)
(2.7109077e-09 -1.7222768e-06 0)
(-1.7731411e-09 -1.2568884e-05 0)
(1.7841547e-09 -1.2569037e-05 0)
(-2.7614398e-09 -1.7226599e-06 0)
(1.0026044e-09 8.1200064e-06 0)
(-8.0433583e-10 6.1718762e-06 0)
(-6.7054658e-10 6.1718962e-06 0)
(2.0574851e-09 8.1202048e-06 0)
(-1.1291571e-09 -1.7222394e-06 0)
(2.5320002e-09 -1.2568585e-05 0)
(-2.5541839e-09 -1.2568745e-05 0)
(1.1704374e-09 -1.7226176e-06 0)
(-2.1105135e-09 8.1198163e-06 0)
(6.9852497e-10 6.1717305e-06 0)
(7.8049681e-10 6.1717465e-06 0)
(-9.0928238e-10 8.1200041e-06 0)
(2.7814283e-09 -1.7221916e-06 0)
(-1.7398645e-09 -1.2568282e-05 0)
(1.7565498e-09 -1.2568435e-05 0)
(-2.8280269e-09 -1.7225755e-06 0)
(9.5823823e-10 8.1196187e-06 0)
(-8.0934483e-10 6.1715787e-06 0)
(-6.6688792e-10 6.171588e-06 0)
(2.1051064e-09 8.1198026e-06 0)
(-1.063079e-09 -1.7221513e-06 0)
(2.5688395e-09 -1.2567959e-05 0)
(-2.5840072e-09 -1.2568118e-05 0)
(1.1092071e-09 -1.7225295e-06 0)
(-2.1562077e-09 8.1194136e-06 0)
(6.9489995e-10 6.171421e-06 0)
(7.8537711e-10 6.1714262e-06 0)
(-8.6531263e-10 8.1195859e-06 0)
(2.8498118e-09 -1.7221011e-06 0)
(-1.7068761e-09 -1.2567631e-05 0)
(1.7320243e-09 -1.2567784e-05 0)
(-2.890517e-09 -1.7224831e-06 0)
(9.1662168e-10 8.1192009e-06 0)
(-8.1417186e-10 6.1712579e-06 0)
(-6.6346741e-10 6.171256e-06 0)
(2.1508575e-09 8.1193684e-06 0)
(-9.9947939e-10 -1.7220583e-06 0)
(2.6056424e-09 -1.2567286e-05 0)
(-2.6107654e-09 -1.2567443e-05 0)
(1.0526292e-09 -1.7224335e-06 0)
(-2.1991359e-09 8.1189818e-06 0)
(6.9156834e-10 6.171089e-06 0)
(7.9006832e-10 6.1710827e-06 0)
(-8.23464e-10 8.1191362e-06 0)
(2.9157711e-09 -1.7220062e-06 0)
(-1.6741131e-09 -1.2566936e-05 0)
(1.7110315e-09 -1.2567087e-05 0)
(-2.9482501e-09 -1.7223826e-06 0)
(8.7814737e-10 8.1187551e-06 0)
(-8.1877002e-10 6.1709152e-06 0)
(-6.6030344e-10 6.1709013e-06 0)
(2.1944954e-09 8.1189032e-06 0)
(-9.3857984e-10 -1.7219612e-06 0)
(2.6424468e-09 -1.2566569e-05 0)
(-2.6339537e-09 -1.2566723e-05 0)
(1.0013227e-09 -1.7223293e-06 0)
(-2.2388765e-09 8.1185233e-06 0)
(6.8856266e-10 6.1707359e-06 0)
(7.9453613e-10 6.170717e-06 0)
(-7.8392437e-10 8.1186563e-06 0)
(2.9790705e-09 -1.7219078e-06 0)
(-1.6414659e-09 -1.2566198e-05 0)
(1.6940297e-09 -1.2566345e-05 0)
(-3.0005757e-09 -1.7222738e-06 0)
(8.4319542e-10 8.1182839e-06 0)
(-8.2309055e-10 6.1705523e-06 0)
(-6.5740906e-10 6.1705252e-06 0)
(2.2358196e-09 8.1184084e-06 0)
(-8.8052679e-10 -1.7218612e-06 0)
(2.6793349e-09 -1.2565812e-05 0)
(-2.6530675e-09 -1.256596e-05 0)
(9.5586777e-10 -1.7222166e-06 0)
(-2.2750289e-09 8.1180407e-06 0)
(6.8591351e-10 6.1703636e-06 0)
(7.9875034e-10 6.1703305e-06 0)
(-7.4681966e-10 8.1181475e-06 0)
(3.0395601e-09 -1.7218073e-06 0)
(-1.6087674e-09 -1.2565422e-05 0)
(1.681452e-09 -1.2565562e-05 0)
(-3.0469002e-09 -1.7221565e-06 0)
(8.1210269e-10 8.1177901e-06 0)
(-8.2708493e-10 6.1701712e-06 0)
(-6.5478893e-10 6.1701289e-06 0)
(2.2747005e-09 8.1178854e-06 0)
(-8.2535393e-10 -1.7217595e-06 0)
(2.7164411e-09 -1.2565018e-05 0)
(-2.6676395e-09 -1.2565157e-05 0)
(9.1674867e-10 -1.7220953e-06 0)
(-2.3072484e-09 8.117537e-06 0)
(6.8364665e-10 6.169974e-06 0)
(8.0268823e-10 6.1699245e-06 0)
(-7.121823e-10 8.1176112e-06 0)
(3.097215e-09 -1.7217057e-06 0)
(-1.5757879e-09 -1.256461e-05 0)
(1.6736603e-09 -1.2564741e-05 0)
(-3.0867542e-09 -1.7220301e-06 0)
(7.8512134e-10 8.1172767e-06 0)
(-8.3070802e-10 6.169774e-06 0)
(-6.5243532e-10 6.1697137e-06 0)
(2.3111139e-09 8.1173353e-06 0)
(-7.729412e-10 -1.7216574e-06 0)
(2.7539533e-09 -1.2564192e-05 0)
(-2.6772947e-09 -1.2564317e-05 0)
(8.8427581e-10 -1.7219649e-06 0)
(-2.3352943e-09 8.1170152e-06 0)
(6.817793e-10 6.1695694e-06 0)
(8.0633868e-10 6.1695002e-06 0)
(-6.7991493e-10 8.1170486e-06 0)
(3.1521771e-09 -1.7216047e-06 0)
(-1.5422374e-09 -1.2563768e-05 0)
(1.6708779e-09 -1.2563886e-05 0)
(-3.1198812e-09 -1.7218945e-06 0)
(7.623638e-10 8.1167468e-06 0)
(-8.3392252e-10 6.1693628e-06 0)
(-6.5032377e-10 6.1692809e-06 0)
(2.3451787e-09 8.1167596e-06 0)
(-7.2297291e-10 -1.7215565e-06 0)
(2.7921041e-09 -1.2563336e-05 0)
(-2.6818303e-09 -1.2563445e-05 0)
(8.5848197e-10 -1.721825e-06 0)
(-2.3590927e-09 8.1164787e-06 0)
(6.8031475e-10 6.1691519e-06 0)
(8.0970689e-10 6.1690589e-06 0)
(-6.4975122e-10 8.1164609e-06 0)
(3.2047959e-09 -1.7215057e-06 0)
(-1.5077834e-09 -1.2562899e-05 0)
(1.6730964e-09 -1.2562998e-05 0)
(-3.1463578e-09 -1.7217491e-06 0)
(7.4373035e-10 8.1162038e-06 0)
(-8.36705e-10 6.1689398e-06 0)
(-6.4840829e-10 6.1688318e-06 0)
(2.3771969e-09 8.1161591e-06 0)
(-6.7489936e-10 -1.7214582e-06 0)
(2.8311441e-09 -1.2562455e-05 0)
(-2.6813259e-09 -1.2562541e-05 0)
(8.3898598e-10 -1.7216751e-06 0)
(-2.3788183e-09 8.1159306e-06 0)
(6.7923549e-10 6.1687238e-06 0)
(8.1281952e-10 6.1686017e-06 0)
(-6.2121557e-10 8.115849e-06 0)
(3.255664e-09 -1.7214101e-06 0)
(-1.4720884e-09 -1.2562005e-05 0)
(1.6799465e-09 -1.2562081e-05 0)
(-3.1667482e-09 -1.7215935e-06 0)
(7.2881768e-10 8.1156506e-06 0)
(-8.3905386e-10 6.1685072e-06 0)
(-6.4661643e-10 6.1683671e-06 0)
(2.4076947e-09 8.1155347e-06 0)
(-6.2790748e-10 -1.7213639e-06 0)
(2.8712915e-09 -1.2561552e-05 0)
(-2.6762926e-09 -1.256161e-05 0)
(8.2481963e-10 -1.7215147e-06 0)
(-2.3949978e-09 8.1153737e-06 0)
(6.7849444e-10 6.168287e-06 0)
(8.1572982e-10 6.1681293e-06 0)
(-5.935855e-10 8.1152135e-06 0)
(3.3056402e-09 -1.7213192e-06 0)
(-1.4348766e-09 -1.2561091e-05 0)
(1.6905298e-09 -1.2561137e-05 0)
(-3.1822978e-09 -1.7214271e-06 0)
(7.168049e-10 8.11509e-06 0)
(-8.410001e-10 6.1680669e-06 0)
(-6.4484455e-10 6.1678876e-06 0)
(2.4374573e-09 8.1148866e-06 0)
(-5.8090714e-10 -1.7212749e-06 0)
(2.9126511e-09 -1.2560629e-05 0)
(-2.6678642e-09 -1.2560652e-05 0)
(8.1421588e-10 -1.7213433e-06 0)
(-2.4086362e-09 8.1148103e-06 0)
(6.7800333e-10 6.1678433e-06 0)
(8.1852249e-10 6.167642e-06 0)
(-5.6586061e-10 8.1145543e-06 0)
(3.3558548e-09 -1.7212341e-06 0)
(-1.3960333e-09 -1.2560158e-05 0)
(1.703209e-09 -1.2560167e-05 0)
(-3.1951656e-09 -1.7212496e-06 0)
(7.0631797e-10 8.1145235e-06 0)
(-8.4262074e-10 6.1676202e-06 0)
(-6.4295414e-10 6.1673932e-06 0)
(2.4675562e-09 8.1142147e-06 0)
(-5.3253937e-10 -1.7211918e-06 0)
(2.9551e-09 -1.2559688e-05 0)
(-2.6580277e-09 -1.2559668e-05 0)
(8.0436197e-10 -1.7211607e-06 0)
(-2.4213629e-09 8.1142415e-06 0)
(6.7761871e-10 6.1673935e-06 0)
(8.2131708e-10 6.1671397e-06 0)
(-5.367437e-10 8.1138709e-06 0)
(3.4076903e-09 -1.7211551e-06 0)
(-1.3557375e-09 -1.2559206e-05 0)
(1.7153635e-09 -1.2559171e-05 0)
(-3.2086853e-09 -1.7210607e-06 0)
(6.9527754e-10 8.1139517e-06 0)
(-8.4405507e-10 6.1671675e-06 0)
(-6.4076959e-10 6.1668833e-06 0)
(2.4993623e-09 8.113518e-06 0)
(-4.8121057e-10 -1.7211146e-06 0)
(2.9981439e-09 -1.2558726e-05 0)
(-2.6498807e-09 -1.2558658e-05 0)
(7.9113424e-10 -1.7209667e-06 0)
(-2.4355913e-09 8.1136668e-06 0)
(6.771257e-10 6.1669375e-06 0)
(8.2426968e-10 6.1666213e-06 0)
(-5.0463723e-10 8.1131621e-06 0)
(3.4627373e-09 -1.7210818e-06 0)
(-1.3146173e-09 -1.2558232e-05 0)
(1.723134e-09 -1.2558147e-05 0)
(-3.2276327e-09 -1.7208607e-06 0)
(6.8074253e-10 8.1133729e-06 0)
(-8.4552319e-10 6.166708e-06 0)
(-6.380785e-10 6.1663565e-06 0)
(2.5345414e-09 8.1127948e-06 0)
(-4.2514995e-10 -1.7210424e-06 0)
(3.0407627e-09 -1.255774e-05 0)
(-2.6478803e-09 -1.2557617e-05 0)
(7.6884765e-10 -1.7207618e-06 0)
(-2.454671e-09 8.1130833e-06 0)
(6.762205e-10 6.1664737e-06 0)
(8.2757153e-10 6.1660848e-06 0)
(-4.6765879e-10 8.1124258e-06 0)
(3.5227308e-09 -1.7210123e-06 0)
(-1.2739003e-09 -1.2557231e-05 0)
(1.7212014e-09 -1.255709e-05 0)
(-3.2584508e-09 -1.7206502e-06 0)
(6.5877446e-10 8.1127827e-06 0)
(-8.4734456e-10 6.1662392e-06 0)
(-6.3463471e-10 6.1658103e-06 0)
(2.5750308e-09 8.1120426e-06 0)
(-3.6247883e-10 -1.7209723e-06 0)
(3.0812824e-09 -1.2556724e-05 0)
(-2.6580246e-09 -1.2556541e-05 0)
(7.3008024e-10 -1.7205472e-06 0)
(-2.4830028e-09 8.112485e-06 0)
(6.7449486e-10 6.1659985e-06 0)
(8.3144491e-10 6.1655274e-06 0)
(-4.236732e-10 8.111659e-06 0)
(3.5894876e-09 -1.720943e-06 0)
(-1.2355097e-09 -1.2556193e-05 0)
(1.7026782e-09 -1.2555993e-05 0)
(-3.3093623e-09 -1.7204308e-06 0)
(6.2436338e-10 8.1121734e-06 0)
(-8.4995344e-10 6.1657562e-06 0)
(-6.3016441e-10 6.1652413e-06 0)
(2.623004e-09 8.1112581e-06 0)
(-2.9126399e-10 -1.7208996e-06 0)
(3.1173407e-09 -1.2555665e-05 0)
(-2.6878704e-09 -1.2555419e-05 0)
(6.6566279e-10 -1.7203248e-06 0)
(-2.5260658e-09 8.1118619e-06 0)
(6.7142659e-10 6.1655057e-06 0)
(8.3613621e-10 6.1649447e-06 0)
(-3.7033356e-10 8.1108581e-06 0)
(3.66488e-09 -1.7208682e-06 0)
(-1.2020244e-09 -1.2555105e-05 0)
(1.6592257e-09 -1.2554847e-05 0)
(-3.3902586e-09 -1.7202051e-06 0)
(5.7147498e-10 8.1115325e-06 0)
(-8.5390534e-10 6.1652512e-06 0)
(-6.2437507e-10 6.1646445e-06 0)
(2.6808326e-09 8.110437e-06 0)
(-2.0951194e-10 -1.7208173e-06 0)
(3.146039e-09 -1.2554546e-05 0)
(-2.7462576e-09 -1.2554241e-05 0)
(5.6495806e-10 -1.720098e-06 0)
(-2.5902883e-09 8.1111993e-06 0)
(6.6638429e-10 6.1649856e-06 0)
(8.4190836e-10 6.1643314e-06 0)
(-3.0511766e-10 8.1100184e-06 0)
(3.750901e-09 -1.7207794e-06 0)
(-1.1764013e-09 -1.2553947e-05 0)
(1.5815468e-09 -1.2553635e-05 0)
(-3.5122339e-09 -1.7199769e-06 0)
(4.9329789e-10 8.1108425e-06 0)
(-8.5986683e-10 6.1647131e-06 0)
(-6.169658e-10 6.164014e-06 0)
(2.7510691e-09 8.1095743e-06 0)
(-1.150487e-10 -1.7207153e-06 0)
(3.1644016e-09 -1.2553346e-05 0)
(-2.8425886e-09 -1.2552989e-05 0)
(4.1658013e-10 -1.7198714e-06 0)
(-2.6826806e-09 8.110477e-06 0)
(6.5865628e-10 6.1644255e-06 0)
(8.4903646e-10 6.1636806e-06 0)
(-2.2534202e-10 8.1091344e-06 0)
(3.8498853e-09 -1.7206655e-06 0)
(-1.1613476e-09 -1.2552693e-05 0)
(1.4604163e-09 -1.255234e-05 0)
(-3.686615e-09 -1.7197512e-06 0)
(3.82783e-10 8.1100806e-06 0)
(-8.6857925e-10 6.164127e-06 0)
(-6.0763997e-10 6.1633422e-06 0)
(2.8364737e-09 8.1086636e-06 0)
(-5.2347875e-12 -1.720581e-06 0)
(3.1702544e-09 -1.2552036e-05 0)
(-2.9855184e-09 -1.2551642e-05 0)
(2.0970489e-10 -1.7196507e-06 0)
(-2.8101468e-09 8.1096697e-06 0)
(6.475183e-10 6.1638084e-06 0)
(8.5781184e-10 6.1629839e-06 0)
(-1.2814743e-10 8.1081995e-06 0)
(3.9649387e-09 -1.720513e-06 0)
(-1.1582669e-09 -1.2551313e-05 0)
(1.2883849e-09 -1.2550939e-05 0)
(-3.9233704e-09 -1.7195341e-06 0)
(2.3356407e-10 8.1092187e-06 0)
(-8.8078725e-10 6.1634743e-06 0)
(-5.9612278e-10 6.16262e-06 0)
(2.9400957e-09 8.1076972e-06 0)
(1.2348504e-10 -1.7203997e-06 0)
(3.1635875e-09 -1.2550582e-05 0)
(-3.1809919e-09 -1.2550174e-05 0)
(-6.3919123e-11 -1.7194423e-06 0)
(-2.9784128e-09 8.1087471e-06 0)
(6.3235626e-10 6.163114e-06 0)
(8.6855988e-10 6.1622314e-06 0)
(-1.0489075e-11 8.1072051e-06 0)
(4.1005612e-09 -1.7203068e-06 0)
(-1.165821e-09 -1.2549769e-05 0)
(1.0621917e-09 -1.2549404e-05 0)
(-4.2288688e-09 -1.7193313e-06 0)
(4.1323021e-11 8.1082245e-06 0)
(-8.9712616e-10 6.1627335e-06 0)
(-5.8219904e-10 6.1618368e-06 0)
(3.0653732e-09 8.1066653e-06 0)
(2.7607115e-10 -1.7201558e-06 0)
(3.1483108e-09 -1.2548948e-05 0)
(-3.4297356e-09 -1.2548557e-05 0)
(-4.0725814e-10 -1.7192522e-06 0)
(-3.1905674e-09 8.1076763e-06 0)
(6.1286416e-10 6.1623198e-06 0)
(8.8166786e-10 6.1614115e-06 0)
(1.3073394e-10 8.1061403e-06 0)
(4.2632912e-09 -1.7200321e-06 0)
(-1.1783866e-09 -1.2548024e-05 0)
(7.8571246e-10 -1.2547706e-05 0)
(-4.6031283e-09 -1.7191476e-06 0)
(-1.9438697e-10 8.1070645e-06 0)
(-9.1796711e-10 6.1618813e-06 0)
(-5.6581159e-10 6.1609802e-06 0)
(3.2160856e-09 8.1055551e-06 0)
(4.590323e-10 -1.7198348e-06 0)
(3.1340352e-09 -1.2547095e-05 0)
(-3.7246118e-09 -1.2546757e-05 0)
(-8.1475053e-10 -1.7190844e-06 0)
(-3.4452886e-09 8.1064248e-06 0)
(5.8934333e-10 6.1614023e-06 0)
(8.9759398e-10 6.1605109e-06 0)
(2.9806494e-10 8.1049907e-06 0)
(4.4618812e-09 -1.7196769e-06 0)
(-1.1850848e-09 -1.2546038e-05 0)
(4.7294955e-10 -1.2545811e-05 0)
(-5.0369192e-09 -1.7189844e-06 0)
(-4.6790457e-10 8.1057074e-06 0)
(-9.4321975e-10 6.1608957e-06 0)
(-5.473142e-10 6.1600361e-06 0)
(3.3957234e-09 8.1043499e-06 0)
(6.7939461e-10 -1.7194271e-06 0)
(3.1370498e-09 -1.2544987e-05 0)
(-4.0486341e-09 -1.2544742e-05 0)
(-1.2689095e-09 -1.7189389e-06 0)
(-3.7348823e-09 8.1049652e-06 0)
(5.6314557e-10 6.160341e-06 0)
(9.1675771e-10 6.1595148e-06 0)
(4.9166803e-10 8.1037376e-06 0)
(4.705974e-09 -1.7192351e-06 0)
(-1.1706112e-09 -1.2543779e-05 0)
(1.5016774e-10 -1.2543689e-05 0)
(-5.5092717e-09 -1.718838e-06 0)
(-7.6484354e-10 8.1041296e-06 0)
(-9.7206761e-10 6.1597589e-06 0)
(-5.2807399e-10 6.1589898e-06 0)
(3.6053459e-09 8.1030291e-06 0)
(9.41032e-10 -1.7189307e-06 0)
(3.1790605e-09 -1.2542597e-05 0)
(-4.3748212e-09 -1.2542482e-05 0)
(-1.7372669e-09 -1.7188105e-06 0)
(-4.043165e-09 8.1032813e-06 0)
(5.3735316e-10 6.159122e-06 0)
(9.3906263e-10 6.1584093e-06 0)
(7.0498938e-10 8.1023588e-06 0)
(5.0014893e-09 -1.7187104e-06 0)
(-1.1196325e-09 -1.2541225e-05 0)
(-1.4408255e-10 -1.2541314e-05 0)
(-5.9858904e-09 -1.7186985e-06 0)
(-1.0589428e-09 8.1023214e-06 0)
(-1.0025172e-09 6.1584632e-06 0)
(-5.1178039e-10 6.1578293e-06 0)
(3.8382305e-09 8.1015705e-06 0)
(1.236251e-09 -1.7183554e-06 0)
(3.2816788e-09 -1.2539912e-05 0)
(-4.6691389e-09 -1.2539954e-05 0)
(-2.1700636e-09 -1.7186882e-06 0)
(-4.3427918e-09 8.1013747e-06 0)
(5.1789683e-10 6.1577445e-06 0)
(9.6252903e-10 6.1571865e-06 0)
(9.1596475e-10 8.1008325e-06 0)
(5.3402508e-09 -1.718119e-06 0)
(-1.0265765e-09 -1.2538376e-05 0)
(-3.6243891e-10 -1.2538675e-05 0)
(-6.4185298e-09 -1.7185514e-06 0)
(-1.307789e-09 8.100294e-06 0)
(-1.0304149e-09 6.1570182e-06 0)
(-5.0701443e-10 6.1565531e-06 0)
(4.0689135e-09 8.0999574e-06 0)
(1.5307072e-09 -1.7177265e-06 0)
(3.4546918e-09 -1.2536948e-05 0)
(-4.8973239e-09 -1.2537159e-05 0)
(-2.4989828e-09 -1.7185601e-06 0)
(-4.5908774e-09 8.0992719e-06 0)
(5.154881e-10 6.1562295e-06 0)
(9.8014953e-10 6.1558569e-06 0)
(1.072057e-09 8.0991474e-06 0)
(5.6821505e-09 -1.7174928e-06 0)
(-9.1112048e-10 -1.2535267e-05 0)
(-4.5712641e-10 -1.2535791e-05 0)
(-6.7450909e-09 -1.7183841e-06 0)
(-1.4466178e-09 8.0980852e-06 0)
(-1.0472131e-09 6.1554612e-06 0)
(-5.3165234e-10 6.1551876e-06 0)
(4.2351414e-09 8.0981936e-06 0)
(1.7433215e-09 -1.7170872e-06 0)
(3.6783226e-09 -1.2533765e-05 0)
(-5.0356703e-09 -1.2534137e-05 0)
(-2.6386825e-09 -1.7184245e-06 0)
(-4.7217502e-09 8.0970298e-06 0)
(5.4883934e-10 6.1546321e-06 0)
(9.7398484e-10 6.154473e-06 0)
(1.0714042e-09 8.0973212e-06 0)
(5.9344491e-09 -1.7168818e-06 0)
(-8.3413146e-10 -1.2531988e-05 0)
(-3.9558718e-10 -1.2532735e-05 0)
(-6.8931066e-09 -1.7182022e-06 0)
(-1.381799e-09 8.0957632e-06 0)
(-1.0355281e-09 6.1538737e-06 0)
(-6.1885723e-10 6.153817e-06 0)
(4.21861e-09 8.0963249e-06 0)
(1.7361331e-09 -1.7165041e-06 0)
(3.8874125e-09 -1.2530485e-05 0)
(-5.087194e-09 -1.2530997e-05 0)
(-2.5013781e-09 -1.7183127e-06 0)
(-4.6407219e-09 8.0947377e-06 0)
(6.4907181e-10 6.1530615e-06 0)
(9.068651e-10 6.1531655e-06 0)
(7.5721713e-10 8.0954206e-06 0)
(5.9541742e-09 -1.7163593e-06 0)
(-8.9525199e-10 -1.2528699e-05 0)
(-1.9122575e-10 -1.2529661e-05 0)
(-6.8044604e-09 -1.718057e-06 0)
(-9.9735166e-10 8.0934206e-06 0)
(-9.6255166e-10 6.1524033e-06 0)
(-8.2125924e-10 6.1526218e-06 0)
(3.8547876e-09 8.0944535e-06 0)
(1.3641587e-09 -1.7160744e-06 0)
(3.9848964e-09 -1.2527296e-05 0)
(-5.1142255e-09 -1.2527924e-05 0)
(-2.0623189e-09 -1.7183235e-06 0)
(-4.2433309e-09 8.0925004e-06 0)
(8.6251858e-10 6.1517008e-06 0)
(7.1738147e-10 6.1521783e-06 0)
(-1.9222853e-11 8.093556e-06 0)
(5.6522828e-09 -1.7160309e-06 0)
(-1.1658439e-09 -1.2525605e-05 0)
(2.6457019e-11 -1.2526785e-05 0)
(-6.5436157e-09 -1.7180811e-06 0)
(-2.2169112e-10 8.0911347e-06 0)
(-7.7615073e-10 6.1512788e-06 0)
(-1.2022073e-09 6.1518929e-06 0)
(3.0588785e-09 8.0926931e-06 0)
(7.0708702e-10 -1.7159357e-06 0)
(3.9503714e-09 -1.2524368e-05 0)
(-5.3267831e-09 -1.2525111e-05 0)
(-1.5778889e-09 -1.7186598e-06 0)
(-3.5369608e-09 8.0903616e-06 0)
(1.2419834e-09 6.1508014e-06 0)
(3.3617451e-10 6.151838e-06 0)
(-1.1387606e-09 8.0917616e-06 0)
(5.3750837e-09 -1.7160379e-06 0)
(-1.4687833e-09 -1.2522764e-05 0)
(-1.5729962e-10 -1.2524211e-05 0)
(-6.6424482e-09 -1.71851e-06 0)
(7.2880414e-10 8.0888209e-06 0)
(-4.202368e-10 6.1507624e-06 0)
(-1.789558e-09 6.1519164e-06 0)
(2.2484753e-09 8.0909304e-06 0)
(7.1100381e-10 -1.7162555e-06 0)
(4.1634778e-09 -1.2521496e-05 0)
(-6.3179573e-09 -1.2522397e-05 0)
(-2.162192e-09 -1.7196274e-06 0)
(-3.0333155e-09 8.0880534e-06 0)
(1.8034155e-09 6.1505551e-06 0)
(-2.3997129e-10 6.1522965e-06 0)
(-1.5369844e-09 8.0895728e-06 0)
(6.8532547e-09 -1.7165168e-06 0)
(-8.7579837e-10 -1.2519469e-05 0)
(-1.8166241e-09 -1.2521297e-05 0)
(-8.953123e-09 -1.7196309e-06 0)
(7.1905629e-10 8.0858133e-06 0)
(9.5727757e-11 6.1508912e-06 0)
(-2.4532839e-09 6.1524966e-06 0)
(3.3262847e-09 8.0881355e-06 0)
(4.5434393e-09 -1.7171365e-06 0)
(6.0943646e-09 -1.2517078e-05 0)
(-9.5867946e-09 -1.251823e-05 0)
(-7.015464e-09 -1.7215102e-06 0)
(-4.6681597e-09 8.0843393e-06 0)
(2.4102427e-09 6.1506294e-06 0)
(-7.6831231e-10 6.152737e-06 0)
(2.1351044e-09 8.0849698e-06 0)
(1.5013459e-08 -1.7174191e-06 0)
(3.1881397e-09 -1.2512667e-05 0)
(-7.3826056e-09 -1.2515065e-05 0)
(-1.830829e-08 -1.7215385e-06 0)
(-3.5677328e-09 8.0798745e-06 0)
(5.2597306e-10 6.1507154e-06 0)
(-2.671387e-09 6.1517388e-06 0)
(1.1407918e-08 8.0808356e-06 0)
(1.9822707e-08 -1.7183081e-06 0)
(1.342543e-08 -1.2505832e-05 0)
(-1.844856e-08 -1.2507347e-05 0)
(-2.3491382e-08 -1.7241671e-06 0)
(-1.3443459e-08 8.0755941e-06 0)
(2.5487656e-09 6.1490047e-06 0)
(-4.5366063e-10 6.1496256e-06 0)
(1.7516365e-08 8.0722961e-06 0)
(4.0581497e-08 -1.7180337e-06 0)
(1.6154472e-08 -1.2493814e-05 0)
(-2.1656409e-08 -1.2496996e-05 0)
(-4.4968909e-08 -1.7235334e-06 0)
(-1.955401e-08 8.0652587e-06 0)
(9.3721421e-11 6.1466277e-06 0)
(-1.2013207e-09 6.143698e-06 0)
(3.7001127e-08 8.0604232e-06 0)
(6.1240839e-08 -1.7184313e-06 0)
(3.3326009e-08 -1.2474692e-05 0)
(-3.9162979e-08 -1.2476619e-05 0)
(-6.5603787e-08 -1.7261826e-06 0)
(-3.9537179e-08 8.0532864e-06 0)
(1.0074746e-09 6.1397238e-06 0)
(2.4050223e-09 6.1337375e-06 0)
(5.8483185e-08 8.0390017e-06 0)
(1.0240245e-07 -1.7160596e-06 0)
(4.7289102e-08 -1.2443847e-05 0)
(-5.2737342e-08 -1.2447937e-05 0)
(-1.0689454e-07 -1.7230378e-06 0)
(-6.0683504e-08 8.0296586e-06 0)
(-2.8535193e-09 6.1295033e-06 0)
(4.1975332e-09 6.1148875e-06 0)
(9.732589e-08 8.0094745e-06 0)
(1.5180635e-07 -1.7139276e-06 0)
(7.6961229e-08 -1.2397063e-05 0)
(-8.1532298e-08 -1.2399253e-05 0)
(-1.5532898e-07 -1.7235256e-06 0)
(-9.9636083e-08 8.0004872e-06 0)
(-4.401162e-09 6.1095239e-06 0)
(1.056451e-08 6.0863899e-06 0)
(1.4512808e-07 7.9619017e-06 0)
(2.2687216e-07 -1.7062685e-06 0)
(1.0920608e-07 -1.2327216e-05 0)
(-1.1180653e-07 -1.2332067e-05 0)
(-2.2936497e-07 -1.7141428e-06 0)
(-1.4648401e-07 7.9506415e-06 0)
(-1.0996998e-08 6.0810388e-06 0)
(1.6670383e-08 6.0406992e-06 0)
(2.142359e-07 7.8984521e-06 0)
(3.1943241e-07 -1.6975675e-06 0)
(1.5764416e-07 -1.2227452e-05 0)
(-1.5752231e-07 -1.2229425e-05 0)
(-3.1953804e-07 -1.7080566e-06 0)
(-2.1501283e-07 7.8886639e-06 0)
(-1.6761529e-08 6.0343401e-06 0)
(2.7385142e-08 5.9767035e-06 0)
(2.9885035e-07 7.8051478e-06 0)
(4.4072943e-07 -1.6792606e-06 0)
(2.1420472e-07 -1.2088307e-05 0)
(-2.1012492e-07 -1.2093325e-05 0)
(-4.3826197e-07 -1.686412e-06 0)
(-2.978868e-07 7.7936322e-06 0)
(-2.7615845e-08 5.9710367e-06 0)
(3.9382813e-08 5.8844185e-06 0)
(4.0577706e-07 7.6858808e-06 0)
(5.8519424e-07 -1.6576507e-06 0)
(2.8498376e-07 -1.1901228e-05 0)
(-2.7621817e-07 -1.1902121e-05 0)
(-5.788505e-07 -1.666845e-06 0)
(-4.0337352e-07 7.6777091e-06 0)
(-3.9194516e-08 5.8782829e-06 0)
(5.5412676e-08 5.7633784e-06 0)
(5.3005791e-07 7.5237606e-06 0)
(7.5428067e-07 -1.621475e-06 0)
(3.661791e-07 -1.1656284e-05 0)
(-3.5180248e-07 -1.1660349e-05 0)
(-7.4394334e-07 -1.6251897e-06 0)
(-5.2522842e-07 7.5151593e-06 0)
(-5.5201381e-08 5.7590565e-06 0)
(7.3614074e-08 5.6028297e-06 0)
(6.7003336e-07 7.3263331e-06 0)
(9.418436e-07 -1.5791921e-06 0)
(4.5460371e-07 -1.1346298e-05 0)
(-4.3433548e-07 -1.1344983e-05 0)
(-9.2673525e-07 -1.583782e-06 0)
(-6.6299561e-07 7.3234795e-06 0)
(-7.2965192e-08 5.5990455e-06 0)
(9.4096145e-08 5.405043e-06 0)
(8.1895992e-07 7.0769063e-06 0)
(1.1361276e-06 -1.5179931e-06 0)
(5.4879806e-07 -1.0964996e-05 0)
(-5.2254504e-07 -1.0966625e-05 0)
(-1.1164147e-06 -1.5149452e-06 0)
(-8.0923518e-07 7.0755339e-06 0)
(-9.3192224e-08 5.4044968e-06 0)
(1.163557e-07 5.1623951e-06 0)
(9.6408909e-07 6.7897218e-06 0)
(1.326659e-06 -1.4488413e-06 0)
(6.3560063e-07 -1.0512461e-05 0)
(-6.038915e-07 -1.0507887e-05 0)
(-1.3025258e-06 -1.4451818e-06 0)
(-9.517814e-07 6.7963895e-06 0)
(-1.1506881e-07 5.1637355e-06 0)
(1.3715158e-07 4.8848589e-06 0)
(1.0941203e-06 6.4558094e-06 0)
(1.4862979e-06 -1.3607008e-06 0)
(7.1342171e-07 -9.9971211e-06 0)
(-6.7730754e-07 -9.9949016e-06 0)
(-1.4583169e-06 -1.3480658e-06 0)
(-1.0794976e-06 6.466013e-06 0)
(-1.3534935e-07 4.8908626e-06 0)
(1.5619684e-07 4.5709017e-06 0)
(1.183807e-06 6.0995273e-06 0)
(1.5948661e-06 -1.2652904e-06 0)
(7.5860227e-07 -9.4330659e-06 0)
(-7.1944508e-07 -9.4246182e-06 0)
(-1.564321e-06 -1.2504668e-06 0)
(-1.1668405e-06 6.1194567e-06 0)
(-1.5409712e-07 4.5805624e-06 0)
(1.7226758e-07 4.2282074e-06 0)
(1.2171252e-06 5.7220176e-06 0)
(1.6078596e-06 -1.1504572e-06 0)
(7.6513449e-07 -8.8369892e-06 0)
(-7.2474557e-07 -8.8297122e-06 0)
(-1.5755532e-06 -1.1261174e-06 0)
(-1.1989348e-06 5.748025e-06 0)
(-1.691196e-07 4.2445175e-06 0)
(2.1554344e-07 3.8243918e-06 0)
(1.1675529e-06 5.2720466e-06 0)
(1.5017974e-06 -1.0188686e-06 0)
(7.0441329e-07 -8.1035655e-06 0)
(-6.6408612e-07 -8.0916398e-06 0)
(-1.4696347e-06 -9.9215051e-07 0)
(-1.1483168e-06 5.3062759e-06 0)
(-2.1179679e-07 3.8450746e-06 0)
)
;

boundaryField
{
    left
    {
        type            uniformFixedValue;
        uniformValue    sine;
        uniformValueCoeffs
        {
            t0              0;
            amplitude       constant 0.0125;
            frequency       constant 1;
            scale           constant (0 1 0);
            level           constant (0 0 0);
        }
        value           uniform (0 -2.3122946e-16 0);
    }
    right
    {
        type            zeroGradient;
    }
    walls
    {
        type            fixedValue;
        value           uniform (0 0 0);
    }
    frontAndBack
    {
        type            empty;
    }
}


// ************************************************************************* //
