/*--------------------------------*- C++ -*----------------------------------*\
| =========                 |                                                 |
| \\      /  F ield         | OpenFOAM: The Open Source CFD Toolbox           |
|  \\    /   O peration     | Version:  5.x                                   |
|   \\  /    A nd           | Web:      www.OpenFOAM.org                      |
|    \\/     M anipulation  |                                                 |
\*---------------------------------------------------------------------------*/
FoamFile
{
    version     2.0;
    format      ascii;
    class       volVectorField;
    location    "3";
    object      U_0;
}
// * * * * * * * * * * * * * * * * * * * * * * * * * * * * * * * * * * * * * //

dimensions      [0 1 -1 0 0 0 0];

internalField   nonuniform List<vector> 
1920
(
(-0.00037668763 -0.0034628523 0)
(-0.00068709404 -0.0039251529 0)
(-0.00037368896 -0.0038939712 0)
(-0.0001173341 -0.0038905039 0)
(0.00011733442 -0.0038905039 0)
(0.00037368909 -0.0038939711 0)
(0.00068709392 -0.0039251528 0)
(0.00037668753 -0.0034628521 0)
(-0.00052010791 -0.0032076357 0)
(-0.0011328256 -0.0040335582 0)
(-0.00072317705 -0.0040869474 0)
(-0.00024537209 -0.0040893761 0)
(0.00024537267 -0.004089376 0)
(0.00072317732 -0.0040869473 0)
(0.0011328256 -0.004033558 0)
(0.00052010787 -0.0032076353 0)
(-0.00043559012 -0.002795682 0)
(-0.0011200395 -0.0040309417 0)
(-0.00080802433 -0.0042920102 0)
(-0.00029029218 -0.0043526297 0)
(0.0002902929 -0.0043526297 0)
(0.0008080247 -0.0042920101 0)
(0.0011200396 -0.0040309415 0)
(0.00043559015 -0.0027956817 0)
(-0.00032287804 -0.0023988938 0)
(-0.00094900156 -0.0039611685 0)
(-0.00075240507 -0.004473735 0)
(-0.0002827113 -0.0046283774 0)
(0.0002827121 -0.0046283774 0)
(0.00075240551 -0.004473735 0)
(0.00094900172 -0.0039611683 0)
(0.00032287812 -0.0023988937 0)
(-0.00022969726 -0.0020937173 0)
(-0.00074542708 -0.0038717576 0)
(-0.00063718466 -0.004613975 0)
(-0.00024797766 -0.0048749118 0)
(0.00024797841 -0.0048749118 0)
(0.00063718513 -0.0046139751 0)
(0.00074542732 -0.0038717575 0)
(0.00022969736 -0.0020937173 0)
(-0.00015895404 -0.0018740566 0)
(-0.00055828082 -0.0037862756 0)
(-0.00050767954 -0.0047150935 0)
(-0.00020349508 -0.0050774039 0)
(0.00020349574 -0.0050774039 0)
(0.00050768001 -0.0047150936 0)
(0.00055828112 -0.0037862754 0)
(0.00015895415 -0.0018740566 0)
(-0.00010735855 -0.0017186254 0)
(-0.00040398069 -0.0037131414 0)
(-0.0003873464 -0.0047853838 0)
(-0.00015905865 -0.0052354369 0)
(0.00015905917 -0.0052354369 0)
(0.00038734685 -0.0047853838 0)
(0.00040398104 -0.0037131412 0)
(0.00010735868 -0.0017186253 0)
(-7.0999134e-05 -0.0016104001 0)
(-0.00028477378 -0.0036545026 0)
(-0.00028574516 -0.0048329836 0)
(-0.00011993318 -0.005354308 0)
(0.00011993355 -0.005354308 0)
(0.00028574555 -0.0048329835 0)
(0.00028477416 -0.0036545024 0)
(7.0999273e-05 -0.0016104 0)
(-4.6166899e-05 -0.0015365192 0)
(-0.00019639277 -0.0036096588 0)
(-0.00020525416 -0.0048645083 0)
(-8.770918e-05 -0.0054410903 0)
(8.7709396e-05 -0.0054410902 0)
(0.00020525449 -0.0048645081 0)
(0.00019639315 -0.0036096586 0)
(4.6167052e-05 -0.0015365192 0)
(-2.9523388e-05 -0.0014870185 0)
(-0.00013295521 -0.0035766026 0)
(-0.00014403681 -0.0048849688 0)
(-6.2640065e-05 -0.0055028735 0)
(6.2640152e-05 -0.0055028735 0)
(0.00014403707 -0.0048849685 0)
(0.00013295557 -0.0035766023 0)
(2.9523536e-05 -0.0014870184 0)
(-1.8595815e-05 -0.0014544039 0)
(-8.8422091e-05 -0.003552933 0)
(-9.9100323e-05 -0.0048980038 0)
(-4.3714303e-05 -0.0055459093 0)
(4.3714275e-05 -0.0055459091 0)
(9.9100502e-05 -0.0048980035 0)
(8.8422421e-05 -0.0035529326 0)
(1.8595964e-05 -0.0014544037 0)
(-1.1501123e-05 -0.0014332506 0)
(-5.7856639e-05 -0.0035363943 0)
(-6.6878602e-05 -0.0049061517 0)
(-2.9956582e-05 -0.0055753051 0)
(2.9956462e-05 -0.005575305 0)
(6.6878711e-05 -0.0049061513 0)
(5.7856928e-05 -0.0035363939 0)
(1.150126e-05 -0.0014332505 0)
(-6.9881837e-06 -0.001419753 0)
(-3.720024e-05 -0.003525084 0)
(-4.4359584e-05 -0.0049111457 0)
(-2.0116025e-05 -0.0055950173 0)
(2.0115836e-05 -0.0055950171 0)
(4.435962e-05 -0.0049111453 0)
(3.7200479e-05 -0.0035250836 0)
(6.9883071e-06 -0.0014197529 0)
(-4.1458042e-06 -0.0014112877 0)
(-2.3511468e-05 -0.0035175046 0)
(-2.8878001e-05 -0.0049141366 0)
(-1.3288786e-05 -0.005608001 0)
(1.3288537e-05 -0.0056080009 0)
(2.8877986e-05 -0.0049141362 0)
(2.3511651e-05 -0.0035175042 0)
(4.1459162e-06 -0.0014112876 0)
(-2.3974293e-06 -0.0014060815 0)
(-1.4560961e-05 -0.0035125234 0)
(-1.8465304e-05 -0.0049158811 0)
(-8.6013715e-06 -0.0056163973 0)
(8.6010888e-06 -0.0056163971 0)
(1.8465225e-05 -0.0049158808 0)
(1.4561099e-05 -0.0035125231 0)
(2.3975189e-06 -0.0014060814 0)
(-1.3350069e-06 -0.0014029503 0)
(-8.8228024e-06 -0.0035093158 0)
(-1.1560664e-05 -0.0049168626 0)
(-5.4695807e-06 -0.0056217233 0)
(5.4692624e-06 -0.0056217233 0)
(1.1560556e-05 -0.0049168623 0)
(8.8228838e-06 -0.0035093156 0)
(1.3350895e-06 -0.0014029502 0)
(-7.0841505e-07 -0.001401119 0)
(-5.1980435e-06 -0.0035072932 0)
(-7.0778803e-06 -0.0049173899 0)
(-3.3974367e-06 -0.0056250296 0)
(3.3971062e-06 -0.0056250295 0)
(7.0777225e-06 -0.0049173897 0)
(5.1980931e-06 -0.003507293 0)
(7.0847339e-07 -0.0014011189 0)
(-3.4669401e-07 -0.001400085 0)
(-2.9590697e-06 -0.003506049 0)
(-4.2127028e-06 -0.0049176521 0)
(-2.0613798e-06 -0.0056270321 0)
(2.0610394e-06 -0.005627032 0)
(4.2125328e-06 -0.004917652 0)
(2.9590759e-06 -0.0035060489 0)
(3.4674992e-07 -0.001400085 0)
(-1.4675946e-07 -0.0013995301 0)
(-1.6041942e-06 -0.0035053043 0)
(-2.4229861e-06 -0.004917767 0)
(-1.2114253e-06 -0.0056282083 0)
(1.2110884e-06 -0.0056282082 0)
(2.4227909e-06 -0.0049177669 0)
(1.6041834e-06 -0.0035053042 0)
(1.4679591e-07 -0.0013995301 0)
(-4.1499182e-08 -0.001399254 0)
(-8.0844749e-07 -0.0035048749 0)
(-1.3286862e-06 -0.0049178022 0)
(-6.8506899e-07 -0.0056288728 0)
(6.84739e-07 -0.0056288728 0)
(1.3284951e-06 -0.0049178022 0)
(8.0841382e-07 -0.0035048749 0)
(4.1535559e-08 -0.001399254 0)
(9.1893728e-09 -0.0013991351 0)
(-3.5704545e-07 -0.0035046381 0)
(-6.792494e-07 -0.0049177992 0)
(-3.6600738e-07 -0.0056292276 0)
(3.6569788e-07 -0.0056292276 0)
(6.7905778e-07 -0.0049177993 0)
(3.570064e-07 -0.0035046383 0)
(-9.1641817e-09 -0.0013991352 0)
(2.9918612e-08 -0.0013990997 0)
(-1.1398591e-07 -0.0035045172 0)
(-3.0678328e-07 -0.0049177791 0)
(-1.7943668e-07 -0.0056294013 0)
(1.7915431e-07 -0.0056294014 0)
(3.0661043e-07 -0.0049177794 0)
(1.1394653e-07 -0.0035045174 0)
(-2.9893684e-08 -0.0013990998 0)
(3.4923199e-08 -0.0013991055 0)
(7.3882486e-09 -0.0035044621 0)
(-1.0408921e-07 -0.0049177549 0)
(-7.3894631e-08 -0.0056294729 0)
(7.3648616e-08 -0.0056294731 0)
(1.0393986e-07 -0.0049177551 0)
(-7.4250463e-09 -0.0035044625 0)
(-3.4900743e-08 -0.0013991056 0)
(3.2680873e-08 -0.0013991283 0)
(5.9365585e-08 -0.0035044437 0)
(-9.4422282e-10 -0.0049177313 0)
(-1.8631091e-08 -0.0056294907 0)
(1.8435592e-08 -0.0056294908 0)
(8.2472163e-10 -0.0049177317 0)
(-5.9383236e-08 -0.0035044441 0)
(-3.2660419e-08 -0.0013991285 0)
(2.7276559e-08 -0.0013991559 0)
(7.5063518e-08 -0.0035044433 0)
(4.3956851e-08 -0.0049177115 0)
(8.9654431e-09 -0.0056294821 0)
(-9.1114369e-09 -0.0056294823 0)
(-4.4031593e-08 -0.0049177119 0)
(-7.5073839e-08 -0.0035044438 0)
(-2.7251626e-08 -0.0013991561 0)
(2.1622828e-08 -0.0013991818 0)
(7.175515e-08 -0.0035044513 0)
(5.8976747e-08 -0.0049176954 0)
(1.8959956e-08 -0.0056294632 0)
(-1.90421e-08 -0.0056294634 0)
(-5.9014661e-08 -0.004917696 0)
(-7.1733564e-08 -0.0035044518 0)
(-2.1602004e-08 -0.001399182 0)
(1.6070617e-08 -0.0013992037 0)
(6.1732024e-08 -0.0035044617 0)
(5.7057061e-08 -0.0049176834 0)
(2.208117e-08 -0.005629442 0)
(-2.2105149e-08 -0.0056294422 0)
(-5.7039482e-08 -0.0049176839 0)
(-6.1701755e-08 -0.0035044623 0)
(-1.6041282e-08 -0.001399204 0)
(1.1877039e-08 -0.001399221 0)
(4.8618507e-08 -0.003504472 0)
(4.9894594e-08 -0.0049176744 0)
(1.9345887e-08 -0.0056294226 0)
(-1.9300633e-08 -0.0056294228 0)
(-4.9838418e-08 -0.004917675 0)
(-4.8551273e-08 -0.0035044726 0)
(-1.1853415e-08 -0.0013992213 0)
(8.1655609e-09 -0.001399234 0)
(3.7315335e-08 -0.0035044807 0)
(3.9137361e-08 -0.004917668 0)
(1.6949962e-08 -0.0056294064 0)
(-1.6847133e-08 -0.0056294067 0)
(-3.9024932e-08 -0.0049176686 0)
(-3.7240666e-08 -0.0035044813 0)
(-8.1321954e-09 -0.0013992343 0)
(5.8336995e-09 -0.0013992434 0)
(2.6657131e-08 -0.0035044876 0)
(3.0416437e-08 -0.0049176635 0)
(1.2305358e-08 -0.0056293938 0)
(-1.2138027e-08 -0.005629394 0)
(-3.0269551e-08 -0.0049176641 0)
(-2.6547356e-08 -0.0035044882 0)
(-5.806759e-09 -0.0013992437 0)
(3.6934097e-09 -0.00139925 0)
(1.9270136e-08 -0.0035044928 0)
(2.1364453e-08 -0.0049176604 0)
(1.0020944e-08 -0.0056293843 0)
(-9.804911e-09 -0.0056293846 0)
(-2.1169255e-08 -0.004917661 0)
(-1.9156012e-08 -0.0035044934 0)
(-3.657593e-09 -0.0013992503 0)
(2.637998e-09 -0.0013992545 0)
(1.2608475e-08 -0.0035044965 0)
(1.5672205e-08 -0.0049176583 0)
(6.2688644e-09 -0.0056293776 0)
(-6.0016112e-09 -0.0056293778 0)
(-1.5451256e-08 -0.0049176589 0)
(-1.2465941e-08 -0.0035044971 0)
(-2.608474e-09 -0.0013992548 0)
(1.4647239e-09 -0.0013992574 0)
(8.7779763e-09 -0.003504499 0)
(9.8156752e-09 -0.0049176568 0)
(5.1520959e-09 -0.0056293729 0)
(-4.8511582e-09 -0.0056293731 0)
(-9.560088e-09 -0.0049176574 0)
(-8.6352075e-09 -0.0035044996 0)
(-1.4283776e-09 -0.0013992576 0)
(1.1193953e-09 -0.0013992592 0)
(5.023812e-09 -0.0035045005 0)
(6.9926817e-09 -0.0049176559 0)
(2.539966e-09 -0.0056293697 0)
(-2.2060589e-09 -0.00562937 0)
(-6.7226594e-09 -0.0049176564 0)
(-4.8617466e-09 -0.0035045011 0)
(-1.0885899e-09 -0.0013992594 0)
(4.57589e-10 -0.0013992602 0)
(3.4312673e-09 -0.0035045014 0)
(3.5190448e-09 -0.0049176553 0)
(2.3815461e-09 -0.0056293677 0)
(-2.0314197e-09 -0.0056293679 0)
(-3.2303797e-09 -0.0049176558 0)
(-3.2732005e-09 -0.003504502 0)
(-4.2241333e-10 -0.0013992604 0)
(4.5995791e-10 -0.0013992607 0)
(1.3601503e-09 -0.0035045019 0)
(2.5276543e-09 -0.0049176549 0)
(5.6645263e-10 -0.0056293665 0)
(-2.0248011e-10 -0.0056293667 0)
(-2.2360113e-09 -0.0049176553 0)
(-1.1921208e-09 -0.0035045023 0)
(-4.2921929e-10 -0.0013992609 0)
(4.3237435e-11 -0.0013992609 0)
(9.6044656e-10 -0.003504502 0)
(4.5284952e-10 -0.0049176545 0)
(9.8244463e-10 -0.0056293659 0)
(-6.1883216e-10 -0.0056293661 0)
(-1.5767036e-10 -0.004917655 0)
(-7.9995608e-10 -0.0035045024 0)
(-1.0428943e-11 -0.0013992611 0)
(1.9835373e-10 -0.0013992609 0)
(-2.5110755e-10 -0.0035045018 0)
(4.445728e-10 -0.0049176543 0)
(-3.7531981e-10 -0.0056293656 0)
(7.360279e-10 -0.0056293658 0)
(-1.5605252e-10 -0.0049176547 0)
(4.1355086e-10 -0.0035045022 0)
(-1.6874598e-10 -0.0013992611 0)
(-1.0915503e-10 -0.0013992607 0)
(-8.4007138e-11 -0.0035045016 0)
(-9.0649184e-10 -0.0049176542 0)
(3.317415e-10 -0.0056293656 0)
(1.543013e-11 -0.0056293657 0)
(1.186452e-09 -0.0049176545 0)
(2.3659975e-10 -0.0035045019 0)
(1.3896963e-10 -0.0013992609 0)
(1.0494291e-10 -0.0013992605 0)
(-8.9303744e-10 -0.0035045012 0)
(-4.4690596e-10 -0.004917654 0)
(-7.8869339e-10 -0.0056293657 0)
(1.1206739e-09 -0.0056293659 0)
(7.1359397e-10 -0.0049176543 0)
(1.0417005e-09 -0.0035045015 0)
(-7.7104725e-11 -0.0013992606 0)
(-1.5597907e-10 -0.0013992602 0)
(-4.8418623e-10 -0.0035045008 0)
(-1.4528848e-09 -0.0049176539 0)
(4.5398301e-11 -0.005629366 0)
(2.6453232e-10 -0.0056293661 0)
(1.7029021e-09 -0.0049176542 0)
(6.2212513e-10 -0.003504501 0)
(1.8267691e-10 -0.0013992603 0)
(7.5950822e-11 -0.0013992599 0)
(-1.1159596e-09 -0.0035045003 0)
(-7.9538459e-10 -0.0049176538 0)
(-9.5663246e-10 -0.0056293662 0)
(1.2441605e-09 -0.0056293663 0)
(1.028888e-09 -0.004917654 0)
(1.2463567e-09 -0.0035045005 0)
(-5.0096851e-11 -0.00139926 0)
(-1.6465139e-10 -0.0013992595 0)
(-6.1785921e-10 -0.0035044998 0)
(-1.6441995e-09 -0.0049176537 0)
(-7.8453501e-11 -0.0056293666 0)
(3.4012206e-10 -0.0056293666 0)
(1.8568538e-09 -0.0049176539 0)
(7.3799535e-10 -0.0035045 0)
(1.8847786e-10 -0.0013992596 0)
(6.8600918e-11 -0.0013992592 0)
(-1.1732693e-09 -0.0035044993 0)
(-9.1633383e-10 -0.0049176536 0)
(-1.0189804e-09 -0.0056293669 0)
(1.2556545e-09 -0.005629367 0)
(1.1122494e-09 -0.0049176537 0)
(1.284208e-09 -0.0035044995 0)
(-4.4613147e-11 -0.0013992593 0)
(-1.615735e-10 -0.0013992588 0)
(-6.5136976e-10 -0.0035044988 0)
(-1.6925438e-09 -0.0049176534 0)
(-1.3459663e-10 -0.0056293673 0)
(3.4551811e-10 -0.0056293673 0)
(1.8666465e-09 -0.0049176536 0)
(7.5353949e-10 -0.0035044989 0)
(1.8298921e-10 -0.0013992589 0)
(6.7034033e-11 -0.0013992585 0)
(-1.1715244e-09 -0.0035044983 0)
(-9.4941525e-10 -0.0049176533 0)
(-1.0380709e-09 -0.0056293676 0)
(1.2249265e-09 -0.0056293677 0)
(1.1088059e-09 -0.0049176535 0)
(1.2642573e-09 -0.0035044984 0)
(-4.4587619e-11 -0.0013992586 0)
(-1.5590585e-10 -0.0013992582 0)
(-6.5140313e-10 -0.0035044978 0)
(-1.687593e-09 -0.0049176532 0)
(-1.6327304e-10 -0.005629368 0)
(3.272023e-10 -0.005629368 0)
(1.8264072e-09 -0.0049176533 0)
(7.3749352e-10 -0.0035044979 0)
(1.7545013e-10 -0.0013992582 0)
(6.6202944e-11 -0.0013992578 0)
(-1.1512721e-09 -0.0035044972 0)
(-9.5091745e-10 -0.0049176531 0)
(-1.0390943e-09 -0.0056293683 0)
(1.1820937e-09 -0.0056293683 0)
(1.0784034e-09 -0.0049176532 0)
(1.2285232e-09 -0.0035044974 0)
(-4.4888014e-11 -0.0013992579 0)
(-1.502643e-10 -0.0013992575 0)
(-6.4180878e-10 -0.0035044968 0)
(-1.6637408e-09 -0.004917653 0)
(-1.7990601e-10 -0.0056293686 0)
(3.0428965e-10 -0.0056293687 0)
(1.7730747e-09 -0.0049176531 0)
(7.1480092e-10 -0.0035044968 0)
(1.6845301e-10 -0.0013992575 0)
(6.4929739e-11 -0.0013992572 0)
(-1.1260416e-09 -0.0035044962 0)
(-9.4119206e-10 -0.0049176529 0)
(-1.0312995e-09 -0.005629369 0)
(1.1388958e-09 -0.005629369 0)
(1.0431293e-09 -0.004917653 0)
(1.1911337e-09 -0.0035044963 0)
(-4.4345557e-11 -0.0013992572 0)
(-1.451044e-10 -0.0013992569 0)
(-6.2978315e-10 -0.0035044958 0)
(-1.6327308e-09 -0.0049176527 0)
(-1.8984934e-10 -0.0056293693 0)
(2.8359647e-10 -0.0056293693 0)
(1.7193038e-09 -0.0049176528 0)
(6.9296196e-10 -0.0035044958 0)
(1.6236689e-10 -0.0013992569 0)
(6.3190743e-11 -0.0013992565 0)
(-1.099482e-09 -0.0035044953 0)
(-9.26638e-10 -0.0049176526 0)
(-1.0178991e-09 -0.0056293696 0)
(1.0990963e-09 -0.0056293697 0)
(1.0096886e-09 -0.0049176527 0)
(1.1556878e-09 -0.0035044954 0)
(-4.3004968e-11 -0.0013992566 0)
(-1.4033131e-10 -0.0013992562 0)
(-6.168659e-10 -0.0035044948 0)
(-1.598052e-09 -0.0049176525 0)
(-1.949262e-10 -0.0056293699 0)
(2.6678111e-10 -0.00562937 0)
(1.6683274e-09 -0.0049176526 0)
(6.7327867e-10 -0.0035044949 0)
(1.5698283e-10 -0.0013992563 0)
(6.1182928e-11 -0.0013992559 0)
(-1.0721955e-09 -0.0035044943 0)
(-9.0894782e-10 -0.0049176524 0)
(-1.000188e-09 -0.0056293702 0)
(1.0632497e-09 -0.0056293703 0)
(9.7914615e-10 -0.0049176525 0)
(1.1223422e-09 -0.0035044944 0)
(-4.1157678e-11 -0.0013992559 0)
(-1.3580128e-10 -0.0013992556 0)
(-6.0308642e-10 -0.0035044938 0)
(-1.5606672e-09 -0.0049176523 0)
(-1.9597651e-10 -0.0056293706 0)
(2.5354326e-10 -0.0056293706 0)
(1.6201726e-09 -0.0049176524 0)
(6.5524863e-10 -0.0035044939 0)
(1.5204213e-10 -0.0013992556 0)
(5.9067538e-11 -0.0013992553 0)
(-1.044137e-09 -0.0035044934 0)
(-8.8856895e-10 -0.0049176522 0)
(-9.7900819e-10 -0.0056293709 0)
(1.0307824e-09 -0.0056293709 0)
(9.508489e-10 -0.0049176523 0)
(1.0904337e-09 -0.0035044935 0)
(-3.9060496e-11 -0.0013992553 0)
(-1.3143008e-10 -0.001399255 0)
(-5.8829619e-10 -0.0035044929 0)
(-1.5209965e-09 -0.004917652 0)
(-1.9367029e-10 -0.0056293712 0)
(2.4299016e-10 -0.0056293712 0)
(1.5740515e-09 -0.0049176522 0)
(6.3809493e-10 -0.003504493 0)
(1.4736127e-10 -0.001399255 0)
(5.6936653e-11 -0.0013992547 0)
(-1.0152913e-09 -0.0035044924 0)
(-8.6578842e-10 -0.0049176519 0)
(-9.5514143e-10 -0.0056293715 0)
(1.0008562e-09 -0.0056293715 0)
(9.2385955e-10 -0.0049176521 0)
(1.0593149e-09 -0.0035044926 0)
(-3.6887194e-11 -0.0013992548 0)
(-1.2718736e-10 -0.0013992544 0)
(-5.7247368e-10 -0.003504492 0)
(-1.4794524e-09 -0.0049176518 0)
(-1.8866922e-10 -0.0056293718 0)
(2.3418737e-10 -0.0056293718 0)
(1.5291764e-09 -0.0049176519 0)
(6.21201e-10 -0.0035044921 0)
(1.4283409e-10 -0.0013992545 0)
(5.4834591e-11 -0.0013992541 0)
(-9.8577117e-10 -0.0035044916 0)
(-8.4095955e-10 -0.0049176517 0)
(-9.2933907e-10 -0.0056293721 0)
(9.7270311e-10 -0.0056293721 0)
(8.9740259e-10 -0.0049176518 0)
(1.0285468e-09 -0.0035044917 0)
(-3.4743271e-11 -0.0013992542 0)
(-1.2307173e-10 -0.0013992538 0)
(-5.5571874e-10 -0.0035044911 0)
(-1.4364997e-09 -0.0049176516 0)
(-1.8159882e-10 -0.0056293724 0)
(2.2635606e-10 -0.0056293724 0)
(1.4849769e-09 -0.0049176517 0)
(6.0417295e-10 -0.0035044913 0)
(1.384077e-10 -0.0013992539 0)
(5.2781428e-11 -0.0013992536 0)
(-9.5576813e-10 -0.0035044907 0)
(-8.1448149e-10 -0.0049176515 0)
(-9.0227449e-10 -0.0056293726 0)
(9.4573032e-10 -0.0056293727 0)
(8.7095106e-10 -0.0049176517 0)
(9.9788898e-10 -0.0035044909 0)
(-3.2689451e-11 -0.0013992536 0)
(-1.1909198e-10 -0.0013992533 0)
(-5.3819091e-10 -0.0035044903 0)
(-1.3926063e-09 -0.0049176514 0)
(-1.7300152e-10 -0.0056293729 0)
(2.1891994e-10 -0.005629373 0)
(1.4411115e-09 -0.0049176516 0)
(5.8679904e-10 -0.0035044904 0)
(1.340607e-10 -0.0013992534 0)
(5.0787733e-11 -0.001399253 0)
(-9.2549658e-10 -0.0035044899 0)
(-7.8674508e-10 -0.0049176513 0)
(-8.7450836e-10 -0.0056293732 0)
(9.1952993e-10 -0.0056293733 0)
(8.4419831e-10 -0.0049176515 0)
(9.67247e-10 -0.00350449 0)
(-3.075886e-11 -0.0013992531 0)
(-1.1525759e-10 -0.0013992528 0)
(-5.200622e-10 -0.0035044895 0)
(-1.3481993e-09 -0.0049176512 0)
(-1.6331507e-10 -0.0056293735 0)
(2.1148993e-10 -0.0056293735 0)
(1.3974205e-09 -0.0049176514 0)
(5.6899487e-10 -0.0035044896 0)
(1.2978893e-10 -0.0013992528 0)
(4.886159e-11 -0.0013992525 0)
(-8.9515988e-10 -0.0035044891 0)
(-7.5809972e-10 -0.0049176511 0)
(-8.4648259e-10 -0.0056293737 0)
(8.9385052e-10 -0.0056293738 0)
(8.1700403e-10 -0.0049176513 0)
(9.3662085e-10 -0.0035044892 0)
(-2.8968692e-11 -0.0013992526 0)
(-1.1157492e-10 -0.0013992522 0)
(-5.0149429e-10 -0.0035044887 0)
(-1.3036452e-09 -0.004917651 0)
(-1.5287647e-10 -0.005629374 0)
(2.038273e-10 -0.0056293741 0)
(1.3538725e-09 -0.0049176512 0)
(5.5075837e-10 -0.0035044889 0)
(1.2559664e-10 -0.0013992523 0)
(4.7010831e-11 -0.001399252 0)
(-8.6493809e-10 -0.0035044883 0)
(-7.2884414e-10 -0.0049176509 0)
(-8.1853386e-10 -0.0056293743 0)
(8.6855827e-10 -0.0056293743 0)
(7.8934235e-10 -0.0049176511 0)
(9.0606714e-10 -0.0035044885 0)
(-2.7326639e-11 -0.0013992521 0)
(-1.080468e-10 -0.0013992517 0)
(-4.8263149e-10 -0.0035044879 0)
(-1.2592508e-09 -0.0049176508 0)
(-1.4193966e-10 -0.0056293745 0)
(1.9580314e-10 -0.0056293746 0)
(1.3105178e-09 -0.004917651 0)
(5.3213753e-10 -0.0035044881 0)
(1.2149175e-10 -0.0013992518 0)
(4.5243183e-11 -0.0013992515 0)
(-8.34986e-10 -0.0035044876 0)
(-6.992305e-10 -0.0049176508 0)
(-7.9091477e-10 -0.0056293748 0)
(8.4359925e-10 -0.0056293748 0)
(7.6126068e-10 -0.004917651 0)
(8.7567281e-10 -0.0035044878 0)
(-2.5834782e-11 -0.0013992516 0)
(-1.0467298e-10 -0.0013992513 0)
(-4.6360087e-10 -0.0035044872 0)
(-1.2152708e-09 -0.0049176507 0)
(-1.3069623e-10 -0.005629375 0)
(1.8736355e-10 -0.0056293751 0)
(1.2674541e-09 -0.0049176509 0)
(5.1320822e-10 -0.0035044874 0)
(1.1748321e-10 -0.0013992514 0)
(4.3565691e-11 -0.001399251 0)
(-8.0543553e-10 -0.0035044868 0)
(-6.6947283e-10 -0.0049176506 0)
(-7.6381526e-10 -0.0056293753 0)
(8.189699e-10 -0.0056293753 0)
(7.3284902e-10 -0.0049176508 0)
(8.4553756e-10 -0.0035044871 0)
(-2.4491774e-11 -0.0013992511 0)
(-1.0145121e-10 -0.0013992508 0)
(-4.4451472e-10 -0.0035044865 0)
(-1.1719179e-09 -0.0049176505 0)
(-1.1929389e-10 -0.0056293755 0)
(1.7850259e-10 -0.0056293756 0)
(1.2248013e-09 -0.0049176507 0)
(4.9405943e-10 -0.0035044867 0)
(1.1357948e-10 -0.0013992509 0)
(4.1984372e-11 -0.0013992506 0)
(-7.7639934e-10 -0.0035044862 0)
(-6.3975534e-10 -0.0049176504 0)
(-7.3737967e-10 -0.0056293757 0)
(7.9469445e-10 -0.0056293758 0)
(7.0421919e-10 -0.0049176507 0)
(8.1576276e-10 -0.0035044864 0)
(-2.3294103e-11 -0.0013992507 0)
(-9.8377878e-11 -0.0013992504 0)
(-4.2547289e-10 -0.0035044858 0)
(-1.1293701e-09 -0.0049176504 0)
(-1.0785014e-10 -0.005629376 0)
(1.6924286e-10 -0.0056293761 0)
(1.1826852e-09 -0.0049176506 0)
(4.7478413e-10 -0.0035044861 0)
(1.0978808e-10 -0.0013992505 0)
(4.0503879e-11 -0.0013992502 0)
(-7.4797293e-10 -0.0035044855 0)
(-6.1023797e-10 -0.0049176503 0)
(-7.1171851e-10 -0.0056293762 0)
(7.7081027e-10 -0.0056293763 0)
(6.7549056e-10 -0.0049176505 0)
(7.8644476e-10 -0.0035044857 0)
(-2.223675e-11 -0.0013992503 0)
(-9.5448375e-11 -0.00139925 0)
(-4.0656431e-10 -0.0035044852 0)
(-1.0877765e-09 -0.0049176502 0)
(-9.6460619e-11 -0.0056293764 0)
(1.5962294e-10 -0.0056293765 0)
(1.1412275e-09 -0.0049176504 0)
(4.5547346e-10 -0.0035044854 0)
(1.0611501e-10 -0.00139925 0)
(3.9127377e-11 -0.0013992498 0)
(-7.2023668e-10 -0.0035044849 0)
(-5.810595e-10 -0.0049176502 0)
(-6.8691614e-10 -0.0056293767 0)
(7.4735925e-10 -0.0056293768 0)
(6.4678166e-10 -0.0049176504 0)
(7.5767088e-10 -0.0035044851 0)
(-2.1313806e-11 -0.0013992498 0)
(-9.2657711e-11 -0.0013992496 0)
(-3.8786745e-10 -0.0035044846 0)
(-1.0472598e-09 -0.0049176501 0)
(-8.5204065e-11 -0.0056293769 0)
(1.4969e-10 -0.005629377 0)
(1.1005398e-09 -0.0049176503 0)
(4.3621308e-10 -0.0035044848 0)
(1.0256492e-10 -0.0013992496 0)
(3.7856532e-11 -0.0013992494 0)
(-6.932564e-10 -0.0035044843 0)
(-5.5233912e-10 -0.00491765 0)
(-6.63035e-10 -0.0056293771 0)
(7.2438272e-10 -0.0056293772 0)
(6.1820486e-10 -0.0049176503 0)
(7.2951741e-10 -0.0035044845 0)
(-2.0518576e-11 -0.0013992495 0)
(-9.0000354e-11 -0.0013992492 0)
(-3.6945017e-10 -0.003504484 0)
(-1.0079184e-09 -0.00491765 0)
(-7.4144691e-11 -0.0056293773 0)
(1.3949536e-10 -0.0056293774 0)
(1.0607201e-09 -0.0049176502 0)
(4.1708129e-10 -0.0035044842 0)
(9.9141078e-11 -0.0013992493 0)
(3.6691714e-11 -0.001399249 0)
(-6.6708387e-10 -0.0035044837 0)
(-5.2417667e-10 -0.0049176499 0)
(-6.4011825e-10 -0.0056293775 0)
(7.0191912e-10 -0.0056293776 0)
(5.8986355e-10 -0.0049176501 0)
(7.0204896e-10 -0.003504484 0)
(-1.9843981e-11 -0.0013992491 0)
(-8.747068e-11 -0.0013992488 0)
(-3.5136968e-10 -0.0035044835 0)
(-9.6982736e-10 -0.0049176499 0)
(-6.3333264e-11 -0.0056293777 0)
(1.290918e-10 -0.0056293778 0)
(1.0218525e-09 -0.0049176501 0)
(3.9814805e-10 -0.0035044837 0)
(9.58454e-11 -0.0013992489 0)
(3.5632169e-11 -0.0013992486 0)
(-6.4175721e-10 -0.0035044832 0)
(-4.9665332e-10 -0.0049176498 0)
(-6.1819157e-10 -0.0056293779 0)
(6.8000295e-10 -0.005629378 0)
(5.6185075e-10 -0.00491765 0)
(6.753183e-10 -0.0035044834 0)
(-1.928261e-11 -0.0013992487 0)
(-8.5062727e-11 -0.0013992485 0)
(-3.3367259e-10 -0.0035044829 0)
(-9.3303946e-10 -0.0049176498 0)
(-5.2808133e-11 -0.0056293781 0)
(1.1853217e-10 -0.0056293782 0)
(9.8400618e-10 -0.00491765 0)
(3.7947458e-10 -0.0035044832 0)
(9.2678701e-11 -0.0013992485 0)
(3.4676253e-11 -0.0013992483 0)
(-6.1730171e-10 -0.0035044827 0)
(-4.6983181e-10 -0.0049176497 0)
(-5.9726473e-10 -0.0056293783 0)
(6.5866433e-10 -0.0056293784 0)
(5.3424851e-10 -0.0049176499 0)
(6.4936673e-10 -0.0035044829 0)
(-1.8826954e-11 -0.0013992484 0)
(-8.2770615e-11 -0.0013992481 0)
(-3.1639508e-10 -0.0035044824 0)
(-8.9758683e-10 -0.0049176497 0)
(-4.2595648e-11 -0.0056293785 0)
(1.0786836e-10 -0.0056293786 0)
(9.4723613e-10 -0.0049176499 0)
(3.6111328e-10 -0.0035044826 0)
(8.9640727e-11 -0.0013992482 0)
(3.3821381e-11 -0.001399248 0)
(-5.9373079e-10 -0.0035044822 0)
(-4.4375769e-10 -0.0049176496 0)
(-5.7733326e-10 -0.0056293787 0)
(6.3792908e-10 -0.0056293788 0)
(5.0712765e-10 -0.0049176498 0)
(6.2422471e-10 -0.0035044824 0)
(-1.8469393e-11 -0.001399248 0)
(-8.0588237e-11 -0.0013992478 0)
(-2.9956366e-10 -0.003504482 0)
(-8.6348296e-10 -0.0049176496 0)
(-3.2711513e-11 -0.0056293789 0)
(9.7150542e-11 -0.005629379 0)
(9.115838e-10 -0.0049176498 0)
(3.4310792e-10 -0.0035044822 0)
(8.6730324e-11 -0.0013992479 0)
(3.3064516e-11 -0.0013992477 0)
(-5.7104716e-10 -0.0035044817 0)
(-4.1846066e-10 -0.0049176496 0)
(-5.5838042e-10 -0.0056293791 0)
(6.1781854e-10 -0.0056293792 0)
(4.805479e-10 -0.0049176498 0)
(5.9991274e-10 -0.0035044819 0)
(-1.8202477e-11 -0.0013992477 0)
(-7.85097e-11 -0.0013992475 0)
(-2.8319593e-10 -0.0035044815 0)
(-8.307246e-10 -0.0049176495 0)
(-2.316216e-11 -0.0056293793 0)
(8.6426299e-11 -0.0056293793 0)
(8.7707797e-10 -0.0049176497 0)
(3.2549418e-10 -0.0035044817 0)
(8.3945543e-11 -0.0013992476 0)
(3.2401935e-11 -0.0013992474 0)
(-5.4924428e-10 -0.0035044813 0)
(-3.9395648e-10 -0.0049176495 0)
(-5.403791e-10 -0.0056293794 0)
(5.9834946e-10 -0.0056293795 0)
(4.545584e-10 -0.0049176497 0)
(5.7644208e-10 -0.0035044815 0)
(-1.8018816e-11 -0.0013992474 0)
(-7.6529157e-11 -0.0013992472 0)
(-2.6730172e-10 -0.0035044811 0)
(-7.992945e-10 -0.0049176494 0)
(-1.3945962e-11 -0.0056293796 0)
(7.5740049e-11 -0.0056293797 0)
(8.4373564e-10 -0.0049176496 0)
(3.0829989e-10 -0.0035044813 0)
(8.1283757e-11 -0.0013992473 0)
(3.1829577e-11 -0.0013992471 0)
(-5.2830773e-10 -0.0035044809 0)
(-3.7024879e-10 -0.0049176494 0)
(-5.2329424e-10 -0.0056293798 0)
(5.7953402e-10 -0.0056293798 0)
(4.2919823e-10 -0.0049176496 0)
(5.5381594e-10 -0.0035044811 0)
(-1.7911399e-11 -0.0013992472 0)
(-7.4640886e-11 -0.0013992469 0)
(-2.5188416e-10 -0.0035044807 0)
(-7.6916371e-10 -0.0049176494 0)
(-5.0552383e-12 -0.0056293799 0)
(6.5132559e-11 -0.00562938 0)
(8.1156325e-10 -0.0049176496 0)
(2.9154597e-10 -0.0035044809 0)
(7.8741775e-11 -0.001399247 0)
(3.1343058e-11 -0.0013992468 0)
(-5.0821669e-10 -0.0035044805 0)
(-3.4733144e-10 -0.0049176493 0)
(-5.0708467e-10 -0.0056293801 0)
(5.6137976e-10 -0.0056293802 0)
(4.0449683e-10 -0.0049176495 0)
(5.3203024e-10 -0.0035044807 0)
(-1.7873372e-11 -0.0013992469 0)
(-7.2839433e-11 -0.0013992467 0)
(-2.3694079e-10 -0.0035044803 0)
(-7.4029429e-10 -0.0049176493 0)
(3.5223885e-12 -0.0056293803 0)
(5.4640199e-11 -0.0056293803 0)
(7.805577e-10 -0.0049176495 0)
(2.7524683e-10 -0.0035044805 0)
(7.6315872e-11 -0.0013992468 0)
(3.093776e-11 -0.0013992466 0)
(-4.8894549e-10 -0.0035044801 0)
(-3.2519026e-10 -0.0049176493 0)
(-4.9170533e-10 -0.0056293804 0)
(5.4388966e-10 -0.0056293805 0)
(3.8047502e-10 -0.0049176495 0)
(5.1107484e-10 -0.0035044803 0)
(-1.7898397e-11 -0.0013992466 0)
(-7.1119675e-11 -0.0013992464 0)
(-2.2246494e-10 -0.0035044799 0)
(-7.1264139e-10 -0.0049176493 0)
(1.1802528e-11 -0.0056293806 0)
(4.4295096e-11 -0.0056293806 0)
(7.5070769e-10 -0.0049176494 0)
(2.5941125e-10 -0.0035044801 0)
(7.4002106e-11 -0.0013992465 0)
(3.0608893e-11 -0.0013992463 0)
(-4.7046477e-10 -0.0035044797 0)
(-3.0380541e-10 -0.0049176492 0)
(-4.7710874e-10 -0.0056293807 0)
(5.2706258e-10 -0.0056293808 0)
(3.5714581e-10 -0.0049176494 0)
(4.9093441e-10 -0.0035044799 0)
(-1.7980347e-11 -0.0013992464 0)
(-6.9476525e-11 -0.0013992462 0)
(-2.0844654e-10 -0.0035044796 0)
(-6.8615548e-10 -0.0049176492 0)
(1.9802452e-11 -0.0056293809 0)
(3.4124935e-11 -0.0056293809 0)
(7.2199479e-10 -0.0049176494 0)
(2.440431e-10 -0.0035044797 0)
(7.1796067e-11 -0.0013992463 0)
(3.0351582e-11 -0.0013992461 0)
(-4.5274263e-10 -0.0035044794 0)
(-2.8315254e-10 -0.0049176492 0)
(-4.6324655e-10 -0.005629381 0)
(5.1089305e-10 -0.0056293811 0)
(3.3451544e-10 -0.0049176493 0)
(4.7158923e-10 -0.0035044796 0)
(-1.81136e-11 -0.0013992461 0)
(-6.7905411e-11 -0.001399246 0)
(-1.9487313e-10 -0.0035044792 0)
(-6.6078401e-10 -0.0049176492 0)
(2.7540463e-11 -0.0056293811 0)
(2.4152821e-11 -0.0056293812 0)
(6.9439456e-10 -0.0049176493 0)
(2.2914211e-10 -0.0035044794 0)
(6.9693291e-11 -0.001399246 0)
(3.0160861e-11 -0.0013992459 0)
(-4.3574595e-10 -0.0035044791 0)
(-2.6320483e-10 -0.0049176491 0)
(-4.5007074e-10 -0.0056293813 0)
(4.9537198e-10 -0.0056293813 0)
(3.1258412e-10 -0.0049176493 0)
(4.5301641e-10 -0.0035044792 0)
(-1.8292759e-11 -0.0013992459 0)
(-6.6401894e-11 -0.0013992458 0)
(-1.817308e-10 -0.0035044789 0)
(-6.3647327e-10 -0.0049176491 0)
(3.5034547e-11 -0.0056293814 0)
(1.439767e-11 -0.0056293815 0)
(6.6787789e-10 -0.0049176493 0)
(2.1470465e-10 -0.0035044791 0)
(6.7689106e-11 -0.0013992458 0)
(3.0031877e-11 -0.0013992457 0)
(-4.1944079e-10 -0.0035044788 0)
(-2.4393393e-10 -0.0049176491 0)
(-4.3753467e-10 -0.0056293815 0)
(4.8048695e-10 -0.0056293816 0)
(2.9134724e-10 -0.0049176492 0)
(4.3519053e-10 -0.0035044789 0)
(-1.851288e-11 -0.0013992457 0)
(-6.4961796e-11 -0.0013992456 0)
(-1.6900471e-10 -0.0035044786 0)
(-6.1316926e-10 -0.0049176491 0)
(4.2301942e-11 -0.0056293817 0)
(4.8744428e-12 -0.0056293817 0)
(6.4241194e-10 -0.0049176492 0)
(2.0072431e-10 -0.0035044788 0)
(6.5778822e-11 -0.0013992456 0)
(2.9959683e-11 -0.0013992455 0)
(-4.0379335e-10 -0.0035044785 0)
(-2.2531107e-10 -0.0049176491 0)
(-4.2559361e-10 -0.0056293818 0)
(4.6622267e-10 -0.0056293818 0)
(2.7079605e-10 -0.0049176492 0)
(4.1808438e-10 -0.0035044786 0)
(-1.8769335e-11 -0.0013992455 0)
(-6.3581342e-11 -0.0013992454 0)
(-1.566797e-10 -0.0035044784 0)
(-5.9081906e-10 -0.004917649 0)
(4.9358619e-11 -0.0056293819 0)
(-4.4054877e-12 -0.005629382 0)
(6.1796113e-10 -0.0049176492 0)
(1.8719263e-10 -0.0035044785 0)
(6.3957644e-11 -0.0013992454 0)
(2.993959e-11 -0.0013992453 0)
(-3.8877057e-10 -0.0035044782 0)
(-2.0730801e-10 -0.004917649 0)
(-4.1420538e-10 -0.005629382 0)
(4.5256156e-10 -0.0056293821 0)
(2.5091881e-10 -0.0049176492 0)
(4.0166964e-10 -0.0035044784 0)
(-1.9057891e-11 -0.0013992453 0)
(-6.2256775e-11 -0.0013992452 0)
(-1.4474082e-10 -0.0035044781 0)
(-5.6937134e-10 -0.004917649 0)
(5.621883e-11 -0.0056293821 0)
(-1.3433804e-11 -0.0056293822 0)
(5.9448819e-10 -0.0049176491 0)
(1.7409959e-10 -0.0035044782 0)
(6.2220868e-11 -0.0013992452 0)
(2.9966871e-11 -0.0013992451 0)
(-3.7434044e-10 -0.003504478 0)
(-1.8989751e-10 -0.004917649 0)
(-4.0333043e-10 -0.0056293823 0)
(4.3948401e-10 -0.0056293823 0)
(2.317015e-10 -0.0049176491 0)
(3.8591765e-10 -0.0035044781 0)
(-1.9374499e-11 -0.0013992451 0)
(-6.0984809e-11 -0.001399245 0)
(-1.3317368e-10 -0.0035044778 0)
(-5.4877715e-10 -0.004917649 0)
(6.2895133e-11 -0.0056293824 0)
(-2.2204921e-11 -0.0056293824 0)
(5.719549e-10 -0.0049176491 0)
(1.6143432e-10 -0.003504478 0)
(6.0563942e-11 -0.0013992451 0)
(3.003698e-11 -0.0013992449 0)
(-3.6047235e-10 -0.0035044777 0)
(-1.7305404e-10 -0.004917649 0)
(-3.9293238e-10 -0.0056293825 0)
(4.2696928e-10 -0.0056293825 0)
(2.1312851e-10 -0.0049176491 0)
(3.7079965e-10 -0.0035044778 0)
(-1.9715351e-11 -0.001399245 0)
(-5.9762243e-11 -0.0013992448 0)
(-1.2196478e-10 -0.0035044776 0)
(-5.2899022e-10 -0.0049176489 0)
(6.9397963e-11 -0.0056293826 0)
(-3.0715413e-11 -0.0056293826 0)
(5.503228e-10 -0.0049176491 0)
(1.4918545e-10 -0.0035044777 0)
(5.8982361e-11 -0.0013992449 0)
(3.0145499e-11 -0.0013992448 0)
(-3.4713748e-10 -0.0035044775 0)
(-1.5675381e-10 -0.0049176489 0)
(-3.8297768e-10 -0.0056293827 0)
(4.1499547e-10 -0.0056293827 0)
(1.9518331e-10 -0.004917649 0)
(3.5628741e-10 -0.0035044776 0)
(-2.007693e-11 -0.0013992448 0)
(-5.858606e-11 -0.0013992447 0)
(-1.1110147e-10 -0.0035044774 0)
(-5.0996736e-10 -0.0049176489 0)
(7.5736016e-11 -0.0056293828 0)
(-3.896381e-11 -0.0056293828 0)
(5.2955367e-10 -0.004917649 0)
(1.3734135e-10 -0.0035044775 0)
(5.7471744e-11 -0.0013992447 0)
(3.0288181e-11 -0.0013992446 0)
(-3.3430862e-10 -0.0035044773 0)
(-1.4097536e-10 -0.0049176489 0)
(-3.7343589e-10 -0.0056293829 0)
(4.0354022e-10 -0.0056293829 0)
(1.7784911e-10 -0.004917649 0)
(3.4235334e-10 -0.0035044774 0)
(-2.04559e-11 -0.0013992447 0)
(-5.7453533e-11 -0.0013992445 0)
(-1.0057239e-10 -0.0035044772 0)
(-4.9166842e-10 -0.0049176489 0)
(8.1915934e-11 -0.005629383 0)
(-4.6949829e-11 -0.005629383 0)
(5.0961028e-10 -0.004917649 0)
(1.2589063e-10 -0.0035044773 0)
(5.6027908e-11 -0.0013992446 0)
(3.046093e-11 -0.0013992445 0)
(-3.2196067e-10 -0.003504477 0)
(-1.2569943e-10 -0.0049176489 0)
(-3.642793e-10 -0.0056293831 0)
(3.9258099e-10 -0.0056293831 0)
(1.6110918e-10 -0.004917649 0)
(3.289711e-10 -0.0035044772 0)
(-2.084919e-11 -0.0013992445 0)
(-5.6361931e-11 -0.0013992444 0)
(-9.0367415e-11 -0.0035044769 0)
(-4.7405645e-10 -0.0049176489 0)
(8.7942518e-11 -0.0056293832 0)
(-5.4674296e-11 -0.0056293832 0)
(4.904566e-10 -0.004917649 0)
(1.1482235e-10 -0.003504477 0)
(5.4646699e-11 -0.0013992444 0)
(3.0659788e-11 -0.0013992443 0)
(-3.1007026e-10 -0.0035044768 0)
(-1.1090907e-10 -0.0049176488 0)
(-3.5548306e-10 -0.0056293833 0)
(3.8209536e-10 -0.0056293833 0)
(1.4494738e-10 -0.0049176489 0)
(3.1611536e-10 -0.0035044769 0)
(-2.1253863e-11 -0.0013992444 0)
(-5.5308837e-11 -0.0013992443 0)
(-8.0477654e-11 -0.0035044768 0)
(-4.5709768e-10 -0.0049176488 0)
(9.3818939e-11 -0.0056293833 0)
(-6.2138801e-11 -0.0056293834 0)
(4.7205823e-10 -0.0049176489 0)
(1.0412631e-10 -0.0035044769 0)
(5.3324244e-11 -0.0013992443 0)
(3.0880947e-11 -0.0013992442 0)
(-2.9861616e-10 -0.0035044767 0)
(-9.6589828e-11 -0.0049176488 0)
(-3.4702471e-10 -0.0056293834 0)
(3.7206133e-10 -0.0056293835 0)
(1.2934858e-10 -0.0049176489 0)
(3.0376244e-10 -0.0035044768 0)
(-2.1667061e-11 -0.0013992442 0)
(-5.4291921e-11 -0.0013992441 0)
(-7.0895727e-11 -0.0035044766 0)
(-4.4076152e-10 -0.0049176488 0)
(9.9546844e-11 -0.0056293835 0)
(-6.934496e-11 -0.0056293835 0)
(4.5438265e-10 -0.0049176489 0)
(9.3793079e-11 -0.0035044767 0)
(5.2056842e-11 -0.0013992442 0)
(3.1120766e-11 -0.0013992441 0)
(-2.8757897e-10 -0.0035044765 0)
(-8.2729399e-11 -0.0049176488 0)
(-3.3888421e-10 -0.0056293836 0)
(3.624577e-10 -0.0056293836 0)
(1.142987e-10 -0.0049176489 0)
(2.9189014e-10 -0.0035044766 0)
(-2.2086078e-11 -0.0013992441 0)
(-5.3308927e-11 -0.001399244 0)
(-6.1615401e-11 -0.0035044764 0)
(-4.2502041e-10 -0.0049176488 0)
(1.0512635e-10 -0.0056293837 0)
(-7.6294697e-11 -0.0056293837 0)
(4.373995e-10 -0.0049176489 0)
(8.3814352e-11 -0.0035044765 0)
(5.0840975e-11 -0.001399244 0)
(3.137567e-11 -0.001399244 0)
(-2.7694119e-10 -0.0035044763 0)
(-6.9317825e-11 -0.0049176488 0)
(-3.3104373e-10 -0.0056293837 0)
(3.5326408e-10 -0.0056293838 0)
(9.9785323e-11 -0.0049176489 0)
(2.8047804e-10 -0.0035044764 0)
(-2.2508299e-11 -0.001399244 0)
(-5.2357818e-11 -0.0013992439 0)
(-5.2631895e-11 -0.0035044762 0)
(-4.0984973e-10 -0.0049176488 0)
(1.1055643e-10 -0.0056293838 0)
(-8.2989703e-11 -0.0056293838 0)
(4.2108071e-10 -0.0049176489 0)
(7.4182959e-11 -0.0035044763 0)
(4.9673313e-11 -0.0013992439 0)
(3.1642284e-11 -0.0013992438 0)
(-2.6668709e-10 -0.0035044762 0)
(-5.6347397e-11 -0.0049176488 0)
(-3.2348737e-10 -0.0056293839 0)
(3.4446113e-10 -0.0056293839 0)
(8.5797487e-11 -0.0049176488 0)
(2.6950734e-10 -0.0035044762 0)
(-2.2931148e-11 -0.0013992439 0)
(-5.1436583e-11 -0.0013992438 0)
(-4.3941637e-11 -0.0035044761 0)
(-3.9522762e-10 -0.0049176488 0)
(1.158348e-10 -0.0056293839 0)
(-8.9431195e-11 -0.005629384 0)
(4.0540056e-10 -0.0049176488 0)
(6.4892816e-11 -0.0035044762 0)
(4.8550723e-11 -0.0013992438 0)
(3.1917312e-11 -0.0013992437 0)
(-2.5680288e-10 -0.003504476 0)
(-4.3812366e-11 -0.0049176488 0)
(-3.1620098e-10 -0.005629384 0)
(3.3603075e-10 -0.005629384 0)
(7.2326053e-11 -0.0049176488 0)
(2.5896106e-10 -0.0035044761 0)
(-2.3352142e-11 -0.0013992438 0)
(-5.0543388e-11 -0.0013992437 0)
(-3.5542437e-11 -0.0035044759 0)
(-3.8113505e-10 -0.0049176487 0)
(1.2095827e-10 -0.0056293841 0)
(-9.5620042e-11 -0.0056293841 0)
(3.9033587e-10 -0.0049176488 0)
(5.5939192e-11 -0.003504476 0)
(4.747025e-11 -0.0013992437 0)
(3.2197663e-11 -0.0013992436 0)
(-2.4727644e-10 -0.0035044759 0)
(-3.1709192e-11 -0.0049176487 0)
(-3.0917221e-10 -0.0056293841 0)
(3.2795623e-10 -0.0056293842 0)
(5.9363721e-11 -0.0049176488 0)
(2.4882395e-10 -0.0035044759 0)
(-2.3768913e-11 -0.0013992437 0)
(-4.9676529e-11 -0.0013992436 0)
(-2.7433225e-11 -0.0035044758 0)
(-3.6755554e-10 -0.0049176487 0)
(1.2592273e-10 -0.0056293842 0)
(-1.0155638e-10 -0.0056293842 0)
(3.7586593e-10 -0.0049176488 0)
(4.7318601e-11 -0.0035044759 0)
(4.6429134e-11 -0.0013992436 0)
(3.2480209e-11 -0.0013992436 0)
(-2.3809731e-10 -0.0035044757 0)
(-2.0036197e-11 -0.0049176487 0)
(-3.0239014e-10 -0.0056293843 0)
(3.2022215e-10 -0.0056293843 0)
(4.6905115e-11 -0.0049176488 0)
(2.3908269e-10 -0.0035044758 0)
(-2.4179003e-11 -0.0013992436 0)
(-4.8834358e-11 -0.0013992435 0)
(-1.9614324e-11 -0.0035044757 0)
(-3.544752e-10 -0.0049176487 0)
(1.3072324e-10 -0.0056293843 0)
(-1.0723956e-10 -0.0056293843 0)
(3.6197271e-10 -0.0049176488 0)
(3.9028945e-11 -0.0035044757 0)
(4.5424814e-11 -0.0013992435 0)
(3.2762004e-11 -0.0013992435 0)
(-2.2925675e-10 -0.0035044756 0)
(-8.7936194e-12 -0.0049176487 0)
(-2.958454e-10 -0.0056293844 0)
(3.1281457e-10 -0.0056293844 0)
(3.4946828e-11 -0.0049176488 0)
(2.2972569e-10 -0.0035044757 0)
(-2.4580111e-11 -0.0013992435 0)
(-4.8015382e-11 -0.0013992434 0)
(-1.2087061e-11 -0.0035044756 0)
(-3.4188249e-10 -0.0049176487 0)
(1.3535407e-10 -0.0056293844 0)
(-1.1266826e-10 -0.0056293845 0)
(3.4864064e-10 -0.0049176488 0)
(3.1069372e-11 -0.0035044756 0)
(4.4454963e-11 -0.0013992435 0)
(3.3040197e-11 -0.0013992434 0)
(-2.207476e-10 -0.0035044755 0)
(2.016633e-12 -0.0049176487 0)
(-2.8953002e-10 -0.0056293845 0)
(3.0572093e-10 -0.0056293845 0)
(2.3487186e-11 -0.0049176488 0)
(2.207431e-10 -0.0035044756 0)
(-2.4969864e-11 -0.0013992434 0)
(-4.7218178e-11 -0.0013992434 0)
(-4.8539303e-12 -0.0035044754 0)
(-3.297683e-10 -0.0049176487 0)
(1.3980887e-10 -0.0056293845 0)
(-1.1784065e-10 -0.0056293845 0)
(3.3585653e-10 -0.0049176487 0)
(2.3440256e-11 -0.0035044755 0)
(4.351737e-11 -0.0013992434 0)
(3.3312034e-11 -0.0013992433 0)
(-2.1256421e-10 -0.0035044754 0)
(1.2390734e-11 -0.0049176487 0)
(-2.8343747e-10 -0.0056293846 0)
(2.9893002e-10 -0.0056293846 0)
(1.2526361e-11 -0.0049176487 0)
(2.1212679e-10 -0.0035044754 0)
(-2.5346024e-11 -0.0013992433 0)
(-4.6441604e-11 -0.0013992433 0)
(2.0814993e-12 -0.0035044753 0)
(-3.1812583e-10 -0.0049176487 0)
(1.4408057e-10 -0.0056293846 0)
(-1.2275414e-10 -0.0056293846 0)
(3.2360965e-10 -0.0049176487 0)
(1.6143176e-11 -0.0035044754 0)
(4.2610109e-11 -0.0013992433 0)
(3.357483e-11 -0.0013992432 0)
(-2.0470252e-10 -0.0035044753 0)
(2.2323431e-11 -0.0049176487 0)
(-2.7756251e-10 -0.0056293847 0)
(2.9243191e-10 -0.0056293847 0)
(2.066059e-12 -0.0049176487 0)
(2.0387028e-10 -0.0035044753 0)
(-2.5706357e-11 -0.0013992433 0)
(-4.5684465e-11 -0.0013992432 0)
(8.7146245e-12 -0.0035044752 0)
(-3.0695046e-10 -0.0049176487 0)
(1.4816159e-10 -0.0056293847 0)
(-1.274058e-10 -0.0056293847 0)
(3.1189136e-10 -0.0049176487 0)
(9.1806304e-12 -0.0035044753 0)
(4.1731377e-11 -0.0013992432 0)
(3.382599e-11 -0.0013992432 0)
(-1.9716e-10 -0.0035044752 0)
(3.180792e-11 -0.0049176486 0)
(-2.7190139e-10 -0.0056293847 0)
(2.8621791e-10 -0.0056293848 0)
(-7.8906074e-12 -0.0049176487 0)
(1.9596857e-10 -0.0035044752 0)
(-2.6048699e-11 -0.0013992432 0)
(-4.4945845e-11 -0.0013992431 0)
(1.503999e-11 -0.0035044751 0)
(-2.9623994e-10 -0.0049176486 0)
(1.520435e-10 -0.0056293848 0)
(-1.3179234e-10 -0.0056293848 0)
(3.0069524e-10 -0.0049176487 0)
(2.5560993e-12 -0.0035044752 0)
(4.0879628e-11 -0.0013992432 0)
(3.406313e-11 -0.0013992431 0)
(-1.8993537e-10 -0.0035044751 0)
(4.0835826e-11 -0.0049176486 0)
(-2.66452e-10 -0.0056293848 0)
(2.8028023e-10 -0.0056293848 0)
(-1.7339468e-11 -0.0049176487 0)
(1.8841802e-10 -0.0035044751 0)
(-2.6370916e-11 -0.0013992431 0)
(-4.4224899e-11 -0.0013992431 0)
(2.1051405e-11 -0.0035044751 0)
(-2.8599402e-10 -0.0049176486 0)
(1.5571728e-10 -0.0056293849 0)
(-1.3591084e-10 -0.0056293849 0)
(2.9001626e-10 -0.0049176487 0)
(-3.7262087e-12 -0.0035044751 0)
(4.0053525e-11 -0.0013992431 0)
(3.4283947e-11 -0.0013992431 0)
(-1.8302889e-10 -0.003504475 0)
(4.9397747e-11 -0.0049176486 0)
(-2.6121381e-10 -0.0056293849 0)
(2.7461151e-10 -0.0056293849 0)
(-2.6275819e-11 -0.0049176487 0)
(1.8121627e-10 -0.0035044751 0)
(-2.6671073e-11 -0.0013992431 0)
(-4.3520998e-11 -0.001399243 0)
(2.6741866e-11 -0.003504475 0)
(-2.7621462e-10 -0.0049176486 0)
(1.5917332e-10 -0.0056293849 0)
(-1.397589e-10 -0.0056293849 0)
(2.7985072e-10 -0.0049176487 0)
(-9.6619215e-12 -0.003504475 0)
(3.925188e-11 -0.001399243 0)
(3.4486223e-11 -0.001399243 0)
(-1.76442e-10 -0.0035044749 0)
(5.7483036e-11 -0.0049176486 0)
(-2.5618825e-10 -0.005629385 0)
(2.6920504e-10 -0.005629385 0)
(-3.4694943e-11 -0.0049176487 0)
(1.7436168e-10 -0.003504475 0)
(-2.6947286e-11 -0.001399243 0)
(-4.2833641e-11 -0.001399243 0)
(3.2104011e-11 -0.0035044749 0)
(-2.6690569e-10 -0.0049176486 0)
(1.6240106e-10 -0.005629385 0)
(-1.4333511e-10 -0.005629385 0)
(2.7019569e-10 -0.0049176486 0)
(-1.5246582e-11 -0.0035044749 0)
(3.8473703e-11 -0.001399243 0)
(3.4668019e-11 -0.001399243 0)
(-1.7017731e-10 -0.0035044749 0)
(6.5080007e-11 -0.0049176486 0)
(-2.5137864e-10 -0.005629385 0)
(2.640537e-10 -0.005629385 0)
(-4.2592587e-11 -0.0049176486 0)
(1.6785325e-10 -0.0035044749 0)
(-2.7197927e-11 -0.001399243 0)
(-4.2162543e-11 -0.0013992429 0)
(3.7130105e-11 -0.0035044748 0)
(-2.580731e-10 -0.0049176486 0)
(1.6538893e-10 -0.005629385 0)
(-1.4663968e-10 -0.0056293851 0)
(2.610485e-10 -0.0049176486 0)
(-2.0476098e-11 -0.0035044749 0)
(3.7718209e-11 -0.0013992429 0)
(3.4827631e-11 -0.0013992429 0)
(-1.642385e-10 -0.0035044748 0)
(7.2176328e-11 -0.0049176486 0)
(-2.4679084e-10 -0.0056293851 0)
(2.5914986e-10 -0.0056293851 0)
(-4.9965881e-11 -0.0049176486 0)
(1.6169042e-10 -0.0035044748 0)
(-2.7421588e-11 -0.0013992429 0)
(-4.1507549e-11 -0.0013992429 0)
(4.1812379e-11 -0.0035044748 0)
(-2.497247e-10 -0.0049176486 0)
(1.6812448e-10 -0.0056293851 0)
(-1.4967531e-10 -0.0056293851 0)
(2.524059e-10 -0.0049176486 0)
(-2.5347317e-11 -0.0035044748 0)
(3.6984755e-11 -0.0013992429 0)
(3.4963453e-11 -0.0013992429 0)
(-1.5863015e-10 -0.0035044747 0)
(7.8759268e-11 -0.0049176486 0)
(-2.4243316e-10 -0.0056293851 0)
(2.5448449e-10 -0.0056293851 0)
(-5.6814236e-11 -0.0049176486 0)
(1.5587219e-10 -0.0035044748 0)
(-2.7617114e-11 -0.0013992429 0)
(-4.0868814e-11 -0.0013992428 0)
(4.6143064e-11 -0.0035044747 0)
(-2.418699e-10 -0.0049176486 0)
(1.7059411e-10 -0.0056293851 0)
(-1.5244788e-10 -0.0056293852 0)
(2.4426338e-10 -0.0049176486 0)
(-2.9858568e-11 -0.0035044747 0)
(3.6272993e-11 -0.0013992429 0)
(3.5074271e-11 -0.0013992428 0)
(-1.5335771e-10 -0.0035044747 0)
(8.4815536e-11 -0.0049176486 0)
(-2.3831679e-10 -0.0056293852 0)
(2.5004684e-10 -0.0056293852 0)
(-6.3140105e-11 -0.0049176486 0)
(1.5039705e-10 -0.0035044747 0)
(-2.7783723e-11 -0.0013992428 0)
(-4.0246607e-11 -0.0013992428 0)
(5.0114912e-11 -0.0035044746 0)
(-2.3452001e-10 -0.0049176486 0)
(1.7278285e-10 -0.0056293852 0)
(-1.5496712e-10 -0.0056293852 0)
(2.3661437e-10 -0.0049176486 0)
(-3.4010127e-11 -0.0035044747 0)
(3.5582572e-11 -0.0013992428 0)
(3.5159129e-11 -0.0013992428 0)
(-1.4842717e-10 -0.0035044746 0)
(9.0332111e-11 -0.0049176486 0)
(-2.3445604e-10 -0.0056293852 0)
(2.4582349e-10 -0.0056293852 0)
(-6.8950182e-11 -0.0049176486 0)
(1.4526225e-10 -0.0035044746 0)
(-2.7921035e-11 -0.0013992428 0)
(-3.9641472e-11 -0.0013992428 0)
(5.3721345e-11 -0.0035044746 0)
(-2.2768743e-10 -0.0049176485 0)
(1.7467452e-10 -0.0056293852 0)
(-1.5724757e-10 -0.0056293852 0)
(2.2944921e-10 -0.0049176486 0)
(-3.7805089e-11 -0.0035044746 0)
(3.4913338e-11 -0.0013992428 0)
(3.5217363e-11 -0.0013992427 0)
(-1.4384475e-10 -0.0035044746 0)
(9.529642e-11 -0.0049176485 0)
(-2.3086836e-10 -0.0056293852 0)
(2.4179791e-10 -0.0056293853 0)
(-7.425628e-11 -0.0049176486 0)
(1.4046333e-10 -0.0035044746 0)
(-2.8029197e-11 -0.0013992428 0)
(-3.9054201e-11 -0.0013992427 0)
(5.6956936e-11 -0.0035044745 0)
(-2.2138567e-10 -0.0049176485 0)
(1.7625178e-10 -0.0056293853 0)
(-1.593093e-10 -0.0056293853 0)
(2.2275439e-10 -0.0049176486 0)
(-4.1249735e-11 -0.0035044746 0)
(3.4265171e-11 -0.0013992427 0)
(3.5248776e-11 -0.0013992427 0)
(-1.3961676e-10 -0.0035044745 0)
(9.9697044e-11 -0.0049176485 0)
(-2.275745e-10 -0.0056293853 0)
(2.3794982e-10 -0.0056293853 0)
(-7.9076423e-11 -0.0049176485 0)
(1.3599345e-10 -0.0035044745 0)
(-2.8108878e-11 -0.0013992427 0)
(-3.8485773e-11 -0.0013992427 0)
(5.9817744e-11 -0.0035044745 0)
(-2.1562858e-10 -0.0049176485 0)
(1.774963e-10 -0.0056293853 0)
(-1.6117839e-10 -0.0056293853 0)
(2.1651166e-10 -0.0049176485 0)
(-4.4354473e-11 -0.0035044745 0)
(3.3638088e-11 -0.0013992427 0)
(3.5253483e-11 -0.0013992427 0)
(-1.3574897e-10 -0.0035044745 0)
(1.0352441e-10 -0.0049176485 0)
(-2.2459787e-10 -0.0056293853 0)
(2.3425477e-10 -0.0056293853 0)
(-8.3435657e-11 -0.0049176485 0)
(1.3184292e-10 -0.0035044745 0)
(-2.8161368e-11 -0.0013992427 0)
(-3.7937419e-11 -0.0013992427 0)
(6.2302176e-11 -0.0035044744 0)
(-2.1042943e-10 -0.0049176485 0)
(1.783894e-10 -0.0056293853 0)
(-1.6288738e-10 -0.0056293853 0)
(2.1069719e-10 -0.0049176485 0)
(-4.7134204e-11 -0.0035044745 0)
(3.3032053e-11 -0.0013992427 0)
(3.5232138e-11 -0.0013992427 0)
(-1.3224601e-10 -0.0035044744 0)
(1.0677203e-10 -0.0049176485 0)
(-2.2196409e-10 -0.0056293853 0)
(2.306843e-10 -0.0056293853 0)
(-8.7366716e-11 -0.0049176485 0)
(1.2799854e-10 -0.0035044744 0)
(-2.8188661e-11 -0.0013992427 0)
(-3.7410594e-11 -0.0013992426 0)
(6.4411486e-11 -0.0035044744 0)
(-2.0579981e-10 -0.0049176485 0)
(1.7891326e-10 -0.0056293853 0)
(-1.6447478e-10 -0.0056293853 0)
(2.0528129e-10 -0.0049176485 0)
(-4.9609042e-11 -0.0035044744 0)
(3.2447058e-11 -0.0013992426 0)
(3.5185821e-11 -0.0013992426 0)
(-1.2911051e-10 -0.0035044744 0)
(1.0943807e-10 -0.0049176485 0)
(-2.1969924e-10 -0.0056293854 0)
(2.2720633e-10 -0.0056293854 0)
(-9.0910315e-11 -0.0049176485 0)
(1.2444329e-10 -0.0035044744 0)
(-2.8193418e-11 -0.0013992426 0)
(-3.6906737e-11 -0.0013992426 0)
(6.6151007e-11 -0.0035044744 0)
(-2.0174725e-10 -0.0049176485 0)
(1.7905278e-10 -0.0056293854 0)
(-1.6598427e-10 -0.0056293854 0)
(2.00228e-10 -0.0049176485 0)
(-5.1804374e-11 -0.0035044744 0)
(3.1882883e-11 -0.0013992426 0)
(3.5116278e-11 -0.0013992426 0)
(-1.2634157e-10 -0.0035044743 0)
(1.1152788e-10 -0.0049176485 0)
(-2.1782734e-10 -0.0056293854 0)
(2.2378661e-10 -0.0056293854 0)
(-9.4115021e-11 -0.0049176485 0)
(1.2115572e-10 -0.0035044744 0)
(-2.8179038e-11 -0.0013992426 0)
(-3.6427455e-11 -0.0013992426 0)
(6.7531671e-11 -0.0035044743 0)
(-1.9827235e-10 -0.0049176485 0)
(1.7879865e-10 -0.0056293854 0)
(-1.6746282e-10 -0.0056293854 0)
(1.9549582e-10 -0.0049176485 0)
(-5.3751314e-11 -0.0035044743 0)
(3.1339152e-11 -0.0013992426 0)
(3.5025898e-11 -0.0013992426 0)
(-1.2393309e-10 -0.0035044743 0)
(1.1305718e-10 -0.0049176485 0)
(-2.1636667e-10 -0.0056293854 0)
(2.2039086e-10 -0.0056293854 0)
(-9.7035916e-11 -0.0049176485 0)
(1.1811019e-10 -0.0035044743 0)
(-2.8149781e-11 -0.0013992426 0)
(-3.5973994e-11 -0.0013992426 0)
(6.8572184e-11 -0.0035044743 0)
(-1.9536483e-10 -0.0049176485 0)
(1.7815122e-10 -0.0056293854 0)
(-1.6895712e-10 -0.0056293854 0)
(1.9103885e-10 -0.0049176485 0)
(-5.548596e-11 -0.0035044743 0)
(3.0815068e-11 -0.0013992426 0)
(3.4918036e-11 -0.0013992426 0)
(-1.2187104e-10 -0.0035044743 0)
(1.1405668e-10 -0.0049176484 0)
(-2.1532448e-10 -0.0056293854 0)
(2.169887e-10 -0.0056293854 0)
(-9.9732731e-11 -0.0049176485 0)
(1.1527703e-10 -0.0035044743 0)
(-2.8110585e-11 -0.0013992426 0)
(-3.5547097e-11 -0.0013992425 0)
(6.9301403e-11 -0.0035044742 0)
(-1.9299797e-10 -0.0049176484 0)
(1.7712678e-10 -0.0056293854 0)
(-1.7050874e-10 -0.0056293854 0)
(1.8680909e-10 -0.0049176484 0)
(-5.7048969e-11 -0.0035044743 0)
(3.0309559e-11 -0.0013992425 0)
(3.4797159e-11 -0.0013992425 0)
(-1.2013041e-10 -0.0035044742 0)
(1.1457752e-10 -0.0049176484 0)
(-2.1468969e-10 -0.0056293854 0)
(2.1355909e-10 -0.0056293854 0)
(-1.0226623e-10 -0.0049176484 0)
(1.1262312e-10 -0.0035044742 0)
(-2.8067026e-11 -0.0013992425 0)
(-3.5146524e-11 -0.0013992425 0)
(6.976177e-11 -0.0035044742 0)
(-1.9112215e-10 -0.0049176484 0)
(1.7576472e-10 -0.0056293854 0)
(-1.7214706e-10 -0.0056293854 0)
(1.8276027e-10 -0.0049176484 0)
(-5.8483898e-11 -0.0035044742 0)
(2.9820889e-11 -0.0013992425 0)
(3.4669223e-11 -0.0013992425 0)
(-1.1867129e-10 -0.0035044742 0)
(1.1469781e-10 -0.0049176484 0)
(-2.1442406e-10 -0.0056293854 0)
(2.1009754e-10 -0.0056293854 0)
(-1.0469311e-10 -0.0049176484 0)
(1.1011377e-10 -0.0035044742 0)
(-2.8025242e-11 -0.0013992425 0)
(-3.4770419e-11 -0.0013992425 0)
(7.0012647e-11 -0.0035044742 0)
(-1.8965716e-10 -0.0049176484 0)
(1.741363e-10 -0.0056293854 0)
(-1.7388037e-10 -0.0056293854 0)
(1.7885319e-10 -0.0049176484 0)
(-5.9834482e-11 -0.0035044742 0)
(2.9346859e-11 -0.0013992425 0)
(3.4542025e-11 -0.0013992425 0)
(-1.1743471e-10 -0.0035044742 0)
(1.1452972e-10 -0.0049176484 0)
(-2.1445226e-10 -0.0056293854 0)
(2.0662498e-10 -0.0056293854 0)
(-1.0705889e-10 -0.0049176484 0)
(1.0771481e-10 -0.0035044742 0)
(-2.7991496e-11 -0.0013992425 0)
(-3.4414566e-11 -0.0013992425 0)
(7.0133803e-11 -0.0035044741 0)
(-1.8848471e-10 -0.0049176484 0)
(1.7235356e-10 -0.0056293854 0)
(-1.7568515e-10 -0.0056293855 0)
(1.7506266e-10 -0.0049176484 0)
(-6.1141378e-11 -0.0035044742 0)
(2.8884428e-11 -0.0013992425 0)
(3.4425529e-11 -0.0013992425 0)
(-1.1633851e-10 -0.0035044741 0)
(1.1422447e-10 -0.0049176484 0)
(-2.146518e-10 -0.0056293855 0)
(2.0319733e-10 -0.0056293855 0)
(-1.0938861e-10 -0.0049176484 0)
(1.0539554e-10 -0.0035044741 0)
(-2.7972081e-11 -0.0013992425 0)
(-3.4071251e-11 -0.0013992425 0)
(7.0227212e-11 -0.0035044741 0)
(-1.8744234e-10 -0.0049176484 0)
(1.7057594e-10 -0.0056293855 0)
(-1.7749425e-10 -0.0056293855 0)
(1.7138538e-10 -0.0049176484 0)
(-6.2437164e-11 -0.0035044741 0)
(2.8429619e-11 -0.0013992425 0)
(3.4331909e-11 -0.0013992424 0)
(-1.1527415e-10 -0.0035044741 0)
(1.1397363e-10 -0.0049176484 0)
(-2.1484496e-10 -0.0056293855 0)
(1.9991339e-10 -0.0056293855 0)
(-1.1167585e-10 -0.0049176484 0)
(1.0313203e-10 -0.0035044741 0)
(-2.7972437e-11 -0.0013992425 0)
(-3.3727518e-11 -0.0013992424 0)
(7.0415603e-11 -0.0035044741 0)
(-1.8632118e-10 -0.0049176484 0)
(1.6901098e-10 -0.0056293855 0)
(-1.7918556e-10 -0.0056293855 0)
(1.6784743e-10 -0.0049176484 0)
(-6.3740019e-11 -0.0035044741 0)
(2.7976415e-11 -0.0013992424 0)
(3.4274976e-11 -0.0013992424 0)
(-1.1410587e-10 -0.003504474 0)
(1.1400108e-10 -0.0049176483 0)
(-2.1479524e-10 -0.0056293855 0)
(1.9691858e-10 -0.0056293855 0)
(-1.1386966e-10 -0.0049176484 0)
(1.0090944e-10 -0.0035044741 0)
(-2.7996671e-11 -0.0013992424 0)
(-3.3362711e-11 -0.0013992424 0)
(7.0834244e-11 -0.003504474 0)
(-1.8487132e-10 -0.0049176483 0)
(1.6790357e-10 -0.0056293855 0)
(-1.8057129e-10 -0.0056293855 0)
(1.6450979e-10 -0.0049176484 0)
(-6.5045682e-11 -0.0035044741 0)
(2.75149e-11 -0.0013992424 0)
(3.4268521e-11 -0.0013992424 0)
(-1.1267383e-10 -0.003504474 0)
(1.1453894e-10 -0.0049176483 0)
(-2.1421244e-10 -0.0056293855 0)
(1.9440051e-10 -0.0056293855 0)
(-1.1585723e-10 -0.0049176484 0)
(9.8722938e-11 -0.003504474 0)
(-2.8046237e-11 -0.0013992424 0)
(-3.2944497e-11 -0.0013992424 0)
(7.1610827e-11 -0.003504474 0)
(-1.8282009e-10 -0.0049176483 0)
(1.6750465e-10 -0.0056293855 0)
(-1.8138727e-10 -0.0056293855 0)
(1.6147295e-10 -0.0049176483 0)
(-6.6314549e-11 -0.003504474 0)
(2.7026771e-11 -0.0013992424 0)
(3.432255e-11 -0.0013992424 0)
(-1.1080544e-10 -0.003504474 0)
(1.1577447e-10 -0.0049176483 0)
(-2.1277026e-10 -0.0056293855 0)
(1.9257524e-10 -0.0056293855 0)
(-1.1743494e-10 -0.0049176483 0)
(9.6578784e-11 -0.003504474 0)
(-2.8118315e-11 -0.0013992424 0)
(-3.2423034e-11 -0.0013992424 0)
(7.2823396e-11 -0.003504474 0)
(-1.7991506e-10 -0.0049176483 0)
(1.6800966e-10 -0.0056293855 0)
(-1.8127521e-10 -0.0056293855 0)
(1.5888835e-10 -0.0049176483 0)
(-6.7446143e-11 -0.003504474 0)
(2.6478572e-11 -0.0013992424 0)
(3.4435959e-11 -0.0013992424 0)
(-1.0834613e-10 -0.0035044739 0)
(1.1774755e-10 -0.0049176483 0)
(-2.1014375e-10 -0.0056293855 0)
(1.9167047e-10 -0.0056293855 0)
(-1.1824724e-10 -0.0049176483 0)
(9.4506404e-11 -0.003504474 0)
(-2.8201817e-11 -0.0013992424 0)
(-3.1724369e-11 -0.0013992423 0)
(7.441488e-11 -0.0035044739 0)
(-1.7601767e-10 -0.0049176483 0)
(1.6945174e-10 -0.0056293855 0)
(-1.7973934e-10 -0.0056293855 0)
(1.5700629e-10 -0.0049176483 0)
(-6.8219702e-11 -0.003504474 0)
(2.5813107e-11 -0.0013992424 0)
(3.4582535e-11 -0.0013992423 0)
(-1.0524051e-10 -0.0035044739 0)
(1.2015413e-10 -0.0049176483 0)
(-2.0608298e-10 -0.0056293855 0)
(1.9193284e-10 -0.0056293855 0)
(-1.176425e-10 -0.0049176483 0)
(9.2614542e-11 -0.003504474 0)
(-2.8268542e-11 -0.0013992424 0)
(-3.0749634e-11 -0.0013992423 0)
(7.6017418e-11 -0.0035044739 0)
(-1.7131559e-10 -0.0049176482 0)
(1.7152654e-10 -0.0056293855 0)
(-1.76037e-10 -0.0056293855 0)
(1.5633966e-10 -0.0049176483 0)
(-6.8146191e-11 -0.0035044739 0)
(2.4945668e-11 -0.0013992424 0)
(3.4681492e-11 -0.0013992423 0)
(-1.017434e-10 -0.0035044739 0)
(1.2196298e-10 -0.0049176482 0)
(-2.0056797e-10 -0.0056293855 0)
(1.9372785e-10 -0.0056293855 0)
(-1.1433394e-10 -0.0049176483 0)
(9.1281758e-11 -0.0035044739 0)
(-2.8249422e-11 -0.0013992424 0)
(-2.9399297e-11 -0.0013992423 0)
(7.6575126e-11 -0.0035044739 0)
(-1.6681161e-10 -0.0049176482 0)
(1.7330134e-10 -0.0056293855 0)
(-1.6892445e-10 -0.0056293855 0)
(1.5812756e-10 -0.0049176483 0)
(-6.6110315e-11 -0.0035044739 0)
(2.3786613e-11 -0.0013992423 0)
(3.4530188e-11 -0.0013992423 0)
(-9.8952268e-11 -0.0035044738 0)
(1.2064025e-10 -0.0049176482 0)
(-1.9415376e-10 -0.0056293855 0)
(1.9788062e-10 -0.0056293855 0)
(-1.0563108e-10 -0.0049176483 0)
(9.1685536e-11 -0.0035044739 0)
(-2.7971506e-11 -0.0013992423 0)
(-2.7674325e-11 -0.0013992423 0)
(7.351486e-11 -0.0035044738 0)
(-1.6544291e-10 -0.0049176482 0)
(1.7270899e-10 -0.0056293855 0)
(-1.561155e-10 -0.0056293855 0)
(1.6548087e-10 -0.0049176483 0)
(-5.9533438e-11 -0.0035044739 0)
(2.2343142e-11 -0.0013992423 0)
(3.3639019e-11 -0.0013992423 0)
(-1.0008142e-10 -0.0035044738 0)
(1.1055411e-10 -0.0049176482 0)
(-1.8874883e-10 -0.0056293855 0)
(2.0653797e-10 -0.0056293855 0)
(-8.578537e-11 -0.0049176482 0)
(9.7106324e-11 -0.0035044739 0)
(-2.6992633e-11 -0.0013992423 0)
(-2.5972225e-11 -0.0013992423 0)
(6.0932773e-11 -0.0035044738 0)
(-1.7453994e-10 -0.0049176482 0)
(1.6561326e-10 -0.0056293855 0)
(-1.3321729e-10 -0.0056293855 0)
(1.8594095e-10 -0.0049176482 0)
(-4.2512767e-11 -0.0035044738 0)
(2.1020193e-11 -0.0013992423 0)
(3.0827185e-11 -0.0013992423 0)
(-1.1331906e-10 -0.0035044738 0)
(7.9744228e-11 -0.0049176482 0)
(-1.8930656e-10 -0.0056293855 0)
(2.2502863e-10 -0.0056293855 0)
(-4.2625138e-11 -0.0049176482 0)
(1.1585207e-10 -0.0035044738 0)
(-2.4189297e-11 -0.0013992423 0)
(-2.5827245e-11 -0.0013992423 0)
(2.5779945e-11 -0.0035044737 0)
(-2.1089102e-10 -0.0049176482 0)
(1.4407079e-10 -0.0056293855 0)
(-9.1798825e-11 -0.0056293855 0)
(2.3670146e-10 -0.0049176482 0)
(-1.9219923e-12 -0.0035044738 0)
(2.1370116e-11 -0.0013992423 0)
(2.3286562e-11 -0.0013992422 0)
(-1.5775732e-10 -0.0035044737 0)
(3.7561295e-12 -0.0049176482 0)
(-2.0720608e-10 -0.0056293855 0)
(2.6544165e-10 -0.0056293856 0)
(4.8776324e-11 -0.0049176482 0)
(1.6727472e-10 -0.0035044737 0)
(-1.6802759e-11 -0.0013992423 0)
(-3.1572456e-11 -0.0013992422 0)
(-5.9544612e-11 -0.0035044737 0)
(-3.1023922e-10 -0.0049176482 0)
(9.337858e-11 -0.0056293856 0)
(-1.6268094e-11 -0.0056293856 0)
(3.5423419e-10 -0.0049176482 0)
(9.008799e-11 -0.0035044737 0)
(2.7766259e-11 -0.0013992422 0)
(4.6333137e-12 -0.0013992422 0)
(-2.7450284e-10 -0.0035044736 0)
(-1.647271e-10 -0.0049176482 0)
(-2.6625135e-10 -0.0056293857 0)
(3.5269018e-10 -0.0056293857 0)
(2.3653924e-10 -0.0049176482 0)
(2.9292856e-10 -0.0035044736 0)
(1.5364511e-12 -0.0013992422 0)
(-5.3719969e-11 -0.0013992421 0)
(-2.4964363e-10 -0.0035044735 0)
(-5.4255955e-10 -0.0049176482 0)
(-1.1794011e-11 -0.0056293858 0)
(1.1989137e-10 -0.0056293858 0)
(6.0949646e-10 -0.0049176482 0)
(2.8856358e-10 -0.0035044735 0)
(5.079065e-11 -0.0013992421 0)
(-3.8527566e-11 -0.001399242 0)
(-5.4434342e-10 -0.0035044734 0)
(-5.0892168e-10 -0.0049176483 0)
(-4.113297e-10 -0.005629386 0)
(5.3283707e-10 -0.005629386 0)
(6.0480768e-10 -0.0049176482 0)
(5.7414947e-10 -0.0035044733 0)
(4.4279576e-11 -0.001399242 0)
(-1.1502339e-10 -0.0013992418 0)
(-6.4142483e-10 -0.0035044732 0)
(-1.0295592e-09 -0.0049176483 0)
(-2.0846749e-10 -0.0056293863 0)
(3.545863e-10 -0.0056293863 0)
(1.1249594e-09 -0.0049176482 0)
(6.9091025e-10 -0.0035044732 0)
(1.1329283e-10 -0.0013992418 0)
(-1.3107786e-10 -0.0013992416 0)
(-1.1071037e-09 -0.0035044729 0)
(-1.1507457e-09 -0.0049176484 0)
(-7.1537791e-10 -0.0056293867 0)
(8.7902187e-10 -0.0056293867 0)
(1.275838e-09 -0.0049176483 0)
(1.1510798e-09 -0.0035044728 0)
(1.3647058e-10 -0.0013992416 0)
(-2.5925962e-10 -0.0013992412 0)
(-1.3762737e-09 -0.0035044726 0)
(-1.9431894e-09 -0.0049176485 0)
(-5.300558e-10 -0.0056293873 0)
(7.2032781e-10 -0.0056293873 0)
(2.0720363e-09 -0.0049176484 0)
(1.4386727e-09 -0.0035044725 0)
(2.5914684e-10 -0.0013992412 0)
(-3.1118977e-10 -0.0013992408 0)
(-2.1565767e-09 -0.003504472 0)
(-2.1993213e-09 -0.0049176488 0)
(-1.2668343e-09 -0.005629388 0)
(1.4770899e-09 -0.005629388 0)
(2.357215e-09 -0.0049176486 0)
(2.2170096e-09 -0.0035044719 0)
(3.1658138e-10 -0.0013992407 0)
(-5.5841444e-10 -0.00139924 0)
(-2.5780926e-09 -0.0035044716 0)
(-3.4184924e-09 -0.0049176489 0)
(-9.3929056e-10 -0.0056293892 0)
(1.1751828e-09 -0.0056293891 0)
(3.5823825e-09 -0.0049176488 0)
(2.6549978e-09 -0.0035044714 0)
(5.603974e-10 -0.0013992399 0)
(-6.1853728e-10 -0.0013992392 0)
(-3.8342723e-09 -0.0035044706 0)
(-3.537493e-09 -0.0049176495 0)
(-2.0886988e-09 -0.0056293904 0)
(2.3425258e-09 -0.0056293903 0)
(3.7268216e-09 -0.0049176493 0)
(3.911422e-09 -0.0035044704 0)
(6.2474009e-10 -0.0013992391 0)
(-1.1026843e-09 -0.0013992378 0)
(-4.1117128e-09 -0.00350447 0)
(-5.2271618e-09 -0.0049176498 0)
(-1.1396014e-09 -0.0056293921 0)
(1.4121185e-09 -0.0056293919 0)
(5.4199145e-09 -0.0049176496 0)
(4.2024659e-09 -0.0035044697 0)
(1.1072045e-09 -0.0013992377 0)
(-1.047335e-09 -0.0013992365 0)
(-5.8591214e-09 -0.0035044686 0)
(-4.2475047e-09 -0.0049176509 0)
(-2.8889779e-09 -0.0056293937 0)
(3.1692693e-09 -0.0056293937 0)
(4.457395e-09 -0.0049176505 0)
(5.9491774e-09 -0.0035044683 0)
(1.0557361e-09 -0.0013992363 0)
(-1.9384852e-09 -0.0013992344 0)
(-4.9699625e-09 -0.0035044681 0)
(-5.9486655e-09 -0.0049176513 0)
(-1.6453188e-10 -0.0056293959 0)
(4.4768443e-10 -0.0056293956 0)
(6.1514589e-09 -0.004917651 0)
(5.0699261e-09 -0.0035044677 0)
(1.9457693e-09 -0.0013992343 0)
(-1.4350888e-09 -0.0013992327 0)
(-6.6487001e-09 -0.0035044669 0)
(-1.4212136e-09 -0.0049176531 0)
(-2.4957248e-09 -0.005629397 0)
(2.7653316e-09 -0.005629397 0)
(1.6272419e-09 -0.0049176526 0)
(6.7418355e-09 -0.0035044665 0)
(1.4476175e-09 -0.0013992325 0)
(-2.9033608e-09 -0.0013992305 0)
(-2.0915863e-09 -0.0035044677 0)
(-1.3561682e-09 -0.0049176536 0)
(4.3319493e-09 -0.0056293979 0)
(-4.0854346e-09 -0.0056293976 0)
(1.534314e-09 -0.0049176533 0)
(2.1908078e-09 -0.0035044671 0)
(2.9130785e-09 -0.0013992303 0)
(-1.2688334e-09 -0.0013992296 0)
(-1.7479967e-09 -0.0035044685 0)
(1.1758241e-08 -0.0049176559 0)
(2.1224978e-09 -0.0056293959 0)
(-1.9226389e-09 -0.0056293958 0)
(-1.1595362e-08 -0.0049176553 0)
(1.8273207e-09 -0.003504468 0)
(1.2875197e-09 -0.0013992293 0)
(-3.3256095e-09 -0.0013992291 0)
(1.1360712e-08 -0.0035044735 0)
(1.7952491e-08 -0.0049176562 0)
(1.7001104e-08 -0.005629391 0)
(-1.6858114e-08 -0.0056293907 0)
(-1.7848408e-08 -0.0049176558 0)
(-1.1277877e-08 -0.0035044729 0)
(3.3362194e-09 -0.0013992288 0)
(5.611627e-10 -0.0013992321 0)
(1.8187665e-08 -0.0035044809 0)
(4.8213596e-08 -0.0049176581 0)
(1.7063963e-08 -0.0056293789 0)
(-1.7008737e-08 -0.0056293788 0)
(-4.8143843e-08 -0.0049176575 0)
(-1.8145674e-08 -0.0035044804 0)
(-5.3534517e-10 -0.0013992318 0)
(-1.6547623e-09 -0.0013992383 0)
(4.7605299e-08 -0.0035044966 0)
(6.8738129e-08 -0.0049176569 0)
(4.5497733e-08 -0.0056293582 0)
(-4.5533785e-08 -0.0056293578 0)
(-6.8764697e-08 -0.0049176565 0)
(-4.7559588e-08 -0.0035044959 0)
(1.6623696e-09 -0.001399238 0)
(5.9377632e-09 -0.0013992521 0)
(6.8665879e-08 -0.0035045196 0)
(1.2791963e-07 -0.0049176562 0)
(5.2133704e-08 -0.0056293223 0)
(-5.2297733e-08 -0.0056293222 0)
(-1.2799378e-07 -0.0049176556 0)
(-6.8689632e-08 -0.0035045191 0)
(-5.9069699e-09 -0.0013992518 0)
(4.7264376e-09 -0.0013992747 0)
(1.2409562e-07 -0.0035045572 0)
(1.747492e-07 -0.004917651 0)
(1.0000597e-07 -0.0056292675 0)
(-1.0028496e-07 -0.0056292672 0)
(-1.7495725e-07 -0.0049176506 0)
(-1.2411214e-07 -0.0035045566 0)
(-4.7295114e-09 -0.0013992744 0)
(1.7391735e-08 -0.0013993115 0)
(1.6954297e-07 -0.0035046106 0)
(2.7485723e-07 -0.0049176435 0)
(1.1941419e-07 -0.0056291853 0)
(-1.1984796e-07 -0.0056291852 0)
(-2.7511382e-07 -0.0049176429 0)
(-1.6966376e-07 -0.0035046101 0)
(-1.7363727e-08 -0.0013993112 0)
(1.9087745e-08 -0.0013993656 0)
(2.5919171e-07 -0.0035046869 0)
(3.6033832e-07 -0.0049176295 0)
(1.902962e-07 -0.0056290692 0)
(-1.9084607e-07 -0.005629069 0)
(-3.6075861e-07 -0.0049176291 0)
(-2.5929966e-07 -0.0035046864 0)
(-1.9113825e-08 -0.0013993654 0)
(3.7383944e-08 -0.0013994426 0)
(3.3738861e-07 -0.0035047902 0)
(5.0692812e-07 -0.0049176089 0)
(2.2812112e-07 -0.00562891 0)
(-2.2882805e-07 -0.0056289099 0)
(-5.0738174e-07 -0.0049176085 0)
(-3.3763769e-07 -0.0035047899 0)
(-3.7373006e-08 -0.0013994425 0)
(4.3954828e-08 -0.0013995475 0)
(4.6157671e-07 -0.0035049254 0)
(6.3537444e-07 -0.0049175797 0)
(3.1929103e-07 -0.0056286996 0)
(-3.2008625e-07 -0.0056286995 0)
(-6.3600687e-07 -0.0049175795 0)
(-4.6180583e-07 -0.0035049252 0)
(-4.4018303e-08 -0.0013995474 0)
(6.6817562e-08 -0.0013996839 0)
(5.7085085e-07 -0.0035050984 0)
(8.1760215e-07 -0.0049175388 0)
(3.7525311e-07 -0.0056284316 0)
(-3.7618128e-07 -0.0056284315 0)
(-8.1823832e-07 -0.0049175387 0)
(-5.7124933e-07 -0.0035050983 0)
(-6.6839289e-08 -0.0013996838 0)
(7.8857555e-08 -0.0013998569 0)
(7.1377294e-07 -0.0035053089 0)
(9.7251124e-07 -0.0049174878 0)
(4.7343349e-07 -0.0056280995 0)
(-4.7440591e-07 -0.0056280996 0)
(-9.7332328e-07 -0.0049174879 0)
(-7.1413674e-07 -0.0035053091 0)
(-7.896379e-08 -0.0013998569 0)
(1.0314477e-07 -0.0014000649 0)
(8.3175902e-07 -0.0035055616 0)
(1.1525374e-06 -0.0049174213 0)
(5.3409591e-07 -0.0056277049 0)
(-5.3517419e-07 -0.005627705 0)
(-1.1533182e-06 -0.0049174217 0)
(-8.3229159e-07 -0.0035055619 0)
(-1.0319905e-07 -0.0014000651 0)
(1.1789439e-07 -0.0014003084 0)
(9.5356165e-07 -0.0035058459 0)
(1.2832661e-06 -0.0049173465 0)
(6.1222871e-07 -0.0056272533 0)
(-6.1332035e-07 -0.0056272536 0)
(-1.2842052e-06 -0.0049173469 0)
(-9.5402719e-07 -0.0035058465 0)
(-1.1802191e-07 -0.0014003087 0)
(1.3674065e-07 -0.0014005787 0)
(1.0273893e-06 -0.003506159 0)
(1.3860806e-06 -0.0049172557 0)
(6.434684e-07 -0.0056267591 0)
(-6.4463471e-07 -0.0056267593 0)
(-1.3869555e-06 -0.0049172565 0)
(-1.0279991e-06 -0.0035061597 0)
(-1.3681226e-07 -0.0014005791 0)
(1.4922632e-07 -0.0014008794 0)
(1.0601664e-06 -0.0035064829 0)
(1.3930985e-06 -0.0049171573 0)
(6.549083e-07 -0.0056262363 0)
(-6.5605195e-07 -0.0056262368 0)
(-1.3940947e-06 -0.0049171582 0)
(-1.0606909e-06 -0.003506484 0)
(-1.4937117e-07 -0.00140088 0)
(1.8721858e-07 -0.0014012284 0)
(1.0142261e-06 -0.0035068766 0)
(1.3041909e-06 -0.0049170347 0)
(5.9746286e-07 -0.0056255905 0)
(-5.9863738e-07 -0.0056255908 0)
(-1.3050841e-06 -0.0049170359 0)
(-1.0148491e-06 -0.0035068778 0)
(-1.8733193e-07 -0.0014012291 0)
)
;

boundaryField
{
    left
    {
        type            uniformFixedValue;
        uniformValue    sine;
        uniformValueCoeffs
        {
            t0              0;
            amplitude       constant 0.0125;
            frequency       constant 1;
            scale           constant (0 1 0);
            level           constant (0 0 0);
        }
        value           uniform (0 -0.0038627124 0);
    }
    right
    {
        type            zeroGradient;
    }
    walls
    {
        type            fixedValue;
        value           uniform (0 0 0);
    }
    frontAndBack
    {
        type            empty;
    }
}


// ************************************************************************* //
