/*--------------------------------*- C++ -*----------------------------------*\
| =========                 |                                                 |
| \\      /  F ield         | OpenFOAM: The Open Source CFD Toolbox           |
|  \\    /   O peration     | Version:  5.x                                   |
|   \\  /    A nd           | Web:      www.OpenFOAM.org                      |
|    \\/     M anipulation  |                                                 |
\*---------------------------------------------------------------------------*/
FoamFile
{
    version     2.0;
    format      ascii;
    class       surfaceScalarField;
    location    "4";
    object      phi;
}
// * * * * * * * * * * * * * * * * * * * * * * * * * * * * * * * * * * * * * //

dimensions      [0 3 -1 0 0 0 0];

internalField   nonuniform List<scalar> 
3592
(
-7.1511253e-10
7.1511253e-10
-1.7733775e-09
1.0582705e-09
-1.5905992e-09
-1.8277281e-10
1.0312965e-12
-1.5916255e-09
1.591634e-09
-1.5905978e-09
1.7744127e-09
-1.827737e-10
7.1511637e-10
1.0593016e-09
7.1512171e-10
-1.3965916e-09
2.1117103e-09
-3.7939617e-09
3.4556523e-09
-3.4761789e-09
-5.0054422e-10
1.6963471e-12
-5.0694899e-09
3.4804879e-09
-5.0693783e-09
3.7955195e-09
-4.9779394e-10
1.3974558e-09
3.4573769e-09
2.1125838e-09
-2.2135928e-09
4.3253102e-09
-5.3717256e-09
6.6137966e-09
-4.7883568e-09
-1.0839018e-09
3.2564782e-12
-9.8610923e-09
4.7927556e-09
-9.8588664e-09
5.3752394e-09
-1.0802663e-09
2.2144081e-09
6.6182195e-09
4.3269974e-09
-2.8222409e-09
7.1475577e-09
-6.4293404e-09
1.0220907e-08
-5.6400365e-09
-1.8731947e-09
2.97437e-12
-1.5504093e-08
5.6462077e-09
-1.5502089e-08
6.4324925e-09
-1.86654e-09
2.8235097e-09
1.0227213e-08
7.1505127e-09
-3.1165875e-09
1.0264151e-08
-7.0139328e-09
1.4118263e-08
-6.0754436e-09
-2.8116737e-09
3.368693e-12
-2.1582895e-08
6.0805116e-09
-2.1579222e-08
7.0176383e-09
-2.8036562e-09
3.1177281e-09
1.4127134e-08
1.0268246e-08
-3.2284326e-09
1.349259e-08
-7.1306416e-09
1.8020483e-08
-6.1752805e-09
-3.767024e-09
2.4749444e-12
-2.776064e-08
6.1800986e-09
-2.7756835e-08
7.1334022e-09
-3.7569489e-09
3.2294498e-09
1.8031097e-08
1.3497701e-08
-3.1033509e-09
1.6595947e-08
-6.9151065e-09
2.1832249e-08
-5.9605329e-09
-4.7215877e-09
1.8641447e-12
-3.3723028e-08
5.9635975e-09
-3.3718559e-08
6.9171682e-09
-4.7105094e-09
3.1041104e-09
2.1844164e-08
1.6601817e-08
-2.8892532e-09
1.9485207e-08
-6.388736e-09
2.5331743e-08
-5.5298128e-09
-5.5805e-09
8.5429725e-13
-3.9253684e-08
5.5312324e-09
-3.9248926e-08
6.3897679e-09
-5.5690338e-09
2.8895551e-09
2.5344388e-08
1.9491378e-08
-2.5403023e-09
2.2025515e-08
-5.7049903e-09
2.8496442e-08
-4.9330851e-09
-6.3523953e-09
-2.5940031e-13
-4.41865e-08
4.9329815e-09
-4.4182157e-08
5.7047022e-09
-6.3407445e-09
2.5403555e-09
2.8508744e-08
2.2031738e-08
-2.183343e-09
2.4208864e-08
-4.8942786e-09
3.1207389e-08
-4.2625625e-09
-6.9841004e-09
-9.634642e-13
-4.8448089e-08
4.2603895e-09
-4.84435e-08
4.8933383e-09
-6.9736824e-09
2.1829021e-09
3.1219191e-08
2.4214646e-08
-1.7820601e-09
2.599093e-08
-4.0720921e-09
3.3497431e-08
-3.5531244e-09
-7.5030584e-09
-2.0739326e-12
-5.199913e-08
3.5501721e-09
-5.1995736e-08
4.0698287e-09
-7.4933291e-09
1.7814851e-09
3.3507545e-08
2.5996136e-08
-1.4207956e-09
2.7411732e-08
-3.2602436e-09
3.533689e-08
-2.8708076e-09
-7.8924832e-09
-2.3337031e-12
-5.4867593e-08
2.8660768e-09
-5.4864136e-08
3.2578375e-09
-7.8850788e-09
1.4198546e-09
3.5345538e-08
2.7415996e-08
-1.0755297e-09
2.8487267e-08
-2.526598e-09
3.6787969e-08
-2.2367489e-09
-8.1823229e-09
-3.1824368e-12
-5.710115e-08
2.2319465e-09
-5.7099256e-08
2.5231717e-09
-8.1762943e-09
1.0745764e-09
3.6794143e-08
2.8490577e-08
-7.880156e-10
2.9275289e-08
-1.8792883e-09
3.7879253e-08
-1.6840768e-09
-8.3775232e-09
-3.1350214e-12
-5.8782081e-08
1.677998e-09
-5.8780378e-08
1.8760517e-09
-8.3743369e-09
7.8683783e-10
3.7883368e-08
2.9277421e-08
-5.4510124e-10
2.9820396e-08
-1.3428175e-09
3.8676979e-08
-1.2174978e-09
-8.5028335e-09
-3.7228384e-12
-5.9995847e-08
1.2116782e-09
-5.999577e-08
1.3388672e-09
-8.5015165e-09
5.4396767e-10
3.8678276e-08
2.9821393e-08
-3.560259e-10
3.0176429e-08
-9.1249729e-10
3.9233462e-08
-8.4311305e-10
-8.5722065e-09
-3.5883846e-12
-6.0835361e-08
8.3640955e-10
-6.0835757e-08
9.0880009e-10
-8.5738959e-09
3.547475e-10
3.923234e-08
3.0176146e-08
-2.1452783e-10
3.0390962e-08
-5.8361986e-10
3.9602564e-08
-5.5381795e-10
-8.6019993e-09
-3.9934654e-12
-6.1385177e-08
5.4736717e-10
-6.1387109e-08
5.7941479e-10
-8.6059343e-09
2.1328917e-10
3.9598474e-08
3.038944e-08
-1.1174392e-10
3.0502712e-08
-3.4464736e-10
3.9835479e-08
-3.4023479e-10
-8.6064006e-09
-3.8866683e-12
-6.1721514e-08
3.3318169e-10
-6.1724167e-08
3.4061902e-10
-8.6133605e-09
1.1039323e-10
3.9828711e-08
3.0499839e-08
-4.6058024e-11
3.0548776e-08
-1.7791385e-10
3.9967344e-08
-1.9065626e-10
-8.5936493e-09
-4.1403981e-12
-6.1908022e-08
1.8378127e-10
-6.191208e-08
1.7355232e-10
-8.6031226e-09
4.473596e-11
3.9957536e-08
3.0544579e-08
-2.1283472e-12
3.0550911e-08
-7.1579871e-11
4.0036807e-08
-9.084038e-11
-8.5743775e-09
-4.0435824e-12
-6.1994808e-08
8.3660007e-11
-6.1999773e-08
6.7358908e-11
-8.5868103e-09
7.2923695e-13
4.0024177e-08
3.0545314e-08
1.8154337e-11
3.0532762e-08
-6.5618348e-12
4.0061533e-08
-3.0126166e-11
-8.5508045e-09
-4.0965173e-12
-6.2020829e-08
2.3189297e-11
-6.202705e-08
2.2278432e-12
-8.5658401e-09
-1.9499477e-11
4.0045913e-08
3.0525819e-08
3.004128e-11
3.0502727e-08
2.5202714e-11
4.0066383e-08
4.1384457e-12
-8.5297289e-09
-3.9023117e-12
-6.2012777e-08
-1.097616e-11
-6.2019965e-08
-2.9302841e-11
-8.5475023e-09
-3.1398807e-11
4.0048019e-08
3.0494426e-08
2.8904822e-11
3.0473827e-08
3.8852475e-11
4.0056444e-08
1.8888184e-11
-8.5097561e-09
-3.7062028e-12
-6.1990175e-08
-2.5238315e-11
-6.1998425e-08
-4.2784828e-11
-8.5299473e-09
-3.0140906e-11
4.0035384e-08
3.0464289e-08
2.7598562e-11
3.0446235e-08
3.7642642e-11
4.0046412e-08
2.2985397e-11
-8.4950876e-09
-3.3309989e-12
-6.1963848e-08
-2.8778412e-11
-6.1972967e-08
-4.1154939e-11
-8.5175595e-09
-2.8762763e-11
4.0023002e-08
3.0435532e-08
1.9555541e-11
3.0426684e-08
3.1948756e-11
4.0034027e-08
1.9493147e-11
-8.4826237e-09
-2.8849108e-12
-6.1941462e-08
-2.4475836e-11
-6.1951368e-08
-3.5012286e-11
-8.5070148e-09
-2.0516051e-11
4.0008514e-08
3.041502e-08
1.5297776e-11
3.0411393e-08
2.1134681e-11
4.0028202e-08
1.3824586e-11
-8.4753022e-09
-2.3457687e-12
-6.1925281e-08
-1.7867272e-11
-6.1935836e-08
-2.3592382e-11
-8.5012785e-09
-1.611261e-11
4.0001045e-08
3.0398913e-08
7.1041133e-12
3.0404294e-08
1.2076558e-11
4.0023238e-08
6.2634885e-12
-8.4694811e-09
-1.7252684e-12
-6.1917284e-08
-9.2622748e-12
-6.1928291e-08
-1.3894114e-11
-8.4966385e-09
-7.6548617e-12
3.9994814e-08
3.0391263e-08
4.0125152e-12
3.0400288e-08
1.7593918e-12
4.0025503e-08
1.5265145e-14
-8.4677256e-09
-1.098202e-12
-6.191616e-08
-1.8690189e-12
-6.1927509e-08
-2.8746842e-12
-8.4956216e-09
-4.3815117e-12
3.9996332e-08
3.0386887e-08
-2.2395116e-12
3.0402532e-08
-4.8607568e-12
4.0028133e-08
-6.191669e-12
-8.4663869e-09
-4.2223705e-13
-6.1921922e-08
5.4379527e-12
-6.1933362e-08
4.4443737e-12
-8.4946201e-09
2.1529228e-12
3.9998631e-08
3.0389044e-08
-3.3124103e-12
3.0405851e-08
-1.192254e-11
4.0036754e-08
-1.0227549e-11
-8.4680705e-09
1.8142345e-13
-6.193232e-08
1.0608423e-11
-6.1943778e-08
1.2182099e-11
-8.4961826e-09
3.3977281e-12
4.0007426e-08
3.0392447e-08
-7.6378721e-12
3.0413494e-08
-1.5250856e-11
4.0044376e-08
-1.4029999e-11
-8.4692837e-09
7.964161e-13
-6.1947139e-08
1.5379146e-11
-6.1958353e-08
1.6138728e-11
-8.4969345e-09
7.9811241e-12
4.0015592e-08
3.0400432e-08
-7.1001044e-12
3.0420601e-08
-1.9355632e-11
4.0056643e-08
-1.5839232e-11
-8.4727887e-09
1.2812368e-12
-6.1964248e-08
1.8134585e-11
-6.1975196e-08
2.0788517e-11
-8.4995772e-09
7.568258e-12
4.0028822e-08
3.0408006e-08
-1.012634e-11
3.0430731e-08
-2.0243816e-11
4.0066768e-08
-1.7778089e-11
-8.475247e-09
1.7535392e-12
-6.1983773e-08
2.0776446e-11
-6.1994211e-08
2.2145589e-11
-8.5009388e-09
1.0798702e-11
4.0040177e-08
3.0418808e-08
-8.6159714e-12
3.0439354e-08
-2.245323e-11
4.0080617e-08
-1.8127229e-11
-8.4795616e-09
2.0648731e-12
-6.2003954e-08
2.1781941e-11
-6.2013917e-08
2.4710442e-11
-8.5038561e-09
9.3465625e-12
4.0055551e-08
3.0428161e-08
-1.0936258e-11
3.0450294e-08
-2.1945033e-11
4.0091634e-08
-1.8997293e-11
-8.4825021e-09
2.3598533e-12
-6.2025304e-08
2.3034886e-11
-6.2034585e-08
2.4475661e-11
-8.5052896e-09
1.1806227e-11
4.0068228e-08
3.043997e-08
-8.9465067e-12
3.0459248e-08
-2.3176494e-11
4.0105875e-08
-1.8603966e-11
-8.4870632e-09
2.4872313e-12
-6.2046385e-08
2.2986696e-11
-6.2055074e-08
2.586364e-11
-8.5081553e-09
9.8059926e-12
4.0084297e-08
3.0449782e-08
-1.0949365e-11
3.0470201e-08
-2.2020562e-11
4.0116954e-08
-1.8995323e-11
-8.4900814e-09
2.6110611e-12
-6.2067984e-08
2.3455732e-11
-6.2075912e-08
2.4794976e-11
-8.5094874e-09
1.1887695e-11
4.0097211e-08
3.0461673e-08
-8.7726624e-12
3.0478981e-08
-2.2846602e-11
4.013104e-08
-1.8317028e-11
-8.4945996e-09
2.5773985e-12
-6.2088868e-08
2.2849545e-11
-6.2096173e-08
2.5605736e-11
-8.5122324e-09
9.6422735e-12
4.0113185e-08
3.0471321e-08
-1.0663638e-11
3.0489648e-08
-2.1463348e-11
4.0141847e-08
-1.8560374e-11
-8.4974958e-09
2.5627183e-12
-6.2109984e-08
2.2925146e-11
-6.2116529e-08
2.4161357e-11
-8.5134617e-09
1.1565163e-11
4.0125788e-08
3.048289e-08
-8.4430982e-12
3.0498098e-08
-2.2173228e-11
4.0155588e-08
-1.7825476e-11
-8.5018321e-09
2.4090946e-12
-6.2130208e-08
2.2059637e-11
-6.2136169e-08
2.4730282e-11
-8.5161211e-09
9.2342476e-12
4.0141295e-08
3.049213e-08
-1.0311212e-11
3.0508413e-08
-2.0755047e-11
4.016604e-08
-1.8065057e-11
-8.5045155e-09
2.2997325e-12
-6.2150566e-08
2.1964324e-11
-6.2155827e-08
2.3151588e-11
-8.5173017e-09
1.1104239e-11
4.0153349e-08
3.0503237e-08
-8.1033239e-12
3.0516523e-08
-2.146496e-11
4.0179413e-08
-1.7358369e-11
-8.5086107e-09
2.0716267e-12
-6.2169985e-08
2.1002474e-11
-6.2174747e-08
2.3644829e-11
-8.5199328e-09
8.76169e-12
4.0168243e-08
3.0512005e-08
-9.9768586e-12
3.0526504e-08
-2.0077944e-11
4.0189521e-08
-1.763454e-11
-8.5110477e-09
1.9108947e-12
-6.2189525e-08
2.0853149e-11
-6.2193683e-08
2.2045348e-11
-8.5211185e-09
1.0622912e-11
4.0179672e-08
3.0522631e-08
-7.7962027e-12
3.0534307e-08
-2.0817147e-11
4.0202553e-08
-1.696886e-11
-8.5148846e-09
1.6490485e-12
-6.2208132e-08
1.9877703e-11
-6.2211901e-08
2.2536073e-11
-8.5237657e-09
8.2981813e-12
4.019392e-08
3.0530935e-08
-9.6771917e-12
3.0543988e-08
-1.9469547e-11
4.0212353e-08
-1.7275799e-11
-8.5170721e-09
1.4729117e-12
-6.2226874e-08
1.9731696e-11
-6.2230153e-08
2.0962712e-11
-8.5249904e-09
1.016517e-11
4.0204725e-08
3.0541103e-08
-7.5218337e-12
3.0551516e-08
-2.0231981e-11
4.0225074e-08
-1.6636223e-11
-8.5206565e-09
1.2087931e-12
-6.2244709e-08
1.8781574e-11
-6.2247715e-08
2.1478101e-11
-8.5276758e-09
7.8672771e-12
4.0218346e-08
3.0548976e-08
-9.4038041e-12
3.0560923e-08
-1.8911746e-11
4.0234589e-08
-1.6954134e-11
-8.5226082e-09
1.0431972e-12
-6.22627e-08
1.8664418e-11
-6.2265331e-08
1.9946115e-11
-8.5289514e-09
9.742036e-12
4.0228556e-08
3.0558721e-08
-7.2674926e-12
3.0568198e-08
-1.9681953e-11
4.0247014e-08
-1.6320602e-11
-8.5259581e-09
7.9796427e-13
-6.2279808e-08
1.7755499e-11
-6.2282277e-08
2.049248e-11
-8.5316772e-09
7.4716663e-12
4.0241587e-08
3.0566198e-08
-9.1431723e-12
3.0577344e-08
-1.8374101e-11
4.0256252e-08
-1.6630508e-11
-8.527696e-09
6.5898044e-13
-6.2297092e-08
1.7676172e-11
-6.2299289e-08
1.9003313e-11
-8.5329985e-09
9.3516933e-12
4.0251245e-08
3.0575553e-08
-7.0202031e-12
3.0584371e-08
-1.9138037e-11
4.0268381e-08
-1.5987022e-11
-8.5308356e-09
4.4455821e-13
-6.2313513e-08
1.6812425e-11
-6.2315646e-08
1.9578355e-11
-8.5357533e-09
7.1066828e-12
4.0263727e-08
3.0582665e-08
-8.8841333e-12
3.0593258e-08
-1.7831065e-11
4.0277334e-08
-1.6275843e-11
-8.5323853e-09
3.4002941e-13
-6.2330123e-08
1.6771425e-11
-6.2332072e-08
1.8128062e-11
-8.5371043e-09
8.9883759e-12
4.0272873e-08
3.0591656e-08
-6.7707146e-12
3.0600036e-08
-1.8579346e-11
4.0289154e-08
-1.5612807e-11
-8.5353405e-09
1.6113897e-13
-6.2345886e-08
1.5950811e-11
-6.2347851e-08
1.8726486e-11
-8.5398689e-09
6.7659608e-12
4.0284844e-08
3.0598428e-08
-8.6196457e-12
3.0608659e-08
-1.7266525e-11
4.0297807e-08
-1.5873827e-11
-8.5367279e-09
9.2850187e-14
-6.2361848e-08
1.5944474e-11
-6.2363697e-08
1.7309509e-11
-8.5412285e-09
8.6459103e-12
4.0293513e-08
3.0607076e-08
-6.5138476e-12
3.0615179e-08
-1.7994424e-11
4.0309299e-08
-1.5187416e-11
-8.5395236e-09
-5.0791598e-14
-6.2376974e-08
1.5162149e-11
-6.23789e-08
1.7925493e-11
-8.5439807e-09
6.4435477e-12
4.0305005e-08
3.0613525e-08
-8.3463541e-12
3.0623528e-08
-1.6673112e-11
4.0317632e-08
-1.5418998e-11
-8.5407726e-09
-8.5016458e-14
-6.2392303e-08
1.5185059e-11
-6.2394165e-08
1.6536301e-11
-8.5453268e-09
8.3189515e-12
4.0313228e-08
3.0621847e-08
-6.2476311e-12
3.0629783e-08
-1.7379489e-11
4.0328775e-08
-1.47096e-11
-8.5434313e-09
-1.9675159e-13
-6.2406805e-08
1.4435192e-11
-6.2408786e-08
1.7164547e-11
-8.5480451e-09
6.134564e-12
4.0324268e-08
3.0627987e-08
-8.0635701e-12
3.0637849e-08
-1.6049934e-11
4.0336767e-08
-1.4913543e-11
-8.5445628e-09
-2.0131578e-13
-6.2421512e-08
1.4481555e-11
-6.2423464e-08
1.5798306e-11
-8.5493568e-09
8.0033059e-12
4.0332069e-08
3.0635993e-08
-5.9722591e-12
3.0643828e-08
-1.6736032e-11
4.0347542e-08
-1.4184178e-11
-8.5471034e-09
-2.8603161e-13
-6.24354e-08
1.3758367e-11
-6.2437498e-08
1.6434453e-11
-8.5520219e-09
5.835309e-12
4.0342678e-08
3.0641834e-08
-7.772297e-12
3.0651603e-08
-1.5400263e-11
4.0355175e-08
-1.4364281e-11
-8.5481347e-09
-2.6628325e-13
-6.2449493e-08
1.3822797e-11
-6.2451582e-08
1.5087277e-11
-8.5532816e-09
7.6959185e-12
4.0350075e-08
3.0649532e-08
-5.6892183e-12
3.0657299e-08
-1.6068715e-11
4.0365566e-08
-1.3619345e-11
-8.5505729e-09
-3.2934762e-13
-6.2462772e-08
1.3121138e-11
-6.2465022e-08
1.5728012e-11
-8.5558775e-09
5.5431716e-12
4.036027e-08
3.0655081e-08
-7.4744824e-12
3.0664776e-08
-1.4729685e-11
4.0372826e-08
-1.3780328e-11
-8.5515178e-09
-2.9072103e-13
-6.2476258e-08
1.3199057e-11
-6.2478507e-08
1.4396988e-11
-8.5570709e-09
7.3947417e-12
4.0367277e-08
3.0662478e-08
-5.4006628e-12
3.0670183e-08
-1.5383796e-11
4.038282e-08
-1.3024705e-11
-8.5538657e-09
-3.3730794e-13
-6.2488934e-08
1.2514669e-11
-6.2491349e-08
1.5040012e-11
-8.5595853e-09
5.2564752e-12
4.0377071e-08
3.0667739e-08
-7.172504e-12
3.0677358e-08
-1.4044805e-11
4.0389698e-08
-1.3171495e-11
-8.5547348e-09
-2.8481255e-13
-6.2501817e-08
1.2602462e-11
-6.2504232e-08
1.3723126e-11
-8.5607016e-09
7.098569e-12
4.03837e-08
3.067484e-08
-5.1089982e-12
3.0682474e-08
-1.4688074e-11
4.0399288e-08
-1.2409992e-11
-8.5570018e-09
-3.1952827e-13
-6.2513897e-08
1.193205e-11
-6.2516473e-08
1.4367032e-11
-8.5631258e-09
4.9743051e-12
4.0393103e-08
3.067982e-08
-6.8688406e-12
3.0689345e-08
-1.3352392e-11
4.0405776e-08
-1.2547285e-11
-8.5578029e-09
-2.5749129e-13
-6.2526183e-08
1.2027064e-11
-6.2528753e-08
1.3063035e-11
-8.5641576e-09
6.8068616e-12
4.0399363e-08
3.0686629e-08
-4.8166258e-12
3.0694168e-08
-1.3988222e-11
4.0414958e-08
-1.178431e-11
-8.5599958e-09
-2.8421268e-13
-6.2537672e-08
1.1368237e-11
-6.2540395e-08
1.3707157e-11
-8.5664857e-09
4.6963368e-12
4.0408384e-08
3.0691331e-08
-6.5658754e-12
3.0700736e-08
-1.2658876e-11
4.0421056e-08
-1.1916337e-11
-8.5607345e-09
-2.1619476e-13
-6.2549369e-08
1.1468676e-11
-6.2552077e-08
1.2415407e-11
-8.5674285e-09
6.5195823e-12
4.0414284e-08
3.0697852e-08
-4.5257938e-12
3.0705268e-08
-1.3290408e-11
4.0429831e-08
-1.1155743e-11
-8.5628582e-09
-2.380431e-13
-6.2560276e-08
1.0819826e-11
-6.2563124e-08
1.3059654e-11
-8.5696576e-09
4.4226779e-12
4.0422931e-08
3.070228e-08
-6.2657863e-12
3.0711536e-08
-1.1970068e-11
4.043554e-08
-1.1286171e-11
-8.5635385e-09
-1.6685854e-13
-6.2571392e-08
1.0924616e-11
-6.2574212e-08
1.1779962e-11
-8.5705092e-09
6.2370468e-12
4.0428478e-08
3.0708519e-08
-4.2385198e-12
3.0715781e-08
-1.26001e-11
4.0443912e-08
-1.0531202e-11
-8.5655965e-09
-1.862522e-13
-6.2581726e-08
1.0284763e-11
-6.2584673e-08
1.2424659e-11
-8.5726385e-09
4.1537292e-12
4.0436759e-08
3.0712678e-08
-5.9704924e-12
3.0721754e-08
-1.1291036e-11
4.0449237e-08
-1.066311e-11
-8.5662211e-09
-1.1404492e-13
-6.2592272e-08
1.0393387e-11
-6.2595177e-08
1.1157147e-11
-8.5733987e-09
5.9597952e-12
4.044196e-08
3.071864e-08
-3.9565541e-12
3.0725717e-08
-1.1921991e-11
4.0457213e-08
-9.9164141e-12
-8.5682158e-09
-1.3278879e-13
-6.2602045e-08
9.7620308e-12
-6.2605061e-08
1.1802898e-11
-8.575429e-09
3.8900662e-12
4.0449883e-08
3.0722535e-08
-5.6816334e-12
3.07314e-08
-1.0626061e-11
4.0462162e-08
-1.0052321e-11
-8.5687864e-09
-6.1131491e-14
-6.2612033e-08
9.8743867e-12
-6.2614993e-08
1.0547874e-11
-8.5760992e-09
5.6884871e-12
4.0454746e-08
3.0728225e-08
-3.681372e-12
3.0735088e-08
-1.1259989e-11
4.0469751e-08
-9.3159905e-12
-8.5707196e-09
-8.0519444e-14
-6.2621259e-08
9.2513651e-12
-6.2624315e-08
1.1195445e-11
-8.5780327e-09
3.6323478e-12
4.0462319e-08
3.0731863e-08
-5.4005693e-12
3.074049e-08
-9.9786616e-12
4.0474333e-08
-9.4579059e-12
-8.5712374e-09
-1.0516748e-14
-6.2630703e-08
9.3676324e-12
-6.263369e-08
9.9533068e-12
-8.5786153e-09
5.4238206e-12
4.0466852e-08
3.0737288e-08
-3.414179e-12
3.0743911e-08
-1.0617256e-11
4.0481546e-08
-8.7335348e-12
-8.5731104e-09
-3.1430274e-14
-6.2639395e-08
8.7530063e-12
-6.2642465e-08
1.0603533e-11
-8.5804554e-09
3.3812434e-12
4.0474084e-08
3.0740674e-08
-5.1283925e-12
3.0749041e-08
-9.3516345e-12
4.0485773e-08
-8.8830122e-12
-8.5735763e-09
3.6186762e-14
-6.2648311e-08
8.8735392e-12
-6.2651299e-08
9.3746933e-12
-8.5809536e-09
5.1664712e-12
4.0478296e-08
3.0745842e-08
-3.1559265e-12
3.0752203e-08
-9.9962571e-12
4.0492624e-08
-8.1717599e-12
-8.5753901e-09
1.3190013e-14
-6.2656486e-08
8.2674986e-12
-6.2659543e-08
1.002841e-11
-8.5827042e-09
3.1373829e-12
4.0485196e-08
3.0748985e-08
-4.8659458e-12
3.075707e-08
-8.7471159e-12
4.0496509e-08
-8.329957e-12
-8.5758048e-09
7.7980481e-14
-6.2664892e-08
8.3927427e-12
-6.2667856e-08
8.8132424e-12
-8.583122e-09
4.9170503e-12
4.0489095e-08
3.0753903e-08
-2.9073314e-12
3.0759984e-08
-9.3988294e-12
4.050301e-08
-7.6326069e-12
-8.5775604e-09
5.2591169e-14
-6.2672567e-08
7.795535e-12
-6.2675588e-08
9.4712352e-12
-8.5847874e-09
2.9013214e-12
4.0495675e-08
3.075681e-08
-4.6138436e-12
3.0764599e-08
-8.1666484e-12
4.0506566e-08
-7.8003412e-12
-8.5779244e-09
1.1433492e-13
-6.2680479e-08
7.9259637e-12
-6.2683398e-08
8.2700382e-12
-8.585129e-09
4.6760776e-12
4.0499272e-08
3.0761487e-08
-2.6688972e-12
3.0767274e-08
-8.8262469e-12
4.0512734e-08
-7.1173566e-12
-8.5796228e-09
8.6429774e-14
-6.2687673e-08
7.3378418e-12
-6.2690639e-08
8.9330112e-12
-8.586714e-09
2.673518e-12
4.050554e-08
3.0764166e-08
-4.3724949e-12
3.0771648e-08
-7.611249e-12
4.0515976e-08
-7.2951563e-12
-8.5799368e-09
1.4507125e-13
-6.2695111e-08
7.4739113e-12
-6.2697966e-08
7.745985e-12
-8.5869837e-09
4.4439659e-12
4.0508845e-08
3.0768611e-08
-2.440938e-12
3.0774095e-08
-8.2792892e-12
4.0521824e-08
-6.6267325e-12
-8.5815789e-09
1.1466308e-13
-6.2701843e-08
6.8950974e-12
-6.2704736e-08
8.4145392e-12
-8.588493e-09
2.454325e-12
4.0514815e-08
3.077107e-08
-4.1421267e-12
3.0778238e-08
-7.0814753e-12
4.0524766e-08
-6.8148827e-12
-8.5818436e-09
1.7026551e-13
-6.2708826e-08
7.0372158e-12
-6.2711601e-08
7.2417758e-12
-8.5886955e-09
4.2210151e-12
4.0517838e-08
3.0775292e-08
-2.2236003e-12
3.0780468e-08
-7.7583076e-12
4.0530311e-08
-6.1609916e-12
-8.5834305e-09
1.3746295e-13
-6.2715114e-08
6.4678777e-12
-6.2717922e-08
7.9163991e-12
-8.590134e-09
2.2439847e-12
4.052352e-08
3.0777541e-08
-3.9228077e-12
3.0784392e-08
-6.5774894e-12
4.0532968e-08
-6.3595761e-12
-8.5836467e-09
1.9017255e-13
-6.2721662e-08
6.6163857e-12
-6.2724346e-08
6.7578793e-12
-8.5902736e-09
4.0074124e-12
4.0526273e-08
3.0781549e-08
-2.0168864e-12
3.0786415e-08
-7.2632866e-12
4.0538224e-08
-5.7200075e-12
-8.5851797e-09
1.5514881e-13
-6.2727528e-08
6.0566229e-12
-6.2730238e-08
7.4389444e-12
-8.5916459e-09
2.0426314e-12
4.0531678e-08
3.0783597e-08
-3.7144699e-12
3.079013e-08
-6.0991177e-12
4.0540612e-08
-5.9289443e-12
-8.5853484e-09
2.0516635e-13
-6.273366e-08
6.211783e-12
-6.2736243e-08
6.2945406e-12
-8.591727e-09
3.8032369e-12
4.0534172e-08
3.0787401e-08
-1.8206749e-12
3.0791957e-08
-6.7939026e-12
4.0545595e-08
-5.3033415e-12
-8.5868288e-09
1.6813503e-13
-6.2739122e-08
5.6616205e-12
-6.2741727e-08
6.982307e-12
-8.5930377e-09
1.8502982e-12
4.0539313e-08
3.0789256e-08
-3.5169301e-12
3.0795474e-08
-5.6459071e-12
4.0547726e-08
-5.5224162e-12
-8.5869509e-09
2.1569428e-13
-6.2744859e-08
5.8236125e-12
-6.2747333e-08
5.8517901e-12
-8.5930644e-09
3.6084681e-12
4.0541558e-08
3.0792865e-08
-1.634741e-12
3.0797115e-08
-6.3495763e-12
4.055245e-08
-4.910307e-12
-8.5883801e-09
1.7689011e-13
-6.2749936e-08
5.2829992e-12
-6.275243e-08
6.5464108e-12
-8.594318e-09
1.666925e-12
4.0546446e-08
3.0794537e-08
-3.3299098e-12
3.0800446e-08
-5.2171742e-12
4.055434e-08
-5.1392e-12
-8.5884569e-09
2.2224096e-13
-6.2755297e-08
5.4519203e-12
-6.2757658e-08
5.42946e-12
-8.5942942e-09
3.4229952e-12
4.0548455e-08
3.0797961e-08
-1.4587754e-12
3.080191e-08
-5.9295218e-12
4.055882e-08
-4.5400243e-12
-8.5898363e-09
1.8190589e-13
-6.2760009e-08
4.9207312e-12
-6.2762388e-08
6.1309899e-12
-8.5954947e-09
1.492369e-12
4.0553102e-08
3.0799458e-08
-3.1530526e-12
3.0805064e-08
-4.812052e-12
4.0560481e-08
-4.7783354e-12
-8.5898691e-09
2.2530163e-13
-6.2765012e-08
5.0965998e-12
-6.2767258e-08
5.0272034e-12
-8.5954242e-09
3.2466283e-12
4.0554885e-08
3.0802705e-08
-1.2924001e-12
3.0806362e-08
-5.5327895e-12
4.0564731e-08
-4.1914683e-12
-8.5912005e-09
1.8367463e-13
-6.2769377e-08
4.5746418e-12
-6.2771639e-08
5.7356095e-12
-8.5965755e-09
1.3264146e-12
4.0559302e-08
3.0804036e-08
-2.9859409e-12
3.0809349e-08
-4.4295303e-12
4.0566176e-08
-4.4387375e-12
-8.5911905e-09
2.2536281e-13
-6.2774041e-08
4.7574033e-12
-6.2776171e-08
4.6445161e-12
-8.5964616e-09
3.079109e-12
4.056087e-08
3.0807116e-08
-1.1351845e-12
3.081049e-08
-5.1583041e-12
4.0570209e-08
-3.8635089e-12
-8.5924754e-09
1.826719e-13
-6.2778077e-08
4.2444212e-12
-6.2780223e-08
5.359688e-12
-8.5975673e-09
1.1687845e-12
4.0565069e-08
3.080829e-08
-2.8281104e-12
3.0813318e-08
-4.0684907e-12
4.0571451e-08
-4.1192339e-12
-8.592424e-09
2.2288788e-13
-6.2782419e-08
4.4339547e-12
-6.2784433e-08
4.2807586e-12
-8.5974133e-09
2.9201216e-12
4.0566431e-08
3.081121e-08
-9.8665794e-13
3.0814311e-08
-4.8048988e-12
4.0575278e-08
-3.5549452e-12
-8.5936642e-09
1.7934534e-13
-6.2786144e-08
3.929639e-12
-6.2788174e-08
5.0025199e-12
-8.5984767e-09
1.0191504e-12
4.0570423e-08
3.0812234e-08
-2.6790624e-12
3.081699e-08
-3.7277382e-12
4.0576328e-08
-3.8185961e-12
-8.5935729e-09
2.1830783e-13
-6.279018e-08
4.1257655e-12
-6.2792081e-08
3.9351788e-12
-8.5982854e-09
2.7693039e-12
4.057159e-08
3.0815004e-08
-8.4632133e-13
3.0817842e-08
-4.4713429e-12
4.0579963e-08
-3.2645341e-12
-8.5947699e-09
1.7410712e-13
-6.2793609e-08
3.6297602e-12
-6.2795528e-08
4.6632971e-12
-8.5993095e-09
8.7714272e-13
4.0575385e-08
3.0815885e-08
-2.5382747e-12
3.082038e-08
-3.4060271e-12
4.0580832e-08
-3.5355659e-12
-8.5946401e-09
2.1201565e-13
-6.2797357e-08
3.8322508e-12
-6.2799148e-08
3.6069325e-12
-8.5990838e-09
2.6262565e-12
4.0576367e-08
3.0818512e-08
-7.1365758e-13
3.08211e-08
-4.1563672e-12
4.0584283e-08
-2.9910136e-12
-8.5957958e-09
1.6732946e-13
-6.2800506e-08
3.3441618e-12
-6.2802315e-08
4.3411298e-12
-8.6000714e-09
7.423592e-13
4.0579974e-08
3.0819259e-08
-2.4052116e-12
3.0823505e-08
-3.1020839e-12
4.0584981e-08
-3.2688758e-12
-8.5956289e-09
2.0436297e-13
-6.2803979e-08
3.5527459e-12
-6.2805663e-08
3.2951041e-12
-8.5998134e-09
2.4905515e-12
4.058078e-08
3.0821749e-08
-5.8813942e-13
3.0824099e-08
-3.858684e-12
4.0588261e-08
-2.7331221e-12
-8.5967449e-09
1.5934281e-13
-6.2806862e-08
3.0721484e-12
-6.2808567e-08
4.0350661e-12
-8.6007671e-09
6.1437401e-13
4.0584208e-08
3.0822368e-08
-2.2793314e-12
3.0826378e-08
-2.8146255e-12
4.0588797e-08
-3.0172668e-12
-8.5965423e-09
1.9565936e-13
-6.2810075e-08
3.2865214e-12
-6.2811658e-08
2.9987239e-12
-8.6004791e-09
2.3617416e-12
4.0584846e-08
3.082473e-08
-4.6923722e-13
3.0826853e-08
-3.5770047e-12
4.0591914e-08
-2.4896129e-12
-8.5976202e-09
1.5043582e-13
-6.2812706e-08
2.8129676e-12
-6.2814311e-08
3.7441093e-12
-8.6014011e-09
4.9274468e-13
4.0588106e-08
3.0825228e-08
-2.1600929e-12
3.0829013e-08
-2.5423748e-12
4.0592297e-08
-2.7795013e-12
-8.5973833e-09
1.8617298e-13
-6.2815672e-08
3.0327987e-12
-6.2817158e-08
2.7167859e-12
-8.6010851e-09
2.2393662e-12
4.0588584e-08
3.0827467e-08
-3.5642432e-13
3.0829375e-08
-3.3100536e-12
4.0595259e-08
-2.2592669e-12
-8.5984246e-09
1.4085665e-13
-6.2818063e-08
2.5658244e-12
-6.2819574e-08
3.4672331e-12
-8.6019773e-09
3.77019e-13
4.0591682e-08
3.0827848e-08
-2.0469613e-12
3.0831422e-08
-2.2840734e-12
4.0595497e-08
-2.5543742e-12
-8.5981547e-09
1.7613259e-13
-6.2820794e-08
2.7907633e-12
-6.2822189e-08
2.4482613e-12
-8.601635e-09
2.1229581e-12
4.0592008e-08
3.0829971e-08
-2.4918208e-13
3.0831676e-08
-3.0565787e-12
4.0598313e-08
-2.0409012e-12
-8.599161e-09
1.3081551e-13
-6.2822956e-08
2.3298947e-12
-6.2824379e-08
3.2033963e-12
-8.6024994e-09
2.6674046e-13
4.0594953e-08
3.0830242e-08
-1.9394126e-12
3.0833615e-08
-2.0384919e-12
4.0598413e-08
-2.3407204e-12
-8.5988593e-09
1.6573022e-13
-6.2825463e-08
2.5595784e-12
-6.2826773e-08
2.1921126e-12
-8.6021323e-09
2.0120494e-12
4.0595134e-08
3.0832254e-08
-1.4700419e-13
3.0833768e-08
-2.8153623e-12
4.060109e-08
-1.8333762e-12
-8.5998319e-09
1.2048732e-13
-6.2827408e-08
2.1043379e-12
-6.2828748e-08
2.9515558e-12
-8.6029705e-09
1.6145402e-13
4.0597931e-08
3.083242e-08
-1.8369369e-12
3.0835604e-08
-1.8044377e-12
4.0601058e-08
-2.1374211e-12
-8.5994996e-09
1.5512454e-13
-6.2829701e-08
2.3383964e-12
-6.2830932e-08
1.9473062e-12
-8.6025799e-09
1.9061765e-12
4.0597973e-08
3.0834326e-08
-4.9399804e-14
3.0835659e-08
-2.5852273e-12
4.0603602e-08
-1.6356011e-12
-8.60044e-09
1.1001576e-13
-6.2831438e-08
1.8883071e-12
-6.2832702e-08
2.7106771e-12
-8.6033933e-09
6.071054e-14
4.0600631e-08
3.0834391e-08
-1.7390422e-12
3.0837398e-08
-1.5807627e-12
4.0603444e-08
-1.9434084e-12
-8.6000782e-09
1.4444464e-13
-6.2833527e-08
2.126369e-12
-6.2834684e-08
1.712821e-12
-8.6029803e-09
1.8048839e-12
4.0600539e-08
3.0836196e-08
4.4104053e-14
3.0837359e-08
-2.365044e-12
4.0605862e-08
-1.4465376e-12
-8.6009875e-09
9.9516407e-14
-6.2835064e-08
1.6809607e-12
-6.2836257e-08
2.4797439e-12
-8.6037703e-09
-3.5929941e-14
4.0603062e-08
3.0836164e-08
-1.6452563e-12
3.0839004e-08
-1.3663677e-12
4.0605583e-08
-1.757669e-12
-8.6005972e-09
1.3379324e-13
-6.2836956e-08
1.9226578e-12
-6.2838047e-08
1.4876591e-12
-8.603336e-09
1.7077277e-12
4.0602843e-08
3.0837872e-08
1.3395943e-13
3.0838875e-08
-2.1537345e-12
4.0607879e-08
-1.265203e-12
-8.6014766e-09
8.9080754e-14
-6.2838302e-08
1.4814704e-12
-6.283943e-08
2.2577681e-12
-8.6041035e-09
-1.2889431e-13
4.0605237e-08
3.0837747e-08
-1.5551294e-12
3.084043e-08
-1.1602076e-12
4.0607484e-08
-1.5792458e-12
-8.6010586e-09
1.232508e-13
-6.2840005e-08
1.7264428e-12
-6.2841034e-08
1.2708541e-12
-8.6036488e-09
1.61428e-12
4.0604894e-08
3.0839361e-08
2.2059599e-13
3.0840215e-08
-1.9502775e-12
4.0609663e-08
-1.0906715e-12
-8.6019092e-09
7.8779683e-14
-6.2841166e-08
1.289031e-12
-6.2842236e-08
2.0437967e-12
-8.6043948e-09
-2.1859303e-13
4.0607163e-08
3.0839147e-08
-1.468236e-12
3.0841682e-08
-9.6129509e-13
4.0609156e-08
-1.4072406e-12
-8.6014644e-09
1.1287933e-13
-6.2842687e-08
1.5369315e-12
-6.2843661e-08
1.0614782e-12
-8.6039203e-09
1.5241308e-12
4.0606701e-08
3.084067e-08
3.0441933e-13
3.0841383e-08
-1.7537115e-12
4.0611223e-08
-9.2207759e-13
-8.6022871e-09
6.8667776e-14
-6.284367e-08
1.1028682e-12
-6.2844687e-08
1.8369201e-12
-8.6046457e-09
-3.0541714e-13
4.0608851e-08
3.0840369e-08
-1.3841759e-12
3.0842766e-08
-7.6870419e-13
4.0610607e-08
-1.2408158e-12
-8.6018163e-09
1.0272611e-13
-6.2845014e-08
1.3533658e-12
-6.2845939e-08
8.5865054e-13
-8.6041521e-09
1.4368922e-12
4.0608272e-08
3.0841806e-08
3.8580868e-13
3.0842386e-08
-1.5631387e-12
4.0612564e-08
-7.5861636e-13
-8.6026119e-09
5.8786012e-14
-6.2845823e-08
9.2224637e-13
-6.2846794e-08
1.6362795e-12
-8.6048575e-09
-3.8973566e-13
4.0610306e-08
3.084142e-08
-1.3025769e-12
3.0843687e-08
-5.8157399e-13
4.0611843e-08
-1.0791958e-12
-8.6021157e-09
9.282669e-14
-6.2846996e-08
1.175031e-12
-6.2847877e-08
6.6154373e-13
-8.6043453e-09
1.3522004e-12
4.0609615e-08
3.0842772e-08
4.651155e-13
3.0843228e-08
-1.3777282e-12
4.0613694e-08
-5.9954561e-13
-8.602885e-09
4.9166513e-14
-6.2847637e-08
7.4647626e-13
-6.2848566e-08
1.4410729e-12
-8.6050313e-09
-4.7189253e-13
4.0611535e-08
3.0842304e-08
-1.2230962e-12
3.084445e-08
-3.9911183e-13
4.0612869e-08
-9.2166849e-13
-8.6023641e-09
8.3209776e-14
-6.2848643e-08
1.0012623e-12
-6.2849485e-08
4.6939065e-13
-8.6045008e-09
1.269718e-12
4.0610734e-08
3.0843573e-08
5.4266202e-13
3.0843912e-08
-1.1967199e-12
4.0614617e-08
-4.4418762e-13
-8.6031078e-09
3.9835109e-14
-6.2849119e-08
5.7492295e-13
-6.2850012e-08
1.2505631e-12
-8.605168e-09
-5.5220428e-13
4.0612544e-08
3.0843025e-08
-1.1454217e-12
3.0845057e-08
-2.2059714e-13
4.0613691e-08
-7.675877e-13
-8.6025625e-09
7.3899101e-14
-6.2849962e-08
8.3145347e-13
-6.2850771e-08
2.814924e-13
-8.6046195e-09
1.1891377e-12
4.0611636e-08
3.0844213e-08
6.1873869e-13
3.0844443e-08
-1.0194278e-12
4.0615338e-08
-2.9193088e-13
-8.6032812e-09
3.0815019e-14
-6.2850276e-08
4.0701345e-13
-6.2851139e-08
1.0640848e-12
-8.6052681e-09
-6.3095681e-13
4.0613339e-08
3.0843587e-08
-1.0692745e-12
3.0845511e-08
-4.5385529e-14
4.0614313e-08
-6.1637449e-13
-8.602712e-09
6.4917824e-14
-6.2850959e-08
6.6506435e-13
-6.2851741e-08
9.7224814e-14
-8.6047018e-09
1.1101852e-12
4.0612325e-08
3.0844696e-08
6.9360269e-13
3.0844823e-08
-8.452446e-13
4.061586e-08
-1.4223278e-13
-8.6034063e-09
2.2130202e-14
-6.2851115e-08
2.422449e-13
-6.2851953e-08
8.8105172e-13
-8.6053322e-09
-7.0840191e-13
4.0613922e-08
3.0843992e-08
-9.9441081e-13
3.0845816e-08
1.2708678e-13
4.0614737e-08
-4.6752034e-13
-8.6028136e-09
5.6291585e-14
-6.2851641e-08
5.0162908e-13
-6.28524e-08
-8.3952695e-14
-8.6047483e-09
1.0326218e-12
4.0612804e-08
3.0845023e-08
7.6747526e-13
3.0845054e-08
-6.7364626e-13
4.0616186e-08
5.3782098e-15
-8.603484e-09
1.3809032e-14
-6.2851641e-08
8.0193042e-14
-6.2852458e-08
7.0096541e-13
-8.6053608e-09
-7.8475491e-13
4.0614297e-08
3.0844243e-08
-9.2062403e-13
3.0845973e-08
2.9729845e-13
4.0614968e-08
-3.2058937e-13
-8.6028681e-09
4.8052233e-14
-6.2852011e-08
3.4076499e-13
-6.2852752e-08
-2.6248969e-13
-8.6047593e-09
9.5624776e-13
4.0613078e-08
3.0845198e-08
8.4053961e-13
3.0845138e-08
-5.0419659e-13
4.061632e-08
1.5129957e-13
-8.603515e-09
5.8876529e-15
-6.2851858e-08
-7.9478808e-14
-6.2852659e-08
5.2342304e-13
-8.6053539e-09
-8.6019051e-13
4.0614468e-08
3.0844342e-08
-8.4774751e-13
3.0845984e-08
4.6563785e-13
4.0615006e-08
-1.7522149e-13
-8.6028763e-09
4.024128e-14
-6.2852075e-08
1.8218167e-13
-6.2852803e-08
-4.3873581e-13
-8.6047349e-09
8.8090637e-13
4.0613148e-08
3.0845222e-08
9.129381e-13
3.0845076e-08
-3.3655271e-13
4.0616263e-08
2.9585177e-13
-8.6035001e-09
-1.5861942e-15
-6.2851769e-08
-2.3701054e-13
-6.2852559e-08
3.4812628e-13
-8.6053118e-09
-9.3483915e-13
4.0614438e-08
3.0844291e-08
-7.7565658e-13
3.084585e-08
6.3239758e-13
4.0614854e-08
-3.1135263e-14
-8.6028388e-09
3.2913973e-14
-6.2851835e-08
2.5690127e-14
-6.2852554e-08
-6.1293144e-13
-8.6046751e-09
8.064868e-13
4.0613018e-08
3.0845097e-08
9.8476967e-13
3.0844871e-08
-1.7046988e-13
4.0616017e-08
4.3927522e-13
-8.60344e-09
-8.5494155e-15
-6.285138e-08
-3.9253545e-13
-6.2852162e-08
1.7489102e-13
-8.6052343e-09
-1.0087838e-12
4.0614208e-08
3.0844092e-08
-7.0427146e-13
3.0845574e-08
7.9776966e-13
4.0614513e-08
1.1186927e-13
-8.6027564e-09
2.614288e-14
-6.2851296e-08
-1.287868e-13
-6.2852009e-08
-7.8519864e-13
-8.60458e-09
7.3292843e-13
4.0612689e-08
3.0844824e-08
1.0560875e-12
3.0844523e-08
-5.8067596e-15
4.0615583e-08
5.8172772e-13
-8.6033354e-09
-1.4919035e-14
-6.2850691e-08
-5.4607053e-13
-6.285147e-08
3.6558872e-15
-8.6051215e-09
-1.0820551e-12
4.0613782e-08
3.0843746e-08
-6.3355964e-13
3.0845155e-08
9.6184078e-13
4.0613986e-08
2.5390845e-13
-8.6026299e-09
2.0023053e-14
-6.285046e-08
-2.8120531e-13
-6.2851171e-08
-9.5553169e-13
-8.6044494e-09
6.6022412e-13
4.0612165e-08
3.0844405e-08
1.1268962e-12
3.0844033e-08
1.5747043e-13
4.0614963e-08
7.23283e-13
-8.6031872e-09
-2.0587838e-14
-6.2849708e-08
-6.9750628e-13
-6.2850486e-08
-1.6550801e-13
-8.6049732e-09
-1.1546289e-12
4.0613161e-08
3.0843254e-08
-5.6353727e-13
3.0844595e-08
1.1245877e-12
4.0613274e-08
3.9501353e-13
-8.6024602e-09
1.4676207e-14
-6.284933e-08
-4.3139016e-13
-6.2850042e-08
-1.1237884e-12
-8.6042831e-09
5.8842414e-13
4.0611448e-08
3.0843842e-08
1.1971503e-12
3.0843403e-08
3.1928437e-13
4.0614159e-08
8.6392917e-13
-8.6029964e-09
-2.5419046e-14
-6.2848432e-08
-8.4659739e-13
-6.2849213e-08
-3.323889e-13
-8.6047892e-09
-1.2264212e-12
4.0612348e-08
3.0842619e-08
-4.9427131e-13
3.0843895e-08
1.2858753e-12
4.0612378e-08
5.3513054e-13
-8.6022482e-09
1.0256728e-14
-6.284791e-08
-5.7902607e-13
-6.2848626e-08
-1.2896814e-12
-8.6040809e-09
5.1763919e-13
4.061054e-08
3.0843136e-08
1.2667524e-12
3.0842634e-08
4.7944531e-13
4.0613173e-08
1.0035704e-12
-8.6027639e-09
-2.9240293e-14
-6.2846869e-08
-9.9295396e-13
-6.2847654e-08
-4.9662659e-13
-8.6045691e-09
-1.2972863e-12
4.0611347e-08
3.0841842e-08
-4.2587998e-13
3.0843058e-08
1.4454557e-12
4.06113e-08
6.7412298e-13
-8.6019953e-09
6.9574368e-15
-6.2846204e-08
-7.236491e-13
-6.2846926e-08
-1.4527717e-12
-8.6038424e-09
4.4804276e-13
4.0609445e-08
3.0842289e-08
1.3355537e-12
3.0841727e-08
6.3765208e-13
4.0612005e-08
1.14203e-12
-8.6024913e-09
-3.183833e-14
-6.2845022e-08
-1.1360338e-12
-6.2845814e-08
-6.577071e-13
-8.6043127e-09
-1.3670134e-12
4.0610161e-08
3.0840926e-08
-3.5853171e-13
3.0842084e-08
1.6029711e-12
4.0610042e-08
8.1177657e-13
-8.6017028e-09
5.0156541e-15
-6.2844218e-08
-8.6464076e-13
-6.2844947e-08
-1.6124647e-12
-8.6035674e-09
3.7987339e-13
4.0608168e-08
3.0841305e-08
1.4033545e-12
3.0840686e-08
7.9349675e-13
4.0610659e-08
1.2790577e-12
-8.6021801e-09
-3.2951353e-14
-6.2842898e-08
-1.2751382e-12
-6.2843697e-08
-8.1496022e-13
-8.6040196e-09
-1.435326e-12
4.0608795e-08
3.0839873e-08
-2.9244309e-13
3.0840976e-08
1.7579605e-12
4.0608607e-08
9.4780842e-13
-8.6013727e-09
4.7209594e-15
-6.2841958e-08
-1.0012251e-12
-6.2842693e-08
-1.7680086e-12
-8.6032553e-09
3.1343378e-13
4.0606712e-08
3.0840186e-08
1.4699077e-12
3.0839511e-08
9.4647404e-13
4.0609138e-08
1.4143405e-12
-8.6018323e-09
-3.2262033e-14
-6.2840503e-08
-1.4094102e-12
-6.2841308e-08
-9.6756045e-13
-8.6036892e-09
-1.5018828e-12
4.0607253e-08
3.0838688e-08
-2.2787423e-13
3.0839737e-08
1.9098716e-12
4.0606999e-08
1.0818811e-12
-8.6010072e-09
6.4220903e-15
-6.283943e-08
-1.1324692e-12
-6.2840172e-08
-1.9184987e-12
-8.6029058e-09
2.4908957e-13
4.0605084e-08
3.0838935e-08
1.5349251e-12
3.0838207e-08
1.095997e-12
4.0607445e-08
1.54752e-12
-8.6014504e-09
-2.9390279e-14
-6.2837846e-08
-1.5378386e-12
-6.2838656e-08
-1.1145345e-12
-8.6033212e-09
-1.5662798e-12
4.0605542e-08
3.0837373e-08
-1.6511996e-13
3.0838371e-08
2.0580803e-12
4.060522e-08
1.2136225e-12
-8.6006089e-09
1.053403e-14
-6.2836645e-08
-1.2572905e-12
-6.2837391e-08
-2.0628885e-12
-8.6025182e-09
1.872643e-13
4.060329e-08
3.0837559e-08
1.5980865e-12
3.0836778e-08
1.2414203e-12
4.0605584e-08
1.678215e-12
-8.6010375e-09
-2.3886261e-14
-6.2834935e-08
-1.6592683e-12
-6.2835747e-08
-1.2547767e-12
-8.6029148e-09
-1.628057e-12
4.060367e-08
3.0835935e-08
-1.0449886e-13
3.083688e-08
2.2019184e-12
4.0603276e-08
1.342653e-12
-8.6001812e-09
1.7544844e-14
-6.2833613e-08
-1.3744725e-12
-6.2834358e-08
-2.2000083e-12
-8.602092e-09
1.2843171e-13
4.060134e-08
3.0836062e-08
1.6590529e-12
3.0835226e-08
1.3820735e-12
4.060356e-08
1.8060533e-12
-8.600597e-09
-1.5224988e-14
-6.2831784e-08
-1.7724223e-12
-6.2832593e-08
-1.3870737e-12
-8.6024695e-09
-1.6867082e-12
4.0601646e-08
3.0834379e-08
-4.6336979e-14
3.0835271e-08
2.3407117e-12
4.0601171e-08
1.4686208e-12
-8.5997279e-09
2.801906e-14
-6.2830346e-08
-1.4826924e-12
-6.2831085e-08
-2.3285983e-12
-8.6016264e-09
7.3101442e-14
4.0599243e-08
3.0834451e-08
1.7174861e-12
3.0833558e-08
1.517305e-12
4.0601378e-08
1.9307101e-12
-8.6001331e-09
-2.8041541e-15
-6.2828405e-08
-1.8759358e-12
-6.2829204e-08
-1.5101443e-12
-8.6019843e-09
-1.7416973e-12
4.0599481e-08
3.0832713e-08
9.0546261e-15
3.0833547e-08
2.4738295e-12
4.0598912e-08
1.5912449e-12
-8.5992537e-09
4.2596964e-14
-6.2826859e-08
-1.5805644e-12
-6.2827584e-08
-2.4473551e-12
-8.6011204e-09
2.1799614e-14
4.059701e-08
3.0832733e-08
1.7730724e-12
3.0831779e-08
1.6465381e-12
4.0599045e-08
2.0519554e-12
-8.5996509e-09
1.4050365e-14
-6.2824813e-08
-1.9684112e-12
-6.2825594e-08
-1.6226974e-12
-8.6014583e-09
-1.7924818e-12
4.0597187e-08
3.0830945e-08
6.1407602e-14
3.0831715e-08
2.6007483e-12
4.0596504e-08
1.7103661e-12
-8.5987638e-09
6.198414e-14
-6.2823168e-08
-1.6667068e-12
-6.2823868e-08
-2.5550021e-12
-8.6005729e-09
-2.4958932e-14
4.0594655e-08
3.0830918e-08
1.825555e-12
3.0829895e-08
1.7693411e-12
4.0596568e-08
2.1697076e-12
-8.599156e-09
3.6067986e-14
-6.2821027e-08
-2.0484979e-12
-6.2821776e-08
-1.7235141e-12
-8.6008901e-09
-1.8385451e-12
4.0594776e-08
3.0829084e-08
1.1053166e-13
3.0829782e-08
2.7211262e-12
4.0593955e-08
1.8260026e-12
-8.5982641e-09
8.6925879e-14
-6.281929e-08
-1.7398391e-12
-6.2819952e-08
-2.6503856e-12
-8.5999825e-09
-6.6709921e-14
4.0592191e-08
3.0829015e-08
1.8747711e-12
3.0827912e-08
1.8855087e-12
4.0593951e-08
2.2840893e-12
-8.5986545e-09
6.3997185e-14
-6.2817063e-08
-2.1150102e-12
-6.2817765e-08
-1.8115621e-12
-8.6002782e-09
-1.8794419e-12
4.0592265e-08
3.082714e-08
1.5635612e-13
3.0827754e-08
2.8348916e-12
4.0591271e-08
1.9384058e-12
-8.5977614e-09
1.1815788e-13
-6.2815245e-08
-1.7989218e-12
-6.2815851e-08
-2.7326082e-12
-8.5993475e-09
-1.0309211e-13
4.0589634e-08
3.0827035e-08
1.9206977e-12
3.0825838e-08
1.9951548e-12
4.0591203e-08
2.3954815e-12
-8.5981536e-09
9.8539051e-14
-6.2812941e-08
-2.1670915e-12
-6.2813578e-08
-1.8861508e-12
-8.5996207e-09
-1.9148594e-12
4.0589669e-08
3.0825124e-08
1.9897841e-13
3.0825637e-08
2.9423386e-12
4.0588458e-08
2.048109e-12
-8.5972627e-09
1.563195e-13
-6.2811052e-08
-1.8433501e-12
-6.2811581e-08
-2.8012091e-12
-8.5986659e-09
-1.3391825e-13
4.0587e-08
3.0824989e-08
1.963502e-12
3.0823678e-08
2.0988114e-12
4.058833e-08
2.5045637e-12
-8.5976604e-09
1.4023757e-13
-6.280868e-08
-2.2044426e-12
-6.2809229e-08
-1.9471377e-12
-8.5989155e-09
-1.9446984e-12
4.0587004e-08
3.0823048e-08
2.3871624e-13
3.0823437e-08
3.0442273e-12
4.0585522e-08
2.1559568e-12
-8.5967755e-09
2.0181626e-13
-6.2806729e-08
-1.8732196e-12
-6.2807157e-08
-2.8563992e-12
-8.5979354e-09
-1.5926849e-13
4.0584305e-08
3.0822887e-08
2.0035956e-12
3.0821439e-08
2.1975261e-12
4.0585335e-08
2.6123293e-12
-8.5971822e-09
1.8930935e-13
-6.2804298e-08
-2.2276281e-12
-6.2804733e-08
-1.9951981e-12
-8.5981601e-09
-1.9691791e-12
4.0584285e-08
3.0820922e-08
2.7616219e-13
3.082116e-08
3.1418761e-12
4.0582467e-08
2.2631023e-12
-8.5963069e-09
2.5461285e-13
-6.2802293e-08
-1.8896785e-12
-6.2802592e-08
-2.8993678e-12
-8.5971536e-09
-1.7960856e-13
4.0581563e-08
3.0820741e-08
2.0416885e-12
3.0819123e-08
2.2929473e-12
4.0582223e-08
2.7200599e-12
-8.596726e-09
2.4539598e-13
-6.2799811e-08
-2.2384764e-12
-6.28001e-08
-2.0321675e-12
-8.5973522e-09
-1.9889745e-12
4.0581527e-08
3.0818755e-08
3.1223506e-13
3.0818809e-08
3.2372373e-12
4.0579295e-08
2.3709538e-12
-8.5958632e-09
3.1394196e-13
-6.2797757e-08
-1.895377e-12
-6.2797894e-08
-2.9326624e-12
-8.5963182e-09
-1.9593858e-13
4.0578788e-08
3.0818558e-08
2.0788379e-12
3.0816735e-08
2.3873852e-12
4.0578994e-08
2.8292419e-12
-8.596297e-09
3.0722637e-13
-6.2795227e-08
-2.2405811e-12
-6.2795339e-08
-2.0614614e-12
-8.5964896e-09
-2.0053744e-12
4.0578738e-08
3.0816556e-08
3.4822278e-13
3.0816385e-08
3.3329415e-12
4.0576007e-08
2.4810574e-12
-8.5954487e-09
3.7791969e-13
-6.2793128e-08
-1.8950185e-12
-6.2793069e-08
-2.9606452e-12
-8.5954273e-09
-2.0997124e-13
4.0575985e-08
3.0816345e-08
2.1164848e-12
3.0814273e-08
2.4838343e-12
4.0575647e-08
2.9414143e-12
-8.5958982e-09
3.7218704e-13
-6.2790551e-08
-2.2398952e-12
-6.2790449e-08
-2.0885617e-12
-8.5955709e-09
-2.0204783e-12
4.0575924e-08
3.0814328e-08
3.8580992e-13
3.0813885e-08
3.4322966e-12
4.0572598e-08
2.5949083e-12
-8.5950645e-09
4.4307762e-13
-6.2788402e-08
-1.8959891e-12
-6.2788113e-08
-2.9900057e-12
-8.5944802e-09
-2.24334e-13
4.0573156e-08
3.0814102e-08
2.1564728e-12
3.0811733e-08
2.5859464e-12
4.0572175e-08
3.0579476e-12
-8.5955285e-09
4.3582398e-13
-6.2785773e-08
-2.2453809e-12
-6.2785425e-08
-2.1215451e-12
-8.5945964e-09
-2.0374049e-12
4.0573078e-08
3.0812068e-08
4.270832e-13
3.0811304e-08
3.5392365e-12
4.0569061e-08
2.7137018e-12
-8.5947066e-09
5.0385097e-13
-6.2783566e-08
-1.9090079e-12
-6.2783015e-08
-3.0302862e-12
-8.5934785e-09
-2.4277942e-13
4.0570288e-08
3.0811824e-08
2.2010426e-12
3.0809108e-08
2.6979527e-12
4.0568571e-08
3.1797797e-12
-8.5951804e-09
4.9133852e-13
-6.278087e-08
-2.2696332e-12
-6.2780247e-08
-2.1715834e-12
-8.5935689e-09
-2.0604981e-12
4.0570184e-08
3.0809767e-08
4.7451176e-13
3.0808631e-08
3.6582233e-12
4.0565384e-08
2.8380661e-12
-8.594364e-09
5.5211555e-13
-6.2778588e-08
-1.9486867e-12
-6.2777749e-08
-3.0943316e-12
-8.5924266e-09
-2.7037253e-13
4.0567357e-08
3.0809495e-08
2.2528003e-12
3.0806383e-08
2.8245489e-12
4.056482e-08
3.3071697e-12
-8.5948386e-09
5.2920172e-13
-6.2775802e-08
-2.3293255e-12
-6.2774883e-08
-2.2533067e-12
-8.592495e-09
-2.0954848e-12
4.0567206e-08
3.0807403e-08
5.3090277e-13
3.080585e-08
3.7941281e-12
4.0561554e-08
2.967863e-12
-8.594016e-09
5.7693151e-13
-6.2773415e-08
-2.0338071e-12
-6.2772276e-08
-3.198522e-12
-8.5913337e-09
-3.1360129e-13
4.0564319e-08
3.0807088e-08
2.3146668e-12
3.080354e-08
2.9707824e-12
4.0560905e-08
3.4395867e-12
-8.5944768e-09
5.3708471e-13
-6.2770504e-08
-2.4452489e-12
-6.2769286e-08
-2.3848531e-12
-8.5913865e-09
-2.1495236e-12
4.056409e-08
3.0804942e-08
5.9934395e-13
3.0802938e-08
3.9521467e-12
4.0557549e-08
3.1022019e-12
-8.5936307e-09
5.6473524e-13
-6.276797e-08
-2.1870418e-12
-6.2766538e-08
-3.3625807e-12
-8.5902144e-09
-3.8033417e-13
4.0561105e-08
3.080456e-08
2.3898215e-12
3.0800553e-08
3.1420129e-12
4.0556804e-08
3.5759031e-12
-8.5940566e-09
5.0038715e-13
-6.2764887e-08
-2.6416242e-12
-6.2763388e-08
-2.5873669e-12
-8.590261e-09
-2.2310497e-12
4.0560755e-08
3.0802333e-08
6.831494e-13
3.0799867e-08
4.1378362e-12
4.0553347e-08
3.2398619e-12
-8.5931624e-09
5.0029341e-13
-6.2762151e-08
-2.4337659e-12
-6.2760458e-08
-3.6086915e-12
-8.5890896e-09
-4.7951757e-13
4.0557624e-08
3.0801852e-08
2.4816674e-12
3.0797391e-08
3.3440408e-12
4.0552492e-08
3.7151106e-12
-8.5935255e-09
4.0369902e-13
-6.2758832e-08
-2.9443138e-12
-6.2757102e-08
-2.8836546e-12
-8.5891426e-09
-2.3493063e-12
4.0557096e-08
3.0799506e-08
7.8583663e-13
3.0796602e-08
4.3573699e-12
4.0548917e-08
3.3803453e-12
-8.5925523e-09
3.6876112e-13
-6.2755824e-08
-2.7995714e-12
-6.2753937e-08
-3.9596275e-12
-8.5879861e-09
-6.2049367e-13
4.0553754e-08
3.0798884e-08
2.5938458e-12
3.0794013e-08
3.5834951e-12
4.0547935e-08
3.8577638e-12
-8.5928185e-09
2.3351975e-13
-6.2752193e-08
-3.3775593e-12
-6.2750319e-08
-3.2957081e-12
-8.5880603e-09
-2.5134433e-12
4.0552978e-08
3.0796374e-08
9.1114991e-13
3.07931e-08
4.6180881e-12
4.0544225e-08
3.5257182e-12
-8.59173e-09
1.5911057e-13
-6.2748829e-08
-3.3061642e-12
-6.2746857e-08
-4.4356312e-12
-8.5869344e-09
-8.1181743e-13
4.0549352e-08
3.0795561e-08
2.7303118e-12
3.0790374e-08
3.8685004e-12
4.0543094e-08
4.0082271e-12
-8.5918617e-09
-1.7605086e-14
-6.2744796e-08
-3.959028e-12
-6.2742908e-08
-3.8408787e-12
-8.5870449e-09
-2.731086e-12
4.0548249e-08
3.0792834e-08
1.0630969e-12
3.0789309e-08
4.9292809e-12
4.0539225e-08
3.6831754e-12
-8.5906195e-09
-1.3107623e-13
-6.2740985e-08
-3.9655614e-12
-6.2739077e-08
-5.0499257e-12
-8.5859641e-09
-1.0594856e-12
4.0544256e-08
3.0791772e-08
2.8954067e-12
3.0786418e-08
4.2094175e-12
4.0537918e-08
4.1774605e-12
-8.5905795e-09
-3.4577082e-13
-6.2736455e-08
-4.6932868e-12
-6.2734722e-08
-4.5266913e-12
-8.586123e-09
-3.0063382e-12
4.0542742e-08
3.078877e-08
1.2458358e-12
3.078517e-08
5.3028183e-12
4.0533858e-08
3.8677637e-12
-8.5891483e-09
-4.9000801e-13
-6.27321e-08
-4.7729679e-12
-6.2730442e-08
-5.8030064e-12
-8.5850965e-09
-1.3645571e-12
4.0538301e-08
3.0787403e-08
3.0936749e-12
3.0782081e-08
4.6189747e-12
4.053234e-08
4.3853931e-12
-8.5889066e-09
-7.3018596e-13
-6.2726977e-08
-5.5644207e-12
-6.2725601e-08
-5.3445984e-12
-8.5853086e-09
-3.3372662e-12
4.05363e-08
3.078407e-08
1.4629581e-12
3.0780616e-08
5.752579e-12
4.0528048e-08
4.1038023e-12
-8.5872617e-09
-8.8673595e-13
-6.272199e-08
-5.6993938e-12
-6.2720791e-08
-6.6762057e-12
-8.5843353e-09
-1.7202053e-12
4.0531342e-08
3.0782348e-08
3.3287826e-12
3.0777292e-08
5.1102141e-12
4.0526274e-08
4.660812e-12
-8.5868042e-09
-1.1294564e-12
-6.2716192e-08
-6.5292369e-12
-6.2715384e-08
-6.2632875e-12
-8.5845935e-09
-3.7129478e-12
4.0528798e-08
3.0778639e-08
1.7151638e-12
3.0775574e-08
6.2904805e-12
4.0521696e-08
4.4221766e-12
-8.5849397e-09
-1.2694981e-12
-6.2710504e-08
-6.6857966e-12
-6.2709971e-08
-7.625243e-12
-8.5836576e-09
-2.1081968e-12
4.0523279e-08
3.0776529e-08
3.6001436e-12
3.0771979e-08
5.6892536e-12
4.0519614e-08
5.0351247e-12
-8.5842774e-09
-1.4829302e-12
-6.2703978e-08
-7.5131163e-12
-6.2703933e-08
-7.2221846e-12
-8.5839406e-09
-4.1099764e-12
4.0520173e-08
3.0772423e-08
1.994398e-12
3.0769982e-08
6.9152172e-12
4.051469e-08
4.8490372e-12
-8.582215e-09
-1.5711247e-12
-6.2697562e-08
-7.6409212e-12
-6.2697867e-08
-8.574163e-12
-8.5830109e-09
-2.4944169e-12
4.0514091e-08
3.0769927e-08
3.8946958e-12
3.0766092e-08
6.3380873e-12
4.0512254e-08
5.5248169e-12
-8.5813935e-09
-1.721183e-12
-6.2690308e-08
-8.4105594e-12
-6.269117e-08
-8.125134e-12
-8.5832884e-09
-4.4876252e-12
4.051046e-08
3.0765443e-08
2.2713439e-12
3.0763819e-08
7.588172e-12
4.0506935e-08
5.3804811e-12
-8.5791895e-09
-1.7255401e-12
-6.2683205e-08
-8.4446206e-12
-6.2684454e-08
-9.4089641e-12
-8.5823274e-09
-2.8222001e-12
4.0503871e-08
3.0762619e-08
4.1700714e-12
3.0759654e-08
6.9819545e-12
4.050413e-08
6.0976984e-12
-8.5782969e-09
-1.7891252e-12
-6.267531e-08
-9.0917691e-12
-6.2677144e-08
-8.8331264e-12
-8.582578e-09
-4.7796673e-12
4.0499824e-08
3.0757844e-08
2.4728323e-12
3.0757178e-08
8.1921748e-12
4.0498409e-08
5.9406318e-12
-8.576049e-09
-1.6975273e-12
-6.2667676e-08
-8.9580959e-12
-6.2669886e-08
-9.9695835e-12
-8.5815699e-09
-3.0013847e-12
4.0492854e-08
3.0754841e-08
4.3263119e-12
3.0752857e-08
7.4413379e-12
4.0495301e-08
6.6252551e-12
-8.5752244e-09
-1.6815851e-12
-6.2659361e-08
-9.417576e-12
-6.2662142e-08
-9.1567126e-12
-8.5818226e-09
-4.8805603e-12
4.0488585e-08
3.0749964e-08
2.4501666e-12
3.0750405e-08
8.481614e-12
4.0489267e-08
6.3353361e-12
-8.5730817e-09
-1.522125e-12
-6.2651507e-08
-9.0473025e-12
-6.265462e-08
-1.0045546e-11
-8.5808276e-09
-2.8933817e-12
4.0481431e-08
3.0747069e-08
4.172931e-12
3.0746237e-08
7.3943211e-12
4.0486054e-08
6.8497442e-12
-8.5725285e-09
-1.4833246e-12
-6.2643165e-08
-9.277465e-12
-6.2646818e-08
-8.8655877e-12
-8.5812311e-09
-4.6302778e-12
4.0477202e-08
3.0742443e-08
1.9587168e-12
3.0744276e-08
8.077612e-12
4.0479932e-08
6.2575019e-12
-8.5707118e-09
-1.3400634e-12
-6.2635571e-08
-8.6518902e-12
-6.2639509e-08
-9.4141893e-12
-8.5804719e-09
-2.30774e-12
4.0470094e-08
3.0740134e-08
3.4313822e-12
3.074085e-08
6.4493554e-12
4.0476922e-08
6.4632636e-12
-8.5707169e-09
-1.3931244e-12
-6.2627706e-08
-8.71223e-12
-6.2632182e-08
-7.7928953e-12
-8.5813827e-09
-3.8300954e-12
4.0466138e-08
3.0736308e-08
7.2192807e-13
3.0740126e-08
6.6755363e-12
4.0470967e-08
5.5008394e-12
-8.5695455e-09
-1.4017629e-12
-6.2620807e-08
-8.0084217e-12
-6.2625578e-08
-8.0580806e-12
-8.581336e-09
-1.0725108e-12
4.0459151e-08
3.0735234e-08
1.891534e-12
3.073824e-08
4.5891762e-12
4.0468277e-08
5.5342203e-12
-8.5704815e-09
-1.6989703e-12
-6.2613565e-08
-8.2985993e-12
-6.261897e-08
-6.2572636e-12
-8.5833686e-09
-2.394217e-12
4.0455295e-08
3.0732844e-08
-1.2426524e-12
3.073948e-08
4.8441049e-12
4.0462188e-08
4.7134623e-12
-8.570354e-09
-2.0038619e-12
-6.260685e-08
-8.2952877e-12
-6.2612681e-08
-6.8985036e-12
-8.5847682e-09
6.5986511e-13
4.0447736e-08
3.0733503e-08
-2.779151e-14
3.0739513e-08
3.4969333e-12
4.0458672e-08
5.7180663e-12
-8.5725659e-09
-2.6686519e-12
-6.2598455e-08
-1.0169121e-11
-6.2605172e-08
-6.2705837e-12
-8.5886578e-09
-8.7075365e-13
4.0442343e-08
3.0732637e-08
-2.7197748e-12
3.0742231e-08
6.0548227e-12
4.0449895e-08
7.2188864e-12
-8.573733e-09
-3.3290824e-12
-6.258791e-08
-1.317357e-11
-6.259533e-08
-9.6471291e-12
-8.5921869e-09
1.5705189e-12
4.0431124e-08
3.0734206e-08
5.7432946e-14
3.0742179e-08
9.4741619e-12
4.0440487e-08
1.2824532e-11
-8.5770739e-09
-4.340791e-12
-6.2570735e-08
-2.0212292e-11
-6.257945e-08
-1.4219721e-11
-8.5981703e-09
-1.6938765e-12
4.0418606e-08
3.0732517e-08
5.4797533e-13
3.074163e-08
2.0616934e-11
4.0420416e-08
2.2414877e-11
-8.5788748e-09
-5.1993038e-12
-6.2543124e-08
-3.1749302e-11
-6.2552902e-08
-2.6457428e-11
-8.6034648e-09
-2.5667746e-12
4.0394714e-08
3.0729949e-08
8.8865312e-12
3.0732749e-08
3.838639e-11
4.0390925e-08
4.1025444e-11
-8.5815043e-09
-6.2605707e-12
-6.2495829e-08
-5.1814514e-11
-6.2507339e-08
-4.5502697e-11
-8.6097673e-09
-1.1458627e-11
4.0360678e-08
3.0718495e-08
1.8689274e-11
3.0714058e-08
7.1438102e-11
4.0338175e-08
7.0564837e-11
-8.580634e-09
-6.8307509e-12
-6.2418436e-08
-8.2924164e-11
-6.2431248e-08
-7.9390835e-11
-8.6133032e-09
-2.1600528e-11
4.0302886e-08
3.0696893e-08
4.0634756e-11
3.0673428e-08
1.2167422e-10
4.0257144e-08
1.1775402e-10
-8.5767043e-09
-7.2960903e-12
-6.2293376e-08
-1.3043198e-10
-6.2308103e-08
-1.3030688e-10
-8.6134191e-09
-4.3907138e-11
4.0216494e-08
3.065299e-08
7.0554502e-11
3.0602872e-08
1.9937185e-10
4.0128324e-08
1.8695226e-10
-8.5642878e-09
-6.7718573e-12
-6.2099655e-08
-1.9942258e-10
-6.2115455e-08
-2.0766287e-10
-8.6051815e-09
-7.3800043e-11
4.008263e-08
3.0579189e-08
1.1892516e-10
3.0483952e-08
3.0958398e-10
3.9937674e-08
2.8592286e-10
-8.5406174e-09
-5.7480043e-12
-6.1807975e-08
-2.9599438e-10
-6.18252e-08
-3.1692731e-10
-8.5842396e-09
-1.2195533e-10
3.9887665e-08
3.0457238e-08
1.8396076e-10
3.029999e-08
4.625196e-10
3.9659113e-08
4.2058716e-10
-8.4986884e-09
-3.2398776e-12
-6.1384151e-08
-4.2706937e-10
-6.1401374e-08
-4.6728721e-10
-8.5440249e-09
-1.8620293e-10
3.9606579e-08
3.0271033e-08
2.742879e-10
3.0025707e-08
6.6436255e-10
3.9269046e-08
5.9736356e-10
-8.4316807e-09
6.7030172e-14
-6.0786846e-08
-5.9735878e-10
-6.080394e-08
-6.655831e-10
-8.4757921e-09
-2.7535565e-10
3.9216359e-08
2.9995681e-08
3.8927277e-10
2.9636432e-08
9.2116519e-10
3.873715e-08
8.2061854e-10
-8.3311382e-09
5.0557238e-12
-5.9971287e-08
-8.1263753e-10
-5.998625e-08
-9.1690486e-10
-8.3715286e-09
-3.8849613e-10
3.8687947e-08
2.9607183e-08
5.3290735e-10
2.9103529e-08
1.2351314e-09
3.8034933e-08
1.0908263e-09
-8.1868252e-09
1.0808217e-11
-5.8891262e-08
-1.072059e-09
-5.8903375e-08
-1.2243955e-09
-8.2191845e-09
-5.298189e-10
3.7993377e-08
2.9077367e-08
7.0277608e-10
2.840075e-08
1.6015619e-09
3.7136143e-08
1.4052301e-09
-7.9904987e-09
1.784192e-11
-5.7503878e-08
-1.374629e-09
-5.7510909e-08
-1.5827504e-09
-8.0110679e-09
-6.9678881e-10
3.7107411e-08
2.8380576e-08
8.9467209e-10
2.7506083e-08
2.010977e-09
3.6019844e-08
1.7522174e-09
-7.7317324e-09
2.5121175e-11
-5.5776776e-08
-1.7082583e-09
-5.5777523e-08
-1.9835748e-09
-7.7357451e-09
-8.8542702e-10
3.6009268e-08
2.7495152e-08
1.1005281e-09
2.6405551e-08
2.4404857e-09
3.4679881e-08
2.1151779e-09
-7.4064312e-09
3.2584477e-11
-5.3694188e-08
-2.0580819e-09
-5.3686863e-08
-2.4039906e-09
-7.3898427e-09
-1.0877123e-09
3.4692985e-08
2.6407436e-08
1.3044724e-09
2.5101082e-08
2.8610317e-09
3.3123327e-08
2.4651138e-09
-7.0105078e-09
3.9375887e-11
-5.1268445e-08
-2.3957459e-09
-5.1251736e-08
-2.8158273e-09
-6.9697562e-09
-1.2880149e-09
3.3165176e-08
2.5119423e-08
1.4875196e-09
2.3613558e-08
3.2258243e-09
3.1385016e-08
2.7667846e-09
-6.5514756e-09
4.4820237e-11
-4.8546488e-08
-2.6871075e-09
-4.8519815e-08
-3.1730249e-09
-6.4838459e-09
-1.467481e-09
3.1459627e-08
2.3651939e-08
1.6185262e-09
2.1995035e-08
3.4769732e-09
2.9526573e-08
2.9661807e-09
-6.0406795e-09
4.8714052e-11
-4.5629018e-08
-2.8798192e-09
-4.5591279e-08
-3.4178899e-09
-5.9457718e-09
-1.5951773e-09
2.9636916e-08
2.2056762e-08
1.6810462e-09
2.0313984e-08
3.5365724e-09
2.7671042e-08
2.9926337e-09
-5.496745e-09
5.0219656e-11
-4.2686608e-08
-2.9026395e-09
-4.2638424e-08
-3.4737941e-09
-5.3746218e-09
-1.654592e-09
2.7817711e-08
2.040217e-08
1.6998878e-09
3.3265952e-09
2.7606085e-09
5.0553988e-11
-2.6717199e-09
-3.2619974e-09
-1.6716257e-09
)
;

boundaryField
{
    left
    {
        type            calculated;
        value           nonuniform List<scalar> 8(2.503723e-18 2.503723e-18 2.503723e-18 2.503723e-18 2.503723e-18 2.503723e-18 2.503723e-18 2.503723e-18);
    }
    right
    {
        type            calculated;
        value           nonuniform List<scalar> 8(1.8614098e-08 2.6044335e-08 -4.930757e-09 -3.9976552e-08 -3.9916149e-08 -4.784343e-09 2.6227339e-08 1.8730544e-08);
    }
    walls
    {
        type            calculated;
        value           uniform 0;
    }
    frontAndBack
    {
        type            empty;
        value           nonuniform 0();
    }
}


// ************************************************************************* //
