/*--------------------------------*- C++ -*----------------------------------*\
| =========                 |                                                 |
| \\      /  F ield         | OpenFOAM: The Open Source CFD Toolbox           |
|  \\    /   O peration     | Version:  5.x                                   |
|   \\  /    A nd           | Web:      www.OpenFOAM.org                      |
|    \\/     M anipulation  |                                                 |
\*---------------------------------------------------------------------------*/
FoamFile
{
    version     2.0;
    format      ascii;
    class       surfaceScalarField;
    location    "4";
    object      phi_0;
}
// * * * * * * * * * * * * * * * * * * * * * * * * * * * * * * * * * * * * * //

dimensions      [0 3 -1 0 0 0 0];

internalField   nonuniform List<scalar> 
3592
(
-1.8378397e-06
-1.7475722e-05
-1.1784311e-06
-1.9972969e-05
-5.825658e-07
-1.9909424e-05
3.80705e-13
-1.9896126e-05
5.8256654e-07
-1.9896126e-05
1.178431e-06
-1.9909424e-05
1.8378393e-06
-1.9972968e-05
-1.747572e-05
-2.455082e-06
-1.5020638e-05
-2.2248764e-06
-2.0203171e-05
-1.1931069e-06
-2.0941187e-05
7.2974318e-13
-2.1089227e-05
1.1931082e-06
-2.1089227e-05
2.2248764e-06
-2.0941187e-05
2.455082e-06
-2.0203169e-05
-1.5020636e-05
-2.1447899e-06
-1.2875844e-05
-2.3663085e-06
-1.9981647e-05
-1.3757071e-06
-2.1931782e-05
9.5980635e-13
-2.246493e-05
1.3757086e-06
-2.2464929e-05
2.3663087e-06
-2.1931782e-05
2.1447902e-06
-1.9981646e-05
-1.2875843e-05
-1.6988865e-06
-1.1176953e-05
-2.1029963e-06
-1.9577531e-05
-1.3041147e-06
-2.2730657e-05
1.0697074e-12
-2.376904e-05
1.3041164e-06
-2.376904e-05
2.1029968e-06
-2.2730657e-05
1.6988868e-06
-1.9577531e-05
-1.1176953e-05
-1.2794239e-06
-9.897525e-06
-1.7146593e-06
-1.9142291e-05
-1.1176099e-06
-2.3327701e-05
1.0209454e-12
-2.4886647e-05
1.1176116e-06
-2.4886647e-05
1.71466e-06
-2.3327701e-05
1.2794244e-06
-1.914229e-05
-9.8975249e-06
-9.288752e-07
-8.9686457e-06
-1.3247516e-06
-1.8746409e-05
-8.9891521e-07
-2.3753531e-05
8.8099875e-13
-2.5785558e-05
8.9891665e-07
-2.5785558e-05
1.3247525e-06
-2.3753531e-05
9.2887579e-07
-1.8746408e-05
-8.9686455e-06
-6.5540501e-07
-8.313237e-06
-9.8475618e-07
-1.8417052e-05
-6.9113806e-07
-2.4047145e-05
6.7494989e-13
-2.6476693e-05
6.9113923e-07
-2.6476693e-05
9.8475718e-07
-2.4047144e-05
6.5540569e-07
-1.8417051e-05
-8.3132367e-06
-4.5218224e-07
-7.8610507e-06
-7.1054413e-07
-1.8158684e-05
-5.1336932e-07
-2.4244314e-05
4.8217951e-13
-2.6990058e-05
5.1337018e-07
-2.6990058e-05
7.1054517e-07
-2.4244314e-05
4.5218295e-07
-1.8158683e-05
-7.8610503e-06
-3.0611829e-07
-7.5549293e-06
-5.0044778e-07
-1.796435e-05
-3.7084071e-07
-2.4373918e-05
2.6847897e-13
-2.7360896e-05
3.7084129e-07
-2.7360895e-05
5.0044878e-07
-2.4373916e-05
3.0611902e-07
-1.7964349e-05
-7.5549287e-06
-2.0378285e-07
-7.3511429e-06
-3.4520612e-07
-1.7822922e-05
-2.6166227e-07
-2.4457457e-05
1.0505554e-13
-2.7622554e-05
2.6166257e-07
-2.7622554e-05
3.4520704e-07
-2.4457456e-05
2.0378357e-07
-1.782292e-05
-7.3511424e-06
-1.3346722e-07
-7.2176733e-06
-2.3371089e-07
-1.7722674e-05
-1.8083054e-07
-2.4510335e-05
-5.4823666e-14
-2.7803382e-05
1.8083061e-07
-2.7803381e-05
2.3371168e-07
-2.4510333e-05
1.3346789e-07
-1.7722672e-05
-7.2176726e-06
-8.6038135e-08
-7.1316324e-06
-1.5544267e-07
-1.7653265e-05
-1.2261909e-07
-2.4543155e-05
-1.686235e-13
-2.7925997e-05
1.2261895e-07
-2.7925997e-05
1.5544332e-07
-2.4543153e-05
8.6038731e-08
-1.7653264e-05
-7.1316318e-06
-5.4532133e-08
-7.0770987e-06
-1.0161182e-07
-1.7606183e-05
-8.1646626e-08
-2.4563118e-05
-2.5878925e-13
-2.8007641e-05
8.1646326e-08
-2.8007641e-05
1.0161229e-07
-2.4563116e-05
5.4532642e-08
-1.7606181e-05
-7.077098e-06
-3.3952161e-08
-7.0431444e-06
-6.5244563e-08
-1.7574887e-05
-5.339689e-08
-2.4574962e-05
-3.3124606e-13
-2.8061035e-05
5.3396467e-08
-2.8061034e-05
6.5244883e-08
-2.4574961e-05
3.395258e-08
-1.7574885e-05
-7.0431439e-06
-2.0703734e-08
-7.0224397e-06
-4.1106765e-08
-1.7554482e-05
-3.4275479e-08
-2.4581792e-05
-3.7059586e-13
-2.8095308e-05
3.4274946e-08
-2.8095308e-05
4.110693e-08
-2.4581791e-05
2.0704057e-08
-1.7554481e-05
-7.0224391e-06
-1.232553e-08
-7.0101126e-06
-2.5351713e-08
-1.7541453e-05
-2.1565719e-08
-2.4585576e-05
-4.1388862e-13
-2.8116871e-05
2.1565128e-08
-2.8116871e-05
2.5351741e-08
-2.4585574e-05
1.232577e-08
-1.7541452e-05
-7.0101122e-06
-7.1157693e-09
-7.0029963e-06
-1.5252234e-08
-1.7533315e-05
-1.3265138e-08
-2.4587562e-05
-4.1838769e-13
-2.8130134e-05
1.3264475e-08
-2.8130134e-05
1.5252148e-08
-2.4587561e-05
7.1159257e-09
-1.7533314e-05
-7.0029959e-06
-3.94645e-09
-6.9990485e-06
-8.8979767e-09
-1.7528361e-05
-7.9450403e-09
-2.4588512e-05
-4.327078e-13
-2.8138077e-05
7.9443719e-09
-2.8138076e-05
8.8977963e-09
-2.4588512e-05
3.9465479e-09
-1.7528361e-05
-6.9990484e-06
-2.0635688e-09
-6.9969846e-06
-4.9861612e-09
-1.7525438e-05
-4.6025443e-09
-2.4588895e-05
-4.178471e-13
-2.8142678e-05
4.6018492e-09
-2.8142678e-05
4.9859238e-09
-2.4588895e-05
2.0636087e-09
-1.7525438e-05
-6.9969846e-06
-9.8051805e-10
-6.9960029e-06
-2.6374951e-09
-1.7523779e-05
-2.5503993e-09
-2.458898e-05
-4.1316866e-13
-2.8145225e-05
2.5497358e-09
-2.8145226e-05
2.6372185e-09
-2.458898e-05
9.8052973e-10
-1.7523779e-05
-6.9960032e-06
-3.8274017e-10
-6.9956199e-06
-1.2715113e-09
-1.7522889e-05
-1.3240799e-09
-2.4588927e-05
-3.7847247e-13
-2.8146548e-05
1.3234383e-09
-2.8146549e-05
1.2712281e-09
-2.4588927e-05
3.8272221e-10
-1.752289e-05
-6.9956203e-06
-7.299982e-11
-6.9955458e-06
-5.0936078e-10
-1.7522451e-05
-6.161993e-10
-2.4588818e-05
-3.4806271e-13
-2.8147162e-05
6.1562841e-10
-2.8147163e-05
5.0909362e-10
-2.4588819e-05
7.2981695e-11
-1.7522452e-05
-6.9955465e-06
7.1928834e-11
-6.9956175e-06
-1.0942543e-10
-1.7522268e-05
-2.2589312e-10
-2.45887e-05
-2.9974561e-13
-2.8147387e-05
2.2539181e-10
-2.8147387e-05
1.0919311e-10
-2.4588702e-05
-7.1951938e-11
-1.752227e-05
-6.9956182e-06
1.2585673e-10
-6.9957422e-06
8.0810725e-11
-1.7522222e-05
-2.5248307e-11
-2.4588592e-05
-2.3677652e-13
-2.814741e-05
2.485218e-11
-2.8147411e-05
-8.0983552e-11
-2.4588594e-05
-1.2585898e-10
-1.7522224e-05
-6.9957433e-06
1.3363381e-10
-6.9958756e-06
1.5405275e-10
-1.7522241e-05
6.658697e-11
-2.4588504e-05
-1.7345029e-13
-2.8147342e-05
-6.6863783e-11
-2.8147343e-05
-1.5415904e-10
-2.4588507e-05
-1.3362297e-10
-1.7522244e-05
-6.9958767e-06
1.1946606e-10
-6.995994e-06
1.6689904e-10
-1.7522287e-05
9.835392e-11
-2.4588434e-05
-9.5208786e-14
-2.8147242e-05
-9.8505156e-11
-2.8147243e-05
-1.6691626e-10
-2.4588436e-05
-1.1942186e-10
-1.752229e-05
-6.9959953e-06
9.8273787e-11
-6.9960919e-06
1.5082395e-10
-1.7522339e-05
9.9906574e-11
-2.4588382e-05
-2.3782459e-14
-2.8147141e-05
-9.9913836e-11
-2.8147142e-05
-1.507626e-10
-2.4588385e-05
-9.8207639e-11
-1.7522341e-05
-6.9960933e-06
7.5791191e-11
-6.9961666e-06
1.2462106e-10
-1.7522386e-05
8.7466877e-11
-2.4588343e-05
6.3068796e-14
-2.8147052e-05
-8.7342712e-11
-2.8147053e-05
-1.2446037e-10
-2.4588346e-05
-7.5688256e-11
-1.7522389e-05
-6.9961681e-06
5.6563106e-11
-6.9962229e-06
9.656647e-11
-1.7522425e-05
7.0824724e-11
-2.4588317e-05
1.3249538e-13
-2.8146981e-05
-7.0554823e-11
-2.8146982e-05
-9.6329832e-11
-2.458832e-05
-5.6437106e-11
-1.7522428e-05
-6.9962243e-06
4.021659e-11
-6.9962621e-06
7.1931088e-11
-1.7522455e-05
5.3981139e-11
-2.4588297e-05
2.1406631e-13
-2.8146925e-05
-5.3592441e-11
-2.8146926e-05
-7.1602262e-11
-2.45883e-05
-4.0057388e-11
-1.7522458e-05
-6.9962636e-06
2.8246639e-11
-6.9962901e-06
5.1214885e-11
-1.7522477e-05
3.9619861e-11
-2.4588285e-05
2.7209791e-13
-2.8146885e-05
-3.910597e-11
-2.8146886e-05
-5.0824806e-11
-2.4588288e-05
-2.8068977e-11
-1.752248e-05
-6.9962915e-06
1.86955e-11
-6.9963077e-06
3.5564518e-11
-1.7522492e-05
2.7727338e-11
-2.4588275e-05
3.3720999e-13
-2.8146856e-05
-2.7122203e-11
-2.8146857e-05
-3.5102014e-11
-2.4588278e-05
-1.8492666e-11
-1.7522495e-05
-6.9963091e-06
1.2466056e-11
-6.9963199e-06
2.342626e-11
-1.7522503e-05
1.8875923e-11
-2.458827e-05
3.7679787e-13
-2.8146837e-05
-1.8181818e-11
-2.8146838e-05
-2.2924678e-11
-2.4588273e-05
-1.2252597e-11
-1.7522505e-05
-6.9963212e-06
7.461613e-12
-6.9963264e-06
1.50853e-11
-1.7522508e-05
1.204942e-11
-2.4588265e-05
4.1894524e-13
-2.8146824e-05
-1.1300253e-11
-2.8146825e-05
-1.45377e-11
-2.4588268e-05
-7.2328821e-12
-1.7522511e-05
-6.9963276e-06
4.662222e-12
-6.9963308e-06
8.7807891e-12
-1.7522512e-05
7.4194368e-12
-2.4588264e-05
4.3738367e-13
-2.8146816e-05
-6.6239602e-12
-2.8146817e-05
-8.2186611e-12
-2.4588266e-05
-4.4315674e-12
-1.7522514e-05
-6.9963319e-06
2.1757519e-12
-6.996332e-06
4.869781e-12
-1.7522513e-05
3.91488e-12
-2.4588261e-05
4.5530374e-13
-2.8146811e-05
-3.1013896e-12
-2.8146812e-05
-4.288557e-12
-2.4588263e-05
-1.9393799e-12
-1.7522515e-05
-6.996333e-06
1.1508071e-12
-6.996333e-06
1.8273012e-12
-1.7522513e-05
1.7783851e-12
-2.4588261e-05
4.5377986e-13
-2.814681e-05
-9.5910276e-13
-2.814681e-05
-1.2538532e-12
-2.4588263e-05
-9.2020425e-13
-1.7522515e-05
-6.9963338e-06
-9.3138818e-14
-6.9963319e-06
2.3415892e-13
-1.7522512e-05
9.416889e-14
-2.4588259e-05
4.5041856e-13
-2.8146808e-05
7.1138495e-13
-2.8146809e-05
3.3549978e-13
-2.4588261e-05
3.2173477e-13
-1.7522514e-05
-6.9963327e-06
-2.9116556e-13
-6.9963314e-06
-1.1873434e-12
-1.752251e-05
-7.5978828e-13
-2.4588259e-05
4.3312173e-13
-2.8146809e-05
1.538735e-12
-2.814681e-05
1.7322089e-12
-2.458826e-05
5.0842136e-13
-1.7522512e-05
-6.9963321e-06
-9.7404277e-13
-6.9963295e-06
-1.6868616e-12
-1.7522508e-05
-1.5529507e-12
-2.4588257e-05
4.1410777e-13
-2.8146809e-05
2.2956189e-12
-2.814681e-05
2.2116675e-12
-2.4588259e-05
1.1840998e-12
-1.752251e-05
-6.9963301e-06
-8.2227503e-13
-6.9963285e-06
-2.372764e-12
-1.7522506e-05
-1.8100458e-12
-2.4588258e-05
3.8671874e-13
-2.8146811e-05
2.5047168e-12
-2.8146812e-05
2.8623632e-12
-2.4588259e-05
1.0179264e-12
-1.7522507e-05
-6.996329e-06
-1.2705908e-12
-6.9963263e-06
-2.4009609e-12
-1.7522503e-05
-2.2037299e-12
-2.4588256e-05
3.5847572e-13
-2.8146812e-05
2.8498776e-12
-2.8146813e-05
2.8614572e-12
-2.4588257e-05
1.4564088e-12
-1.7522505e-05
-6.9963268e-06
-9.8703814e-13
-6.9963252e-06
-2.7789212e-12
-1.7522501e-05
-2.2061664e-12
-2.4588256e-05
3.2670613e-13
-2.8146815e-05
2.7939215e-12
-2.8146815e-05
3.2001454e-12
-2.4588257e-05
1.1576892e-12
-1.7522502e-05
-6.9963255e-06
-1.3434006e-12
-6.9963229e-06
-2.6224304e-12
-1.7522498e-05
-2.4336156e-12
-2.4588255e-05
2.9508382e-13
-2.8146816e-05
2.9698739e-12
-2.8146816e-05
3.0118692e-12
-2.4588256e-05
1.5036993e-12
-1.7522499e-05
-6.9963232e-06
-1.0190532e-12
-6.9963217e-06
-2.8807136e-12
-1.7522496e-05
-2.3360539e-12
-2.4588255e-05
2.6367388e-13
-2.8146818e-05
2.8126001e-12
-2.8146818e-05
3.2318915e-12
-2.4588256e-05
1.1651829e-12
-1.7522497e-05
-6.9963219e-06
-1.340075e-12
-6.9963195e-06
-2.6600807e-12
-1.7522493e-05
-2.4979369e-12
-2.4588254e-05
2.3313038e-13
-2.8146819e-05
2.9269863e-12
-2.814682e-05
2.9814826e-12
-2.4588254e-05
1.4767903e-12
-1.7522494e-05
-6.9963197e-06
-1.0092472e-12
-6.9963184e-06
-2.8741392e-12
-1.7522491e-05
-2.3639701e-12
-2.4588254e-05
2.0535462e-13
-2.8146822e-05
2.7382534e-12
-2.8146822e-05
3.1616515e-12
-2.4588255e-05
1.1338857e-12
-1.7522492e-05
-6.9963185e-06
-1.3148845e-12
-6.9963161e-06
-2.635252e-12
-1.7522488e-05
-2.499713e-12
-2.4588253e-05
1.7868992e-13
-2.8146823e-05
2.834769e-12
-2.8146823e-05
2.8978151e-12
-2.4588253e-05
1.4318273e-12
-1.7522489e-05
-6.9963163e-06
-9.888471e-13
-6.996315e-06
-2.8321304e-12
-1.7522486e-05
-2.3529354e-12
-2.4588253e-05
1.5631414e-13
-2.8146825e-05
2.6415873e-12
-2.8146825e-05
3.0668525e-12
-2.4588253e-05
1.0962846e-12
-1.7522486e-05
-6.9963151e-06
-1.284959e-12
-6.9963128e-06
-2.5903639e-12
-1.7522483e-05
-2.4763809e-12
-2.4588251e-05
1.3481248e-13
-2.8146826e-05
2.7358893e-12
-2.8146826e-05
2.8061268e-12
-2.4588252e-05
1.3866382e-12
-1.7522484e-05
-6.996313e-06
-9.6660306e-13
-6.9963118e-06
-2.7783711e-12
-1.7522481e-05
-2.3245959e-12
-2.4588252e-05
1.1834825e-13
-2.8146828e-05
2.5471326e-12
-2.8146829e-05
2.972669e-12
-2.4588252e-05
1.061359e-12
-1.7522481e-05
-6.9963119e-06
-1.2543529e-12
-6.9963096e-06
-2.5379861e-12
-1.7522478e-05
-2.4400951e-12
-2.458825e-05
1.021451e-13
-2.8146829e-05
2.6435381e-12
-2.814683e-05
2.7192625e-12
-2.4588251e-05
1.3451195e-12
-1.7522479e-05
-6.9963098e-06
-9.4398934e-13
-6.9963086e-06
-2.7191304e-12
-1.7522476e-05
-2.2856792e-12
-2.4588251e-05
9.1234601e-14
-2.8146832e-05
2.4610386e-12
-2.8146832e-05
2.8847452e-12
-2.4588251e-05
1.0301318e-12
-1.7522477e-05
-6.9963087e-06
-1.2233556e-12
-6.9963065e-06
-2.4809817e-12
-1.7522474e-05
-2.3946187e-12
-2.4588249e-05
7.9741363e-14
-2.8146833e-05
2.5597536e-12
-2.8146833e-05
2.6387272e-12
-2.458825e-05
1.306896e-12
-1.7522474e-05
-6.9963067e-06
-9.2073688e-13
-6.9963055e-06
-2.6556253e-12
-1.7522471e-05
-2.2384568e-12
-2.4588249e-05
7.3543813e-14
-2.8146835e-05
2.3829568e-12
-2.8146835e-05
2.8024732e-12
-2.458825e-05
1.0015334e-12
-1.7522472e-05
-6.9963057e-06
-1.1916241e-12
-6.9963035e-06
-2.4198421e-12
-1.7522469e-05
-2.3415566e-12
-2.4588248e-05
6.582444e-14
-2.8146836e-05
2.4829945e-12
-2.8146836e-05
2.5628666e-12
-2.4588249e-05
1.270753e-12
-1.7522469e-05
-6.9963037e-06
-8.9650795e-13
-6.9963025e-06
-2.5881716e-12
-1.7522467e-05
-2.1842868e-12
-2.4588248e-05
6.3326949e-14
-2.8146838e-05
2.3107759e-12
-2.8146838e-05
2.7238912e-12
-2.4588249e-05
9.7433604e-13
-1.7522467e-05
-6.9963027e-06
-1.1589875e-12
-6.9963005e-06
-2.3548921e-12
-1.7522464e-05
-2.2822284e-12
-2.4588247e-05
5.8372741e-14
-2.8146839e-05
2.4110343e-12
-2.8146839e-05
2.4896993e-12
-2.4588248e-05
1.2356542e-12
-1.7522465e-05
-6.9963008e-06
-8.7121839e-13
-6.9962996e-06
-2.5172324e-12
-1.7522462e-05
-2.1245008e-12
-2.4588247e-05
5.859774e-14
-2.8146841e-05
2.2423386e-12
-2.8146841e-05
2.6472408e-12
-2.4588248e-05
9.4764094e-13
-1.7522463e-05
-6.9962998e-06
-1.1255126e-12
-6.9962976e-06
-2.2866954e-12
-1.752246e-05
-2.2179979e-12
-2.4588246e-05
5.5495262e-14
-2.8146842e-05
2.3419414e-12
-2.8146842e-05
2.4177081e-12
-2.4588246e-05
1.200925e-12
-1.7522461e-05
-6.9962979e-06
-8.4498127e-13
-6.9962967e-06
-2.4434877e-12
-1.7522458e-05
-2.0604502e-12
-2.4588246e-05
5.7612841e-14
-2.8146844e-05
2.17596e-12
-2.8146844e-05
2.571314e-12
-2.4588247e-05
9.2090119e-13
-1.7522459e-05
-6.996297e-06
-1.0914014e-12
-6.9962948e-06
-2.2159695e-12
-1.7522456e-05
-2.1501907e-12
-2.4588245e-05
5.562005e-14
-2.8146844e-05
2.2743183e-12
-2.8146845e-05
2.3459343e-12
-2.4588246e-05
1.1661977e-12
-1.7522456e-05
-6.9962952e-06
-8.1800033e-13
-6.996294e-06
-2.367695e-12
-1.7522454e-05
-1.9933871e-12
-2.4588245e-05
5.8985668e-14
-2.8146846e-05
2.1104977e-12
-2.8146847e-05
2.4954138e-12
-2.4588246e-05
8.9383693e-13
-1.7522455e-05
-6.9962943e-06
-1.0568991e-12
-6.9962921e-06
-2.1434493e-12
-1.7522451e-05
-2.0799831e-12
-2.4588244e-05
5.7547675e-14
-2.8146847e-05
2.2072761e-12
-2.8146848e-05
2.2738735e-12
-2.4588245e-05
1.1313193e-12
-1.7522452e-05
-6.9962925e-06
-7.9049666e-13
-6.9962913e-06
-2.290578e-12
-1.752245e-05
-1.9243827e-12
-2.4588244e-05
6.1694276e-14
-2.8146849e-05
2.0452723e-12
-2.814685e-05
2.4192284e-12
-2.4588245e-05
8.6634563e-13
-1.7522451e-05
-6.9962917e-06
-1.0222417e-12
-6.9962895e-06
-2.0698042e-12
-1.7522447e-05
-2.0083536e-12
-2.4588243e-05
6.0421769e-14
-2.814685e-05
2.14033e-12
-2.814685e-05
2.2013457e-12
-2.4588244e-05
1.0962724e-12
-1.7522448e-05
-6.9962899e-06
-7.6267566e-13
-6.9962888e-06
-2.2127729e-12
-1.7522446e-05
-1.8543089e-12
-2.4588243e-05
6.5029127e-14
-2.8146852e-05
1.9799514e-12
-2.8146852e-05
2.3427075e-12
-2.4588244e-05
8.3843511e-13
-1.7522447e-05
-6.9962891e-06
-9.8763797e-13
-6.996287e-06
-1.9956121e-12
-1.7522444e-05
-1.9360872e-12
-2.4588242e-05
6.3663429e-14
-2.8146853e-05
2.0732849e-12
-2.8146853e-05
2.1283824e-12
-2.4588243e-05
1.0611195e-12
-1.7522445e-05
-6.9962875e-06
-7.3471633e-13
-6.9962863e-06
-2.1348217e-12
-1.7522442e-05
-1.7838591e-12
-2.4588242e-05
6.8520421e-14
-2.8146854e-05
1.914443e-12
-2.8146855e-05
2.2659639e-12
-2.4588243e-05
8.1017741e-13
-1.7522443e-05
-6.9962867e-06
-9.5326554e-13
-6.9962846e-06
-1.921363e-12
-1.752244e-05
-1.8638068e-12
-2.4588241e-05
6.6897242e-14
-2.8146855e-05
2.0061369e-12
-2.8146856e-05
2.0551431e-12
-2.4588242e-05
1.0259659e-12
-1.7522441e-05
-6.9962851e-06
-7.0677325e-13
-6.9962839e-06
-2.0571821e-12
-1.7522438e-05
-1.7135852e-12
-2.4588241e-05
7.1868562e-14
-2.8146857e-05
1.8488058e-12
-2.8146857e-05
2.1892045e-12
-2.4588242e-05
7.816784e-13
-1.7522439e-05
-6.9962843e-06
-9.1927536e-13
-6.9962823e-06
-1.847472e-12
-1.7522436e-05
-1.7920114e-12
-2.458824e-05
6.9887375e-14
-2.8146858e-05
1.9389971e-12
-2.8146858e-05
1.9818564e-12
-2.4588241e-05
9.9093633e-13
-1.7522437e-05
-6.9962828e-06
-6.7897945e-13
-6.9962817e-06
-1.9802422e-12
-1.7522435e-05
-1.6439332e-12
-2.4588241e-05
7.4887133e-14
-2.8146859e-05
1.7831853e-12
-2.814686e-05
2.1126802e-12
-2.4588242e-05
7.5305896e-13
-1.7522436e-05
-6.9962821e-06
-8.8579574e-13
-6.99628e-06
-1.7742942e-12
-1.7522433e-05
-1.7211067e-12
-2.458824e-05
7.2488847e-14
-2.814686e-05
1.8720374e-12
-2.8146861e-05
1.9087789e-12
-2.4588241e-05
9.5615944e-13
-1.7522434e-05
-6.9962806e-06
-6.5145148e-13
-6.9962795e-06
-1.9043344e-12
-1.7522432e-05
-1.5752681e-12
-2.458824e-05
7.7462093e-14
-2.8146862e-05
1.7177687e-12
-2.8146862e-05
2.0366549e-12
-2.4588241e-05
7.2444247e-13
-1.7522433e-05
-6.9962799e-06
-8.5293619e-13
-6.9962779e-06
-1.7021355e-12
-1.752243e-05
-1.6514266e-12
-2.4588239e-05
7.4613853e-14
-2.8146862e-05
1.8054554e-12
-2.8146863e-05
1.8361714e-12
-2.458824e-05
9.2175895e-13
-1.7522431e-05
-6.9962784e-06
-6.2429015e-13
-6.9962774e-06
-1.8297435e-12
-1.7522429e-05
-1.5078923e-12
-2.4588239e-05
7.9525552e-14
-2.8146864e-05
1.6527575e-12
-2.8146865e-05
1.9613853e-12
-2.458824e-05
6.9594741e-13
-1.752243e-05
-6.9962778e-06
-8.2078902e-13
-6.9962759e-06
-1.6312584e-12
-1.7522427e-05
-1.5832463e-12
-2.4588238e-05
7.6212179e-14
-2.8146865e-05
1.7394523e-12
-2.8146865e-05
1.7642825e-12
-2.4588239e-05
8.8784848e-13
-1.7522428e-05
-6.9962764e-06
-5.9758345e-13
-6.9962754e-06
-1.7567108e-12
-1.7522426e-05
-1.4420546e-12
-2.4588239e-05
8.1040608e-14
-2.8146866e-05
1.5883501e-12
-2.8146867e-05
1.8871101e-12
-2.458824e-05
6.6768327e-13
-1.7522427e-05
-6.9962758e-06
-7.8943101e-13
-6.9962739e-06
-1.5618842e-12
-1.7522424e-05
-1.5167907e-12
-2.4588238e-05
7.7259359e-14
-2.8146867e-05
1.6742202e-12
-2.8146867e-05
1.69334e-12
-2.4588239e-05
8.545289e-13
-1.7522425e-05
-6.9962744e-06
-5.7140504e-13
-6.9962735e-06
-1.6854355e-12
-1.7522423e-05
-1.377956e-12
-2.4588238e-05
8.1992711e-14
-2.8146868e-05
1.5247331e-12
-2.8146869e-05
1.8140426e-12
-2.4588239e-05
6.397487e-13
-1.7522424e-05
-6.9962739e-06
-7.58923e-13
-6.9962721e-06
-1.494194e-12
-1.7522421e-05
-1.4522367e-12
-2.4588237e-05
7.77507e-14
-2.8146869e-05
1.6099358e-12
-2.8146869e-05
1.6235468e-12
-2.4588238e-05
8.2188705e-13
-1.7522422e-05
-6.9962726e-06
-5.4581579e-13
-6.9962717e-06
-1.6160765e-12
-1.752242e-05
-1.3157518e-12
-2.4588238e-05
8.2385302e-14
-2.8146871e-05
1.4620756e-12
-2.8146871e-05
1.7423696e-12
-2.4588239e-05
6.122304e-13
-1.7522421e-05
-6.9962721e-06
-7.2931106e-13
-6.9962703e-06
-1.4283308e-12
-1.7522418e-05
-1.3897162e-12
-2.4588237e-05
7.7697717e-14
-2.8146871e-05
1.5467579e-12
-2.8146871e-05
1.5550786e-12
-2.4588238e-05
7.8999607e-13
-1.7522419e-05
-6.9962708e-06
-5.2086294e-13
-6.9962699e-06
-1.5487538e-12
-1.7522417e-05
-1.2555538e-12
-2.4588237e-05
8.2236962e-14
-2.8146873e-05
1.4005292e-12
-2.8146873e-05
1.6722494e-12
-2.4588238e-05
5.8520245e-13
-1.7522418e-05
-6.9962704e-06
-7.0062705e-13
-6.9962686e-06
-1.3643995e-12
-1.7522416e-05
-1.3293194e-12
-2.4588236e-05
7.712629e-14
-2.8146873e-05
1.4848257e-12
-2.8146873e-05
1.4880841e-12
-2.4588237e-05
7.5891491e-13
-1.7522417e-05
-6.9962691e-06
-4.9658145e-13
-6.9962683e-06
-1.4835495e-12
-1.7522415e-05
-1.1974341e-12
-2.4588237e-05
8.1579528e-14
-2.8146874e-05
1.3402258e-12
-2.8146875e-05
1.6038124e-12
-2.4588238e-05
5.5872715e-13
-1.7522416e-05
-6.9962687e-06
-6.7288928e-13
-6.996267e-06
-1.30247e-12
-1.7522413e-05
-1.2710966e-12
-2.4588236e-05
7.6073812e-14
-2.8146875e-05
1.4242589e-12
-2.8146875e-05
1.4226856e-12
-2.4588237e-05
7.2868943e-13
-1.7522414e-05
-6.9962675e-06
-4.7299387e-13
-6.9962667e-06
-1.4205122e-12
-1.7522413e-05
-1.1414276e-12
-2.4588236e-05
8.0455756e-14
-2.8146876e-05
1.2812776e-12
-2.8146877e-05
1.5371627e-12
-2.4588237e-05
5.3285485e-13
-1.7522414e-05
-6.9962671e-06
-6.4610392e-13
-6.9962655e-06
-1.2425802e-12
-1.7522411e-05
-1.2150642e-12
-2.4588235e-05
7.4587764e-14
-2.8146877e-05
1.3651573e-12
-2.8146877e-05
1.3589794e-12
-2.4588236e-05
6.9935328e-13
-1.7522412e-05
-6.9962659e-06
-4.5011276e-13
-6.9962652e-06
-1.3596592e-12
-1.752241e-05
-1.0875375e-12
-2.4588236e-05
7.8916702e-14
-2.8146878e-05
1.223778e-12
-2.8146879e-05
1.4723786e-12
-2.4588237e-05
5.0762518e-13
-1.7522411e-05
-6.9962656e-06
-6.2026667e-13
-6.996264e-06
-1.1847404e-12
-1.7522409e-05
-1.1612074e-12
-2.4588235e-05
7.27221e-14
-2.8146878e-05
1.3076021e-12
-2.8146879e-05
1.2970381e-12
-2.4588236e-05
6.7092913e-13
-1.752241e-05
-6.9962645e-06
-4.2794088e-13
-6.9962638e-06
-1.3009821e-12
-1.7522408e-05
-1.0357392e-12
-2.4588235e-05
7.7018653e-14
-2.814688e-05
1.1678019e-12
-2.814688e-05
1.4095155e-12
-2.4588236e-05
4.8306744e-13
-1.7522409e-05
-6.9962642e-06
-5.9536462e-13
-6.9962626e-06
-1.1289359e-12
-1.7522407e-05
-1.1094874e-12
-2.4588235e-05
7.0534945e-14
-2.814688e-05
1.251656e-12
-2.814688e-05
1.2369121e-12
-2.4588235e-05
6.4342892e-13
-1.7522408e-05
-6.9962631e-06
-4.0647373e-13
-6.9962624e-06
-1.2444496e-12
-1.7522406e-05
-9.8598583e-13
-2.4588235e-05
7.4821334e-14
-2.8146881e-05
1.1134059e-12
-2.8146882e-05
1.3486073e-12
-2.4588236e-05
4.5920169e-13
-1.7522407e-05
-6.9962628e-06
-5.7137766e-13
-6.9962613e-06
-1.075133e-12
-1.7522405e-05
-1.0598449e-12
-2.4588234e-05
6.808631e-14
-2.8146882e-05
1.1973637e-12
-2.8146882e-05
1.1786318e-12
-2.4588235e-05
6.1685608e-13
-1.7522406e-05
-6.9962617e-06
-3.8570021e-13
-6.9962611e-06
-1.1900134e-12
-1.7522404e-05
-9.3821361e-13
-2.4588235e-05
7.238492e-14
-2.8146883e-05
1.0606293e-12
-2.8146883e-05
1.2896681e-12
-2.4588236e-05
4.3603989e-13
-1.7522405e-05
-6.9962615e-06
-5.4827966e-13
-6.99626e-06
-1.0232824e-12
-1.7522403e-05
-1.0122061e-12
-2.4588234e-05
6.5435834e-14
-2.8146883e-05
1.1447537e-12
-2.8146884e-05
1.1222089e-12
-2.4588235e-05
5.912058e-13
-1.7522404e-05
-6.9962604e-06
-3.6560435e-13
-6.9962599e-06
-1.137611e-12
-1.7522402e-05
-8.9234594e-13
-2.4588235e-05
6.9767727e-14
-2.8146885e-05
1.009496e-12
-2.8146885e-05
1.2326954e-12
-2.4588235e-05
4.1358644e-13
-1.7522403e-05
-6.9962602e-06
-5.2604101e-13
-6.9962588e-06
-9.7332277e-13
-1.7522401e-05
-9.6648679e-13
-2.4588234e-05
6.2640176e-14
-2.8146885e-05
1.0938394e-12
-2.8146885e-05
1.0676399e-12
-2.4588234e-05
5.6646678e-13
-1.7522402e-05
-6.9962592e-06
-3.4616678e-13
-6.9962588e-06
-1.0871706e-12
-1.7522401e-05
-8.4829842e-13
-2.4588234e-05
6.7025357e-14
-2.8146886e-05
9.6001533e-13
-2.8146886e-05
1.1776724e-12
-2.4588235e-05
3.9183949e-13
-1.7522402e-05
-6.996259e-06
-5.0462853e-13
-6.9962577e-06
-9.2518506e-13
-1.75224e-05
-9.2259601e-13
-2.4588233e-05
5.9752204e-14
-2.8146886e-05
1.0446203e-12
-2.8146886e-05
1.0149074e-12
-2.4588234e-05
5.4262202e-13
-1.75224e-05
-6.9962581e-06
-3.273652e-13
-6.9962576e-06
-1.0386139e-12
-1.7522399e-05
-8.0598132e-13
-2.4588234e-05
6.420856e-14
-2.8146887e-05
9.1218359e-13
-2.8146888e-05
1.1245691e-12
-2.4588235e-05
3.7079206e-13
-1.75224e-05
-6.9962579e-06
-4.8400785e-13
-6.9962566e-06
-8.787951e-13
-1.7522398e-05
-8.8044004e-13
-2.4588233e-05
5.6820029e-14
-2.8146888e-05
9.9708395e-13
-2.8146888e-05
9.6398258e-13
-2.4588234e-05
5.1964991e-13
-1.7522399e-05
-6.996257e-06
-3.0917618e-13
-6.9962566e-06
-9.9185849e-13
-1.7522398e-05
-7.6530385e-13
-2.4588234e-05
6.1362655e-14
-2.8146889e-05
8.6598585e-13
-2.8146889e-05
1.0733456e-12
-2.4588235e-05
3.5043284e-13
-1.7522398e-05
-6.9962569e-06
-4.6414373e-13
-6.9962556e-06
-8.3407609e-13
-1.7522396e-05
-8.3992512e-13
-2.4588233e-05
5.388578e-14
-2.8146889e-05
9.5120785e-13
-2.8146889e-05
9.148276e-13
-2.4588234e-05
4.9752539e-13
-1.7522397e-05
-6.9962559e-06
-2.9157562e-13
-6.9962556e-06
-9.4682114e-13
-1.7522396e-05
-7.2617562e-13
-2.4588234e-05
5.8526835e-14
-2.814689e-05
8.213977e-13
-2.814689e-05
1.0239545e-12
-2.4588234e-05
3.3074721e-13
-1.7522397e-05
-6.9962558e-06
-4.4500108e-13
-6.9962546e-06
-7.9095075e-13
-1.7522395e-05
-8.0095865e-13
-2.4588233e-05
5.0985183e-14
-2.814689e-05
9.0696043e-13
-2.814689e-05
8.6739769e-13
-2.4588233e-05
4.7622122e-13
-1.7522396e-05
-6.996255e-06
-2.7453914e-13
-6.9962546e-06
-9.0341972e-13
-1.7522395e-05
-6.8850907e-13
-2.4588233e-05
5.5734642e-14
-2.8146891e-05
7.7838668e-13
-2.8146892e-05
9.7634224e-13
-2.4588234e-05
3.11718e-13
-1.7522395e-05
-6.9962549e-06
-4.2654543e-13
-6.9962537e-06
-7.4934368e-13
-1.7522394e-05
-7.6345217e-13
-2.4588233e-05
4.8148396e-14
-2.8146891e-05
8.643036e-13
-2.8146892e-05
8.2164255e-13
-2.4588233e-05
4.5570818e-13
-1.7522394e-05
-6.996254e-06
-2.5804331e-13
-6.9962537e-06
-8.6157334e-13
-1.7522393e-05
-6.522211e-13
-2.4588233e-05
5.301351e-14
-2.8146892e-05
7.3691453e-13
-2.8146893e-05
9.3045089e-13
-2.4588234e-05
2.9332644e-13
-1.7522394e-05
-6.996254e-06
-4.087435e-13
-6.9962528e-06
-7.0918125e-13
-1.7522392e-05
-7.2732207e-13
-2.4588232e-05
4.5400108e-14
-2.8146892e-05
8.2319404e-13
-2.8146893e-05
7.7750848e-13
-2.4588233e-05
4.3595601e-13
-1.7522393e-05
-6.9962531e-06
-2.420652e-13
-6.9962529e-06
-8.2120536e-13
-1.7522392e-05
-6.1723325e-13
-2.4588233e-05
5.03856e-14
-2.8146894e-05
6.9693836e-13
-2.8146894e-05
8.8622023e-13
-2.4588234e-05
2.7555227e-13
-1.7522393e-05
-6.9962531e-06
-3.9156345e-13
-6.996252e-06
-6.7039415e-13
-1.7522391e-05
-6.9248981e-13
-2.4588232e-05
4.2759262e-14
-2.8146893e-05
7.8358471e-13
-2.8146894e-05
7.3494019e-13
-2.4588233e-05
4.1693427e-13
-1.7522392e-05
-6.9962523e-06
-2.2658365e-13
-6.9962521e-06
-7.8224252e-13
-1.7522391e-05
-5.8347305e-13
-2.4588233e-05
4.7867733e-14
-2.8146895e-05
6.5841234e-13
-2.8146895e-05
8.4358921e-13
-2.4588234e-05
2.5837545e-13
-1.7522392e-05
-6.9962523e-06
-3.749756e-13
-6.9962512e-06
-6.3291689e-13
-1.752239e-05
-6.5888313e-13
-2.4588232e-05
4.0239983e-14
-2.8146894e-05
7.454266e-13
-2.8146895e-05
6.9388142e-13
-2.4588233e-05
3.9861281e-13
-1.7522391e-05
-6.9962515e-06
-2.1157833e-13
-6.9962513e-06
-7.4461725e-13
-1.752239e-05
-5.5087399e-13
-2.4588233e-05
4.5472131e-14
-2.8146896e-05
6.2128901e-13
-2.8146896e-05
8.0249679e-13
-2.4588233e-05
2.4177515e-13
-1.752239e-05
-6.9962515e-06
-3.5895163e-13
-6.9962504e-06
-5.9668939e-13
-1.7522389e-05
-6.2643613e-13
-2.4588232e-05
3.785226e-14
-2.8146895e-05
7.0866948e-13
-2.8146896e-05
6.5427651e-13
-2.4588233e-05
3.8096202e-13
-1.7522389e-05
-6.9962507e-06
-1.9703131e-13
-6.9962506e-06
-7.0826661e-13
-1.7522389e-05
-5.1937601e-13
-2.4588233e-05
4.3207029e-14
-2.8146897e-05
5.8552019e-13
-2.8146897e-05
7.6288298e-13
-2.4588233e-05
2.2573188e-13
-1.7522389e-05
-6.9962508e-06
-3.4346605e-13
-6.9962497e-06
-5.6165614e-13
-1.7522388e-05
-5.9508949e-13
-2.4588232e-05
3.5602281e-14
-2.8146896e-05
6.73263e-13
-2.8146897e-05
6.1607136e-13
-2.4588232e-05
3.6395345e-13
-1.7522388e-05
-6.99625e-06
-1.82926e-13
-6.9962499e-06
-6.7313308e-13
-1.7522388e-05
-4.8892534e-13
-2.4588233e-05
4.1077426e-14
-2.8146897e-05
5.5105802e-13
-2.8146898e-05
7.2469e-13
-2.4588233e-05
2.1022626e-13
-1.7522388e-05
-6.9962501e-06
-3.2849511e-13
-6.9962491e-06
-5.2776709e-13
-1.7522387e-05
-5.6478975e-13
-2.4588232e-05
3.349296e-14
-2.8146897e-05
6.3915784e-13
-2.8146897e-05
5.7921402e-13
-2.4588232e-05
3.4755985e-13
-1.7522387e-05
-6.9962493e-06
-1.692477e-13
-6.9962492e-06
-6.3916478e-13
-1.7522387e-05
-4.5947436e-13
-2.4588232e-05
3.908497e-14
-2.8146898e-05
5.1785615e-13
-2.8146898e-05
6.8786326e-13
-2.4588233e-05
1.9524004e-13
-1.7522387e-05
-6.9962494e-06
-3.1401745e-13
-6.9962484e-06
-4.9497776e-13
-1.7522386e-05
-5.3549022e-13
-2.4588232e-05
3.1524744e-14
-2.8146898e-05
6.0630696e-13
-2.8146898e-05
5.4365598e-13
-2.4588232e-05
3.3175588e-13
-1.7522387e-05
-6.9962487e-06
-1.5598347e-13
-6.9962486e-06
-6.063156e-13
-1.7522386e-05
-4.3098143e-13
-2.4588232e-05
3.722936e-14
-2.8146899e-05
4.8587068e-13
-2.8146899e-05
6.5235125e-13
-2.4588233e-05
1.8075689e-13
-1.7522386e-05
-6.9962488e-06
-3.0001377e-13
-6.9962479e-06
-4.6324876e-13
-1.7522385e-05
-5.0714975e-13
-2.4588232e-05
2.9695995e-14
-2.8146899e-05
5.7466573e-13
-2.8146899e-05
5.0935174e-13
-2.4588232e-05
3.1651774e-13
-1.7522386e-05
-6.9962481e-06
-1.4312259e-13
-6.9962481e-06
-5.7454432e-13
-1.7522385e-05
-4.0341071e-13
-2.4588232e-05
3.5508576e-14
-2.81469e-05
4.5506018e-13
-2.81469e-05
6.1810672e-13
-2.4588233e-05
1.6676145e-13
-1.7522386e-05
-6.9962482e-06
-2.86467e-13
-6.9962473e-06
-4.3254595e-13
-1.7522384e-05
-4.7973302e-13
-2.4588231e-05
2.8003568e-14
-2.81469e-05
5.4419249e-13
-2.81469e-05
4.762606e-13
-2.4588232e-05
3.0182382e-13
-1.7522385e-05
-6.9962475e-06
-1.3065576e-13
-6.9962475e-06
-5.4381575e-13
-1.7522384e-05
-3.767315e-13
-2.4588232e-05
3.3918888e-14
-2.8146901e-05
4.2538666e-13
-2.8146901e-05
5.8508701e-13
-2.4588233e-05
1.5324048e-13
-1.7522385e-05
-6.9962476e-06
-2.7336239e-13
-6.9962468e-06
-4.0284066e-13
-1.7522384e-05
-4.5320995e-13
-2.4588231e-05
2.6443591e-14
-2.81469e-05
5.1484919e-13
-2.81469e-05
4.4434554e-13
-2.4588232e-05
2.8765459e-13
-1.7522384e-05
-6.996247e-06
-1.1857594e-13
-6.996247e-06
-5.1409964e-13
-1.7522384e-05
-3.5091862e-13
-2.4588232e-05
3.2456534e-14
-2.8146901e-05
3.9681598e-13
-2.8146901e-05
5.5325367e-13
-2.4588232e-05
1.4018222e-13
-1.7522384e-05
-6.9962471e-06
-2.6068722e-13
-6.9962463e-06
-3.7410898e-13
-1.7522383e-05
-4.2755574e-13
-2.4588231e-05
2.5011107e-14
-2.8146901e-05
4.8660254e-13
-2.8146901e-05
4.1357478e-13
-2.4588232e-05
2.7399262e-13
-1.7522383e-05
-6.9962465e-06
-1.0687756e-13
-6.9962465e-06
-4.8537085e-13
-1.7522383e-05
-3.2595179e-13
-2.4588232e-05
3.1116397e-14
-2.8146902e-05
3.6931847e-13
-2.8146902e-05
5.2257368e-13
-2.4588232e-05
1.2757718e-13
-1.7522383e-05
-6.9962466e-06
-2.4843068e-13
-6.9962458e-06
-3.4633208e-13
-1.7522382e-05
-4.0275071e-13
-2.4588231e-05
2.370113e-14
-2.8146901e-05
4.5942295e-13
-2.8146902e-05
3.8392125e-13
-2.4588232e-05
2.6082301e-13
-1.7522383e-05
-6.996246e-06
-9.5557162e-14
-6.9962461e-06
-4.5760945e-13
-1.7522382e-05
-3.0181548e-13
-2.4588232e-05
2.9893777e-14
-2.8146902e-05
3.4286846e-13
-2.8146903e-05
4.9301913e-13
-2.4588232e-05
1.1541782e-13
-1.7522383e-05
-6.9962462e-06
-2.365844e-13
-6.9962454e-06
-3.1949625e-13
-1.7522382e-05
-3.787794e-13
-2.4588231e-05
2.2508163e-14
-2.8146902e-05
4.3328592e-13
-2.8146902e-05
3.5536304e-13
-2.4588231e-05
2.4813291e-13
-1.7522382e-05
-6.9962456e-06
-8.4612992e-14
-6.9962456e-06
-4.3080078e-13
-1.7522382e-05
-2.7849852e-13
-2.4588232e-05
2.8783122e-14
-2.8146903e-05
3.1744535e-13
-2.8146903e-05
4.6456728e-13
-2.4588232e-05
1.0369856e-13
-1.7522382e-05
-6.9962457e-06
-2.2514186e-13
-6.996245e-06
-2.9359234e-13
-1.7522381e-05
-3.5563148e-13
-2.4588231e-05
2.1427199e-14
-2.8146903e-05
4.0817144e-13
-2.8146903e-05
3.2788331e-13
-2.4588231e-05
2.359122e-13
-1.7522381e-05
-6.9962451e-06
-7.4045232e-14
-6.9962453e-06
-4.0493459e-13
-1.7522381e-05
-2.5599449e-13
-2.4588232e-05
2.7780037e-14
-2.8146903e-05
2.9303291e-13
-2.8146904e-05
4.3720063e-13
-2.4588232e-05
9.2415882e-14
-1.7522381e-05
-6.9962453e-06
-2.1409877e-13
-6.9962446e-06
-2.6861587e-13
-1.752238e-05
-3.3330065e-13
-2.4588231e-05
2.0453152e-14
-2.8146903e-05
3.8406425e-13
-2.8146903e-05
3.0147043e-13
-2.4588231e-05
2.2415248e-13
-1.7522381e-05
-6.9962448e-06
-6.3855545e-14
-6.9962449e-06
-3.8000576e-13
-1.7522381e-05
-2.3430101e-13
-2.4588232e-05
2.6879584e-14
-2.8146904e-05
2.696196e-13
-2.8146904e-05
4.1090705e-13
-2.4588232e-05
8.1568314e-14
-1.7522381e-05
-6.996245e-06
-2.0345272e-13
-6.9962442e-06
-2.4456716e-13
-1.752238e-05
-3.1178502e-13
-2.4588231e-05
1.9581075e-14
-2.8146903e-05
3.6095362e-13
-2.8146904e-05
2.7611775e-13
-2.4588231e-05
2.1284829e-13
-1.752238e-05
-6.9962444e-06
-5.4047627e-14
-6.9962445e-06
-3.5601376e-13
-1.752238e-05
-2.1341985e-13
-2.4588232e-05
2.607672e-14
-2.8146904e-05
2.4719837e-13
-2.8146904e-05
3.8567929e-13
-2.4588232e-05
7.1156533e-14
-1.752238e-05
-6.9962446e-06
-1.9320354e-13
-6.9962439e-06
-2.2145093e-13
-1.7522379e-05
-2.9108715e-13
-2.4588231e-05
1.8805627e-14
-2.8146904e-05
3.3883343e-13
-2.8146904e-05
2.5182328e-13
-2.4588231e-05
2.0199608e-13
-1.752238e-05
-6.9962441e-06
-4.4626607e-14
-6.9962442e-06
-3.3296275e-13
-1.752238e-05
-1.9335757e-13
-2.4588232e-05
2.5366435e-14
-2.8146905e-05
2.257659e-13
-2.8146905e-05
3.6151522e-13
-2.4588232e-05
6.1182477e-14
-1.752238e-05
-6.9962443e-06
-1.8335245e-13
-6.9962436e-06
-1.9927639e-13
-1.7522379e-05
-2.7121417e-13
-2.4588231e-05
1.8121513e-14
-2.8146904e-05
3.1770099e-13
-2.8146904e-05
2.2858945e-13
-2.4588231e-05
1.915941e-13
-1.7522379e-05
-6.9962437e-06
-3.5599433e-14
-6.9962439e-06
-3.1086141e-13
-1.7522379e-05
-1.7412442e-13
-2.4588231e-05
2.4743179e-14
-2.8146905e-05
2.0532239e-13
-2.8146905e-05
3.3841602e-13
-2.4588232e-05
5.1650535e-14
-1.7522379e-05
-6.996244e-06
-1.7390299e-13
-6.9962433e-06
-1.7805675e-13
-1.7522379e-05
-2.5217681e-13
-2.4588231e-05
1.7522392e-14
-2.8146905e-05
2.9755649e-13
-2.8146905e-05
2.0642188e-13
-2.4588231e-05
1.8164312e-13
-1.7522379e-05
-6.9962434e-06
-2.6973866e-14
-6.9962436e-06
-2.8972281e-13
-1.7522379e-05
-1.557348e-13
-2.4588231e-05
2.420022e-14
-2.8146905e-05
1.8587043e-13
-2.8146905e-05
3.163872e-13
-2.4588232e-05
4.2565724e-14
-1.7522379e-05
-6.9962437e-06
-1.6486008e-13
-6.996243e-06
-1.5780942e-13
-1.7522378e-05
-2.3399068e-13
-2.4588231e-05
1.7000965e-14
-2.8146905e-05
2.7840273e-13
-2.8146905e-05
1.8532976e-13
-2.4588231e-05
1.7214465e-13
-1.7522378e-05
-6.9962432e-06
-1.8759791e-14
-6.9962434e-06
-2.6956372e-13
-1.7522378e-05
-1.3820761e-13
-2.4588231e-05
2.3729531e-14
-2.8146906e-05
1.6741435e-13
-2.8146906e-05
2.954364e-13
-2.4588232e-05
3.3934394e-14
-1.7522379e-05
-6.9962434e-06
-1.5623076e-13
-6.9962428e-06
-1.3855511e-13
-1.7522378e-05
-2.1667548e-13
-2.458823e-05
1.654762e-14
-2.8146905e-05
2.6024367e-13
-2.8146905e-05
1.6532339e-13
-2.4588231e-05
1.6310213e-13
-1.7522378e-05
-6.9962429e-06
-1.0967825e-14
-6.9962432e-06
-2.5040473e-13
-1.7522378e-05
-1.2156553e-13
-2.4588231e-05
2.3320406e-14
-2.8146906e-05
1.4995852e-13
-2.8146906e-05
2.7557306e-13
-2.4588231e-05
2.5763152e-14
-1.7522378e-05
-6.9962432e-06
-1.4802321e-13
-6.9962426e-06
-1.2031778e-13
-1.7522377e-05
-2.0025533e-13
-2.458823e-05
1.6150103e-14
-2.8146905e-05
2.4308207e-13
-2.8146906e-05
1.4641427e-13
-2.4588231e-05
1.5451908e-13
-1.7522378e-05
-6.9962427e-06
-3.6092883e-15
-6.9962429e-06
-2.3226996e-13
-1.7522378e-05
-1.0583595e-13
-2.4588231e-05
2.2958679e-14
-2.8146906e-05
1.3350575e-13
-2.8146906e-05
2.5680652e-13
-2.4588231e-05
1.8058904e-14
-1.7522378e-05
-6.996243e-06
-1.4024667e-13
-6.9962424e-06
-1.031247e-13
-1.7522377e-05
-1.8475877e-13
-2.458823e-05
1.5792359e-14
-2.8146906e-05
2.2691864e-13
-2.8146906e-05
1.2861245e-13
-2.4588231e-05
1.4639977e-13
-1.7522377e-05
-6.9962425e-06
3.3039088e-15
-6.9962427e-06
-2.1518647e-13
-1.7522377e-05
-9.1049883e-14
-2.4588231e-05
2.2626037e-14
-2.8146906e-05
1.1805548e-13
-2.8146906e-05
2.3914443e-13
-2.4588231e-05
1.0827621e-14
-1.7522378e-05
-6.9962428e-06
-1.3291173e-13
-6.9962422e-06
-8.7004764e-14
-1.7522377e-05
-1.702185e-13
-2.458823e-05
1.5452871e-14
-2.8146906e-05
2.1175037e-13
-2.8146906e-05
1.1192519e-13
-2.458823e-05
1.3874748e-13
-1.7522377e-05
-6.9962423e-06
9.7590468e-15
-6.9962426e-06
-1.9918309e-13
-1.7522377e-05
-7.7242799e-14
-2.4588231e-05
2.2298324e-14
-2.8146907e-05
1.0360146e-13
-2.8146907e-05
2.2259131e-13
-2.4588231e-05
4.0738529e-15
-1.7522377e-05
-6.9962426e-06
-1.2602979e-13
-6.996242e-06
-7.1988385e-14
-1.7522377e-05
-1.5667155e-13
-2.458823e-05
1.5104627e-14
-2.8146906e-05
1.9756671e-13
-2.8146906e-05
9.6355158e-14
-2.458823e-05
1.315647e-13
-1.7522377e-05
-6.9962421e-06
1.5744074e-14
-6.9962424e-06
-1.8429053e-13
-1.7522377e-05
-6.4453597e-14
-2.4588231e-05
2.1944683e-14
-2.8146907e-05
9.0129466e-14
-2.8146907e-05
2.071459e-13
-2.4588231e-05
-2.1999085e-15
-1.7522377e-05
-6.9962424e-06
-1.1961217e-13
-6.9962418e-06
-5.8106928e-14
-1.7522376e-05
-1.4415865e-13
-2.458823e-05
1.4712462e-14
-2.8146906e-05
1.8434883e-13
-2.8146906e-05
8.1897679e-14
-2.458823e-05
1.2485152e-13
-1.7522377e-05
-6.9962419e-06
2.1247421e-14
-6.9962422e-06
-1.7053995e-13
-1.7522377e-05
-5.2724663e-14
-2.4588231e-05
2.1525875e-14
-2.8146907e-05
7.7615211e-14
-2.8146907e-05
1.927992e-13
-2.4588231e-05
-7.9947811e-15
-1.7522377e-05
-6.9962422e-06
-1.1367012e-13
-6.9962417e-06
-4.5390807e-14
-1.7522376e-05
-1.3272409e-13
-2.458823e-05
1.4233108e-14
-2.8146906e-05
1.7206654e-13
-2.8146906e-05
6.8538841e-14
-2.458823e-05
1.1860531e-13
-1.7522376e-05
-6.9962418e-06
2.625904e-14
-6.9962421e-06
-1.5796179e-13
-1.7522376e-05
-4.2100936e-14
-2.4588231e-05
2.0994177e-14
-2.8146907e-05
6.6021375e-14
-2.8146907e-05
1.7953239e-13
-2.4588231e-05
-1.3315751e-14
-1.7522377e-05
-6.9962421e-06
-1.0821426e-13
-6.9962415e-06
-3.3868681e-14
-1.7522376e-05
-1.2241365e-13
-2.458823e-05
1.3614232e-14
-2.8146906e-05
1.6067567e-13
-2.8146906e-05
5.6253108e-14
-2.458823e-05
1.1281948e-13
-1.7522376e-05
-6.9962416e-06
3.0770079e-14
-6.996242e-06
-1.4658386e-13
-1.7522376e-05
-3.2628168e-14
-2.4588231e-05
2.0292674e-14
-2.8146907e-05
5.5295848e-14
-2.8146907e-05
1.6731418e-13
-2.4588231e-05
-1.8173251e-14
-1.7522376e-05
-6.996242e-06
-1.0325381e-13
-6.9962414e-06
-2.3565031e-14
-1.7522376e-05
-1.1327393e-13
-2.458823e-05
1.2794655e-14
-2.8146906e-05
1.5011694e-13
-2.8146907e-05
4.500095e-14
-2.458823e-05
1.0748255e-13
-1.7522376e-05
-6.9962415e-06
3.4775228e-14
-6.9962418e-06
-1.3642943e-13
-1.7522376e-05
-2.4350729e-14
-2.4588231e-05
1.9355912e-14
-2.8146907e-05
4.5370025e-14
-2.8146907e-05
1.5609862e-13
-2.4588231e-05
-2.2583476e-14
-1.7522376e-05
-6.9962418e-06
-9.8795153e-14
-6.9962413e-06
-1.4497339e-14
-1.7522376e-05
-1.0534857e-13
-2.458823e-05
1.1705103e-14
-2.8146907e-05
1.4031417e-13
-2.8146907e-05
3.4726788e-14
-2.458823e-05
1.0257762e-13
-1.7522376e-05
-6.9962414e-06
3.8273005e-14
-6.9962417e-06
-1.2751327e-13
-1.7522376e-05
-1.7308291e-14
-2.4588231e-05
1.8111536e-14
-2.8146907e-05
3.6158028e-14
-2.8146907e-05
1.4582376e-13
-2.4588231e-05
-2.6569827e-14
-1.7522376e-05
-6.9962417e-06
-9.4840602e-14
-6.9962412e-06
-6.6723909e-15
-1.7522375e-05
-9.8673921e-14
-2.458823e-05
1.0270937e-14
-2.8146907e-05
1.3117422e-13
-2.8146907e-05
2.5357811e-14
-2.458823e-05
9.8080713e-14
-1.7522375e-05
-6.9962413e-06
4.1268122e-14
-6.9962416e-06
-1.1983776e-13
-1.7522376e-05
-1.1529444e-14
-2.4588231e-05
1.6483664e-14
-2.8146907e-05
2.755727e-14
-2.8146907e-05
1.3641056e-13
-2.4588231e-05
-3.0163788e-14
-1.7522376e-05
-6.9962416e-06
-9.1386364e-14
-6.9962411e-06
-8.1033088e-17
-1.7522375e-05
-9.3272144e-14
-2.458823e-05
8.4169604e-15
-2.8146907e-05
1.2258867e-13
-2.8146907e-05
1.6803345e-14
-2.458823e-05
9.3960875e-14
-1.7522375e-05
-6.9962412e-06
4.3772817e-14
-6.9962415e-06
-1.1338604e-13
-1.7522376e-05
-7.0242989e-15
-2.4588231e-05
1.4399658e-14
-2.8146907e-05
1.9450805e-14
-2.8146907e-05
1.2776245e-13
-2.4588231e-05
-3.3404652e-14
-1.7522376e-05
-6.9962415e-06
-8.8420115e-14
-6.996241e-06
5.3095077e-15
-1.7522375e-05
-8.9141823e-14
-2.458823e-05
6.0750355e-15
-2.8146907e-05
1.1443708e-13
-2.8146907e-05
8.9549085e-15
-2.458823e-05
9.0179298e-14
-1.7522375e-05
-6.9962411e-06
4.581106e-14
-6.9962414e-06
-1.0811423e-13
-1.7522375e-05
-3.7733738e-15
-2.458823e-05
1.1799165e-14
-2.8146907e-05
1.1712448e-14
-2.8146907e-05
1.1976631e-13
-2.458823e-05
-3.6340699e-14
-1.7522375e-05
-6.9962414e-06
-8.5916633e-14
-6.9962409e-06
9.5639214e-15
-1.7522375e-05
-8.6245483e-14
-2.458823e-05
3.1953772e-15
-2.8146907e-05
1.0659365e-13
-2.8146907e-05
1.6884055e-15
-2.458823e-05
8.6689229e-14
-1.7522375e-05
-6.996241e-06
4.7421813e-14
-6.9962413e-06
-1.039406e-13
-1.7522375e-05
-1.7135537e-15
-2.458823e-05
8.6475078e-15
-2.8146907e-05
4.2146147e-15
-2.8146907e-05
1.1229599e-13
-2.458823e-05
-3.9027868e-14
-1.7522375e-05
-6.9962413e-06
-8.3833895e-14
-6.9962408e-06
1.2791499e-14
-1.7522375e-05
-8.449301e-14
-2.458823e-05
-2.3832123e-16
-2.8146907e-05
9.8937558e-14
-2.8146907e-05
-5.1313805e-15
-2.458823e-05
8.3437001e-14
-1.7522375e-05
-6.9962409e-06
4.8663994e-14
-6.9962413e-06
-1.0073259e-13
-1.7522375e-05
-7.1939146e-16
-2.458823e-05
4.9526887e-15
-2.8146907e-05
-3.1588638e-15
-2.8146907e-05
1.0521724e-13
-2.458823e-05
-4.1529434e-14
-1.7522375e-05
-6.9962412e-06
-8.2107348e-14
-6.9962407e-06
1.5158738e-14
-1.7522375e-05
-8.3721761e-14
-2.4588229e-05
-4.1895997e-15
-2.8146907e-05
9.1366927e-14
-2.8146907e-05
-1.1643872e-14
-2.4588229e-05
8.0362935e-14
-1.7522375e-05
-6.9962408e-06
4.9621401e-14
-6.9962412e-06
-9.8293443e-14
-1.7522375e-05
-5.8348595e-16
-2.458823e-05
7.87553e-16
-2.8146907e-05
-1.0496319e-14
-2.8146907e-05
9.8397269e-14
-2.458823e-05
-4.3912876e-14
-1.7522375e-05
-6.9962412e-06
-8.064466e-14
-6.9962407e-06
1.6903149e-14
-1.7522374e-05
-8.3677229e-14
-2.4588229e-05
-8.5455076e-15
-2.8146907e-05
8.3818379e-14
-2.8146907e-05
-1.7981262e-14
-2.4588229e-05
7.7404248e-14
-1.7522375e-05
-6.9962407e-06
5.0409202e-14
-6.9962411e-06
-9.6348907e-14
-1.7522375e-05
-9.9627946e-16
-2.458823e-05
-3.6870882e-15
-2.8146907e-05
-1.783727e-14
-2.8146907e-05
9.1717058e-14
-2.458823e-05
-4.6246988e-14
-1.7522375e-05
-6.9962411e-06
-7.931923e-14
-6.9962406e-06
1.8344867e-14
-1.7522374e-05
-8.3992588e-14
-2.4588229e-05
-1.3094078e-14
-2.8146907e-05
7.6288672e-14
-2.8146907e-05
-2.4254131e-14
-2.4588229e-05
7.4498461e-14
-1.7522374e-05
-6.9962407e-06
5.1175909e-14
-6.996241e-06
-9.4536532e-14
-1.7522375e-05
-1.5300792e-15
-2.458823e-05
-8.2001257e-15
-2.8146907e-05
-2.5148334e-14
-2.8146907e-05
8.5086695e-14
-2.458823e-05
-4.8596552e-14
-1.7522375e-05
-6.996241e-06
-7.7967463e-14
-6.9962405e-06
1.9892224e-14
-1.7522374e-05
-8.4179261e-14
-2.4588229e-05
-1.7503698e-14
-2.8146907e-05
6.8859256e-14
-2.8146907e-05
-3.0534478e-14
-2.4588229e-05
7.1587684e-14
-1.7522374e-05
-6.9962406e-06
5.2105898e-14
-6.9962409e-06
-9.2407906e-14
-1.7522375e-05
-1.6366321e-15
-2.458823e-05
-1.2354295e-14
-2.8146907e-05
-3.2299179e-14
-2.8146907e-05
7.8462851e-14
-2.458823e-05
-5.1016192e-14
-1.7522375e-05
-6.9962409e-06
-7.6387807e-14
-6.9962404e-06
2.2030878e-14
-1.7522374e-05
-8.3633428e-14
-2.4588229e-05
-2.131356e-14
-2.8146907e-05
6.1718306e-14
-2.8146907e-05
-3.6834413e-14
-2.4588229e-05
6.8622314e-14
-1.7522374e-05
-6.9962405e-06
5.3410858e-14
-6.9962409e-06
-8.9445771e-14
-1.7522374e-05
-6.6701792e-16
-2.458823e-05
-1.562645e-14
-2.8146907e-05
-3.903992e-14
-2.8146907e-05
7.1869528e-14
-2.458823e-05
-5.3543024e-14
-1.7522375e-05
-6.9962409e-06
-7.4347104e-14
-6.9962403e-06
2.5290123e-14
-1.7522374e-05
-8.1673106e-14
-2.4588229e-05
-2.3944295e-14
-2.8146907e-05
5.5180481e-14
-2.8146907e-05
-4.3080937e-14
-2.4588229e-05
6.5564306e-14
-1.7522374e-05
-6.9962405e-06
5.5313144e-14
-6.9962408e-06
-8.5114378e-14
-1.7522374e-05
2.0658315e-15
-2.458823e-05
-1.7390978e-14
-2.8146907e-05
-4.4976869e-14
-2.8146907e-05
6.5422577e-14
-2.458823e-05
-5.6186282e-14
-1.7522374e-05
-6.9962408e-06
-7.1598374e-14
-6.9962403e-06
3.0162652e-14
-1.7522374e-05
-7.7627666e-14
-2.4588229e-05
-2.4732961e-14
-2.8146907e-05
4.9711693e-14
-2.8146907e-05
-4.9075125e-14
-2.4588229e-05
6.2390817e-14
-1.7522374e-05
-6.9962404e-06
5.8001707e-14
-6.9962407e-06
-7.8967497e-14
-1.7522374e-05
7.1588906e-15
-2.458823e-05
-1.6970178e-14
-2.8146907e-05
-4.9530448e-14
-2.8146907e-05
5.938187e-14
-2.458823e-05
-5.8905139e-14
-1.7522374e-05
-6.9962408e-06
-6.7927617e-14
-6.9962402e-06
3.6939644e-14
-1.7522374e-05
-7.1013331e-14
-2.4588229e-05
-2.2994706e-14
-2.8146906e-05
4.5992184e-14
-2.8146907e-05
-5.4394773e-14
-2.4588229e-05
5.9113764e-14
-1.7522374e-05
-6.9962404e-06
6.1541332e-14
-6.9962407e-06
-7.0872524e-14
-1.7522374e-05
1.4869156e-14
-2.4588229e-05
-1.3708751e-14
-2.8146907e-05
-5.181144e-14
-2.8146907e-05
5.4292999e-14
-2.458823e-05
-6.1548031e-14
-1.7522374e-05
-6.9962407e-06
-6.3265105e-14
-6.9962402e-06
4.5368164e-14
-1.7522373e-05
-6.1872262e-14
-2.4588229e-05
-1.8099907e-14
-2.8146906e-05
4.5117588e-14
-2.8146906e-05
-5.8140435e-14
-2.4588229e-05
5.5858232e-14
-1.7522374e-05
-6.9962403e-06
6.5666589e-14
-6.9962406e-06
-6.1494982e-14
-1.7522374e-05
2.4631918e-14
-2.4588229e-05
-7.0503016e-15
-2.8146907e-05
-5.0267216e-14
-2.8146907e-05
5.1381385e-14
-2.458823e-05
-6.3682655e-14
-1.7522374e-05
-6.9962407e-06
-5.7972055e-14
-6.9962401e-06
5.3914389e-14
-1.7522373e-05
-5.1446959e-14
-2.4588228e-05
-9.5342428e-15
-2.8146906e-05
4.9160333e-14
-2.8146906e-05
-5.827118e-14
-2.4588229e-05
5.311588e-14
-1.7522374e-05
-6.9962403e-06
6.9306503e-14
-6.9962406e-06
-5.337786e-14
-1.7522374e-05
3.408493e-14
-2.4588229e-05
3.4227753e-15
-2.8146907e-05
-4.1771809e-14
-2.8146907e-05
5.3581285e-14
-2.4588229e-05
-6.414289e-14
-1.7522374e-05
-6.9962406e-06
-5.3557433e-14
-6.9962401e-06
5.8139079e-14
-1.7522373e-05
-4.3589672e-14
-2.4588228e-05
3.1007087e-15
-2.8146906e-05
6.2571463e-14
-2.8146906e-05
-4.9986248e-14
-2.4588229e-05
5.245357e-14
-1.7522374e-05
-6.9962402e-06
6.947061e-14
-6.9962405e-06
-5.3369567e-14
-1.7522374e-05
3.7025571e-14
-2.4588229e-05
1.8033291e-14
-2.8146907e-05
-1.9498683e-14
-2.8146907e-05
6.8009113e-14
-2.4588229e-05
-5.9904558e-14
-1.7522374e-05
-6.9962406e-06
-5.4413515e-14
-6.99624e-06
4.7120805e-14
-1.7522373e-05
-4.7752365e-14
-2.4588228e-05
2.0189653e-14
-2.8146906e-05
9.5351888e-14
-2.8146906e-05
-2.2037226e-14
-2.4588228e-05
5.8285157e-14
-1.7522373e-05
-6.9962402e-06
5.8699151e-14
-6.9962405e-06
-7.7962418e-14
-1.7522374e-05
1.9137109e-14
-2.4588229e-05
3.716714e-14
-2.8146907e-05
3.1639996e-14
-2.8146907e-05
1.114789e-13
-2.4588229e-05
-4.3472814e-14
-1.7522374e-05
-6.9962406e-06
-7.1782166e-14
-6.9962399e-06
-4.1542578e-15
-1.7522373e-05
-8.5192706e-14
-2.4588228e-05
4.2309504e-14
-2.8146906e-05
1.6963734e-13
-2.8146906e-05
5.1121482e-14
-2.4588228e-05
8.1927992e-14
-1.7522373e-05
-6.9962401e-06
1.9508253e-14
-6.9962404e-06
-1.644083e-13
-1.7522373e-05
-5.0587731e-14
-2.4588229e-05
6.1510353e-14
-2.8146907e-05
1.4400307e-13
-2.8146907e-05
2.2190675e-13
-2.4588229e-05
2.7854671e-15
-1.7522373e-05
-6.9962404e-06
-1.3217581e-13
-6.9962398e-06
-1.4994953e-13
-1.7522373e-05
-2.0101945e-13
-2.4588228e-05
7.0458302e-14
-2.8146907e-05
3.3219643e-13
-2.8146907e-05
2.2477701e-13
-2.4588228e-05
1.5015309e-13
-1.7522373e-05
-6.9962399e-06
-8.678197e-14
-6.9962401e-06
-3.9192284e-13
-1.7522373e-05
-2.3556336e-13
-2.4588229e-05
9.223764e-14
-2.8146907e-05
3.8328815e-13
-2.8146907e-05
4.7976398e-13
-2.4588229e-05
1.1793746e-13
-1.7522373e-05
-6.9962401e-06
-2.9354314e-13
-6.9962393e-06
-5.0077089e-13
-1.7522372e-05
-4.8485742e-13
-2.4588228e-05
1.0609773e-13
-2.8146907e-05
6.7526037e-13
-2.8146907e-05
6.1105385e-13
-2.4588228e-05
3.214498e-13
-1.7522372e-05
-6.9962394e-06
-3.3981396e-13
-6.9962394e-06
-9.1652085e-13
-1.7522372e-05
-6.5584237e-13
-2.4588229e-05
1.3086513e-13
-2.8146909e-05
8.7251995e-13
-2.8146909e-05
1.0428325e-12
-2.4588229e-05
3.8229277e-13
-1.7522372e-05
-6.9962394e-06
-6.7172716e-13
-6.9962383e-06
-1.2621649e-12
-1.7522371e-05
-1.0982759e-12
-2.4588229e-05
1.5070932e-13
-2.8146909e-05
1.3632878e-12
-2.8146909e-05
1.4172924e-12
-2.4588228e-05
7.1244742e-13
-1.7522371e-05
-6.9962383e-06
-8.8759686e-13
-6.9962378e-06
-2.0123535e-12
-1.752237e-05
-1.5118541e-12
-2.458823e-05
1.7849979e-13
-2.8146912e-05
1.8144069e-12
-2.8146911e-05
2.1867553e-12
-2.4588229e-05
9.4465064e-13
-1.752237e-05
-6.9962377e-06
-1.471278e-12
-6.9962359e-06
-2.7634468e-12
-1.7522368e-05
-2.2873269e-12
-2.4588229e-05
2.0446349e-13
-2.8146913e-05
2.6432651e-12
-2.8146913e-05
2.9734074e-12
-2.4588229e-05
1.5284242e-12
-1.7522368e-05
-6.9962358e-06
-1.9630809e-12
-6.9962343e-06
-4.0730636e-12
-1.7522367e-05
-3.0642354e-12
-2.4588231e-05
2.3399252e-13
-2.8146917e-05
3.4678138e-12
-2.8146917e-05
4.30455e-12
-2.458823e-05
2.038412e-12
-1.7522366e-05
-6.996234e-06
-2.9850888e-12
-6.9962308e-06
-5.3891334e-12
-1.7522364e-05
-4.302396e-12
-2.4588231e-05
2.6395903e-13
-2.8146921e-05
4.7605876e-12
-2.8146921e-05
5.6609965e-12
-2.4588231e-05
3.0623447e-12
-1.7522363e-05
-6.9962306e-06
-3.8237775e-12
-6.9962274e-06
-7.4260645e-12
-1.7522361e-05
-5.4418021e-12
-2.4588234e-05
2.9153298e-13
-2.8146928e-05
5.9511496e-12
-2.8146927e-05
7.7183688e-12
-2.4588233e-05
3.9205047e-12
-1.752236e-05
-6.9962269e-06
-5.4568731e-12
-6.9962214e-06
-9.1830144e-12
-1.7522356e-05
-7.0288821e-12
-2.4588235e-05
3.1960996e-13
-2.8146934e-05
7.5848973e-12
-2.8146934e-05
9.5147502e-12
-2.4588234e-05
5.5565649e-12
-1.7522355e-05
-6.996221e-06
-6.455385e-12
-6.9962154e-06
-1.1623593e-11
-1.7522352e-05
-7.9973097e-12
-2.458824e-05
3.381848e-13
-2.8146943e-05
8.593319e-12
-2.8146943e-05
1.196815e-11
-2.4588238e-05
6.5742541e-12
-1.752235e-05
-6.9962147e-06
-8.5818361e-12
-6.9962063e-06
-1.2672455e-11
-1.7522347e-05
-8.9533357e-12
-2.4588243e-05
3.5369677e-13
-2.8146952e-05
9.5724313e-12
-2.8146951e-05
1.3045064e-11
-2.4588241e-05
8.7027973e-12
-1.7522345e-05
-6.9962056e-06
-8.7614091e-12
-6.9961978e-06
-1.3642825e-11
-1.7522342e-05
-7.7536681e-12
-2.4588249e-05
3.5298307e-13
-2.8146961e-05
8.3782398e-12
-2.814696e-05
1.4011248e-11
-2.4588247e-05
8.8985145e-12
-1.752234e-05
-6.9961969e-06
-1.031003e-11
-6.996187e-06
-1.028707e-11
-1.7522342e-05
-4.961645e-12
-2.4588253e-05
3.4120904e-13
-2.8146965e-05
5.565379e-12
-2.8146964e-05
1.0657976e-11
-2.4588251e-05
1.0445105e-11
-1.752234e-05
-6.996186e-06
-6.9281643e-12
-6.9961804e-06
-4.3957873e-12
-1.7522345e-05
3.5134068e-12
-2.4588262e-05
3.0977814e-13
-2.8146963e-05
-2.9674594e-12
-2.8146962e-05
4.7351835e-12
-2.458826e-05
7.0725319e-12
-1.7522342e-05
-6.9961792e-06
-4.6994536e-12
-6.9961751e-06
1.2004382e-11
-1.7522361e-05
1.7297017e-11
-2.4588266e-05
2.5505538e-13
-2.8146945e-05
-1.6835471e-11
-2.8146944e-05
-1.1702999e-11
-2.4588264e-05
4.8328718e-12
-1.7522358e-05
-6.9961739e-06
8.0520291e-12
-6.9961835e-06
3.6376743e-11
-1.752239e-05
4.3418108e-11
-2.4588274e-05
1.8436645e-13
-2.8146902e-05
-4.3103264e-11
-2.8146901e-05
-3.6141997e-11
-2.4588272e-05
-7.9208182e-12
-1.7522387e-05
-6.996182e-06
2.0856166e-11
-6.9962038e-06
8.197515e-11
-1.7522451e-05
8.1683759e-11
-2.4588273e-05
7.586909e-14
-2.814682e-05
-8.1526299e-11
-2.8146819e-05
-8.1829804e-11
-2.458827e-05
-2.0751567e-11
-1.7522448e-05
-6.9962024e-06
5.2833365e-11
-6.996257e-06
1.4483713e-10
-1.7522543e-05
1.4259988e-10
-2.4588272e-05
-3.4044406e-14
-2.8146678e-05
-1.4268824e-10
-2.8146677e-05
-1.4479578e-10
-2.4588269e-05
-5.2748014e-11
-1.752254e-05
-6.9962555e-06
8.7440843e-11
-6.996344e-06
2.4394718e-10
-1.7522699e-05
2.255706e-10
-2.4588253e-05
-1.9537565e-13
-2.8146452e-05
-2.2587876e-10
-2.8146451e-05
-2.4404948e-10
-2.458825e-05
-8.7407018e-11
-1.7522696e-05
-6.9963426e-06
1.5185267e-10
-6.9964963e-06
3.7242445e-10
-1.7522921e-05
3.436957e-10
-2.4588225e-05
-3.3104959e-13
-2.8146108e-05
-3.4433232e-10
-2.8146108e-05
-3.7266468e-10
-2.4588223e-05
-1.5186169e-10
-1.7522918e-05
-6.9964949e-06
2.2234111e-10
-6.9967183e-06
5.5277129e-10
-1.7523251e-05
4.9425765e-10
-2.4588166e-05
-5.2723065e-13
-2.8145613e-05
-4.9514152e-10
-2.8145613e-05
-5.5320381e-10
-2.4588164e-05
-2.2243807e-10
-1.7523249e-05
-6.9967171e-06
3.3165298e-10
-6.9970507e-06
7.7253782e-10
-1.7523693e-05
6.8968616e-10
-2.4588085e-05
-6.6136984e-13
-2.8144924e-05
-6.9093502e-10
-2.8144923e-05
-7.731364e-10
-2.4588083e-05
-3.318224e-10
-1.7523691e-05
-6.9970496e-06
4.4897637e-10
-6.9974996e-06
1.0517611e-09
-1.7524296e-05
9.2194368e-10
-2.4587955e-05
-8.5943946e-13
-2.8144001e-05
-9.2341396e-10
-2.8144001e-05
-1.0525871e-09
-2.4587953e-05
-4.4927829e-10
-1.7524294e-05
-6.9974989e-06
6.0635352e-10
-6.9981069e-06
1.3685973e-09
-1.7525059e-05
1.19697e-09
-2.4587785e-05
-9.5889801e-13
-2.8142804e-05
-1.1987762e-09
-2.8142804e-05
-1.3696088e-09
-2.4587784e-05
-6.0675326e-10
-1.7525058e-05
-6.9981064e-06
7.6733698e-10
-6.9988744e-06
1.7315683e-09
-1.7526023e-05
1.4970806e-09
-2.458755e-05
-1.12329e-12
-2.8141306e-05
-1.4990318e-09
-2.8141306e-05
-1.7328151e-09
-2.458755e-05
-7.6790065e-10
-1.7526023e-05
-6.9988745e-06
9.5483422e-10
-6.9998303e-06
2.1052372e-09
-1.7527175e-05
1.8148121e-09
-2.4587261e-05
-1.1718973e-12
-2.8139491e-05
-1.8170218e-09
-2.8139491e-05
-2.1066653e-09
-2.4587262e-05
-9.554823e-10
-1.7527176e-05
-6.9998307e-06
1.1285537e-09
-7.0009591e-06
2.4776303e-09
-1.7528524e-05
2.1189196e-09
-2.4586902e-05
-1.3032195e-12
-2.8137371e-05
-2.1212036e-09
-2.8137372e-05
-2.4792515e-09
-2.4586904e-05
-1.1293366e-09
-1.7528526e-05
-7.0009601e-06
1.2937617e-09
-7.0022537e-06
2.7961535e-09
-1.7530026e-05
2.3838404e-09
-2.4586491e-05
-1.3302419e-12
-2.8134987e-05
-2.3863176e-09
-2.8134988e-05
-2.7979008e-09
-2.4586494e-05
-1.2945424e-09
-1.753003e-05
-7.0022552e-06
1.4052392e-09
-7.0036589e-06
3.0196422e-09
-1.753164e-05
2.5578166e-09
-2.4586029e-05
-1.4205582e-12
-2.8132428e-05
-2.5603163e-09
-2.8132429e-05
-3.0214902e-09
-2.4586033e-05
-1.4061053e-09
-1.7531645e-05
-7.0036613e-06
1.4620818e-09
-7.0051215e-06
3.071155e-09
-1.753325e-05
2.5825516e-09
-2.4585541e-05
-1.406485e-12
-2.8129844e-05
-2.5851623e-09
-2.8129846e-05
-3.0730535e-09
-2.4585546e-05
-1.4629153e-09
-1.7533255e-05
-7.0051243e-06
1.4750275e-09
2.8897286e-09
2.3786233e-09
-1.4243118e-12
-2.3811983e-09
-2.8915817e-09
-1.4759422e-09
)
;

boundaryField
{
    left
    {
        type            calculated;
        value           nonuniform List<scalar> 8(1.9313562e-05 1.9313562e-05 1.9313562e-05 1.9313562e-05 1.9313562e-05 1.9313562e-05 1.9313562e-05 1.9313562e-05);
    }
    right
    {
        type            calculated;
        value           nonuniform List<scalar> 8(-7.0065963e-06 -1.7534664e-05 -2.458503e-05 -2.8127464e-05 -2.8127466e-05 -2.4585035e-05 -1.753467e-05 -7.0066003e-06);
    }
    walls
    {
        type            calculated;
        value           uniform 0;
    }
    frontAndBack
    {
        type            empty;
        value           nonuniform 0();
    }
}


// ************************************************************************* //
