/*--------------------------------*- C++ -*----------------------------------*\
| =========                 |                                                 |
| \\      /  F ield         | OpenFOAM: The Open Source CFD Toolbox           |
|  \\    /   O peration     | Version:  5.x                                   |
|   \\  /    A nd           | Web:      www.OpenFOAM.org                      |
|    \\/     M anipulation  |                                                 |
\*---------------------------------------------------------------------------*/
FoamFile
{
    version     2.0;
    format      ascii;
    class       volSymmTensorField;
    location    "4";
    object      sigma;
}
// * * * * * * * * * * * * * * * * * * * * * * * * * * * * * * * * * * * * * //

dimensions      [0 2 -2 0 0 0 0];

internalField   nonuniform List<symmTensor> 
1920
(
(0.0019084704 0.011755534 0 -0.0074880489 0 0)
(-0.00038204487 0.0042811682 0 0.0014166079 0 0)
(-0.0013257636 0.0028954703 0 0.00098376755 0 0)
(-0.00085317009 0.00093737269 0 0.0008743896 0 0)
(-0.00085313944 -0.00093738311 0 0.00087435822 0 0)
(-0.0013257799 -0.0028954205 0 0.0009837848 0 0)
(-0.00038204693 -0.0042811543 0 0.0014166104 0 0)
(0.0019084692 -0.011755535 0 -0.0074880458 0 0)
(0.0041668415 0.0078807489 0 -0.0036933017 0 0)
(0.00037901704 0.0015092069 0 0.00055203351 0 0)
(-0.0025969944 0.00041635247 0 0.0021736697 0 0)
(-0.0025423997 0.00026360629 0 0.0023123319 0 0)
(-0.0025423779 -0.00026361462 0 0.0023123081 0 0)
(-0.0025970142 -0.00041626961 0 0.0021736912 0 0)
(0.00037901867 -0.0015092103 0 0.00055202834 0 0)
(0.0041668413 -0.007880752 0 -0.003693302 0 0)
(0.0035410384 0.0067657653 0 -0.0046411198 0 0)
(0.00093560847 0.00076098749 0 -0.00052890846 0 0)
(-0.0020888932 0.00019053856 0 0.0018503381 0 0)
(-0.0025717166 5.8847724e-05 0 0.0024452512 0 0)
(-0.0025717459 -5.8845841e-05 0 0.0024452833 0 0)
(-0.0020888781 -0.00019067454 0 0.0018503185 0 0)
(0.00093561282 -0.00076099933 0 -0.00052891064 0 0)
(0.0035410394 -0.0067657646 0 -0.0046411224 0 0)
(0.0027385616 0.0063276713 0 -0.0038788796 0 0)
(0.0010359193 0.0012315229 0 -0.00088207173 0 0)
(-0.0014871722 0.00021877315 0 0.0013919521 0 0)
(-0.0023201537 6.0330368e-06 0 0.0022891803 0 0)
(-0.0023201421 -6.041527e-06 0 0.0022891689 0 0)
(-0.001487186 -0.00021871714 0 0.0013919666 0 0)
(0.001035925 -0.0012315181 0 -0.00088207751 0 0)
(0.0027385636 -0.0063276701 0 -0.0038788811 0 0)
(0.0020428906 0.0060475097 0 -0.0028726887 0 0)
(0.00093099243 0.0017509967 0 -0.000899263 0 0)
(-0.00099339877 0.00059787133 0 0.00092862978 0 0)
(-0.001979252 7.685416e-05 0 0.0019561286 0 0)
(-0.0019793116 -7.6859757e-05 0 0.0019561909 0 0)
(-0.000993553 -0.00059775958 0 0.00092878477 0 0)
(0.00093100261 -0.0017510049 0 -0.00089927376 0 0)
(0.002042903 -0.0060475104 0 -0.002872702 0 0)
(0.0015091643 0.0058378042 0 -0.0021598761 0 0)
(0.00077441688 0.0022597498 0 -0.00081933374 0 0)
(-0.00086769614 0.00074452107 0 0.00081228858 0 0)
(-0.0014125909 0.00020757448 0 0.001396314 0 0)
(-0.0014125616 -0.00020759105 0 0.0013962815 0 0)
(-0.00086744513 -0.00074475111 0 0.00081204118 0 0)
(0.00077443797 -0.0022597362 0 -0.00081935452 0 0)
(0.0015091627 -0.0058377975 0 -0.0021598731 0 0)
(0.0010503669 0.0056590801 0 -0.0016158822 0 0)
(0.00058451811 0.0027713089 0 -0.0006904219 0 0)
(-0.00048595796 0.0011955274 0 0.00043624597 0 0)
(-0.0010922388 0.0003136398 0 0.0010842829 0 0)
(-0.0010922008 -0.000313658 0 0.001084246 0 0)
(-0.00048593672 -0.0011955302 0 0.00043622373 0 0)
(0.00058453504 -0.0027712998 0 -0.00069043783 0 0)
(0.001050373 -0.0056590702 0 -0.0016158882 0 0)
(0.00073571024 0.0055386575 0 -0.0012568105 0 0)
(0.00046190706 0.003023146 0 -0.00060383804 0 0)
(-0.00031339038 0.0014800272 0 0.00026237933 0 0)
(-0.00081645118 0.00041132079 0 0.00081362355 0 0)
(-0.000816498 -0.00041131126 0 0.0008136691 0 0)
(-0.00031340226 -0.0014799897 0 0.00026239153 0 0)
(0.00046190953 -0.0030231619 0 -0.00060384227 0 0)
(0.00073571187 -0.0055386469 0 -0.001256811 0 0)
(0.00050952867 0.0054574075 0 -0.0010025464 0 0)
(0.00032970194 0.0032766931 0 -0.00050024789 0 0)
(-0.00020724151 0.001688349 0 0.00015077549 0 0)
(-0.00059547168 0.00049496607 0 0.00059376145 0 0)
(-0.00059538883 -0.00049500322 0 0.00059368084 0 0)
(-0.00020720654 -0.0016883864 0 0.0001507401 0 0)
(0.00032972895 -0.0032766641 0 -0.00050027448 0 0)
(0.00050954 -0.0054573943 0 -0.001002557 0 0)
(0.00034368824 0.0054003043 0 -0.00081947912 0 0)
(0.00023892357 0.0034326654 0 -0.00042926756 0 0)
(-0.00013276311 0.0018553749 0 7.0057137e-05 0 0)
(-0.00040925239 0.00056971686 0 0.00040681979 0 0)
(-0.00040934803 -0.00056968384 0 0.00040691402 0 0)
(-0.00013277018 -0.0018553394 0 7.0065232e-05 0 0)
(0.00023892382 -0.0034326732 0 -0.00042926833 0 0)
(0.00034368933 -0.0054002878 0 -0.00081947871 0 0)
(0.00022575101 0.0053615131 0 -0.00069130775 0 0)
(0.00017031965 0.003543226 0 -0.00037448138 0 0)
(-8.2841118e-05 0.0019820598 0 1.4629801e-05 0 0)
(-0.00027941194 0.0006245171 0 0.00027561935 0 0)
(-0.00027936117 -0.00062454851 0 0.00027556931 0 0)
(-8.2818332e-05 -0.0019820945 0 1.4605789e-05 0 0)
(0.0001703369 -0.0035432015 0 -0.00037449771 0 0)
(0.00022576133 -0.0053614957 0 -0.00069131652 0 0)
(0.00014546655 0.0053360342 0 -0.00060505073 0 0)
(0.0001173454 0.0036241041 0 -0.00033098526 0 0)
(-5.0581649e-05 0.002073897 0 -2.2018326e-05 0 0)
(-0.00018651746 0.00066550897 0 0.00018132804 0 0)
(-0.00018646022 -0.00066553822 0 0.00018126981 0 0)
(-5.0588238e-05 -0.0020738701 0 -2.2010948e-05 0 0)
(0.0001173439 -0.0036241031 0 -0.000330984 0 0)
(0.00014546662 -0.0053360142 0 -0.00060504911 0 0)
(9.2322266e-05 0.0053196785 0 -0.000548459 0 0)
(7.8931097e-05 0.0036796841 0 -0.00029882727 0 0)
(-3.0274503e-05 0.0021383634 0 -4.5631294e-05 0 0)
(-0.00012216314 0.00069479529 0 0.00011579866 0 0)
(-0.00012238102 -0.00069471835 0 0.00011601696 0 0)
(-3.0266089e-05 -0.0021383875 0 -4.5640793e-05 0 0)
(7.8939518e-05 -0.0036796636 0 -0.00029883468 0 0)
(9.2327375e-05 -0.0053196582 0 -0.00054846193 0 0)
(5.7563628e-05 0.0053092794 0 -0.00051172635 0 0)
(5.2070698e-05 0.003716639 0 -0.00027602105 0 0)
(-1.7658814e-05 0.0021827708 0 -6.0616762e-05 0 0)
(-7.955627e-05 0.00071492424 0 7.2287131e-05 0 0)
(-7.9292469e-05 -0.00071504564 0 7.2022129e-05 0 0)
(-1.7665529e-05 -0.0021827578 0 -6.0609597e-05 0 0)
(5.206558e-05 -0.003716635 0 -0.00027601566 0 0)
(5.7563753e-05 -0.0053092589 0 -0.00051172459 0 0)
(3.5169546e-05 0.0053027741 0 -0.0004882308 0 0)
(3.3700315e-05 0.0037407914 0 -0.00026022358 0 0)
(-9.9950819e-06 0.0022127334 0 -6.992246e-05 0 0)
(-5.0809659e-05 0.00072884327 0 4.2882709e-05 0 0)
(-5.1083336e-05 -0.00072873663 0 4.3157638e-05 0 0)
(-9.9963856e-06 -0.0022127486 0 -6.9921969e-05 0 0)
(3.3700685e-05 -0.0037407774 0 -0.00026022307 0 0)
(3.5170587e-05 -0.0053027538 0 -0.00048822949 0 0)
(2.0998809e-05 0.0052987873 0 -0.00047346464 0 0)
(2.139714e-05 0.0037562717 0 -0.00024952874 0 0)
(-5.4122898e-06 0.00223266 0 -7.5607021e-05 0 0)
(-3.1608198e-05 0.00073835582 0 2.3223726e-05 0 0)
(-3.1218677e-05 -0.00073854645 0 2.2831803e-05 0 0)
(-5.4192058e-06 -0.0022326584 0 -7.5600018e-05 0 0)
(2.1390703e-05 -0.003756266 0 -0.00024952175 0 0)
(2.0997423e-05 -0.0052987679 0 -0.00047346132 0 0)
(1.2183293e-05 0.0052964022 0 -0.00046434527 0 0)
(1.3296544e-05 0.0037660489 0 -0.00024241382 0 0)
(-2.76063e-06 0.0022456295 0 -7.8978349e-05 0 0)
(-1.9387699e-05 0.00074456762 0 1.0697432e-05 0 0)
(-1.9642059e-05 -0.00074446706 0 1.0952963e-05 0 0)
(-2.7665203e-06 -0.0022456388 0 -7.8973069e-05 0 0)
(1.3291917e-05 -0.0037660407 0 -0.00024240849 0 0)
(1.2181504e-05 -0.0052963836 0 -0.00046434126 0 0)
(6.8181713e-06 0.0052950197 0 -0.00045883806 0 0)
(8.0731216e-06 0.0037720875 0 -0.00023778163 0 0)
(-1.2655858e-06 0.0022539572 0 -8.0932905e-05 0 0)
(-1.1711229e-05 0.00074856211 0 2.822226e-06 0 0)
(-1.1613568e-05 -0.00074862595 0 2.7234755e-06 0 0)
(-1.2720225e-06 -0.0022539629 0 -8.0926646e-05 0 0)
(8.0668177e-06 -0.0037720819 0 -0.00023777476 0 0)
(6.8159053e-06 -0.0052950024 0 -0.00045883395 0 0)
(3.6249148e-06 0.0052942519 0 -0.00045558947 0 0)
(4.7592543e-06 0.0037757547 0 -0.00023481639 0 0)
(-4.6561537e-07 0.0022591782 0 -8.2016894e-05 0 0)
(-6.6248495e-06 0.00075125686 0 -2.3926803e-06 0 0)
(-6.7535319e-06 -0.00075121091 0 -2.2635248e-06 0 0)
(-4.724475e-07 -0.0022591842 0 -8.2010541e-05 0 0)
(4.7527246e-06 -0.0037757502 0 -0.00023480933 0 0)
(3.6217143e-06 -0.0052942356 0 -0.00045558435 0 0)
(1.7962487e-06 0.0052938536 0 -0.00045375006 0 0)
(2.7070823e-06 0.0037779185 0 -0.00023296131 0 0)
(-6.3510872e-08 0.0022623968 0 -8.2591973e-05 0 0)
(-3.6712143e-06 0.00075287029 0 -5.4248826e-06 0 0)
(-3.5155405e-06 -0.00075296299 0 -5.5817058e-06 0 0)
(-6.9030572e-08 -0.0022624054 0 -8.25868e-05 0 0)
(2.7017414e-06 -0.0037779136 0 -0.00023295548 0 0)
(1.7940282e-06 -0.0052938387 0 -0.0004537462 0 0)
(7.6197069e-07 0.0052936635 0 -0.00045272418 0 0)
(1.4621234e-06 0.0037791609 0 -0.00023182704 0 0)
(1.1637061e-07 0.002264326 0 -8.2871472e-05 0 0)
(-1.721407e-06 0.00075395574 0 -7.4234874e-06 0 0)
(-1.9222551e-06 -0.0007538681 0 -7.2210332e-06 0 0)
(1.1038843e-07 -0.0022643305 0 -8.2865909e-05 0 0)
(1.455634e-06 -0.0037791583 0 -0.00023182015 0 0)
(7.584897e-07 -0.0052936495 0 -0.00045271911 0 0)
(2.1792215e-07 0.0052935922 0 -0.00045219664 0 0)
(7.3116342e-07 0.003779844 0 -0.00023115209 0 0)
(1.7680793e-07 0.0022654483 0 -8.2989178e-05 0 0)
(-8.9344996e-07 0.00075444983 0 -8.2766377e-06 0 0)
(-7.0189e-07 -0.00075456771 0 -8.4705822e-06 0 0)
(1.7209022e-07 -0.0022654568 0 -8.2984842e-05 0 0)
(7.2687526e-07 -0.0037798399 0 -0.00023114743 0 0)
(2.1561191e-07 -0.0052935793 0 -0.00045219292 0 0)
(-4.0760019e-08 0.0052935865 0 -0.00045195456 0 0)
(3.1718514e-07 0.003780194 0 -0.00023076767 0 0)
(1.8054228e-07 0.002266078 0 -8.3021918e-05 0 0)
(-1.9926623e-07 0.00075486501 0 -8.9876079e-06 0 0)
(-2.2770444e-07 -0.00075486329 0 -8.9592185e-06 0 0)
(1.757924e-07 -0.002266082 0 -8.3017561e-05 0 0)
(3.1155369e-07 -0.0037801918 0 -0.00023076173 0 0)
(-4.3600063e-08 -0.0052935746 0 -0.00045195044 0 0)
(-1.5550911e-07 0.005293611 0 -0.0004518557 0 0)
(9.279318e-08 0.00378036 0 -0.0002305538 0 0)
(1.57765e-07 0.0022664073 0 -8.3014454e-05 0 0)
(2.5988467e-08 0.00075501896 0 -9.2200334e-06 0 0)
(-6.0465027e-08 -0.00075498071 0 -9.1329297e-06 0 0)
(1.5358672e-07 -0.0022664144 0 -8.3010613e-05 0 0)
(8.9180907e-08 -0.0037803567 0 -0.0002305499 0 0)
(-1.5784854e-07 -0.0052935999 0 -0.00045185217 0 0)
(-1.8207163e-07 0.0052936413 0 -0.0004518412 0 0)
(-1.7390755e-08 0.0037804251 0 -0.00023044812 0 0)
(1.287361e-07 0.0022665695 0 -8.299048e-05 0 0)
(9.5789596e-08 0.00075507523 0 -9.2933581e-06 0 0)
(1.242842e-07 -0.00075510466 0 -9.3223603e-06 0 0)
(1.2496101e-07 -0.0022665736 0 -8.2987046e-05 0 0)
(-2.1866874e-08 -0.0037804228 0 -0.00023044338 0 0)
(-1.8437302e-07 -0.0052936309 0 -0.00045183786 0 0)
(-1.7087055e-07 0.0052936746 0 -0.00045186303 0 0)
(-7.4394579e-08 0.0037804426 0 -0.0002303888 0 0)
(1.0052285e-07 0.0022666332 0 -8.2964219e-05 0 0)
(1.5693152e-07 0.00075512868 0 -9.3560129e-06 0 0)
(1.4298648e-07 -0.00075512854 0 -9.3422199e-06 0 0)
(9.6621364e-08 -0.0022666386 0 -8.2960595e-05 0 0)
(-7.7804264e-08 -0.0037804403 0 -0.00023038517 0 0)
(-1.7327167e-07 -0.0052936646 0 -0.0004518596 0 0)
(-1.4441443e-07 0.0052937003 0 -0.00045189639 0 0)
(-7.96277e-08 0.00378043 0 -0.00023038262 0 0)
(7.3697487e-08 0.0022666514 0 -8.293565e-05 0 0)
(1.513096e-07 0.00075513319 0 -9.3508487e-06 0 0)
(1.528094e-07 -0.00075514387 0 -9.3525244e-06 0 0)
(7.0160648e-08 -0.0022666557 0 -8.2932425e-05 0 0)
(-8.4078889e-08 -0.0037804273 0 -0.00023037783 0 0)
(-1.4614586e-07 -0.0052936915 0 -0.00045189384 0 0)
(-1.1459772e-07 0.0052937228 0 -0.00045193165 0 0)
(-7.7926903e-08 0.0037804036 0 -0.00023038159 0 0)
(5.3593311e-08 0.0022666382 0 -8.2914395e-05 0 0)
(1.3399284e-07 0.00075513613 0 -9.3331876e-06 0 0)
(1.3467622e-07 -0.00075514388 0 -9.3341059e-06 0 0)
(5.0017724e-08 -0.0022666421 0 -8.2910996e-05 0 0)
(-8.1316205e-08 -0.0037804016 0 -0.00023037801 0 0)
(-1.1627801e-07 -0.0052937147 0 -0.00045192915 0 0)
(-8.7795201e-08 0.0052937393 0 -0.00045196201 0 0)
(-6.4989536e-08 0.0037803822 0 -0.00023039244 0 0)
(3.8459755e-08 0.0022666166 0 -8.2896985e-05 0 0)
(1.1766513e-07 0.00075512835 0 -9.3166219e-06 0 0)
(1.1489268e-07 -0.00075513668 0 -9.3139322e-06 0 0)
(3.4956042e-08 -0.0022666201 0 -8.2893711e-05 0 0)
(-6.8706815e-08 -0.0037803807 0 -0.00023038848 0 0)
(-8.9626654e-08 -0.0052937313 0 -0.00045195945 0 0)
(-6.8082955e-08 0.0052937518 0 -0.00045198455 0 0)
(-5.4513135e-08 0.0037803652 0 -0.00023040038 0 0)
(2.4554394e-08 0.0022665907 0 -8.2881741e-05 0 0)
(8.8592353e-08 0.00075512004 0 -9.286858e-06 0 0)
(8.8693277e-08 -0.00075512716 0 -9.2871444e-06 0 0)
(2.1865932e-08 -0.0022665952 0 -8.2879234e-05 0 0)
(-5.7685798e-08 -0.0037803633 0 -0.00023039704 0 0)
(-6.964734e-08 -0.0052937448 0 -0.00045198231 0 0)
(-4.8422786e-08 0.0052937621 0 -0.00045200585 0 0)
(-4.1835173e-08 0.0037803472 0 -0.00023041199 0 0)
(1.8684558e-08 0.0022665699 0 -8.2874224e-05 0 0)
(7.8019264e-08 0.00075511402 0 -9.2760622e-06 0 0)
(7.3181746e-08 -0.00075511932 0 -9.2712749e-06 0 0)
(1.5482045e-08 -0.0022665726 0 -8.2871218e-05 0 0)
(-4.5197472e-08 -0.0037803457 0 -0.00023040841 0 0)
(-5.0056319e-08 -0.0052937554 0 -0.00045200361 0 0)
(-3.7138059e-08 0.0052937693 0 -0.0004520186 0 0)
(-3.3524433e-08 0.0037803357 0 -0.00023041851 0 0)
(1.2708566e-08 0.0022665528 0 -8.2867415e-05 0 0)
(5.4485482e-08 0.00075510395 0 -9.2519297e-06 0 0)
(5.2907786e-08 -0.00075510984 0 -9.2504985e-06 0 0)
(9.6862481e-09 -0.0022665559 0 -8.2864525e-05 0 0)
(-3.6489355e-08 -0.0037803343 0 -0.00023041539 0 0)
(-3.8583356e-08 -0.0052937635 0 -0.00045201659 0 0)
(-2.59073e-08 0.0052937749 0 -0.00045203047 0 0)
(-2.4842335e-08 0.0037803242 0 -0.0002304269 0 0)
(1.0867525e-08 0.0022665395 0 -8.2864282e-05 0 0)
(4.3107594e-08 0.00075509867 0 -9.2404175e-06 0 0)
(4.2118029e-08 -0.00075510382 0 -9.2395054e-06 0 0)
(8.0627978e-09 -0.002266542 0 -8.2861631e-05 0 0)
(-2.7857477e-08 -0.003780323 0 -0.00023042369 0 0)
(-2.7391572e-08 -0.0052937694 0 -0.00045202847 0 0)
(-1.9775262e-08 0.0052937792 0 -0.00045203739 0 0)
(-1.9489748e-08 0.0037803174 0 -0.00023043109 0 0)
(7.0236263e-09 0.0022665277 0 -8.2860173e-05 0 0)
(3.0837233e-08 0.00075509186 0 -9.2277571e-06 0 0)
(2.9468458e-08 -0.00075509655 0 -9.2265005e-06 0 0)
(4.3168178e-09 -0.0022665302 0 -8.285757e-05 0 0)
(-2.2163968e-08 -0.0037803164 0 -0.00023042827 0 0)
(-2.1094805e-08 -0.0052937744 0 -0.00045203561 0 0)
(-1.4341469e-08 0.0052937823 0 -0.00045204302 0 0)
(-1.4863128e-08 0.0037803109 0 -0.00023043583 0 0)
(6.0654853e-09 0.0022665189 0 -8.2858347e-05 0 0)
(2.4450171e-08 0.00075508885 0 -9.2213577e-06 0 0)
(2.3944977e-08 -0.00075509323 0 -9.2209248e-06 0 0)
(3.6761498e-09 -0.0022665211 0 -8.2856069e-05 0 0)
(-1.7485405e-08 -0.00378031 0 -0.00023043304 0 0)
(-1.5666352e-08 -0.0052937778 0 -0.00045204126 0 0)
(-1.1052583e-08 0.0052937849 0 -0.00045204679 0 0)
(-1.1437302e-08 0.0037803069 0 -0.00023043842 0 0)
(4.2075031e-09 0.0022665117 0 -8.2856504e-05 0 0)
(1.871601e-08 0.00075508503 0 -9.2153709e-06 0 0)
(1.7423185e-08 -0.00075508841 0 -9.2141634e-06 0 0)
(1.9341623e-09 -0.0022665139 0 -8.2854315e-05 0 0)
(-1.378731e-08 -0.0037803062 0 -0.00023043593 0 0)
(-1.2254965e-08 -0.005293781 0 -0.0004520452 0 0)
(-8.7145303e-09 0.0052937869 0 -0.00045204913 0 0)
(-9.5428705e-09 0.0037803034 0 -0.00023044063 0 0)
(3.7731668e-09 0.0022665063 0 -8.2855448e-05 0 0)
(1.5657727e-08 0.00075508338 0 -9.2123718e-06 0 0)
(1.5313223e-08 -0.00075508748 0 -9.2120902e-06 0 0)
(1.7769636e-09 -0.0022665083 0 -8.2853539e-05 0 0)
(-1.1750213e-08 -0.0037803028 0 -0.00023043828 0 0)
(-9.8766818e-09 -0.0052937833 0 -0.00045204762 0 0)
(-7.1323363e-09 0.0052937886 0 -0.00045205106 0 0)
(-7.4120885e-09 0.0037803009 0 -0.00023044206 0 0)
(2.8502595e-09 0.0022665016 0 -8.285468e-05 0 0)
(1.3211778e-08 0.00075508132 0 -9.2097427e-06 0 0)
(1.2505008e-08 -0.00075508465 0 -9.2091125e-06 0 0)
(1.0071753e-09 -0.0022665036 0 -8.2852906e-05 0 0)
(-9.3863198e-09 -0.0037803004 0 -0.00023043997 0 0)
(-8.1747543e-09 -0.0052937855 0 -0.00045204969 0 0)
(-6.0857849e-09 0.0052937902 0 -0.00045205205 0 0)
(-6.9192435e-09 0.003780299 0 -0.00023044297 0 0)
(2.7754163e-09 0.002266498 0 -8.285409e-05 0 0)
(1.1689427e-08 0.00075508015 0 -9.2083136e-06 0 0)
(1.137148e-08 -0.00075508366 0 -9.2080449e-06 0 0)
(1.1632876e-09 -0.0022664998 0 -8.2852554e-05 0 0)
(-8.7098462e-09 -0.0037802986 0 -0.00023044107 0 0)
(-7.0628063e-09 -0.0052937874 0 -0.00045205078 0 0)
(-5.4572333e-09 0.0052937915 0 -0.00045205295 0 0)
(-5.6098597e-09 0.0037802975 0 -0.00023044364 0 0)
(2.1926005e-09 0.0022664953 0 -8.285375e-05 0 0)
(1.0576097e-08 0.00075507875 0 -9.2070456e-06 0 0)
(1.007194e-08 -0.00075508165 0 -9.2066092e-06 0 0)
(7.5903918e-10 -0.002266497 0 -8.2852375e-05 0 0)
(-7.1923131e-09 -0.0037802972 0 -0.00023044196 0 0)
(-6.3170223e-09 -0.005293789 0 -0.00045205182 0 0)
(-4.8873704e-09 0.0052937928 0 -0.00045205343 0 0)
(-5.7141583e-09 0.0037802963 0 -0.00023044402 0 0)
(2.3128169e-09 0.0022664924 0 -8.2853407e-05 0 0)
(9.7284694e-09 0.00075507787 0 -9.206308e-06 0 0)
(9.4179769e-09 -0.00075508073 0 -9.2060349e-06 0 0)
(1.069462e-09 -0.0022664939 0 -8.285223e-05 0 0)
(-7.1106157e-09 -0.003780296 0 -0.00023044253 0 0)
(-5.6706367e-09 -0.0052937906 0 -0.00045205241 0 0)
(-4.699192e-09 0.0052937939 0 -0.00045205387 0 0)
(-4.8184552e-09 0.0037802952 0 -0.0002304443 0 0)
(1.8152587e-09 0.0022664907 0 -8.2853201e-05 0 0)
(9.2094114e-09 0.00075507677 0 -9.2056463e-06 0 0)
(8.8257528e-09 -0.00075507918 0 -9.2053233e-06 0 0)
(7.4956602e-10 -0.0022664922 0 -8.2852186e-05 0 0)
(-6.0333933e-09 -0.003780295 0 -0.00023044301 0 0)
(-5.3792189e-09 -0.005293792 0 -0.00045205297 0 0)
(-4.3195328e-09 0.0052937952 0 -0.00045205415 0 0)
(-5.1599185e-09 0.0037802944 0 -0.00023044447 0 0)
(2.0221721e-09 0.0022664883 0 -8.2852978e-05 0 0)
(8.6522977e-09 0.00075507604 0 -9.2052076e-06 0 0)
(8.39004e-09 -0.00075507838 0 -9.2049735e-06 0 0)
(1.1071729e-09 -0.0022664896 0 -8.2852124e-05 0 0)
(-6.2063896e-09 -0.0037802941 0 -0.00023044335 0 0)
(-4.9223475e-09 -0.0052937934 0 -0.00045205335 0 0)
(-4.3141304e-09 0.0052937962 0 -0.00045205439 0 0)
(-4.4385467e-09 0.0037802935 0 -0.0002304446 0 0)
(1.5557069e-09 0.002266487 0 -8.2852825e-05 0 0)
(8.3973181e-09 0.00075507508 0 -9.2048148e-06 0 0)
(8.1158846e-09 -0.00075507708 0 -9.2045887e-06 0 0)
(7.9859394e-10 -0.0022664882 0 -8.2852112e-05 0 0)
(-5.3340522e-09 -0.0037802934 0 -0.00023044364 0 0)
(-4.8306594e-09 -0.0052937946 0 -0.00045205369 0 0)
(-4.0090972e-09 0.0052937974 0 -0.00045205459 0 0)
(-4.8697384e-09 0.0037802928 0 -0.00023044469 0 0)
(1.8029221e-09 0.0022664849 0 -8.2852662e-05 0 0)
(7.9640296e-09 0.00075507444 0 -9.2045045e-06 0 0)
(7.7688482e-09 -0.00075507637 0 -9.2043305e-06 0 0)
(1.1584292e-09 -0.0022664859 0 -8.2852074e-05 0 0)
(-5.6237389e-09 -0.0037802926 0 -0.00023044388 0 0)
(-4.4560301e-09 -0.0052937959 0 -0.00045205398 0 0)
(-4.0743604e-09 0.0052937983 0 -0.00045205475 0 0)
(-4.2110369e-09 0.0037802921 0 -0.00023044476 0 0)
(1.3574853e-09 0.0022664838 0 -8.285254e-05 0 0)
(7.8256633e-09 0.00075507355 0 -9.2042306e-06 0 0)
(7.6292982e-09 -0.00075507522 0 -9.2040854e-06 0 0)
(8.4252792e-10 -0.0022664847 0 -8.2852063e-05 0 0)
(-4.84518e-09 -0.0037802919 0 -0.00023044408 0 0)
(-4.4519342e-09 -0.005293797 0 -0.00045205422 0 0)
(-3.7954627e-09 0.0052937995 0 -0.00045205492 0 0)
(-4.6724177e-09 0.0037802915 0 -0.00023044483 0 0)
(1.6280843e-09 0.0022664819 0 -8.2852411e-05 0 0)
(7.4465514e-09 0.00075507296 0 -9.2039772e-06 0 0)
(7.3149749e-09 -0.00075507458 0 -9.2038616e-06 0 0)
(1.1917958e-09 -0.0022664827 0 -8.2852028e-05 0 0)
(-5.1970147e-09 -0.0037802912 0 -0.00023044427 0 0)
(-4.1153358e-09 -0.0052937983 0 -0.00045205446 0 0)
(-3.8861561e-09 0.0052938004 0 -0.00045205505 0 0)
(-4.0298448e-09 0.0037802908 0 -0.00023044489 0 0)
(1.2001662e-09 0.0022664808 0 -8.2852312e-05 0 0)
(7.3611371e-09 0.00075507212 0 -9.2037578e-06 0 0)
(7.2300122e-09 -0.00075507355 0 -9.2036748e-06 0 0)
(8.6403679e-10 -0.0022664816 0 -8.2852011e-05 0 0)
(-4.4632005e-09 -0.0037802906 0 -0.00023044443 0 0)
(-4.1527873e-09 -0.0052937992 0 -0.00045205465 0 0)
(-3.6142086e-09 0.0052938015 0 -0.0004520552 0 0)
(-4.4973946e-09 0.0037802902 0 -0.00023044497 0 0)
(1.4874517e-09 0.002266479 0 -8.2852207e-05 0 0)
(7.0081092e-09 0.00075507154 0 -9.2035326e-06 0 0)
(6.9265074e-09 -0.00075507293 0 -9.2034628e-06 0 0)
(1.2013713e-09 -0.0022664797 0 -8.2851971e-05 0 0)
(-4.8520047e-09 -0.00378029 0 -0.00023044458 0 0)
(-3.8360354e-09 -0.0052938005 0 -0.00045205486 0 0)
(-3.7133236e-09 0.0052938023 0 -0.00045205532 0 0)
(-3.8541964e-09 0.0037802896 0 -0.00023044503 0 0)
(1.0745366e-09 0.002266478 0 -8.2852128e-05 0 0)
(6.9489746e-09 0.00075507074 0 -9.2033408e-06 0 0)
(6.8637318e-09 -0.00075507201 0 -9.2033012e-06 0 0)
(8.6262898e-10 -0.0022664786 0 -8.2851949e-05 0 0)
(-4.1422741e-09 -0.0037802894 0 -0.00023044472 0 0)
(-3.8964246e-09 -0.0052938013 0 -0.00045205503 0 0)
(-3.4414862e-09 0.0052938035 0 -0.00045205547 0 0)
(-4.31942e-09 0.0037802891 0 -0.00023044511 0 0)
(1.3747108e-09 0.0022664763 0 -8.285204e-05 0 0)
(6.6108503e-09 0.00075507019 0 -9.2031323e-06 0 0)
(6.5636087e-09 -0.00075507141 0 -9.2030934e-06 0 0)
(1.1899403e-09 -0.0022664768 0 -8.2851904e-05 0 0)
(-4.555059e-09 -0.0037802888 0 -0.00023044485 0 0)
(-3.5917695e-09 -0.0052938025 0 -0.00045205522 0 0)
(-3.5433904e-09 0.0052938042 0 -0.00045205559 0 0)
(-3.6713321e-09 0.0037802885 0 -0.00023044518 0 0)
(9.7418274e-10 0.0022664753 0 -8.2851978e-05 0 0)
(6.5668348e-09 0.00075506943 0 -9.2029568e-06 0 0)
(6.5109415e-09 -0.00075507058 0 -9.2029447e-06 0 0)
(8.4232152e-10 -0.0022664759 0 -8.2851876e-05 0 0)
(-3.8607356e-09 -0.0037802882 0 -0.00023044497 0 0)
(-3.6671539e-09 -0.0052938033 0 -0.00045205537 0 0)
(-3.2697851e-09 0.0052938053 0 -0.00045205573 0 0)
(-4.1327104e-09 0.003780288 0 -0.00023044527 0 0)
(1.2842319e-09 0.0022664737 0 -8.2851904e-05 0 0)
(6.238965e-09 0.00075506888 0 -9.20276e-06 0 0)
(6.2125072e-09 -0.00075506999 0 -9.2027393e-06 0 0)
(1.1622078e-09 -0.0022664742 0 -8.2851829e-05 0 0)
(-4.2910012e-09 -0.0037802877 0 -0.0002304451 0 0)
(-3.3708233e-09 -0.0052938044 0 -0.00045205554 0 0)
(-3.3730749e-09 0.005293806 0 -0.00045205584 0 0)
(-3.4800212e-09 0.0037802874 0 -0.00023044535 0 0)
(8.9321523e-10 0.0022664728 0 -8.2851855e-05 0 0)
(6.20517e-09 0.00075506817 0 -9.2025962e-06 0 0)
(6.1658687e-09 -0.00075506925 0 -9.202599e-06 0 0)
(8.083409e-10 -0.0022664733 0 -8.2851798e-05 0 0)
(-3.6075386e-09 -0.0037802872 0 -0.00023044521 0 0)
(-3.4572802e-09 -0.0052938052 0 -0.00045205568 0 0)
(-3.0978004e-09 0.0052938071 0 -0.00045205599 0 0)
(-3.9385333e-09 0.003780287 0 -0.00023044544 0 0)
(1.2104861e-09 0.0022664712 0 -8.2851792e-05 0 0)
(5.8854008e-09 0.00075506764 0 -9.2024086e-06 0 0)
(5.869495e-09 -0.00075506866 0 -9.2023962e-06 0 0)
(1.1230959e-09 -0.0022664717 0 -8.285175e-05 0 0)
(-4.0499083e-09 -0.0037802867 0 -0.00023044532 0 0)
(-3.167039e-09 -0.0052938062 0 -0.00045205584 0 0)
(-3.2024404e-09 0.0052938078 0 -0.00045205609 0 0)
(-3.2829643e-09 0.0037802864 0 -0.00023044552 0 0)
(8.2637536e-10 0.0022664704 0 -8.2851753e-05 0 0)
(5.8594586e-09 0.00075506697 0 -9.2022539e-06 0 0)
(5.8276971e-09 -0.000755068 0 -9.202263e-06 0 0)
(7.6522898e-10 -0.0022664708 0 -8.2851718e-05 0 0)
(-3.3747089e-09 -0.0037802861 0 -0.00023044542 0 0)
(-3.2621923e-09 -0.0052938069 0 -0.00045205596 0 0)
(-2.9262611e-09 0.0052938087 0 -0.00045205623 0 0)
(-3.7402523e-09 0.003780286 0 -0.00023044562 0 0)
(1.1486646e-09 0.0022664689 0 -8.2851699e-05 0 0)
(5.5466517e-09 0.00075506646 0 -9.2020743e-06 0 0)
(5.5343887e-09 -0.00075506742 0 -9.2020635e-06 0 0)
(1.0767145e-09 -0.0022664693 0 -8.285167e-05 0 0)
(-3.826402e-09 -0.0037802857 0 -0.00023044553 0 0)
(-2.9766377e-09 -0.0052938079 0 -0.00045205611 0 0)
(-3.0326457e-09 0.0052938094 0 -0.00045205634 0 0)
(-3.0837655e-09 0.0037802855 0 -0.00023044571 0 0)
(7.6933246e-10 0.0022664681 0 -8.2851667e-05 0 0)
(5.5272823e-09 0.00075506584 0 -9.2019273e-06 0 0)
(5.4971757e-09 -0.00075506683 0 -9.2019368e-06 0 0)
(7.1669859e-10 -0.0022664685 0 -8.2851638e-05 0 0)
(-3.1577519e-09 -0.0037802852 0 -0.00023044563 0 0)
(-3.0788053e-09 -0.0052938086 0 -0.00045205623 0 0)
(-2.7564297e-09 0.0052938103 0 -0.00045205647 0 0)
(-3.5414067e-09 0.0037802851 0 -0.00023044581 0 0)
(1.0949034e-09 0.0022664667 0 -8.285162e-05 0 0)
(5.220821e-09 0.00075506534 0 -9.2017548e-06 0 0)
(5.2080349e-09 -0.00075506625 0 -9.2017418e-06 0 0)
(1.0263124e-09 -0.0022664671 0 -8.2851592e-05 0 0)
(-3.6166993e-09 -0.0037802847 0 -0.00023044573 0 0)
(-2.796979e-09 -0.0052938095 0 -0.00045205637 0 0)
(-2.8650402e-09 0.0052938109 0 -0.00045205657 0 0)
(-2.8857838e-09 0.0037802846 0 -0.00023044589 0 0)
(7.187641e-10 0.002266466 0 -8.2851593e-05 0 0)
(5.2072862e-09 0.00075506476 0 -9.2016146e-06 0 0)
(5.1753992e-09 -0.00075506572 0 -9.2016212e-06 0 0)
(6.6558872e-10 -0.0022664663 0 -8.2851562e-05 0 0)
(-2.9534066e-09 -0.0037802843 0 -0.00023044582 0 0)
(-2.9048994e-09 -0.0052938101 0 -0.00045205648 0 0)
(-2.5895677e-09 0.0052938118 0 -0.0004520567 0 0)
(-3.344794e-09 0.0037802842 0 -0.000230446 0 0)
(1.0463341e-09 0.0022664646 0 -8.285155e-05 0 0)
(4.9068796e-09 0.00075506429 0 -9.2014487e-06 0 0)
(4.8914312e-09 -0.00075506516 0 -9.2014315e-06 0 0)
(9.7430084e-10 -0.002266465 0 -8.2851518e-05 0 0)
(-3.4180609e-09 -0.0037802839 0 -0.00023044592 0 0)
(-2.626133e-09 -0.005293811 0 -0.00045205661 0 0)
(-2.7008232e-09 0.0052938124 0 -0.0004520568 0 0)
(-2.691455e-09 0.0037802837 0 -0.00023044608 0 0)
(6.7230867e-10 0.0022664639 0 -8.2851527e-05 0 0)
(4.8987612e-09 0.00075506376 0 -9.2013148e-06 0 0)
(4.8634021e-09 -0.00075506469 0 -9.2013168e-06 0 0)
(6.1391619e-10 -0.0022664643 0 -8.2851489e-05 0 0)
(-2.7593541e-09 -0.0037802834 0 -0.00023044601 0 0)
(-2.7388975e-09 -0.0052938116 0 -0.00045205671 0 0)
(-2.4267459e-09 0.0052938132 0 -0.00045205693 0 0)
(-3.1522388e-09 0.0037802833 0 -0.00023044618 0 0)
(1.0009906e-09 0.0022664627 0 -8.2851489e-05 0 0)
(4.604335e-09 0.0007550633 0 -9.2011552e-06 0 0)
(4.5854575e-09 -0.00075506413 0 -9.2011331e-06 0 0)
(9.2235768e-10 -0.002266463 0 -8.2851447e-05 0 0)
(-3.2286428e-09 -0.003780283 0 -0.00023044611 0 0)
(-2.4628074e-09 -0.0052938124 0 -0.00045205684 0 0)
(-2.5409633e-09 0.0052938137 0 -0.00045205702 0 0)
(-2.5021148e-09 0.0037802829 0 -0.00023044627 0 0)
(6.2841758e-10 0.002266462 0 -8.2851468e-05 0 0)
(4.6014236e-09 0.00075506281 0 -9.2010272e-06 0 0)
(4.562053e-09 -0.00075506371 0 -9.2010241e-06 0 0)
(5.6302903e-10 -0.0022664624 0 -8.2851421e-05 0 0)
(-2.5740921e-09 -0.0037802826 0 -0.00023044619 0 0)
(-2.5797944e-09 -0.0052938129 0 -0.00045205694 0 0)
(-2.2688102e-09 0.0052938145 0 -0.00045205714 0 0)
(-2.9658042e-09 0.0037802826 0 -0.00023044636 0 0)
(9.576406e-10 0.0022664609 0 -8.2851433e-05 0 0)
(4.3130452e-09 0.00075506238 0 -9.2008738e-06 0 0)
(4.2908134e-09 -0.00075506318 0 -9.2008469e-06 0 0)
(8.7157889e-10 -0.0022664612 0 -8.2851382e-05 0 0)
(-3.0473136e-09 -0.0037802823 0 -0.00023044629 0 0)
(-2.3062003e-09 -0.0052938137 0 -0.00045205706 0 0)
(-2.3862096e-09 0.005293815 0 -0.00045205723 0 0)
(-2.319431e-09 0.0037802822 0 -0.00023044645 0 0)
(5.8617072e-10 0.0022664603 0 -8.2851414e-05 0 0)
(4.3152641e-09 0.00075506192 0 -9.2007514e-06 0 0)
(4.272034e-09 -0.0007550628 0 -9.2007434e-06 0 0)
(5.1376692e-10 -0.0022664606 0 -8.2851358e-05 0 0)
(-2.3967337e-09 -0.0037802819 0 -0.00023044637 0 0)
(-2.4270067e-09 -0.0052938142 0 -0.00045205715 0 0)
(-2.1163964e-09 0.0052938157 0 -0.00045205734 0 0)
(-2.7865324e-09 0.0037802818 0 -0.00023044654 0 0)
(9.1559577e-10 0.0022664591 0 -8.2851381e-05 0 0)
(4.0330838e-09 0.00075506151 0 -9.2006042e-06 0 0)
(4.0080303e-09 -0.00075506228 0 -9.2005732e-06 0 0)
(8.2262857e-10 -0.0022664594 0 -8.2851322e-05 0 0)
(-2.8734546e-09 -0.0037802815 0 -0.00023044646 0 0)
(-2.1558694e-09 -0.005293815 0 -0.00045205726 0 0)
(-2.2371125e-09 0.0052938161 0 -0.00045205742 0 0)
(-2.1443507e-09 0.0037802815 0 -0.00023044662 0 0)
(5.4509006e-10 0.0022664586 0 -8.2851364e-05 0 0)
(4.0404305e-09 0.00075506109 0 -9.2004872e-06 0 0)
(3.9938579e-09 -0.00075506194 0 -9.2004748e-06 0 0)
(4.666083e-10 -0.0022664589 0 -8.28513e-05 0 0)
(-2.2268174e-09 -0.0037802812 0 -0.00023044654 0 0)
(-2.280245e-09 -0.0052938154 0 -0.00045205735 0 0)
(-1.9699585e-09 0.0052938169 0 -0.00045205754 0 0)
(-2.6150112e-09 0.0037802812 0 -0.00023044671 0 0)
(8.7453757e-10 0.0022664575 0 -8.2851333e-05 0 0)
(3.7646322e-09 0.00075506071 0 -9.2003462e-06 0 0)
(3.7374871e-09 -0.00075506145 0 -9.2003119e-06 0 0)
(7.758714e-10 -0.0022664578 0 -8.2851266e-05 0 0)
(-2.7067872e-09 -0.0037802809 0 -0.00023044663 0 0)
(-2.0116166e-09 -0.0052938161 0 -0.00045205746 0 0)
(-2.0940631e-09 0.0052938172 0 -0.00045205761 0 0)
(-1.9773269e-09 0.0037802808 0 -0.00023044679 0 0)
(5.0498689e-10 0.002266457 0 -8.2851317e-05 0 0)
(3.7771357e-09 0.00075506032 0 -9.2002347e-06 0 0)
(3.7278859e-09 -0.00075506113 0 -9.2002185e-06 0 0)
(4.2179029e-10 -0.0022664574 0 -8.2851246e-05 0 0)
(-2.0641514e-09 -0.0037802805 0 -0.0002304467 0 0)
(-2.1394117e-09 -0.0052938165 0 -0.00045205754 0 0)
(-1.8298112e-09 0.0052938179 0 -0.00045205772 0 0)
(-2.4515881e-09 0.0037802805 0 -0.00023044688 0 0)
(8.3438141e-10 0.002266456 0 -8.2851288e-05 0 0)
(3.5079007e-09 0.00075505996 0 -9.2001e-06 0 0)
(3.4794336e-09 -0.00075506067 0 -9.2000632e-06 0 0)
(7.3147749e-10 -0.0022664563 0 -8.2851215e-05 0 0)
(-2.5472335e-09 -0.0037802802 0 -0.00023044679 0 0)
(-1.8733936e-09 -0.0052938172 0 -0.00045205765 0 0)
(-1.957329e-09 0.0052938183 0 -0.00045205779 0 0)
(-1.8185833e-09 0.0037802802 0 -0.00023044695 0 0)
(4.658468e-10 0.0022664556 0 -8.2851273e-05 0 0)
(3.5255914e-09 0.0007550596 0 -9.1999937e-06 0 0)
(3.4743481e-09 -0.00075506038 0 -9.1999745e-06 0 0)
(3.7940072e-10 -0.0022664559 0 -8.2851197e-05 0 0)
(-1.9086927e-09 -0.0037802799 0 -0.00023044686 0 0)
(-2.0045175e-09 -0.0052938176 0 -0.00045205772 0 0)
(-1.6961571e-09 0.0052938189 0 -0.0004520579 0 0)
(-2.2964262e-09 0.0037802799 0 -0.00023044703 0 0)
(7.9517425e-10 0.0022664546 0 -8.2851245e-05 0 0)
(3.2630721e-09 0.00075505926 0 -9.1998653e-06 0 0)
(3.2340048e-09 -0.00075505995 0 -9.1998268e-06 0 0)
(6.8950007e-10 -0.0022664549 0 -8.2851167e-05 0 0)
(-2.3948114e-09 -0.0037802796 0 -0.00023044694 0 0)
(-1.7412286e-09 -0.0052938182 0 -0.00045205782 0 0)
(-1.8270769e-09 0.0052938192 0 -0.00045205796 0 0)
(-1.668199e-09 0.0037802796 0 -0.0002304471 0 0)
(4.2774489e-10 0.0022664542 0 -8.2851232e-05 0 0)
(3.2859631e-09 0.00075505892 0 -9.1997643e-06 0 0)
(3.2333607e-09 -0.00075505967 0 -9.1997427e-06 0 0)
(3.3944158e-10 -0.0022664545 0 -8.2851152e-05 0 0)
(-1.760461e-09 -0.0037802793 0 -0.00023044701 0 0)
(-1.8756207e-09 -0.0052938186 0 -0.00045205789 0 0)
(-1.5691102e-09 0.0052938198 0 -0.00045205806 0 0)
(-2.1495643e-09 0.0037802793 0 -0.00023044718 0 0)
(7.5702417e-10 0.0022664533 0 -8.2851205e-05 0 0)
(3.0302674e-09 0.00075505862 0 -9.1996423e-06 0 0)
(3.0012306e-09 -0.00075505928 0 -9.1996028e-06 0 0)
(6.4992665e-10 -0.0022664536 0 -8.2851124e-05 0 0)
(-2.2495667e-09 -0.0037802791 0 -0.00023044709 0 0)
(-1.6151743e-09 -0.0052938192 0 -0.00045205799 0 0)
(-1.7033944e-09 0.0052938201 0 -0.00045205812 0 0)
(-1.5261467e-09 0.003780279 0 -0.00023044725 0 0)
(3.9079191e-10 0.002266453 0 -8.2851192e-05 0 0)
(3.0583419e-09 0.0007550583 0 -9.1995463e-06 0 0)
(3.0049369e-09 -0.00075505901 0 -9.1995229e-06 0 0)
(3.0186898e-10 -0.0022664533 0 -8.285111e-05 0 0)
(-1.6194818e-09 -0.0037802788 0 -0.00023044715 0 0)
(-1.7527838e-09 -0.0052938195 0 -0.00045205805 0 0)
(-1.448712e-09 0.0052938207 0 -0.00045205822 0 0)
(-2.0109481e-09 0.0037802788 0 -0.00023044732 0 0)
(7.2005593e-10 0.0022664521 0 -8.2851167e-05 0 0)
(2.8095243e-09 0.00075505802 0 -9.1994307e-06 0 0)
(2.7810482e-09 -0.00075505865 0 -9.1993909e-06 0 0)
(6.1271083e-10 -0.0022664524 0 -8.2851084e-05 0 0)
(-2.1115297e-09 -0.0037802786 0 -0.00023044723 0 0)
(-1.4952736e-09 -0.00529382 0 -0.00045205814 0 0)
(-1.5863021e-09 0.0052938209 0 -0.00045205827 0 0)
(-1.3923217e-09 0.0037802785 0 -0.00023044739 0 0)
(3.551007e-10 0.0022664518 0 -8.2851155e-05 0 0)
(2.8427327e-09 0.00075505772 0 -9.1993398e-06 0 0)
(2.7889976e-09 -0.0007550584 0 -9.1993151e-06 0 0)
(2.6661778e-10 -0.0022664521 0 -8.2851072e-05 0 0)
(-1.4857539e-09 -0.0037802783 0 -0.00023044729 0 0)
(-1.6360477e-09 -0.0052938203 0 -0.00045205821 0 0)
(-1.3349424e-09 0.0052938214 0 -0.00045205836 0 0)
(-1.8804538e-09 0.0037802783 0 -0.00023044746 0 0)
(6.8438578e-10 0.002266451 0 -8.2851131e-05 0 0)
(2.6007914e-09 0.00075505747 0 -9.1992306e-06 0 0)
(2.5733064e-09 -0.00075505808 0 -9.1991908e-06 0 0)
(5.7779019e-10 -0.0022664513 0 -8.2851047e-05 0 0)
(-1.9806909e-09 -0.0037802781 0 -0.00023044736 0 0)
(-1.38154e-09 -0.0052938208 0 -0.00045205829 0 0)
(-1.4757627e-09 0.0052938216 0 -0.00045205842 0 0)
(-1.2665592e-09 0.003780278 0 -0.00023044752 0 0)
(3.2076981e-10 0.0022664507 0 -8.285112e-05 0 0)
(2.6390504e-09 0.00075505719 0 -9.1991446e-06 0 0)
(2.5853806e-09 -0.00075505783 0 -9.199119e-06 0 0)
(2.3361362e-10 -0.002266451 0 -8.2851036e-05 0 0)
(-1.3592315e-09 -0.0037802778 0 -0.00023044742 0 0)
(-1.5254175e-09 -0.0052938211 0 -0.00045205835 0 0)
(-1.2277289e-09 0.0052938222 0 -0.0004520585 0 0)
(-1.7579017e-09 0.0037802778 0 -0.00023044758 0 0)
(6.5010972e-10 0.00226645 0 -8.2851097e-05 0 0)
(2.4039275e-09 0.00075505696 0 -9.1990416e-06 0 0)
(2.3777753e-09 -0.00075505754 0 -9.1990024e-06 0 0)
(5.4509519e-10 -0.0022664502 0 -8.2851014e-05 0 0)
(-1.8569908e-09 -0.0037802777 0 -0.00023044749 0 0)
(-1.2739472e-09 -0.0052938216 0 -0.00045205843 0 0)
(-1.3716891e-09 0.0052938223 0 -0.00045205855 0 0)
(-1.1486471e-09 0.0037802776 0 -0.00023044764 0 0)
(2.8787525e-10 0.0022664497 0 -8.2851087e-05 0 0)
(2.4471224e-09 0.00075505669 0 -9.1989604e-06 0 0)
(2.3938458e-09 -0.00075505729 0 -9.1989343e-06 0 0)
(2.0277782e-10 -0.00226645 0 -8.2851004e-05 0 0)
(-1.2398197e-09 -0.0037802774 0 -0.00023044754 0 0)
(-1.4208551e-09 -0.0052938218 0 -0.00045205849 0 0)
(-1.1269524e-09 0.0052938228 0 -0.00045205863 0 0)
(-1.6430691e-09 0.0037802774 0 -0.0002304477 0 0)
(6.1729904e-10 0.002266449 0 -8.2851065e-05 0 0)
(2.2187083e-09 0.00075505649 0 -9.1988635e-06 0 0)
(2.1941548e-09 -0.00075505704 0 -9.1988252e-06 0 0)
(5.1455101e-10 -0.0022664492 0 -8.2850982e-05 0 0)
(-1.740321e-09 -0.0037802772 0 -0.00023044761 0 0)
(-1.1724268e-09 -0.0052938223 0 -0.00045205856 0 0)
(-1.2739497e-09 0.005293823 0 -0.00045205867 0 0)
(-1.0383346e-09 0.0037802772 0 -0.00023044775 0 0)
(2.5646932e-10 0.0022664488 0 -8.2851056e-05 0 0)
(2.2666968e-09 0.00075505624 0 -9.1987869e-06 0 0)
(2.2140861e-09 -0.0007550568 0 -9.1987607e-06 0 0)
(1.7402875e-10 -0.002266449 0 -8.2850974e-05 0 0)
(-1.1273769e-09 -0.003780277 0 -0.00023044766 0 0)
(-1.3222794e-09 -0.0052938225 0 -0.00045205861 0 0)
(-1.0324532e-09 0.0052938234 0 -0.00045205875 0 0)
(-1.5356952e-09 0.003780277 0 -0.00023044781 0 0)
(5.8600027e-10 0.0022664481 0 -8.2851035e-05 0 0)
(2.0448354e-09 0.00075505605 0 -9.198696e-06 0 0)
(2.022081e-09 -0.00075505658 0 -9.1986589e-06 0 0)
(4.86079e-10 -0.0022664483 0 -8.2850954e-05 0 0)
(-1.6305247e-09 -0.0037802769 0 -0.00023044772 0 0)
(-1.0768683e-09 -0.0052938229 0 -0.00045205869 0 0)
(-1.1823737e-09 0.0052938236 0 -0.00045205879 0 0)
(-9.3533824e-10 0.0037802768 0 -0.00023044786 0 0)
(2.2658219e-10 0.0022664479 0 -8.2851026e-05 0 0)
(2.0974523e-09 0.00075505581 0 -9.1986239e-06 0 0)
(2.0457321e-09 -0.00075505634 0 -9.1985978e-06 0 0)
(1.4728181e-10 -0.0022664481 0 -8.2850946e-05 0 0)
(-1.0217181e-09 -0.0037802766 0 -0.00023044777 0 0)
(-1.229569e-09 -0.0052938231 0 -0.00045205873 0 0)
(-9.4403565e-10 0.005293824 0 -0.00045205886 0 0)
(-1.435488e-09 0.0037802767 0 -0.00023044792 0 0)
(5.5623858e-10 0.0022664473 0 -8.2851007e-05 0 0)
(1.8819464e-09 0.00075505565 0 -9.1985388e-06 0 0)
(1.8611386e-09 -0.00075505616 0 -9.198503e-06 0 0)
(4.595957e-10 -0.0022664475 0 -8.2850927e-05 0 0)
(-1.5274043e-09 -0.0037802765 0 -0.00023044783 0 0)
(-9.8712405e-10 -0.0052938235 0 -0.0004520588 0 0)
(-1.0967568e-09 0.0052938241 0 -0.0004520589 0 0)
(-8.3934563e-10 0.0037802764 0 -0.00023044796 0 0)
(1.9822473e-10 0.0022664471 0 -8.2850999e-05 0 0)
(1.9390083e-09 0.00075505543 0 -9.198471e-06 0 0)
(1.888363e-09 -0.00075505592 0 -9.1984453e-06 0 0)
(1.2244787e-10 -0.0022664473 0 -8.2850921e-05 0 0)
(-9.2262229e-10 -0.0037802763 0 -0.00023044787 0 0)
(-1.142566e-09 -0.0052938237 0 -0.00045205884 0 0)
(-8.6147629e-10 0.0052938245 0 -0.00045205897 0 0)
(-1.3421275e-09 0.0037802763 0 -0.00023044801 0 0)
(5.2802017e-10 0.0022664466 0 -8.285098e-05 0 0)
(1.7296272e-09 0.00075505528 0 -9.1983915e-06 0 0)
(1.7108675e-09 -0.00075505577 0 -9.1983572e-06 0 0)
(4.3501197e-10 -0.0022664467 0 -8.2850903e-05 0 0)
(-1.4307289e-09 -0.0037802762 0 -0.00023044792 0 0)
(-9.0301338e-10 -0.0052938241 0 -0.00045205891 0 0)
(-1.0168667e-09 0.0052938246 0 -0.000452059 0 0)
(-7.5002271e-10 0.0037802761 0 -0.00023044805 0 0)
(1.7139122e-10 0.0022664464 0 -8.2850973e-05 0 0)
(1.7909359e-09 0.00075505507 0 -9.1983278e-06 0 0)
(1.7415151e-09 -0.00075505553 0 -9.1983027e-06 0 0)
(9.9433501e-11 -0.0022664466 0 -8.2850898e-05 0 0)
(-8.2983952e-10 -0.003780276 0 -0.00023044797 0 0)
(-1.0610824e-09 -0.0052938242 0 -0.00045205895 0 0)
(-7.845244e-10 0.005293825 0 -0.00045205906 0 0)
(-1.2552774e-09 0.003780276 0 -0.0002304481 0 0)
(5.0133537e-10 0.0022664459 0 -8.2850955e-05 0 0)
(1.5874218e-09 0.00075505495 0 -9.1982537e-06 0 0)
(1.5707733e-09 -0.0007550554 0 -9.198221e-06 0 0)
(4.1223331e-10 -0.002266446 0 -8.2850881e-05 0 0)
(-1.3402394e-09 -0.0037802759 0 -0.00023044802 0 0)
(-8.2433003e-10 -0.0052938246 0 -0.00045205901 0 0)
(-9.4244778e-10 0.005293825 0 -0.00045205909 0 0)
(-6.6701958e-10 0.0037802758 0 -0.00023044814 0 0)
(1.4606323e-10 0.0022664457 0 -8.2850948e-05 0 0)
(1.6527698e-09 0.00075505474 0 -9.1981939e-06 0 0)
(1.6046904e-09 -0.00075505517 0 -9.1981695e-06 0 0)
(7.8140865e-11 -0.0022664459 0 -8.2850876e-05 0 0)
(-7.4309726e-10 -0.0037802757 0 -0.00023044806 0 0)
(-9.8490566e-10 -0.0052938247 0 -0.00045205905 0 0)
(-7.1291112e-10 0.0052938254 0 -0.00045205915 0 0)
(-1.174584e-09 0.0037802757 0 -0.00023044818 0 0)
(4.7616339e-10 0.0022664452 0 -8.2850931e-05 0 0)
(1.4548444e-09 0.00075505464 0 -9.1981248e-06 0 0)
(1.4403374e-09 -0.00075505507 0 -9.1980939e-06 0 0)
(3.9116134e-10 -0.0022664454 0 -8.2850861e-05 0 0)
(-1.2556597e-09 -0.0037802756 0 -0.00023044811 0 0)
(-7.5084382e-10 -0.005293825 0 -0.0004520591 0 0)
(-8.7322708e-10 0.0052938254 0 -0.00045205918 0 0)
(-5.8997485e-10 0.0037802755 0 -0.00023044822 0 0)
(1.2221157e-10 0.0022664451 0 -8.2850925e-05 0 0)
(1.524017e-09 0.00075505444 0 -9.1980688e-06 0 0)
(1.4773672e-09 -0.00075505484 0 -9.1980452e-06 0 0)
(5.8470393e-11 -0.0022664453 0 -8.2850857e-05 0 0)
(-6.6211023e-10 -0.0037802754 0 -0.00023044814 0 0)
(-9.1380315e-10 -0.0052938251 0 -0.00045205914 0 0)
(-6.4635445e-10 0.0052938258 0 -0.00045205924 0 0)
(-1.0996854e-09 0.0037802754 0 -0.00023044826 0 0)
(4.5246943e-10 0.0022664447 0 -8.2850909e-05 0 0)
(1.3313882e-09 0.00075505435 0 -9.1980045e-06 0 0)
(1.3190247e-09 -0.00075505476 0 -9.1979754e-06 0 0)
(3.7169461e-10 -0.0022664448 0 -8.2850842e-05 0 0)
(-1.1766979e-09 -0.0037802753 0 -0.00023044819 0 0)
(-6.8231e-10 -0.0052938255 0 -0.00045205919 0 0)
(-8.0892093e-10 0.0052938258 0 -0.00045205926 0 0)
(-5.1852108e-10 0.0037802753 0 -0.00023044829 0 0)
(9.9792626e-11 0.0022664445 0 -8.2850904e-05 0 0)
(1.4041677e-09 0.00075505417 0 -9.197952e-06 0 0)
(1.3590086e-09 -0.00075505454 0 -9.1979294e-06 0 0)
(4.0316827e-11 -0.0022664447 0 -8.2850839e-05 0 0)
(-5.8658284e-10 -0.0037802752 0 -0.00023044822 0 0)
(-8.4752916e-10 -0.0052938255 0 -0.00045205922 0 0)
(-5.845636e-10 0.0052938262 0 -0.00045205931 0 0)
(-1.0302166e-09 0.0037802752 0 -0.00023044833 0 0)
(4.3021089e-10 0.0022664441 0 -8.2850889e-05 0 0)
(1.2165348e-09 0.00075505409 0 -9.1978923e-06 0 0)
(1.2062927e-09 -0.00075505448 0 -9.1978649e-06 0 0)
(3.5372499e-10 -0.0022664443 0 -8.2850825e-05 0 0)
(-1.1030521e-09 -0.0037802751 0 -0.00023044826 0 0)
(-6.184722e-10 -0.0052938258 0 -0.00045205927 0 0)
(-7.4923853e-10 0.0052938262 0 -0.00045205934 0 0)
(-4.5229128e-10 0.003780275 0 -0.00023044836 0 0)
(7.8771578e-11 0.002266444 0 -8.2850884e-05 0 0)
(1.2927025e-09 0.00075505392 0 -9.1978431e-06 0 0)
(1.2490705e-09 -0.00075505426 0 -9.1978216e-06 0 0)
(2.357516e-11 -0.0022664442 0 -8.2850822e-05 0 0)
(-5.1621754e-10 -0.0037802749 0 -0.00023044829 0 0)
(-7.8582907e-10 -0.0052938259 0 -0.0004520593 0 0)
(-5.272442e-10 0.0052938265 0 -0.00045205939 0 0)
(-9.6581334e-10 0.003780275 0 -0.0002304484 0 0)
(4.0935808e-10 0.0022664436 0 -8.285087e-05 0 0)
(1.1097616e-09 0.00075505385 0 -9.1977877e-06 0 0)
(1.1015972e-09 -0.00075505422 0 -9.1977621e-06 0 0)
(3.3715267e-10 -0.0022664438 0 -8.285081e-05 0 0)
(-1.0344153e-09 -0.0037802749 0 -0.00023044833 0 0)
(-5.5906653e-10 -0.0052938262 0 -0.00045205934 0 0)
(-6.9388732e-10 0.0052938265 0 -0.00045205941 0 0)
(-3.9092106e-10 0.0037802748 0 -0.00023044843 0 0)
(5.9091574e-11 0.0022664435 0 -8.2850865e-05 0 0)
(1.1891009e-09 0.00075505369 0 -9.1977416e-06 0 0)
(1.1470099e-09 -0.00075505401 0 -9.1977213e-06 0 0)
(8.1470577e-12 -0.0022664437 0 -8.2850807e-05 0 0)
(-4.5072213e-10 -0.0037802747 0 -0.00023044836 0 0)
(-7.2844312e-10 -0.0052938262 0 -0.00045205937 0 0)
(-4.7410225e-10 0.0052938268 0 -0.00045205945 0 0)
(-9.0611726e-10 0.0037802748 0 -0.00023044846 0 0)
(3.8981798e-10 0.0022664432 0 -8.2850852e-05 0 0)
(1.010549e-09 0.00075505363 0 -9.1976902e-06 0 0)
(1.0044012e-09 -0.00075505399 0 -9.1976664e-06 0 0)
(3.2187066e-10 -0.0022664433 0 -8.2850795e-05 0 0)
(-9.7047735e-10 -0.0037802747 0 -0.0002304484 0 0)
(-5.0382406e-10 -0.0052938265 0 -0.00045205941 0 0)
(-6.4257703e-10 0.0052938268 0 -0.00045205947 0 0)
(-3.3405637e-10 0.0037802746 0 -0.00023044849 0 0)
(4.0674703e-11 0.0022664431 0 -8.2850847e-05 0 0)
(1.0928474e-09 0.00075505348 0 -9.1976471e-06 0 0)
(1.0522901e-09 -0.00075505378 0 -9.1976279e-06 0 0)
(-6.0769006e-12 -0.0022664433 0 -8.2850793e-05 0 0)
(-3.8982156e-10 -0.0037802745 0 -0.00023044843 0 0)
(-6.7510991e-10 -0.0052938265 0 -0.00045205943 0 0)
(-4.2484821e-10 0.0052938271 0 -0.00045205951 0 0)
(-8.5078036e-10 0.0037802746 0 -0.00023044852 0 0)
(3.7157905e-10 0.0022664428 0 -8.2850835e-05 0 0)
(9.1838553e-10 0.00075505344 0 -9.1975994e-06 0 0)
(9.1417908e-10 -0.00075505377 0 -9.1975773e-06 0 0)
(3.0777677e-10 -0.0022664429 0 -8.2850783e-05 0 0)
(-9.1092883e-10 -0.0037802745 0 -0.00023044846 0 0)
(-4.5247258e-10 -0.0052938268 0 -0.00045205948 0 0)
(-5.9502246e-10 0.005293827 0 -0.00045205953 0 0)
(-2.8135244e-10 0.0037802744 0 -0.00023044854 0 0)
(2.3518611e-11 0.0022664427 0 -8.2850831e-05 0 0)
(1.0034368e-09 0.00075505328 0 -9.1975591e-06 0 0)
(9.643883e-10 -0.00075505357 0 -9.1975411e-06 0 0)
(-1.9189052e-11 -0.0022664429 0 -8.2850781e-05 0 0)
(-3.3326041e-10 -0.0037802744 0 -0.00023044849 0 0)
(-6.2556741e-10 -0.0052938268 0 -0.0004520595 0 0)
(-3.7919931e-10 0.0052938273 0 -0.00045205957 0 0)
(-7.9946614e-10 0.0037802744 0 -0.00023044857 0 0)
(3.5455693e-10 0.0022664424 0 -8.285082e-05 0 0)
(8.3277364e-10 0.00075505325 0 -9.1975149e-06 0 0)
(8.3042191e-10 -0.00075505357 0 -9.1974944e-06 0 0)
(2.9477704e-10 -0.0022664425 0 -8.2850771e-05 0 0)
(-8.5546694e-10 -0.0037802743 0 -0.00023044852 0 0)
(-4.047356e-10 -0.0052938271 0 -0.00045205954 0 0)
(-5.5094758e-10 0.0052938273 0 -0.00045205958 0 0)
(-2.3248106e-10 0.0037802743 0 -0.00023044859 0 0)
(7.4914256e-12 0.0022664423 0 -8.2850816e-05 0 0)
(9.203785e-10 0.00075505311 0 -9.1974771e-06 0 0)
(8.8279869e-10 -0.00075505338 0 -9.1974602e-06 0 0)
(-3.1285068e-11 -0.0022664425 0 -8.2850769e-05 0 0)
(-2.8070171e-10 -0.0037802742 0 -0.00023044854 0 0)
(-5.7955439e-10 -0.0052938271 0 -0.00045205955 0 0)
(-3.3688359e-10 0.0052938276 0 -0.00045205962 0 0)
(-7.5185544e-10 0.0037802742 0 -0.00023044862 0 0)
(3.3867866e-10 0.0022664421 0 -8.2850806e-05 0 0)
(7.5323337e-10 0.00075505309 0 -9.1974361e-06 0 0)
(7.5264125e-10 -0.00075505339 0 -9.1974172e-06 0 0)
(2.8277521e-10 -0.0022664422 0 -8.285076e-05 0 0)
(-8.0384775e-10 -0.0037802742 0 -0.00023044857 0 0)
(-3.6034176e-10 -0.0052938273 0 -0.00045205959 0 0)
(-5.1008674e-10 0.0052938275 0 -0.00045205963 0 0)
(-1.8713022e-10 0.0037802741 0 -0.00023044864 0 0)
(-7.4219497e-12 0.002266442 0 -8.2850803e-05 0 0)
(8.4320138e-10 0.00075505295 0 -9.1974007e-06 0 0)
(8.0703688e-10 -0.0007550532 0 -9.197385e-06 0 0)
(-4.2455735e-11 -0.0022664422 0 -8.2850759e-05 0 0)
(-2.3156497e-10 -0.0037802741 0 -0.00023044859 0 0)
(-5.3682535e-10 -0.0052938273 0 -0.0004520596 0 0)
(-2.9764014e-10 0.0052938278 0 -0.00045205967 0 0)
(-7.0764495e-10 0.0037802741 0 -0.00023044867 0 0)
(3.239074e-10 0.0022664417 0 -8.2850793e-05 0 0)
(6.7930483e-10 0.00075505294 0 -9.1973626e-06 0 0)
(6.8037132e-10 -0.00075505323 0 -9.1973453e-06 0 0)
(2.71685e-10 -0.0022664419 0 -8.2850751e-05 0 0)
(-7.5586849e-10 -0.003780274 0 -0.00023044862 0 0)
(-3.1907317e-10 -0.0052938276 0 -0.00045205964 0 0)
(-4.7218661e-10 0.0052938277 0 -0.00045205968 0 0)
(-1.450061e-10 0.003780274 0 -0.00023044869 0 0)
(-2.1298879e-11 0.0022664417 0 -8.285079e-05 0 0)
(7.7145482e-10 0.00075505281 0 -9.1973295e-06 0 0)
(7.3664233e-10 -0.00075505305 0 -9.1973149e-06 0 0)
(-5.2781297e-11 -0.0022664418 0 -8.285075e-05 0 0)
(-1.8561677e-10 -0.0037802739 0 -0.00023044864 0 0)
(-4.9714953e-10 -0.0052938275 0 -0.00045205965 0 0)
(-2.6122172e-10 0.005293828 0 -0.00045205971 0 0)
(-6.6654995e-10 0.003780274 0 -0.00023044871 0 0)
(3.1015739e-10 0.0022664415 0 -8.2850781e-05 0 0)
(6.1055122e-10 0.0007550528 0 -9.1972942e-06 0 0)
(6.1317113e-10 -0.00075505308 0 -9.1972783e-06 0 0)
(2.6142615e-10 -0.0022664416 0 -8.2850742e-05 0 0)
(-7.1123578e-10 -0.0037802739 0 -0.00023044867 0 0)
(-2.8082055e-10 -0.0052938278 0 -0.00045205969 0 0)
(-4.370081e-10 0.0052938279 0 -0.00045205972 0 0)
(-1.0583385e-10 0.0037802739 0 -0.00023044873 0 0)
(-3.4212494e-11 0.0022664414 0 -8.2850778e-05 0 0)
(7.0471154e-10 0.00075505268 0 -9.1972631e-06 0 0)
(6.7118034e-10 -0.0007550529 0 -9.1972496e-06 0 0)
(-6.2339948e-11 -0.0022664416 0 -8.2850741e-05 0 0)
(-1.4286511e-10 -0.0037802738 0 -0.00023044869 0 0)
(-4.6025512e-10 -0.0052938277 0 -0.0004520597 0 0)
(-2.2739508e-10 0.0052938281 0 -0.00045205975 0 0)
(-6.2830521e-10 0.0037802738 0 -0.00023044875 0 0)
(2.9736863e-10 0.0022664412 0 -8.285077e-05 0 0)
(5.4655942e-10 0.00075505268 0 -9.1972303e-06 0 0)
(5.5062552e-10 -0.00075505294 0 -9.1972158e-06 0 0)
(2.5192223e-10 -0.0022664413 0 -8.2850734e-05 0 0)
(-6.6967602e-10 -0.0037802738 0 -0.00023044871 0 0)
(-2.4540615e-10 -0.005293828 0 -0.00045205973 0 0)
(-4.0432593e-10 0.005293828 0 -0.00045205976 0 0)
(-6.9359003e-11 0.0037802737 0 -0.00023044877 0 0)
(-4.6216959e-11 0.0022664412 0 -8.2850768e-05 0 0)
(6.4256863e-10 0.00075505256 0 -9.1972012e-06 0 0)
(6.1024296e-10 -0.00075505278 0 -9.1971887e-06 0 0)
(-7.1203515e-11 -0.0022664413 0 -8.2850734e-05 0 0)
(-1.0309398e-10 -0.0037802737 0 -0.00023044873 0 0)
(-4.2590262e-10 -0.0052938279 0 -0.00045205974 0 0)
(-1.9594177e-10 0.0052938283 0 -0.00045205979 0 0)
(-5.9266455e-10 0.0037802737 0 -0.00023044879 0 0)
(2.8548038e-10 0.002266441 0 -8.285076e-05 0 0)
(4.8694156e-10 0.00075505257 0 -9.1971707e-06 0 0)
(4.9234647e-10 -0.00075505282 0 -9.1971574e-06 0 0)
(2.4310358e-10 -0.0022664411 0 -8.2850727e-05 0 0)
(-6.3092804e-10 -0.0037802737 0 -0.00023044875 0 0)
(-2.1249836e-10 -0.0052938281 0 -0.00045205977 0 0)
(-3.7392994e-10 0.0052938282 0 -0.00045205979 0 0)
(-3.5346099e-11 0.0037802736 0 -0.0002304488 0 0)
(-5.7377835e-11 0.002266441 0 -8.2850758e-05 0 0)
(5.8464886e-10 0.00075505246 0 -9.1971433e-06 0 0)
(5.5345004e-10 -0.00075505266 0 -9.1971318e-06 0 0)
(-7.943698e-11 -0.0022664411 0 -8.2850727e-05 0 0)
(-6.6035931e-11 -0.0037802736 0 -0.00023044877 0 0)
(-3.9391057e-10 -0.005293828 0 -0.00045205977 0 0)
(-1.6665815e-10 0.0052938284 0 -0.00045205982 0 0)
(-5.5940081e-10 0.0037802736 0 -0.00023044882 0 0)
(2.7442801e-10 0.0022664408 0 -8.2850751e-05 0 0)
(4.3133562e-10 0.00075505247 0 -9.1971149e-06 0 0)
(4.3797399e-10 -0.00075505271 0 -9.1971028e-06 0 0)
(2.3490682e-10 -0.0022664409 0 -8.2850721e-05 0 0)
(-5.9474986e-10 -0.0037802736 0 -0.00023044879 0 0)
(-1.8183097e-10 -0.0052938283 0 -0.0004520598 0 0)
(-3.4562442e-10 0.0052938283 0 -0.00045205983 0 0)
(-3.5799198e-12 0.0037802735 0 -0.00023044884 0 0)
(-6.7755459e-11 0.0022664408 0 -8.2850749e-05 0 0)
(5.3060092e-10 0.00075505237 0 -9.1970893e-06 0 0)
(5.0044949e-10 -0.00075505256 0 -9.1970787e-06 0 0)
(-8.7100771e-11 -0.0022664409 0 -8.285072e-05 0 0)
(-3.1461562e-11 -0.0037802735 0 -0.00023044881 0 0)
(-3.6411214e-10 -0.0052938282 0 -0.00045205981 0 0)
(-1.3935696e-10 0.0052938286 0 -0.00045205986 0 0)
(-5.2830271e-10 0.0037802735 0 -0.00023044886 0 0)
(2.6415217e-10 0.0022664406 0 -8.2850743e-05 0 0)
(3.7940561e-10 0.00075505238 0 -9.1970628e-06 0 0)
(3.8717537e-10 -0.00075505261 0 -9.1970517e-06 0 0)
(2.2727328e-10 -0.0022664407 0 -8.2850715e-05 0 0)
(-5.609221e-10 -0.0037802735 0 -0.00023044883 0 0)
(-1.5321654e-10 -0.0052938284 0 -0.00045205984 0 0)
(-3.1923018e-10 0.0052938284 0 -0.00045205986 0 0)
(2.613946e-11 0.0037802734 0 -0.00023044887 0 0)
(-7.7407279e-11 0.0022664406 0 -8.2850741e-05 0 0)
(4.8009955e-10 0.00075505229 0 -9.1970387e-06 0 0)
(4.509168e-10 -0.00075505247 0 -9.1970289e-06 0 0)
(-9.424947e-11 -0.0022664407 0 -8.2850715e-05 0 0)
(8.2851117e-13 -0.0037802734 0 -0.00023044884 0 0)
(-3.3633643e-10 -0.0052938283 0 -0.00045205984 0 0)
(-1.1386366e-10 0.0052938287 0 -0.00045205988 0 0)
(-4.9918009e-10 0.0037802734 0 -0.00023044889 0 0)
(2.5459616e-10 0.0022664405 0 -8.2850736e-05 0 0)
(3.3084129e-10 0.0007550523 0 -9.197014e-06 0 0)
(3.3964466e-10 -0.00075505252 0 -9.1970039e-06 0 0)
(2.2015021e-10 -0.0022664406 0 -8.285071e-05 0 0)
(-5.2924216e-10 -0.0037802734 0 -0.00023044886 0 0)
(-1.2649203e-10 -0.0052938285 0 -0.00045205987 0 0)
(-2.9458079e-10 0.0052938285 0 -0.00045205988 0 0)
(5.3988979e-11 0.0037802734 0 -0.0002304489 0 0)
(-8.6388167e-11 0.0022664404 0 -8.2850734e-05 0 0)
(4.3284544e-10 0.00075505221 0 -9.1969913e-06 0 0)
(4.0455388e-10 -0.00075505239 0 -9.1969823e-06 0 0)
(-1.009329e-10 -0.0022664406 0 -8.285071e-05 0 0)
(3.1004081e-11 -0.0037802733 0 -0.00023044887 0 0)
(-3.1041363e-10 -0.0052938284 0 -0.00045205987 0 0)
(-9.0017979e-11 0.0052938288 0 -0.00045205991 0 0)
(-4.7185862e-10 0.0037802734 0 -0.00023044892 0 0)
(2.457055e-10 0.0022664403 0 -8.2850729e-05 0 0)
(2.8535779e-10 0.00075505223 0 -9.1969682e-06 0 0)
(2.9510152e-10 -0.00075505244 0 -9.196959e-06 0 0)
(2.1348906e-10 -0.0022664404 0 -8.2850706e-05 0 0)
(-4.9951552e-10 -0.0037802733 0 -0.00023044889 0 0)
(-1.01504e-10 -0.0052938286 0 -0.00045205989 0 0)
(-2.7152353e-10 0.0052938286 0 -0.00045205991 0 0)
(8.0127698e-11 0.0037802733 0 -0.00023044893 0 0)
(-9.4750502e-11 0.0022664403 0 -8.2850728e-05 0 0)
(3.8856346e-10 0.00075505215 0 -9.1969468e-06 0 0)
(3.6108799e-10 -0.00075505232 0 -9.1969386e-06 0 0)
(-1.0719621e-10 -0.0022664404 0 -8.2850706e-05 0 0)
(5.9202243e-11 -0.0037802733 0 -0.0002304489 0 0)
(-2.8618418e-10 -0.0052938285 0 -0.00045205989 0 0)
(-6.7674049e-11 0.0052938289 0 -0.00045205993 0 0)
(-4.4617827e-10 0.0037802733 0 -0.00023044894 0 0)
(2.3742878e-10 0.0022664402 0 -8.2850724e-05 0 0)
(2.4269406e-10 0.00075505217 0 -9.1969253e-06 0 0)
(2.5329028e-10 -0.00075505237 0 -9.1969169e-06 0 0)
(2.0724629e-10 -0.0022664403 0 -8.2850702e-05 0 0)
(-4.715473e-10 -0.0037802733 0 -0.00023044892 0 0)
(-7.8109866e-11 -0.0052938287 0 -0.00045205992 0 0)
(-2.4991965e-10 0.0052938287 0 -0.00045205993 0 0)
(1.0469598e-10 0.0037802732 0 -0.00023044895 0 0)
(-1.0254351e-10 0.0022664402 0 -8.2850722e-05 0 0)
(3.4700324e-10 0.00075505209 0 -9.1969051e-06 0 0)
(3.2027137e-10 -0.00075505226 0 -9.1968975e-06 0 0)
(-1.1307991e-10 -0.0022664403 0 -8.2850702e-05 0 0)
(8.5533528e-11 -0.0037802732 0 -0.00023044893 0 0)
(-2.6350276e-10 -0.0052938286 0 -0.00045205992 0 0)
(-4.6698466e-11 0.0052938289 0 -0.00045205995 0 0)
(-4.2199275e-10 0.0037802732 0 -0.00023044897 0 0)
(2.2971774e-10 0.0022664401 0 -8.2850719e-05 0 0)
(2.0261317e-10 0.00075505212 0 -9.1968849e-06 0 0)
(2.1397895e-10 -0.00075505231 0 -9.1968773e-06 0 0)
(2.0138245e-10 -0.0022664402 0 -8.2850699e-05 0 0)
(-4.4516046e-10 -0.0037802732 0 -0.00023044895 0 0)
(-5.6176542e-11 -0.0052938288 0 -0.00045205994 0 0)
(-2.2964273e-10 0.0052938288 0 -0.00045205995 0 0)
(1.2781423e-10 0.0037802732 0 -0.00023044898 0 0)
(-1.0981332e-10 0.0022664401 0 -8.2850718e-05 0 0)
(3.0793699e-10 0.00075505205 0 -9.1968659e-06 0 0)
(2.818796e-10 -0.0007550522 0 -9.1968589e-06 0 0)
(-1.1862083e-10 -0.0022664402 0 -8.2850699e-05 0 0)
(1.1011487e-10 -0.0037802732 0 -0.00023044896 0 0)
(-2.4223706e-10 -0.0052938287 0 -0.00045205994 0 0)
(-2.6970809e-11 0.005293829 0 -0.00045205997 0 0)
(-3.9916874e-10 0.0037802732 0 -0.000230449 0 0)
(2.2252714e-10 0.00226644 0 -8.2850714e-05 0 0)
(1.6490026e-10 0.00075505207 0 -9.1968469e-06 0 0)
(1.7695795e-10 -0.00075505226 0 -9.19684e-06 0 0)
(1.9586188e-10 -0.0022664401 0 -8.2850696e-05 0 0)
(-4.2025218e-10 -0.0037802732 0 -0.00023044898 0 0)
(-3.5581196e-11 -0.0052938289 0 -0.00045205996 0 0)
(-2.1057824e-10 0.0052938288 0 -0.00045205997 0 0)
(1.4958447e-10 0.0037802731 0 -0.000230449 0 0)
(-1.1660273e-10 0.00226644 0 -8.2850714e-05 0 0)
(2.7115942e-10 0.00075505201 0 -9.196829e-06 0 0)
(2.4571035e-10 -0.00075505216 0 -9.1968225e-06 0 0)
(-1.2385209e-10 -0.0022664401 0 -8.2850697e-05 0 0)
(1.3317933e-10 -0.0037802731 0 -0.00023044899 0 0)
(-2.2226664e-10 -0.0052938288 0 -0.00045205996 0 0)
(-8.3826323e-12 0.0052938291 0 -0.00045205999 0 0)
(-3.7758698e-10 0.0037802731 0 -0.00023044902 0 0)
(2.1581543e-10 0.0022664399 0 -8.2850711e-05 0 0)
(1.293622e-10 0.00075505204 0 -9.1968112e-06 0 0)
(1.4203897e-10 -0.00075505222 0 -9.1968048e-06 0 0)
(1.9065223e-10 -0.00226644 0 -8.2850694e-05 0 0)
(-3.9685823e-10 -0.0037802731 0 -0.000230449 0 0)
(-1.6212339e-11 -0.005293829 0 -0.00045205998 0 0)
(-1.9262293e-10 0.0052938289 0 -0.00045205999 0 0)
(1.7010693e-10 0.0037802731 0 -0.00023044903 0 0)
(-1.2295102e-10 0.0022664399 0 -8.285071e-05 0 0)
(2.364862e-10 0.00075505198 0 -9.1967942e-06 0 0)
(2.1158251e-10 -0.00075505212 0 -9.1967883e-06 0 0)
(-1.2880407e-10 -0.00226644 0 -8.2850695e-05 0 0)
(1.5511874e-10 -0.0037802731 0 -0.00023044901 0 0)
(-2.0348361e-10 -0.0052938288 0 -0.00045205998 0 0)
(9.1611181e-12 0.0052938291 0 -0.00045206001 0 0)
(-3.5715623e-10 0.0037802731 0 -0.00023044904 0 0)
(2.0954446e-10 0.0022664399 0 -8.2850708e-05 0 0)
(9.58259e-11 0.00075505201 0 -9.1967775e-06 0 0)
(1.0905322e-10 -0.00075505218 0 -9.1967717e-06 0 0)
(1.8572394e-10 -0.0022664399 0 -8.2850693e-05 0 0)
(-3.750326e-10 -0.0037802731 0 -0.00023044903 0 0)
(2.0312151e-12 -0.005293829 0 -0.00045206 0 0)
(-1.7568278e-10 0.0052938289 0 -0.00045206 0 0)
(1.8952907e-10 0.0037802731 0 -0.00023044905 0 0)
(-1.2889372e-10 0.0022664399 0 -8.2850707e-05 0 0)
(2.0375231e-10 0.00075505195 0 -9.1967614e-06 0 0)
(1.7933373e-10 -0.00075505209 0 -9.196756e-06 0 0)
(-1.3350379e-10 -0.0022664399 0 -8.2850693e-05 0 0)
(1.7617251e-10 -0.003780273 0 -0.00023044903 0 0)
(-1.8579077e-10 -0.0052938289 0 -0.00045205999 0 0)
(2.5742322e-11 0.0052938291 0 -0.00045206002 0 0)
(-3.3782535e-10 0.0037802731 0 -0.00023044906 0 0)
(2.0368032e-10 0.0022664398 0 -8.2850706e-05 0 0)
(6.4136613e-11 0.00075505198 0 -9.1967458e-06 0 0)
(7.7850021e-11 -0.00075505215 0 -9.1967404e-06 0 0)
(1.8105102e-10 -0.0022664399 0 -8.2850692e-05 0 0)
(-3.5465547e-10 -0.003780273 0 -0.00023044905 0 0)
(1.9240464e-11 -0.005293829 0 -0.00045206001 0 0)
(-1.5967345e-10 0.005293829 0 -0.00045206001 0 0)
(2.0804716e-10 0.003780273 0 -0.00023044907 0 0)
(-1.3446181e-10 0.0022664398 0 -8.2850705e-05 0 0)
(1.7281085e-10 0.00075505194 0 -9.1967306e-06 0 0)
(1.4881984e-10 -0.00075505207 0 -9.1967255e-06 0 0)
(-1.379745e-10 -0.0022664399 0 -8.2850692e-05 0 0)
(1.9626108e-10 -0.003780273 0 -0.00023044906 0 0)
(-1.6910151e-10 -0.0052938289 0 -0.00045206001 0 0)
(4.1429622e-11 0.0052938292 0 -0.00045206003 0 0)
(-3.1953536e-10 0.003780273 0 -0.00023044909 0 0)
(1.981925e-10 0.0022664398 0 -8.2850704e-05 0 0)
(3.4158067e-11 0.00075505197 0 -9.1967158e-06 0 0)
(4.8295372e-11 -0.00075505212 0 -9.1967108e-06 0 0)
(1.7661055e-10 -0.0022664398 0 -8.2850691e-05 0 0)
(-3.3551646e-10 -0.003780273 0 -0.00023044907 0 0)
(3.5496527e-11 -0.0052938291 0 -0.00045206002 0 0)
(-1.4451754e-10 0.005293829 0 -0.00045206003 0 0)
(2.2573993e-10 0.003780273 0 -0.00023044909 0 0)
(-1.3968511e-10 0.0022664398 0 -8.2850704e-05 0 0)
(1.4353273e-10 0.00075505193 0 -9.1967014e-06 0 0)
(1.1991283e-10 -0.00075505205 0 -9.1966967e-06 0 0)
(-1.4223945e-10 -0.0022664398 0 -8.2850692e-05 0 0)
(2.152838e-10 -0.003780273 0 -0.00023044908 0 0)
(-1.5333888e-10 -0.0052938289 0 -0.00045206002 0 0)
(5.6281839e-11 0.0052938292 0 -0.00045206005 0 0)
(-3.0217256e-10 0.003780273 0 -0.00023044911 0 0)
(1.9305293e-10 0.0022664398 0 -8.2850703e-05 0 0)
(5.7686351e-12 0.00075505196 0 -9.1966875e-06 0 0)
(2.0271536e-11 -0.0007550521 0 -9.1966829e-06 0 0)
(1.7237943e-10 -0.0022664398 0 -8.2850691e-05 0 0)
(-3.1744659e-10 -0.003780273 0 -0.00023044909 0 0)
(5.0871442e-11 -0.0052938291 0 -0.00045206004 0 0)
(-1.3014656e-10 0.005293829 0 -0.00045206004 0 0)
(2.4256365e-10 0.003780273 0 -0.00023044911 0 0)
(-1.445884e-10 0.0022664398 0 -8.2850703e-05 0 0)
(1.1580192e-10 0.00075505192 0 -9.1966739e-06 0 0)
(9.2499563e-11 -0.00075505204 0 -9.1966695e-06 0 0)
(-1.4631921e-10 -0.0022664398 0 -8.2850692e-05 0 0)
(2.332493e-10 -0.003780273 0 -0.0002304491 0 0)
(-1.3843461e-10 -0.0052938289 0 -0.00045206003 0 0)
(7.0353601e-11 0.0052938292 0 -0.00045206005 0 0)
(-2.8563278e-10 0.003780273 0 -0.00023044913 0 0)
(1.8823841e-10 0.0022664397 0 -8.2850703e-05 0 0)
(-2.1140392e-11 0.00075505195 0 -9.1966608e-06 0 0)
(-6.3279836e-12 -0.00075505209 0 -9.1966565e-06 0 0)
(1.6833879e-10 -0.0022664398 0 -8.2850691e-05 0 0)
(-3.0034149e-10 -0.003780273 0 -0.00023044911 0 0)
(6.542915e-11 -0.0052938291 0 -0.00045206005 0 0)
(-1.1649934e-10 0.005293829 0 -0.00045206004 0 0)
(2.5849979e-10 0.003780273 0 -0.00023044913 0 0)
(-1.4919336e-10 0.0022664398 0 -8.2850703e-05 0 0)
(8.9515939e-11 0.00075505192 0 -9.196648e-06 0 0)
(6.6478268e-11 -0.00075505204 0 -9.1966438e-06 0 0)
(-1.5023153e-10 -0.0022664398 0 -8.2850692e-05 0 0)
(2.5021738e-10 -0.003780273 0 -0.00023044912 0 0)
(-1.2432881e-10 -0.005293829 0 -0.00045206004 0 0)
(8.3701854e-11 0.0052938292 0 -0.00045206006 0 0)
(-2.6984549e-10 0.003780273 0 -0.00023044914 0 0)
(1.8372736e-10 0.0022664397 0 -8.2850703e-05 0 0)
(-4.6664239e-11 0.00075505195 0 -9.1966356e-06 0 0)
(-3.1596863e-11 -0.00075505209 0 -9.1966315e-06 0 0)
(1.644708e-10 -0.0022664398 0 -8.2850692e-05 0 0)
(-2.8413297e-10 -0.003780273 0 -0.00023044913 0 0)
(7.9226358e-11 -0.0052938291 0 -0.00045206005 0 0)
(-1.0352464e-10 0.005293829 0 -0.00045206005 0 0)
(2.7358425e-10 0.003780273 0 -0.00023044915 0 0)
(-1.5351964e-10 0.0022664398 0 -8.2850703e-05 0 0)
(6.4583289e-11 0.00075505193 0 -9.1966235e-06 0 0)
(4.175818e-11 -0.00075505204 0 -9.1966195e-06 0 0)
(-1.5399225e-10 -0.0022664398 0 -8.2850693e-05 0 0)
(2.6625562e-10 -0.003780273 0 -0.00023044914 0 0)
(-1.1096746e-10 -0.005293829 0 -0.00045206005 0 0)
(9.6384065e-11 0.0052938292 0 -0.00045206007 0 0)
(-2.5475888e-10 0.003780273 0 -0.00023044916 0 0)
(1.7950166e-10 0.0022664397 0 -8.2850704e-05 0 0)
(-7.0889726e-11 0.00075505196 0 -9.1966118e-06 0 0)
(-5.5620609e-11 -0.00075505208 0 -9.1966079e-06 0 0)
(1.6076018e-10 -0.0022664398 0 -8.2850694e-05 0 0)
(-2.6876967e-10 -0.0037802729 0 -0.00023044915 0 0)
(9.2313715e-11 -0.0052938291 0 -0.00045206006 0 0)
(-9.1178314e-11 0.005293829 0 -0.00045206006 0 0)
(2.8787293e-10 0.003780273 0 -0.00023044917 0 0)
(-1.5758304e-10 0.0022664398 0 -8.2850704e-05 0 0)
(4.0918173e-11 0.00075505194 0 -9.1966003e-06 0 0)
(1.8254308e-11 -0.00075505204 0 -9.1965965e-06 0 0)
(-1.576147e-10 -0.0022664398 0 -8.2850695e-05 0 0)
(2.8142642e-10 -0.003780273 0 -0.00023044916 0 0)
(-9.8302378e-11 -0.005293829 0 -0.00045206005 0 0)
(1.0845399e-10 0.0052938292 0 -0.00045206008 0 0)
(-2.4033219e-10 0.003780273 0 -0.00023044918 0 0)
(1.7554481e-10 0.0022664398 0 -8.2850705e-05 0 0)
(-9.3899582e-11 0.00075505197 0 -9.1965893e-06 0 0)
(-7.8480043e-11 -0.00075505209 0 -9.1965856e-06 0 0)
(1.5719403e-10 -0.0022664398 0 -8.2850696e-05 0 0)
(-2.5420565e-10 -0.0037802729 0 -0.00023044917 0 0)
(1.0473768e-10 -0.0052938291 0 -0.00045206007 0 0)
(-7.9421126e-11 0.005293829 0 -0.00045206006 0 0)
(3.0142841e-10 0.003780273 0 -0.00023044919 0 0)
(-1.6139936e-10 0.0022664398 0 -8.2850706e-05 0 0)
(1.8440733e-11 0.00075505195 0 -9.1965785e-06 0 0)
(-4.1117034e-12 -0.00075505205 0 -9.1965748e-06 0 0)
(-1.6111048e-10 -0.0022664398 0 -8.2850697e-05 0 0)
(2.9578835e-10 -0.003780273 0 -0.00023044918 0 0)
(-8.628882e-11 -0.005293829 0 -0.00045206006 0 0)
(1.1996047e-10 0.0052938292 0 -0.00045206008 0 0)
(-2.2653543e-10 0.003780273 0 -0.0002304492 0 0)
(1.7184067e-10 0.0022664398 0 -8.2850707e-05 0 0)
(-1.1577209e-10 0.00075505199 0 -9.1965681e-06 0 0)
(-1.0025182e-10 -0.00075505209 0 -9.1965645e-06 0 0)
(1.5375983e-10 -0.0022664398 0 -8.2850698e-05 0 0)
(-2.4039502e-10 -0.0037802729 0 -0.00023044919 0 0)
(1.1654153e-10 -0.0052938291 0 -0.00045206007 0 0)
(-6.8216087e-11 0.005293829 0 -0.00045206007 0 0)
(3.1432478e-10 0.003780273 0 -0.0002304492 0 0)
(-1.6498416e-10 0.0022664398 0 -8.2850708e-05 0 0)
(-2.9283688e-12 0.00075505198 0 -9.1965579e-06 0 0)
(-2.5417409e-11 -0.00075505207 0 -9.1965542e-06 0 0)
(-1.6449049e-10 -0.0022664398 0 -8.2850699e-05 0 0)
(3.0939796e-10 -0.003780273 0 -0.00023044919 0 0)
(-7.4884445e-11 -0.0052938289 0 -0.00045206006 0 0)
(1.309467e-10 0.0052938292 0 -0.00045206008 0 0)
(-2.1335768e-10 0.003780273 0 -0.00023044922 0 0)
(1.6837367e-10 0.0022664398 0 -8.285071e-05 0 0)
(-1.3658722e-10 0.00075505201 0 -9.1965481e-06 0 0)
(-1.2101302e-10 -0.00075505211 0 -9.1965445e-06 0 0)
(1.5044957e-10 -0.0022664398 0 -8.2850701e-05 0 0)
(-2.2728863e-10 -0.0037802729 0 -0.0002304492 0 0)
(1.2776718e-10 -0.0052938291 0 -0.00045206008 0 0)
(-5.752589e-11 0.005293829 0 -0.00045206007 0 0)
(3.2668174e-10 0.003780273 0 -0.00023044922 0 0)
(-1.6835193e-10 0.0022664398 0 -8.2850711e-05 0 0)
(-2.3271938e-11 0.000755052 0 -9.1965384e-06 0 0)
(-4.5742052e-11 -0.00075505209 0 -9.1965348e-06 0 0)
(-1.6776154e-10 -0.0022664399 0 -8.2850702e-05 0 0)
(3.2231358e-10 -0.003780273 0 -0.00023044921 0 0)
(-6.4046479e-11 -0.0052938289 0 -0.00045206006 0 0)
(1.4145388e-10 0.0052938291 0 -0.00045206008 0 0)
(-2.0082376e-10 0.003780273 0 -0.00023044923 0 0)
(1.6512821e-10 0.0022664399 0 -8.2850713e-05 0 0)
(-1.5643111e-10 0.00075505204 0 -9.1965291e-06 0 0)
(-1.4084541e-10 -0.00075505212 0 -9.1965256e-06 0 0)
(1.4725346e-10 -0.0022664399 0 -8.2850704e-05 0 0)
(-2.148306e-10 -0.003780273 0 -0.00023044922 0 0)
(1.3845794e-10 -0.0052938291 0 -0.00045206008 0 0)
(-4.731055e-11 0.0052938289 0 -0.00045206007 0 0)
(3.3867961e-10 0.003780273 0 -0.00023044924 0 0)
(-1.7151857e-10 0.0022664399 0 -8.2850714e-05 0 0)
(-4.2681901e-11 0.00075505203 0 -9.19652e-06 0 0)
(-6.5173347e-11 -0.00075505211 0 -9.1965163e-06 0 0)
(-1.7093036e-10 -0.0022664399 0 -8.2850705e-05 0 0)
(3.3459912e-10 -0.003780273 0 -0.00023044923 0 0)
(-5.3729872e-11 -0.0052938289 0 -0.00045206007 0 0)
(1.5152389e-10 0.0052938291 0 -0.00045206009 0 0)
(-1.8895459e-10 0.003780273 0 -0.00023044925 0 0)
(1.6208668e-10 0.0022664399 0 -8.2850717e-05 0 0)
(-1.7540114e-10 0.00075505207 0 -9.1965112e-06 0 0)
(-1.5984098e-10 -0.00075505215 0 -9.1965076e-06 0 0)
(1.4416986e-10 -0.0022664399 0 -8.2850708e-05 0 0)
(-2.0295603e-10 -0.003780273 0 -0.00023044924 0 0)
(1.4866075e-10 -0.0052938291 0 -0.00045206008 0 0)
(-3.752666e-11 0.0052938289 0 -0.00045206007 0 0)
(3.5045895e-10 0.003780273 0 -0.00023044925 0 0)
(-1.7450167e-10 0.0022664399 0 -8.2850718e-05 0 0)
(-6.1262858e-11 0.00075505206 0 -9.1965025e-06 0 0)
(-8.3810846e-11 -0.00075505214 0 -9.1964987e-06 0 0)
(-1.7399837e-10 -0.0022664399 0 -8.2850709e-05 0 0)
(3.4632735e-10 -0.003780273 0 -0.00023044925 0 0)
(-4.3884614e-11 -0.0052938289 0 -0.00045206007 0 0)
(1.6120237e-10 0.0052938291 0 -0.00045206009 0 0)
(-1.7767739e-10 0.003780273 0 -0.00023044927 0 0)
(1.5922979e-10 0.00226644 0 -8.2850721e-05 0 0)
(-1.9361064e-10 0.0007550521 0 -9.1964941e-06 0 0)
(-1.7810687e-10 -0.00075505217 0 -9.1964904e-06 0 0)
(1.4118948e-10 -0.00226644 0 -8.2850712e-05 0 0)
(-1.9158752e-10 -0.003780273 0 -0.00023044925 0 0)
(1.5842853e-10 -0.005293829 0 -0.00045206008 0 0)
(-2.8123488e-11 0.0052938289 0 -0.00045206007 0 0)
(3.6201479e-10 0.003780273 0 -0.00023044927 0 0)
(-1.7732056e-10 0.00226644 0 -8.2850723e-05 0 0)
(-7.9139542e-11 0.0007550521 0 -9.1964858e-06 0 0)
(-1.0177282e-10 -0.00075505217 0 -9.1964819e-06 0 0)
(-1.7697244e-10 -0.00226644 0 -8.2850714e-05 0 0)
(3.5758309e-10 -0.003780273 0 -0.00023044926 0 0)
(-3.4452502e-11 -0.0052938288 0 -0.00045206007 0 0)
(1.7054234e-10 0.005293829 0 -0.00045206008 0 0)
(-1.6683613e-10 0.003780273 0 -0.00023044928 0 0)
(1.5653555e-10 0.00226644 0 -8.2850726e-05 0 0)
(-2.1119633e-10 0.00075505214 0 -9.1964777e-06 0 0)
(-1.9577197e-10 -0.0007550522 0 -9.1964739e-06 0 0)
(1.3831416e-10 -0.00226644 0 -8.2850717e-05 0 0)
(-1.806344e-10 -0.003780273 0 -0.00023044927 0 0)
(1.6782337e-10 -0.005293829 0 -0.00045206008 0 0)
(-1.9041527e-11 0.0052938288 0 -0.00045206007 0 0)
(3.7329752e-10 0.003780273 0 -0.00023044929 0 0)
(-1.7999753e-10 0.00226644 0 -8.2850728e-05 0 0)
(-9.6463036e-11 0.00075505214 0 -9.1964697e-06 0 0)
(-1.1920165e-10 -0.0007550522 0 -9.1964657e-06 0 0)
(-1.7984848e-10 -0.0022664401 0 -8.2850719e-05 0 0)
(3.6846952e-10 -0.003780273 0 -0.00023044928 0 0)
(-2.5364997e-11 -0.0052938288 0 -0.00045206006 0 0)
(1.7960703e-10 0.005293829 0 -0.00045206008 0 0)
(-1.5626353e-10 0.003780273 0 -0.0002304493 0 0)
(1.5397927e-10 0.0022664401 0 -8.2850732e-05 0 0)
(-2.2832472e-10 0.00075505218 0 -9.1964618e-06 0 0)
(-2.1299325e-10 -0.00075505223 0 -9.196458e-06 0 0)
(1.3553627e-10 -0.0022664401 0 -8.2850722e-05 0 0)
(-1.6998962e-10 -0.003780273 0 -0.00023044929 0 0)
(1.7691958e-10 -0.0052938289 0 -0.00045206007 0 0)
(-1.0208369e-11 0.0052938288 0 -0.00045206007 0 0)
(3.843356e-10 0.003780273 0 -0.0002304493 0 0)
(-1.825576e-10 0.0022664401 0 -8.2850734e-05 0 0)
(-1.1341825e-10 0.00075505219 0 -9.1964541e-06 0 0)
(-1.3627308e-10 -0.00075505224 0 -9.19645e-06 0 0)
(-1.8263596e-10 -0.0022664401 0 -8.2850724e-05 0 0)
(3.7911418e-10 -0.003780273 0 -0.00023044929 0 0)
(-1.6539176e-11 -0.0052938287 0 -0.00045206006 0 0)
(1.8847411e-10 0.0052938289 0 -0.00045206008 0 0)
(-1.4580569e-10 0.0037802731 0 -0.00023044931 0 0)
(1.5153224e-10 0.0022664402 0 -8.2850738e-05 0 0)
(-2.4519968e-10 0.00075505222 0 -9.1964463e-06 0 0)
(-2.2996539e-10 -0.00075505227 0 -9.1964424e-06 0 0)
(1.3285235e-10 -0.0022664402 0 -8.2850728e-05 0 0)
(-1.5952071e-10 -0.003780273 0 -0.0002304493 0 0)
(1.8580678e-10 -0.0052938289 0 -0.00045206007 0 0)
(-1.5346692e-12 0.0052938287 0 -0.00045206006 0 0)
(3.9524138e-10 0.0037802731 0 -0.00023044932 0 0)
(-1.8502889e-10 0.0022664402 0 -8.285074e-05 0 0)
(-1.3023117e-10 0.00075505223 0 -9.1964387e-06 0 0)
(-1.5320398e-10 -0.00075505228 0 -9.1964345e-06 0 0)
(-1.8533386e-10 -0.0022664402 0 -8.285073e-05 0 0)
(3.8967576e-10 -0.0037802731 0 -0.00023044931 0 0)
(-7.8745858e-12 -0.0052938287 0 -0.00045206006 0 0)
(1.9724016e-10 0.0052938289 0 -0.00045206008 0 0)
(-1.3530418e-10 0.0037802731 0 -0.00023044933 0 0)
(1.4916361e-10 0.0022664402 0 -8.2850744e-05 0 0)
(-2.620705e-10 0.00075505227 0 -9.1964309e-06 0 0)
(-2.4692786e-10 -0.00075505231 0 -9.1964269e-06 0 0)
(1.3025426e-10 -0.0022664403 0 -8.2850734e-05 0 0)
(-1.49057e-10 -0.0037802731 0 -0.00023044932 0 0)
(1.9459358e-10 -0.0052938288 0 -0.00045206007 0 0)
(7.089814e-12 0.0052938287 0 -0.00045206006 0 0)
(4.0618239e-10 0.0037802731 0 -0.00023044934 0 0)
(-1.8744216e-10 0.0022664403 0 -8.2850747e-05 0 0)
(-1.4717733e-10 0.00075505228 0 -9.1964232e-06 0 0)
(-1.702612e-10 -0.00075505232 0 -9.1964189e-06 0 0)
(-1.8795453e-10 -0.0022664403 0 -8.2850737e-05 0 0)
(4.0034288e-10 -0.0037802731 0 -0.00023044933 0 0)
(7.4943952e-13 -0.0052938286 0 -0.00045206005 0 0)
(2.0602427e-10 0.0052938288 0 -0.00045206007 0 0)
(-1.2457604e-10 0.0037802731 0 -0.00023044935 0 0)
(1.4683802e-10 0.0022664403 0 -8.2850751e-05 0 0)
(-2.792402e-10 0.00075505232 0 -9.1964152e-06 0 0)
(-2.6417544e-10 -0.00075505235 0 -9.1964112e-06 0 0)
(1.2772586e-10 -0.0022664403 0 -8.2850741e-05 0 0)
(-1.3838326e-10 -0.0037802731 0 -0.00023044934 0 0)
(2.034096e-10 -0.0052938288 0 -0.00045206006 0 0)
(1.5802093e-11 0.0052938286 0 -0.00045206005 0 0)
(4.1736943e-10 0.0037802731 0 -0.00023044936 0 0)
(-1.898316e-10 0.0022664404 0 -8.2850754e-05 0 0)
(-1.6459134e-10 0.00075505234 0 -9.1964074e-06 0 0)
(-1.8777127e-10 -0.00075505237 0 -9.1964029e-06 0 0)
(-1.9051123e-10 -0.0022664404 0 -8.2850744e-05 0 0)
(4.1133737e-10 -0.0037802731 0 -0.00023044934 0 0)
(9.4776407e-12 -0.0052938286 0 -0.00045206005 0 0)
(2.1497596e-10 0.0052938288 0 -0.00045206007 0 0)
(-1.1340296e-10 0.0037802731 0 -0.00023044937 0 0)
(1.4451807e-10 0.0022664404 0 -8.2850759e-05 0 0)
(-2.9707622e-10 0.00075505238 0 -9.196399e-06 0 0)
(-2.820676e-10 -0.0007550524 0 -9.1963948e-06 0 0)
(1.2524975e-10 -0.0022664404 0 -8.2850748e-05 0 0)
(-1.2724671e-10 -0.0037802731 0 -0.00023044936 0 0)
(2.1241087e-10 -0.0052938287 0 -0.00045206006 0 0)
(2.4771281e-11 0.0052938285 0 -0.00045206005 0 0)
(4.2905967e-10 0.0037802732 0 -0.00023044937 0 0)
(-1.9223383e-10 0.0022664405 0 -8.2850762e-05 0 0)
(-1.8287798e-10 0.0007550524 0 -9.1963906e-06 0 0)
(-2.0613167e-10 -0.00075505242 0 -9.196386e-06 0 0)
(-1.9302385e-10 -0.0022664405 0 -8.2850752e-05 0 0)
(4.2291914e-10 -0.0037802732 0 -0.00023044936 0 0)
(1.8483567e-11 -0.0052938285 0 -0.00045206004 0 0)
(2.2427864e-10 0.0052938287 0 -0.00045206006 0 0)
(-1.0151497e-10 0.0037802732 0 -0.00023044939 0 0)
(1.4216071e-10 0.0022664405 0 -8.2850767e-05 0 0)
(-3.1602214e-10 0.00075505244 0 -9.1963816e-06 0 0)
(-3.0104001e-10 -0.00075505245 0 -9.1963775e-06 0 0)
(1.2279572e-10 -0.0022664405 0 -8.2850756e-05 0 0)
(-1.1535105e-10 -0.0037802732 0 -0.00023044937 0 0)
(2.2178374e-10 -0.0052938286 0 -0.00045206005 0 0)
(3.4203894e-11 0.0052938285 0 -0.00045206004 0 0)
(4.4156672e-10 0.0037802732 0 -0.00023044939 0 0)
(-1.9469268e-10 0.0022664406 0 -8.285077e-05 0 0)
(-2.025238e-10 0.00075505246 0 -9.1963726e-06 0 0)
(-2.2582111e-10 -0.00075505247 0 -9.1963679e-06 0 0)
(-1.9552141e-10 -0.0022664406 0 -8.285076e-05 0 0)
(4.3539928e-10 -0.0037802732 0 -0.00023044938 0 0)
(2.7973784e-11 -0.0052938284 0 -0.00045206004 0 0)
(2.3415484e-10 0.0052938286 0 -0.00045206005 0 0)
(-8.8578082e-11 0.0037802732 0 -0.00023044941 0 0)
(1.3971432e-10 0.0022664406 0 -8.2850776e-05 0 0)
(-3.3660932e-10 0.0007550525 0 -9.1963627e-06 0 0)
(-3.2161544e-10 -0.00075505251 0 -9.1963585e-06 0 0)
(1.2033271e-10 -0.0022664407 0 -8.2850765e-05 0 0)
(-1.0234571e-10 -0.0037802732 0 -0.0002304494 0 0)
(2.3174993e-10 -0.0052938286 0 -0.00045206004 0 0)
(4.4349015e-11 0.0052938284 0 -0.00045206003 0 0)
(4.5526253e-10 0.0037802732 0 -0.00023044942 0 0)
(-1.9726208e-10 0.0022664407 0 -8.2850779e-05 0 0)
(-2.2411087e-10 0.00075505252 0 -9.1963527e-06 0 0)
(-2.4741096e-10 -0.00075505253 0 -9.1963479e-06 0 0)
(-1.9803208e-10 -0.0022664407 0 -8.2850769e-05 0 0)
(4.4915159e-10 -0.0037802732 0 -0.0002304494 0 0)
(3.8193841e-11 -0.0052938284 0 -0.00045206003 0 0)
(2.4487231e-10 0.0052938285 0 -0.00045206005 0 0)
(-7.4190914e-11 0.0037802732 0 -0.00023044943 0 0)
(1.3711279e-10 0.0022664408 0 -8.2850785e-05 0 0)
(-3.5947396e-10 0.00075505257 0 -9.1963415e-06 0 0)
(-3.4441429e-10 -0.00075505258 0 -9.1963374e-06 0 0)
(1.1782428e-10 -0.0022664408 0 -8.2850774e-05 0 0)
(-8.7811856e-11 -0.0037802732 0 -0.00023044942 0 0)
(2.4257344e-10 -0.0052938285 0 -0.00045206004 0 0)
(5.5502472e-11 0.0052938283 0 -0.00045206003 0 0)
(4.7057712e-10 0.0037802733 0 -0.00023044944 0 0)
(-2.0001522e-10 0.0022664408 0 -8.2850788e-05 0 0)
(-2.4833523e-10 0.00075505259 0 -9.1963301e-06 0 0)
(-2.7157524e-10 -0.0007550526 0 -9.1963254e-06 0 0)
(-2.0058732e-10 -0.0022664408 0 -8.2850778e-05 0 0)
(4.6462612e-10 -0.0037802733 0 -0.00023044943 0 0)
(4.9436659e-11 -0.0052938283 0 -0.00045206002 0 0)
(2.5674645e-10 0.0052938284 0 -0.00045206004 0 0)
(-5.7884463e-11 0.0037802733 0 -0.00023044945 0 0)
(1.3426502e-10 0.0022664409 0 -8.2850794e-05 0 0)
(-3.8537466e-10 0.00075505264 0 -9.1963173e-06 0 0)
(-3.7016594e-10 -0.00075505265 0 -9.1963133e-06 0 0)
(1.1524082e-10 -0.0022664409 0 -8.2850784e-05 0 0)
(-7.1244278e-11 -0.0037802733 0 -0.00023044944 0 0)
(2.5457065e-10 -0.0052938284 0 -0.00045206003 0 0)
(6.8010465e-11 0.0052938282 0 -0.00045206002 0 0)
(4.8799882e-10 0.0037802733 0 -0.00023044946 0 0)
(-2.0305522e-10 0.002266441 0 -8.2850798e-05 0 0)
(-2.7602402e-10 0.00075505266 0 -9.1963041e-06 0 0)
(-2.9910321e-10 -0.00075505267 0 -9.1962995e-06 0 0)
(-2.0320456e-10 -0.002266441 0 -8.2850789e-05 0 0)
(4.8236828e-10 -0.0037802733 0 -0.00023044945 0 0)
(6.2053625e-11 -0.0052938282 0 -0.00045206002 0 0)
(2.7014374e-10 0.0052938283 0 -0.00045206003 0 0)
(-3.9127099e-11 0.0037802733 0 -0.00023044948 0 0)
(1.3104426e-10 0.002266441 0 -8.2850805e-05 0 0)
(-4.1521154e-10 0.00075505272 0 -9.1962892e-06 0 0)
(-3.997207e-10 -0.00075505272 0 -9.1962855e-06 0 0)
(1.125657e-10 -0.0022664411 0 -8.2850794e-05 0 0)
(-5.2029076e-11 -0.0037802733 0 -0.00023044947 0 0)
(2.6812256e-10 -0.0052938283 0 -0.00045206002 0 0)
(8.2270326e-11 0.0052938281 0 -0.00045206001 0 0)
(5.0807559e-10 0.0037802734 0 -0.00023044949 0 0)
(-2.0652628e-10 0.0022664411 0 -8.2850809e-05 0 0)
(-3.0815623e-10 0.00075505274 0 -9.1962738e-06 0 0)
(-3.3090963e-10 -0.00075505275 0 -9.1962694e-06 0 0)
(-2.0588566e-10 -0.0022664411 0 -8.28508e-05 0 0)
(5.0304053e-10 -0.0037802734 0 -0.00023044948 0 0)
(7.6467447e-11 -0.0052938281 0 -0.00045206001 0 0)
(2.8548259e-10 0.0052938282 0 -0.00045206002 0 0)
(-1.7327748e-11 0.0037802734 0 -0.00023044951 0 0)
(1.2727588e-10 0.0022664412 0 -8.2850815e-05 0 0)
(-4.5004644e-10 0.0007550528 0 -9.1962562e-06 0 0)
(-4.3406092e-10 -0.00075505281 0 -9.196253e-06 0 0)
(1.0980349e-10 -0.0022664412 0 -8.2850806e-05 0 0)
(-2.9421888e-11 -0.0037802734 0 -0.0002304495 0 0)
(2.8368911e-10 -0.0052938282 0 -0.00045206002 0 0)
(9.8731784e-11 0.005293828 0 -0.00045206001 0 0)
(5.3141453e-10 0.0037802734 0 -0.00023044953 0 0)
(-2.106254e-10 0.0022664413 0 -8.285082e-05 0 0)
(-3.4588025e-10 0.00075505283 0 -9.196238e-06 0 0)
(-3.6804822e-10 -0.00075505284 0 -9.1962342e-06 0 0)
(-2.0860744e-10 -0.0022664413 0 -8.2850812e-05 0 0)
(5.2744319e-10 -0.0037802734 0 -0.00023044952 0 0)
(9.3187047e-11 -0.005293828 0 -0.00045206 0 0)
(3.0323406e-10 0.0052938281 0 -0.00045206002 0 0)
(8.1678916e-12 0.0037802734 0 -0.00023044955 0 0)
(1.2273109e-10 0.0022664414 0 -8.2850826e-05 0 0)
(-4.911182e-10 0.0007550529 0 -9.1962171e-06 0 0)
(-4.7431601e-10 -0.0007550529 0 -9.1962147e-06 0 0)
(1.0698125e-10 -0.0022664414 0 -8.2850819e-05 0 0)
(-2.5301849e-12 -0.0037802734 0 -0.00023044954 0 0)
(3.0182412e-10 -0.0052938281 0 -0.00045206001 0 0)
(1.1789793e-10 0.0052938279 0 -0.00045206 0 0)
(5.586884e-10 0.0037802735 0 -0.00023044957 0 0)
(-2.156003e-10 0.0022664415 0 -8.2850831e-05 0 0)
(-3.9052505e-10 0.00075505293 0 -9.1961954e-06 0 0)
(-4.1172772e-10 -0.00075505294 0 -9.1961925e-06 0 0)
(-2.1132845e-10 -0.0022664415 0 -8.2850826e-05 0 0)
(5.5652604e-10 -0.0037802735 0 -0.00023044956 0 0)
(1.1282092e-10 -0.0052938279 0 -0.00045206 0 0)
(3.2392482e-10 0.005293828 0 -0.00045206001 0 0)
(3.8088904e-11 0.0037802735 0 -0.00023044959 0 0)
(1.1713792e-10 0.0022664416 0 -8.2850838e-05 0 0)
(-5.3984754e-10 0.000755053 0 -9.1961705e-06 0 0)
(-5.2178121e-10 -0.00075505301 0 -9.1961694e-06 0 0)
(1.041342e-10 -0.0022664416 0 -8.2850833e-05 0 0)
(2.9690054e-11 -0.0037802735 0 -0.00023044958 0 0)
(3.2318617e-10 -0.005293828 0 -0.00045206001 0 0)
(1.403317e-10 0.0052938277 0 -0.00045205999 0 0)
(5.9065429e-10 0.0037802735 0 -0.00023044961 0 0)
(-2.2172812e-10 0.0022664417 0 -8.2850842e-05 0 0)
(-4.435965e-10 0.00075505303 0 -9.1961446e-06 0 0)
(-4.6333168e-10 -0.00075505305 0 -9.1961432e-06 0 0)
(-2.1401706e-10 -0.0022664417 0 -8.2850841e-05 0 0)
(5.9137741e-10 -0.0037802736 0 -0.00023044961 0 0)
(1.360834e-10 -0.0052938277 0 -0.00045205999 0 0)
(3.4815016e-10 0.0052938278 0 -0.00045206001 0 0)
(7.3270238e-11 0.0037802736 0 -0.00023044964 0 0)
(1.1021926e-10 0.0022664418 0 -8.285085e-05 0 0)
(-5.9782361e-10 0.00075505311 0 -9.196115e-06 0 0)
(-5.7794153e-10 -0.00075505312 0 -9.1961156e-06 0 0)
(1.0126056e-10 -0.0022664418 0 -8.2850849e-05 0 0)
(6.8404719e-11 -0.0037802736 0 -0.00023044964 0 0)
(3.4854089e-10 -0.0052938278 0 -0.00045206 0 0)
(1.6667021e-10 0.0052938276 0 -0.00045205999 0 0)
(6.2820576e-10 0.0037802736 0 -0.00023044966 0 0)
(-2.2925476e-10 0.0022664419 0 -8.2850855e-05 0 0)
(-5.0675131e-10 0.00075505315 0 -9.1960842e-06 0 0)
(-5.2444753e-10 -0.00075505318 0 -9.1960847e-06 0 0)
(-2.1671583e-10 -0.0022664419 0 -8.2850858e-05 0 0)
(6.3317623e-10 -0.0037802736 0 -0.00023044966 0 0)
(1.6378507e-10 -0.0052938276 0 -0.00045205999 0 0)
(3.7659609e-10 0.0052938277 0 -0.00045206 0 0)
(1.147294e-10 0.0037802737 0 -0.00023044969 0 0)
(1.0177779e-10 0.002266442 0 -8.2850862e-05 0 0)
(-6.6676314e-10 0.00075505324 0 -9.1960489e-06 0 0)
(-6.4450754e-10 -0.00075505326 0 -9.196052e-06 0 0)
(9.823489e-11 -0.002266442 0 -8.2850867e-05 0 0)
(1.1482876e-10 -0.0037802737 0 -0.0002304497 0 0)
(3.7873918e-10 -0.0052938277 0 -0.00045206 0 0)
(1.976583e-10 0.0052938274 0 -0.00045205998 0 0)
(6.7246908e-10 0.0037802737 0 -0.00023044972 0 0)
(-2.3828402e-10 0.0022664422 0 -8.2850867e-05 0 0)
(-5.8173882e-10 0.00075505329 0 -9.1960124e-06 0 0)
(-5.9690592e-10 -0.00075505333 0 -9.1960155e-06 0 0)
(-2.1965735e-10 -0.0022664422 0 -8.2850877e-05 0 0)
(6.8308626e-10 -0.0037802737 0 -0.00023044973 0 0)
(1.9679667e-10 -0.0052938274 0 -0.00045205999 0 0)
(4.1008633e-10 0.0052938275 0 -0.00045206 0 0)
(1.637877e-10 0.0037802737 0 -0.00023044976 0 0)
(9.1837903e-11 0.0022664423 0 -8.2850876e-05 0 0)
(-7.4843374e-10 0.00075505338 0 -9.1959705e-06 0 0)
(-7.2346253e-10 -0.00075505341 0 -9.1959765e-06 0 0)
(9.466363e-11 -0.0022664423 0 -8.2850887e-05 0 0)
(1.7008054e-10 -0.0037802737 0 -0.00023044977 0 0)
(4.1466517e-10 -0.0052938275 0 -0.00045206 0 0)
(2.3420825e-10 0.0052938272 0 -0.00045205998 0 0)
(7.2495424e-10 0.0037802738 0 -0.00023044979 0 0)
(-2.4860453e-10 0.0022664425 0 -8.2850882e-05 0 0)
(-6.7030621e-10 0.00075505344 0 -9.1959277e-06 0 0)
(-6.8283061e-10 -0.00075505349 0 -9.1959335e-06 0 0)
(-2.2344048e-10 -0.0022664425 0 -8.2850898e-05 0 0)
(7.4207598e-10 -0.0037802738 0 -0.0002304498 0 0)
(2.3597741e-10 -0.0052938272 0 -0.00045205999 0 0)
(4.4966206e-10 0.0052938273 0 -0.00045206 0 0)
(2.2224604e-10 0.0037802738 0 -0.00023044983 0 0)
(8.0844117e-11 0.0022664426 0 -8.2850892e-05 0 0)
(-8.445409e-10 0.00075505355 0 -9.1958785e-06 0 0)
(-8.1711658e-10 -0.00075505357 0 -9.1958871e-06 0 0)
(8.9686242e-11 -0.0022664427 0 -8.285091e-05 0 0)
(2.3495613e-10 -0.0037802738 0 -0.00023044985 0 0)
(4.5714579e-10 -0.0052938273 0 -0.00045206 0 0)
(2.7748942e-10 0.005293827 0 -0.00045205998 0 0)
(7.8775758e-10 0.0037802739 0 -0.00023044987 0 0)
(-2.5947754e-10 0.0022664428 0 -8.2850899e-05 0 0)
(-7.7406769e-10 0.00075505362 0 -9.1958288e-06 0 0)
(-7.8468652e-10 -0.00075505368 0 -9.1958364e-06 0 0)
(-2.2925089e-10 -0.0022664428 0 -8.2850921e-05 0 0)
(8.1067006e-10 -0.0037802739 0 -0.00023044989 0 0)
(2.8205705e-10 -0.005293827 0 -0.00045205999 0 0)
(4.966882e-10 0.0052938271 0 -0.00045206 0 0)
(2.9259522e-10 0.0037802739 0 -0.00023044992 0 0)
(6.9880809e-11 0.002266443 0 -8.2850912e-05 0 0)
(-9.5658076e-10 0.00075505374 0 -9.1957716e-06 0 0)
(-9.2814553e-10 -0.00075505376 0 -9.1957813e-06 0 0)
(8.1754159e-11 -0.002266443 0 -8.2850932e-05 0 0)
(3.0964289e-10 -0.0037802739 0 -0.00023044995 0 0)
(5.0681333e-10 -0.005293827 0 -0.00045206001 0 0)
(3.2904195e-10 0.0052938267 0 -0.00045205998 0 0)
(8.637678e-10 0.003780274 0 -0.00023044997 0 0)
(-2.6942434e-10 0.0022664432 0 -8.2850921e-05 0 0)
(-8.9434432e-10 0.00075505383 0 -9.1957145e-06 0 0)
(-9.0529096e-10 -0.00075505388 0 -9.1957218e-06 0 0)
(-2.3907951e-10 -0.0022664432 0 -8.2850944e-05 0 0)
(8.8865674e-10 -0.003780274 0 -0.00023044999 0 0)
(3.3548168e-10 -0.0052938267 0 -0.00045206 0 0)
(5.5297411e-10 0.0052938268 0 -0.00045206 0 0)
(3.7816879e-10 0.0037802741 0 -0.00023045003 0 0)
(6.0856496e-11 0.0022664434 0 -8.2850938e-05 0 0)
(-1.0856639e-09 0.00075505396 0 -9.1956489e-06 0 0)
(-1.0595544e-09 -0.00075505397 0 -9.1956564e-06 0 0)
(6.8451737e-11 -0.0022664434 0 -8.2850955e-05 0 0)
(3.9340777e-10 -0.0037802741 0 -0.00023045005 0 0)
(5.6394225e-10 -0.0052938268 0 -0.00045206001 0 0)
(3.9087886e-10 0.0052938265 0 -0.00045205999 0 0)
(9.567471e-10 0.0037802741 0 -0.00023045009 0 0)
(-2.7612935e-10 0.0022664437 0 -8.2850952e-05 0 0)
(-1.0319752e-09 0.00075505408 0 -9.1955842e-06 0 0)
(-1.0477002e-09 -0.00075505412 0 -9.1955868e-06 0 0)
(-2.5583705e-10 -0.0022664437 0 -8.2850965e-05 0 0)
(9.74813e-10 -0.0037802741 0 -0.00023045011 0 0)
(3.962432e-10 -0.0052938264 0 -0.00045206 0 0)
(6.2084601e-10 0.0052938265 0 -0.00045206001 0 0)
(4.8305291e-10 0.0037802742 0 -0.00023045016 0 0)
(5.6473022e-11 0.0022664439 0 -8.2850974e-05 0 0)
(-1.2323038e-09 0.00075505421 0 -9.1955102e-06 0 0)
(-1.2144278e-09 -0.0007550542 0 -9.1955095e-06 0 0)
(4.6522349e-11 -0.0022664439 0 -8.2850973e-05 0 0)
(4.8434325e-10 -0.0037802742 0 -0.00023045017 0 0)
(6.2828814e-10 -0.0052938264 0 -0.00045206002 0 0)
(4.6548375e-10 0.0052938261 0 -0.00045206 0 0)
(1.0710334e-09 0.0037802743 0 -0.00023045023 0 0)
(-2.7663414e-10 0.0022664442 0 -8.2850995e-05 0 0)
(-1.1870969e-09 0.00075505436 0 -9.1954382e-06 0 0)
(-1.2147664e-09 -0.00075505437 0 -9.1954287e-06 0 0)
(-2.8315075e-10 -0.0022664442 0 -8.2850981e-05 0 0)
(1.0667336e-09 -0.0037802743 0 -0.00023045023 0 0)
(4.6372995e-10 -0.0052938261 0 -0.00045206001 0 0)
(7.0303796e-10 0.0052938261 0 -0.00045206003 0 0)
(6.1140424e-10 0.0037802744 0 -0.00023045032 0 0)
(5.9857731e-11 0.0022664445 0 -8.2851025e-05 0 0)
(-1.3961711e-09 0.00075505452 0 -9.1953562e-06 0 0)
(-1.395154e-09 -0.00075505445 0 -9.1953387e-06 0 0)
(1.2326176e-11 -0.0022664444 0 -8.2850986e-05 0 0)
(5.7925211e-10 -0.0037802743 0 -0.0002304503 0 0)
(6.989713e-10 -0.0052938261 0 -0.00045206003 0 0)
(5.5552069e-10 0.0052938257 0 -0.00045206002 0 0)
(1.2104029e-09 0.0037802745 0 -0.00023045041 0 0)
(-2.6807012e-10 0.0022664448 0 -8.2851053e-05 0 0)
(-1.3588779e-09 0.00075505471 0 -9.1952778e-06 0 0)
(-1.407953e-09 -0.00075505466 0 -9.1952463e-06 0 0)
(-3.2459516e-10 -0.0022664447 0 -8.2850989e-05 0 0)
(1.1608224e-09 -0.0037802744 0 -0.00023045036 0 0)
(5.3663121e-10 -0.0052938257 0 -0.00045206001 0 0)
(8.0214339e-10 0.0052938257 0 -0.00045206005 0 0)
(7.6558433e-10 0.0037802745 0 -0.00023045051 0 0)
(7.3236359e-11 0.0022664451 0 -8.2851093e-05 0 0)
(-1.5756629e-09 0.0007550549 0 -9.1951887e-06 0 0)
(-1.6015893e-09 -0.00075505474 0 -9.1951445e-06 0 0)
(-3.6955756e-11 -0.0022664451 0 -8.285099e-05 0 0)
(6.7368354e-10 -0.0037802745 0 -0.00023045043 0 0)
(7.7441514e-10 -0.0052938257 0 -0.00045206003 0 0)
(6.6292696e-10 0.0052938253 0 -0.00045206004 0 0)
(1.3753755e-09 0.0037802746 0 -0.00023045061 0 0)
(-2.4975446e-10 0.0022664454 0 -8.2851129e-05 0 0)
(-1.5445607e-09 0.00075505514 0 -9.1951063e-06 0 0)
(-1.6248965e-09 -0.00075505501 0 -9.1950419e-06 0 0)
(-3.8189605e-10 -0.0022664454 0 -8.285099e-05 0 0)
(1.2523835e-09 -0.0037802746 0 -0.00023045049 0 0)
(6.1284626e-10 -0.0052938253 0 -0.00045206001 0 0)
(9.1920089e-10 0.0052938252 0 -0.00045206008 0 0)
(9.4226364e-10 0.0037802747 0 -0.00023045073 0 0)
(9.5314561e-11 0.0022664458 0 -8.2851179e-05 0 0)
(-1.7661055e-09 0.00075505534 0 -9.1950126e-06 0 0)
(-1.8277255e-09 -0.00075505511 0 -9.1949337e-06 0 0)
(-1.0081918e-10 -0.0022664458 0 -8.2850987e-05 0 0)
(7.6194769e-10 -0.0037802747 0 -0.00023045056 0 0)
(8.5221107e-10 -0.0052938252 0 -0.00045206002 0 0)
(7.8686331e-10 0.0052938248 0 -0.00045206007 0 0)
(1.5580701e-09 0.0037802748 0 -0.00023045084 0 0)
(-2.257995e-10 0.0022664462 0 -8.285122e-05 0 0)
(-1.7369504e-09 0.0007550556 0 -9.1949313e-06 0 0)
(-1.8553687e-09 -0.00075505547 0 -9.194826e-06 0 0)
(-4.5158259e-10 -0.0022664461 0 -8.2850989e-05 0 0)
(1.3355613e-09 -0.0037802749 0 -0.00023045061 0 0)
(6.8917885e-10 -0.0052938248 0 -0.00045206 0 0)
(1.0507163e-09 0.0052938246 0 -0.0004520601 0 0)
(1.125645e-09 0.0037802749 0 -0.00023045096 0 0)
(1.1939163e-10 0.0022664467 0 -8.2851277e-05 0 0)
(-1.9569075e-09 0.00075505579 0 -9.1948381e-06 0 0)
(-2.0561656e-09 -0.00075505558 0 -9.1947251e-06 0 0)
(-1.713487e-10 -0.0022664465 0 -8.2850984e-05 0 0)
(8.3689002e-10 -0.003780275 0 -0.00023045069 0 0)
(9.2858008e-10 -0.0052938247 0 -0.00045206 0 0)
(9.1976145e-10 0.0052938241 0 -0.00045206009 0 0)
(1.7340624e-09 0.003780275 0 -0.00023045107 0 0)
(-2.0623121e-10 0.0022664471 0 -8.2851317e-05 0 0)
(-1.9222617e-09 0.00075505602 0 -9.1947671e-06 0 0)
(-2.0769608e-09 -0.00075505601 0 -9.1946197e-06 0 0)
(-5.199328e-10 -0.0022664469 0 -8.2851001e-05 0 0)
(1.4031207e-09 -0.0037802751 0 -0.00023045073 0 0)
(7.6055954e-10 -0.0052938243 0 -0.00045205997 0 0)
(1.1832224e-09 0.005293824 0 -0.00045206011 0 0)
(1.2781466e-09 0.0037802751 0 -0.00023045117 0 0)
(1.3202543e-10 0.0022664475 0 -8.2851373e-05 0 0)
(-2.1285769e-09 0.00075505619 0 -9.1946835e-06 0 0)
(-2.2594341e-09 -0.00075505615 0 -9.1945466e-06 0 0)
(-2.2758582e-10 -0.0022664474 0 -8.2851004e-05 0 0)
(8.9005508e-10 -0.0037802752 0 -0.0002304508 0 0)
(9.9708854e-10 -0.0052938242 0 -0.00045205995 0 0)
(1.0411808e-09 0.0052938235 0 -0.00045206008 0 0)
(1.8530389e-09 0.0037802752 0 -0.00023045124 0 0)
(-2.0872533e-10 0.0022664479 0 -8.2851399e-05 0 0)
(-2.0813066e-09 0.00075505637 0 -9.1946327e-06 0 0)
(-2.2656396e-09 -0.00075505664 0 -9.1944461e-06 0 0)
(-5.5445432e-10 -0.0022664479 0 -8.2851063e-05 0 0)
(1.447915e-09 -0.0037802754 0 -0.00023045082 0 0)
(8.1880589e-10 -0.0052938238 0 -0.00045205991 0 0)
(1.2853391e-09 0.0052938233 0 -0.00045206007 0 0)
(1.3344787e-09 0.0037802753 0 -0.00023045128 0 0)
(1.1154563e-10 0.0022664484 0 -8.2851446e-05 0 0)
(-2.2638141e-09 0.0007550566 0 -9.1945657e-06 0 0)
(-2.3926124e-09 -0.0007550568 0 -9.1944424e-06 0 0)
(-2.2391025e-10 -0.0022664485 0 -8.2851092e-05 0 0)
(9.1701694e-10 -0.0037802755 0 -0.0002304509 0 0)
(1.0466201e-09 -0.0052938237 0 -0.00045205986 0 0)
(1.1117644e-09 0.0052938228 0 -0.00045206 0 0)
(1.8404843e-09 0.0037802754 0 -0.00023045129 0 0)
(-2.5552668e-10 0.0022664488 0 -8.2851446e-05 0 0)
(-2.1864381e-09 0.00075505701 0 -9.1945608e-06 0 0)
(-2.3086539e-09 -0.0007550568 0 -9.1944166e-06 0 0)
(-4.8661188e-10 -0.0022664491 0 -8.2851246e-05 0 0)
(1.4755224e-09 -0.0037802756 0 -0.0002304509 0 0)
(8.52726e-10 -0.0052938232 0 -0.00045205981 0 0)
(1.3011766e-09 0.0052938226 0 -0.00045205991 0 0)
(1.2197625e-09 0.0037802755 0 -0.00023045123 0 0)
(3.8655552e-11 0.0022664492 0 -8.2851478e-05 0 0)
(-2.3645031e-09 0.00075505713 0 -9.1944829e-06 0 0)
(-2.3873623e-09 -0.00075505769 0 -9.1944965e-06 0 0)
(-7.4938666e-11 -0.0022664497 0 -8.2851336e-05 0 0)
(9.4604105e-10 -0.0037802757 0 -0.00023045102 0 0)
(1.0615844e-09 -0.0052938231 0 -0.00045205971 0 0)
(1.0769993e-09 0.0052938221 0 -0.00045205979 0 0)
(1.6448213e-09 0.0037802755 0 -0.00023045117 0 0)
(-3.5213301e-10 0.0022664498 0 -8.2851458e-05 0 0)
(-2.3465848e-09 0.00075505757 0 -9.1944399e-06 0 0)
(-2.2828745e-09 -0.00075505768 0 -9.1944624e-06 0 0)
(-1.9157989e-10 -0.0022664504 0 -8.2851678e-05 0 0)
(1.5569953e-09 -0.0037802759 0 -0.00023045105 0 0)
(8.5842062e-10 -0.0052938227 0 -0.00045205965 0 0)
(1.1615775e-09 0.005293822 0 -0.00045205957 0 0)
(9.4669417e-10 0.0037802757 0 -0.00023045104 0 0)
(-7.6020487e-11 0.0022664504 0 -8.2851487e-05 0 0)
(-2.6634805e-09 0.00075505769 0 -9.1942098e-06 0 0)
(-2.3987853e-09 -0.00075505924 0 -9.1945429e-06 0 0)
(3.5352217e-10 -0.0022664512 0 -8.2851885e-05 0 0)
(1.1373063e-09 -0.003780276 0 -0.00023045132 0 0)
(1.038734e-09 -0.0052938227 0 -0.00045205948 0 0)
(9.0564499e-10 0.0052938217 0 -0.0004520594 0 0)
(1.4058972e-09 0.0037802757 0 -0.00023045102 0 0)
(-4.3699045e-10 0.0022664513 0 -8.2851504e-05 0 0)
(-2.9820205e-09 0.0007550581 0 -9.1938398e-06 0 0)
(-2.563314e-09 -0.00075505916 0 -9.1942073e-06 0 0)
(5.4263396e-10 -0.0022664521 0 -8.2852579e-05 0 0)
(1.9860348e-09 -0.0037802762 0 -0.00023045158 0 0)
(8.8064417e-10 -0.0052938223 0 -0.00045205947 0 0)
(8.5708021e-10 0.0052938218 0 -0.00045205904 0 0)
(9.0758493e-10 0.0037802761 0 -0.00023045111 0 0)
(-1.2870064e-10 0.0022664522 0 -8.2851593e-05 0 0)
(-3.9212213e-09 0.00075505857 0 -9.1929884e-06 0 0)
(-3.0695868e-09 -0.00075506136 0 -9.1939338e-06 0 0)
(1.2885019e-09 -0.0022664536 0 -8.2853007e-05 0 0)
(2.050251e-09 -0.0037802763 0 -0.00023045236 0 0)
(1.0580568e-09 -0.0052938223 0 -0.00045205925 0 0)
(6.9999867e-10 0.0052938216 0 -0.00045205893 0 0)
(1.8655404e-09 0.0037802763 0 -0.00023045164 0 0)
(-3.0298584e-10 0.0022664539 0 -8.285182e-05 0 0)
(-5.1967589e-09 0.00075505939 0 -9.1916589e-06 0 0)
(-4.2694568e-09 -0.00075506203 0 -9.1925829e-06 0 0)
(2.044947e-09 -0.0022664555 0 -8.2854304e-05 0 0)
(3.6396301e-09 -0.0037802766 0 -0.00023045343 0 0)
(1.1140305e-09 -0.0052938219 0 -0.00045205939 0 0)
(6.5867159e-10 0.0052938217 0 -0.00045205857 0 0)
(2.5305042e-09 0.0037802771 0 -0.00023045292 0 0)
(1.6923082e-10 0.0022664565 0 -8.2852147e-05 0 0)
(-7.9177287e-09 0.00075506081 0 -9.1890557e-06 0 0)
(-7.046199e-09 -0.00075506504 0 -9.1899981e-06 0 0)
(3.1695387e-09 -0.0022664587 0 -8.2855241e-05 0 0)
(5.2406979e-09 -0.0037802771 0 -0.00023045573 0 0)
(1.4845363e-09 -0.0052938217 0 -0.00045205934 0 0)
(9.4019733e-10 0.0052938214 0 -0.00045205879 0 0)
(5.1600318e-09 0.0037802779 0 -0.00023045526 0 0)
(4.0688337e-10 0.002266461 0 -8.2852898e-05 0 0)
(-1.222098e-08 0.00075506323 0 -9.1846926e-06 0 0)
(-1.1053172e-08 -0.0007550679 0 -9.1859598e-06 0 0)
(4.675623e-09 -0.0022664639 0 -8.2857263e-05 0 0)
(8.6898609e-09 -0.0037802778 0 -0.00023045892 0 0)
(2.1267852e-09 -0.0052938208 0 -0.00045205989 0 0)
(1.6276138e-09 0.005293821 0 -0.00045205916 0 0)
(9.620416e-09 0.00378028 0 -0.00023046039 0 0)
(1.4058854e-09 0.0022664685 0 -8.2853921e-05 0 0)
(-2.0595471e-08 0.00075506884 0 -9.1765424e-06 0 0)
(-1.9105303e-08 -0.00075507368 0 -9.1779229e-06 0 0)
(6.5068937e-09 -0.0022664714 0 -8.2859316e-05 0 0)
(1.4340448e-08 -0.0037802794 0 -0.00023046513 0 0)
(3.4011969e-09 -0.0052938196 0 -0.00045206079 0 0)
(3.1326723e-09 0.0052938197 0 -0.00045206032 0 0)
(1.610408e-08 0.0037802819 0 -0.00023046692 0 0)
(2.4264367e-09 0.0022664795 0 -8.285566e-05 0 0)
(-3.3242509e-08 0.00075507523 0 -9.1636679e-06 0 0)
(-3.0422986e-08 -0.00075508102 0 -9.166882e-06 0 0)
(8.8103286e-09 -0.0022664837 0 -8.2861989e-05 0 0)
(2.1883723e-08 -0.0037802807 0 -0.00023047304 0 0)
(5.4085547e-09 -0.0052938175 0 -0.00045206225 0 0)
(6.3139507e-09 0.0052938164 0 -0.00045206318 0 0)
(2.9722318e-08 0.0037802869 0 -0.00023048135 0 0)
(4.8876716e-09 0.002266497 0 -8.2858525e-05 0 0)
(-5.1361652e-08 0.00075508727 0 -9.1460706e-06 0 0)
(-4.8471573e-08 -0.00075509246 0 -9.1484943e-06 0 0)
(1.1588006e-08 -0.0022665011 0 -8.2865913e-05 0 0)
(3.6294054e-08 -0.0037802849 0 -0.00023048768 0 0)
(9.1876849e-09 -0.0052938127 0 -0.00045206581 0 0)
(1.1028474e-08 0.0052938118 0 -0.00045206695 0 0)
(4.3829512e-08 0.0037802899 0 -0.00023049608 0 0)
(7.1959792e-09 0.0022665225 0 -8.2861951e-05 0 0)
(-7.5361586e-08 0.00075510018 0 -9.1215625e-06 0 0)
(-7.5808495e-08 -0.0007551084 0 -9.1220107e-06 0 0)
(1.4725362e-08 -0.0022665279 0 -8.2869046e-05 0 0)
(5.1423696e-08 -0.0037802873 0 -0.00023050436 0 0)
(1.4301946e-08 -0.005293807 0 -0.00045206946 0 0)
(1.8547502e-08 0.0052938013 0 -0.00045207416 0 0)
(7.5210052e-08 0.0037803002 0 -0.00023052861 0 0)
(1.1287014e-08 0.0022665583 0 -8.2867095e-05 0 0)
(-1.1646772e-07 0.00075512572 0 -9.0814398e-06 0 0)
(-1.1115135e-07 -0.00075512926 0 -9.0856606e-06 0 0)
(1.8189748e-08 -0.0022665627 0 -8.287529e-05 0 0)
(8.2760657e-08 -0.0037802962 0 -0.00023053533 0 0)
(2.2540078e-08 -0.0052937945 0 -0.00045207777 0 0)
(3.0170686e-08 0.0052937877 0 -0.00045208353 0 0)
(1.0086031e-07 0.0037803031 0 -0.00023055571 0 0)
(1.5502265e-08 0.0022666081 0 -8.2873113e-05 0 0)
(-1.5597636e-07 0.00075514854 0 -9.0409802e-06 0 0)
(-1.6700318e-07 -0.00075516019 0 -9.031509e-06 0 0)
(2.1666418e-08 -0.0022666142 0 -8.2878254e-05 0 0)
(1.1000914e-07 -0.0037802994 0 -0.00023056605 0 0)
(3.4320148e-08 -0.00529378 0 -0.00045208632 0 0)
(4.5129306e-08 0.0052937633 0 -0.00045209811 0 0)
(1.6207556e-07 0.0037803217 0 -0.00023061858 0 0)
(2.081892e-08 0.0022666743 0 -8.2880544e-05 0 0)
(-2.3465528e-07 0.00075519605 0 -8.963889e-06 0 0)
(-2.2483615e-07 -0.00075519399 0 -8.9717387e-06 0 0)
(2.4859214e-08 -0.0022666766 0 -8.2886607e-05 0 0)
(1.6662436e-07 -0.0037803148 0 -0.00023062164 0 0)
(4.933082e-08 -0.0052937529 0 -0.00045210179 0 0)
(6.745327e-08 0.0052937312 0 -0.00045211591 0 0)
(1.9861852e-07 0.0037803211 0 -0.00023065755 0 0)
(2.6357619e-08 0.0022667585 0 -8.2888767e-05 0 0)
(-2.8849468e-07 0.00075523005 0 -8.9085083e-06 0 0)
(-3.1883293e-07 -0.00075524677 0 -8.88049e-06 0 0)
(2.6959548e-08 -0.0022667645 0 -8.2887639e-05 0 0)
(2.0821147e-07 -0.003780317 0 -0.00023066886 0 0)
(7.2047472e-08 -0.0052937206 0 -0.00045211851 0 0)
(9.4193797e-08 0.0052936821 0 -0.0004521418 0 0)
(3.0083161e-07 0.0037803497 0 -0.00023076217 0 0)
(3.1300895e-08 0.0022668644 0 -8.2897377e-05 0 0)
(-4.197288e-07 0.0007553096 0 -8.7794938e-06 0 0)
(-3.9796995e-07 -0.00075529489 0 -8.7983503e-06 0 0)
(2.8856372e-08 -0.0022668643 0 -8.2897499e-05 0 0)
(2.9781009e-07 -0.0037803406 0 -0.00023075702 0 0)
(9.7747404e-08 -0.0052936687 0 -0.0004521447 0 0)
(1.2933012e-07 0.0052936195 0 -0.00045216921 0 0)
(3.4193386e-07 0.0037803393 0 -0.00023080662 0 0)
(3.6955844e-08 0.0022669896 0 -8.2906621e-05 0 0)
(-4.7791359e-07 0.00075535271 0 -8.7190953e-06 0 0)
(-5.373046e-07 -0.00075537773 0 -8.6627274e-06 0 0)
(2.552325e-08 -0.0022669979 0 -8.2892736e-05 0 0)
(3.4880629e-07 -0.0037803371 0 -0.00023081553 0 0)
(1.3025445e-07 -0.0052936087 0 -0.0004521678 0 0)
(1.7051298e-07 0.0052935336 0 -0.00045220809 0 0)
(4.7945956e-07 0.003780375 0 -0.00023094714 0 0)
(3.7551879e-08 0.0022671385 0 -8.2912668e-05 0 0)
(-6.5500619e-07 0.00075546675 0 -8.5446152e-06 0 0)
(-6.2502e-07 -0.00075543753 0 -8.5709186e-06 0 0)
(2.5974696e-08 -0.0022671332 0 -8.290348e-05 0 0)
(4.6783701e-07 -0.0037803709 0 -0.00023093323 0 0)
(1.7300093e-07 -0.0052935189 0 -0.00045220995 0 0)
(2.1621676e-07 0.0052934303 0 -0.00045224245 0 0)
(5.1075606e-07 0.0037803506 0 -0.00023098264 0 0)
(3.9574829e-08 0.0022673002 0 -8.2919013e-05 0 0)
(-7.3858253e-07 0.00075553632 0 -8.4577235e-06 0 0)
(-8.1557579e-07 -0.00075556429 0 -8.3845333e-06 0 0)
(1.3192948e-08 -0.002267312 0 -8.2889807e-05 0 0)
(5.002278e-07 -0.0037803438 0 -0.0002309732 0 0)
(2.0761673e-07 -0.0052934247 0 -0.00045223181 0 0)
(2.6313677e-07 0.0052933019 0 -0.00045228447 0 0)
(6.666886e-07 0.0037803876 0 -0.00023114256 0 0)
(3.1001483e-08 0.0022674786 0 -8.2917279e-05 0 0)
(-9.4861083e-07 0.00075569148 0 -8.2496277e-06 0 0)
(-8.9432684e-07 -0.00075563115 0 -8.3011382e-06 0 0)
(1.3174411e-08 -0.002267448 0 -8.2900955e-05 0 0)
(6.4719075e-07 -0.0037803964 0 -0.00023112081 0 0)
(2.6074314e-07 -0.0052932917 0 -0.00045228179 0 0)
(3.2325156e-07 0.0052931434 0 -0.00045232942 0 0)
(6.7663245e-07 0.0037803569 0 -0.0002311567 0 0)
(2.1433438e-08 0.002267664 0 -8.2913826e-05 0 0)
(-9.3044481e-07 0.00075571538 0 -8.2660978e-06 0 0)
(-9.4236456e-07 -0.00075571417 0 -8.2583759e-06 0 0)
(-7.0440396e-09 -0.002267635 0 -8.2881387e-05 0 0)
(6.1478899e-07 -0.0037803311 0 -0.00023109336 0 0)
(3.085165e-07 -0.0052931466 0 -0.00045231346 0 0)
(3.5469469e-07 0.0052929873 0 -0.00045235097 0 0)
(7.3037768e-07 0.003780352 0 -0.00023120918 0 0)
(-5.5929769e-09 0.0022678661 0 -8.2895165e-05 0 0)
(-1.0786142e-06 0.0007558732 0 -8.128665e-06 0 0)
(-1.0637305e-06 -0.00075583323 0 -8.1393747e-06 0 0)
(-2.6338381e-08 -0.0022677889 0 -8.2874684e-05 0 0)
(7.1581008e-07 -0.0037803705 0 -0.00023119324 0 0)
(3.3966077e-07 -0.0052929931 0 -0.00045233666 0 0)
(3.889807e-07 0.0052928126 0 -0.00045236844 0 0)
(7.2176751e-07 0.0037803447 0 -0.00023120115 0 0)
(-2.7271904e-08 0.002267942 0 -8.2875231e-05 0 0)
(-8.855974e-07 0.00075585841 0 -8.3279401e-06 0 0)
(-8.8958471e-07 -0.00075583103 0 -8.3240106e-06 0 0)
(-6.5282479e-08 -0.0022679567 0 -8.2835153e-05 0 0)
(6.88842e-07 -0.0037803516 0 -0.00023116789 0 0)
(3.7056666e-07 -0.0052928256 0 -0.00045235044 0 0)
(3.9452226e-07 0.0052926475 0 -0.00045236897 0 0)
(6.133208e-07 0.003780295 0 -0.00023109438 0 0)
(-6.0750188e-08 0.002267979 0 -8.2840021e-05 0 0)
(-8.8208582e-07 0.00075592709 0 -8.3376642e-06 0 0)
(-8.8637207e-07 -0.00075590225 0 -8.3307876e-06 0 0)
(-9.119948e-08 -0.0022679775 0 -8.2807834e-05 0 0)
(5.5802349e-07 -0.0037802962 0 -0.00023103679 0 0)
(3.7270361e-07 -0.0052926693 0 -0.00045234748 0 0)
(3.8671971e-07 0.0052925151 0 -0.00045236688 0 0)
(4.3561871e-07 0.0037802966 0 -0.00023091638 0 0)
(-1.2052966e-07 0.0022680512 0 -8.28124e-05 0 0)
(-6.730248e-07 0.00075597274 0 -8.6244568e-06 0 0)
(-6.8903547e-07 -0.00075595202 0 -8.6002466e-06 0 0)
(-1.4934521e-07 -0.0022680382 0 -8.278775e-05 0 0)
(4.049524e-07 -0.0037803088 0 -0.00023087998 0 0)
(3.6232863e-07 -0.0052925426 0 -0.00045234333 0 0)
(3.9035396e-07 0.0052923656 0 -0.0004521849 0 0)
(2.0096316e-07 0.0037804163 0 -0.0002303651 0 0)
(-1.8611138e-07 0.0022682986 0 -8.2961185e-05 0 0)
(-3.7863301e-07 0.00075603896 0 -9.7794841e-06 0 0)
(-3.8760707e-07 -0.00075601558 0 -9.7635673e-06 0 0)
(-2.1173397e-07 -0.0022682815 0 -8.2962858e-05 0 0)
(1.6581756e-07 -0.0037804323 0 -0.00023034359 0 0)
(3.6363643e-07 -0.0052924024 0 -0.00045216507 0 0)
(3.7065101e-07 0.0052925382 0 -0.0004519921 0 0)
(1.8385271e-07 0.0037804478 0 -0.00023018833 0 0)
(-1.72982e-07 0.0022680349 0 -8.2974155e-05 0 0)
(-3.9695723e-07 0.00075589769 0 -9.8721491e-06 0 0)
(-4.0875049e-07 -0.00075587002 0 -9.8354995e-06 0 0)
(-1.9663683e-07 -0.0022680327 0 -8.3013641e-05 0 0)
(1.4915547e-07 -0.0037804567 0 -0.00023017121 0 0)
(3.4321833e-07 -0.005292583 0 -0.00045199636 0 0)
)
;

boundaryField
{
    left
    {
        type            fixedValue;
        value           uniform (0 0 0 0 0 0);
    }
    right
    {
        type            zeroGradient;
    }
    walls
    {
        type            zeroGradient;
    }
    frontAndBack
    {
        type            empty;
    }
}


// ************************************************************************* //
