/*--------------------------------*- C++ -*----------------------------------*\
| =========                 |                                                 |
| \\      /  F ield         | OpenFOAM: The Open Source CFD Toolbox           |
|  \\    /   O peration     | Version:  5.x                                   |
|   \\  /    A nd           | Web:      www.OpenFOAM.org                      |
|    \\/     M anipulation  |                                                 |
\*---------------------------------------------------------------------------*/
FoamFile
{
    version     2.0;
    format      ascii;
    class       volVectorField;
    location    "4";
    object      U;
}
// * * * * * * * * * * * * * * * * * * * * * * * * * * * * * * * * * * * * * //

dimensions      [0 1 -1 0 0 0 0];

internalField   nonuniform List<vector> 
1920
(
(-1.7770715e-07 1.0259442e-07 0)
(-5.1417109e-07 5.4589793e-08 0)
(-8.1368352e-07 -2.2767724e-08 0)
(-3.9145469e-07 -7.4956015e-08 0)
(3.9212849e-07 -7.6089714e-08 0)
(8.140882e-07 -2.1740428e-08 0)
(5.1439338e-07 5.3910157e-08 0)
(1.7763588e-07 1.0283755e-07 0)
(-7.8857397e-08 2.3007274e-07 0)
(-1.1629751e-06 4.2336785e-07 0)
(-1.7975039e-06 -5.8893841e-08 0)
(-9.0911132e-07 -6.1588286e-07 0)
(9.1070373e-07 -6.1371119e-07 0)
(1.7988826e-06 -6.0441781e-08 0)
(1.1632157e-06 4.2486923e-07 0)
(7.914647e-08 2.2969996e-07 0)
(-1.5354854e-07 6.2278403e-07 0)
(-1.7071862e-06 9.8030017e-07 0)
(-2.5624606e-06 -1.4560106e-07 0)
(-1.2136428e-06 -1.4339644e-06 0)
(1.2160493e-06 -1.436937e-06 0)
(2.5639185e-06 -1.4219546e-07 0)
(1.7082544e-06 9.7896252e-07 0)
(1.5333657e-07 6.2373561e-07 0)
(-2.0138375e-07 1.1247725e-06 0)
(-2.142731e-06 1.6592696e-06 0)
(-2.9917732e-06 -2.8182881e-07 0)
(-1.4807776e-06 -2.5019489e-06 0)
(1.4832903e-06 -2.4973982e-06 0)
(2.9939215e-06 -2.8439371e-07 0)
(2.1433225e-06 1.6628269e-06 0)
(2.0172489e-07 1.1243167e-06 0)
(-2.5741559e-07 1.7286937e-06 0)
(-2.3196749e-06 2.427238e-06 0)
(-3.2965194e-06 -4.6764256e-07 0)
(-1.530828e-06 -3.6901715e-06 0)
(1.5334157e-06 -3.6944181e-06 0)
(3.2981678e-06 -4.6197482e-07 0)
(2.3208353e-06 2.4258662e-06 0)
(2.5729691e-07 1.7304712e-06 0)
(-2.4880599e-07 2.3766658e-06 0)
(-2.4195122e-06 3.2132351e-06 0)
(-3.2939883e-06 -6.5479258e-07 0)
(-1.620195e-06 -4.9399556e-06 0)
(1.6222216e-06 -4.9339276e-06 0)
(3.2957093e-06 -6.5753558e-07 0)
(2.4200852e-06 3.2183743e-06 0)
(2.4902863e-07 2.3764285e-06 0)
(-2.6329763e-07 3.0152635e-06 0)
(-2.300218e-06 3.9970875e-06 0)
(-3.2466325e-06 -8.538761e-07 0)
(-1.4993222e-06 -6.1622567e-06 0)
(1.500799e-06 -6.1668944e-06 0)
(3.247623e-06 -8.469801e-07 0)
(2.3008567e-06 3.9960854e-06 0)
(2.6330472e-07 3.0175887e-06 0)
(-2.2362171e-07 3.6222048e-06 0)
(-2.1667778e-06 4.7295294e-06 0)
(-2.9567784e-06 -1.0327798e-06 0)
(-1.4507358e-06 -7.3271603e-06 0)
(1.4513881e-06 -7.3207682e-06 0)
(2.9573084e-06 -1.0352256e-06 0)
(2.1670368e-06 4.735292e-06 0)
(2.2363842e-07 3.6222238e-06 0)
(-2.117059e-07 4.1661536e-06 0)
(-1.8914222e-06 5.4035735e-06 0)
(-2.6869576e-06 -1.2025145e-06 0)
(-1.2455765e-06 -8.3738441e-06 0)
(1.2454249e-06 -8.3781621e-06 0)
(2.6869152e-06 -1.1956271e-06 0)
(1.8913218e-06 5.4029649e-06 0)
(2.1180498e-07 4.1685602e-06 0)
(-1.6407677e-07 4.6418788e-06 0)
(-1.6472486e-06 5.9895845e-06 0)
(-2.2797667e-06 -1.3383525e-06 0)
(-1.1202458e-06 -9.3015562e-06 0)
(1.1193928e-06 -9.2957801e-06 0)
(2.2790312e-06 -1.34034e-06 0)
(1.6471136e-06 5.9949397e-06 0)
(1.6392059e-07 4.6420305e-06 0)
(-1.4113671e-07 5.0367607e-06 0)
(-1.3391576e-06 6.4928938e-06 0)
(-1.9301671e-06 -1.4577662e-06 0)
(-9.0417924e-07 -1.0078247e-05 0)
(9.0261288e-07 -1.0081835e-05 0)
(1.9291963e-06 -1.4519182e-06 0)
(1.3384614e-06 6.492483e-06 0)
(1.4127771e-07 5.0388265e-06 0)
(-1.0075828e-07 5.3574742e-06 0)
(-1.0824472e-06 6.9021681e-06 0)
(-1.5348938e-06 -1.5442028e-06 0)
(-7.5620663e-07 -1.0722535e-05 0)
(7.5423892e-07 -1.0717983e-05 0)
(1.5332667e-06 -1.5458169e-06 0)
(1.0819998e-06 6.9063688e-06 0)
(1.0051707e-07 5.3575961e-06 0)
(-7.7348393e-08 5.6040252e-06 0)
(-8.2042362e-07 7.2315264e-06 0)
(-1.2090698e-06 -1.6146618e-06 0)
(-5.7634379e-07 -1.1225565e-05 0)
(5.7389593e-07 -1.122833e-05 0)
(1.2074935e-06 -1.6104401e-06 0)
(8.194109e-07 7.2310491e-06 0)
(7.7484981e-08 5.6054989e-06 0)
(-4.9977207e-08 5.7892216e-06 0)
(-6.1016378e-07 7.4813649e-06 0)
(-8.9968482e-07 -1.6593309e-06 0)
(-4.4511529e-07 -1.1615878e-05 0)
(4.425137e-07 -1.1612746e-05 0)
(8.9760289e-07 -1.6607973e-06 0)
(6.0951557e-07 7.4840536e-06 0)
(4.9732215e-08 5.7891791e-06 0)
(-3.1848541e-08 5.9193045e-06 0)
(-4.2687729e-07 7.6692231e-06 0)
(-6.5255893e-07 -1.6928347e-06 0)
(-3.2012719e-07 -1.1898037e-05 0)
(3.1723322e-07 -1.1900124e-05 0)
(6.5064317e-07 -1.6904129e-06 0)
(4.2576229e-07 7.6684201e-06 0)
(3.1948213e-08 5.9201013e-06 0)
(-1.7184316e-08 6.0078463e-06 0)
(-2.8436195e-07 7.8005732e-06 0)
(-4.4974551e-07 -1.7093242e-06 0)
(-2.2412087e-07 -1.2101005e-05 0)
(2.2117728e-07 -1.2099211e-05 0)
(4.4746853e-07 -1.7109352e-06 0)
(2.8357062e-07 7.8016817e-06 0)
(1.6978407e-08 6.0075355e-06 0)
(-5.7942241e-09 6.0622877e-06 0)
(-1.7792173e-07 7.8918918e-06 0)
(-2.9192642e-07 -1.7201356e-06 0)
(-1.5122993e-07 -1.2234021e-05 0)
(1.4809694e-07 -1.2235696e-05 0)
(2.8978797e-07 -1.7194455e-06 0)
(1.767909e-07 7.8905175e-06 0)
(5.8408942e-09 6.0624116e-06 0)
(-4.5117043e-10 6.0936223e-06 0)
(-9.7103208e-08 7.9489706e-06 0)
(-1.8103887e-07 -1.7214798e-06 0)
(-9.1400672e-08 -1.2320488e-05 0)
(8.8240261e-08 -1.2319819e-05 0)
(1.7865855e-07 -1.7235391e-06 0)
(9.6184323e-08 7.9485566e-06 0)
(2.9146777e-10 6.0929502e-06 0)
(5.4400974e-09 6.1076578e-06 0)
(-4.7877628e-08 7.9845559e-06 0)
(-9.595799e-08 -1.7212673e-06 0)
(-5.7212939e-08 -1.2368742e-05 0)
(5.3941886e-08 -1.2370279e-05 0)
(9.3658423e-08 -1.7221585e-06 0)
(4.6749557e-08 7.9823856e-06 0)
(-5.446376e-09 6.1071319e-06 0)
(5.3644521e-09 6.1116865e-06 0)
(-1.0377567e-08 8.0026444e-06 0)
(-4.8216101e-08 -1.7167673e-06 0)
(-2.4969202e-08 -1.2394692e-05 0)
(2.1702544e-08 -1.2394931e-05 0)
(4.5804897e-08 -1.719533e-06 0)
(9.3644301e-09 8.0007945e-06 0)
(-5.48677e-09 6.1105706e-06 0)
(7.9087813e-09 6.1091125e-06 0)
(4.4537091e-09 8.0116134e-06 0)
(-1.0367979e-08 -1.7129511e-06 0)
(-1.4431123e-08 -1.2403629e-05 0)
(1.1179554e-08 -1.2405257e-05 0)
(8.0296641e-09 -1.7152622e-06 0)
(-5.5457935e-09 8.008485e-06 0)
(-7.9550163e-09 6.1079619e-06 0)
(5.443889e-09 6.1039391e-06 0)
(1.7595651e-08 8.0134188e-06 0)
(1.8722293e-09 -1.7077539e-06 0)
(9.7672888e-10 -1.240479e-05 0)
(-4.1170013e-09 -1.2405744e-05 0)
(-4.1604976e-09 -1.7113767e-06 0)
(-1.8614819e-08 8.0102435e-06 0)
(-5.5366031e-09 6.1023326e-06 0)
(6.5147822e-09 6.0976054e-06 0)
(1.5944182e-08 8.0127845e-06 0)
(1.4908491e-08 -1.7040017e-06 0)
(-3.4536575e-10 -1.2400558e-05 0)
(-2.6039623e-09 -1.2402407e-05 0)
(-1.7061029e-08 -1.7075501e-06 0)
(-1.6916213e-08 8.0086553e-06 0)
(-6.5805603e-09 6.0958778e-06 0)
(3.4584419e-09 6.0918705e-06 0)
(1.8498576e-08 8.0102312e-06 0)
(1.1249106e-08 -1.7001609e-06 0)
(6.8357834e-09 -1.2395518e-05 0)
(-9.5121405e-09 -1.2397027e-05 0)
(-1.3179857e-08 -1.7046414e-06 0)
(-1.9392805e-08 8.0059071e-06 0)
(-3.5221906e-09 6.0897924e-06 0)
(4.2111894e-09 6.0870113e-06 0)
(1.1244203e-08 8.0080316e-06 0)
(1.4283277e-08 -1.6977016e-06 0)
(9.4995475e-10 -1.239016e-05 0)
(-3.2481646e-09 -1.2392254e-05 0)
(-1.5982905e-08 -1.7022459e-06 0)
(-1.1983202e-08 8.0030133e-06 0)
(-4.2755331e-09 6.0848036e-06 0)
(1.3592767e-09 6.0835626e-06 0)
(1.094493e-08 8.005986e-06 0)
(5.7435476e-09 -1.6955413e-06 0)
(5.1673442e-09 -1.238639e-05 0)
(-7.051075e-09 -1.2388295e-05 0)
(-7.0766721e-09 -1.700725e-06 0)
(-1.1585897e-08 8.0007855e-06 0)
(-1.3902544e-09 6.0811082e-06 0)
(2.2996063e-09 6.0813079e-06 0)
(3.2338347e-09 8.0050033e-06 0)
(6.4701624e-09 -1.6944012e-06 0)
(-1.6715155e-09 -1.238381e-05 0)
(2.9784531e-10 -1.2386096e-05 0)
(-7.5033458e-09 -1.6996303e-06 0)
(-3.6468986e-09 7.9993513e-06 0)
(-2.3470284e-09 6.0787708e-06 0)
(-1.4938525e-10 6.0802636e-06 0)
(3.3647172e-09 8.0046615e-06 0)
(-2.1231308e-09 -1.6935553e-06 0)
(2.0993121e-09 -1.2383053e-05 0)
(-2.9832764e-09 -1.2385194e-05 0)
(1.5354599e-09 -1.6991703e-06 0)
(-3.6731991e-09 7.9989387e-06 0)
(1.5365438e-10 6.0775884e-06 0)
(1.0887593e-09 6.0801103e-06 0)
(-3.1217274e-09 8.0052436e-06 0)
(-7.0575082e-10 -1.6933618e-06 0)
(-4.3631475e-09 -1.2383475e-05 0)
(4.030057e-09 -1.2385851e-05 0)
(4.2891073e-10 -1.6989204e-06 0)
(3.0712586e-09 7.999302e-06 0)
(-1.1121924e-09 6.0774281e-06 0)
(-1.0186947e-09 6.0807242e-06 0)
(-1.7323078e-09 8.0063515e-06 0)
(-7.9597365e-09 -1.6933468e-06 0)
(-1.9033281e-10 -1.2385237e-05 0)
(3.3069268e-10 -1.2387458e-05 0)
(8.1315102e-09 -1.6990677e-06 0)
(1.7665797e-09 8.0004918e-06 0)
(1.0561355e-09 6.078009e-06 0)
(4.5907266e-10 6.0818433e-06 0)
(-6.9049795e-09 8.0080468e-06 0)
(-5.2365911e-09 -1.6937149e-06 0)
(-6.0498076e-09 -1.2387746e-05 0)
(6.6905975e-09 -1.2390089e-05 0)
(5.6677172e-09 -1.6992507e-06 0)
(7.1891406e-09 8.0021759e-06 0)
(-4.5943226e-10 6.0792013e-06 0)
(-1.4302688e-09 6.0833578e-06 0)
(-4.4319114e-09 8.0100292e-06 0)
(-1.1209026e-08 -1.6941506e-06 0)
(-1.3954828e-09 -1.2391052e-05 0)
(2.4158773e-09 -1.2393213e-05 0)
(1.2029742e-08 -1.6996638e-06 0)
(4.7573174e-09 8.0043879e-06 0)
(1.4940752e-09 6.0807716e-06 0)
(1.939936e-10 6.085094e-06 0)
(-8.6915989e-09 8.0123189e-06 0)
(-7.4507962e-09 -1.6948038e-06 0)
(-6.8091279e-09 -1.2394699e-05 0)
(8.2150783e-09 -1.23969e-05 0)
(8.4354007e-09 -1.7000162e-06 0)
(9.2331618e-09 8.0068306e-06 0)
(-1.7761841e-10 6.0826474e-06 0)
(-1.5795506e-09 6.0869941e-06 0)
(-5.5399589e-09 8.0147058e-06 0)
(-1.2583926e-08 -1.6954479e-06 0)
(-1.8360434e-09 -1.2398754e-05 0)
(3.4833924e-09 -1.2400745e-05 0)
(1.3863642e-08 -1.7005022e-06 0)
(6.0667231e-09 8.0095601e-06 0)
(1.6602034e-09 6.0846669e-06 0)
(1.1699615e-10 6.088953e-06 0)
(-9.2913159e-09 8.0172291e-06 0)
(-8.2172519e-09 -1.6962191e-06 0)
(-7.0085164e-09 -1.240288e-05 0)
(8.8992821e-09 -1.2404857e-05 0)
(9.5479845e-09 -1.7008921e-06 0)
(9.9898056e-09 8.0123457e-06 0)
(-9.2447017e-11 6.0868081e-06 0)
(-1.6038628e-09 6.0909579e-06 0)
(-5.7973644e-09 8.0197378e-06 0)
(-1.2908433e-08 -1.6969356e-06 0)
(-1.8882338e-09 -1.2407187e-05 0)
(3.8735036e-09 -1.2408938e-05 0)
(1.4432023e-08 -1.7013682e-06 0)
(6.4247365e-09 8.0152622e-06 0)
(1.6916175e-09 6.0889677e-06 0)
(1.1958125e-10 6.0929447e-06 0)
(-9.3119772e-09 8.0222995e-06 0)
(-8.2597824e-09 -1.6977341e-06 0)
(-6.9621041e-09 -1.241142e-05 0)
(9.0538259e-09 -1.2413128e-05 0)
(9.7277808e-09 -1.7017475e-06 0)
(1.0068247e-08 8.0181399e-06 0)
(-9.5006232e-11 6.091154e-06 0)
(-1.5802517e-09 6.0949289e-06 0)
(-5.6833682e-09 8.0247937e-06 0)
(-1.2759616e-08 -1.6984529e-06 0)
(-1.8072413e-09 -1.2415719e-05 0)
(3.8647256e-09 -1.24172e-05 0)
(1.4330892e-08 -1.7021929e-06 0)
(6.3209179e-09 8.0210596e-06 0)
(1.6670195e-09 6.0933023e-06 0)
(1.4693568e-10 6.0968663e-06 0)
(-9.1071379e-09 8.0273096e-06 0)
(-8.0196363e-09 -1.6992326e-06 0)
(-6.8547156e-09 -1.2419881e-05 0)
(8.9078967e-09 -1.2421307e-05 0)
(9.4500129e-09 -1.702555e-06 0)
(9.8398959e-09 8.0238977e-06 0)
(-1.2851511e-10 6.0954346e-06 0)
(-1.5446037e-09 6.0987871e-06 0)
(-5.4493955e-09 8.0297394e-06 0)
(-1.2454299e-08 -1.6999202e-06 0)
(-1.7205462e-09 -1.2424059e-05 0)
(3.6435081e-09 -1.2425268e-05 0)
(1.3921947e-08 -1.7029753e-06 0)
(6.0289787e-09 8.0267317e-06 0)
(1.6248481e-09 6.097509e-06 0)
(1.7639454e-10 6.1006547e-06 0)
(-8.8462663e-09 8.0321845e-06 0)
(-7.7134237e-09 -1.7006592e-06 0)
(-6.7657786e-09 -1.2428078e-05 0)
(8.6087815e-09 -1.2429236e-05 0)
(8.9821745e-09 -1.703329e-06 0)
(9.4994016e-09 8.0294703e-06 0)
(-1.6782131e-10 6.0995511e-06 0)
(-1.5102452e-09 6.1025059e-06 0)
(-5.2032916e-09 8.0345405e-06 0)
(-1.2132168e-08 -1.7013012e-06 0)
(-1.6704684e-09 -1.2432095e-05 0)
(3.3236007e-09 -1.2433058e-05 0)
(1.3398379e-08 -1.7037369e-06 0)
(5.6824866e-09 8.0321825e-06 0)
(1.5810329e-09 6.1015325e-06 0)
(2.0119744e-10 6.1043056e-06 0)
(-8.5937465e-09 8.0369145e-06 0)
(-7.4231959e-09 -1.7019904e-06 0)
(-6.7126144e-09 -1.2435953e-05 0)
(8.2447802e-09 -1.2436877e-05 0)
(8.4589724e-09 -1.7040929e-06 0)
(9.1364043e-09 8.0347999e-06 0)
(-2.0387845e-10 6.1034772e-06 0)
(-1.480196e-09 6.1060926e-06 0)
(-4.978516e-09 8.0392018e-06 0)
(-1.1836547e-08 -1.7025822e-06 0)
(-1.6558164e-09 -1.2439804e-05 0)
(2.9710323e-09 -1.244056e-05 0)
(1.2853305e-08 -1.7044991e-06 0)
(5.3382362e-09 8.0373809e-06 0)
(1.5407319e-09 6.105365e-06 0)
(2.2104654e-10 6.1078316e-06 0)
(-8.3639343e-09 8.0415109e-06 0)
(-7.1649832e-09 -1.7032197e-06 0)
(-6.684606e-09 -1.2443503e-05 0)
(7.8666014e-09 -1.2444237e-05 0)
(7.9414737e-09 -1.7048646e-06 0)
(8.7862896e-09 8.039874e-06 0)
(-2.3466386e-10 6.1072162e-06 0)
(-1.4537203e-09 6.1095612e-06 0)
(-4.7766166e-09 8.0437366e-06 0)
(-1.1567942e-08 -1.703762e-06 0)
(-1.6594679e-09 -1.2447195e-05 0)
(2.6226095e-09 -1.2447789e-05 0)
(1.2326757e-08 -1.7052753e-06 0)
(5.0158082e-09 8.0423266e-06 0)
(1.504687e-09 6.109016e-06 0)
(2.3753619e-10 6.1112457e-06 0)
(-8.1520428e-09 8.045986e-06 0)
(-6.929279e-09 -1.7043494e-06 0)
(-6.6635457e-09 -1.2450743e-05 0)
(7.5019449e-09 -1.2451334e-05 0)
(7.4535091e-09 -1.7056533e-06 0)
(8.4593881e-09 8.0447001e-06 0)
(-2.6068971e-10 6.1107809e-06 0)
(-1.4292676e-09 6.1129226e-06 0)
(-4.5890223e-09 8.0481544e-06 0)
(-1.1313069e-08 -1.7048459e-06 0)
(-1.6628961e-09 -1.2454285e-05 0)
(2.2974786e-09 -1.2454764e-05 0)
(1.183272e-08 -1.70607e-06 0)
(4.7186583e-09 8.0470317e-06 0)
(1.4721867e-09 6.1124998e-06 0)
(2.5232208e-10 6.1145559e-06 0)
(-7.9488307e-09 8.0503461e-06 0)
(-6.7010491e-09 -1.7053871e-06 0)
(-6.6333325e-09 -1.2457692e-05 0)
(7.1644835e-09 -1.2458184e-05 0)
(7.0013423e-09 -1.7064599e-06 0)
(8.1557397e-09 8.0492933e-06 0)
(-2.8309146e-10 6.1141852e-06 0)
(-1.4055364e-09 6.1161819e-06 0)
(-4.4064781e-09 8.0524579e-06 0)
(-1.1058022e-08 -1.7058425e-06 0)
(-1.6521053e-09 -1.2461093e-05 0)
(2.0040377e-09 -1.2461497e-05 0)
(1.1373205e-08 -1.7068813e-06 0)
(4.4441773e-09 8.0515125e-06 0)
(1.4422599e-09 6.1158294e-06 0)
(2.6658695e-10 6.1177648e-06 0)
(-7.7463622e-09 8.0545909e-06 0)
(-6.4678092e-09 -1.7063423e-06 0)
(-6.5832653e-09 -1.2464366e-05 0)
(6.8593312e-09 -1.2464797e-05 0)
(6.583498e-09 -1.70728e-06 0)
(7.8718597e-09 8.0536702e-06 0)
(-3.0294612e-10 6.1174413e-06 0)
(-1.3817078e-09 6.1193398e-06 0)
(-4.2222043e-09 8.0566443e-06 0)
(-1.0792887e-08 -1.706762e-06 0)
(-1.6189215e-09 -1.2467631e-05 0)
(1.744166e-09 -1.2467997e-05 0)
(1.094515e-08 -1.7077027e-06 0)
(4.1880656e-09 8.0557851e-06 0)
(1.4140708e-09 6.1190159e-06 0)
(2.8101743e-10 6.1208717e-06 0)
(-7.5395282e-09 8.0587156e-06 0)
(-6.2217675e-09 -1.7072257e-06 0)
(-6.5081319e-09 -1.2470776e-05 0)
(6.5864871e-09 -1.2471179e-05 0)
(6.1954698e-09 -1.7081057e-06 0)
(7.6035766e-09 8.057846e-06 0)
(-3.2109741e-10 6.1205588e-06 0)
(-1.3573813e-09 6.1223942e-06 0)
(-4.0323162e-09 8.0607071e-06 0)
(-1.0512383e-08 -1.7076147e-06 0)
(-1.5602174e-09 -1.2473911e-05 0)
(1.5159428e-09 -1.2474266e-05 0)
(1.0543717e-08 -1.7085256e-06 0)
(3.9460673e-09 8.0598637e-06 0)
(1.3869999e-09 6.1220676e-06 0)
(2.9593057e-10 6.1238734e-06 0)
(-7.3258661e-09 8.0627125e-06 0)
(-5.9594746e-09 -1.7080471e-06 0)
(-6.407035e-09 -1.2476931e-05 0)
(6.3430959e-09 -1.2477329e-05 0)
(5.8319454e-09 -1.7089284e-06 0)
(7.3471103e-09 8.0618338e-06 0)
(-3.3815557e-10 6.123545e-06 0)
(-1.332444e-09 6.1253416e-06 0)
(-3.8352804e-09 8.0646381e-06 0)
(-1.0215011e-08 -1.7084102e-06 0)
(-1.4764956e-09 -1.2479938e-05 0)
(1.3154626e-09 -1.2480302e-05 0)
(1.0163843e-08 -1.7093413e-06 0)
(3.7145769e-09 8.0637601e-06 0)
(1.3606245e-09 6.1249908e-06 0)
(3.1140835e-10 6.1267662e-06 0)
(-7.1048779e-09 8.0665736e-06 0)
(-5.6806998e-09 -1.7088156e-06 0)
(-6.2819602e-09 -1.2482836e-05 0)
(6.1249566e-09 -1.2483247e-05 0)
(5.4878552e-09 -1.7097393e-06 0)
(7.0994156e-09 8.0656444e-06 0)
(-3.5454147e-10 6.1264053e-06 0)
(-1.3069542e-09 6.1281782e-06 0)
(-3.6311844e-09 8.0684292e-06 0)
(-9.9018742e-09 -1.7091568e-06 0)
(-1.3705028e-09 -1.2485718e-05 0)
(1.1380459e-09 -1.2486105e-05 0)
(9.8009751e-09 -1.7101415e-06 0)
(3.4907909e-09 8.0674841e-06 0)
(1.3346776e-09 6.1277901e-06 0)
(3.2739995e-10 6.1295465e-06 0)
(-6.8773375e-09 8.070291e-06 0)
(-5.387276e-09 -1.7095389e-06 0)
(-6.1365249e-09 -1.2488494e-05 0)
(5.9275071e-09 -1.2488929e-05 0)
(5.1588492e-09 -1.7105307e-06 0)
(6.8582334e-09 8.0692861e-06 0)
(-3.7053134e-10 6.1291435e-06 0)
(-1.2810587e-09 6.1309007e-06 0)
(-3.4211043e-09 8.0720733e-06 0)
(-9.5756269e-09 -1.7098614e-06 0)
(-1.246127e-09 -1.2491252e-05 0)
(9.7901345e-10 -1.249167e-05 0)
(9.4513747e-09 -1.7109191e-06 0)
(3.2726852e-09 8.0710429e-06 0)
(1.3090091e-09 6.1304688e-06 0)
(3.437888e-10 6.1322112e-06 0)
(-6.6447415e-09 8.0738583e-06 0)
(-5.0821729e-09 -1.7102231e-06 0)
(-5.9750445e-09 -1.2493909e-05 0)
(5.7464277e-09 -1.2494373e-05 0)
(4.8414768e-09 -1.7112963e-06 0)
(6.6220281e-09 8.0727657e-06 0)
(-3.8629369e-10 6.1317624e-06 0)
(-1.2549416e-09 6.1335064e-06 0)
(-3.2066389e-09 8.0755646e-06 0)
(-9.2396835e-09 -1.7105294e-06 0)
(-1.1076232e-09 -1.2496544e-05 0)
(8.341377e-10 -1.2496996e-05 0)
(9.1122099e-09 -1.7116683e-06 0)
(3.0589229e-09 8.0744424e-06 0)
(1.2835547e-09 6.1330293e-06 0)
(3.6043283e-10 6.1347581e-06 0)
(-6.4089233e-09 8.0772706e-06 0)
(-4.7688393e-09 -1.7108731e-06 0)
(-5.8019091e-09 -1.2499082e-05 0)
(5.5779669e-09 -1.2499578e-05 0)
(4.5332003e-09 -1.7120311e-06 0)
(6.3898819e-09 8.0760883e-06 0)
(-4.0191748e-10 6.1342643e-06 0)
(-1.2287938e-09 6.1359935e-06 0)
(-2.9895944e-09 8.0788992e-06 0)
(-8.8976841e-09 -1.7111653e-06 0)
(-9.5912485e-10 -1.2501595e-05 0)
(6.9986239e-10 -1.2502082e-05 0)
(8.7815126e-09 -1.7123849e-06 0)
(2.8487392e-09 8.0776872e-06 0)
(1.2583114e-09 6.1354736e-06 0)
(3.7718688e-10 6.137186e-06 0)
(-6.1718013e-09 8.0805248e-06 0)
(-4.4507761e-09 -1.7114926e-06 0)
(-5.6212113e-09 -1.2504015e-05 0)
(5.4190741e-09 -1.2504541e-05 0)
(4.2323137e-09 -1.7127315e-06 0)
(6.1613745e-09 8.0792581e-06 0)
(-4.1743433e-10 6.1366509e-06 0)
(-1.2027971e-09 6.1383614e-06 0)
(-2.7717866e-09 8.0820746e-06 0)
(-8.5531617e-09 -1.711772e-06 0)
(-8.0437047e-10 -1.2506408e-05 0)
(5.7336462e-10 -1.2506927e-05 0)
(8.4580696e-09 -1.7130661e-06 0)
(2.6418191e-09 8.0807812e-06 0)
(1.2333179e-09 6.1378036e-06 0)
(3.939145e-10 6.1394947e-06 0)
(-5.9352256e-09 8.0836194e-06 0)
(-4.1312818e-09 -1.7120844e-06 0)
(-5.4365566e-09 -1.2508712e-05 0)
(5.2674066e-09 -1.2509265e-05 0)
(3.9378134e-09 -1.7133952e-06 0)
(5.9364641e-09 8.0822784e-06 0)
(-4.3283623e-10 6.1389241e-06 0)
(-1.1771157e-09 6.1406104e-06 0)
(-2.554924e-09 8.0850904e-06 0)
(-8.2093527e-09 -1.712352e-06 0)
(-6.4658065e-10 -1.2510986e-05 0)
(4.5252014e-10 -1.2511533e-05 0)
(8.141281e-09 -1.7137099e-06 0)
(2.438182e-09 8.0837275e-06 0)
(1.208639e-09 6.1400209e-06 0)
(4.104932e-10 6.1416848e-06 0)
(-5.7008918e-09 8.0865546e-06 0)
(-3.8133171e-09 -1.7126503e-06 0)
(-5.2509923e-09 -1.2513175e-05 0)
(5.1212644e-09 -1.2513751e-05 0)
(3.6492503e-09 -1.7140209e-06 0)
(5.7153778e-09 8.0851526e-06 0)
(-4.4808936e-10 6.1410855e-06 0)
(-1.1518937e-09 6.1427414e-06 0)
(-2.340545e-09 8.0879473e-06 0)
(-7.8691039e-09 -1.7129068e-06 0)
(-4.8842833e-10 -1.2515332e-05 0)
(3.3581584e-10 -1.2515901e-05 0)
(7.8310127e-09 -1.7143156e-06 0)
(2.2380785e-09 8.0865292e-06 0)
(1.1843537e-09 6.1421273e-06 0)
(4.2681658e-10 6.1437579e-06 0)
(-5.4702964e-09 8.0893317e-06 0)
(-3.4994448e-09 -1.7131916e-06 0)
(-5.0670099e-09 -1.2517408e-05 0)
(4.9794897e-09 -1.2518001e-05 0)
(3.366585e-09 -1.7146083e-06 0)
(5.4985153e-09 8.0878836e-06 0)
(-4.6314504e-10 6.1431372e-06 0)
(-1.1272537e-09 6.1447564e-06 0)
(-2.129988e-09 8.0906473e-06 0)
(-7.5348406e-09 -1.7134375e-06 0)
(-3.3206314e-10 -1.2519451e-05 0)
(2.222419e-10 -1.2520037e-05 0)
(7.527458e-09 -1.7148832e-06 0)
(2.0419018e-09 8.0891894e-06 0)
(1.1605456e-09 6.144125e-06 0)
(4.4279456e-10 6.1457161e-06 0)
(-5.24472e-09 8.0919536e-06 0)
(-3.1918175e-09 -1.7137095e-06 0)
(-4.8865862e-09 -1.2521417e-05 0)
(4.841357e-09 -1.2522021e-05 0)
(3.0900571e-09 -1.7151577e-06 0)
(5.2863704e-09 8.0904746e-06 0)
(-4.7794806e-10 6.1450812e-06 0)
(-1.1032978e-09 6.1466578e-06 0)
(-1.9243832e-09 8.0931937e-06 0)
(-7.2085692e-09 -1.713945e-06 0)
(-1.7916306e-10 -1.2523348e-05 0)
(1.111822e-10 -1.2523944e-05 0)
(7.2310173e-09 -1.7154133e-06 0)
(1.8501169e-09 8.0917113e-06 0)
(1.1372965e-09 6.1460162e-06 0)
(4.5835282e-10 6.1475621e-06 0)
(-5.0252262e-09 8.0944238e-06 0)
(-2.8921914e-09 -1.7142043e-06 0)
(-4.7112428e-09 -1.2525205e-05 0)
(4.7064688e-09 -1.2525815e-05 0)
(2.8200755e-09 -1.7156699e-06 0)
(5.0794688e-09 8.0929287e-06 0)
(-4.9244252e-10 6.14692e-06 0)
(-1.080108e-09 6.1484487e-06 0)
(-1.7246563e-09 8.0955905e-06 0)
(-6.8919003e-09 -1.7144297e-06 0)
(-3.0995951e-11 -1.2527028e-05 0)
(2.3150155e-12 -1.2527629e-05 0)
(6.9422013e-09 -1.7159068e-06 0)
(1.6632056e-09 8.094098e-06 0)
(1.1146815e-09 6.1478036e-06 0)
(4.7343183e-10 6.1492994e-06 0)
(-4.8126703e-09 8.0967466e-06 0)
(-2.6019538e-09 -1.7146767e-06 0)
(-4.5421086e-09 -1.252878e-05 0)
(4.5746635e-09 -1.252939e-05 0)
(2.5571312e-09 -1.7161461e-06 0)
(4.8783216e-09 8.0952494e-06 0)
(-5.0657611e-10 6.1486564e-06 0)
(-1.0577483e-09 6.1501326e-06 0)
(-1.5315395e-09 8.0978424e-06 0)
(-6.5860813e-09 -1.7148921e-06 0)
(1.1151842e-10 -1.2530497e-05 0)
(-1.044719e-10 -1.2531097e-05 0)
(6.6615543e-09 -1.7163652e-06 0)
(1.4816269e-09 8.0963533e-06 0)
(1.0927661e-09 6.1494899e-06 0)
(4.8798571e-10 6.1509315e-06 0)
(-4.6077124e-09 8.0989271e-06 0)
(-2.3221581e-09 -1.715127e-06 0)
(-4.3799823e-09 -1.2532147e-05 0)
(4.4459407e-09 -1.2532753e-05 0)
(2.3017304e-09 -1.7165878e-06 0)
(4.6833929e-09 8.0974404e-06 0)
(-5.203026e-10 6.1502934e-06 0)
(-1.0362661e-09 6.1517133e-06 0)
(-1.3455858e-09 8.0999547e-06 0)
(-6.2920332e-09 -1.7153324e-06 0)
(2.4775037e-10 -1.2533762e-05 0)
(-2.0914996e-10 -1.2534357e-05 0)
(6.3895994e-09 -1.7167901e-06 0)
(1.3057897e-09 8.0984809e-06 0)
(1.0716046e-09 6.1510783e-06 0)
(5.01981e-10 6.1524624e-06 0)
(-4.4108345e-09 8.1009708e-06 0)
(-2.0535601e-09 -1.7155555e-06 0)
(-4.2253878e-09 -1.2535314e-05 0)
(4.3204001e-09 -1.2535911e-05 0)
(2.0543476e-09 -1.7169969e-06 0)
(4.4950784e-09 8.0995057e-06 0)
(-5.3358349e-10 6.151834e-06 0)
(-1.0156932e-09 6.1531948e-06 0)
(-1.1671858e-09 8.1019328e-06 0)
(-6.0103887e-09 -1.7157511e-06 0)
(3.7730898e-10 -1.253683e-05 0)
(-3.1160361e-10 -1.2537416e-05 0)
(6.1268002e-09 -1.7171832e-06 0)
(1.1360349e-09 8.1004848e-06 0)
(1.0512393e-09 6.152572e-06 0)
(5.1539542e-10 6.1538961e-06 0)
(-4.2223581e-09 8.1028834e-06 0)
(-1.7966542e-09 -1.7159624e-06 0)
(-4.0786234e-09 -1.2538287e-05 0)
(4.1981968e-09 -1.2538872e-05 0)
(1.8153933e-09 -1.717375e-06 0)
(4.3136931e-09 8.1014494e-06 0)
(-5.4638863e-10 6.1532818e-06 0)
(-9.9604807e-10 6.1545814e-06 0)
(-9.9658497e-10 8.1037828e-06 0)
(-5.7415285e-09 -1.7161483e-06 0)
(4.9999732e-10 -1.2539709e-05 0)
(-4.1167086e-10 -1.2540283e-05 0)
(5.8735358e-09 -1.7175464e-06 0)
(9.7262678e-10 8.1023694e-06 0)
(1.0317006e-09 6.1539746e-06 0)
(5.2821681e-10 6.1552371e-06 0)
(-4.0424626e-09 8.1046707e-06 0)
(-1.551709e-09 -1.7163483e-06 0)
(-3.9398047e-09 -1.2541076e-05 0)
(4.0795068e-09 -1.2541644e-05 0)
(1.5851943e-09 -1.717724e-06 0)
(4.1394667e-09 8.1032758e-06 0)
(-5.5869642e-10 6.1546401e-06 0)
(-9.7733724e-10 6.1558773e-06 0)
(-8.3390138e-10 8.1055105e-06 0)
(-5.4856171e-09 -1.7165246e-06 0)
(6.1577403e-10 -1.2542407e-05 0)
(-5.0917339e-10 -1.2542964e-05 0)
(5.6300876e-09 -1.7178815e-06 0)
(8.1574924e-10 8.1041389e-06 0)
(1.0130076e-09 6.1552896e-06 0)
(5.4044164e-10 6.1564896e-06 0)
(-3.8712035e-09 8.1063389e-06 0)
(-1.3187998e-09 -1.7167133e-06 0)
(-3.8089009e-09 -1.2543686e-05 0)
(3.9645031e-09 -1.2544237e-05 0)
(1.3639832e-09 -1.7180458e-06 0)
(3.9725425e-09 8.1049894e-06 0)
(-5.7049326e-10 6.1559128e-06 0)
(-9.5955665e-10 6.157087e-06 0)
(-6.7914259e-10 8.107122e-06 0)
(-5.242635e-09 -1.7168802e-06 0)
(7.2472078e-10 -1.2544931e-05 0)
(-6.0393779e-10 -1.254547e-05 0)
(5.3966342e-09 -1.7181904e-06 0)
(6.6550704e-10 8.105798e-06 0)
(9.9516887e-10 6.1565207e-06 0)
(5.5207417e-10 6.157658e-06 0)
(-3.70853e-09 8.1078939e-06 0)
(-1.0978391e-09 -1.717058e-06 0)
(-3.6857665e-09 -1.2546127e-05 0)
(3.8533392e-09 -1.2546657e-05 0)
(1.1518957e-09 -1.7183422e-06 0)
(3.8129817e-09 8.1065948e-06 0)
(-5.8177327e-10 6.1571033e-06 0)
(-9.4269333e-10 6.1582147e-06 0)
(-5.3222199e-10 8.1086233e-06 0)
(-5.0124093e-09 -1.7172156e-06 0)
(8.2701455e-10 -1.254729e-05 0)
(-6.958099e-10 -1.2547808e-05 0)
(5.1732512e-09 -1.7184748e-06 0)
(5.2192974e-10 8.1073511e-06 0)
(9.7818358e-10 6.1576716e-06 0)
(5.6312515e-10 6.1587465e-06 0)
(-3.5543009e-09 8.1093417e-06 0)
(-8.8860502e-10 -1.7173827e-06 0)
(-3.570167e-09 -1.2548406e-05 0)
(3.7461384e-09 -1.2548915e-05 0)
(9.4897178e-10 -1.718615e-06 0)
(3.6607687e-09 8.1080965e-06 0)
(-5.9253742e-10 6.1582155e-06 0)
(-9.2672683e-10 6.1592646e-06 0)
(-3.9297403e-10 8.1100203e-06 0)
(-4.7946409e-09 -1.7175312e-06 0)
(9.2290458e-10 -1.254949e-05 0)
(-7.8466439e-10 -1.2549987e-05 0)
(4.9599167e-09 -1.7187365e-06 0)
(3.849775e-10 8.108803e-06 0)
(9.6204255e-10 6.1587459e-06 0)
(5.7361075e-10 6.1597593e-06 0)
(-3.408301e-09 8.110688e-06 0)
(-6.9076561e-10 -1.7176881e-06 0)
(-3.4618018e-09 -1.2550531e-05 0)
(3.6429875e-09 -1.2551017e-05 0)
(7.5516146e-10 -1.7188659e-06 0)
(3.515819e-09 8.1094992e-06 0)
(-6.0279268e-10 6.159253e-06 0)
(-9.1163053e-10 6.1602409e-06 0)
(-2.6116834e-10 8.1113186e-06 0)
(-4.5889294e-09 -1.7178277e-06 0)
(1.0126929e-09 -1.2551541e-05 0)
(-8.7041007e-10 -1.2552015e-05 0)
(4.7565182e-09 -1.7189771e-06 0)
(2.5454853e-10 8.110158e-06 0)
(9.4672952e-10 6.1597472e-06 0)
(5.8355173e-10 6.1607005e-06 0)
(-3.2702543e-09 8.1119385e-06 0)
(-5.0390204e-10 -1.7179746e-06 0)
(-3.3603224e-09 -1.255251e-05 0)
(3.5439345e-09 -1.2552972e-05 0)
(5.7033215e-10 -1.7190964e-06 0)
(3.3779867e-09 8.1108074e-06 0)
(-6.1255129e-10 6.1602193e-06 0)
(-8.9737277e-10 6.1611476e-06 0)
(-1.3652248e-10 8.1125238e-06 0)
(-4.3947952e-09 -1.7181056e-06 0)
(1.0967183e-09 -1.2553448e-05 0)
(-9.5299208e-10 -1.25539e-05 0)
(4.562862e-09 -1.7191981e-06 0)
(1.3048646e-10 8.1114209e-06 0)
(9.3222209e-10 6.1606793e-06 0)
(5.9297247e-10 6.1615741e-06 0)
(-3.1398371e-09 8.1130985e-06 0)
(-3.2752822e-10 -1.7182428e-06 0)
(-3.2653481e-09 -1.2554349e-05 0)
(3.4489876e-09 -1.2554788e-05 0)
(3.9427766e-10 -1.719308e-06 0)
(3.2470736e-09 8.1120256e-06 0)
(-6.2182998e-10 6.161118e-06 0)
(-8.8391807e-10 6.1619885e-06 0)
(-1.8713493e-11 8.113641e-06 0)
(-4.2116982e-09 -1.7183655e-06 0)
(1.1753431e-09 -1.2555221e-05 0)
(-1.0323923e-09 -1.2555649e-05 0)
(4.3786835e-09 -1.719401e-06 0)
(1.2588384e-11 8.1125959e-06 0)
(9.1849291e-10 6.1615454e-06 0)
(6.0190012e-10 6.1623836e-06 0)
(-3.0166893e-09 8.1141732e-06 0)
(-1.611079e-10 -1.7184933e-06 0)
(-3.1764783e-09 -1.2556057e-05 0)
(3.3581169e-09 -1.2556472e-05 0)
(2.267277e-10 -1.7195022e-06 0)
(3.1228369e-09 8.113158e-06 0)
(-6.3064913e-10 6.1619526e-06 0)
(-8.7122803e-10 6.1627672e-06 0)
(9.2612082e-11 8.1146754e-06 0)
(-4.039055e-09 -1.7186079e-06 0)
(1.2489427e-09 -1.2556864e-05 0)
(-1.108628e-09 -1.255727e-05 0)
(4.203657e-09 -1.7195871e-06 0)
(-9.9387498e-11 8.1136873e-06 0)
(9.0551071e-10 6.162349e-06 0)
(6.1036402e-10 6.1631328e-06 0)
(-2.9004242e-09 8.1151674e-06 0)
(-4.069699e-12 -1.7187268e-06 0)
(-3.0933031e-09 -1.2557639e-05 0)
(3.2712574e-09 -1.2558031e-05 0)
(6.7357561e-11 -1.7196802e-06 0)
(3.0049978e-09 8.114209e-06 0)
(-6.3903202e-10 6.1627262e-06 0)
(-8.5926219e-10 6.1634873e-06 0)
(1.9782948e-10 8.1156315e-06 0)
(-3.8762529e-09 -1.7188336e-06 0)
(1.3178968e-09 -1.2558387e-05 0)
(-1.1817493e-09 -1.255877e-05 0)
(4.0374062e-09 -1.7197576e-06 0)
(-2.0571449e-10 8.1146993e-06 0)
(8.9324116e-10 6.1630933e-06 0)
(6.18395e-10 6.1638248e-06 0)
(-2.7906368e-09 8.1160857e-06 0)
(1.4418023e-10 -1.7189438e-06 0)
(-3.0154106e-09 -1.2559103e-05 0)
(3.1883115e-09 -1.2559473e-05 0)
(-8.420233e-11 -1.7198432e-06 0)
(2.8932487e-09 8.1151824e-06 0)
(-6.470043e-10 6.1634421e-06 0)
(-8.4797884e-10 6.1641519e-06 0)
(2.973279e-10 8.1165139e-06 0)
(-3.722662e-09 -1.7190431e-06 0)
(1.3825833e-09 -1.2559793e-05 0)
(-1.2518359e-09 -1.2560155e-05 0)
(3.8795143e-09 -1.7199137e-06 0)
(-3.0669073e-10 8.1156357e-06 0)
(8.8164761e-10 6.1637812e-06 0)
(6.2602486e-10 6.164463e-06 0)
(-2.6869118e-09 8.1169323e-06 0)
(2.8424767e-10 -1.719145e-06 0)
(-2.9423941e-09 -1.2560455e-05 0)
(3.1091538e-09 -1.2560803e-05 0)
(-2.2835733e-10 -1.7199922e-06 0)
(2.7872603e-09 8.1160823e-06 0)
(-6.5459337e-10 6.1641031e-06 0)
(-8.3733555e-10 6.164764e-06 0)
(3.9150428e-10 8.1173266e-06 0)
(-3.5776455e-09 -1.7192371e-06 0)
(1.4433725e-09 -1.2561091e-05 0)
(-1.3189942e-09 -1.2561431e-05 0)
(3.7295327e-09 -1.7200562e-06 0)
(-4.0263281e-10 8.1165004e-06 0)
(8.7069192e-10 6.1644158e-06 0)
(6.3328592e-10 6.1650501e-06 0)
(-2.5888291e-09 8.1177112e-06 0)
(4.1674155e-10 -1.719331e-06 0)
(-2.8738565e-09 -1.25617e-05 0)
(3.033635e-09 -1.2562027e-05 0)
(-3.6554025e-10 -1.7201281e-06 0)
(2.6866874e-09 8.1169121e-06 0)
(-6.6182776e-10 6.164712e-06 0)
(-8.2728992e-10 6.1653265e-06 0)
(4.8075777e-10 8.1180735e-06 0)
(-3.4405676e-09 -1.7194161e-06 0)
(1.500624e-09 -1.2562284e-05 0)
(-1.3833524e-09 -1.2562605e-05 0)
(3.58699e-09 -1.7201862e-06 0)
(-4.9387014e-10 8.1172967e-06 0)
(8.6033501e-10 6.1649996e-06 0)
(6.4021061e-10 6.1655889e-06 0)
(-2.4959693e-09 8.1184261e-06 0)
(5.4226664e-10 -1.7195024e-06 0)
(-2.809414e-09 -1.2562844e-05 0)
(2.9615855e-09 -1.2563151e-05 0)
(-4.9620352e-10 -1.720252e-06 0)
(2.5911752e-09 8.1176753e-06 0)
(-6.6873682e-10 6.1652715e-06 0)
(-8.1779973e-10 6.1658419e-06 0)
(5.654852e-10 8.118758e-06 0)
(-3.3108007e-09 -1.7195808e-06 0)
(1.5546835e-09 -1.2563379e-05 0)
(-1.4450579e-09 -1.2563681e-05 0)
(3.451399e-09 -1.7203045e-06 0)
(-5.8074026e-10 8.1180281e-06 0)
(8.5053747e-10 6.1655351e-06 0)
(6.468312e-10 6.1660819e-06 0)
(-2.4079182e-09 8.1190803e-06 0)
(6.6141786e-10 -1.7196597e-06 0)
(-2.7486983e-09 -1.2563892e-05 0)
(2.8928203e-09 -1.256418e-05 0)
(-6.2081225e-10 -1.7203645e-06 0)
(2.5003634e-09 8.118375e-06 0)
(-6.7535032e-10 6.1657839e-06 0)
(-8.0882363e-10 6.1663128e-06 0)
(6.4607757e-10 8.1193834e-06 0)
(-3.1877308e-09 -1.7197317e-06 0)
(1.6058813e-09 -1.256438e-05 0)
(-1.5042726e-09 -1.2564664e-05 0)
(3.3222642e-09 -1.7204117e-06 0)
(-6.6358419e-10 8.1186975e-06 0)
(8.4125992e-10 6.1660248e-06 0)
(6.5317951e-10 6.1665314e-06 0)
(-2.3242698e-09 8.119677e-06 0)
(7.7477535e-10 -1.7198036e-06 0)
(-2.6913589e-09 -1.2564848e-05 0)
(2.8271424e-09 -1.2565119e-05 0)
(-7.3983778e-10 -1.7204663e-06 0)
(2.4138911e-09 8.1190143e-06 0)
(-6.8169795e-10 6.1662515e-06 0)
(-8.0032119e-10 6.1667411e-06 0)
(7.2291671e-10 8.1199527e-06 0)
(-3.0707614e-09 -1.7198694e-06 0)
(1.6545308e-09 -1.2565292e-05 0)
(-1.5611697e-09 -1.2565559e-05 0)
(3.199088e-09 -1.7205086e-06 0)
(-7.4274229e-10 8.1193078e-06 0)
(8.3246353e-10 6.1664707e-06 0)
(6.5928662e-10 6.1669394e-06 0)
(-2.2446295e-09 8.1202188e-06 0)
(8.8290092e-10 -1.7199345e-06 0)
(-2.6370637e-09 -1.2565717e-05 0)
(2.7643467e-09 -1.2565972e-05 0)
(-8.5375205e-10 -1.720558e-06 0)
(2.3314006e-09 8.1195959e-06 0)
(-6.8780916e-10 6.1666764e-06 0)
(-7.9225332e-10 6.167129e-06 0)
(7.9637285e-10 8.1204684e-06 0)
(-2.9593178e-09 -1.7199944e-06 0)
(1.7009278e-09 -1.2566119e-05 0)
(-1.6159303e-09 -1.256637e-05 0)
(3.0813759e-09 -1.7205957e-06 0)
(-8.1855114e-10 8.1198617e-06 0)
(8.2411033e-10 6.1668749e-06 0)
(6.6518277e-10 6.1673078e-06 0)
(-2.1686166e-09 8.1207083e-06 0)
(9.8633493e-10 -1.7200529e-06 0)
(-2.5855e-09 -1.2566502e-05 0)
(2.7042235e-09 -1.2566742e-05 0)
(-9.6302268e-10 -1.7206402e-06 0)
(2.2525405e-09 8.1201222e-06 0)
(-6.9371289e-10 6.1670604e-06 0)
(-7.8458241e-10 6.1674782e-06 0)
(8.6680262e-10 8.120933e-06 0)
(-2.8528492e-09 -1.7201072e-06 0)
(1.7453507e-09 -1.2566863e-05 0)
(-1.6687399e-09 -1.2567101e-05 0)
(2.9686415e-09 -1.7206735e-06 0)
(-8.9134062e-10 8.1203614e-06 0)
(8.1616341e-10 6.167239e-06 0)
(6.708971e-10 6.1676383e-06 0)
(-2.095866e-09 8.1211479e-06 0)
(1.0855939e-09 -1.7201594e-06 0)
(-2.5363744e-09 -1.2567208e-05 0)
(2.6465619e-09 -1.2567434e-05 0)
(-1.0681082e-09 -1.7207134e-06 0)
(2.1769686e-09 8.1205955e-06 0)
(-6.9943741e-10 6.1674052e-06 0)
(-7.7727259e-10 6.1677902e-06 0)
(9.3454721e-10 8.1213487e-06 0)
(-2.7508312e-09 -1.7202081e-06 0)
(1.7880596e-09 -1.256753e-05 0)
(-1.7197857e-09 -1.2567754e-05 0)
(2.860411e-09 -1.7207425e-06 0)
(-9.614309e-10 8.1208092e-06 0)
(8.0858716e-10 6.1675648e-06 0)
(6.7645759e-10 6.1679325e-06 0)
(-2.0260301e-09 8.1215395e-06 0)
(1.1811684e-09 -1.7202542e-06 0)
(-2.4894132e-09 -1.2567836e-05 0)
(2.5911523e-09 -1.2568049e-05 0)
(-1.1694539e-09 -1.7207779e-06 0)
(2.1043549e-09 8.1210178e-06 0)
(-7.0501002e-10 6.1677124e-06 0)
(-7.7028974e-10 6.1680666e-06 0)
(9.999308e-10 8.1217173e-06 0)
(-2.6527677e-09 -1.7202977e-06 0)
(1.8292972e-09 -1.2568121e-05 0)
(-1.7692533e-09 -1.2568333e-05 0)
(2.7562274e-09 -1.7208029e-06 0)
(-1.0291302e-09 8.1212069e-06 0)
(8.0134762e-10 6.1678535e-06 0)
(6.8189082e-10 6.1681916e-06 0)
(-1.9587798e-09 8.1218849e-06 0)
(1.2735218e-09 -1.7203379e-06 0)
(-2.4443619e-09 -1.2568391e-05 0)
(2.53779e-09 -1.2568593e-05 0)
(-1.2674884e-09 -1.7208341e-06 0)
(2.0343834e-09 8.121391e-06 0)
(-7.104569e-10 6.1679833e-06 0)
(-7.6360178e-10 6.1683085e-06 0)
(1.0632594e-09 8.1220405e-06 0)
(-2.5581927e-09 -1.7203762e-06 0)
(1.8692885e-09 -1.2568639e-05 0)
(-1.8173241e-09 -1.2568841e-05 0)
(2.655654e-09 -1.7208552e-06 0)
(-1.0947326e-09 8.1215564e-06 0)
(7.9441262e-10 6.1681066e-06 0)
(6.87222e-10 6.1684169e-06 0)
(-1.8938065e-09 8.1221856e-06 0)
(1.3630879e-09 -1.7204107e-06 0)
(-2.4009855e-09 -1.2568874e-05 0)
(2.4862775e-09 -1.2569065e-05 0)
(-1.3626191e-09 -1.7208822e-06 0)
(1.966755e-09 8.1217167e-06 0)
(-7.1580292e-10 6.168219e-06 0)
(-7.5717866e-10 6.1685171e-06 0)
(1.1248193e-09 8.1223198e-06 0)
(-2.4666713e-09 -1.720444e-06 0)
(1.9082412e-09 -1.2569087e-05 0)
(-1.8641727e-09 -1.2569279e-05 0)
(2.5582783e-09 -1.7208997e-06 0)
(-1.1585153e-09 8.121859e-06 0)
(7.8775192e-10 6.1683251e-06 0)
(6.9247461e-10 6.1686093e-06 0)
(-1.8308228e-09 8.1224431e-06 0)
(1.4502702e-09 -1.7204729e-06 0)
(-2.3590676e-09 -1.2569287e-05 0)
(2.4364272e-09 -1.256947e-05 0)
(-1.4552295e-09 -1.7209227e-06 0)
(1.9011891e-09 8.1219962e-06 0)
(-7.2107139e-10 6.1684207e-06 0)
(-7.509926e-10 6.1686933e-06 0)
(1.1848759e-09 8.1225564e-06 0)
(-2.3778016e-09 -1.7205014e-06 0)
(1.9463457e-09 -1.2569466e-05 0)
(-1.909964e-09 -1.256965e-05 0)
(2.4637151e-09 -1.7209364e-06 0)
(-1.2207371e-09 8.1221162e-06 0)
(7.8133742e-10 6.16851e-06 0)
(6.9767041e-10 6.1687697e-06 0)
(-1.7695641e-09 8.1226585e-06 0)
(1.5354398e-09 -1.7205249e-06 0)
(-2.3184106e-09 -1.2569633e-05 0)
(2.3880642e-09 -1.2569808e-05 0)
(-1.5456754e-09 -1.7209555e-06 0)
(1.8374262e-09 8.122231e-06 0)
(-7.2628405e-10 6.1685892e-06 0)
(-7.4501814e-10 6.1688379e-06 0)
(1.2436721e-09 8.1227514e-06 0)
(-2.291216e-09 -1.7205486e-06 0)
(1.9837757e-09 -1.2569779e-05 0)
(-1.9548508e-09 -1.2569955e-05 0)
(2.3716102e-09 -1.7209657e-06 0)
(-1.2816361e-09 8.1223292e-06 0)
(7.7514333e-10 6.1686622e-06 0)
(7.0282916e-10 6.1688989e-06 0)
(-1.7097898e-09 8.1228328e-06 0)
(1.6189341e-09 -1.7205669e-06 0)
(-2.2788355e-09 -1.2569913e-05 0)
(2.3410285e-09 -1.2570081e-05 0)
(-1.6342811e-09 -1.720981e-06 0)
(1.7752295e-09 8.122422e-06 0)
(-7.3146084e-10 6.1687253e-06 0)
(-7.3923227e-10 6.1689516e-06 0)
(1.3014273e-09 8.1229058e-06 0)
(-2.2065831e-09 -1.720586e-06 0)
(2.0206876e-09 -1.2570026e-05 0)
(-1.9989708e-09 -1.2570197e-05 0)
(2.2816442e-09 -1.7209876e-06 0)
(-1.341427e-09 8.1224988e-06 0)
(7.6914621e-10 6.1687823e-06 0)
(7.0796861e-10 6.1689974e-06 0)
(-1.6512845e-09 8.1229669e-06 0)
(1.7010549e-09 -1.720599e-06 0)
(-2.2401816e-09 -1.2570129e-05 0)
(2.2951779e-09 -1.257029e-05 0)
(-1.7213358e-09 -1.7209991e-06 0)
(1.7143878e-09 8.1225702e-06 0)
(-7.3661949e-10 6.1688297e-06 0)
(-7.3361463e-10 6.169035e-06 0)
(1.3583355e-09 8.1230203e-06 0)
(-2.1236091e-09 -1.7206136e-06 0)
(2.0572209e-09 -1.257021e-05 0)
(-2.0424443e-09 -1.2570375e-05 0)
(2.1935358e-09 -1.7210023e-06 0)
(-1.4002995e-09 8.122626e-06 0)
(7.6332545e-10 6.168871e-06 0)
(7.1310413e-10 6.1690659e-06 0)
(-1.5938602e-09 8.1230614e-06 0)
(1.7820663e-09 -1.7206215e-06 0)
(-2.2023068e-09 -1.2570281e-05 0)
(2.2503908e-09 -1.2570437e-05 0)
(-1.8070897e-09 -1.7210102e-06 0)
(1.6547175e-09 8.1226763e-06 0)
(-7.4177552e-10 6.168903e-06 0)
(-7.2814758e-10 6.1690885e-06 0)
(1.4145634e-09 8.1230955e-06 0)
(-2.0420399e-09 -1.7206316e-06 0)
(2.0934978e-09 -1.2570331e-05 0)
(-2.0853708e-09 -1.2570491e-05 0)
(2.1070459e-09 -1.7210099e-06 0)
(-1.4584148e-09 8.1227115e-06 0)
(7.5766317e-10 6.1689289e-06 0)
(7.1824856e-10 6.1691047e-06 0)
(-1.5373572e-09 8.1231169e-06 0)
(1.8621924e-09 -1.7206346e-06 0)
(-2.165087e-09 -1.2570371e-05 0)
(2.2065686e-09 -1.2570523e-05 0)
(-1.89175e-09 -1.721014e-06 0)
(1.5960648e-09 8.1227411e-06 0)
(-7.4694192e-10 6.1689456e-06 0)
(-7.2281638e-10 6.1691125e-06 0)
(1.4702491e-09 8.123132e-06 0)
(-1.9616632e-09 -1.7206403e-06 0)
(2.1296233e-09 -1.2570389e-05 0)
(-2.1278263e-09 -1.2570547e-05 0)
(2.0219818e-09 -1.7210103e-06 0)
(-1.5159037e-09 8.122756e-06 0)
(7.5214448e-10 6.1689562e-06 0)
(7.2341195e-10 6.1691143e-06 0)
(-1.4816463e-09 8.1231339e-06 0)
(1.9416156e-09 -1.7206383e-06 0)
(-2.1284168e-09 -1.2570399e-05 0)
(2.163639e-09 -1.2570548e-05 0)
(-1.9754762e-09 -1.7210109e-06 0)
(1.5383089e-09 8.1227651e-06 0)
(-7.5212877e-10 6.1689579e-06 0)
(-7.1760941e-10 6.1691074e-06 0)
(1.5254996e-09 8.1231302e-06 0)
(-1.8823106e-09 -1.7206398e-06 0)
(2.1656847e-09 -1.2570387e-05 0)
(-2.1698597e-09 -1.2570542e-05 0)
(1.9382012e-09 -1.7210037e-06 0)
(-1.5728635e-09 8.1227601e-06 0)
(7.4675786e-10 6.1689535e-06 0)
(7.2860133e-10 6.1690948e-06 0)
(-1.4266304e-09 8.1231129e-06 0)
(2.0204733e-09 -1.7206329e-06 0)
(-2.0922087e-09 -1.2570366e-05 0)
(2.1215589e-09 -1.2570513e-05 0)
(-2.0583758e-09 -1.7210006e-06 0)
(1.4813646e-09 8.1227489e-06 0)
(-7.5734315e-10 6.1689403e-06 0)
(-7.1251824e-10 6.1690734e-06 0)
(1.5803891e-09 8.1230905e-06 0)
(-1.8038596e-09 -1.7206301e-06 0)
(2.2017516e-09 -1.2570324e-05 0)
(-2.2114899e-09 -1.2570477e-05 0)
(1.8556167e-09 -1.7209901e-06 0)
(-1.629355e-09 8.1227241e-06 0)
(7.4149508e-10 6.168921e-06 0)
(7.3382044e-10 6.1690466e-06 0)
(-1.3722465e-09 8.1230541e-06 0)
(2.0988564e-09 -1.7206186e-06 0)
(-2.0563937e-09 -1.2570273e-05 0)
(2.0803171e-09 -1.2570419e-05 0)
(-2.1404996e-09 -1.7209833e-06 0)
(1.4251846e-09 8.122693e-06 0)
(-7.6258863e-10 6.1688931e-06 0)
(-7.0753782e-10 6.1690109e-06 0)
(1.6349567e-09 8.1230132e-06 0)
(-1.7262359e-09 -1.7206116e-06 0)
(2.2378755e-09 -1.2570201e-05 0)
(-2.2527024e-09 -1.2570353e-05 0)
(1.7742002e-09 -1.7209693e-06 0)
(-1.6853993e-09 8.1226486e-06 0)
(7.3635175e-10 6.168859e-06 0)
(7.3906932e-10 6.1689699e-06 0)
(-1.3184671e-09 8.1229579e-06 0)
(2.1768065e-09 -1.7205953e-06 0)
(-2.0209203e-09 -1.2570121e-05 0)
(2.0399382e-09 -1.2570266e-05 0)
(-2.2218367e-09 -1.7209589e-06 0)
(1.3697629e-09 8.1225978e-06 0)
(-7.6786511e-10 6.1688166e-06 0)
(-7.0266669e-10 6.1689199e-06 0)
(1.6892048e-09 8.1228986e-06 0)
(-1.6494147e-09 -1.7205842e-06 0)
(2.2740903e-09 -1.2570018e-05 0)
(-2.2934449e-09 -1.2570171e-05 0)
(1.6939874e-09 -1.7209415e-06 0)
(-1.7409754e-09 8.1225342e-06 0)
(7.3132718e-10 6.1687679e-06 0)
(7.443442e-10 6.1688649e-06 0)
(-1.2653017e-09 8.1228245e-06 0)
(2.2543143e-09 -1.7205634e-06 0)
(-1.9857539e-09 -1.2569909e-05 0)
(2.0004852e-09 -1.2570055e-05 0)
(-2.3023104e-09 -1.7209274e-06 0)
(1.315137e-09 8.1224639e-06 0)
(-7.7316828e-10 6.1687111e-06 0)
(-6.9790686e-10 6.1688009e-06 0)
(1.7430978e-09 8.122747e-06 0)
(-1.5734222e-09 -1.7205482e-06 0)
(2.3104129e-09 -1.2569778e-05 0)
(-2.3336248e-09 -1.2569931e-05 0)
(1.6150816e-09 -1.7209066e-06 0)
(-1.7960168e-09 8.1223812e-06 0)
(7.2642483e-10 6.168648e-06 0)
(7.4963728e-10 6.168732e-06 0)
(-1.2127978e-09 8.1226544e-06 0)
(2.3313182e-09 -1.720523e-06 0)
(-1.950876e-09 -1.256964e-05 0)
(1.962063e-09 -1.2569786e-05 0)
(-2.3817734e-09 -1.7208887e-06 0)
(1.2613902e-09 8.1222917e-06 0)
(-7.7848949e-10 6.168577e-06 0)
(-6.9326422e-10 6.168654e-06 0)
(1.7965604e-09 8.1225588e-06 0)
(-1.4983354e-09 -1.7205039e-06 0)
(2.3468437e-09 -1.2569479e-05 0)
(-2.3731049e-09 -1.2569633e-05 0)
(1.5376575e-09 -1.7208644e-06 0)
(-1.8504094e-09 8.1221904e-06 0)
(7.216523e-10 6.1684997e-06 0)
(7.549363e-10 6.1685713e-06 0)
(-1.1610414e-09 8.1224478e-06 0)
(2.407705e-09 -1.7204744e-06 0)
(-1.9162817e-09 -1.2569313e-05 0)
(1.9248207e-09 -1.256946e-05 0)
(-2.4600045e-09 -1.7208428e-06 0)
(1.2086538e-09 8.122082e-06 0)
(-7.8381537e-10 6.1684147e-06 0)
(-6.8874818e-10 6.1684795e-06 0)
(1.8494781e-09 8.1223343e-06 0)
(-1.4242814e-09 -1.7204514e-06 0)
(2.3833689e-09 -1.2569124e-05 0)
(-2.4117003e-09 -1.2569279e-05 0)
(1.4619634e-09 -1.720815e-06 0)
(-1.9039895e-09 8.1219624e-06 0)
(7.1702152e-10 6.1683234e-06 0)
(7.6022465e-10 6.1683833e-06 0)
(-1.1101556e-09 8.1222052e-06 0)
(2.4833099e-09 -1.7204178e-06 0)
(-1.8819772e-09 -1.256893e-05 0)
(1.8889549e-09 -1.2569078e-05 0)
(-2.5367061e-09 -1.7207895e-06 0)
(1.1571078e-09 8.1218355e-06 0)
(-7.8912747e-10 6.1682246e-06 0)
(-6.843717e-10 6.168278e-06 0)
(1.9016976e-09 8.122074e-06 0)
(-1.3514344e-09 -1.720391e-06 0)
(2.4199627e-09 -1.2568713e-05 0)
(-2.4491761e-09 -1.2568869e-05 0)
(1.3883228e-09 -1.7207583e-06 0)
(-1.9565429e-09 8.121698e-06 0)
(7.1254867e-10 6.1681196e-06 0)
(7.6548125e-10 6.1681684e-06 0)
(-1.0602991e-09 8.121927e-06 0)
(2.557921e-09 -1.7203536e-06 0)
(-1.8479759e-09 -1.2568491e-05 0)
(1.8547105e-09 -1.2568641e-05 0)
(-2.6115035e-09 -1.7207289e-06 0)
(1.1069806e-09 8.1215531e-06 0)
(-7.944023e-10 6.1680074e-06 0)
(-6.80151e-10 6.1680497e-06 0)
(1.9530297e-09 8.1217784e-06 0)
(-1.2800106e-09 -1.7203232e-06 0)
(2.4565919e-09 -1.2568247e-05 0)
(-2.4852449e-09 -1.2568405e-05 0)
(1.3171331e-09 -1.7206942e-06 0)
(-2.0078052e-09 8.1213982e-06 0)
(7.0825413e-10 6.167889e-06 0)
(7.7068068e-10 6.1679271e-06 0)
(-1.0116623e-09 8.121614e-06 0)
(2.6312847e-09 -1.7202822e-06 0)
(-1.814293e-09 -1.2567999e-05 0)
(1.8223816e-09 -1.256815e-05 0)
(-2.6839459e-09 -1.7206608e-06 0)
(1.0585478e-09 8.1212359e-06 0)
(-7.9961101e-10 6.1677638e-06 0)
(-6.7610491e-10 6.1677954e-06 0)
(2.0032534e-09 8.1214482e-06 0)
(-1.21026e-09 -1.7202485e-06 0)
(2.4932201e-09 -1.2567729e-05 0)
(-2.5195668e-09 -1.2567887e-05 0)
(1.2488624e-09 -1.7206225e-06 0)
(-2.0574643e-09 8.1210644e-06 0)
(7.0416216e-10 6.1676324e-06 0)
(7.7579371e-10 6.16766e-06 0)
(-9.6446054e-10 8.1212667e-06 0)
(2.7031146e-09 -1.7202042e-06 0)
(-1.7809389e-09 -1.2567454e-05 0)
(1.7923109e-09 -1.2567607e-05 0)
(-2.7535115e-09 -1.7205851e-06 0)
(1.0121276e-09 8.1208853e-06 0)
(-8.047197e-10 6.1674946e-06 0)
(-6.7225427e-10 6.1675157e-06 0)
(2.0521233e-09 8.1210842e-06 0)
(-1.1424548e-09 -1.7201673e-06 0)
(2.5298158e-09 -1.2567159e-05 0)
(-2.5517501e-09 -1.2567318e-05 0)
(1.1840419e-09 -1.7205433e-06 0)
(-2.1051647e-09 8.1206978e-06 0)
(7.0030051e-10 6.1673508e-06 0)
(7.8078777e-10 6.1673679e-06 0)
(-9.1892552e-10 8.1208861e-06 0)
(2.7731052e-09 -1.7201201e-06 0)
(-1.7479102e-09 -1.256686e-05 0)
(1.7648853e-09 -1.2567012e-05 0)
(-2.819616e-09 -1.7205017e-06 0)
(9.6807467e-10 8.1205029e-06 0)
(-8.0968945e-10 6.1672011e-06 0)
(-6.6862078e-10 6.1672114e-06 0)
(2.0993794e-09 8.1206872e-06 0)
(-1.076873e-09 -1.7200803e-06 0)
(2.5663598e-09 -1.2566541e-05 0)
(-2.581356e-09 -1.2566699e-05 0)
(1.1232531e-09 -1.7204563e-06 0)
(-2.1505157e-09 8.1203004e-06 0)
(6.9669969e-10 6.1670454e-06 0)
(7.8562806e-10 6.1670517e-06 0)
(-8.7529244e-10 8.1204732e-06 0)
(2.8409494e-09 -1.7200307e-06 0)
(-1.7151801e-09 -1.2566218e-05 0)
(1.7405297e-09 -1.256637e-05 0)
(-2.8816284e-09 -1.7204105e-06 0)
(9.2676913e-10 8.1200905e-06 0)
(-8.1447703e-10 6.1668843e-06 0)
(-6.6522548e-10 6.1668836e-06 0)
(2.1447619e-09 8.1202585e-06 0)
(-1.0137776e-09 -1.7199885e-06 0)
(2.6028561e-09 -1.2565876e-05 0)
(-2.6079069e-09 -1.2566033e-05 0)
(1.067109e-09 -1.7203614e-06 0)
(-2.1931034e-09 8.1198742e-06 0)
(6.9339192e-10 6.1667176e-06 0)
(7.9027919e-10 6.1667124e-06 0)
(-8.3378315e-10 8.1200292e-06 0)
(2.9063618e-09 -1.719937e-06 0)
(-1.6826865e-09 -1.2565531e-05 0)
(1.7196944e-09 -1.2565681e-05 0)
(-2.9388927e-09 -1.7203112e-06 0)
(8.8860107e-10 8.1196504e-06 0)
(-8.1903597e-10 6.1665459e-06 0)
(-6.6208671e-10 6.1665333e-06 0)
(2.1880289e-09 8.1197991e-06 0)
(-9.5338908e-10 -1.7198926e-06 0)
(2.6393422e-09 -1.2565168e-05 0)
(-2.6309015e-09 -1.2565321e-05 0)
(1.0162249e-09 -1.7202584e-06 0)
(-2.2325089e-09 8.1194214e-06 0)
(6.9040948e-10 6.1663688e-06 0)
(7.9470711e-10 6.1663512e-06 0)
(-7.9458485e-10 8.1195551e-06 0)
(2.9691078e-09 -1.7198399e-06 0)
(-1.6503209e-09 -1.2564802e-05 0)
(1.7028349e-09 -1.2564948e-05 0)
(-2.9907624e-09 -1.7202036e-06 0)
(8.5394857e-10 8.1191851e-06 0)
(-8.2331778e-10 6.1661875e-06 0)
(-6.5921757e-10 6.1661617e-06 0)
(2.2289809e-09 8.1193103e-06 0)
(-8.9585401e-10 -1.7197938e-06 0)
(2.6758995e-09 -1.2564421e-05 0)
(-2.6498382e-09 -1.2564567e-05 0)
(9.7117797e-10 -1.7201471e-06 0)
(-2.2683339e-09 8.1189448e-06 0)
(6.8778292e-10 6.1660011e-06 0)
(7.988818e-10 6.1659693e-06 0)
(-7.5782345e-10 8.1190525e-06 0)
(3.0290377e-09 -1.7197405e-06 0)
(-1.6179182e-09 -1.2564035e-05 0)
(1.6903825e-09 -1.2564175e-05 0)
(-3.0366471e-09 -1.7200876e-06 0)
(8.2314706e-10 8.1186974e-06 0)
(-8.2727432e-10 6.1658111e-06 0)
(-6.5662282e-10 6.1657701e-06 0)
(2.2674885e-09 8.1187935e-06 0)
(-8.4120716e-10 -1.7196934e-06 0)
(2.7126611e-09 -1.2563636e-05 0)
(-2.6642523e-09 -1.2563774e-05 0)
(9.3245085e-10 -1.7200271e-06 0)
(-2.3002353e-09 8.1184473e-06 0)
(6.855379e-10 6.1656162e-06 0)
(8.0278062e-10 6.1655681e-06 0)
(-7.2353222e-10 8.1185226e-06 0)
(3.0861258e-09 -1.7196403e-06 0)
(-1.5852505e-09 -1.2563234e-05 0)
(1.6826975e-09 -1.2563364e-05 0)
(-3.0760788e-09 -1.7199627e-06 0)
(7.9644834e-10 8.1181902e-06 0)
(-8.3086073e-10 6.1654186e-06 0)
(-6.5429495e-10 6.1653598e-06 0)
(2.3035268e-09 8.11825e-06 0)
(-7.8933094e-10 -1.7195926e-06 0)
(2.7498138e-09 -1.256282e-05 0)
(-2.6737705e-09 -1.2562945e-05 0)
(9.003541e-10 -1.7198981e-06 0)
(-2.3279728e-09 8.1179319e-06 0)
(6.8369173e-10 6.1652164e-06 0)
(8.0639257e-10 6.1651488e-06 0)
(-6.9161593e-10 8.1179666e-06 0)
(3.1405115e-09 -1.7195406e-06 0)
(-1.5520309e-09 -1.2562401e-05 0)
(1.6800038e-09 -1.2562518e-05 0)
(-3.1088008e-09 -1.7198285e-06 0)
(7.7396565e-10 8.1176668e-06 0)
(-8.3403988e-10 6.1650123e-06 0)
(-6.5220994e-10 6.1649322e-06 0)
(2.3372125e-09 8.1176811e-06 0)
(-7.3991386e-10 -1.719493e-06 0)
(2.7875883e-09 -1.2561975e-05 0)
(-2.6781895e-09 -1.2562083e-05 0)
(8.7492326e-10 -1.7197597e-06 0)
(-2.3514714e-09 8.117402e-06 0)
(6.8224792e-10 6.164804e-06 0)
(8.0972272e-10 6.1647128e-06 0)
(-6.6181173e-10 8.1173859e-06 0)
(3.1925404e-09 -1.7194428e-06 0)
(-1.5179295e-09 -1.2561543e-05 0)
(1.6822953e-09 -1.2561641e-05 0)
(-3.1348861e-09 -1.7196847e-06 0)
(7.5560227e-10 8.1171304e-06 0)
(-8.3678842e-10 6.1645944e-06 0)
(-6.5032236e-10 6.1644883e-06 0)
(2.3688445e-09 8.1170877e-06 0)
(-6.924122e-10 -1.719396e-06 0)
(2.8262336e-09 -1.2561104e-05 0)
(-2.6775865e-09 -1.256119e-05 0)
(8.557836e-10 -1.7196114e-06 0)
(-2.3709026e-09 8.1168606e-06 0)
(6.8118945e-10 6.164381e-06 0)
(8.127975e-10 6.1642609e-06 0)
(-6.3364916e-10 8.1167812e-06 0)
(3.2427992e-09 -1.7193484e-06 0)
(-1.4826116e-09 -1.256066e-05 0)
(1.6892084e-09 -1.2560735e-05 0)
(-3.1548916e-09 -1.7195308e-06 0)
(7.4096033e-10 8.1165841e-06 0)
(-8.3910464e-10 6.1641671e-06 0)
(-6.4856061e-10 6.1640292e-06 0)
(2.3989436e-09 8.1164706e-06 0)
(-6.4602102e-10 -1.719303e-06 0)
(2.8659667e-09 -1.2560212e-05 0)
(-2.6724663e-09 -1.256027e-05 0)
(8.4197833e-10 -1.7194528e-06 0)
(-2.3867869e-09 8.1163106e-06 0)
(6.8046983e-10 6.1639496e-06 0)
(8.1566972e-10 6.1637942e-06 0)
(-6.0641292e-10 8.1161532e-06 0)
(3.2921389e-09 -1.7192588e-06 0)
(-1.4458039e-09 -1.2559757e-05 0)
(1.6998546e-09 -1.2559802e-05 0)
(-3.1700495e-09 -1.7193662e-06 0)
(7.2922788e-10 8.1160304e-06 0)
(-8.4101918e-10 6.1637322e-06 0)
(-6.4682209e-10 6.1635553e-06 0)
(2.4282879e-09 8.1158303e-06 0)
(-5.9966039e-10 -1.7192152e-06 0)
(2.9068922e-09 -1.2559301e-05 0)
(-2.6639516e-09 -1.2559323e-05 0)
(8.3175793e-10 -1.7192832e-06 0)
(-2.4001194e-09 8.1157543e-06 0)
(6.800019e-10 6.1635113e-06 0)
(8.1842342e-10 6.1633127e-06 0)
(-5.7911187e-10 8.1155018e-06 0)
(3.34168e-09 -1.719175e-06 0)
(-1.4073925e-09 -1.2558835e-05 0)
(1.7126122e-09 -1.2558844e-05 0)
(-3.1824989e-09 -1.7191906e-06 0)
(7.1904408e-10 8.1154712e-06 0)
(-8.426083e-10 6.163291e-06 0)
(-6.4496954e-10 6.1630668e-06 0)
(2.45794e-09 8.1151663e-06 0)
(-5.5198368e-10 -1.7191334e-06 0)
(2.9488887e-09 -1.2558371e-05 0)
(-2.654012e-09 -1.2558352e-05 0)
(8.2233515e-10 -1.7191026e-06 0)
(-2.412515e-09 8.1151928e-06 0)
(6.7964364e-10 6.1630671e-06 0)
(8.2117731e-10 6.1628165e-06 0)
(-5.5046013e-10 8.1148266e-06 0)
(3.3927932e-09 -1.7190972e-06 0)
(-1.3675556e-09 -1.2557895e-05 0)
(1.7248833e-09 -1.255786e-05 0)
(-3.1955451e-09 -1.7190037e-06 0)
(7.0834798e-10 8.1149067e-06 0)
(-8.4401012e-10 6.162844e-06 0)
(-6.4282894e-10 6.1625631e-06 0)
(2.4892592e-09 8.114478e-06 0)
(-5.0141134e-10 -1.7190575e-06 0)
(2.9914656e-09 -1.2557421e-05 0)
(-2.64572e-09 -1.2557353e-05 0)
(8.0962108e-10 -1.7189106e-06 0)
(-2.4263668e-09 8.1146255e-06 0)
(6.7918219e-10 6.1626169e-06 0)
(8.2408631e-10 6.1623044e-06 0)
(-5.1887389e-10 8.1141263e-06 0)
(3.4470555e-09 -1.7190251e-06 0)
(-1.3269176e-09 -1.2556933e-05 0)
(1.7328398e-09 -1.2556849e-05 0)
(-3.2139253e-09 -1.7188058e-06 0)
(6.9422289e-10 8.1143356e-06 0)
(-8.4544297e-10 6.1623904e-06 0)
(-6.401897e-10 6.1620427e-06 0)
(2.5238975e-09 8.1137635e-06 0)
(-4.4618858e-10 -1.7189865e-06 0)
(3.0336098e-09 -1.2556448e-05 0)
(-2.6434987e-09 -1.2556326e-05 0)
(7.8797605e-10 -1.7187079e-06 0)
(-2.4449979e-09 8.1140498e-06 0)
(6.7831638e-10 6.1621592e-06 0)
(8.2734032e-10 6.1617745e-06 0)
(-4.8248659e-10 8.1133989e-06 0)
(3.5061869e-09 -1.7189569e-06 0)
(-1.2866993e-09 -1.2555945e-05 0)
(1.7312029e-09 -1.2555805e-05 0)
(-3.2440334e-09 -1.7185975e-06 0)
(6.7276137e-10 8.1137534e-06 0)
(-8.472239e-10 6.1619277e-06 0)
(-6.3680775e-10 6.1615033e-06 0)
(2.5637767e-09 8.1130205e-06 0)
(-3.8445408e-10 -1.7189177e-06 0)
(3.0736575e-09 -1.2555445e-05 0)
(-2.6533029e-09 -1.2555263e-05 0)
(7.5003423e-10 -1.7184955e-06 0)
(-2.4727759e-09 8.1134597e-06 0)
(6.7664124e-10 6.1616903e-06 0)
(8.3115994e-10 6.1612239e-06 0)
(-4.3918101e-10 8.1126415e-06 0)
(3.5719872e-09 -1.718889e-06 0)
(-1.2488138e-09 -1.2554921e-05 0)
(1.713134e-09 -1.2554723e-05 0)
(-3.294032e-09 -1.7183804e-06 0)
(6.3899106e-10 8.1131524e-06 0)
(-8.4978404e-10 6.1614511e-06 0)
(-6.3241153e-10 6.1609414e-06 0)
(2.6110522e-09 8.1122456e-06 0)
(-3.142938e-10 -1.7188465e-06 0)
(3.1092586e-09 -1.25544e-05 0)
(-2.6826381e-09 -1.2554156e-05 0)
(6.866923e-10 -1.7182755e-06 0)
(-2.5151402e-09 8.1128452e-06 0)
(6.7363853e-10 6.161204e-06 0)
(8.3578981e-10 6.1606486e-06 0)
(-3.8663049e-10 8.1118504e-06 0)
(3.6463097e-09 -1.7188156e-06 0)
(-1.2158284e-09 -1.2553848e-05 0)
(1.6703502e-09 -1.2553591e-05 0)
(-3.3737441e-09 -1.7181571e-06 0)
(5.8692068e-10 8.1125203e-06 0)
(-8.5367514e-10 6.160953e-06 0)
(-6.2671089e-10 6.1603521e-06 0)
(2.6680753e-09 8.1114347e-06 0)
(-2.3373622e-10 -1.7187657e-06 0)
(3.1375277e-09 -1.2553296e-05 0)
(-2.7402881e-09 -1.2552993e-05 0)
(5.8738599e-10 -1.7180511e-06 0)
(-2.578475e-09 8.1121917e-06 0)
(6.6868129e-10 6.160691e-06 0)
(8.4149089e-10 6.160043e-06 0)
(-3.223351e-10 8.1110212e-06 0)
(3.7311248e-09 -1.7187284e-06 0)
(-1.1906901e-09 -1.2552705e-05 0)
(1.5936128e-09 -1.2552395e-05 0)
(-3.4941902e-09 -1.7179314e-06 0)
(5.0978546e-10 8.1118399e-06 0)
(-8.5955956e-10 6.1604221e-06 0)
(-6.1940754e-10 6.1597296e-06 0)
(2.737376e-09 8.1105827e-06 0)
(-1.4063385e-10 -1.7186655e-06 0)
(3.1554977e-09 -1.2552111e-05 0)
(-2.8355995e-09 -1.2551757e-05 0)
(4.40804e-10 -1.7178269e-06 0)
(-2.6697446e-09 8.1114794e-06 0)
(6.6106269e-10 6.1601384e-06 0)
(8.485362e-10 6.1594004e-06 0)
(-2.4363703e-10 8.1101483e-06 0)
(3.8287386e-09 -1.7186164e-06 0)
(-1.1761026e-09 -1.2551467e-05 0)
(1.4737497e-09 -1.2551116e-05 0)
(-3.6666258e-09 -1.7177083e-06 0)
(4.0058282e-10 8.1110885e-06 0)
(-8.681743e-10 6.1598438e-06 0)
(-6.1020763e-10 6.1590663e-06 0)
(2.8216879e-09 8.1096834e-06 0)
(-3.2381759e-11 -1.7185334e-06 0)
(3.1609934e-09 -1.2550818e-05 0)
(-2.9771812e-09 -1.2550427e-05 0)
(2.3619095e-10 -1.7176087e-06 0)
(-2.7958091e-09 8.1106829e-06 0)
(6.5006305e-10 6.1595295e-06 0)
(8.5721491e-10 6.1587125e-06 0)
(-1.4770688e-10 8.1092251e-06 0)
(3.9422184e-09 -1.7184661e-06 0)
(-1.1734805e-09 -1.2550104e-05 0)
(1.3033512e-09 -1.2549733e-05 0)
(-3.9009583e-09 -1.7174937e-06 0)
(2.5298802e-10 8.1102379e-06 0)
(-8.8026019e-10 6.1591998e-06 0)
(-5.9883959e-10 6.1583532e-06 0)
(2.9240297e-09 8.1087293e-06 0)
(9.4528166e-11 -1.7183546e-06 0)
(3.1539859e-09 -1.2549383e-05 0)
(-3.1709518e-09 -1.2548978e-05 0)
(-3.4650957e-11 -1.7174029e-06 0)
(-2.9623587e-09 8.1097724e-06 0)
(6.3507227e-10 6.1588442e-06 0)
(8.6785004e-10 6.1579696e-06 0)
(-3.153597e-11 8.1082433e-06 0)
(4.0760117e-09 -1.7182626e-06 0)
(-1.1815194e-09 -1.2548581e-05 0)
(1.079172e-09 -1.2548218e-05 0)
(-4.203516e-09 -1.7172934e-06 0)
(6.2715137e-11 8.1092566e-06 0)
(-8.9644994e-10 6.1584685e-06 0)
(-5.850921e-10 6.1575799e-06 0)
(3.0478024e-09 8.1077105e-06 0)
(2.4499115e-10 -1.7181136e-06 0)
(3.1383413e-09 -1.254777e-05 0)
(-3.4176407e-09 -1.2547381e-05 0)
(-3.7465644e-10 -1.7172152e-06 0)
(-3.172459e-09 8.1087151e-06 0)
(6.1578742e-10 6.15806e-06 0)
(8.8082653e-10 6.1571601e-06 0)
(1.0793146e-10 8.1071921e-06 0)
(4.2365861e-09 -1.7179912e-06 0)
(-1.1946598e-09 -1.2546857e-05 0)
(8.050732e-10 -1.2546541e-05 0)
(-4.5743027e-09 -1.7171122e-06 0)
(-1.7066365e-10 8.1081109e-06 0)
(-9.1711392e-10 6.1576269e-06 0)
(-5.6891306e-10 6.1567341e-06 0)
(3.1967397e-09 8.1066145e-06 0)
(4.254275e-10 -1.7177963e-06 0)
(3.1235971e-09 -1.254594e-05 0)
(-3.7101476e-09 -1.2545604e-05 0)
(-7.7825744e-10 -1.7170499e-06 0)
(-3.4247798e-09 8.1074789e-06 0)
(5.9251153e-10 6.1571538e-06 0)
(8.9659992e-10 6.1562707e-06 0)
(2.7318129e-10 8.1060572e-06 0)
(4.4326017e-09 -1.7176398e-06 0)
(-1.2021209e-09 -1.2544896e-05 0)
(4.95013e-10 -1.254467e-05 0)
(-5.0041008e-09 -1.7169515e-06 0)
(-4.4147919e-10 8.10677e-06 0)
(-9.4216334e-10 6.1566532e-06 0)
(-5.5066334e-10 6.1558019e-06 0)
(3.3742766e-09 8.1054248e-06 0)
(6.427483e-10 -1.7173928e-06 0)
(3.1259424e-09 -1.2543857e-05 0)
(-4.0315542e-09 -1.2543614e-05 0)
(-1.2279765e-09 -1.7169069e-06 0)
(-3.7116303e-09 8.1060365e-06 0)
(5.6659761e-10 6.1561051e-06 0)
(9.1558692e-10 6.1552871e-06 0)
(4.643046e-10 8.1048203e-06 0)
(4.6735889e-09 -1.7172026e-06 0)
(-1.1887254e-09 -1.2542664e-05 0)
(1.7519821e-10 -1.2542574e-05 0)
(-5.4719651e-09 -1.7168076e-06 0)
(-7.3533908e-10 8.1052105e-06 0)
(-9.707852e-10 6.1555297e-06 0)
(-5.3171976e-10 6.1547687e-06 0)
(3.5814059e-09 8.104121e-06 0)
(9.0068553e-10 -1.7169014e-06 0)
(3.1669707e-09 -1.2541495e-05 0)
(-4.3549546e-09 -1.2541381e-05 0)
(-1.6913448e-09 -1.7167809e-06 0)
(-4.0168287e-09 8.104372e-06 0)
(5.4113067e-10 6.1549002e-06 0)
(9.376882e-10 6.1541955e-06 0)
(6.7465616e-10 8.1034593e-06 0)
(4.9653406e-09 -1.716683e-06 0)
(-1.1392795e-09 -1.254014e-05 0)
(-1.15855e-10 -1.2540228e-05 0)
(-5.9436043e-09 -1.7166708e-06 0)
(-1.0259558e-09 8.103423e-06 0)
(-1.0009894e-09 6.1542491e-06 0)
(-5.1578531e-10 6.1536227e-06 0)
(3.8113279e-09 8.1026813e-06 0)
(1.191381e-09 -1.7163319e-06 0)
(3.2681981e-09 -1.2538842e-05 0)
(-4.6463596e-09 -1.2538884e-05 0)
(-2.1185468e-09 -1.7166613e-06 0)
(-4.3130059e-09 8.1024873e-06 0)
(5.2204911e-10 6.1535387e-06 0)
(9.6092099e-10 6.1529882e-06 0)
(8.8205838e-10 8.1019528e-06 0)
(5.2995526e-09 -1.7160976e-06 0)
(-1.0483383e-09 -1.2537325e-05 0)
(-3.3074455e-10 -1.2537621e-05 0)
(-6.3707113e-09 -1.7165265e-06 0)
(-1.2708368e-09 8.1014189e-06 0)
(-1.0286232e-09 6.152821e-06 0)
(-5.1145986e-10 6.1523629e-06 0)
(4.038493e-09 8.1010894e-06 0)
(1.4803097e-09 -1.7157094e-06 0)
(3.4393713e-09 -1.2535915e-05 0)
(-4.8714753e-09 -1.2536124e-05 0)
(-2.4410912e-09 -1.7165361e-06 0)
(-4.5571951e-09 8.1004091e-06 0)
(5.2008293e-10 6.1520416e-06 0)
(9.7827568e-10 6.151676e-06 0)
(1.0338335e-09 8.1002902e-06 0)
(5.6360072e-09 -1.7154781e-06 0)
(-9.3566688e-10 -1.2534255e-05 0)
(-4.2151614e-10 -1.2534774e-05 0)
(-6.6910066e-09 -1.7163623e-06 0)
(-1.4050427e-09 8.0992364e-06 0)
(-1.045133e-09 6.151283e-06 0)
(-5.3664784e-10 6.1510159e-06 0)
(4.2005601e-09 8.0993496e-06 0)
(1.6861945e-09 -1.7150774e-06 0)
(3.6607776e-09 -1.2532773e-05 0)
(-5.0064491e-09 -1.2533142e-05 0)
(-2.5732778e-09 -1.7164038e-06 0)
(-4.6835574e-09 8.0981949e-06 0)
(5.5398243e-10 6.1504645e-06 0)
(9.7181523e-10 6.1503117e-06 0)
(1.027937e-09 8.0984894e-06 0)
(5.8819e-09 -1.7148747e-06 0)
(-8.6218084e-10 -1.2531019e-05 0)
(-3.5522866e-10 -1.253176e-05 0)
(-6.8317051e-09 -1.7161841e-06 0)
(-1.3346306e-09 8.096944e-06 0)
(-1.0331229e-09 6.149717e-06 0)
(-6.2456076e-10 6.1496664e-06 0)
(4.1791539e-09 8.0975081e-06 0)
(1.6708345e-09 -1.7145024e-06 0)
(3.867462e-09 -1.2529539e-05 0)
(-5.0540574e-09 -1.2530046e-05 0)
(-2.4267395e-09 -1.7162957e-06 0)
(-4.597158e-09 8.0959343e-06 0)
(6.5494036e-10 6.1489168e-06 0)
(9.0439022e-10 6.1490267e-06 0)
(7.0732125e-10 8.0966181e-06 0)
(5.894285e-09 -1.714361e-06 0)
(-9.2759053e-10 -1.252778e-05 0)
(-1.4468535e-10 -1.2528733e-05 0)
(-6.7343037e-09 -1.7160432e-06 0)
(-9.4314027e-10 8.0946354e-06 0)
(-9.5977907e-10 6.1482711e-06 0)
(-8.2792407e-10 6.1484953e-06 0)
(3.8097439e-09 8.0956678e-06 0)
(1.288903e-09 -1.714082e-06 0)
(3.9627604e-09 -1.2526403e-05 0)
(-5.0764502e-09 -1.2527025e-05 0)
(-1.9759214e-09 -1.7163108e-06 0)
(-4.1932939e-09 8.0937331e-06 0)
(8.6942055e-10 6.1475826e-06 0)
(7.1466603e-10 6.1480654e-06 0)
(-7.7127914e-11 8.094787e-06 0)
(5.5843387e-09 -1.7140429e-06 0)
(-1.2034988e-09 -1.2524742e-05 0)
(8.1413447e-11 -1.2525912e-05 0)
(-6.4630411e-09 -1.7160722e-06 0)
(-1.5833822e-10 8.0923886e-06 0)
(-7.7300924e-10 6.1471748e-06 0)
(-1.2102801e-09 6.1477944e-06 0)
(3.007735e-09 8.0939428e-06 0)
(6.1953755e-10 -1.713954e-06 0)
(3.9269078e-09 -1.2523536e-05 0)
(-5.2838448e-09 -1.2524271e-05 0)
(-1.4762887e-09 -1.7166518e-06 0)
(-3.4793349e-09 8.091636e-06 0)
(1.2504592e-09 6.146714e-06 0)
(3.3347853e-10 6.1477548e-06 0)
(-1.2068471e-09 8.0930311e-06 0)
(5.2989814e-09 -1.7140623e-06 0)
(-1.513452e-09 -1.2521968e-05 0)
(-9.0817126e-11 -1.2523401e-05 0)
(-6.5502171e-09 -1.716507e-06 0)
(8.0414054e-10 8.0901203e-06 0)
(-4.1689233e-10 6.1466915e-06 0)
(-1.7998375e-09 6.1478503e-06 0)
(2.1913566e-09 8.0922207e-06 0)
(6.0803568e-10 -1.7142865e-06 0)
(4.1404895e-09 -1.2520735e-05 0)
(-6.2704562e-09 -1.2521624e-05 0)
(-2.0412233e-09 -1.717625e-06 0)
(-2.9676053e-09 8.0893762e-06 0)
(1.8143824e-09 6.1465039e-06 0)
(-2.4198769e-10 6.1482476e-06 0)
(-1.6181251e-09 8.0908864e-06 0)
(6.7702268e-09 -1.7145561e-06 0)
(-9.3045285e-10 -1.2518748e-05 0)
(-1.7349178e-09 -1.252056e-05 0)
(-8.849788e-09 -1.7176346e-06 0)
(8.0977002e-10 8.0871655e-06 0)
(9.8710988e-11 6.1468591e-06 0)
(-2.4670757e-09 6.1484679e-06 0)
(3.2647155e-09 8.0894719e-06 0)
(4.4212139e-09 -1.7151827e-06 0)
(6.0749262e-09 -1.2516399e-05 0)
(-9.5379254e-09 -1.2517535e-05 0)
(-6.8711901e-09 -1.7195145e-06 0)
(-4.5956726e-09 8.0857182e-06 0)
(2.4251095e-09 6.1466206e-06 0)
(-7.683643e-10 6.1487277e-06 0)
(2.0377644e-09 8.0863331e-06 0)
(1.4927156e-08 -1.7154758e-06 0)
(3.1189282e-09 -1.2512032e-05 0)
(-7.282455e-09 -1.2514411e-05 0)
(-1.8198379e-08 -1.7195499e-06 0)
(-3.4586588e-09 8.081287e-06 0)
(5.2735153e-10 6.1467287e-06 0)
(-2.6904424e-09 6.1477527e-06 0)
(1.1345886e-08 8.0822241e-06 0)
(1.9677962e-08 -1.7163722e-06 0)
(1.3413913e-08 -1.2505245e-05 0)
(-1.840579e-08 -1.250674e-05 0)
(-2.3322624e-08 -1.72218e-06 0)
(-1.3369007e-08 8.0770368e-06 0)
(2.5693001e-09 6.1450447e-06 0)
(-4.4977485e-10 6.145661e-06 0)
(1.7401223e-08 8.0737137e-06 0)
(4.0499347e-08 -1.7161093e-06 0)
(1.6065359e-08 -1.2493276e-05 0)
(-2.1537707e-08 -1.2496435e-05 0)
(-4.4863637e-08 -1.7215539e-06 0)
(-1.9426506e-08 8.0667366e-06 0)
(9.1431193e-11 6.1426924e-06 0)
(-1.2271865e-09 6.1397584e-06 0)
(3.6946229e-08 8.0618687e-06 0)
(6.1074415e-08 -1.7165154e-06 0)
(3.3327405e-08 -1.2474204e-05 0)
(-3.9139115e-08 -1.2476107e-05 0)
(-6.5417028e-08 -1.7242074e-06 0)
(-3.9470937e-08 8.0547974e-06 0)
(1.035078e-09 6.1358169e-06 0)
(2.4151524e-09 6.1298209e-06 0)
(5.8354104e-08 8.0404751e-06 0)
(1.0233684e-07 -1.7141534e-06 0)
(4.7177074e-08 -1.2443407e-05 0)
(-5.2607613e-08 -1.2447473e-05 0)
(-1.0681417e-07 -1.7210688e-06 0)
(-6.0544987e-08 8.0312015e-06 0)
(-2.8621004e-09 6.1256225e-06 0)
(4.164959e-09 6.1109943e-06 0)
(9.7290198e-08 8.0109784e-06 0)
(1.5162953e-07 -1.7120316e-06 0)
(7.6979674e-08 -1.2396668e-05 0)
(-8.1544843e-08 -1.2398832e-05 0)
(-1.5514536e-07 -1.7215666e-06 0)
(-9.9594969e-08 8.0020636e-06 0)
(-4.3669744e-09 6.1056687e-06 0)
(1.0582675e-08 6.0825195e-06 0)
(1.4500001e-07 7.9634255e-06 0)
(2.2684133e-07 -1.7043748e-06 0)
(1.0907573e-07 -1.2326862e-05 0)
(-1.1168612e-07 -1.2331691e-05 0)
(-2.293397e-07 -1.7121856e-06 0)
(-1.4635517e-07 7.9522371e-06 0)
(-1.10143e-08 6.0772079e-06 0)
(1.6634683e-08 6.0368442e-06 0)
(2.1423629e-07 7.9000071e-06 0)
(3.192739e-07 -1.6956862e-06 0)
(1.5768149e-07 -1.2227128e-05 0)
(-1.5759075e-07 -1.2229077e-05 0)
(-3.1939959e-07 -1.706118e-06 0)
(-2.1502061e-07 7.8902885e-06 0)
(-1.6725013e-08 6.0305238e-06 0)
(2.7411753e-08 5.9728671e-06 0)
(2.9875348e-07 7.8067052e-06 0)
(4.4075734e-07 -1.6773672e-06 0)
(2.1407318e-07 -1.2088005e-05 0)
(-2.1004926e-07 -1.2093006e-05 0)
(-4.3833008e-07 -1.6844669e-06 0)
(-2.9780511e-07 7.7952503e-06 0)
(-2.7643224e-08 5.9672368e-06 0)
(3.935193e-08 5.8805801e-06 0)
(4.0583421e-07 7.687465e-06 0)
(5.851019e-07 -1.6557709e-06 0)
(2.8503974e-07 -1.1900921e-05 0)
(-2.7636e-07 -1.1901798e-05 0)
(-5.7881897e-07 -1.6649284e-06 0)
(-4.0345845e-07 7.6793432e-06 0)
(-3.9164531e-08 5.8744755e-06 0)
(5.544661e-08 5.7595474e-06 0)
(5.3003485e-07 7.5253182e-06 0)
(7.5439451e-07 -1.6195619e-06 0)
(3.6607536e-07 -1.1655964e-05 0)
(-3.5181593e-07 -1.1660023e-05 0)
(-7.4414426e-07 -1.6232542e-06 0)
(-5.2524329e-07 7.5167468e-06 0)
(-5.5238823e-08 5.7552485e-06 0)
(7.359867e-08 5.5989695e-06 0)
(6.7016827e-07 7.327904e-06 0)
(9.4187339e-07 -1.5772904e-06 0)
(4.5467796e-07 -1.1345921e-05 0)
(-4.345607e-07 -1.1344605e-05 0)
(-9.2687464e-07 -1.5818831e-06 0)
(-6.6318443e-07 7.3250583e-06 0)
(-7.2953337e-08 5.5951961e-06 0)
(9.4135814e-08 5.4011698e-06 0)
(8.1905051e-07 7.0784129e-06 0)
(1.1363506e-06 -1.5160339e-06 0)
(5.4875339e-07 -1.0964553e-05 0)
(-5.2268149e-07 -1.0966197e-05 0)
(-1.1167753e-06 -1.5130127e-06 0)
(-8.0939027e-07 7.0770167e-06 0)
(-9.3239023e-08 5.4006191e-06 0)
(1.1636413e-07 5.1584596e-06 0)
(9.6431145e-07 6.7912189e-06 0)
(1.326847e-06 -1.4468864e-06 0)
(6.3569515e-07 -1.0511897e-05 0)
(-6.0419655e-07 -1.0507345e-05 0)
(-1.3028711e-06 -1.4432873e-06 0)
(-9.5208627e-07 6.7978283e-06 0)
(-1.1508444e-07 5.1597758e-06 0)
(1.3719493e-07 4.8808842e-06 0)
(1.0943325e-06 6.4572059e-06 0)
(1.486627e-06 -1.358669e-06 0)
(7.1344844e-07 -9.9964358e-06 0)
(-6.7756546e-07 -9.9942554e-06 0)
(-1.4588266e-06 -1.3461255e-06 0)
(-1.079801e-06 6.4673097e-06 0)
(-1.3540483e-07 4.8868404e-06 0)
(1.5622814e-07 4.5668399e-06 0)
(1.1840969e-06 6.1008884e-06 0)
(1.5951864e-06 -1.2632508e-06 0)
(7.5871298e-07 -9.4322062e-06 0)
(-7.1980256e-07 -9.423808e-06 0)
(-1.5648316e-06 -1.2485579e-06 0)
(-1.1672378e-06 6.1206735e-06 0)
(-1.5414083e-07 4.5764241e-06 0)
(1.7231113e-07 4.2240853e-06 0)
(1.2174054e-06 5.7232663e-06 0)
(1.6082374e-06 -1.1483319e-06 0)
(7.6520532e-07 -8.8359679e-06 0)
(-7.250667e-07 -8.8287585e-06 0)
(-1.5761327e-06 -1.1241607e-06 0)
(-1.1993262e-06 5.7490767e-06 0)
(-1.6918313e-07 4.240283e-06 0)
(2.1559229e-07 3.8201507e-06 0)
(1.1678398e-06 5.2732026e-06 0)
(1.50212e-06 -1.0167142e-06 0)
(7.0450754e-07 -8.1023006e-06 0)
(-6.644302e-07 -8.0904511e-06 0)
(-1.4701548e-06 -9.9019646e-07 0)
(-1.1487234e-06 5.3071962e-06 0)
(-2.1186921e-07 3.8406898e-06 0)
)
;

boundaryField
{
    left
    {
        type            uniformFixedValue;
        uniformValue    sine;
        uniformValueCoeffs
        {
            t0              0;
            amplitude       constant 0.0125;
            frequency       constant 1;
            scale           constant (0 1 0);
            level           constant (0 0 0);
        }
        value           uniform (0 -5.007446e-16 0);
    }
    right
    {
        type            zeroGradient;
    }
    walls
    {
        type            fixedValue;
        value           uniform (0 0 0);
    }
    frontAndBack
    {
        type            empty;
    }
}


// ************************************************************************* //
