/*--------------------------------*- C++ -*----------------------------------*\
| =========                 |                                                 |
| \\      /  F ield         | OpenFOAM: The Open Source CFD Toolbox           |
|  \\    /   O peration     | Version:  5.x                                   |
|   \\  /    A nd           | Web:      www.OpenFOAM.org                      |
|    \\/     M anipulation  |                                                 |
\*---------------------------------------------------------------------------*/
FoamFile
{
    version     2.0;
    format      ascii;
    class       volVectorField;
    location    "4";
    object      U_0;
}
// * * * * * * * * * * * * * * * * * * * * * * * * * * * * * * * * * * * * * //

dimensions      [0 1 -1 0 0 0 0];

internalField   nonuniform List<vector> 
1920
(
(-0.00037671238 -0.0034628364 0)
(-0.00068710233 -0.0039251502 0)
(-0.0003737001 -0.0038939741 0)
(-0.0001173385 -0.0038905069 0)
(0.00011733881 -0.0038905069 0)
(0.00037370022 -0.0038939741 0)
(0.00068710221 -0.0039251502 0)
(0.00037671229 -0.0034628362 0)
(-0.00052010239 -0.0032076346 0)
(-0.0011328126 -0.0040335548 0)
(-0.0007231756 -0.0040869506 0)
(-0.00024537332 -0.0040893801 0)
(0.0002453739 -0.00408938 0)
(0.00072317587 -0.0040869506 0)
(0.0011328125 -0.0040335546 0)
(0.00052010236 -0.0032076342 0)
(-0.00043557979 -0.0027956837 0)
(-0.0011200262 -0.0040309368 0)
(-0.00080801771 -0.0042920105 0)
(-0.00029029087 -0.0043526328 0)
(0.0002902916 -0.0043526327 0)
(0.00080801808 -0.0042920104 0)
(0.0011200263 -0.0040309366 0)
(0.00043557982 -0.0027956834 0)
(-0.00032287079 -0.0023989007 0)
(-0.0009489925 -0.0039611634 0)
(-0.00075239735 -0.0044737329 0)
(-0.00028270923 -0.0046283773 0)
(0.00028271003 -0.0046283773 0)
(0.0007523978 -0.004473733 0)
(0.00094899265 -0.0039611633 0)
(0.00032287087 -0.0023989006 0)
(-0.0002296931 -0.0020937268 0)
(-0.00074542256 -0.0038717537 0)
(-0.00063717829 -0.0046139716 0)
(-0.0002479758 -0.0048749095 0)
(0.00024797656 -0.0048749095 0)
(0.00063717878 -0.0046139716 0)
(0.00074542281 -0.0038717536 0)
(0.0002296932 -0.0020937267 0)
(-0.00015895148 -0.001874067 0)
(-0.00055827921 -0.0037862729 0)
(-0.00050767508 -0.0047150894 0)
(-0.0002034937 -0.0050774001 0)
(0.00020349436 -0.0050774001 0)
(0.00050767556 -0.0047150895 0)
(0.00055827952 -0.0037862728 0)
(0.00015895159 -0.001874067 0)
(-0.00010735727 -0.0017186361 0)
(-0.00040398124 -0.0037131399 0)
(-0.00038734387 -0.0047853796 0)
(-0.00015905788 -0.0052354321 0)
(0.0001590584 -0.0052354321 0)
(0.00038734431 -0.0047853796 0)
(0.00040398159 -0.0037131398 0)
(0.0001073574 -0.0017186361 0)
(-7.0998748e-05 -0.00161041 0)
(-0.00028477532 -0.003654502 0)
(-0.00028574404 -0.0048329795 0)
(-0.00011993274 -0.0053543028 0)
(0.00011993311 -0.0053543028 0)
(0.00028574444 -0.0048329794 0)
(0.0002847757 -0.0036545018 0)
(7.0998887e-05 -0.0016104099 0)
(-4.6166932e-05 -0.0015365285 0)
(-0.00019639466 -0.0036096589 0)
(-0.00020525377 -0.0048645044 0)
(-8.7709001e-05 -0.0054410849 0)
(8.7709219e-05 -0.0054410848 0)
(0.0002052541 -0.0048645043 0)
(0.00019639504 -0.0036096586 0)
(4.6167086e-05 -0.0015365284 0)
(-2.9523603e-05 -0.0014870271 0)
(-0.00013295709 -0.003576603 0)
(-0.00014403695 -0.0048849653 0)
(-6.2640099e-05 -0.0055028681 0)
(6.2640189e-05 -0.0055028681 0)
(0.0001440372 -0.004884965 0)
(0.00013295746 -0.0035766027 0)
(2.952375e-05 -0.001487027 0)
(-1.8596084e-05 -0.0014544117 0)
(-8.8423767e-05 -0.0035529337 0)
(-9.9100717e-05 -0.0048980005 0)
(-4.371446e-05 -0.005545904 0)
(4.3714434e-05 -0.0055459039 0)
(9.9100897e-05 -0.0048980002 0)
(8.8424097e-05 -0.0035529333 0)
(1.8596233e-05 -0.0014544116 0)
(-1.150139e-05 -0.0014332579 0)
(-5.7858034e-05 -0.0035363951 0)
(-6.6879119e-05 -0.0049061487 0)
(-2.9956792e-05 -0.0055753 0)
(2.9956672e-05 -0.0055752999 0)
(6.6879228e-05 -0.0049061483 0)
(5.7858323e-05 -0.0035363947 0)
(1.1501527e-05 -0.0014332578 0)
(-6.988412e-06 -0.0014197599 0)
(-3.7201358e-05 -0.0035250849 0)
(-4.4360101e-05 -0.0049111428 0)
(-2.0116255e-05 -0.0055950125 0)
(2.0116065e-05 -0.0055950123 0)
(4.4360137e-05 -0.0049111424 0)
(3.7201596e-05 -0.0035250845 0)
(6.9885356e-06 -0.0014197597 0)
(-4.1459907e-06 -0.0014112942 0)
(-2.3512317e-05 -0.0035175054 0)
(-2.8878472e-05 -0.0049141339 0)
(-1.3288981e-05 -0.0056079964 0)
(1.3288731e-05 -0.0056079963 0)
(2.8878456e-05 -0.0049141335 0)
(2.35125e-05 -0.0035175051 0)
(4.1461024e-06 -0.0014112941 0)
(-2.3975683e-06 -0.0014060877 0)
(-1.4561596e-05 -0.0035125243 0)
(-1.8465684e-05 -0.0049158784 0)
(-8.6015443e-06 -0.0056163929 0)
(8.6012588e-06 -0.0056163927 0)
(1.8465605e-05 -0.0049158781 0)
(1.4561733e-05 -0.003512524 0)
(2.3976581e-06 -0.0014060876 0)
(-1.3351123e-06 -0.0014029564 0)
(-8.8232541e-06 -0.0035093167 0)
(-1.1560974e-05 -0.0049168601 0)
(-5.4697094e-06 -0.005621719 0)
(5.4693891e-06 -0.0056217189 0)
(1.1560864e-05 -0.0049168597 0)
(8.8233352e-06 -0.0035093164 0)
(1.3351945e-06 -0.0014029563 0)
(-7.0848693e-07 -0.0014011249 0)
(-5.1983694e-06 -0.003507294 0)
(-7.0781078e-06 -0.0049173874 0)
(-3.3975474e-06 -0.0056250254 0)
(3.3972146e-06 -0.0056250253 0)
(7.0779489e-06 -0.0049173872 0)
(5.1984178e-06 -0.0035072938 0)
(7.0854548e-07 -0.0014011249 0)
(-3.467472e-07 -0.0014000909 0)
(-2.9592892e-06 -0.0035060499 0)
(-4.2128819e-06 -0.0049176496 0)
(-2.0614535e-06 -0.0056270279 0)
(2.0611107e-06 -0.0056270279 0)
(4.21271e-06 -0.0049176495 0)
(2.959295e-06 -0.0035060497 0)
(3.4680276e-07 -0.0014000908 0)
(-1.467925e-07 -0.0013995359 0)
(-1.6043512e-06 -0.0035053051 0)
(-2.4231087e-06 -0.0049177645 0)
(-1.2114911e-06 -0.0056282042 0)
(1.2111523e-06 -0.0056282041 0)
(2.4229122e-06 -0.0049177644 0)
(1.6043393e-06 -0.003505305 0)
(1.4682916e-07 -0.0013995358 0)
(-4.1524357e-08 -0.0013992597 0)
(-8.0854735e-07 -0.0035048756 0)
(-1.328785e-06 -0.0049177997 0)
(-6.8510804e-07 -0.0056288687 0)
(6.8477592e-07 -0.0056288687 0)
(1.3285925e-06 -0.0049177998 0)
(8.085134e-07 -0.0035048757 0)
(4.1560436e-08 -0.0013992598 0)
(9.1758994e-09 -0.0013991408 0)
(-3.5711948e-07 -0.0035046389 0)
(-6.7931255e-07 -0.0049177967 0)
(-3.6604596e-07 -0.0056292235 0)
(3.6573533e-07 -0.0056292236 0)
(6.7911981e-07 -0.0049177968 0)
(3.5707961e-07 -0.003504639 0)
(-9.1505111e-09 -0.0013991409 0)
(2.9906823e-08 -0.0013991054 0)
(-1.1402957e-07 -0.003504518 0)
(-3.0683812e-07 -0.0049177767 0)
(-1.7945476e-07 -0.0056293973 0)
(1.7917184e-07 -0.0056293974 0)
(3.0666451e-07 -0.0049177769 0)
(1.1399018e-07 -0.0035045182 0)
(-2.988211e-08 -0.0013991055 0)
(3.4918548e-08 -0.0013991111 0)
(7.351643e-09 -0.0035044629 0)
(-1.0412125e-07 -0.0049177524 0)
(-7.3919495e-08 -0.005629469 0)
(7.3671413e-08 -0.0056294691 0)
(1.0397182e-07 -0.0049177527 0)
(-7.3889656e-09 -0.0035044632 0)
(-3.4895909e-08 -0.0013991113 0)
(3.2674902e-08 -0.001399134 0)
(5.9345845e-08 -0.0035044444 0)
(-9.784479e-10 -0.0049177288 0)
(-1.8639932e-08 -0.0056294867 0)
(1.8443866e-08 -0.0056294868 0)
(8.5784909e-10 -0.0049177293 0)
(-5.9363517e-08 -0.0035044448 0)
(-3.2654625e-08 -0.0013991342 0)
(2.7275509e-08 -0.0013991615 0)
(7.5042318e-08 -0.0035044441 0)
(4.3938456e-08 -0.004917709 0)
(8.9486155e-09 -0.0056294781 0)
(-9.0945041e-09 -0.0056294783 0)
(-4.4013373e-08 -0.0049177094 0)
(-7.5052929e-08 -0.0035044446 0)
(-2.7250427e-08 -0.0013991617 0)
(2.1619235e-08 -0.0013991874 0)
(7.1744763e-08 -0.0035044521 0)
(5.8952278e-08 -0.004917693 0)
(1.8955726e-08 -0.0056294592 0)
(-1.9038053e-08 -0.0056294594 0)
(-5.8990478e-08 -0.0049176935 0)
(-7.1723036e-08 -0.0035044526 0)
(-2.1598512e-08 -0.0013991877 0)
(1.6070885e-08 -0.0013992094 0)
(6.1716608e-08 -0.0035044624 0)
(5.7044412e-08 -0.0049176809 0)
(2.2067094e-08 -0.005629438 0)
(-2.2091383e-08 -0.0056294383 0)
(-5.7026861e-08 -0.0049176814 0)
(-6.168649e-08 -0.003504463 0)
(-1.6041427e-08 -0.0013992096 0)
(1.1874307e-08 -0.0013992267 0)
(4.8611195e-08 -0.0035044727 0)
(4.9873848e-08 -0.0049176719 0)
(1.9343141e-08 -0.0056294187 0)
(-1.929819e-08 -0.0056294188 0)
(-4.9817953e-08 -0.0049176725 0)
(-4.8543879e-08 -0.0035044733 0)
(-1.1850753e-08 -0.0013992269 0)
(8.166193e-09 -0.0013992397 0)
(3.7301789e-08 -0.0035044814 0)
(3.912662e-08 -0.0049176656 0)
(1.693706e-08 -0.0056294024 0)
(-1.6834747e-08 -0.0056294027 0)
(-3.9014413e-08 -0.0049176661 0)
(-3.72273e-08 -0.003504482 0)
(-8.1327458e-09 -0.00139924 0)
(5.8312396e-09 -0.0013992491 0)
(2.6650564e-08 -0.0035044883 0)
(3.0397038e-08 -0.004917661 0)
(1.2302963e-08 -0.0056293899 0)
(-1.2136281e-08 -0.0056293901 0)
(-3.0250657e-08 -0.0049176617 0)
(-2.6540872e-08 -0.003504489 0)
(-5.8043513e-09 -0.0013992494 0)
(3.6940736e-09 -0.0013992557 0)
(1.9257109e-08 -0.0035044935 0)
(2.1354229e-08 -0.0049176579 0)
(1.0008484e-08 -0.0056293804 0)
(-9.793351e-09 -0.0056293807 0)
(-2.115959e-08 -0.0049176585 0)
(-1.9143283e-08 -0.0035044941 0)
(-3.658216e-09 -0.0013992559 0)
(2.6356249e-09 -0.0013992601 0)
(1.2601976e-08 -0.0035044972 0)
(1.5653348e-08 -0.0049176558 0)
(6.2664139e-09 -0.0056293736 0)
(-6.0002537e-09 -0.0056293739 0)
(-1.5433212e-08 -0.0049176564 0)
(-1.245972e-08 -0.0035044978 0)
(-2.6061491e-09 -0.0013992604 0)
(1.4653405e-09 -0.001399263 0)
(8.7651507e-09 -0.0035044997 0)
(9.8055749e-09 -0.0049176544 0)
(5.1398287e-09 -0.0056293689 0)
(-4.8402217e-09 -0.0056293692 0)
(-9.5509038e-09 -0.004917655 0)
(-8.6228208e-09 -0.0035045003 0)
(-1.4289884e-09 -0.0013992633 0)
(1.1170681e-09 -0.0013992648 0)
(5.0172992e-09 -0.0035045012 0)
(6.9742041e-09 -0.0049176535 0)
(2.5373751e-09 -0.0056293658 0)
(-2.2049767e-09 -0.005629366 0)
(-6.7052893e-09 -0.004917654 0)
(-4.8556855e-09 -0.0035045018 0)
(-1.0863111e-09 -0.0013992651 0)
(4.581568e-10 -0.0013992658 0)
(3.4186615e-09 -0.0035045022 0)
(3.5090766e-09 -0.0049176528 0)
(2.3694488e-09 -0.0056293638 0)
(-2.0210072e-09 -0.005629364 0)
(-3.22161e-09 -0.0049176533 0)
(-3.2611464e-09 -0.0035045027 0)
(-4.2300093e-10 -0.0013992661 0)
(4.5767871e-10 -0.0013992664 0)
(1.3537216e-09 -0.0035045026 0)
(2.5096179e-09 -0.0049176524 0)
(5.6379343e-10 -0.0056293626 0)
(-2.0162246e-10 -0.0056293628 0)
(-2.2192829e-09 -0.0049176529 0)
(-1.1862615e-09 -0.0035045031 0)
(-4.2698793e-10 -0.0013992666 0)
(4.377488e-11 -0.0013992665 0)
(9.4816501e-10 -0.0035045027 0)
(4.431487e-10 -0.0049176521 0)
(9.7061549e-10 -0.005629362 0)
(-6.0888309e-10 -0.0056293622 0)
(-1.4932664e-10 -0.0049176525 0)
(-7.8828476e-10 -0.0035045031 0)
(-1.1001879e-11 -0.0013992667 0)
(1.9613416e-10 -0.0013992665 0)
(-2.5732778e-10 -0.0035045025 0)
(4.2711316e-10 -0.0049176519 0)
(-3.7791598e-10 -0.0056293617 0)
(7.3671569e-10 -0.0056293619 0)
(-1.399705e-10 -0.0049176523 0)
(4.1915431e-10 -0.0035045029 0)
(-1.6657077e-10 -0.0013992667 0)
(-1.0862925e-10 -0.0013992663 0)
(-9.5862535e-11 -0.0035045023 0)
(-9.1577449e-10 -0.0049176517 0)
(3.2029559e-10 -0.0056293617 0)
(2.4990035e-11 -0.0056293618 0)
(1.1943633e-09 -0.0049176521 0)
(2.4785029e-10 -0.0035045026 0)
(1.3840175e-10 -0.0013992665 0)
(1.0279282e-10 -0.0013992661 0)
(-8.9894792e-10 -0.0035045019 0)
(-4.6366599e-10 -0.0049176516 0)
(-7.9109913e-10 -0.0056293618 0)
(1.1212498e-09 -0.005629362 0)
(7.2904213e-10 -0.0049176519 0)
(1.0470154e-09 -0.0035045022 0)
(-7.4991665e-11 -0.0013992662 0)
(-1.5545173e-10 -0.0013992658 0)
(-4.9554054e-10 -0.0035045015 0)
(-1.4616291e-09 -0.0049176515 0)
(3.4438239e-11 -0.0056293621 0)
(2.7377159e-10 -0.0056293622 0)
(1.7103908e-09 -0.0049176517 0)
(6.3293758e-10 -0.0035045017 0)
(1.8210818e-10 -0.0013992659 0)
(7.3876155e-11 -0.0013992655 0)
(-1.1214924e-09 -0.003504501 0)
(-8.1135472e-10 -0.0049176514 0)
(-9.5874812e-10 -0.0056293624 0)
(1.2446792e-09 -0.0056293625 0)
(1.0437235e-09 -0.0049176516 0)
(1.2513698e-09 -0.0035045012 0)
(-4.8048884e-11 -0.0013992656 0)
(-1.6411466e-10 -0.0013992651 0)
(-6.2866878e-10 -0.0035045005 0)
(-1.652326e-09 -0.0049176512 0)
(-8.8856884e-11 -0.0056293627 0)
(3.4909777e-10 -0.0056293628 0)
(1.8639358e-09 -0.0049176514 0)
(7.483676e-10 -0.0035045007 0)
(1.8790528e-10 -0.0013992652 0)
(6.6603942e-11 -0.0013992648 0)
(-1.1783888e-09 -0.0035045 0)
(-9.3146552e-10 -0.0049176511 0)
(-1.0207445e-09 -0.005629363 0)
(1.2561552e-09 -0.0056293631 0)
(1.1264952e-09 -0.0049176513 0)
(1.2889182e-09 -0.0035045001 0)
(-4.2630966e-11 -0.0013992649 0)
(-1.610236e-10 -0.0013992645 0)
(-6.6161913e-10 -0.0035044995 0)
(-1.7000158e-09 -0.004917651 0)
(-1.4440969e-10 -0.0056293634 0)
(3.5426723e-10 -0.0056293634 0)
(1.8733371e-09 -0.0049176512 0)
(7.6347743e-10 -0.0035044996 0)
(1.824114e-10 -0.0013992645 0)
(6.5114191e-11 -0.0013992641 0)
(-1.1762213e-09 -0.0035044989 0)
(-9.6369886e-10 -0.0049176509 0)
(-1.0394594e-09 -0.0056293637 0)
(1.2254276e-09 -0.0056293638 0)
(1.1224816e-09 -0.004917651 0)
(1.2686689e-09 -0.0035044991 0)
(-4.2670801e-11 -0.0013992642 0)
(-1.5534181e-10 -0.0013992638 0)
(-6.6109874e-10 -0.0035044984 0)
(-1.6944102e-09 -0.0049176508 0)
(-1.7249629e-10 -0.0056293641 0)
(3.3574094e-10 -0.0056293641 0)
(1.8327174e-09 -0.0049176509 0)
(7.4700626e-10 -0.0035044985 0)
(1.7486651e-10 -0.0013992638 0)
(6.4357739e-11 -0.0013992635 0)
(-1.1555562e-09 -0.0035044979 0)
(-9.6437422e-10 -0.0049176507 0)
(-1.040114e-09 -0.0056293644 0)
(1.1825951e-09 -0.0056293645 0)
(1.0915232e-09 -0.0049176508 0)
(1.2326421e-09 -0.003504498 0)
(-4.3035283e-11 -0.0013992635 0)
(-1.4968684e-10 -0.0013992631 0)
(-6.5097213e-10 -0.0035044974 0)
(-1.6699293e-09 -0.0049176505 0)
(-1.8856561e-10 -0.0056293648 0)
(3.1261771e-10 -0.0056293648 0)
(1.7790104e-09 -0.0049176507 0)
(7.2389849e-10 -0.0035044975 0)
(1.6786334e-10 -0.0013992631 0)
(6.3155571e-11 -0.0013992628 0)
(-1.1299344e-09 -0.0035044969 0)
(-9.5386387e-10 -0.0049176505 0)
(-1.031978e-09 -0.0056293651 0)
(1.1393838e-09 -0.0056293652 0)
(1.0557032e-09 -0.0049176505 0)
(1.1949659e-09 -0.003504497 0)
(-4.255541e-11 -0.0013992628 0)
(-1.4451517e-10 -0.0013992625 0)
(-6.3844436e-10 -0.0035044964 0)
(-1.6383325e-09 -0.0049176503 0)
(-1.9798799e-10 -0.0056293654 0)
(2.9170328e-10 -0.0056293655 0)
(1.7248676e-09 -0.0049176504 0)
(7.0165471e-10 -0.0035044965 0)
(1.6177106e-10 -0.0013992625 0)
(6.1483432e-11 -0.0013992621 0)
(-1.1030113e-09 -0.0035044959 0)
(-9.3857857e-10 -0.0049176502 0)
(-1.0182764e-09 -0.0056293658 0)
(1.0995495e-09 -0.0056293658 0)
(1.0217247e-09 -0.0049176503 0)
(1.1592397e-09 -0.003504496 0)
(-4.1275508e-11 -0.0013992622 0)
(-1.3973222e-10 -0.0013992618 0)
(-6.2505936e-10 -0.0035044955 0)
(-1.6031167e-09 -0.0049176501 0)
(-2.0259454e-10 -0.0056293661 0)
(2.7465142e-10 -0.0056293661 0)
(1.6735204e-09 -0.0049176502 0)
(6.8157776e-10 -0.0035044955 0)
(1.5638096e-10 -0.0013992619 0)
(5.9538281e-11 -0.0013992615 0)
(-1.0753913e-09 -0.003504495 0)
(-9.2021518e-10 -0.00491765 0)
(-1.0003078e-09 -0.0056293664 0)
(1.0636447e-09 -0.0056293665 0)
(9.9065235e-10 -0.0049176501 0)
(1.1256209e-09 -0.0035044951 0)
(-3.948672e-11 -0.0013992615 0)
(-1.3519427e-10 -0.0013992612 0)
(-6.1084709e-10 -0.0035044945 0)
(-1.5652459e-09 -0.0049176498 0)
(-2.0322653e-10 -0.0056293667 0)
(2.6116183e-10 -0.0056293668 0)
(1.6249966e-09 -0.00491765 0)
(6.6316607e-10 -0.0035044946 0)
(1.5143422e-10 -0.0013992612 0)
(5.7481354e-11 -0.0013992609 0)
(-1.0470286e-09 -0.003504494 0)
(-8.9922016e-10 -0.0049176497 0)
(-9.7891328e-10 -0.005629367 0)
(1.0310966e-09 -0.0056293671 0)
(9.6183477e-10 -0.0049176498 0)
(1.0934466e-09 -0.0035044941 0)
(-3.7445776e-11 -0.0013992609 0)
(-1.3081682e-10 -0.0013992606 0)
(-5.9565754e-10 -0.0035044936 0)
(-1.5251372e-09 -0.0049176496 0)
(-2.0055106e-10 -0.0056293673 0)
(2.5034455e-10 -0.0056293674 0)
(1.57851e-09 -0.0049176497 0)
(6.4564363e-10 -0.0035044937 0)
(1.4674745e-10 -0.0013992606 0)
(5.5405082e-11 -0.0013992603 0)
(-1.0179054e-09 -0.0035044931 0)
(-8.7587659e-10 -0.0049176495 0)
(-9.5486966e-10 -0.0056293676 0)
(1.0010707e-09 -0.0056293677 0)
(9.3433666e-10 -0.0049176496 0)
(1.0620704e-09 -0.0035044932 0)
(-3.5326212e-11 -0.0013992603 0)
(-1.2656901e-10 -0.00139926 0)
(-5.7946614e-10 -0.0035044927 0)
(-1.4831977e-09 -0.0049176494 0)
(-1.952244e-10 -0.0056293679 0)
(2.4126925e-10 -0.005629368 0)
(1.5332747e-09 -0.0049176495 0)
(6.2839471e-10 -0.0035044928 0)
(1.4221461e-10 -0.0013992601 0)
(5.3354057e-11 -0.0013992597 0)
(-9.8813098e-10 -0.0035044922 0)
(-8.5053194e-10 -0.0049176493 0)
(-9.2892203e-10 -0.0056293682 0)
(9.7280305e-10 -0.0056293683 0)
(9.0738467e-10 -0.0049176494 0)
(1.0310533e-09 -0.0035044924 0)
(-3.3233491e-11 -0.0013992598 0)
(-1.2244901e-10 -0.0013992594 0)
(-5.6236932e-10 -0.0035044918 0)
(-1.439886e-09 -0.0049176492 0)
(-1.8786576e-10 -0.0056293685 0)
(2.3316169e-10 -0.0056293686 0)
(1.4887219e-09 -0.0049176493 0)
(6.1102583e-10 -0.0035044919 0)
(1.3778257e-10 -0.0013992595 0)
(5.1348722e-11 -0.0013992592 0)
(-9.5789308e-10 -0.0035044913 0)
(-8.2357907e-10 -0.0049176491 0)
(-9.0173712e-10 -0.0056293688 0)
(9.4570486e-10 -0.0056293689 0)
(8.8045342e-10 -0.0049176492 0)
(1.0001554e-09 -0.0035044915 0)
(-3.1228294e-11 -0.0013992592 0)
(-1.1846542e-10 -0.0013992589 0)
(-5.4452291e-10 -0.0035044909 0)
(-1.3956635e-09 -0.004917649 0)
(-1.7901114e-10 -0.0056293691 0)
(2.2544956e-10 -0.0056293692 0)
(1.4445113e-09 -0.0049176491 0)
(5.933251e-10 -0.0035044911 0)
(1.3342997e-10 -0.0013992589 0)
(4.9399935e-11 -0.0013992586 0)
(-9.2740255e-10 -0.0035044905 0)
(-7.9540244e-10 -0.0049176489 0)
(-8.7386922e-10 -0.0056293694 0)
(9.1937191e-10 -0.0056293694 0)
(8.5323728e-10 -0.004917649 0)
(9.6928153e-10 -0.0035044907 0)
(-2.93438e-11 -0.0013992587 0)
(-1.1462725e-10 -0.0013992583 0)
(-5.2609562e-10 -0.0035044901 0)
(-1.3509506e-09 -0.0049176488 0)
(-1.690924e-10 -0.0056293697 0)
(2.1774723e-10 -0.0056293697 0)
(1.4004837e-09 -0.004917649 0)
(5.7520776e-10 -0.0035044903 0)
(1.2915249e-10 -0.0013992584 0)
(4.7516053e-11 -0.0013992581 0)
(-8.9685927e-10 -0.0035044897 0)
(-7.6634569e-10 -0.0049176487 0)
(-8.4575461e-10 -0.0056293699 0)
(8.935555e-10 -0.00562937 0)
(8.2559622e-10 -0.0049176489 0)
(9.3843109e-10 -0.0035044899 0)
(-2.7597254e-11 -0.0013992582 0)
(-1.1094067e-10 -0.0013992578 0)
(-5.072459e-10 -0.0035044893 0)
(-1.3061086e-09 -0.0049176486 0)
(-1.584415e-10 -0.0056293702 0)
(2.0981834e-10 -0.0056293703 0)
(1.3566073e-09 -0.0049176488 0)
(5.5667113e-10 -0.0035044895 0)
(1.249543e-10 -0.0013992579 0)
(4.5705125e-11 -0.0013992576 0)
(-8.664402e-10 -0.0035044889 0)
(-7.3670225e-10 -0.0049176485 0)
(-8.1772512e-10 -0.0056293704 0)
(8.6812375e-10 -0.0056293705 0)
(7.9750404e-10 -0.0049176487 0)
(9.0765975e-10 -0.0035044891 0)
(-2.5996456e-11 -0.0013992577 0)
(-1.074081e-10 -0.0013992573 0)
(-4.8811516e-10 -0.0035044886 0)
(-1.261439e-09 -0.0049176484 0)
(-1.4730787e-10 -0.0056293707 0)
(2.0153587e-10 -0.0056293708 0)
(1.312932e-09 -0.0049176486 0)
(5.3776205e-10 -0.0035044888 0)
(1.2084307e-10 -0.0013992574 0)
(4.3975107e-11 -0.0013992571 0)
(-8.3629738e-10 -0.0035044882 0)
(-7.067195e-10 -0.0049176483 0)
(-7.9002913e-10 -0.005629371 0)
(8.4302429e-10 -0.005629371 0)
(7.690072e-10 -0.0049176485 0)
(8.7705319e-10 -0.0035044884 0)
(-2.4543672e-11 -0.0013992572 0)
(-1.0402917e-10 -0.0013992568 0)
(-4.6882798e-10 -0.0035044878 0)
(-1.2171922e-09 -0.0049176482 0)
(-1.3587942e-10 -0.0056293712 0)
(1.9284704e-10 -0.0056293713 0)
(1.2695543e-09 -0.0049176485 0)
(5.1855519e-10 -0.003504488 0)
(1.168276e-10 -0.0013992569 0)
(4.2333251e-11 -0.0013992566 0)
(-8.0656022e-10 -0.0035044875 0)
(-6.7660756e-10 -0.0049176482 0)
(-7.6285343e-10 -0.0056293715 0)
(8.1825412e-10 -0.0056293716 0)
(7.4019474e-10 -0.0049176484 0)
(8.4670995e-10 -0.0035044877 0)
(-2.3237648e-11 -0.0013992567 0)
(-1.0080138e-10 -0.0013992564 0)
(-4.4949414e-10 -0.0035044871 0)
(-1.173577e-09 -0.0049176481 0)
(-1.2430105e-10 -0.0056293717 0)
(1.8374629e-10 -0.0056293718 0)
(1.2265928e-09 -0.0049176483 0)
(4.9913841e-10 -0.0035044873 0)
(1.1291625e-10 -0.0013992565 0)
(4.0785825e-11 -0.0013992562 0)
(-7.7733916e-10 -0.0035044868 0)
(-6.4654696e-10 -0.004917648 0)
(-7.3633966e-10 -0.005629372 0)
(7.9383794e-10 -0.005629372 0)
(7.1117686e-10 -0.0049176482 0)
(8.167301e-10 -0.003504487 0)
(-2.2074999e-11 -0.0013992563 0)
(-9.7720981e-11 -0.0013992559 0)
(-4.3021157e-10 -0.0035044865 0)
(-1.1307683e-09 -0.0049176479 0)
(-1.1268763e-10 -0.0056293722 0)
(1.7425631e-10 -0.0056293723 0)
(1.184172e-09 -0.0049176482 0)
(4.7960335e-10 -0.0035044867 0)
(1.091164e-10 -0.001399256 0)
(3.9337589e-11 -0.0013992557 0)
(-7.4872807e-10 -0.0035044861 0)
(-6.1669461e-10 -0.0049176479 0)
(-7.1059635e-10 -0.0056293724 0)
(7.6981319e-10 -0.0056293725 0)
(6.820715e-10 -0.0049176481 0)
(7.8720884e-10 -0.0035044864 0)
(-2.1050931e-11 -0.0013992558 0)
(-9.478327e-11 -0.0013992555 0)
(-4.1106736e-10 -0.0035044858 0)
(-1.0889125e-09 -0.0049176478 0)
(-1.0113286e-10 -0.0056293727 0)
(1.6441549e-10 -0.0056293727 0)
(1.1424121e-09 -0.004917648 0)
(4.6003981e-10 -0.003504486 0)
(1.0543392e-10 -0.0013992556 0)
(3.7991937e-11 -0.0013992553 0)
(-7.2080582e-10 -0.0035044855 0)
(-5.8718674e-10 -0.0049176478 0)
(-6.8570627e-10 -0.0056293729 0)
(7.4622171e-10 -0.005629373 0)
(6.5299549e-10 -0.004917648 0)
(7.5823229e-10 -0.0035044857 0)
(-2.0159616e-11 -0.0013992554 0)
(-9.1983199e-11 -0.0013992551 0)
(-3.9213848e-10 -0.0035044852 0)
(-1.0481304e-09 -0.0049176477 0)
(-8.971374e-11 -0.0056293731 0)
(1.5427047e-10 -0.0056293732 0)
(1.1014233e-09 -0.0049176479 0)
(4.405322e-10 -0.0035044854 0)
(1.0187338e-10 -0.0013992552 0)
(3.6750631e-11 -0.0013992549 0)
(-6.9363708e-10 -0.0035044849 0)
(-5.5814018e-10 -0.0049176476 0)
(-6.6173088e-10 -0.0056293733 0)
(7.2310459e-10 -0.0056293734 0)
(6.2405956e-10 -0.0049176478 0)
(7.298759e-10 -0.0035044851 0)
(-1.9394684e-11 -0.001399255 0)
(-8.9315185e-11 -0.0013992547 0)
(-3.7349144e-10 -0.0035044846 0)
(-1.0085188e-09 -0.0049176476 0)
(-7.8493218e-11 -0.0056293735 0)
(1.4387184e-10 -0.0056293736 0)
(1.0613026e-09 -0.0049176478 0)
(4.2115759e-10 -0.0035044849 0)
(9.8437976e-11 -0.0013992548 0)
(3.5614271e-11 -0.0013992546 0)
(-6.672726e-10 -0.0035044844 0)
(-5.2965314e-10 -0.0049176475 0)
(-6.3871263e-10 -0.0056293737 0)
(7.0049994e-10 -0.0056293738 0)
(5.9536557e-10 -0.0049176477 0)
(7.0220332e-10 -0.0035044846 0)
(-1.8749131e-11 -0.0013992547 0)
(-8.677356e-11 -0.0013992544 0)
(-3.5518238e-10 -0.0035044841 0)
(-9.7015128e-10 -0.0049176475 0)
(-6.7521167e-11 -0.005629374 0)
(1.3327151e-10 -0.005629374 0)
(1.0221327e-09 -0.0049176477 0)
(4.0198494e-10 -0.0035044843 0)
(9.5129694e-11 -0.0013992545 0)
(3.4582275e-11 -0.0013992542 0)
(-6.4174992e-10 -0.0035044838 0)
(-5.0180523e-10 -0.0049176474 0)
(-6.1667689e-10 -0.0056293742 0)
(6.7844192e-10 -0.0056293742 0)
(5.6700506e-10 -0.0049176476 0)
(6.7526666e-10 -0.003504484 0)
(-1.8215677e-11 -0.0013992543 0)
(-8.4352431e-11 -0.001399254 0)
(-3.3725697e-10 -0.0035044836 0)
(-9.3308004e-10 -0.0049176474 0)
(-5.6834972e-11 -0.0056293744 0)
(1.2252147e-10 -0.0056293744 0)
(9.8398217e-10 -0.0049176476 0)
(3.8307444e-10 -0.0035044838 0)
(9.1949309e-11 -0.0013992541 0)
(3.3653032e-11 -0.0013992539 0)
(-6.1709391e-10 -0.0035044833 0)
(-4.7465801e-10 -0.0049176473 0)
(-5.9563338e-10 -0.0056293745 0)
(6.5696044e-10 -0.0056293746 0)
(5.3905868e-10 -0.0049176475 0)
(6.4910668e-10 -0.0035044835 0)
(-1.7787014e-11 -0.0013992539 0)
(-8.2045944e-11 -0.0013992537 0)
(-3.1975071e-10 -0.0035044831 0)
(-8.9733665e-10 -0.0049176473 0)
(-4.6460582e-11 -0.0056293747 0)
(1.1167278e-10 -0.0056293748 0)
(9.4690502e-10 -0.0049176475 0)
(3.6447764e-10 -0.0035044833 0)
(8.8896584e-11 -0.0013992538 0)
(3.2824151e-11 -0.0013992535 0)
(-5.933176e-10 -0.0035044828 0)
(-4.4825615e-10 -0.0049176472 0)
(-5.7557763e-10 -0.0056293749 0)
(6.3608089e-10 -0.005629375 0)
(5.1159606e-10 -0.0049176474 0)
(6.2375331e-10 -0.003504483 0)
(-1.7455644e-11 -0.0013992536 0)
(-7.9848038e-11 -0.0013992534 0)
(-3.0268941e-10 -0.0035044826 0)
(-8.6293423e-10 -0.0049176472 0)
(-3.6413302e-11 -0.0056293751 0)
(1.0077467e-10 -0.0056293752 0)
(9.1094204e-10 -0.0049176474 0)
(3.4623755e-10 -0.0035044828 0)
(8.5970373e-11 -0.0013992535 0)
(3.2092659e-11 -0.0013992532 0)
(-5.7042356e-10 -0.0035044824 0)
(-4.2262866e-10 -0.0049176471 0)
(-5.5649315e-10 -0.0056293753 0)
(6.1582427e-10 -0.0056293754 0)
(4.8467583e-10 -0.0049176473 0)
(5.9922666e-10 -0.0035044826 0)
(-1.7214248e-11 -0.0013992533 0)
(-7.7752871e-11 -0.0013992531 0)
(-2.860903e-10 -0.0035044821 0)
(-8.2986944e-10 -0.0049176471 0)
(-2.6699212e-11 -0.0056293755 0)
(8.9873914e-11 -0.0056293756 0)
(8.7612135e-10 -0.0049176473 0)
(3.2838915e-10 -0.0035044823 0)
(8.3168731e-11 -0.0013992532 0)
(3.1455032e-11 -0.0013992529 0)
(-5.4840524e-10 -0.0035044819 0)
(-3.9779079e-10 -0.0049176471 0)
(-5.3835328e-10 -0.0056293757 0)
(5.9620708e-10 -0.0056293757 0)
(4.5834618e-10 -0.0049176473 0)
(5.7553781e-10 -0.0035044821 0)
(-1.7055544e-11 -0.001399253 0)
(-7.5754625e-11 -0.0013992528 0)
(-2.6996277e-10 -0.0035044817 0)
(-7.9812513e-10 -0.004917647 0)
(-1.7316719e-11 -0.0056293758 0)
(7.9014051e-11 -0.0056293759 0)
(8.4245971e-10 -0.0049176472 0)
(3.109597e-10 -0.0035044819 0)
(8.0489142e-11 -0.0013992529 0)
(3.0907306e-11 -0.0013992526 0)
(-5.2724819e-10 -0.0035044815 0)
(-3.7374586e-10 -0.004917647 0)
(-5.2112337e-10 -0.005629376 0)
(5.7724125e-10 -0.0056293761 0)
(4.3264524e-10 -0.0049176472 0)
(5.5268968e-10 -0.0035044817 0)
(-1.6972644e-11 -0.0013992527 0)
(-7.3847717e-11 -0.0013992525 0)
(-2.5430967e-10 -0.0035044813 0)
(-7.6767255e-10 -0.004917647 0)
(-8.2579172e-12 -0.0056293762 0)
(6.8235026e-11 -0.0056293762 0)
(8.099631e-10 -0.0049176471 0)
(2.9396961e-10 -0.0035044815 0)
(7.7928428e-11 -0.0013992526 0)
(3.0445092e-11 -0.0013992524 0)
(-5.0693175e-10 -0.0035044811 0)
(-3.5048738e-10 -0.0049176469 0)
(-5.0476277e-10 -0.0056293763 0)
(5.5893402e-10 -0.0056293764 0)
(4.0760176e-10 -0.0049176471 0)
(5.3067817e-10 -0.0035044813 0)
(-1.6958848e-11 -0.0013992524 0)
(-7.2026759e-11 -0.0013992522 0)
(-2.3912844e-10 -0.0035044809 0)
(-7.3847394e-10 -0.0049176469 0)
(4.895593e-13 -0.0056293765 0)
(5.7572564e-11 -0.0056293766 0)
(7.7862816e-10 -0.0049176471 0)
(2.7743285e-10 -0.0035044811 0)
(7.5482984e-11 -0.0013992523 0)
(3.0063904e-11 -0.0013992521 0)
(-4.8743027e-10 -0.0035044807 0)
(-3.2800112e-10 -0.0049176469 0)
(-4.892268e-10 -0.0056293766 0)
(5.4128831e-10 -0.0056293767 0)
(3.8323574e-10 -0.004917647 0)
(5.094929e-10 -0.0035044809 0)
(-1.7007788e-11 -0.0013992522 0)
(-7.0286598e-11 -0.001399252 0)
(-2.2441209e-10 -0.0035044805 0)
(-7.1048458e-10 -0.0049176468 0)
(8.9412397e-12 -0.0056293768 0)
(4.7058072e-11 -0.0056293769 0)
(7.4844329e-10 -0.004917647 0)
(2.6135778e-10 -0.0035044807 0)
(7.3148866e-11 -0.0013992521 0)
(2.9758959e-11 -0.0013992519 0)
(-4.6871458e-10 -0.0035044804 0)
(-3.0626692e-10 -0.0049176468 0)
(-4.7446851e-10 -0.0056293769 0)
(5.2430258e-10 -0.005629377 0)
(3.5955977e-10 -0.004917647 0)
(4.8911849e-10 -0.0035044805 0)
(-1.7113539e-11 -0.0013992519 0)
(-6.8622376e-11 -0.0013992518 0)
(-2.1015044e-10 -0.0035044802 0)
(-6.836553e-10 -0.0049176468 0)
(1.7114525e-11 -0.0056293771 0)
(3.671862e-11 -0.0056293771 0)
(7.1938986e-10 -0.004917647 0)
(2.4574797e-10 -0.0035044804 0)
(7.0921738e-11 -0.0013992518 0)
(2.9525523e-11 -0.0013992516 0)
(-4.5075288e-10 -0.00350448 0)
(-2.8526039e-10 -0.0049176468 0)
(-4.6043991e-10 -0.0056293772 0)
(5.0797132e-10 -0.0056293773 0)
(3.3657933e-10 -0.0049176469 0)
(4.6953522e-10 -0.0035044802 0)
(-1.7270415e-11 -0.0013992517 0)
(-6.7029365e-11 -0.0013992515 0)
(-1.9633088e-10 -0.0035044799 0)
(-6.5793376e-10 -0.0049176467 0)
(2.5027702e-11 -0.0056293774 0)
(2.6576724e-11 -0.0056293774 0)
(6.9144327e-10 -0.0049176469 0)
(2.3060279e-10 -0.00350448 0)
(6.879713e-11 -0.0013992516 0)
(2.9358692e-11 -0.0013992514 0)
(-4.3351205e-10 -0.0035044797 0)
(-2.6495443e-10 -0.0049176467 0)
(-4.4709342e-10 -0.0056293775 0)
(4.9228528e-10 -0.0056293776 0)
(3.1429409e-10 -0.0049176469 0)
(4.5071999e-10 -0.0035044799 0)
(-1.747323e-11 -0.0013992515 0)
(-6.5503309e-11 -0.0013992513 0)
(-1.8293927e-10 -0.0035044796 0)
(-6.3326627e-10 -0.0049176467 0)
(3.2698716e-11 -0.0056293776 0)
(1.6650808e-11 -0.0056293777 0)
(6.645741e-10 -0.0049176468 0)
(2.1591813e-10 -0.0035044797 0)
(6.6770462e-11 -0.0013992514 0)
(2.9253647e-11 -0.0013992512 0)
(-4.1695826e-10 -0.0035044794 0)
(-2.4532057e-10 -0.0049176467 0)
(-4.3438267e-10 -0.0056293778 0)
(4.7723188e-10 -0.0056293778 0)
(2.9269893e-10 -0.0049176468 0)
(4.3264729e-10 -0.0035044795 0)
(-1.7717107e-11 -0.0013992513 0)
(-6.4040088e-11 -0.0013992511 0)
(-1.6996054e-10 -0.0035044793 0)
(-6.0959901e-10 -0.0049176467 0)
(4.0144932e-11 -0.0056293779 0)
(6.9552595e-12 -0.0056293779 0)
(6.3874933e-10 -0.0049176468 0)
(2.0168741e-10 -0.0035044794 0)
(6.4837018e-11 -0.0013992512 0)
(2.9205573e-11 -0.001399251 0)
(-4.0105771e-10 -0.0035044791 0)
(-2.2632979e-10 -0.0049176466 0)
(-4.2226325e-10 -0.005629378 0)
(4.6279561e-10 -0.0056293781 0)
(2.717846e-10 -0.0049176468 0)
(4.1528987e-10 -0.0035044792 0)
(-1.7997478e-11 -0.0013992511 0)
(-6.2635875e-11 -0.0013992509 0)
(-1.5737944e-10 -0.003504479 0)
(-5.8687906e-10 -0.0049176466 0)
(4.7382333e-11 -0.0056293781 0)
(-2.4990141e-12 -0.0056293782 0)
(6.1393314e-10 -0.0049176468 0)
(1.8790181e-10 -0.0035044791 0)
(6.2992076e-11 -0.001399251 0)
(2.9209755e-11 -0.0013992508 0)
(-3.857774e-10 -0.0035044788 0)
(-2.079536e-10 -0.0049176466 0)
(-4.1069318e-10 -0.0056293783 0)
(4.4895863e-10 -0.0056293783 0)
(2.5153883e-10 -0.0049176467 0)
(3.9861929e-10 -0.003504479 0)
(-1.8310046e-11 -0.0013992509 0)
(-6.1287052e-11 -0.0013992507 0)
(-1.4518069e-10 -0.0035044787 0)
(-5.6505519e-10 -0.0049176466 0)
(5.442529e-11 -0.0056293784 0)
(-1.1704226e-11 -0.0056293784 0)
(5.9008799e-10 -0.0049176467 0)
(1.74551e-10 -0.0035044788 0)
(6.1231034e-11 -0.0013992508 0)
(2.9261544e-11 -0.0013992507 0)
(-3.7108515e-10 -0.0035044786 0)
(-1.9016446e-10 -0.0049176466 0)
(-3.9963321e-10 -0.0056293785 0)
(4.3570138e-10 -0.0056293785 0)
(2.3194691e-10 -0.0049176467 0)
(3.8260664e-10 -0.0035044787 0)
(-1.8650952e-11 -0.0013992507 0)
(-5.9990269e-11 -0.0013992506 0)
(-1.3334973e-10 -0.0035044785 0)
(-5.4407829e-10 -0.0049176466 0)
(6.1286508e-11 -0.0056293786 0)
(-2.0655195e-11 -0.0056293786 0)
(5.6717529e-10 -0.0049176467 0)
(1.616236e-10 -0.0035044786 0)
(5.9549241e-11 -0.0013992506 0)
(2.9356484e-11 -0.0013992505 0)
(-3.5695034e-10 -0.0035044783 0)
(-1.7293645e-10 -0.0049176465 0)
(-3.8904684e-10 -0.0056293787 0)
(4.2300273e-10 -0.0056293787 0)
(2.1299281e-10 -0.0049176467 0)
(3.6722299e-10 -0.0035044785 0)
(-1.9016403e-11 -0.0013992505 0)
(-5.8742388e-11 -0.0013992504 0)
(-1.2187263e-10 -0.0035044782 0)
(-5.2390191e-10 -0.0049176465 0)
(6.7976646e-11 -0.0056293788 0)
(-2.9348959e-11 -0.0056293789 0)
(5.4515626e-10 -0.0049176466 0)
(1.4910803e-10 -0.0035044783 0)
(5.7942272e-11 -0.0013992505 0)
(2.9490204e-11 -0.0013992503 0)
(-3.4334386e-10 -0.0035044781 0)
(-1.5624545e-10 -0.0049176465 0)
(-3.7890073e-10 -0.0056293789 0)
(4.1084078e-10 -0.005629379 0)
(1.9465948e-10 -0.0049176466 0)
(3.5243991e-10 -0.0035044782 0)
(-1.940299e-11 -0.0013992504 0)
(-5.7540337e-11 -0.0013992502 0)
(-1.1073654e-10 -0.003504478 0)
(-5.0448269e-10 -0.0049176465 0)
(7.4504525e-11 -0.005629379 0)
(-3.7784248e-11 -0.0056293791 0)
(5.2399251e-10 -0.0049176466 0)
(1.3699219e-10 -0.0035044781 0)
(5.6405664e-11 -0.0013992503 0)
(2.9658533e-11 -0.0013992502 0)
(-3.3023847e-10 -0.0035044779 0)
(-1.4006955e-10 -0.0049176465 0)
(-3.6916434e-10 -0.0056293791 0)
(3.9919301e-10 -0.0056293791 0)
(1.7692959e-10 -0.0049176466 0)
(3.3822963e-10 -0.003504478 0)
(-1.9807432e-11 -0.0013992502 0)
(-5.6381422e-11 -0.0013992501 0)
(-9.9929751e-11 -0.0035044778 0)
(-4.8578017e-10 -0.0049176465 0)
(8.087699e-11 -0.0056293792 0)
(-4.5961267e-11 -0.0056293792 0)
(5.0364636e-10 -0.0049176466 0)
(1.2526447e-10 -0.0035044779 0)
(5.4935302e-11 -0.0013992501 0)
(2.9857404e-11 -0.00139925 0)
(-3.1760881e-10 -0.0035044777 0)
(-1.2438904e-10 -0.0049176465 0)
(-3.5980997e-10 -0.0056293793 0)
(3.8803673e-10 -0.0056293793 0)
(1.5978591e-10 -0.0049176466 0)
(3.2456554e-10 -0.0035044778 0)
(-2.0226713e-11 -0.0013992501 0)
(-5.5263018e-11 -0.00139925 0)
(-8.9441808e-11 -0.0035044776 0)
(-4.6775718e-10 -0.0049176464 0)
(8.7099205e-11 -0.0056293794 0)
(-5.3881099e-11 -0.0056293794 0)
(4.8408146e-10 -0.0049176465 0)
(1.1391349e-10 -0.0035044777 0)
(5.3527087e-11 -0.00139925 0)
(3.0082911e-11 -0.0013992499 0)
(-3.0543137e-10 -0.0035044775 0)
(-1.0918656e-10 -0.0049176464 0)
(-3.5081266e-10 -0.0056293795 0)
(3.7734941e-10 -0.0056293795 0)
(1.432118e-10 -0.0049176465 0)
(3.1142221e-10 -0.0035044776 0)
(-2.0657909e-11 -0.0013992499 0)
(-5.4182606e-11 -0.0013992498 0)
(-7.9263616e-11 -0.0035044774 0)
(-4.503797e-10 -0.0049176464 0)
(9.3174525e-11 -0.0056293795 0)
(-6.1545497e-11 -0.0056293796 0)
(4.6526317e-10 -0.0049176465 0)
(1.0292881e-10 -0.0035044775 0)
(5.2177086e-11 -0.0013992499 0)
(3.0331291e-11 -0.0013992498 0)
(-2.9368473e-10 -0.0035044773 0)
(-9.4447251e-11 -0.0049176464 0)
(-3.4214996e-10 -0.0056293796 0)
(3.6710908e-10 -0.0056293797 0)
(1.2719183e-10 -0.0049176465 0)
(2.9877579e-10 -0.0035044774 0)
(-2.1098205e-11 -0.0013992498 0)
(-5.3137883e-11 -0.0013992497 0)
(-6.9387389e-11 -0.0035044772 0)
(-4.33617e-10 -0.0049176464 0)
(9.9104761e-11 -0.0056293797 0)
(-6.8956411e-11 -0.0056293797 0)
(4.4715885e-10 -0.0049176465 0)
(9.2300804e-11 -0.0035044773 0)
(5.0881616e-11 -0.0013992497 0)
(3.0598959e-11 -0.0013992496 0)
(-2.8234937e-10 -0.0035044771 0)
(-8.0158551e-11 -0.0049176464 0)
(-3.3380173e-10 -0.0056293798 0)
(3.5729447e-10 -0.0056293798 0)
(1.1171167e-10 -0.0049176465 0)
(2.8660392e-10 -0.0035044772 0)
(-2.1545008e-11 -0.0013992497 0)
(-5.2126645e-11 -0.0013992496 0)
(-5.9806775e-11 -0.003504477 0)
(-4.1744126e-10 -0.0049176464 0)
(1.0489035e-10 -0.0056293799 0)
(-7.6115835e-11 -0.0056293799 0)
(4.2973801e-10 -0.0049176465 0)
(8.2020911e-11 -0.0035044771 0)
(4.9637146e-11 -0.0013992496 0)
(3.0882414e-11 -0.0013992495 0)
(-2.7140768e-10 -0.003504477 0)
(-6.6310167e-11 -0.0049176464 0)
(-3.2575013e-10 -0.0056293799 0)
(3.4788522e-10 -0.00562938 0)
(9.6758696e-11 -0.0049176465 0)
(2.7488612e-10 -0.003504477 0)
(-2.1995662e-11 -0.0013992496 0)
(-5.1146761e-11 -0.0013992495 0)
(-5.0516851e-11 -0.0035044769 0)
(-4.0182776e-10 -0.0049176464 0)
(1.1053033e-10 -0.00562938 0)
(-8.3025515e-11 -0.00562938 0)
(4.1297256e-10 -0.0049176464 0)
(7.2081891e-11 -0.003504477 0)
(4.8440412e-11 -0.0013992495 0)
(3.1178274e-11 -0.0013992494 0)
(-2.6084401e-10 -0.0035044768 0)
(-5.2894221e-11 -0.0049176464 0)
(-3.179791e-10 -0.0056293801 0)
(3.3886216e-10 -0.0056293801 0)
(8.232182e-11 -0.0049176464 0)
(2.6360369e-10 -0.0035044769 0)
(-2.244771e-11 -0.0013992495 0)
(-5.0196376e-11 -0.0013992494 0)
(-4.1514036e-11 -0.0035044767 0)
(-3.8675474e-10 -0.0049176463 0)
(1.1602271e-10 -0.0056293801 0)
(-8.9686611e-11 -0.0056293802 0)
(3.9683699e-10 -0.0049176464 0)
(6.247762e-11 -0.0035044768 0)
(4.7288241e-11 -0.0013992494 0)
(3.1483269e-11 -0.0013992493 0)
(-2.5064462e-10 -0.0035044766 0)
(-3.9905037e-11 -0.0049176463 0)
(-3.104746e-10 -0.0056293802 0)
(3.3020753e-10 -0.0056293802 0)
(6.8392166e-11 -0.0049176464 0)
(2.5273978e-10 -0.0035044767 0)
(-2.2898663e-11 -0.0013992494 0)
(-4.9273587e-11 -0.0013992493 0)
(-3.279607e-11 -0.0035044766 0)
(-3.722033e-10 -0.0049176463 0)
(1.2136434e-10 -0.0056293803 0)
(-9.6099697e-11 -0.0056293803 0)
(3.8130849e-10 -0.0049176464 0)
(5.3203504e-11 -0.0035044767 0)
(4.6177766e-11 -0.0013992493 0)
(3.1794301e-11 -0.0013992492 0)
(-2.4079746e-10 -0.0035044765 0)
(-2.7339179e-11 -0.0049176463 0)
(-3.0322429e-10 -0.0056293803 0)
(3.2190491e-10 -0.0056293804 0)
(5.4962793e-11 -0.0049176464 0)
(2.4227943e-10 -0.0035044766 0)
(-2.3346053e-11 -0.0013992493 0)
(-4.83767e-11 -0.0013992492 0)
(-2.4362221e-11 -0.0035044764 0)
(-3.5815729e-10 -0.0049176463 0)
(1.265511e-10 -0.0056293804 0)
(-1.0226462e-10 -0.0056293804 0)
(3.6636691e-10 -0.0049176464 0)
(4.4256499e-11 -0.0035044765 0)
(4.510624e-11 -0.0013992492 0)
(3.210826e-11 -0.0013992491 0)
(-2.3129258e-10 -0.0035044764 0)
(-1.5195266e-11 -0.0049176463 0)
(-2.9621735e-10 -0.0056293804 0)
(3.1393934e-10 -0.0056293805 0)
(4.2028954e-11 -0.0049176464 0)
(2.3220979e-10 -0.0035044765 0)
(-2.3787522e-11 -0.0013992492 0)
(-4.7504169e-11 -0.0013992491 0)
(-1.6213035e-11 -0.0035044763 0)
(-3.4460334e-10 -0.0049176463 0)
(1.3157796e-10 -0.0056293805 0)
(-1.0818036e-10 -0.0056293805 0)
(3.519951e-10 -0.0049176464 0)
(3.5634819e-11 -0.0035044764 0)
(4.4071179e-11 -0.0013992491 0)
(3.2422172e-11 -0.0013992491 0)
(-2.2212164e-10 -0.0035044763 0)
(-3.4741233e-12 -0.0049176463 0)
(-2.8944465e-10 -0.0056293805 0)
(3.0629756e-10 -0.0056293806 0)
(2.9588015e-11 -0.0049176463 0)
(2.2251989e-10 -0.0035044763 0)
(-2.4220636e-11 -0.0013992491 0)
(-4.6654578e-11 -0.001399249 0)
(-8.3503916e-12 -0.0035044762 0)
(-3.3153069e-10 -0.0049176463 0)
(1.3643917e-10 -0.0056293806 0)
(-1.1384496e-10 -0.0056293806 0)
(3.3817851e-10 -0.0049176463 0)
(2.7338319e-11 -0.0035044763 0)
(4.307029e-11 -0.001399249 0)
(3.2733106e-11 -0.001399249 0)
(-2.132781e-10 -0.0035044762 0)
(7.8214651e-12 -0.0049176463 0)
(-2.8289843e-10 -0.0056293806 0)
(2.9896788e-10 -0.0056293807 0)
(1.7639595e-11 -0.0049176463 0)
(2.1320066e-10 -0.0035044762 0)
(-2.4643089e-11 -0.001399249 0)
(-4.5826619e-11 -0.0013992489 0)
(-7.7748411e-13 -0.0035044761 0)
(-3.1893125e-10 -0.0049176463 0)
(1.4112814e-10 -0.0056293807 0)
(-1.1925562e-10 -0.0056293807 0)
(3.2490552e-10 -0.0049176463 0)
(1.9368161e-11 -0.0035044762 0)
(4.2101519e-11 -0.001399249 0)
(3.3038234e-11 -0.0013992489 0)
(-2.0475722e-10 -0.003504476 0)
(1.8686756e-11 -0.0049176463 0)
(-2.7657246e-10 -0.0056293807 0)
(2.9194008e-10 -0.0056293808 0)
(6.1853474e-12 -0.0049176463 0)
(2.042451e-10 -0.0035044761 0)
(-2.5052465e-11 -0.0013992489 0)
(-4.5019194e-11 -0.0013992489 0)
(6.5012335e-12 -0.003504476 0)
(-3.0679948e-10 -0.0049176462 0)
(1.4563748e-10 -0.0056293808 0)
(-1.2440875e-10 -0.0056293808 0)
(3.1216709e-10 -0.0049176463 0)
(1.172714e-11 -0.0035044761 0)
(4.1163013e-11 -0.0013992489 0)
(3.3334767e-11 -0.0013992488 0)
(-1.9655611e-10 -0.0035044759 0)
(2.9115051e-11 -0.0049176462 0)
(-2.7046206e-10 -0.0056293808 0)
(2.8520548e-10 -0.0056293808 0)
(-4.7710537e-12 -0.0049176463 0)
(1.9564798e-10 -0.003504476 0)
(-2.544646e-11 -0.0013992489 0)
(-4.4231301e-11 -0.0013992488 0)
(1.3480028e-11 -0.0035044759 0)
(-2.9513244e-10 -0.0049176462 0)
(1.49959e-10 -0.0056293809 0)
(-1.2930031e-10 -0.0056293809 0)
(2.999569e-10 -0.0049176463 0)
(4.4191513e-12 -0.003504476 0)
(4.0253098e-11 -0.0013992488 0)
(3.3620062e-11 -0.0013992488 0)
(-1.8867335e-10 -0.0035044759 0)
(3.9097777e-11 -0.0049176462 0)
(-2.6456425e-10 -0.0056293809 0)
(2.7875668e-10 -0.0056293809 0)
(-1.5224311e-11 -0.0049176463 0)
(1.8740585e-10 -0.0035044759 0)
(-2.5822826e-11 -0.0013992488 0)
(-4.3462172e-11 -0.0013992488 0)
(2.0152129e-11 -0.0035044758 0)
(-2.8392974e-10 -0.0049176462 0)
(1.5408376e-10 -0.0056293809 0)
(-1.3392569e-10 -0.005629381 0)
(2.8827068e-10 -0.0049176463 0)
(-2.5508158e-12 -0.0035044759 0)
(3.9370476e-11 -0.0013992488 0)
(3.3891603e-11 -0.0013992487 0)
(-1.8110936e-10 -0.0035044758 0)
(4.8624756e-11 -0.0049176462 0)
(-2.5887756e-10 -0.005629381 0)
(2.7258731e-10 -0.005629381 0)
(-2.51679e-11 -0.0049176463 0)
(1.7951685e-10 -0.0035044758 0)
(-2.6179226e-11 -0.0013992487 0)
(-4.2711039e-11 -0.0013992487 0)
(2.650971e-11 -0.0035044757 0)
(-2.7319341e-10 -0.0049176462 0)
(1.5800197e-10 -0.005629381 0)
(-1.3828043e-10 -0.005629381 0)
(2.7710632e-10 -0.0049176463 0)
(-9.1768361e-12 -0.0035044758 0)
(3.8513904e-11 -0.0013992487 0)
(3.4146893e-11 -0.0013992487 0)
(-1.7386593e-10 -0.0035044757 0)
(5.7684019e-11 -0.0049176462 0)
(-2.5340245e-10 -0.005629381 0)
(2.6669194e-10 -0.005629381 0)
(-3.4594075e-11 -0.0049176462 0)
(1.7198048e-10 -0.0035044757 0)
(-2.6513603e-11 -0.0013992487 0)
(-4.1977514e-11 -0.0013992486 0)
(3.254406e-11 -0.0035044757 0)
(-2.6292794e-10 -0.0049176462 0)
(1.6170299e-10 -0.0056293811 0)
(-1.4236035e-10 -0.0056293811 0)
(2.6646325e-10 -0.0049176462 0)
(-1.5452395e-11 -0.0035044757 0)
(3.7682426e-11 -0.0013992487 0)
(3.4383606e-11 -0.0013992486 0)
(-1.6694658e-10 -0.0035044756 0)
(6.6262391e-11 -0.0049176462 0)
(-2.4814143e-10 -0.0056293811 0)
(2.6106553e-10 -0.0056293811 0)
(-4.3494954e-11 -0.0049176462 0)
(1.6479739e-10 -0.0035044757 0)
(-2.6823863e-11 -0.0013992486 0)
(-4.1261334e-11 -0.0013992486 0)
(3.8245767e-11 -0.0035044756 0)
(-2.5314008e-10 -0.0049176462 0)
(1.6517524e-10 -0.0056293811 0)
(-1.4616235e-10 -0.0056293811 0)
(2.5634196e-10 -0.0049176462 0)
(-2.1370875e-11 -0.0035044756 0)
(3.6875319e-11 -0.0013992486 0)
(3.4599556e-11 -0.0013992486 0)
(-1.603561e-10 -0.0035044756 0)
(7.4345383e-11 -0.0049176462 0)
(-2.4309914e-10 -0.0056293811 0)
(2.557029e-10 -0.0056293812 0)
(-5.1862971e-11 -0.0049176462 0)
(1.5796905e-10 -0.0035044756 0)
(-2.7108203e-11 -0.0013992486 0)
(-4.0562398e-11 -0.0013992485 0)
(4.3604936e-11 -0.0035044755 0)
(-2.4383891e-10 -0.0049176462 0)
(1.6840586e-10 -0.0056293812 0)
(-1.4968484e-10 -0.0056293812 0)
(2.4674324e-10 -0.0049176462 0)
(-2.6925735e-11 -0.0035044756 0)
(3.6092022e-11 -0.0013992486 0)
(3.4792869e-11 -0.0013992485 0)
(-1.5410049e-10 -0.0035044755 0)
(8.1917362e-11 -0.0049176462 0)
(-2.3828284e-10 -0.0056293812 0)
(2.5059836e-10 -0.0056293812 0)
(-5.9691771e-11 -0.0049176462 0)
(1.5149724e-10 -0.0035044755 0)
(-2.7364924e-11 -0.0013992485 0)
(-3.9880799e-11 -0.0013992485 0)
(4.861145e-11 -0.0035044755 0)
(-2.3503566e-10 -0.0049176461 0)
(1.7138111e-10 -0.0056293812 0)
(-1.5292872e-10 -0.0056293812 0)
(2.376676e-10 -0.0049176462 0)
(-3.2111469e-11 -0.0035044755 0)
(3.5332177e-11 -0.0013992485 0)
(3.4961707e-11 -0.0013992485 0)
(-1.4818677e-10 -0.0035044754 0)
(8.8962199e-11 -0.0049176461 0)
(-2.3370246e-10 -0.0056293812 0)
(2.4574485e-10 -0.0056293812 0)
(-6.6977023e-11 -0.0049176462 0)
(1.4538354e-10 -0.0035044755 0)
(-2.7592741e-11 -0.0013992485 0)
(-3.9217025e-11 -0.0013992485 0)
(5.3255177e-11 -0.0035044754 0)
(-2.2674333e-10 -0.0049176461 0)
(1.7408575e-10 -0.0056293812 0)
(-1.5589803e-10 -0.0056293813 0)
(2.2911419e-10 -0.0049176462 0)
(-3.6923858e-11 -0.0035044754 0)
(3.4595637e-11 -0.0013992485 0)
(3.5104603e-11 -0.0013992485 0)
(-1.4262288e-10 -0.0035044754 0)
(9.546326e-11 -0.0049176461 0)
(-2.2937086e-10 -0.0056293813 0)
(2.4113334e-10 -0.0056293813 0)
(-7.3717862e-11 -0.0049176462 0)
(1.396291e-10 -0.0035044754 0)
(-2.7790591e-11 -0.0013992485 0)
(-3.8571562e-11 -0.0013992484 0)
(5.7526443e-11 -0.0035044754 0)
(-2.1897661e-10 -0.0049176461 0)
(1.765033e-10 -0.0056293813 0)
(-1.5860108e-10 -0.0056293813 0)
(2.2107994e-10 -0.0049176462 0)
(-4.1360862e-11 -0.0035044754 0)
(3.3882413e-11 -0.0013992484 0)
(3.522039e-11 -0.0013992484 0)
(-1.3741728e-10 -0.0035044753 0)
(1.0140416e-10 -0.0049176461 0)
(-2.2530418e-10 -0.0056293813 0)
(2.3675206e-10 -0.0056293813 0)
(-7.9917644e-11 -0.0049176461 0)
(1.3423352e-10 -0.0035044754 0)
(-2.7957929e-11 -0.0013992484 0)
(-3.7945241e-11 -0.0013992484 0)
(6.1416345e-11 -0.0035044753 0)
(-2.1175152e-10 -0.0049176461 0)
(1.7861584e-10 -0.0056293813 0)
(-1.6105103e-10 -0.0056293813 0)
(2.1355847e-10 -0.0049176461 0)
(-4.5423274e-11 -0.0035044753 0)
(3.3192523e-11 -0.0013992484 0)
(3.5308276e-11 -0.0013992484 0)
(-1.3257854e-10 -0.0035044753 0)
(1.0676905e-10 -0.0049176461 0)
(-2.2152184e-10 -0.0056293813 0)
(2.3258579e-10 -0.0056293813 0)
(-8.5585339e-11 -0.0049176461 0)
(1.2919452e-10 -0.0035044753 0)
(-2.8094599e-11 -0.0013992484 0)
(-3.7339029e-11 -0.0013992484 0)
(6.4917424e-11 -0.0035044753 0)
(-2.0508482e-10 -0.0049176461 0)
(1.8040437e-10 -0.0056293813 0)
(-1.6326708e-10 -0.0056293813 0)
(2.0653903e-10 -0.0049176461 0)
(-4.9115497e-11 -0.0035044753 0)
(3.2526195e-11 -0.0013992484 0)
(3.5367811e-11 -0.0013992484 0)
(-1.2811506e-10 -0.0035044752 0)
(1.1154361e-10 -0.0049176461 0)
(-2.1804629e-10 -0.0056293813 0)
(2.2861518e-10 -0.0056293813 0)
(-9.0736663e-11 -0.0049176461 0)
(1.2450719e-10 -0.0035044753 0)
(-2.8201211e-11 -0.0013992484 0)
(-3.6754245e-11 -0.0013992484 0)
(6.8023924e-11 -0.0035044752 0)
(-1.9899316e-10 -0.0049176461 0)
(1.8184902e-10 -0.0056293813 0)
(-1.652748e-10 -0.0056293814 0)
(2.0000552e-10 -0.0049176461 0)
(-5.2446466e-11 -0.0035044752 0)
(3.1883589e-11 -0.0013992484 0)
(3.5399023e-11 -0.0013992483 0)
(-1.240344e-10 -0.0035044752 0)
(1.1571598e-10 -0.0049176461 0)
(-2.1490274e-10 -0.0056293814 0)
(2.2481635e-10 -0.0056293814 0)
(-9.5395167e-11 -0.0049176461 0)
(1.2016316e-10 -0.0035044752 0)
(-2.8278895e-11 -0.0013992483 0)
(-3.6192251e-11 -0.0013992483 0)
(7.0732898e-11 -0.0035044752 0)
(-1.9349209e-10 -0.0049176461 0)
(1.8292994e-10 -0.0056293814 0)
(-1.6710664e-10 -0.0056293814 0)
(1.9393533e-10 -0.0049176461 0)
(-5.5430215e-11 -0.0035044752 0)
(3.1264879e-11 -0.0013992483 0)
(3.5402496e-11 -0.0013992483 0)
(-1.2034232e-10 -0.0035044752 0)
(1.1927816e-10 -0.0049176461 0)
(-2.1211808e-10 -0.0056293814 0)
(2.2116086e-10 -0.0056293814 0)
(-9.959316e-11 -0.0049176461 0)
(1.1614999e-10 -0.0035044752 0)
(-2.8329536e-11 -0.0013992483 0)
(-3.5654568e-11 -0.0013992483 0)
(7.3045083e-11 -0.0035044751 0)
(-1.8859437e-10 -0.0049176461 0)
(1.8362849e-10 -0.0056293814 0)
(-1.6880187e-10 -0.0056293814 0)
(1.8829896e-10 -0.0049176461 0)
(-5.808668e-11 -0.0035044752 0)
(3.0670143e-11 -0.0013992483 0)
(3.5379318e-11 -0.0013992483 0)
(-1.1704172e-10 -0.0035044751 0)
(1.2222803e-10 -0.004917646 0)
(-2.0971932e-10 -0.0056293814 0)
(2.1761596e-10 -0.0056293814 0)
(-1.0337214e-10 -0.0049176461 0)
(1.1245045e-10 -0.0035044751 0)
(-2.8355898e-11 -0.0013992483 0)
(-3.514282e-11 -0.0013992483 0)
(7.4966264e-11 -0.0035044751 0)
(-1.8430749e-10 -0.004917646 0)
(1.8392927e-10 -0.0056293814 0)
(-1.7040558e-10 -0.0056293814 0)
(1.8305933e-10 -0.0049176461 0)
(-6.0442148e-11 -0.0035044751 0)
(3.0099159e-11 -0.0013992483 0)
(3.5331378e-11 -0.0013992483 0)
(-1.1413116e-10 -0.0035044751 0)
(1.2457206e-10 -0.004917646 0)
(-2.0773077e-10 -0.0056293814 0)
(2.1414587e-10 -0.0056293814 0)
(-1.0678283e-10 -0.004917646 0)
(1.0904212e-10 -0.0035044751 0)
(-2.8361511e-11 -0.0013992483 0)
(-3.4658462e-11 -0.0013992483 0)
(7.6508821e-11 -0.0035044751 0)
(-1.8063046e-10 -0.004917646 0)
(1.8382345e-10 -0.0056293814 0)
(-1.7196699e-10 -0.0056293814 0)
(1.7817206e-10 -0.004917646 0)
(-6.25295e-11 -0.0035044751 0)
(2.955151e-11 -0.0013992483 0)
(3.5261292e-11 -0.0013992483 0)
(-1.1160264e-10 -0.0035044751 0)
(1.2632898e-10 -0.004917646 0)
(-2.0617031e-10 -0.0056293814 0)
(2.10714e-10 -0.0056293814 0)
(-1.0988462e-10 -0.004917646 0)
(1.0589696e-10 -0.0035044751 0)
(-2.8350873e-11 -0.0013992483 0)
(-3.420265e-11 -0.0013992482 0)
(7.7694331e-11 -0.003504475 0)
(-1.7754952e-10 -0.004917646 0)
(1.8331284e-10 -0.0056293814 0)
(-1.7353624e-10 -0.0056293814 0)
(1.7358631e-10 -0.004917646 0)
(-6.4388442e-11 -0.0035044751 0)
(2.9026206e-11 -0.0013992482 0)
(3.5172858e-11 -0.0013992482 0)
(-1.0943892e-10 -0.003504475 0)
(1.2753436e-10 -0.004917646 0)
(-2.0504382e-10 -0.0056293814 0)
(2.0728637e-10 -0.0056293814 0)
(-1.1274382e-10 -0.004917646 0)
(1.0298126e-10 -0.003504475 0)
(-2.8329271e-11 -0.0013992482 0)
(-3.3775687e-11 -0.0013992482 0)
(7.8556059e-11 -0.003504475 0)
(-1.7503241e-10 -0.004917646 0)
(1.8241589e-10 -0.0056293814 0)
(-1.7515971e-10 -0.0056293814 0)
(1.692466e-10 -0.004917646 0)
(-6.6064649e-11 -0.003504475 0)
(2.8521834e-11 -0.0013992482 0)
(3.5071145e-11 -0.0013992482 0)
(-1.0761005e-10 -0.003504475 0)
(1.2824661e-10 -0.004917646 0)
(-2.0433816e-10 -0.0056293814 0)
(2.0383681e-10 -0.0056293814 0)
(-1.1543053e-10 -0.004917646 0)
(1.002563e-10 -0.003504475 0)
(-2.830295e-11 -0.0013992482 0)
(-3.337694e-11 -0.0013992482 0)
(7.9142741e-11 -0.003504475 0)
(-1.7302153e-10 -0.004917646 0)
(1.8117512e-10 -0.0056293814 0)
(-1.7687352e-10 -0.0056293814 0)
(1.6509624e-10 -0.004917646 0)
(-6.7608893e-11 -0.003504475 0)
(2.8036136e-11 -0.0013992482 0)
(3.4962893e-11 -0.0013992482 0)
(-1.0606941e-10 -0.003504475 0)
(1.2855378e-10 -0.004917646 0)
(-2.0401239e-10 -0.0056293814 0)
(2.0035377e-10 -0.0056293814 0)
(-1.1801425e-10 -0.004917646 0)
(9.76793e-11 -0.003504475 0)
(-2.8278785e-11 -0.0013992482 0)
(-3.3003988e-11 -0.0013992482 0)
(7.9521826e-11 -0.003504475 0)
(-1.7142648e-10 -0.004917646 0)
(1.7966563e-10 -0.0056293814 0)
(-1.7869483e-10 -0.0056293814 0)
(1.6108216e-10 -0.004917646 0)
(-6.9074538e-11 -0.003504475 0)
(2.7566149e-11 -0.0013992482 0)
(3.4856889e-11 -0.0013992482 0)
(-1.0474966e-10 -0.0035044749 0)
(1.285799e-10 -0.004917646 0)
(-2.0398793e-10 -0.0056293814 0)
(1.9684888e-10 -0.0056293814 0)
(-1.2055677e-10 -0.004917646 0)
(9.5205697e-11 -0.003504475 0)
(-2.8264198e-11 -0.0013992482 0)
(-3.2651671e-11 -0.0013992482 0)
(7.9783073e-11 -0.0035044749 0)
(-1.7011658e-10 -0.0049176459 0)
(1.7800358e-10 -0.0056293814 0)
(-1.8061154e-10 -0.0056293814 0)
(1.5716134e-10 -0.004917646 0)
(-7.0514382e-11 -0.0035044749 0)
(2.7107896e-11 -0.0013992482 0)
(3.4764399e-11 -0.0013992482 0)
(-1.0355835e-10 -0.0035044749 0)
(1.2849064e-10 -0.0049176459 0)
(-2.0413888e-10 -0.0056293814 0)
(1.9336581e-10 -0.0056293814 0)
(-1.2310362e-10 -0.0049176459 0)
(9.2791915e-11 -0.0035044749 0)
(-2.8266756e-11 -0.0013992482 0)
(-3.2311352e-11 -0.0013992482 0)
(8.004009e-11 -0.0035044749 0)
(-1.6891472e-10 -0.0049176459 0)
(1.7635268e-10 -0.0056293814 0)
(-1.8257094e-10 -0.0056293814 0)
(1.5330882e-10 -0.0049176459 0)
(-7.1975757e-11 -0.0035044749 0)
(2.6656062e-11 -0.0013992482 0)
(3.4698949e-11 -0.0013992482 0)
(-1.0237529e-10 -0.0035044749 0)
(1.2849367e-10 -0.0049176459 0)
(-2.0428406e-10 -0.0056293814 0)
(1.899886e-10 -0.0056293814 0)
(-1.2567292e-10 -0.0049176459 0)
(9.0398443e-11 -0.0035044749 0)
(-2.8293617e-11 -0.0013992482 0)
(-3.1968865e-11 -0.0013992481 0)
(8.0428572e-11 -0.0035044749 0)
(-1.6759625e-10 -0.0049176459 0)
(1.7492477e-10 -0.0056293814 0)
(-1.8446775e-10 -0.0056293814 0)
(1.4952511e-10 -0.0049176459 0)
(-7.3494245e-11 -0.0035044749 0)
(2.620322e-11 -0.0013992482 0)
(3.4675885e-11 -0.0013992481 0)
(-1.0105204e-10 -0.0035044749 0)
(1.2883025e-10 -0.0049176459 0)
(-2.0418391e-10 -0.0056293814 0)
(1.8684566e-10 -0.0056293814 0)
(-1.2824124e-10 -0.0049176459 0)
(8.7992714e-11 -0.0035044749 0)
(-2.8350768e-11 -0.0013992481 0)
(-3.16025e-11 -0.0013992481 0)
(8.1097523e-11 -0.0035044748 0)
(-1.658945e-10 -0.0049176459 0)
(1.7396876e-10 -0.0056293814 0)
(-1.8613297e-10 -0.0056293814 0)
(1.4584355e-10 -0.0049176459 0)
(-7.5084431e-11 -0.0035044749 0)
(2.5737591e-11 -0.0013992481 0)
(3.4710535e-11 -0.0013992481 0)
(-9.9415585e-11 -0.0035044748 0)
(1.2975024e-10 -0.0049176459 0)
(-2.0354531e-10 -0.0056293814 0)
(1.8410658e-10 -0.0056293814 0)
(-1.3072482e-10 -0.0049176459 0)
(8.555125e-11 -0.0035044749 0)
(-2.8441774e-11 -0.0013992481 0)
(-3.1178619e-11 -0.0013992481 0)
(8.218854e-11 -0.0035044748 0)
(-1.6351995e-10 -0.0049176459 0)
(1.7373951e-10 -0.0056293814 0)
(-1.8732108e-10 -0.0056293814 0)
(1.4233658e-10 -0.0049176459 0)
(-7.6726029e-11 -0.0035044749 0)
(2.5239114e-11 -0.0013992481 0)
(3.4814512e-11 -0.0013992481 0)
(-9.7280421e-11 -0.0035044748 0)
(1.3145855e-10 -0.0049176458 0)
(-2.0203848e-10 -0.0056293814 0)
(1.8197041e-10 -0.0056293814 0)
(-1.3294794e-10 -0.0049176459 0)
(8.3062076e-11 -0.0035044748 0)
(-2.8565899e-11 -0.0013992481 0)
(-3.0646241e-11 -0.0013992481 0)
(8.3792644e-11 -0.0035044748 0)
(-1.6020365e-10 -0.0049176458 0)
(1.7443749e-10 -0.0056293814 0)
(-1.8768996e-10 -0.0056293814 0)
(1.3913041e-10 -0.0049176459 0)
(-7.8336456e-11 -0.0035044748 0)
(2.4672618e-11 -0.0013992481 0)
(3.4987952e-11 -0.0013992481 0)
(-9.4480153e-11 -0.0035044748 0)
(1.3401179e-10 -0.0049176458 0)
(-1.9933327e-10 -0.0056293814 0)
(1.8065214e-10 -0.0056293814 0)
(-1.3457813e-10 -0.0049176459 0)
(8.0539136e-11 -0.0035044748 0)
(-2.8714018e-11 -0.0013992481 0)
(-2.9930522e-11 -0.0013992481 0)
(8.5864535e-11 -0.0035044748 0)
(-1.557915e-10 -0.0049176458 0)
(1.7610308e-10 -0.0056293813 0)
(-1.8675398e-10 -0.0056293814 0)
(1.36457e-10 -0.0049176459 0)
(-7.970847e-11 -0.0035044748 0)
(2.3979525e-11 -0.0013992481 0)
(3.5205711e-11 -0.0013992481 0)
(-9.0949183e-11 -0.0035044748 0)
(1.3712174e-10 -0.0049176458 0)
(-1.9517168e-10 -0.0056293813 0)
(1.8039345e-10 -0.0056293814 0)
(-1.3497786e-10 -0.0049176458 0)
(7.8081395e-11 -0.0035044748 0)
(-2.8859283e-11 -0.0013992481 0)
(-2.8931927e-11 -0.0013992481 0)
(8.8045786e-11 -0.0035044747 0)
(-1.5045647e-10 -0.0049176458 0)
(1.7844302e-10 -0.0056293813 0)
(-1.8377081e-10 -0.0056293813 0)
(1.3482224e-10 -0.0049176458 0)
(-8.0360267e-11 -0.0035044748 0)
(2.3074567e-11 -0.0013992481 0)
(3.5387729e-11 -0.0013992481 0)
(-8.6934594e-11 -0.0035044747 0)
(1.3977207e-10 -0.0049176458 0)
(-1.8952067e-10 -0.0056293813 0)
(1.8156678e-10 -0.0056293813 0)
(-1.3286145e-10 -0.0049176458 0)
(7.6065262e-11 -0.0035044748 0)
(-2.893337e-11 -0.0013992481 0)
(-2.7550632e-11 -0.0013992481 0)
(8.9287925e-11 -0.0035044747 0)
(-1.4518774e-10 -0.0049176458 0)
(1.8054218e-10 -0.0056293813 0)
(-1.774844e-10 -0.0056293813 0)
(1.3547276e-10 -0.0049176458 0)
(-7.917518e-11 -0.0035044748 0)
(2.1868476e-11 -0.0013992481 0)
(3.5331898e-11 -0.0013992481 0)
(-8.3528446e-11 -0.0035044747 0)
(1.3944422e-10 -0.0049176457 0)
(-1.8291597e-10 -0.0056293813 0)
(1.8501846e-10 -0.0056293813 0)
(-1.2552534e-10 -0.0049176458 0)
(7.5675785e-11 -0.0035044748 0)
(-2.8763319e-11 -0.0013992481 0)
(-2.5787907e-11 -0.0013992481 0)
(8.702429e-11 -0.0035044747 0)
(-1.4290909e-10 -0.0049176457 0)
(1.8035896e-10 -0.0056293813 0)
(-1.6558378e-10 -0.0056293813 0)
(1.4154299e-10 -0.0049176458 0)
(-7.3565004e-11 -0.0035044748 0)
(2.0370206e-11 -0.0013992481 0)
(3.4549544e-11 -0.0013992481 0)
(-8.3941793e-11 -0.0035044747 0)
(1.3052451e-10 -0.0049176457 0)
(-1.7724184e-10 -0.0056293813 0)
(1.9293095e-10 -0.0056293813 0)
(-1.0719505e-10 -0.0049176458 0)
(8.0210576e-11 -0.0035044747 0)
(-2.7906618e-11 -0.0013992481 0)
(-2.404238e-11 -0.001399248 0)
(7.5358757e-11 -0.0035044747 0)
(-1.5093768e-10 -0.0049176457 0)
(1.7379168e-10 -0.0056293813 0)
(-1.4364239e-10 -0.0056293813 0)
(1.606123e-10 -0.0049176458 0)
(-5.7612021e-11 -0.0035044747 0)
(1.8988049e-11 -0.0013992481 0)
(3.1861807e-11 -0.001399248 0)
(-9.6361277e-11 -0.0035044746 0)
(1.0107706e-10 -0.0049176457 0)
(-1.7742453e-10 -0.0056293813 0)
(2.1068247e-10 -0.0056293813 0)
(-6.566746e-11 -0.0049176458 0)
(9.8002534e-11 -0.0035044747 0)
(-2.5240019e-11 -0.0013992481 0)
(-2.3850846e-11 -0.001399248 0)
(4.1255634e-11 -0.0035044746 0)
(-1.8604948e-10 -0.0049176457 0)
(1.5294361e-10 -0.0056293813 0)
(-1.0319317e-10 -0.0056293813 0)
(2.099223e-10 -0.0049176457 0)
(-1.8175419e-11 -0.0035044747 0)
(1.9279463e-11 -0.0013992481 0)
(2.4465083e-11 -0.001399248 0)
(-1.3987853e-10 -0.0035044746 0)
(2.6682453e-11 -0.0049176457 0)
(-1.9481895e-10 -0.0056293813 0)
(2.5042225e-10 -0.0056293813 0)
(2.400909e-11 -0.0049176457 0)
(1.4843262e-10 -0.0035044746 0)
(-1.8007227e-11 -0.001399248 0)
(-2.9550753e-11 -0.001399248 0)
(-4.2862217e-11 -0.0035044746 0)
(-2.8397867e-10 -0.0049176457 0)
(1.0316981e-10 -0.0056293814 0)
(-2.8622397e-11 -0.0056293814 0)
(3.259951e-10 -0.0049176457 0)
(7.2597771e-11 -0.0035044746 0)
(2.5625153e-11 -0.001399248 0)
(5.9847771e-12 -0.001399248 0)
(-2.5560248e-10 -0.0035044745 0)
(-1.3992365e-10 -0.0049176457 0)
(-2.5321861e-10 -0.0056293815 0)
(3.3712541e-10 -0.0056293815 0)
(2.099576e-10 -0.0049176457 0)
(2.7308369e-10 -0.0035044745 0)
(1.5439493e-13 -0.001399248 0)
(-5.1661952e-11 -0.0013992479 0)
(-2.3155744e-10 -0.0035044744 0)
(-5.1469968e-10 -0.0049176457 0)
(-7.8854289e-13 -0.0056293816 0)
(1.0657748e-10 -0.0056293816 0)
(5.7983663e-10 -0.0049176457 0)
(2.6973669e-10 -0.0035044744 0)
(4.8617284e-11 -0.0013992479 0)
(-3.6958447e-11 -0.0013992478 0)
(-5.2432897e-10 -0.0035044743 0)
(-4.8188435e-10 -0.0049176458 0)
(-3.9752447e-10 -0.0056293818 0)
(5.1692146e-10 -0.0056293818 0)
(5.7628825e-10 -0.0049176457 0)
(5.533186e-10 -0.0035044743 0)
(4.2681973e-11 -0.0013992478 0)
(-1.129511e-10 -0.0013992476 0)
(-6.2167812e-10 -0.0035044741 0)
(-9.9993959e-10 -0.0049176458 0)
(-1.9586668e-10 -0.0056293821 0)
(3.4026523e-10 -0.005629382 0)
(1.093963e-09 -0.0049176458 0)
(6.7059991e-10 -0.0035044741 0)
(1.1111972e-10 -0.0013992476 0)
(-1.2922155e-10 -0.0013992474 0)
(-1.0859058e-09 -0.0035044738 0)
(-1.1210253e-09 -0.0049176459 0)
(-7.0073582e-10 -0.0056293824 0)
(8.6302245e-10 -0.0056293824 0)
(1.2451722e-09 -0.0049176458 0)
(1.1293074e-09 -0.0035044738 0)
(1.3459545e-10 -0.0013992474 0)
(-2.5721626e-10 -0.001399247 0)
(-1.3545309e-09 -0.0035044736 0)
(-1.9117084e-09 -0.004917646 0)
(-5.1538124e-10 -0.0056293831 0)
(7.0483917e-10 -0.005629383 0)
(2.0398369e-09 -0.0049176459 0)
(1.4166496e-09 -0.0035044735 0)
(2.5702759e-10 -0.001399247 0)
(-3.0894025e-10 -0.0013992466 0)
(-2.1341804e-09 -0.003504473 0)
(-2.1663595e-09 -0.0049176463 0)
(-1.251408e-09 -0.0056293838 0)
(1.4613553e-09 -0.0056293837 0)
(2.3240605e-09 -0.0049176461 0)
(2.1943823e-09 -0.0035044729 0)
(3.1432973e-10 -0.0013992465 0)
(-5.5647896e-10 -0.0013992458 0)
(-2.5539253e-09 -0.0035044726 0)
(-3.3851764e-09 -0.0049176464 0)
(-9.2194974e-10 -0.0056293849 0)
(1.1581908e-09 -0.0056293847 0)
(3.5491975e-09 -0.0049176463 0)
(2.6309186e-09 -0.0035044724 0)
(5.5841931e-10 -0.0013992458 0)
(-6.1573704e-10 -0.001399245 0)
(-3.8107789e-09 -0.0035044716 0)
(-3.5006231e-09 -0.004917647 0)
(-2.0727552e-09 -0.005629386 0)
(2.3275307e-09 -0.005629386 0)
(3.690661e-09 -0.0049176468 0)
(3.8881117e-09 -0.0035044714 0)
(6.219586e-10 -0.0013992449 0)
(-1.1009951e-09 -0.0013992437 0)
(-4.0845986e-09 -0.003504471 0)
(-5.1922782e-09 -0.0049176473 0)
(-1.1188839e-09 -0.0056293878 0)
(1.3930542e-09 -0.0056293876 0)
(5.3861162e-09 -0.0049176471 0)
(4.1758532e-09 -0.0035044707 0)
(1.1055107e-09 -0.0013992436 0)
(-1.0437558e-09 -0.0013992423 0)
(-5.8348464e-09 -0.0035044696 0)
(-4.205973e-09 -0.0049176484 0)
(-2.8731118e-09 -0.0056293894 0)
(3.1556713e-09 -0.0056293893 0)
(4.4175253e-09 -0.004917648 0)
(5.9255249e-09 -0.0035044693 0)
(1.052196e-09 -0.0013992422 0)
(-1.9372718e-09 -0.0013992403 0)
(-4.9393117e-09 -0.0035044691 0)
(-5.912871e-09 -0.0049176488 0)
(-1.3961095e-10 -0.0056293915 0)
(4.2570484e-10 -0.0056293912 0)
(6.1177083e-09 -0.0049176485 0)
(5.0401846e-09 -0.0035044687 0)
(1.9445896e-09 -0.0013992401 0)
(-1.4304187e-09 -0.0013992386 0)
(-6.624303e-09 -0.0035044679 0)
(-1.3742792e-09 -0.0049176506 0)
(-2.4809381e-09 -0.0056293927 0)
(2.7540646e-09 -0.0056293926 0)
(1.5828589e-09 -0.0049176501 0)
(6.7184767e-09 -0.0035044675 0)
(1.4430005e-09 -0.0013992384 0)
(-2.9029727e-09 -0.0013992364 0)
(-2.0568577e-09 -0.0035044687 0)
(-1.3206865e-09 -0.0049176511 0)
(4.3619675e-09 -0.0056293935 0)
(-4.111338e-09 -0.0056293932 0)
(1.5017319e-09 -0.0049176508 0)
(2.1573365e-09 -0.0035044682 0)
(2.9127566e-09 -0.0013992362 0)
(-1.2627075e-09 -0.0013992354 0)
(-1.7246016e-09 -0.0035044695 0)
(1.1811078e-08 -0.0049176534 0)
(2.134787e-09 -0.0056293915 0)
(-1.9303096e-09 -0.0056293914 0)
(-1.1644894e-08 -0.0049176528 0)
(1.8053182e-09 -0.0035044691 0)
(1.2814468e-09 -0.0013992352 0)
(-3.3264935e-09 -0.0013992349 0)
(1.1399722e-08 -0.0035044746 0)
(1.7985802e-08 -0.0049176537 0)
(1.7036897e-08 -0.0056293866 0)
(-1.68888e-08 -0.0056293863 0)
(-1.7878105e-08 -0.0049176533 0)
(-1.1315365e-08 -0.0035044739 0)
(3.3371999e-09 -0.0013992347 0)
(5.690518e-10 -0.001399238 0)
(1.820843e-08 -0.003504482 0)
(4.8271982e-08 -0.0049176556 0)
(1.7072117e-08 -0.0056293744 0)
(-1.7011321e-08 -0.0056293743 0)
(-4.8198343e-08 -0.004917655 0)
(-1.8164746e-08 -0.0035044815 0)
(-5.4318955e-10 -0.0013992376 0)
(-1.6573504e-09 -0.0013992442 0)
(4.7647853e-08 -0.0035044976 0)
(6.8766796e-08 -0.0049176544 0)
(4.5539211e-08 -0.0056293537 0)
(-4.5569246e-08 -0.0056293534 0)
(-6.8789114e-08 -0.004917654 0)
(-4.7600422e-08 -0.003504497 0)
(1.6650954e-09 -0.0013992439 0)
(5.9474157e-09 -0.001399258 0)
(6.8681965e-08 -0.0035045207 0)
(1.2798148e-07 -0.0049176537 0)
(5.2136327e-08 -0.0056293178 0)
(-5.2293772e-08 -0.0056293177 0)
(-1.2805115e-07 -0.0049176531 0)
(-6.8703716e-08 -0.0035045202 0)
(-5.9165835e-09 -0.0013992577 0)
(4.7219115e-09 -0.0013992806 0)
(1.2413924e-07 -0.0035045583 0)
(1.7477043e-07 -0.0049176485 0)
(1.0005146e-07 -0.005629263 0)
(-1.0032328e-07 -0.0056292628 0)
(-1.7497338e-07 -0.004917648 0)
(-1.241538e-07 -0.0035045577 0)
(-4.7248019e-09 -0.0013992803 0)
(1.7402512e-08 -0.0013993174 0)
(1.6955213e-07 -0.0035046117 0)
(2.7491777e-07 -0.0049176409 0)
(1.1941068e-07 -0.0056291808 0)
(-1.198364e-07 -0.0056291807 0)
(-2.7516903e-07 -0.0049176404 0)
(-1.6967047e-07 -0.0035046112 0)
(-1.7374487e-08 -0.0013993171 0)
(1.9081445e-08 -0.0013993715 0)
(2.5923158e-07 -0.003504688 0)
(3.6034922e-07 -0.0049176269 0)
(1.9034183e-07 -0.0056290647 0)
(-1.9088283e-07 -0.0056290645 0)
(-3.6076314e-07 -0.0049176266 0)
(-2.5933721e-07 -0.0035046875 0)
(-1.9107285e-08 -0.0013993713 0)
(3.739438e-08 -0.0013994486 0)
(3.3738857e-07 -0.0035047913 0)
(5.0697961e-07 -0.0049176063 0)
(2.2811187e-07 -0.0056289055 0)
(-2.2880875e-07 -0.0056289054 0)
(-5.0742673e-07 -0.004917606 0)
(-3.3763437e-07 -0.003504791 0)
(-3.7383482e-08 -0.0013994484 0)
(4.3947317e-08 -0.0013995535 0)
(4.6160605e-07 -0.0035049265 0)
(6.3537189e-07 -0.0049175772 0)
(3.1933076e-07 -0.0056286951 0)
(-3.2011528e-07 -0.005628695 0)
(-6.359961e-07 -0.004917577 0)
(-4.6183209e-07 -0.0035049263 0)
(-4.4010445e-08 -0.0013995534 0)
(6.6825759e-08 -0.0013996898 0)
(5.7083981e-07 -0.0035050995 0)
(8.1763512e-07 -0.0049175362 0)
(3.7523849e-07 -0.005628427 0)
(-3.7615419e-07 -0.005628427 0)
(-8.1826232e-07 -0.0049175362 0)
(-5.7123349e-07 -0.0035050994 0)
(-6.684747e-08 -0.0013996898 0)
(7.8849749e-08 -0.0013998628 0)
(7.1378523e-07 -0.0035053101 0)
(9.7249279e-07 -0.0049174853 0)
(4.7346139e-07 -0.005628095 0)
(-4.7442004e-07 -0.0056280951 0)
(-9.7329367e-07 -0.0049174853 0)
(-7.141444e-07 -0.0035053102 0)
(-7.8955178e-08 -0.0013998629 0)
(1.0314921e-07 -0.0014000708 0)
(8.3173485e-07 -0.0035055627 0)
(1.1525442e-06 -0.0049174188 0)
(5.3407638e-07 -0.0056277004 0)
(-5.3513916e-07 -0.0056277005 0)
(-1.1533138e-06 -0.0049174191 0)
(-8.3226122e-07 -0.003505563 0)
(-1.0320317e-07 -0.001400071 0)
(1.1788615e-07 -0.0014003144 0)
(9.5355307e-07 -0.003505847 0)
(1.2832274e-06 -0.004917344 0)
(6.1224e-07 -0.0056272488 0)
(-6.1331577e-07 -0.0056272491 0)
(-1.2841535e-06 -0.0049173444 0)
(-9.5401281e-07 -0.0035058476 0)
(-1.1801269e-07 -0.0014003146 0)
(1.3674089e-07 -0.0014005846 0)
(1.0273531e-06 -0.0035061601 0)
(1.38606e-06 -0.0049172532 0)
(6.434426e-07 -0.0056267546 0)
(-6.4459203e-07 -0.0056267548 0)
(-1.3869225e-06 -0.004917254 0)
(-1.0279553e-06 -0.0035061608 0)
(-1.3681184e-07 -0.001400585 0)
(1.4921832e-07 -0.0014008853 0)
(1.0601439e-06 -0.003506484 0)
(1.3930474e-06 -0.0049171548 0)
(6.5490905e-07 -0.0056262319 0)
(-6.5603614e-07 -0.0056262323 0)
(-1.3940298e-06 -0.0049171557 0)
(-1.0606613e-06 -0.0035064851 0)
(-1.4936154e-07 -0.0014008859 0)
(1.8721564e-07 -0.0014012343 0)
(1.0141883e-06 -0.0035068777 0)
(1.3041641e-06 -0.0049170323 0)
(5.9743728e-07 -0.005625586 0)
(-5.9859508e-07 -0.0056255864 0)
(-1.3050444e-06 -0.0049170333 0)
(-1.0148028e-06 -0.0035068789 0)
(-1.8732745e-07 -0.001401235 0)
)
;

boundaryField
{
    left
    {
        type            uniformFixedValue;
        uniformValue    sine;
        uniformValueCoeffs
        {
            t0              0;
            amplitude       constant 0.0125;
            frequency       constant 1;
            scale           constant (0 1 0);
            level           constant (0 0 0);
        }
        value           uniform (0 -0.0038627124 0);
    }
    right
    {
        type            zeroGradient;
    }
    walls
    {
        type            fixedValue;
        value           uniform (0 0 0);
    }
    frontAndBack
    {
        type            empty;
    }
}


// ************************************************************************* //
