/*--------------------------------*- C++ -*----------------------------------*\
| =========                 |                                                 |
| \\      /  F ield         | OpenFOAM: The Open Source CFD Toolbox           |
|  \\    /   O peration     | Version:  5.x                                   |
|   \\  /    A nd           | Web:      www.OpenFOAM.org                      |
|    \\/     M anipulation  |                                                 |
\*---------------------------------------------------------------------------*/
FoamFile
{
    version     2.0;
    format      ascii;
    class       surfaceScalarField;
    location    "10";
    object      phi;
}
// * * * * * * * * * * * * * * * * * * * * * * * * * * * * * * * * * * * * * //

dimensions      [0 3 -1 0 0 0 0];

internalField   nonuniform List<scalar> 
3592
(
-8.1607252e-10
8.1607252e-10
-1.8785218e-09
1.0624548e-09
-1.6435203e-09
-2.3499598e-10
1.0348633e-12
-1.6445502e-09
1.6445558e-09
-1.643516e-09
1.879563e-09
-2.3500212e-10
8.1607679e-10
1.0634915e-09
8.1608213e-10
-1.3179802e-09
2.1340589e-09
-3.7653982e-09
3.5098844e-09
-3.4727886e-09
-5.2759419e-10
1.6959122e-12
-5.1190237e-09
3.4771093e-09
-5.1189184e-09
3.766957e-09
-5.2483834e-10
1.3188496e-09
3.5116103e-09
2.134938e-09
-2.1289419e-09
4.2630079e-09
-5.3047142e-09
6.6856684e-09
-4.7587782e-09
-1.0735191e-09
3.2599222e-12
-9.881051e-09
4.7631748e-09
-9.8788221e-09
5.3082359e-09
-1.0698881e-09
2.1297584e-09
6.6900991e-09
4.2647019e-09
-2.7647436e-09
7.0277581e-09
-6.3639863e-09
1.0284922e-08
-5.605372e-09
-1.8321224e-09
2.9679835e-12
-1.548938e-08
5.6115414e-09
-1.5487385e-08
6.3671306e-09
-1.8254661e-09
2.7660123e-09
1.0291228e-08
7.0307198e-09
-3.0878778e-09
1.0115642e-08
-6.9682141e-09
1.4165269e-08
-6.0473772e-09
-2.7529492e-09
3.359842e-12
-2.1540108e-08
6.0524208e-09
-2.1536436e-08
6.9719055e-09
-2.7449404e-09
3.0890131e-09
1.4174131e-08
1.0119738e-08
-3.2182594e-09
1.3333908e-08
-7.103641e-09
1.8050662e-08
-6.1539112e-09
-3.7026682e-09
2.4461416e-12
-2.7696455e-08
6.1586834e-09
-2.7692663e-08
7.1063743e-09
-3.6926203e-09
3.2192694e-09
1.8061247e-08
1.3339013e-08
-3.1042549e-09
1.6438168e-08
-6.9008877e-09
2.1847305e-08
-5.9472776e-09
-4.6562682e-09
1.8204763e-12
-3.3645543e-08
5.9502647e-09
-3.3641097e-08
6.9029063e-09
-4.6452517e-09
3.1050016e-09
2.1859161e-08
1.644402e-08
-2.897813e-09
1.9335988e-08
-6.3864017e-09
2.5335905e-08
-5.5250502e-09
-5.5176088e-09
7.9875834e-13
-3.9171381e-08
5.5263735e-09
-3.9166661e-08
6.3873761e-09
-5.5062433e-09
2.8980955e-09
2.5348453e-08
1.9342121e-08
-2.5518256e-09
2.1887819e-08
-5.7093899e-09
2.849348e-08
-4.9329574e-09
-6.2940314e-09
-3.2458577e-13
-4.4104005e-08
4.9327466e-09
-4.4099723e-08
5.7090335e-09
-6.2825201e-09
2.551857e-09
2.8505639e-08
2.1893983e-08
-2.1949154e-09
2.4082741e-08
-4.9019779e-09
3.1200553e-08
-4.265528e-09
-6.9304702e-09
-1.0252892e-12
-4.8368497e-08
4.2632412e-09
-4.8363979e-08
4.9009691e-09
-6.9202369e-09
2.19445e-09
3.1212169e-08
2.4088439e-08
-1.7924107e-09
2.5875157e-08
-4.0806441e-09
3.3488797e-08
-3.5573666e-09
-7.4537379e-09
-2.1342447e-12
-5.192372e-08
3.5543128e-09
-5.1920416e-08
4.0783128e-09
-7.4442271e-09
1.7918141e-09
3.3498677e-08
2.5880258e-08
-1.4293826e-09
2.7304546e-08
-3.2684019e-09
3.5327828e-08
-2.8754558e-09
-7.8466729e-09
-2.3830661e-12
-5.4796782e-08
2.8706325e-09
-5.4793421e-08
3.2659418e-09
-7.8395254e-09
1.4284219e-09
3.5336208e-08
2.7308685e-08
-1.0823447e-09
2.8386897e-08
-2.5337267e-09
3.677922e-08
-2.2411794e-09
-8.1392106e-09
-3.2256269e-12
-5.7034727e-08
2.2363096e-09
-5.7032947e-08
2.5302552e-09
-8.1334614e-09
1.0813778e-09
3.6785095e-08
2.8390068e-08
-7.9320751e-10
2.9180111e-08
-1.8851628e-09
3.7871187e-08
-1.6879315e-09
-8.3364307e-09
-3.161337e-12
-5.8719486e-08
1.6818028e-09
-5.87179e-08
1.8818999e-09
-8.3335473e-09
7.9202009e-10
3.7874985e-08
2.9182093e-08
-5.4895802e-10
2.9729074e-08
-1.3474348e-09
3.8669673e-08
-1.2206514e-09
-8.4632047e-09
-3.7416463e-12
-5.9936387e-08
1.2148113e-09
-5.9936444e-08
1.3434695e-09
-8.4621961e-09
5.4782115e-10
3.8670643e-08
2.9729919e-08
-3.5880056e-10
3.0087882e-08
-9.1602082e-10
3.9226905e-08
-8.4560166e-10
-8.5336126e-09
-3.5945616e-12
-6.0778383e-08
8.3888655e-10
-6.0778915e-08
9.1232353e-10
-8.535622e-09
3.57522e-10
3.9225455e-08
3.0087447e-08
-2.1650092e-10
3.0304388e-08
-5.8622862e-10
3.9596643e-08
-5.5571556e-10
-8.5641166e-09
-3.9798642e-12
-6.133011e-08
5.4928018e-10
-6.1332166e-08
5.8202868e-10
-8.5683613e-09
2.1526641e-10
3.9592227e-08
3.0302718e-08
-1.1310119e-10
3.0417496e-08
-3.4654292e-10
3.9830096e-08
-3.4164495e-10
-8.5690033e-09
-3.8714256e-12
-6.1667873e-08
3.3461944e-10
-6.1670646e-08
3.4253581e-10
-8.5762665e-09
1.1175718e-10
3.9823016e-08
3.0414481e-08
-4.6994485e-11
3.0464495e-08
-1.79261e-10
3.9962372e-08
-1.9168694e-10
-8.5565684e-09
-4.1230562e-12
-6.1855428e-08
1.84846e-10
-6.1859606e-08
1.7491946e-10
-8.5663311e-09
4.5680936e-11
3.9952263e-08
3.0460166e-08
-2.7465918e-12
3.0467249e-08
-7.2532414e-11
4.0032169e-08
-9.1581865e-11
-8.5375077e-09
-4.0256074e-12
-6.1942974e-08
8.4434695e-11
-6.1948056e-08
6.8335459e-11
-8.5502206e-09
1.3553583e-12
4.0019254e-08
3.0461527e-08
1.7731863e-11
3.0449522e-08
-7.2240568e-12
4.0057135e-08
-3.0656775e-11
-8.5140663e-09
-4.076872e-12
-6.1969545e-08
2.3750653e-11
-6.1975875e-08
2.9085917e-12
-8.5293699e-09
-1.9069451e-11
4.0041241e-08
3.0442462e-08
2.977027e-11
3.0419758e-08
2.4733468e-11
4.0062183e-08
3.7606489e-12
-8.4930821e-09
-3.8837787e-12
-6.196189e-08
-1.0568845e-11
-6.1969179e-08
-2.8815294e-11
-8.5111122e-09
-3.1122066e-11
4.0043558e-08
3.0411346e-08
2.8713154e-11
3.039105e-08
3.8521753e-11
4.0052383e-08
1.8608075e-11
-8.47316e-09
-3.6943856e-12
-6.1939579e-08
-2.4935603e-11
-6.194793e-08
-4.2440197e-11
-8.4935991e-09
-2.9944173e-11
4.0031071e-08
3.0381406e-08
2.74768e-11
3.036358e-08
3.7394764e-11
4.0042477e-08
2.2775085e-11
-8.458529e-09
-3.3241676e-12
-6.1913469e-08
-2.8553655e-11
-6.192269e-08
-4.0897711e-11
-8.4812439e-09
-2.8638502e-11
4.0018822e-08
3.0352773e-08
1.945918e-11
3.0344126e-08
3.1764025e-11
4.0030181e-08
1.9326299e-11
-8.446083e-09
-2.8798383e-12
-6.1891255e-08
-2.4301309e-11
-6.190126e-08
-3.4822896e-11
-8.470714e-09
-2.0417984e-11
4.0004426e-08
3.0332359e-08
1.523507e-11
3.0328897e-08
2.0982475e-11
4.0024445e-08
1.3691882e-11
-8.438781e-09
-2.3426242e-12
-6.187521e-08
-1.7729474e-11
-6.1885862e-08
-2.3438036e-11
-8.4649942e-09
-1.6050075e-11
3.9997048e-08
3.0316315e-08
7.0445483e-12
3.0321857e-08
1.1953776e-11
4.0019545e-08
6.1491211e-12
-8.4329683e-09
-1.7231551e-12
-6.186733e-08
-9.1455314e-12
-6.1878432e-08
-1.3770443e-11
-8.4603612e-09
-7.5951639e-12
3.9990881e-08
3.0308724e-08
3.9716771e-12
3.0317892e-08
1.6472824e-12
4.0021881e-08
-8.2759362e-14
-8.4312269e-09
-1.0968319e-12
-6.1866305e-08
-1.7680258e-12
-6.187775e-08
-2.7618925e-12
-8.4593561e-09
-4.3414108e-12
3.9992471e-08
3.0304388e-08
-2.2855234e-12
3.0320183e-08
-4.95731e-12
4.0024561e-08
-6.2818193e-12
-8.4298946e-09
-4.1935997e-13
-6.187216e-08
5.5318911e-12
-6.1883694e-08
4.5428287e-12
-8.4583591e-09
2.1993746e-12
3.9994823e-08
3.0306591e-08
-3.3454633e-12
3.0323535e-08
-1.2016705e-11
4.0033244e-08
-1.03077e-11
-8.4315922e-09
1.8563922e-13
-6.1882642e-08
1.0696534e-11
-6.1894194e-08
1.2280076e-11
-8.4599314e-09
3.4311283e-12
4.0003682e-08
3.0310028e-08
-7.6787663e-12
3.0331218e-08
-1.5334942e-11
4.0040908e-08
-1.4106065e-11
-8.4328134e-09
8.0375249e-13
-6.1897545e-08
1.5466769e-11
-6.1908849e-08
1.622965e-11
-8.4606866e-09
8.0241516e-12
4.0011896e-08
3.0318056e-08
-7.1301594e-12
3.0338355e-08
-1.9440345e-11
4.005323e-08
-1.5907995e-11
-8.4363343e-09
1.2909838e-12
-6.1914733e-08
1.8220965e-11
-6.1925769e-08
2.0883146e-11
-8.4633375e-09
7.6007888e-12
4.0025189e-08
3.0325662e-08
-1.0164823e-11
3.0348524e-08
-2.0320754e-11
4.0063394e-08
-1.7844531e-11
-8.4388031e-09
1.7670285e-12
-6.1934337e-08
2.0865087e-11
-6.1944859e-08
2.2236064e-11
-8.464701e-09
1.0841628e-11
4.0036591e-08
3.0336508e-08
-8.6445645e-12
3.0357175e-08
-2.2532033e-11
4.0077293e-08
-1.8187847e-11
-8.4431359e-09
2.0808496e-12
-6.1954595e-08
2.1870958e-11
-6.1964639e-08
2.4805946e-11
-8.4676248e-09
9.3799801e-12
4.0052027e-08
3.0345893e-08
-1.0973294e-11
3.0368153e-08
-2.2017336e-11
4.0088345e-08
-1.9056767e-11
-8.4460893e-09
2.3791605e-12
-6.1976024e-08
2.3126719e-11
-6.1985379e-08
2.4567873e-11
-8.4690586e-09
1.1849878e-11
4.0064753e-08
3.0357747e-08
-8.9742974e-12
3.0377134e-08
-2.3251474e-11
4.0102633e-08
-1.8658977e-11
-8.4506703e-09
2.5082865e-12
-6.199718e-08
2.3078938e-11
-6.2005939e-08
2.5960879e-11
-8.4719293e-09
9.8405151e-12
4.0080884e-08
3.0367593e-08
-1.0985548e-11
3.0388124e-08
-2.2090161e-11
4.0113746e-08
-1.9050426e-11
-8.453703e-09
2.6344278e-12
-6.2018858e-08
2.3550307e-11
-6.2026848e-08
2.4888931e-11
-8.4732608e-09
1.1931989e-11
4.0093848e-08
3.0379529e-08
-8.8002055e-12
3.0396931e-08
-2.2919671e-11
4.0127877e-08
-1.8369101e-11
-8.4582422e-09
2.6013961e-12
-6.2039818e-08
2.2943925e-11
-6.204718e-08
2.5704239e-11
-8.4760099e-09
9.6776252e-12
4.0109885e-08
3.0389212e-08
-1.0699552e-11
3.0407634e-08
-2.1532136e-11
4.0138717e-08
-1.8613832e-11
-8.4611537e-09
2.5877669e-12
-6.2061013e-08
2.302103e-11
-6.2067606e-08
2.4256311e-11
-8.4772383e-09
1.1609774e-11
4.0122539e-08
3.0400825e-08
-8.4709638e-12
3.0416112e-08
-2.2246242e-11
4.0152504e-08
-1.7877303e-11
-8.4655112e-09
2.4335537e-12
-6.2081313e-08
2.2154533e-11
-6.2087316e-08
2.4829196e-11
-8.4799017e-09
9.270072e-12
4.0138108e-08
3.0410101e-08
-1.0347421e-11
3.0426463e-08
-2.0824771e-11
4.0162988e-08
-1.8119427e-11
-8.46821e-09
2.3240491e-12
-6.210175e-08
2.2059874e-11
-6.2107046e-08
2.324666e-11
-8.4810818e-09
1.1148841e-11
4.0150213e-08
3.0421253e-08
-8.1320178e-12
3.0434602e-08
-2.15395e-11
4.0176407e-08
-1.7412264e-11
-8.4723258e-09
2.0943159e-12
-6.2121246e-08
2.1096314e-11
-6.2126037e-08
2.3743313e-11
-8.4837176e-09
8.7976808e-12
4.0165169e-08
3.0430056e-08
-1.0013808e-11
3.0444619e-08
-2.0149958e-11
4.0186551e-08
-1.7691826e-11
-8.4747775e-09
1.9325123e-12
-6.2140864e-08
2.0946947e-11
-6.2145045e-08
2.2139768e-11
-8.484904e-09
1.0667247e-11
4.0176649e-08
3.0440727e-08
-7.8260755e-12
3.0452452e-08
-2.0894313e-11
4.019963e-08
-1.7026467e-11
-8.478634e-09
1.6683169e-12
-6.2159548e-08
1.9969267e-11
-6.2163335e-08
2.2633464e-11
-8.4875569e-09
8.3341105e-12
4.0190958e-08
3.0449066e-08
-9.7151436e-12
3.0462171e-08
-1.9544668e-11
4.0209467e-08
-1.7337264e-11
-8.4808352e-09
1.4905212e-12
-6.217837e-08
1.9822736e-11
-6.2181661e-08
2.1055914e-11
-8.4887839e-09
1.0209056e-11
4.0201812e-08
3.0459279e-08
-7.553041e-12
3.0469731e-08
-2.0312317e-11
4.0222237e-08
-1.6698416e-11
-8.4844377e-09
1.2236775e-12
-6.2196281e-08
1.8870078e-11
-6.2199297e-08
2.1573939e-11
-8.4914765e-09
7.902986e-12
4.0215493e-08
3.0467187e-08
-9.4428246e-12
3.0479177e-08
-1.8990243e-11
4.0231792e-08
-1.7020282e-11
-8.4864017e-09
1.0561713e-12
-6.2214352e-08
1.8752129e-11
-6.2216987e-08
2.0037733e-11
-8.4927561e-09
9.7853499e-12
4.0225752e-08
3.0476976e-08
-7.3000033e-12
3.0486484e-08
-1.9765479e-11
4.0244268e-08
-1.6387538e-11
-8.4897683e-09
8.0814801e-13
-6.2231536e-08
1.7840569e-11
-6.2234009e-08
2.0586489e-11
-8.4954908e-09
7.5070473e-12
4.0238842e-08
3.0484488e-08
-9.1831561e-12
3.049567e-08
-1.8455763e-11
4.0253547e-08
-1.6701188e-11
-8.4915171e-09
6.6728278e-13
-6.2248899e-08
1.7760356e-11
-6.2251096e-08
1.909314e-11
-8.4968177e-09
9.3943528e-12
4.0248547e-08
3.0493886e-08
-7.0538342e-12
3.0502731e-08
-1.922435e-11
4.0265729e-08
-1.605828e-11
-8.4946718e-09
4.5024516e-13
-6.2265397e-08
1.6894012e-11
-6.2267529e-08
1.967039e-11
-8.499583e-09
7.1416583e-12
4.0261086e-08
3.0501033e-08
-8.9248462e-12
3.0511659e-08
-1.7915321e-11
4.0274726e-08
-1.6350411e-11
-8.4962312e-09
3.4406494e-13
-6.2282086e-08
1.6852151e-11
-6.2284032e-08
1.8215995e-11
-8.5009412e-09
9.0303196e-12
4.0270278e-08
3.0510066e-08
-6.8051763e-12
3.0518471e-08
-1.8667744e-11
4.02866e-08
-1.5687557e-11
-8.4992e-09
1.6289154e-13
-6.2297926e-08
1.6029072e-11
-6.2299887e-08
1.8816478e-11
-8.5037175e-09
6.800465e-12
4.0282304e-08
3.0516872e-08
-8.6607712e-12
3.0527135e-08
-1.7352567e-11
4.0295298e-08
-1.5951316e-11
-8.500596e-09
9.3300676e-14
-6.2313965e-08
1.6021968e-11
-6.2315811e-08
1.7395497e-11
-8.5050856e-09
8.6870822e-12
4.0291018e-08
3.0525562e-08
-6.5487893e-12
3.053369e-08
-1.8084033e-11
4.0306844e-08
-1.5264594e-11
-8.5034041e-09
-5.2210334e-14
-6.2329167e-08
1.5237353e-11
-6.2331089e-08
1.8013404e-11
-8.5078505e-09
6.4775139e-12
4.0302564e-08
3.0532045e-08
-8.3875369e-12
3.0542081e-08
-1.6760017e-11
4.0315223e-08
-1.5498285e-11
-8.5046607e-09
-8.7338655e-14
-6.2344573e-08
1.5259611e-11
-6.2346431e-08
1.66203e-11
-8.509206e-09
8.3592914e-12
4.0310831e-08
3.0540407e-08
-6.2826815e-12
3.054837e-08
-1.7469371e-11
4.032642e-08
-1.4788053e-11
-8.5073308e-09
-2.0051025e-13
-6.235915e-08
1.450763e-11
-6.2361129e-08
1.7250333e-11
-8.5119377e-09
6.1679174e-12
4.0321923e-08
3.054658e-08
-8.1044509e-12
3.0556477e-08
-1.6136758e-11
4.0334459e-08
-1.499348e-11
-8.5084692e-09
-2.0558378e-13
-6.2373933e-08
1.4553448e-11
-6.2375883e-08
1.5880259e-11
-8.5132595e-09
8.0427449e-12
4.0329766e-08
3.0554625e-08
-6.0070557e-12
3.0562491e-08
-1.6825268e-11
4.0345288e-08
-1.4262779e-11
-8.5110204e-09
-2.9132858e-13
-6.2387894e-08
1.3828301e-11
-6.2389992e-08
1.6518047e-11
-8.5159382e-09
5.8679646e-12
4.0340427e-08
3.0560499e-08
-7.8125384e-12
3.0570306e-08
-1.5486114e-11
4.0352967e-08
-1.4443785e-11
-8.5120581e-09
-2.717352e-13
-6.2402061e-08
1.3892267e-11
-6.2404151e-08
1.5167096e-11
-8.5172082e-09
7.7343784e-12
4.0347865e-08
3.0568236e-08
-5.7234297e-12
3.0576036e-08
-1.6156462e-11
4.0363411e-08
-1.3697067e-11
-8.5145063e-09
-3.3547333e-13
-6.2415412e-08
1.3188768e-11
-6.2417665e-08
1.5809319e-11
-8.5198179e-09
5.5750359e-12
4.0358109e-08
3.0573816e-08
-7.5137858e-12
3.0583553e-08
-1.481377e-11
4.0370716e-08
-1.3858446e-11
-8.5154572e-09
-2.96707e-13
-6.2428969e-08
1.326627e-11
-6.2431224e-08
1.447456e-11
-8.5210216e-09
7.4321384e-12
4.0365156e-08
3.058125e-08
-5.4340008e-12
3.0588993e-08
-1.5469327e-11
4.0380763e-08
-1.3100669e-11
-8.5178147e-09
-3.4367763e-13
-6.2441716e-08
1.2580124e-11
-6.2444137e-08
1.5118911e-11
-8.5235494e-09
5.2874502e-12
4.0374998e-08
3.0586543e-08
-7.2106183e-12
3.0596206e-08
-1.4126453e-11
4.0387684e-08
-1.3247432e-11
-8.5186895e-09
-2.9081474e-13
-6.2454668e-08
1.2667514e-11
-6.2457091e-08
1.3798314e-11
-8.5246759e-09
7.1348168e-12
4.0381666e-08
3.059368e-08
-5.1412243e-12
3.0601354e-08
-1.477079e-11
4.0397324e-08
-1.2483485e-11
-8.5209657e-09
-3.256921e-13
-6.2466815e-08
1.1995391e-11
-6.2469401e-08
1.4443385e-11
-8.527113e-09
5.0042931e-12
4.0391115e-08
3.059869e-08
-6.9055656e-12
3.0608262e-08
-1.3431064e-11
4.0403854e-08
-1.2620414e-11
-8.5217723e-09
-2.6312574e-13
-6.2479169e-08
1.2089985e-11
-6.2481751e-08
1.313569e-11
-8.5281546e-09
6.8418782e-12
4.0397414e-08
3.0605534e-08
-4.8475521e-12
3.0613116e-08
-1.4067656e-11
4.0413085e-08
-1.1854786e-11
-8.5239741e-09
-2.898501e-13
-6.2490723e-08
1.1429466e-11
-6.2493459e-08
1.3780821e-11
-8.5304951e-09
4.7252461e-12
4.0406479e-08
3.0610265e-08
-6.6010605e-12
3.0619719e-08
-1.2734164e-11
4.0419223e-08
-1.1986197e-11
-8.5247183e-09
-2.2119983e-13
-6.2502484e-08
1.1529451e-11
-6.2505206e-08
1.2485382e-11
-8.5314471e-09
6.5532936e-12
4.0412416e-08
3.061682e-08
-4.555281e-12
3.0624281e-08
-1.3366221e-11
4.0428045e-08
-1.1222814e-11
-8.5268507e-09
-2.4294771e-13
-6.2513454e-08
1.0878905e-11
-6.2516318e-08
1.3130491e-11
-8.533688e-09
4.4504267e-12
4.0421106e-08
3.0621276e-08
-6.2993275e-12
3.0630583e-08
-1.2041685e-11
4.0433792e-08
-1.1352446e-11
-8.5275364e-09
-1.7107733e-13
-6.2524632e-08
1.0983194e-11
-6.2527468e-08
1.1847121e-11
-8.5345482e-09
6.26939e-12
4.0426688e-08
3.0627547e-08
-4.2664725e-12
3.0634855e-08
-1.2672067e-11
4.0442208e-08
-1.0594616e-11
-8.5296029e-09
-1.9031198e-13
-6.2535026e-08
1.034163e-11
-6.253799e-08
1.249255e-11
-8.5366885e-09
4.1802485e-12
4.043501e-08
3.0631732e-08
-6.0023269e-12
3.064086e-08
-1.1358801e-11
4.0447569e-08
-1.0725613e-11
-8.5302327e-09
-1.1740438e-13
-6.2545631e-08
1.0449702e-11
-6.2548554e-08
1.1221374e-11
-8.5374566e-09
5.9907218e-12
4.0440244e-08
3.0637725e-08
-3.982916e-12
3.0644849e-08
-1.1989984e-11
4.0455586e-08
-9.9760372e-12
-8.5322358e-09
-1.359658e-13
-6.255546e-08
9.8166144e-12
-6.2558496e-08
1.1867745e-11
-8.5394971e-09
3.9153027e-12
4.0448206e-08
3.0641645e-08
-5.7117338e-12
3.0650563e-08
-1.0689887e-11
4.0460568e-08
-1.0110973e-11
-8.5328116e-09
-6.3623081e-14
-6.2565505e-08
9.9283691e-12
-6.2568485e-08
1.0609081e-11
-8.5401745e-09
5.7179648e-12
4.0453101e-08
3.0647365e-08
-3.7061194e-12
3.0654275e-08
-1.1323969e-11
4.0468197e-08
-9.3717864e-12
-8.534753e-09
-8.2830624e-14
-6.2574783e-08
9.3035968e-12
-6.2577861e-08
1.125718e-11
-8.5421176e-09
3.6562648e-12
4.0460712e-08
3.0651027e-08
-5.4289382e-12
3.0659706e-08
-1.0038539e-11
4.047281e-08
-9.512712e-12
-8.5352759e-09
-1.2177417e-14
-6.2584281e-08
9.4192205e-12
-6.2587289e-08
1.0011435e-11
-8.5427067e-09
5.4518335e-12
4.0465275e-08
3.065648e-08
-3.4373163e-12
3.0663149e-08
-1.0677249e-11
4.0480061e-08
-8.7855436e-12
-8.5371568e-09
-3.2930094e-14
-6.2593023e-08
8.8028301e-12
-6.2596115e-08
1.0662119e-11
-8.5445556e-09
3.4038211e-12
4.0472543e-08
3.0659889e-08
-5.1550569e-12
3.0668306e-08
-9.4076138e-12
4.0484317e-08
-8.9340471e-12
-8.5376277e-09
3.5289241e-14
-6.260199e-08
8.9226876e-12
-6.2605e-08
9.4297187e-12
-8.5450597e-09
5.1930192e-12
4.0476783e-08
3.0665083e-08
-3.1774805e-12
3.067149e-08
-1.0052347e-11
4.0491202e-08
-8.2200807e-12
-8.5394493e-09
1.2422969e-14
-6.2610212e-08
8.3148771e-12
-6.2613292e-08
1.0083845e-11
-8.5468183e-09
3.1586177e-12
4.0483718e-08
3.0668247e-08
-4.8909522e-12
3.0676382e-08
-8.7992985e-12
4.0495114e-08
-8.3773458e-12
-8.5398687e-09
7.7760429e-14
-6.2618665e-08
8.439426e-12
-6.2621651e-08
8.8651719e-12
-8.5472413e-09
4.9421486e-12
4.0487644e-08
3.0673191e-08
-2.9273466e-12
3.0679316e-08
-9.4511425e-12
4.0501648e-08
-7.6773821e-12
-8.5416319e-09
5.2465152e-14
-6.2626385e-08
7.8404527e-12
-6.2629429e-08
9.5235467e-12
-8.5489142e-09
2.9212246e-12
4.0494256e-08
3.0676117e-08
-4.6372534e-12
3.0683955e-08
-8.215173e-12
4.0505229e-08
-7.8442455e-12
-8.5420005e-09
1.1469821e-13
-6.2634341e-08
7.9701795e-12
-6.2637282e-08
8.31891e-12
-8.5492604e-09
4.6997551e-12
4.0497878e-08
3.0680818e-08
-2.6874319e-12
3.0686648e-08
-8.8749416e-12
4.0511427e-08
-7.1587602e-12
-8.5437062e-09
8.6848828e-14
-6.2641577e-08
7.380307e-12
-6.2644566e-08
8.9822558e-12
-8.5508521e-09
2.6921144e-12
4.0504177e-08
3.0683515e-08
-4.3943809e-12
3.0691044e-08
-7.6562828e-12
4.0514692e-08
-7.3357636e-12
-8.5440246e-09
1.4592243e-13
-6.2649056e-08
7.5156811e-12
-6.2651933e-08
7.7918648e-12
-8.551126e-09
4.4662633e-12
4.0507506e-08
3.0687983e-08
-2.4580608e-12
3.0693508e-08
-8.3245479e-12
4.0520568e-08
-6.6649588e-12
-8.5456737e-09
1.1553234e-13
-6.2655827e-08
6.9351417e-12
-6.2658743e-08
8.4607998e-12
-8.5526415e-09
2.471651e-12
4.0513504e-08
3.0690459e-08
-4.1625702e-12
3.0697672e-08
-7.1232055e-12
4.0523532e-08
-6.8523968e-12
-8.5459426e-09
1.7151265e-13
-6.2662849e-08
7.0765834e-12
-6.2665646e-08
7.2847542e-12
-8.5528476e-09
4.2419836e-12
4.051655e-08
3.0694702e-08
-2.2393874e-12
3.0699917e-08
-7.8003288e-12
4.0529102e-08
-6.1962479e-12
-8.5475364e-09
1.3869279e-13
-6.2669174e-08
6.5055548e-12
-6.2672003e-08
7.9597811e-12
-8.5542918e-09
2.2600868e-12
4.0522258e-08
3.0696967e-08
-3.9418952e-12
3.070386e-08
-6.6161161e-12
4.0531779e-08
-6.3942096e-12
-8.5477566e-09
1.9173022e-13
-6.2675758e-08
6.6534158e-12
-6.2678463e-08
6.798068e-12
-8.5544345e-09
4.0271113e-12
4.0525032e-08
3.0700995e-08
-2.0314188e-12
3.0705898e-08
-7.3022788e-12
4.053706e-08
-5.7525071e-12
-8.549296e-09
1.5665733e-13
-6.2681658e-08
6.0920062e-12
-6.2684389e-08
7.4795719e-12
-8.5558121e-09
2.0575642e-12
4.0530463e-08
3.0703058e-08
-3.7322911e-12
3.0709631e-08
-6.1348495e-12
4.0539465e-08
-5.9609139e-12
-8.5494685e-09
2.0695764e-13
-6.2687824e-08
6.2465589e-12
-6.2690427e-08
6.3320681e-12
-8.5558959e-09
3.8217321e-12
4.0532976e-08
3.070688e-08
-1.8340367e-12
3.0711471e-08
-6.8300799e-12
4.0544471e-08
-5.3332993e-12
-8.550955e-09
1.6984914e-13
-6.2693317e-08
5.6948006e-12
-6.2695942e-08
7.0203193e-12
-8.5572115e-09
1.8641225e-12
4.0538141e-08
3.0708749e-08
-3.5335766e-12
3.0715005e-08
-5.6789557e-12
4.0546619e-08
-5.5519375e-12
-8.5510807e-09
2.1765146e-13
-6.2699086e-08
5.8562328e-12
-6.2701579e-08
5.8867993e-12
-8.5572406e-09
3.6258301e-12
4.0540404e-08
3.0712376e-08
-1.6470178e-12
3.0716658e-08
-6.383154e-12
4.0551364e-08
-4.937936e-12
-8.5525158e-09
1.7874637e-13
-6.2704193e-08
5.3140808e-12
-6.2706705e-08
6.5819591e-12
-8.5584986e-09
1.6797065e-12
4.0545315e-08
3.0714061e-08
-3.3454732e-12
3.0720004e-08
-5.2477515e-12
4.0553269e-08
-5.1664854e-12
-8.5525959e-09
2.2430578e-13
-6.2709582e-08
5.4824967e-12
-6.2711962e-08
5.4621035e-12
-8.5584769e-09
3.4392984e-12
4.054734e-08
3.0717501e-08
-1.4700531e-12
3.072148e-08
-5.9607136e-12
4.0557769e-08
-4.5655326e-12
-8.5539811e-09
1.8385038e-13
-6.2714322e-08
4.9498309e-12
-6.2716718e-08
6.1642336e-12
-8.5596816e-09
1.5041766e-12
4.0552009e-08
3.071901e-08
-3.1676237e-12
3.0724648e-08
-4.8403679e-12
4.0559444e-08
-4.8035911e-12
-8.5540169e-09
2.2742544e-13
-6.2719352e-08
5.1252541e-12
-6.2721615e-08
5.0576414e-12
-8.5596128e-09
3.2619488e-12
4.0553806e-08
3.0722272e-08
-1.3027636e-12
3.0725957e-08
-5.561806e-12
4.0563712e-08
-4.215057e-12
-8.5553537e-09
1.856623e-13
-6.2723743e-08
4.6018851e-12
-6.2726022e-08
5.7667137e-12
-8.560768e-09
1.3373194e-12
4.0558244e-08
3.0723614e-08
-2.9996087e-12
3.0728957e-08
-4.4557903e-12
4.056517e-08
-4.4621621e-12
-8.5553465e-09
2.275053e-13
-6.2728432e-08
4.7842648e-12
-6.2730578e-08
4.6729135e-12
-8.5606556e-09
3.0935244e-12
4.0559825e-08
3.0726708e-08
-1.1447174e-12
3.0730108e-08
-5.1853504e-12
4.056922e-08
-3.8853719e-12
-8.5566366e-09
1.8466612e-13
-6.2732493e-08
4.2699399e-12
-6.2734654e-08
5.3888216e-12
-8.5617649e-09
1.1788591e-12
4.0564044e-08
3.0727892e-08
-2.8409616e-12
3.0732949e-08
-4.0928947e-12
4.0570474e-08
-4.1410183e-12
-8.5565879e-09
2.2501694e-13
-6.2736858e-08
4.4591582e-12
-6.2738887e-08
4.3072831e-12
-8.5616122e-09
2.9337096e-12
4.0565419e-08
3.0730826e-08
-9.954419e-13
3.073395e-08
-4.8301734e-12
4.0574318e-08
-3.5752676e-12
-8.5578329e-09
1.81317e-13
-6.2740605e-08
3.9535696e-12
-6.274265e-08
5.0298528e-12
-8.562679e-09
1.0284678e-12
4.0569429e-08
3.0731859e-08
-2.691181e-12
3.0736642e-08
-3.7504796e-12
4.0575379e-08
-3.8389221e-12
-8.5577441e-09
2.2039823e-13
-6.2744664e-08
4.1494494e-12
-6.2746578e-08
3.9599987e-12
-8.5624889e-09
2.7821417e-12
4.0570608e-08
3.0734641e-08
-8.5443542e-13
3.0737502e-08
-4.4950378e-12
4.0579028e-08
-3.2834924e-12
-8.5589459e-09
1.7603378e-13
-6.2748114e-08
3.6522421e-12
-6.2750045e-08
4.688999e-12
-8.5635163e-09
8.8577531e-13
4.057442e-08
3.0735532e-08
-2.5497418e-12
3.0740052e-08
-3.4272927e-12
4.0579907e-08
-3.5546064e-12
-8.5588183e-09
2.1404835e-13
-6.2751883e-08
3.8545555e-12
-6.2753685e-08
3.6302156e-12
-8.5632915e-09
2.6384201e-12
4.0575413e-08
3.0738171e-08
-7.2117851e-13
3.0740779e-08
-4.1786666e-12
4.0583374e-08
-3.0087758e-12
-8.5599785e-09
1.691947e-13
-6.2755051e-08
3.3653353e-12
-6.2756872e-08
4.3653691e-12
-8.5642821e-09
7.5037883e-13
4.0579036e-08
3.0738926e-08
-2.4161056e-12
3.0743195e-08
-3.1220526e-12
4.0584081e-08
-3.2867954e-12
-8.5598137e-09
2.0632462e-13
-6.2758544e-08
3.5738118e-12
-6.276024e-08
3.3170161e-12
-8.564025e-09
2.5021156e-12
4.0579852e-08
3.0741428e-08
-5.9514123e-13
3.0743796e-08
-3.8797649e-12
4.0587374e-08
-2.7498475e-12
-8.560934e-09
1.6113514e-13
-6.2761446e-08
3.0921538e-12
-6.2763162e-08
4.0580088e-12
-8.5649816e-09
6.2185117e-13
4.0583296e-08
3.0742054e-08
-2.289727e-12
3.0746085e-08
-2.8334693e-12
4.0587919e-08
-3.0342214e-12
-8.5607333e-09
1.9754099e-13
-6.2764678e-08
3.3064888e-12
-6.276627e-08
3.019428e-12
-8.5646944e-09
2.3727789e-12
4.0583944e-08
3.0744427e-08
-4.7579088e-13
3.0746567e-08
-3.5970365e-12
4.0591049e-08
-2.5054528e-12
-8.5618154e-09
1.5214766e-13
-6.2767326e-08
2.8319444e-12
-6.2768941e-08
3.7659175e-12
-8.5656192e-09
4.997486e-13
4.0587218e-08
3.0744931e-08
-2.1700618e-12
3.0748737e-08
-2.5602583e-12
4.059144e-08
-2.795639e-12
-8.5615802e-09
1.8796938e-13
-6.277031e-08
3.0518061e-12
-6.2771805e-08
2.7364417e-12
-8.5653038e-09
2.2499476e-12
4.0587706e-08
3.0747181e-08
-3.6259829e-13
3.0749105e-08
-3.3291983e-12
4.0594416e-08
-2.2743649e-12
-8.5626256e-09
1.424843e-13
-6.2772718e-08
2.5839105e-12
-6.2774238e-08
3.4880659e-12
-8.5661988e-09
3.8361706e-13
4.0590818e-08
3.0747569e-08
-2.0565725e-12
3.0751161e-08
-2.3011545e-12
4.0594661e-08
-2.5698354e-12
-8.5623573e-09
1.7784187e-13
-6.2775466e-08
2.8089478e-12
-6.2776869e-08
2.4670252e-12
-8.5658571e-09
2.1331525e-12
4.0591153e-08
3.0749703e-08
-2.5504241e-13
3.0751422e-08
-3.0749918e-12
4.059749e-08
-2.0553938e-12
-8.5633675e-09
1.3235808e-13
-6.2777645e-08
2.347226e-12
-6.2779075e-08
3.2234089e-12
-8.5667242e-09
2.7299876e-13
4.0594111e-08
3.074998e-08
-1.9487321e-12
3.075337e-08
-2.0549219e-12
4.0597596e-08
-2.3556388e-12
-8.5630673e-09
1.673531e-13
-6.2780168e-08
2.5770745e-12
-6.2781485e-08
2.2101373e-12
-8.5663575e-09
2.0219238e-12
4.05943e-08
3.0752002e-08
-1.5261455e-13
3.0753528e-08
-2.8331927e-12
4.0600286e-08
-1.8473935e-12
-8.5640438e-09
1.219464e-13
-6.2782129e-08
2.1210474e-12
-6.2783475e-08
2.9708993e-12
-8.5671984e-09
1.674367e-13
4.0597111e-08
3.0752174e-08
-1.8460283e-12
3.0755374e-08
-1.8203621e-12
4.060026e-08
-2.1519241e-12
-8.5637129e-09
1.5666393e-13
-6.2784438e-08
2.3553359e-12
-6.2785674e-08
1.9647399e-12
-8.5668083e-09
1.9157956e-12
4.059716e-08
3.0754089e-08
-5.4821182e-14
3.0755434e-08
-2.6026182e-12
4.0602817e-08
-1.649267e-12
-8.564657e-09
1.113946e-13
-6.278619e-08
1.9045255e-12
-6.2787459e-08
2.7294982e-12
-8.5676243e-09
6.6479786e-14
4.0599831e-08
3.075416e-08
-1.7479662e-12
3.0757182e-08
-1.5963214e-12
4.0602665e-08
-1.9576178e-12
-8.5642965e-09
1.459048e-13
-6.2788294e-08
2.1428809e-12
-6.2789456e-08
1.7298082e-12
-8.5672118e-09
1.8143101e-12
4.0599747e-08
3.0755974e-08
3.8812404e-14
3.0757148e-08
-2.3821329e-12
4.0605095e-08
-1.4599712e-12
-8.5652095e-09
1.0081983e-13
-6.2789846e-08
1.6968155e-12
-6.2791044e-08
2.4981856e-12
-8.5680043e-09
-3.0313524e-14
4.0602283e-08
3.0755948e-08
-1.6540719e-12
3.0758802e-08
-1.3816951e-12
4.0604823e-08
-1.7717014e-12
-8.5648204e-09
1.3517969e-13
-6.2791753e-08
1.9388682e-12
-6.2792848e-08
1.5043405e-12
-8.5675705e-09
1.717022e-12
4.0602071e-08
3.0757665e-08
1.287403e-13
3.0758678e-08
-2.1706542e-12
4.060713e-08
-1.2785183e-12
-8.5657034e-09
9.0314499e-14
-6.2793114e-08
1.4970864e-12
-6.2794246e-08
2.2759693e-12
-8.5683406e-09
-1.2337152e-13
4.0604478e-08
3.0757546e-08
-1.5638932e-12
3.0760241e-08
-1.1754342e-12
4.0606742e-08
-1.5932136e-12
-8.5652867e-09
1.2457016e-13
-6.2794832e-08
1.742475e-12
-6.2795865e-08
1.2873663e-12
-8.5678864e-09
1.6235012e-12
4.0604142e-08
3.0759169e-08
2.1539386e-13
3.0760031e-08
-1.9671563e-12
4.0608933e-08
-1.1039789e-12
-8.5661408e-09
7.9950705e-14
-6.2796008e-08
1.3045298e-12
-6.2797081e-08
2.0618926e-12
-8.568635e-09
-2.1310602e-13
4.0606424e-08
3.075896e-08
-1.4770026e-12
3.0761508e-08
-9.7654708e-13
4.0608432e-08
-1.4212522e-12
-8.5656974e-09
1.1413877e-13
-6.2797544e-08
1.5529053e-12
-6.2798521e-08
1.077955e-12
-8.568161e-09
1.5333368e-12
4.0605969e-08
3.0760493e-08
2.9918009e-13
3.0761214e-08
-1.7706735e-12
4.061051e-08
-9.3548331e-13
-8.5665235e-09
6.9782715e-14
-6.2798541e-08
1.1183688e-12
-6.2799561e-08
1.8550427e-12
-8.568889e-09
-2.9990979e-13
4.0608131e-08
3.0760197e-08
-1.3929989e-12
3.0762606e-08
-7.8410378e-13
4.0609901e-08
-1.2549761e-12
-8.566054e-09
1.0393272e-13
-6.2799901e-08
1.3693988e-12
-6.2800828e-08
8.7522189e-13
-8.568396e-09
1.4461382e-12
4.060756e-08
3.0761643e-08
3.8047961e-13
3.0762231e-08
-1.5803046e-12
4.061187e-08
-7.7222352e-13
-8.5668532e-09
5.9852419e-14
-6.2800724e-08
9.378646e-13
-6.2801697e-08
1.6545566e-12
-8.569104e-09
-3.8415322e-13
4.0609606e-08
3.0761263e-08
-1.3115078e-12
3.0763541e-08
-5.9724017e-13
4.0611155e-08
-1.0936064e-12
-8.5663583e-09
9.3988322e-14
-6.2801913e-08
1.1912372e-12
-6.2802796e-08
6.7833604e-13
-8.5685924e-09
1.3615404e-12
4.0608923e-08
3.0762624e-08
4.5964568e-13
3.0763087e-08
-1.3952153e-12
4.0613018e-08
-6.1345448e-13
-8.5671311e-09
5.0191672e-14
-6.2802569e-08
7.6232513e-13
-6.2803499e-08
1.4596294e-12
-8.5692811e-09
-4.6618152e-13
4.0610856e-08
3.0762162e-08
-1.2321849e-12
3.0764318e-08
-4.151604e-13
4.0612201e-08
-9.3642829e-13
-8.5666115e-09
8.433348e-14
-6.2803591e-08
1.0177531e-12
-6.2804434e-08
4.8652732e-13
-8.5687513e-09
1.2792047e-12
4.0610063e-08
3.076344e-08
5.3700136e-13
3.0763786e-08
-1.2146421e-12
4.0613961e-08
-4.5849565e-13
-8.5673588e-09
4.0825972e-14
-6.2804082e-08
5.9111241e-13
-6.2804976e-08
1.2695205e-12
-8.5694212e-09
-5.4631247e-13
4.0611886e-08
3.0762898e-08
-1.154717e-12
3.076494e-08
-2.3714096e-13
4.0613042e-08
-7.8279297e-13
-8.5668148e-09
7.4991977e-14
-6.2804941e-08
8.4833712e-13
-6.2805751e-08
2.9909353e-13
-8.5688734e-09
1.1988222e-12
4.0610986e-08
3.0764096e-08
6.1283848e-13
3.0764332e-08
-1.0378962e-12
4.0614701e-08
-3.0673341e-13
-8.5675372e-09
3.1778194e-14
-6.2805271e-08
4.2365038e-13
-6.2806135e-08
1.0835611e-12
-8.5695248e-09
-6.2483334e-13
4.0612701e-08
3.0763476e-08
-1.0788237e-12
3.076541e-08
-6.2534569e-14
4.0613684e-08
-6.3211916e-13
-8.5669694e-09
6.5986254e-14
-6.2805971e-08
6.8244573e-13
-6.2806753e-08
1.1540714e-13
-8.5689594e-09
1.1201169e-12
4.0611696e-08
3.0764595e-08
6.8741538e-13
3.0764728e-08
-8.6436729e-13
4.0615244e-08
-1.5762233e-13
-8.5676675e-09
2.307172e-14
-6.2806143e-08
2.5943269e-13
-6.2806981e-08
9.0116148e-13
-8.5695927e-09
-7.0199754e-13
4.0613307e-08
3.0763897e-08
-1.0042598e-12
3.0765731e-08
1.0922575e-13
4.061413e-08
-4.8389585e-13
-8.5670763e-09
5.7341356e-14
-6.2806686e-08
5.1960944e-13
-6.2807445e-08
-6.5076343e-14
-8.5690097e-09
1.0428484e-12
4.0612198e-08
3.0764939e-08
7.6095465e-13
3.0764975e-08
-6.93528e-13
4.0615592e-08
-1.0688989e-14
-8.5677504e-09
1.4734197e-14
-6.2806703e-08
9.8031285e-14
-6.280752e-08
7.2181885e-13
-8.5696252e-09
-7.7802177e-13
4.0613705e-08
3.0764165e-08
-9.308174e-13
3.0765905e-08
2.7862165e-13
4.0614382e-08
-3.3768481e-13
-8.5671361e-09
4.9088091e-14
-6.2807092e-08
3.5944176e-13
-6.2807832e-08
-2.4281064e-13
-8.5690247e-09
9.6681548e-13
4.0612495e-08
3.0765131e-08
8.3364067e-13
3.0765076e-08
-5.2493912e-13
4.0615748e-08
1.3446686e-13
-8.5677869e-09
6.8006386e-15
-6.2806956e-08
-6.0894687e-14
-6.2807756e-08
5.4512624e-13
-8.5696224e-09
-8.5308214e-13
4.06139e-08
3.0764282e-08
-8.5832818e-13
3.0765933e-08
4.460447e-13
4.0614443e-08
-1.9312339e-13
-8.5671499e-09
4.1267122e-14
-6.2807192e-08
2.0164761e-13
-6.2807918e-08
-4.1814965e-13
-8.5690045e-09
8.918595e-13
4.0612589e-08
3.0765173e-08
9.0561752e-13
3.0765033e-08
-3.5825405e-13
4.0615714e-08
2.7816809e-13
-8.5677777e-09
-6.8215454e-16
-6.2806905e-08
-2.1758996e-13
-6.2807693e-08
3.7078075e-13
-8.5695846e-09
-9.2731117e-13
4.0613894e-08
3.076425e-08
-7.8666566e-13
3.0765818e-08
6.1179134e-13
4.0614315e-08
-4.992714e-14
-8.5671182e-09
3.3932141e-14
-6.2806991e-08
4.6033088e-14
-6.2807707e-08
-5.9133874e-13
-8.5689492e-09
8.1786748e-13
4.0612484e-08
3.0765067e-08
9.7698605e-13
3.0764846e-08
-1.9322412e-13
4.0615493e-08
4.2065825e-13
-8.5677236e-09
-7.6526923e-15
-6.2806555e-08
-3.7219306e-13
-6.2807335e-08
1.9859261e-13
-8.5695118e-09
-1.000794e-12
4.061369e-08
3.076407e-08
-7.1574814e-13
3.076556e-08
7.7605785e-13
4.0614e-08
9.2106756e-14
-8.5670419e-09
2.7154384e-14
-6.2806492e-08
-1.0748461e-13
-6.2807202e-08
-7.6250578e-13
-8.5688588e-09
7.4477619e-13
4.0612182e-08
3.0764814e-08
1.0478013e-12
3.0764518e-08
-2.9703461e-14
4.0615085e-08
5.6209835e-13
-8.5676252e-09
-1.4029581e-14
-6.2805908e-08
-5.2472693e-13
-6.2806683e-08
2.849447e-14
-8.5694039e-09
-1.073564e-12
4.0613291e-08
3.0763744e-08
-6.4554077e-13
3.0765162e-08
9.3893559e-13
4.0613499e-08
2.3309821e-13
-8.5669218e-09
2.1026688e-14
-6.2805698e-08
-2.5886826e-13
-6.2806406e-08
-9.3165162e-13
-8.5687333e-09
6.7257598e-13
4.0611686e-08
3.0764416e-08
1.1180703e-12
3.0764049e-08
1.323469e-13
4.0614492e-08
7.0256547e-13
-8.5674835e-09
-1.9707731e-14
-6.2804968e-08
-6.7508927e-13
-6.2805742e-08
-1.3944964e-13
-8.5692608e-09
-1.1455994e-12
4.0612699e-08
3.0763274e-08
-5.7605741e-13
3.0764623e-08
1.1004068e-12
4.0612815e-08
3.7308201e-13
-8.5667587e-09
1.5668983e-14
-6.2804612e-08
-4.0795011e-13
-6.2805321e-08
-1.0986414e-12
-8.5685723e-09
6.013139e-13
4.0610998e-08
3.0763874e-08
1.1877497e-12
3.076344e-08
2.928552e-13
4.0613717e-08
8.4205198e-13
-8.5672995e-09
-2.4552526e-14
-6.2803738e-08
-8.2304259e-13
-6.2804515e-08
-3.0503593e-13
-8.5690822e-09
-1.2168198e-12
4.0611916e-08
3.0762661e-08
-5.073624e-13
3.0763946e-08
1.2603421e-12
4.0611948e-08
5.1200891e-13
-8.5665537e-09
1.1233125e-14
-6.2803239e-08
-5.5442324e-13
-6.2803951e-08
-1.2631964e-12
-8.5683758e-09
5.3109715e-13
4.0610121e-08
3.0763191e-08
1.2567456e-12
3.0762694e-08
4.5163813e-13
4.0612761e-08
9.8046656e-13
-8.5670742e-09
-2.8394359e-14
-6.2802223e-08
-9.6820621e-13
-6.2803003e-08
-4.6791333e-13
-8.568868e-09
-1.2870829e-12
4.0610947e-08
3.0761908e-08
-4.3957036e-13
3.0763132e-08
1.4185006e-12
4.0610901e-08
6.4974702e-13
-8.5663081e-09
7.9087142e-15
-6.2801583e-08
-6.978337e-13
-6.28023e-08
-1.4248873e-12
-8.5681434e-09
4.6209547e-13
4.0609058e-08
3.0762369e-08
1.3249122e-12
3.0761812e-08
6.0840143e-13
4.0611625e-08
1.1176374e-12
-8.5668089e-09
-3.1022951e-14
-6.2800427e-08
-1.1100482e-12
-6.2801213e-08
-6.2757798e-13
-8.5686178e-09
-1.3561822e-12
4.0609794e-08
3.0761017e-08
-3.7284691e-13
3.0762184e-08
1.5745316e-12
4.0609676e-08
7.8608696e-13
-8.5660232e-09
5.9302031e-15
-6.2799649e-08
-8.3757346e-13
-6.2800372e-08
-1.5831299e-12
-8.5678747e-09
3.9454255e-13
4.0607815e-08
3.076141e-08
1.3920534e-12
3.0760797e-08
7.6274484e-13
4.0610313e-08
1.2533191e-12
-8.5665055e-09
-3.2180108e-14
-6.2798356e-08
-1.2478811e-12
-6.2799149e-08
-7.8337075e-13
-8.5683312e-09
-1.4238462e-12
4.0608462e-08
3.075999e-08
-3.0740484e-13
3.0761102e-08
1.7279818e-12
4.0608276e-08
9.2075099e-13
-8.565701e-09
5.5827612e-15
-6.2797443e-08
-9.7287856e-13
-6.2798173e-08
-1.7371845e-12
-8.5675695e-09
3.2873647e-13
4.0606395e-08
3.0760318e-08
1.4579259e-12
3.0759649e-08
9.1417076e-13
4.0608827e-08
1.3872042e-12
-8.5661658e-09
-3.1552988e-14
-6.2796016e-08
-1.3808607e-12
-6.2796815e-08
-9.3447865e-13
-8.5680079e-09
-1.4897383e-12
4.0606957e-08
3.0758832e-08
-2.4350036e-13
3.0759891e-08
1.8783071e-12
4.0606703e-08
1.0534072e-12
-8.5653438e-09
7.2105096e-15
-6.2794973e-08
-1.1028296e-12
-6.2795708e-08
-1.8861595e-12
-8.5672272e-09
2.6503803e-13
4.0604804e-08
3.0759096e-08
1.5222456e-12
3.0758374e-08
1.0621006e-12
4.0607171e-08
1.5189393e-12
-8.5657923e-09
-2.8766447e-14
-6.2793417e-08
-1.5079895e-12
-6.2794221e-08
-1.0799418e-12
-8.5676473e-09
-1.55346e-12
4.0605284e-08
3.0757546e-08
-1.8142431e-13
3.0758553e-08
2.0248919e-12
4.0604963e-08
1.1836881e-12
-8.5649541e-09
1.1223361e-14
-6.2792247e-08
-1.2263576e-12
-6.2792986e-08
-2.0290216e-12
-8.5668473e-09
2.0386507e-13
4.060305e-08
3.0757749e-08
1.5846959e-12
3.0756973e-08
1.2058975e-12
4.0605349e-08
1.6481479e-12
-8.5653881e-09
-2.3376225e-14
-6.2790568e-08
-1.6281268e-12
-6.2791374e-08
-1.2186682e-12
-8.5672489e-09
-1.6145575e-12
4.0603452e-08
3.0756138e-08
-1.2149178e-13
3.0757093e-08
2.1670761e-12
4.0603058e-08
1.3112186e-12
-8.5645352e-09
1.8103248e-14
-6.2789278e-08
-1.3422613e-12
-6.2790016e-08
-2.1646156e-12
-8.5664292e-09
1.4568503e-13
4.060114e-08
3.0756282e-08
1.6449423e-12
3.0755453e-08
1.3448985e-12
4.0603366e-08
1.7744621e-12
-8.5649565e-09
-1.4863644e-14
-6.2787481e-08
-1.7400108e-12
-6.2788283e-08
-1.3494587e-12
-8.5668119e-09
-1.6725301e-12
4.060147e-08
3.0754614e-08
-6.4025259e-14
3.0755515e-08
2.3041926e-12
4.0600996e-08
1.4356508e-12
-8.5640911e-09
2.8407662e-14
-6.2786076e-08
-1.4492326e-12
-6.2786808e-08
-2.291696e-12
-8.5659723e-09
9.1002298e-14
4.0599086e-08
3.0754703e-08
1.7026498e-12
3.0753817e-08
1.4784581e-12
4.0601227e-08
1.8975599e-12
-8.564502e-09
-2.6336149e-15
-6.2784168e-08
-1.8422919e-12
-6.2784961e-08
-1.4710463e-12
-8.5663356e-09
-1.7268479e-12
4.0599348e-08
3.075298e-08
-9.3327083e-15
3.0753825e-08
2.4356167e-12
4.059878e-08
1.5567054e-12
-8.5636262e-09
4.2769903e-14
-6.2782657e-08
-1.5459008e-12
-6.2783375e-08
-2.4089732e-12
-8.5654754e-09
4.033739e-14
4.0596897e-08
3.0753019e-08
1.7575078e-12
3.0752072e-08
1.606005e-12
4.0598939e-08
2.0172125e-12
-8.5640292e-09
1.3980553e-14
-6.2780646e-08
-1.9335867e-12
-6.278142e-08
-1.5821527e-12
-8.565819e-09
-1.7769738e-12
4.0597098e-08
3.0751246e-08
4.2319456e-14
3.0752028e-08
2.5608288e-12
4.0596418e-08
1.6742234e-12
-8.5631458e-09
6.1887448e-14
-6.2779037e-08
-1.6308976e-12
-6.277973e-08
-2.5151827e-12
-8.5649377e-09
-5.7996959e-15
4.0594587e-08
3.0751239e-08
1.8092612e-12
3.0750223e-08
1.7271093e-12
4.0596508e-08
2.133337e-12
-8.5635439e-09
3.5700397e-14
-6.2776931e-08
-2.0125572e-12
-6.2777674e-08
-1.6815697e-12
-8.5652609e-09
-1.8223959e-12
4.0594734e-08
3.074942e-08
9.0741712e-14
3.0750131e-08
2.6794877e-12
4.0593917e-08
1.7882202e-12
-8.5626559e-09
8.6498162e-14
-6.2775233e-08
-1.7029537e-12
-6.2775887e-08
-2.6091804e-12
-8.5643576e-09
-4.6947998e-14
4.059217e-08
3.0749372e-08
1.8577478e-12
3.0748278e-08
1.8415645e-12
4.059394e-08
2.2460525e-12
-8.5630522e-09
6.3266997e-14
-6.2773042e-08
-2.078027e-12
-6.2773738e-08
-1.7682725e-12
-8.5646596e-09
-1.8626723e-12
4.0592271e-08
3.0747513e-08
1.3586215e-13
3.074814e-08
2.791519e-12
4.0591282e-08
1.8989418e-12
-8.562163e-09
1.1733054e-13
-6.2771264e-08
-1.7610356e-12
-6.2771863e-08
-2.6900741e-12
-8.5637336e-09
-8.2748317e-14
4.0589662e-08
3.0747429e-08
1.9029428e-12
3.0746242e-08
1.9494793e-12
4.0591243e-08
2.3557323e-12
-8.5625611e-09
9.7375313e-14
-6.2768998e-08
-2.1291431e-12
-6.2769629e-08
-1.8415717e-12
-8.5640134e-09
-1.8974914e-12
4.0589724e-08
3.0745535e-08
1.7777478e-13
3.0746062e-08
2.8972089e-12
4.0588521e-08
2.0069119e-12
-8.5616742e-09
1.550193e-13
-6.2767149e-08
-1.8045387e-12
-6.2767672e-08
-2.7574007e-12
-8.5630636e-09
-1.1301288e-13
4.0587078e-08
3.0745421e-08
1.9450094e-12
3.0744122e-08
2.0513746e-12
4.0588422e-08
2.4630451e-12
-8.5620777e-09
1.38566e-13
-6.2764817e-08
-2.1656017e-12
-6.2765361e-08
-1.9013188e-12
-8.5633201e-09
-1.9267521e-12
4.058711e-08
3.0743498e-08
2.1679109e-13
3.0743903e-08
2.9973035e-12
4.0585639e-08
2.1129626e-12
-8.5611968e-09
1.9996834e-13
-6.2762907e-08
-1.8335483e-12
-6.276333e-08
-2.8113608e-12
-8.5623454e-09
-1.3781663e-13
4.0584434e-08
3.0743358e-08
1.9843522e-12
3.0741923e-08
2.1482801e-12
4.0585483e-08
2.5689697e-12
-8.5616094e-09
1.8705682e-13
-6.2760517e-08
-2.1879509e-12
-6.2760948e-08
-1.9481717e-12
-8.5625775e-09
-1.9506681e-12
4.0584443e-08
3.0741412e-08
2.5349396e-13
3.0741668e-08
3.0931005e-12
4.0582641e-08
2.2182306e-12
-8.560738e-09
2.5214715e-13
-6.2758554e-08
-1.8491884e-12
-6.2758849e-08
-2.8531191e-12
-8.5615767e-09
-1.5761559e-13
4.0581746e-08
3.0741252e-08
2.0216702e-12
3.0739651e-08
2.2418193e-12
4.0582428e-08
2.6747698e-12
-8.5611629e-09
2.4249868e-13
-6.2756114e-08
-2.1979862e-12
-6.2756401e-08
-1.9839336e-12
-8.5617831e-09
-1.9699001e-12
4.0581738e-08
3.0739286e-08
2.8878847e-13
3.073936e-08
3.1865239e-12
4.0579528e-08
2.3241042e-12
-8.560304e-09
3.1080299e-13
-6.2754104e-08
-1.8540658e-12
-6.275424e-08
-2.8851823e-12
-8.5607552e-09
-1.733933e-13
4.0579024e-08
3.0739111e-08
2.0580055e-12
3.0737307e-08
2.3342694e-12
4.0579258e-08
2.7819116e-12
-8.5607436e-09
3.0364103e-13
-6.2751618e-08
-2.1992466e-12
-6.2751729e-08
-2.0119673e-12
-8.5609348e-09
-1.9857184e-12
4.0579005e-08
3.0737129e-08
3.2394443e-13
3.0736981e-08
3.2801674e-12
4.05763e-08
2.4321086e-12
-8.5598991e-09
3.7407942e-13
-6.2749564e-08
-1.8528162e-12
-6.2749505e-08
-2.9118489e-12
-8.559879e-09
-1.868374e-13
4.0576277e-08
3.0736941e-08
2.0947799e-12
3.0734891e-08
2.4285841e-12
4.0575973e-08
2.8919127e-12
-8.5603544e-09
3.6790636e-13
-6.2747032e-08
-2.1976027e-12
-6.2746932e-08
-2.0376787e-12
-8.5600313e-09
-2.0001932e-12
4.0576246e-08
3.0734944e-08
3.6062349e-13
3.0734528e-08
3.3772947e-12
4.0572954e-08
2.543718e-12
-8.5595244e-09
4.3855354e-13
-6.274493e-08
-1.8527269e-12
-6.2744644e-08
-2.9397189e-12
-8.5589476e-09
-2.0053914e-13
4.0573505e-08
3.0734742e-08
2.1338129e-12
3.0732399e-08
2.5283658e-12
4.0572566e-08
3.0061239e-12
-8.5599942e-09
4.3089659e-13
-6.2742347e-08
-2.2019011e-12
-6.2742004e-08
-2.0690388e-12
-8.5590728e-09
-2.0164017e-12
4.0573459e-08
3.073273e-08
4.0088495e-13
3.0731996e-08
3.4817872e-12
4.0569483e-08
2.660109e-12
-8.5591762e-09
4.9872804e-13
-6.2740189e-08
-1.8643823e-12
-6.2739644e-08
-2.9782131e-12
-8.5579623e-09
-2.182024e-13
4.0570697e-08
3.073251e-08
2.1773157e-12
3.0729823e-08
2.637789e-12
4.056903e-08
3.1254658e-12
-8.5596558e-09
4.8589288e-13
-6.2737542e-08
-2.2245825e-12
-6.2736926e-08
-2.1170802e-12
-8.5580622e-09
-2.0386336e-12
4.0570624e-08
3.0730475e-08
4.4716548e-13
3.0729374e-08
3.5980467e-12
4.0565876e-08
2.7818938e-12
-8.5588434e-09
5.465707e-13
-6.273531e-08
-1.9022195e-12
-6.2734481e-08
-3.0400203e-12
-8.5569278e-09
-2.4482997e-13
4.0567827e-08
3.0730228e-08
2.2278615e-12
3.072715e-08
2.7614855e-12
4.056535e-08
3.2501837e-12
-8.5593241e-09
5.2347058e-13
-6.2732576e-08
-2.282126e-12
-6.2731668e-08
-2.196259e-12
-8.557006e-09
-2.0725475e-12
4.056771e-08
3.072816e-08
5.0223629e-13
3.0726646e-08
3.7308771e-12
4.0562118e-08
2.9089215e-12
-8.5585059e-09
5.712581e-13
-6.2730242e-08
-1.984806e-12
-6.2729115e-08
-3.1413304e-12
-8.5558529e-09
-2.8683346e-13
4.0564853e-08
3.0727871e-08
2.2883334e-12
3.0724362e-08
2.9044311e-12
4.0561509e-08
3.3797343e-12
-8.5589731e-09
5.3142775e-13
-6.2727386e-08
-2.395091e-12
-6.2726181e-08
-2.3245072e-12
-8.5559159e-09
-2.1252197e-12
4.056466e-08
3.072575e-08
5.6914413e-13
3.0723791e-08
3.8853993e-12
4.055819e-08
3.0402883e-12
-8.5581318e-09
5.5936078e-13
-6.2724909e-08
-2.1345686e-12
-6.2723491e-08
-3.301647e-12
-8.5547523e-09
-3.5199265e-13
4.0561708e-08
3.0725396e-08
2.3618686e-12
3.0721434e-08
3.0719048e-12
4.0557487e-08
3.5129743e-12
-8.5585649e-09
4.953022e-13
-6.2721883e-08
-2.5874423e-12
-6.27204e-08
-2.5227376e-12
-8.5548093e-09
-2.2049931e-12
4.0561397e-08
3.0723195e-08
6.511575e-13
3.072078e-08
4.0670831e-12
4.0554069e-08
3.1747521e-12
-8.5576764e-09
4.9578302e-13
-6.2719208e-08
-2.3766201e-12
-6.2717531e-08
-3.5429166e-12
-8.5536465e-09
-4.4915744e-13
4.0558301e-08
3.0722744e-08
2.4518222e-12
3.0718333e-08
3.2696126e-12
4.0553258e-08
3.6488643e-12
-8.5580476e-09
3.9981519e-13
-6.2715951e-08
-2.8847813e-12
-6.2714239e-08
-2.8135175e-12
-8.5537101e-09
-2.3210134e-12
4.0557814e-08
3.0720427e-08
7.5174257e-13
3.0717579e-08
4.2819986e-12
4.0549725e-08
3.3117695e-12
-8.5570812e-09
3.6579732e-13
-6.2713009e-08
-2.7363007e-12
-6.2711141e-08
-3.887677e-12
-8.5525623e-09
-5.8757241e-13
4.0554512e-08
3.0719837e-08
2.5617821e-12
3.0715022e-08
3.5040679e-12
4.054879e-08
3.7878935e-12
-8.557357e-09
2.3156208e-13
-6.2709445e-08
-3.311117e-12
-6.270759e-08
-3.2186136e-12
-8.5526471e-09
-2.4823373e-12
4.0553782e-08
3.0717359e-08
8.7458473e-13
3.0714145e-08
4.5373561e-12
4.0545124e-08
3.4533164e-12
-8.5562769e-09
1.5844027e-13
-6.2706154e-08
-3.2351114e-12
-6.27042e-08
-4.3559643e-12
-8.5515298e-09
-7.757046e-13
4.0550199e-08
3.0716581e-08
2.6956406e-12
3.0711454e-08
3.7832474e-12
4.0544044e-08
3.9343043e-12
-8.5564199e-09
-1.6887649e-14
-6.2702195e-08
-3.8839494e-12
-6.2700326e-08
-3.7551957e-12
-8.5516509e-09
-2.6965123e-12
4.0549147e-08
3.0713889e-08
1.0236211e-12
3.0710428e-08
4.842277e-12
4.0540223e-08
3.6064261e-12
-8.5551879e-09
-1.2873204e-13
-6.2698463e-08
-3.8849491e-12
-6.2696573e-08
-4.9608535e-12
-8.5505786e-09
-1.019483e-12
4.0545203e-08
3.0712867e-08
2.8576629e-12
3.0707575e-08
4.1173167e-12
4.053897e-08
4.0988496e-12
-8.5551614e-09
-3.417125e-13
-6.2694015e-08
-4.6077823e-12
-6.2692299e-08
-4.4306772e-12
-8.550748e-09
-2.9675907e-12
4.0543747e-08
3.0709904e-08
1.2029224e-12
3.070637e-08
5.2084083e-12
4.0534962e-08
3.7858875e-12
-8.5537427e-09
-4.8407593e-13
-6.2689749e-08
-4.6810148e-12
-6.2688106e-08
-5.702771e-12
-8.5497298e-09
-1.3199282e-12
4.0539361e-08
3.0708582e-08
3.0523006e-12
3.0703323e-08
4.5187469e-12
4.0533502e-08
4.3011465e-12
-8.553517e-09
-7.223345e-13
-6.2684717e-08
-5.466759e-12
-6.2683354e-08
-5.2364815e-12
-8.5499523e-09
-3.2936198e-12
4.0537425e-08
3.0705292e-08
1.4159698e-12
3.0701904e-08
5.6493392e-12
4.0529266e-08
4.0156498e-12
-8.5518872e-09
-8.7692111e-13
-6.2679828e-08
-5.594432e-12
-6.267864e-08
-6.563061e-12
-8.5489872e-09
-1.6702042e-12
4.053253e-08
3.070362e-08
3.2831035e-12
3.0698626e-08
5.0002496e-12
4.0527556e-08
4.5695587e-12
-8.5514484e-09
-1.1176942e-12
-6.2674134e-08
-6.4178469e-12
-6.2673332e-08
-6.1413301e-12
-8.549256e-09
-3.6636851e-12
4.0530059e-08
3.069996e-08
1.6633226e-12
3.069696e-08
6.1766246e-12
4.052304e-08
4.3261234e-12
-8.5496017e-09
-1.2558808e-12
-6.2668555e-08
-6.5663369e-12
-6.2668025e-08
-7.497492e-12
-8.5483283e-09
-2.0520788e-12
4.0524611e-08
3.0697907e-08
3.5493421e-12
3.0693416e-08
5.5675337e-12
4.0521029e-08
4.9349849e-12
-8.548961e-09
-1.4675293e-12
-6.2662145e-08
-7.3866002e-12
-6.2662099e-08
-7.0846732e-12
-8.5486224e-09
-4.0543869e-12
4.0521587e-08
3.0693856e-08
1.9367487e-12
3.0691477e-08
6.788527e-12
4.0516175e-08
4.7429208e-12
-8.5469192e-09
-1.5541579e-12
-6.2655851e-08
-7.5055893e-12
-6.2656151e-08
-8.4300933e-12
-8.5477014e-09
-2.4314083e-12
4.0515586e-08
3.0691423e-08
3.8377824e-12
3.0687644e-08
6.2021143e-12
4.0513818e-08
5.4133771e-12
-8.5461221e-09
-1.7027329e-12
-6.2648727e-08
-8.2675422e-12
-6.2649578e-08
-7.9702343e-12
-8.5479908e-09
-4.4249537e-12
4.0512048e-08
3.0687002e-08
2.206711e-12
3.0685435e-08
7.4459449e-12
4.0508576e-08
5.2616099e-12
-8.5439416e-09
-1.7058935e-12
-6.2641763e-08
-8.2918952e-12
-6.2642995e-08
-9.2466262e-12
-8.5470395e-09
-2.7513986e-12
4.050555e-08
3.0684249e-08
4.1058559e-12
3.0681334e-08
6.8286964e-12
4.0505861e-08
5.9720796e-12
-8.5430766e-09
-1.7682791e-12
-6.2634015e-08
-8.9305228e-12
-6.2635825e-08
-8.6585487e-12
-8.5473034e-09
-4.7089879e-12
4.0501607e-08
3.0679544e-08
2.3997677e-12
3.0678932e-08
8.0312022e-12
4.0500227e-08
5.8058913e-12
-8.5408549e-09
-1.6757348e-12
-6.2626537e-08
-8.7858007e-12
-6.2628718e-08
-9.786375e-12
-8.5463062e-09
-2.9215665e-12
4.049474e-08
3.0676621e-08
4.2533789e-12
3.0674684e-08
7.267187e-12
4.0497221e-08
6.4822742e-12
-8.5400615e-09
-1.6586392e-12
-6.2618388e-08
-9.2354345e-12
-6.2621134e-08
-8.959187e-12
-8.5465742e-09
-4.8005749e-12
4.0490589e-08
3.0671824e-08
2.3668782e-12
3.0672314e-08
8.2981792e-12
4.0491287e-08
6.1813503e-12
-8.5379483e-09
-1.4981183e-12
-6.2610712e-08
-8.8519386e-12
-6.2613783e-08
-9.8376573e-12
-8.5455918e-09
-2.8027254e-12
4.0483552e-08
3.066902e-08
4.0896293e-12
3.066823e-08
7.1950546e-12
4.0488189e-08
6.6861273e-12
-8.5374306e-09
-1.4577271e-12
-6.260256e-08
-9.0701575e-12
-6.2606162e-08
-8.640239e-12
-8.5460133e-09
-4.5390836e-12
4.0479457e-08
3.0664485e-08
1.8629634e-12
3.0666365e-08
7.8675305e-12
4.0482182e-08
6.0808304e-12
-8.5356474e-09
-1.3126842e-12
-6.2595169e-08
-8.4279838e-12
-6.259905e-08
-9.1760779e-12
-8.5452684e-09
-2.2035029e-12
4.0472483e-08
3.066228e-08
3.3358623e-12
3.0663034e-08
6.2201081e-12
4.0479306e-08
6.275869e-12
-8.5356943e-09
-1.3631022e-12
-6.2587522e-08
-8.473452e-12
-6.2591932e-08
-7.532774e-12
-8.5462005e-09
-3.7250392e-12
4.0468682e-08
3.0658559e-08
6.1087785e-13
3.0662421e-08
6.4342668e-12
4.047348e-08
5.2980696e-12
-8.5345614e-09
-1.3686574e-12
-6.2580858e-08
-7.748413e-12
-6.2585555e-08
-7.7823821e-12
-8.5461695e-09
-9.507773e-13
4.0461849e-08
3.0657607e-08
1.7819187e-12
3.0660645e-08
4.3244938e-12
4.0470946e-08
5.3201335e-12
-8.535548e-09
-1.6617646e-12
-6.2573868e-08
-8.0204788e-12
-6.2579187e-08
-5.9535447e-12
-8.5482277e-09
-2.2720753e-12
4.0458175e-08
3.0655339e-08
-1.3725242e-12
3.0662015e-08
4.5671372e-12
4.0465004e-08
4.4812425e-12
-8.5354653e-09
-1.9621287e-12
-6.2567427e-08
-7.9906324e-12
-6.2573162e-08
-6.5770199e-12
-8.5496441e-09
8.0412591e-13
4.0450792e-08
3.0656142e-08
-1.5291001e-13
3.0662173e-08
3.1913086e-12
4.0461668e-08
5.4748358e-12
-8.5377395e-09
-2.6217148e-12
-6.2559322e-08
-9.8443625e-12
-6.256593e-08
-5.9142116e-12
-8.5535653e-09
-7.2858198e-13
4.0445614e-08
3.0655418e-08
-2.8724523e-12
3.0665044e-08
5.738902e-12
4.0453055e-08
6.9543372e-12
-8.538958e-09
-3.2769528e-12
-6.2549093e-08
-1.2817948e-11
-6.2556392e-08
-9.2737719e-12
-8.5571121e-09
1.7426467e-12
4.0434596e-08
3.065716e-08
-8.3053955e-14
3.0665132e-08
9.1237278e-12
4.0443857e-08
1.2550929e-11
-8.5423758e-09
-4.2838649e-12
-6.2532249e-08
-1.9838787e-11
-6.2540828e-08
-1.3805619e-11
-8.5631362e-09
-1.5309473e-12
4.0422329e-08
3.0655633e-08
3.6928651e-13
3.0664761e-08
2.0262892e-11
4.0423961e-08
2.2117031e-11
-8.5442329e-09
-5.138831e-12
-6.2504996e-08
-3.134507e-11
-6.2514624e-08
-2.6034393e-11
-8.5684494e-09
-2.3634936e-12
4.0398657e-08
3.0653268e-08
8.7344222e-12
3.0656033e-08
3.7993377e-11
4.0394711e-08
4.0723851e-11
-8.5469538e-09
-6.1991279e-12
-6.2458064e-08
-5.1403844e-11
-6.2469411e-08
-4.5038183e-11
-8.5748058e-09
-1.1279907e-11
4.0364907e-08
3.0641993e-08
1.8485538e-11
3.0637545e-08
7.105678e-11
4.0342138e-08
7.0238563e-11
-8.5461385e-09
-6.7717172e-12
-6.2381056e-08
-8.2493064e-11
-6.2393692e-08
-7.8938939e-11
-8.5783625e-09
-2.1369905e-11
4.0307336e-08
3.0620622e-08
4.0481755e-11
3.0597069e-08
1.2125585e-10
4.0261373e-08
1.1743595e-10
-8.5423091e-09
-7.2450393e-12
-6.2256366e-08
-1.3002131e-10
-6.2270906e-08
-1.298247e-10
-8.5785499e-09
-4.3728331e-11
4.0221248e-08
3.0576898e-08
7.0337411e-11
3.052673e-08
1.9899435e-10
4.0132714e-08
1.8661651e-10
-8.5299344e-09
-6.7347179e-12
-6.2063018e-08
-1.9901909e-10
-6.2078625e-08
-2.0723524e-10
-8.5703364e-09
-7.3560982e-11
4.0087572e-08
3.0503336e-08
1.1879338e-10
3.0407942e-08
3.0918567e-10
3.994233e-08
2.8561813e-10
-8.5063575e-09
-5.7335108e-12
-6.1771657e-08
-2.9565908e-10
-6.178869e-08
-3.1650161e-10
-8.5494849e-09
-1.2180859e-10
3.9892886e-08
3.0381531e-08
1.8376107e-10
3.0224179e-08
4.6220933e-10
3.9663879e-08
4.2028577e-10
-8.4644375e-09
-3.2557957e-12
-6.1348119e-08
-4.2679227e-10
-6.1365157e-08
-4.6698244e-10
-8.5092978e-09
-1.8599856e-10
3.9611901e-08
3.0195531e-08
2.742148e-10
2.9949969e-08
6.6407064e-10
3.9274031e-08
5.9713036e-10
-8.3974884e-09
9.6548233e-15
-6.075099e-08
-5.9721933e-10
-6.0767919e-08
-6.6534072e-10
-8.441168e-09
-2.7529347e-10
3.922186e-08
2.9920242e-08
3.8914571e-10
2.9560821e-08
9.2102552e-10
3.8742148e-08
8.2042861e-10
-8.2968957e-09
4.9497403e-12
-5.9935515e-08
-8.1263018e-10
-5.9950343e-08
-9.1686997e-10
-8.336932e-09
-3.8839806e-10
3.8693386e-08
2.9531841e-08
5.3294581e-10
2.902788e-08
1.2350739e-09
3.8040027e-08
1.0907536e-09
-8.1525675e-09
1.0643002e-11
-5.8855396e-08
-1.0722696e-09
-5.8867423e-08
-1.2245083e-09
-8.1846858e-09
-5.2991075e-10
3.7998794e-08
2.9001934e-08
7.0279728e-10
2.832508e-08
1.6017274e-09
3.7141093e-08
1.4052559e-09
-7.9561013e-09
1.7614139e-11
-5.7467759e-08
-1.375051e-09
-5.7474763e-08
-1.5831572e-09
-7.9765845e-09
-6.9688666e-10
3.711252e-08
2.8305045e-08
8.9488272e-10
2.7430202e-08
2.0112996e-09
3.6024682e-08
1.7524138e-09
-7.6972089e-09
2.4825984e-11
-5.5740165e-08
-1.7089626e-09
-5.5740968e-08
-1.9842151e-09
-7.7013256e-09
-8.857456e-10
3.6014055e-08
2.7419302e-08
1.1007667e-09
2.6329431e-08
2.4410751e-09
3.4684368e-08
2.1155228e-09
-7.3716632e-09
3.2229682e-11
-5.3656878e-08
-2.0590506e-09
-5.3649694e-08
-2.404976e-09
-7.3554065e-09
-1.0880879e-09
3.4697162e-08
2.633121e-08
1.3048861e-09
2.5024549e-08
2.8618101e-09
3.3127449e-08
2.465647e-09
-6.9754946e-09
3.8963321e-11
-5.1230189e-08
-2.3970035e-09
-5.1213722e-08
-2.8170769e-09
-6.935328e-09
-1.2886004e-09
3.3168689e-08
2.5042612e-08
1.4879787e-09
2.3536566e-08
3.2268344e-09
3.1388587e-08
2.7674525e-09
-6.5161201e-09
4.4364453e-11
-4.8507108e-08
-2.6885879e-09
-4.8480776e-08
-3.174571e-09
-6.449352e-09
-1.4681398e-09
3.1462253e-08
2.3574469e-08
1.6191002e-09
2.1917468e-08
3.4781128e-09
2.9529578e-08
2.9669853e-09
-6.004989e-09
4.8226958e-11
-4.5588347e-08
-2.8814884e-09
-4.5551058e-08
-3.4196168e-09
-5.9112201e-09
-1.5959863e-09
2.9638624e-08
2.1978484e-08
1.6816242e-09
2.023584e-08
3.5377964e-09
2.7673401e-08
2.9934733e-09
-5.4606702e-09
4.9724778e-11
-4.2644602e-08
-2.9043731e-09
-4.2596964e-08
-3.4756365e-09
-5.3399613e-09
-1.6554307e-09
2.7818415e-08
2.0323052e-08
1.7005053e-09
3.327709e-09
2.7613827e-09
5.0060951e-11
-2.6733805e-09
-3.2637386e-09
-1.6725288e-09
)
;

boundaryField
{
    left
    {
        type            calculated;
        value           nonuniform List<scalar> 8(-2.5114544e-18 -2.5114544e-18 -2.5114544e-18 -2.5114544e-18 -2.5114544e-18 -2.5114544e-18 -2.5114544e-18 -2.5114544e-18);
    }
    right
    {
        type            calculated;
        value           nonuniform List<scalar> 8(1.8535336e-08 2.6046199e-08 -4.8943427e-09 -3.9933279e-08 -3.9873522e-08 -4.7496019e-09 2.6227205e-08 1.8650523e-08);
    }
    walls
    {
        type            calculated;
        value           uniform 0;
    }
    frontAndBack
    {
        type            empty;
        value           nonuniform 0();
    }
}


// ************************************************************************* //
