/*--------------------------------*- C++ -*----------------------------------*\
| =========                 |                                                 |
| \\      /  F ield         | OpenFOAM: The Open Source CFD Toolbox           |
|  \\    /   O peration     | Version:  5.x                                   |
|   \\  /    A nd           | Web:      www.OpenFOAM.org                      |
|    \\/     M anipulation  |                                                 |
\*---------------------------------------------------------------------------*/
FoamFile
{
    version     2.0;
    format      ascii;
    class       surfaceScalarField;
    location    "10";
    object      phi_0;
}
// * * * * * * * * * * * * * * * * * * * * * * * * * * * * * * * * * * * * * //

dimensions      [0 3 -1 0 0 0 0];

internalField   nonuniform List<scalar> 
3592
(
-1.8379417e-06
-1.747562e-05
-1.1785374e-06
-1.9972964e-05
-5.8261921e-07
-1.9909477e-05
3.8236514e-13
-1.9896179e-05
5.8261996e-07
-1.9896179e-05
1.1785373e-06
-1.9909477e-05
1.8379413e-06
-1.9972964e-05
-1.7475618e-05
-2.4550034e-06
-1.5020614e-05
-2.2248479e-06
-2.0203116e-05
-1.1931034e-06
-2.0941215e-05
7.3271698e-13
-2.1089277e-05
1.1931047e-06
-2.1089277e-05
2.2248478e-06
-2.0941214e-05
2.4550033e-06
-2.0203115e-05
-1.5020612e-05
-2.1447042e-06
-1.2875906e-05
-2.3662401e-06
-1.9981575e-05
-1.3756765e-06
-2.1931772e-05
9.670265e-13
-2.2464949e-05
1.3756781e-06
-2.2464949e-05
2.3662404e-06
-2.1931772e-05
2.1447044e-06
-1.9981574e-05
-1.2875905e-05
-1.6988278e-06
-1.1177074e-05
-2.1029291e-06
-1.9577468e-05
-1.3040787e-06
-2.2730616e-05
1.0795811e-12
-2.3769024e-05
1.3040804e-06
-2.3769024e-05
2.1029296e-06
-2.2730616e-05
1.6988281e-06
-1.9577468e-05
-1.1177074e-05
-1.2793942e-06
-9.8976758e-06
-1.7146116e-06
-1.9142245e-05
-1.1175804e-06
-2.3327641e-05
1.0369998e-12
-2.4886601e-05
1.1175821e-06
-2.4886601e-05
1.7146124e-06
-2.3327641e-05
1.2793947e-06
-1.9142245e-05
-9.8976757e-06
-9.2886417e-07
-8.9688075e-06
-1.3247229e-06
-1.8746381e-05
-8.988924e-07
-2.3753466e-05
8.917118e-13
-2.5785489e-05
8.9889386e-07
-2.5785489e-05
1.3247238e-06
-2.3753466e-05
9.2886476e-07
-1.874638e-05
-8.9688073e-06
-6.5540519e-07
-8.3133986e-06
-9.8474036e-07
-1.841704e-05
-6.911234e-07
-2.4047078e-05
6.8226827e-13
-2.6476609e-05
6.9112458e-07
-2.6476609e-05
9.8474136e-07
-2.4047078e-05
6.5540587e-07
-1.841704e-05
-8.3133983e-06
-4.5219021e-07
-7.8612044e-06
-7.1054037e-07
-1.8158685e-05
-5.1336331e-07
-2.424425e-05
4.8680232e-13
-2.6989969e-05
5.1336418e-07
-2.6989968e-05
7.1054141e-07
-2.4244249e-05
4.5219093e-07
-1.8158683e-05
-7.861204e-06
-3.0612932e-07
-7.5550719e-06
-5.0045097e-07
-1.7964358e-05
-3.708395e-07
-2.4373858e-05
2.7039189e-13
-2.7360805e-05
3.7084009e-07
-2.7360805e-05
5.0045197e-07
-2.4373857e-05
3.0613006e-07
-1.7964357e-05
-7.5550713e-06
-2.0379402e-07
-7.3512744e-06
-3.4521277e-07
-1.7822934e-05
-2.6166429e-07
-2.4457402e-05
1.085796e-13
-2.7622465e-05
2.6166459e-07
-2.7622465e-05
3.4521369e-07
-2.44574e-05
2.0379473e-07
-1.7822933e-05
-7.3512738e-06
-1.3347722e-07
-7.2177948e-06
-2.3371854e-07
-1.7722689e-05
-1.8083396e-07
-2.4510284e-05
-5.1893229e-14
-2.7803297e-05
1.8083403e-07
-2.7803296e-05
2.3371933e-07
-2.4510282e-05
1.3347789e-07
-1.7722687e-05
-7.2177941e-06
-8.6046431e-08
-7.1317456e-06
-1.5545007e-07
-1.7653281e-05
-1.2262304e-07
-2.4543107e-05
-1.6686406e-13
-2.7925916e-05
1.226229e-07
-2.7925915e-05
1.5545072e-07
-2.4543105e-05
8.6047026e-08
-1.7653279e-05
-7.131745e-06
-5.4538698e-08
-7.0772053e-06
-1.0161832e-07
-1.7606199e-05
-8.1650478e-08
-2.4563073e-05
-2.6070631e-13
-2.8007564e-05
8.1650178e-08
-2.8007563e-05
1.0161879e-07
-2.4563071e-05
5.4539207e-08
-1.7606197e-05
-7.0772046e-06
-3.3957154e-08
-7.0432461e-06
-6.5249921e-08
-1.7574902e-05
-5.3400271e-08
-2.457492e-05
-3.3304369e-13
-2.8060961e-05
5.3399845e-08
-2.806096e-05
6.5250239e-08
-2.4574918e-05
3.3957572e-08
-1.7574901e-05
-7.0432455e-06
-2.0707423e-08
-7.0225377e-06
-4.1110965e-08
-1.7554497e-05
-3.4278252e-08
-2.4581751e-05
-3.770558e-13
-2.8095237e-05
3.4277716e-08
-2.8095236e-05
4.1111127e-08
-2.4581749e-05
2.0707744e-08
-1.7554495e-05
-7.0225371e-06
-1.2328176e-08
-7.0102079e-06
-2.5354901e-08
-1.7541467e-05
-2.1567905e-08
-2.4585535e-05
-4.2223765e-13
-2.8116802e-05
2.1567301e-08
-2.8116801e-05
2.5354923e-08
-2.4585534e-05
1.2328414e-08
-1.7541466e-05
-7.0102075e-06
-7.1176336e-09
-7.0030897e-06
-1.5254577e-08
-1.7533329e-05
-1.3266798e-08
-2.4587522e-05
-4.1573567e-13
-2.8130067e-05
1.3266129e-08
-2.8130067e-05
1.5254481e-08
-2.4587521e-05
7.1177876e-09
-1.7533328e-05
-7.0030893e-06
-3.9477263e-09
-6.9991407e-06
-8.8996591e-09
-1.7528375e-05
-7.9462646e-09
-2.4588473e-05
-4.3605025e-13
-2.813801e-05
7.9455914e-09
-2.813801e-05
8.8994774e-09
-2.4588472e-05
3.9478229e-09
-1.7528374e-05
-6.9991406e-06
-2.0644353e-09
-6.9970759e-06
-4.9873401e-09
-1.7525451e-05
-4.6034289e-09
-2.4588856e-05
-4.2249006e-13
-2.8142612e-05
4.6027287e-09
-2.8142612e-05
4.9870973e-09
-2.4588856e-05
2.0644737e-09
-1.7525451e-05
-6.9970758e-06
-9.8108475e-10
-6.9960936e-06
-2.6383104e-09
-1.7523792e-05
-2.551025e-09
-2.4588941e-05
-4.1772712e-13
-2.8145161e-05
2.5503546e-09
-2.8145161e-05
2.6380317e-09
-2.4588941e-05
9.8109534e-10
-1.7523792e-05
-6.9960939e-06
-3.831154e-10
-6.9957102e-06
-1.2720625e-09
-1.7522902e-05
-1.324516e-09
-2.4588888e-05
-3.8000532e-13
-2.8146484e-05
1.3238687e-09
-2.8146484e-05
1.2717743e-09
-2.4588889e-05
3.8309625e-10
-1.7522903e-05
-6.9957106e-06
-7.3235534e-11
-6.9956359e-06
-5.0973528e-10
-1.7522463e-05
-6.1649819e-10
-2.4588779e-05
-3.4669502e-13
-2.8147098e-05
6.1592564e-10
-2.8147098e-05
5.0946715e-10
-2.458878e-05
7.3216904e-11
-1.7522465e-05
-6.9956366e-06
7.1772087e-11
-6.9957074e-06
-1.0967606e-10
-1.7522281e-05
-2.2610441e-10
-2.4588662e-05
-3.0179779e-13
-2.8147323e-05
2.2560298e-10
-2.8147324e-05
1.0944302e-10
-2.4588663e-05
-7.1795268e-11
-1.7522283e-05
-6.9957082e-06
1.2576173e-10
-6.9958321e-06
8.0634803e-11
-1.7522234e-05
-2.5397776e-11
-2.4588554e-05
-2.3893213e-13
-2.8147346e-05
2.4999292e-11
-2.8147347e-05
-8.0807622e-11
-2.4588556e-05
-1.2576395e-10
-1.7522236e-05
-6.9958331e-06
1.3356567e-10
-6.9959654e-06
1.5393134e-10
-1.7522254e-05
6.6475934e-11
-2.4588466e-05
-1.7477736e-13
-2.8147279e-05
-6.6754315e-11
-2.814728e-05
-1.5403871e-10
-2.4588468e-05
-1.3355486e-10
-1.7522256e-05
-6.9959665e-06
1.1942537e-10
-6.9960837e-06
1.6680568e-10
-1.7522299e-05
9.8272078e-11
-2.4588395e-05
-9.5105999e-14
-2.8147178e-05
-9.8424558e-11
-2.8147179e-05
-1.6682312e-10
-2.4588398e-05
-1.1938118e-10
-1.7522302e-05
-6.996085e-06
9.8238253e-11
-6.9961817e-06
1.5075397e-10
-1.7522351e-05
9.9839361e-11
-2.4588344e-05
-2.4422388e-14
-2.8147078e-05
-9.9847041e-11
-2.8147079e-05
-1.5069316e-10
-2.4588346e-05
-9.8172073e-11
-1.7522354e-05
-6.996183e-06
7.5769079e-11
-6.9962563e-06
1.2455847e-10
-1.7522398e-05
8.7411504e-11
-2.4588305e-05
6.2433579e-14
-2.8146989e-05
-8.728874e-11
-2.814699e-05
-1.2439812e-10
-2.4588307e-05
-7.5666179e-11
-1.7522401e-05
-6.9962578e-06
5.6537859e-11
-6.9963126e-06
9.651436e-11
-1.7522437e-05
7.077326e-11
-2.4588278e-05
1.3120552e-13
-2.8146917e-05
-7.0504908e-11
-2.8146919e-05
-9.6278736e-11
-2.4588281e-05
-5.6412005e-11
-1.752244e-05
-6.996314e-06
4.0199501e-11
-6.9963517e-06
7.1878448e-11
-1.7522467e-05
5.3934968e-11
-2.4588258e-05
2.126004e-13
-2.8146862e-05
-5.354898e-11
-2.8146863e-05
-7.1550869e-11
-2.4588261e-05
-4.004064e-11
-1.752247e-05
-6.9963532e-06
2.8223683e-11
-6.9963797e-06
5.1167835e-11
-1.7522489e-05
3.9573524e-11
-2.4588246e-05
2.6994104e-13
-2.8146822e-05
-3.9062857e-11
-2.8146823e-05
-5.0779749e-11
-2.4588249e-05
-2.8046531e-11
-1.7522492e-05
-6.9963811e-06
1.8679043e-11
-6.9963973e-06
3.5514327e-11
-1.7522504e-05
2.7683761e-11
-2.4588237e-05
3.3472576e-13
-2.8146793e-05
-2.7083013e-11
-2.8146794e-05
-3.5054222e-11
-2.458824e-05
-1.8476944e-11
-1.7522507e-05
-6.9963987e-06
1.2443209e-11
-6.9964095e-06
2.3380159e-11
-1.7522515e-05
1.8830772e-11
-2.4588232e-05
3.7375924e-13
-2.8146774e-05
-1.8141669e-11
-2.8146775e-05
-2.2881669e-11
-2.4588234e-05
-1.2230654e-11
-1.7522517e-05
-6.9964108e-06
7.4448657e-12
-6.9964159e-06
1.5035594e-11
-1.7522521e-05
1.200642e-11
-2.4588227e-05
4.1559871e-13
-2.8146761e-05
-1.1263146e-11
-2.8146762e-05
-1.4491435e-11
-2.4588229e-05
-7.2172274e-12
-1.7522523e-05
-6.9964172e-06
4.6392873e-12
-6.9964204e-06
8.7350433e-12
-1.7522524e-05
7.3747636e-12
-2.4588225e-05
4.3363254e-13
-2.8146753e-05
-6.5856344e-12
-2.8146754e-05
-8.176832e-12
-2.4588227e-05
-4.4098333e-12
-1.7522526e-05
-6.9964214e-06
2.1589093e-12
-6.9964215e-06
4.8207179e-12
-1.7522525e-05
3.8724547e-12
-2.4588222e-05
4.5134443e-13
-2.8146748e-05
-3.0658618e-12
-2.8146749e-05
-4.243611e-12
-2.4588225e-05
-1.9238587e-12
-1.7522527e-05
-6.9964226e-06
1.1281347e-12
-6.9964225e-06
1.7824267e-12
-1.7522525e-05
1.734588e-12
-2.4588222e-05
4.4963262e-13
-2.8146747e-05
-9.2239213e-13
-2.8146747e-05
-1.2133209e-12
-2.4588224e-05
-8.9888213e-13
-1.7522527e-05
-6.9964233e-06
-1.0967101e-13
-6.9964214e-06
1.8639773e-13
-1.7522524e-05
5.2903245e-14
-2.458822e-05
4.4626002e-13
-2.8146745e-05
7.4543709e-13
-2.8146746e-05
3.7891913e-13
-2.4588222e-05
3.3687244e-13
-1.7522526e-05
-6.9964222e-06
-3.1319931e-13
-6.9964209e-06
-1.230682e-12
-1.7522522e-05
-8.0207566e-13
-2.458822e-05
4.2899733e-13
-2.8146746e-05
1.5739393e-12
-2.8146747e-05
1.7712312e-12
-2.4588222e-05
5.2911149e-13
-1.7522524e-05
-6.9964215e-06
-9.8993338e-13
-6.9964189e-06
-1.7327199e-12
-1.752252e-05
-1.5924665e-12
-2.4588219e-05
4.1013937e-13
-2.8146747e-05
2.3282864e-12
-2.8146747e-05
2.2533999e-12
-2.458822e-05
1.1986708e-12
-1.7522522e-05
-6.9964196e-06
-8.4340798e-13
-6.9964179e-06
-2.4140638e-12
-1.7522518e-05
-1.8503014e-12
-2.4588219e-05
3.8297174e-13
-2.8146748e-05
2.5385268e-12
-2.8146749e-05
2.899762e-12
-2.458822e-05
1.0378551e-12
-1.7522519e-05
-6.9964184e-06
-1.2856333e-12
-6.9964157e-06
-2.4445116e-12
-1.7522515e-05
-2.241057e-12
-2.4588218e-05
3.5501888e-13
-2.814675e-05
2.8812673e-12
-2.814675e-05
2.9014411e-12
-2.4588219e-05
1.470319e-12
-1.7522516e-05
-6.9964162e-06
-1.0071221e-12
-6.9964146e-06
-2.8178737e-12
-1.7522513e-05
-2.2440382e-12
-2.4588218e-05
3.2360266e-13
-2.8146752e-05
2.8264495e-12
-2.8146752e-05
3.2358912e-12
-2.4588219e-05
1.1767998e-12
-1.7522514e-05
-6.9964149e-06
-1.3574901e-12
-6.9964123e-06
-2.6634574e-12
-1.752251e-05
-2.4684954e-12
-2.4588216e-05
2.9235224e-13
-2.8146753e-05
3.0000868e-12
-2.8146753e-05
3.0501085e-12
-2.4588217e-05
1.5169134e-12
-1.7522511e-05
-6.9964126e-06
-1.038026e-12
-6.9964111e-06
-2.9171807e-12
-1.7522508e-05
-2.3713684e-12
-2.4588217e-05
2.6136189e-13
-2.8146755e-05
2.8439308e-12
-2.8146756e-05
3.2659955e-12
-2.4588217e-05
1.1834603e-12
-1.7522509e-05
-6.9964113e-06
-1.3531792e-12
-6.9964088e-06
-2.6985202e-12
-1.7522505e-05
-2.5302805e-12
-2.4588215e-05
2.3121415e-13
-2.8146757e-05
2.9560819e-12
-2.8146757e-05
3.0180013e-12
-2.4588216e-05
1.4893015e-12
-1.7522506e-05
-6.9964091e-06
-1.0271076e-12
-6.9964077e-06
-2.9081181e-12
-1.7522503e-05
-2.3967129e-12
-2.4588216e-05
2.0386513e-13
-2.8146759e-05
2.7684263e-12
-2.8146759e-05
3.1941372e-12
-2.4588216e-05
1.1513338e-12
-1.7522503e-05
-6.9964078e-06
-1.3270216e-12
-6.9964055e-06
-2.6711557e-12
-1.75225e-05
-2.5295706e-12
-2.4588214e-05
1.7757155e-13
-2.814676e-05
2.8627629e-12
-2.814676e-05
2.9326398e-12
-2.4588215e-05
1.4436413e-12
-1.75225e-05
-6.9964057e-06
-1.0056345e-12
-6.9964043e-06
-2.8637145e-12
-1.7522498e-05
-2.3832111e-12
-2.4588214e-05
1.5558631e-13
-2.8146762e-05
2.6706022e-12
-2.8146763e-05
3.0977425e-12
-2.4588215e-05
1.112916e-12
-1.7522498e-05
-6.9964045e-06
-1.2961786e-12
-6.9964021e-06
-2.6238611e-12
-1.7522495e-05
-2.5038991e-12
-2.4588213e-05
1.3439958e-13
-2.8146764e-05
2.7627639e-12
-2.8146764e-05
2.8392823e-12
-2.4588214e-05
1.3977675e-12
-1.7522495e-05
-6.9964023e-06
-9.8238083e-13
-6.9964011e-06
-2.8077127e-12
-1.7522493e-05
-2.3525838e-12
-2.4588213e-05
1.1826429e-13
-2.8146766e-05
2.5749643e-12
-2.8146766e-05
3.0019849e-12
-2.4588214e-05
1.0771914e-12
-1.7522493e-05
-6.9964012e-06
-1.2647209e-12
-6.9963989e-06
-2.5692486e-12
-1.752249e-05
-2.4654741e-12
-2.4588212e-05
1.0230358e-13
-2.8146767e-05
2.6692594e-12
-2.8146767e-05
2.7507741e-12
-2.4588212e-05
1.3555797e-12
-1.752249e-05
-6.9963991e-06
-9.5883107e-13
-6.9963979e-06
-2.7464086e-12
-1.7522488e-05
-2.3115938e-12
-2.4588212e-05
9.1651312e-14
-2.8146769e-05
2.4876532e-12
-2.8146769e-05
2.9125104e-12
-2.4588213e-05
1.0451862e-12
-1.7522488e-05
-6.996398e-06
-1.232943e-12
-6.9963957e-06
-2.5101961e-12
-1.7522485e-05
-2.4180775e-12
-2.4588211e-05
8.0324888e-14
-2.814677e-05
2.5842859e-12
-2.814677e-05
2.6686236e-12
-2.4588211e-05
1.3167057e-12
-1.7522486e-05
-6.996396e-06
-9.3471746e-13
-6.9963947e-06
-2.6810244e-12
-1.7522483e-05
-2.2625187e-12
-2.4588211e-05
7.431568e-14
-2.8146772e-05
2.4083237e-12
-2.8146772e-05
2.8287166e-12
-2.4588211e-05
1.0158339e-12
-1.7522484e-05
-6.9963949e-06
-1.2004994e-12
-6.9963927e-06
-2.4471921e-12
-1.752248e-05
-2.3633093e-12
-2.458821e-05
6.6693442e-14
-2.8146773e-05
2.50631e-12
-2.8146773e-05
2.5911833e-12
-2.458821e-05
1.2799332e-12
-1.7522481e-05
-6.9963929e-06
-9.0969851e-13
-6.9963917e-06
-2.6118654e-12
-1.7522478e-05
-2.2067037e-12
-2.458821e-05
6.4321637e-14
-2.8146775e-05
2.3348747e-12
-2.8146776e-05
2.7486479e-12
-2.458821e-05
9.8790924e-13
-1.7522479e-05
-6.9963919e-06
-1.1672138e-12
-6.9963897e-06
-2.3805472e-12
-1.7522476e-05
-2.3024704e-12
-2.4588208e-05
5.9405422e-14
-2.8146776e-05
2.4331176e-12
-2.8146777e-05
2.5164781e-12
-2.4588209e-05
1.2442275e-12
-1.7522476e-05
-6.99639e-06
-8.8368404e-13
-6.9963888e-06
-2.5393776e-12
-1.7522474e-05
-2.1454572e-12
-2.4588209e-05
5.9704683e-14
-2.8146778e-05
2.2651632e-12
-2.8146779e-05
2.670552e-12
-2.4588209e-05
9.6051515e-13
-1.7522475e-05
-6.996389e-06
-1.1331456e-12
-6.9963868e-06
-2.3108057e-12
-1.7522471e-05
-2.2368976e-12
-2.4588207e-05
5.6592308e-14
-2.8146779e-05
2.3627907e-12
-2.814678e-05
2.4429968e-12
-2.4588208e-05
1.2089147e-12
-1.7522472e-05
-6.9963871e-06
-8.5677894e-13
-6.9963859e-06
-2.4642196e-12
-1.752247e-05
-2.0801032e-12
-2.4588208e-05
5.8744535e-14
-2.8146781e-05
2.1975175e-12
-2.8146782e-05
2.5932255e-12
-2.4588208e-05
9.3310579e-13
-1.752247e-05
-6.9963862e-06
-1.0984874e-12
-6.996384e-06
-2.2386634e-12
-1.7522467e-05
-2.1678891e-12
-2.4588206e-05
5.6705858e-14
-2.8146782e-05
2.2939443e-12
-2.8146783e-05
2.3697837e-12
-2.4588207e-05
1.1736276e-12
-1.7522468e-05
-6.9963844e-06
-8.2917852e-13
-6.9963831e-06
-2.387127e-12
-1.7522465e-05
-2.0118659e-12
-2.4588207e-05
6.007759e-14
-2.8146784e-05
2.1308065e-12
-2.8146785e-05
2.5159737e-12
-2.4588207e-05
9.054011e-13
-1.7522466e-05
-6.9963834e-06
-1.0634766e-12
-6.9963812e-06
-2.1648333e-12
-1.7522463e-05
-2.0965939e-12
-2.4588205e-05
5.856791e-14
-2.8146785e-05
2.2256993e-12
-2.8146785e-05
2.2963362e-12
-2.4588206e-05
1.1382121e-12
-1.7522464e-05
-6.9963817e-06
-8.0109648e-13
-6.9963804e-06
-2.3088024e-12
-1.7522461e-05
-1.9417906e-12
-2.4588206e-05
6.2701485e-14
-2.8146787e-05
2.0643588e-12
-2.8146787e-05
2.4384847e-12
-2.4588207e-05
8.7729739e-13
-1.7522462e-05
-6.9963808e-06
-1.0283414e-12
-6.9963786e-06
-2.0899659e-12
-1.7522459e-05
-2.0239654e-12
-2.4588204e-05
6.1339952e-14
-2.8146788e-05
2.1575777e-12
-2.8146788e-05
2.2224733e-12
-2.4588205e-05
1.1026487e-12
-1.752246e-05
-6.9963791e-06
-7.7273068e-13
-6.9963779e-06
-2.2298637e-12
-1.7522457e-05
-1.8707253e-12
-2.4588205e-05
6.5922678e-14
-2.814679e-05
1.9978476e-12
-2.814679e-05
2.3607061e-12
-2.4588206e-05
8.4880044e-13
-1.7522458e-05
-6.9963782e-06
-9.9328363e-13
-6.9963761e-06
-2.0146207e-12
-1.7522455e-05
-1.9507669e-12
-2.4588204e-05
6.4457936e-14
-2.814679e-05
2.0893876e-12
-2.8146791e-05
2.1482235e-12
-2.4588204e-05
1.0669979e-12
-1.7522456e-05
-6.9963766e-06
-7.4425395e-13
-6.9963754e-06
-2.1508355e-12
-1.7522453e-05
-1.7993439e-12
-2.4588204e-05
6.9284743e-14
-2.8146792e-05
1.9311825e-12
-2.8146793e-05
2.2827475e-12
-2.4588205e-05
8.1997985e-13
-1.7522454e-05
-6.9963758e-06
-9.5847515e-13
-6.9963737e-06
-1.9392716e-12
-1.7522451e-05
-1.8776032e-12
-2.4588203e-05
6.7557962e-14
-2.8146793e-05
2.0211257e-12
-2.8146793e-05
2.0737422e-12
-2.4588204e-05
1.0313623e-12
-1.7522452e-05
-6.9963742e-06
-7.1581486e-13
-6.996373e-06
-2.0721603e-12
-1.752245e-05
-1.7281813e-12
-2.4588203e-05
7.249792e-14
-2.8146795e-05
1.8644219e-12
-2.8146795e-05
2.2048106e-12
-2.4588204e-05
7.9093904e-13
-1.7522451e-05
-6.9963734e-06
-9.2406125e-13
-6.9963713e-06
-1.8643194e-12
-1.7522448e-05
-1.8049575e-12
-2.4588202e-05
7.0412453e-14
-2.8146796e-05
1.9529024e-12
-2.8146796e-05
1.9992522e-12
-2.4588203e-05
9.9586396e-13
-1.7522449e-05
-6.9963718e-06
-6.8754127e-13
-6.9963707e-06
-1.994214e-12
-1.7522446e-05
-1.6576686e-12
-2.4588202e-05
7.5383219e-14
-2.8146797e-05
1.7977094e-12
-2.8146798e-05
2.1271408e-12
-2.4588203e-05
7.6179547e-13
-1.7522447e-05
-6.9963711e-06
-8.9016577e-13
-6.9963691e-06
-1.7901083e-12
-1.7522444e-05
-1.7332222e-12
-2.4588201e-05
7.2882783e-14
-2.8146798e-05
1.8848872e-12
-2.8146798e-05
1.9250049e-12
-2.4588202e-05
9.6062839e-13
-1.7522445e-05
-6.9963696e-06
-6.5954503e-13
-6.9963685e-06
-1.9173184e-12
-1.7522443e-05
-1.5881593e-12
-2.4588202e-05
7.7831559e-14
-2.81468e-05
1.7312298e-12
-2.81468e-05
2.0499963e-12
-2.4588203e-05
7.3266972e-13
-1.7522444e-05
-6.996369e-06
-8.5689434e-13
-6.996367e-06
-1.7169335e-12
-1.7522441e-05
-1.6627207e-12
-2.45882e-05
7.4885519e-14
-2.81468e-05
1.8172748e-12
-2.8146801e-05
1.8512548e-12
-2.4588202e-05
9.2577684e-13
-1.7522442e-05
-6.9963675e-06
-6.3192368e-13
-6.9963664e-06
-1.8417487e-12
-1.752244e-05
-1.5199461e-12
-2.4588201e-05
7.9778827e-14
-2.8146802e-05
1.6651807e-12
-2.8146802e-05
1.9736282e-12
-2.4588202e-05
7.036772e-13
-1.7522441e-05
-6.9963669e-06
-8.2433621e-13
-6.9963649e-06
-1.6450489e-12
-1.7522438e-05
-1.5937199e-12
-2.45882e-05
7.637335e-14
-2.8146803e-05
1.7502621e-12
-2.8146803e-05
1.7782448e-12
-2.4588201e-05
8.9142023e-13
-1.7522439e-05
-6.9963654e-06
-6.047616e-13
-6.9963644e-06
-1.7677387e-12
-1.7522437e-05
-1.45327e-12
-2.45882e-05
8.1190347e-14
-2.8146804e-05
1.5997564e-12
-2.8146805e-05
1.8982697e-12
-2.4588201e-05
6.7492493e-13
-1.7522438e-05
-6.9963649e-06
-7.9256523e-13
-6.996363e-06
-1.5746691e-12
-1.7522435e-05
-1.5264375e-12
-2.4588199e-05
7.732343e-14
-2.8146805e-05
1.6840372e-12
-2.8146805e-05
1.7061977e-12
-2.45882e-05
8.576571e-13
-1.7522436e-05
-6.9963635e-06
-5.7812982e-13
-6.9963625e-06
-1.6954819e-12
-1.7522434e-05
-1.388326e-12
-2.45882e-05
8.2052868e-14
-2.8146806e-05
1.5351391e-12
-2.8146807e-05
1.8241293e-12
-2.4588201e-05
6.4650899e-13
-1.7522435e-05
-6.996363e-06
-7.6164014e-13
-6.9963611e-06
-1.5059698e-12
-1.7522432e-05
-1.4610458e-12
-2.4588199e-05
7.7731912e-14
-2.8146807e-05
1.6187733e-12
-2.8146807e-05
1.6353109e-12
-2.45882e-05
8.2457253e-13
-1.7522433e-05
-6.9963616e-06
-5.5208695e-13
-6.9963607e-06
-1.6251322e-12
-1.7522431e-05
-1.3252649e-12
-2.4588199e-05
8.2369951e-14
-2.8146809e-05
1.4714949e-12
-2.8146809e-05
1.7513888e-12
-2.45882e-05
6.1851395e-13
-1.7522432e-05
-6.9963611e-06
-7.3160547e-13
-6.9963593e-06
-1.4390891e-12
-1.752243e-05
-1.3976728e-12
-2.4588198e-05
7.7610051e-14
-2.8146809e-05
1.5546256e-12
-2.8146809e-05
1.5657555e-12
-2.4588199e-05
7.9223773e-13
-1.7522431e-05
-6.9963598e-06
-5.2667844e-13
-6.996359e-06
-1.556806e-12
-1.7522429e-05
-1.2641953e-12
-2.4588199e-05
8.2159918e-14
-2.8146811e-05
1.408971e-12
-2.8146811e-05
1.6802027e-12
-2.45882e-05
5.9101192e-13
-1.752243e-05
-6.9963594e-06
-7.0249157e-13
-6.9963576e-06
-1.374129e-12
-1.7522427e-05
-1.3364059e-12
-2.4588198e-05
7.6983508e-14
-2.8146811e-05
1.4917295e-12
-2.8146811e-05
1.4976768e-12
-2.4588199e-05
7.6071019e-13
-1.7522428e-05
-6.9963581e-06
-5.019378e-13
-6.9963573e-06
-1.490583e-12
-1.7522426e-05
-1.2051872e-12
-2.4588198e-05
8.145417e-14
-2.8146813e-05
1.347696e-12
-2.8146813e-05
1.6106984e-12
-2.4588199e-05
5.6406336e-13
-1.7522427e-05
-6.9963577e-06
-6.7431634e-13
-6.996356e-06
-1.3111569e-12
-1.7522425e-05
-1.2772944e-12
-2.4588197e-05
7.5888705e-14
-2.8146813e-05
1.4302016e-12
-2.8146813e-05
1.4311932e-12
-2.4588198e-05
7.3003483e-13
-1.7522426e-05
-6.9963565e-06
-4.7788708e-13
-6.9963557e-06
-1.4265097e-12
-1.7522424e-05
-1.1482742e-12
-2.4588198e-05
8.0294184e-14
-2.8146814e-05
1.2877792e-12
-2.8146815e-05
1.5429765e-12
-2.4588199e-05
5.3771736e-13
-1.7522425e-05
-6.9963561e-06
-6.470855e-13
-6.9963545e-06
-1.2502091e-12
-1.7522422e-05
-1.220353e-12
-2.4588197e-05
7.4371802e-14
-2.8146815e-05
1.3701393e-12
-2.8146815e-05
1.3663985e-12
-2.4588198e-05
7.0024428e-13
-1.7522423e-05
-6.9963549e-06
-4.5453776e-13
-6.9963542e-06
-1.3646028e-12
-1.7522422e-05
-1.0934585e-12
-2.4588197e-05
7.8729646e-14
-2.8146816e-05
1.2293109e-12
-2.8146817e-05
1.4771136e-12
-2.4588198e-05
5.1201255e-13
-1.7522423e-05
-6.9963546e-06
-6.2079435e-13
-6.996353e-06
-1.1912946e-12
-1.752242e-05
-1.1655673e-12
-2.4588196e-05
7.2485567e-14
-2.8146816e-05
1.3116207e-12
-2.8146817e-05
1.3033631e-12
-2.4588197e-05
6.7136043e-13
-1.7522421e-05
-6.9963535e-06
-4.3189204e-13
-6.9963528e-06
-1.3048526e-12
-1.7522419e-05
-1.0407155e-12
-2.4588197e-05
7.6815916e-14
-2.8146818e-05
1.1723635e-12
-2.8146818e-05
1.4131628e-12
-2.4588198e-05
4.869769e-13
-1.752242e-05
-6.9963531e-06
-5.9542959e-13
-6.9963516e-06
-1.1343988e-12
-1.7522418e-05
-1.1128984e-12
-2.4588196e-05
7.0286896e-14
-2.8146818e-05
1.2547065e-12
-2.8146819e-05
1.2421348e-12
-2.4588197e-05
6.4339469e-13
-1.7522419e-05
-6.996352e-06
-4.0994517e-13
-6.9963514e-06
-1.2472285e-12
-1.7522417e-05
-9.8999898e-13
-2.4588197e-05
7.4611173e-14
-2.814682e-05
1.1169915e-12
-2.814682e-05
1.3511561e-12
-2.4588198e-05
4.6263003e-13
-1.7522418e-05
-6.9963518e-06
-5.7097147e-13
-6.9963503e-06
-1.0794872e-12
-1.7522416e-05
-1.0622875e-12
-2.4588196e-05
6.7834332e-14
-2.814682e-05
1.1994396e-12
-2.814682e-05
1.1827428e-12
-2.4588197e-05
6.1634995e-13
-1.7522417e-05
-6.9963507e-06
-3.8868604e-13
-6.9963501e-06
-1.1916817e-12
-1.7522416e-05
-9.4124516e-13
-2.4588196e-05
7.2174128e-14
-2.8146821e-05
1.0632326e-12
-2.8146821e-05
1.2911066e-12
-2.4588197e-05
4.3898299e-13
-1.7522416e-05
-6.9963505e-06
-5.4739377e-13
-6.996349e-06
-1.0265107e-12
-1.7522414e-05
-1.0136617e-12
-2.4588196e-05
6.5186086e-14
-2.8146821e-05
1.1458469e-12
-2.8146822e-05
1.1251972e-12
-2.4588196e-05
5.9022107e-13
-1.7522415e-05
-6.9963494e-06
-3.6809814e-13
-6.9963489e-06
-1.1381501e-12
-1.7522414e-05
-8.9437888e-13
-2.4588196e-05
6.956213e-14
-2.8146823e-05
1.0111087e-12
-2.8146823e-05
1.2330106e-12
-2.4588197e-05
4.1603956e-13
-1.7522415e-05
-6.9963492e-06
-5.2466678e-13
-6.9963478e-06
-9.7540834e-13
-1.7522412e-05
-9.6693713e-13
-2.4588195e-05
6.2397293e-14
-2.8146823e-05
1.0939397e-12
-2.8146823e-05
1.069493e-12
-2.4588196e-05
5.6499631e-13
-1.7522413e-05
-6.9963482e-06
-3.4816209e-13
-6.9963477e-06
-1.0865625e-12
-1.7522412e-05
-8.493153e-13
-2.4588196e-05
6.6828633e-14
-2.8146824e-05
9.6062746e-13
-2.8146824e-05
1.1768494e-12
-2.4588197e-05
3.9379745e-13
-1.7522413e-05
-6.996348e-06
-5.0275776e-13
-6.9963467e-06
-9.2611116e-13
-1.7522411e-05
-9.22024e-13
-2.4588195e-05
5.9519652e-14
-2.8146824e-05
1.0437163e-12
-2.8146825e-05
1.0156118e-12
-2.4588196e-05
5.4065847e-13
-1.7522412e-05
-6.9963471e-06
-3.288558e-13
-6.9963466e-06
-1.03684e-12
-1.752241e-05
-8.0596632e-13
-2.4588196e-05
6.4023325e-14
-2.8146826e-05
9.117836e-13
-2.8146826e-05
1.1225928e-12
-2.4588196e-05
3.722494e-13
-1.7522411e-05
-6.9963469e-06
-4.8163267e-13
-6.9963456e-06
-8.7854448e-13
-1.7522409e-05
-8.7882923e-13
-2.4588195e-05
5.6599721e-14
-2.8146826e-05
9.9516292e-13
-2.8146826e-05
9.6352376e-13
-2.4588196e-05
5.171858e-13
-1.752241e-05
-6.996346e-06
-3.1015545e-13
-6.9963456e-06
-9.8890124e-13
-1.7522409e-05
-7.6424117e-13
-2.4588196e-05
6.1190571e-14
-2.8146827e-05
8.6456081e-13
-2.8146827e-05
1.0702e-12
-2.4588196e-05
3.5138335e-13
-1.752241e-05
-6.9963458e-06
-4.6125577e-13
-6.9963446e-06
-8.3263206e-13
-1.7522408e-05
-8.3725908e-13
-2.4588195e-05
5.3678762e-14
-2.8146827e-05
9.4825535e-13
-2.8146827e-05
9.1318974e-13
-2.4588195e-05
4.9455312e-13
-1.7522408e-05
-6.9963449e-06
-2.9203674e-13
-6.9963446e-06
-9.4266258e-13
-1.7522407e-05
-7.240496e-13
-2.4588195e-05
5.8368683e-14
-2.8146828e-05
8.189331e-13
-2.8146828e-05
1.019622e-12
-2.4588196e-05
3.3118433e-13
-1.7522408e-05
-6.9963448e-06
-4.4159236e-13
-6.9963436e-06
-7.8829602e-13
-1.7522406e-05
-7.9722153e-13
-2.4588194e-05
5.079188e-14
-2.8146828e-05
9.0296102e-13
-2.8146828e-05
8.6456342e-13
-2.4588195e-05
4.7273257e-13
-1.7522407e-05
-6.9963439e-06
-2.7447499e-13
-6.9963436e-06
-8.9804147e-13
-1.7522406e-05
-6.8530445e-13
-2.4588195e-05
5.5590214e-14
-2.8146829e-05
7.748669e-13
-2.814683e-05
9.7080434e-13
-2.4588196e-05
3.1163449e-13
-1.7522407e-05
-6.9963439e-06
-4.2260765e-13
-6.9963427e-06
-7.4546057e-13
-1.7522405e-05
-7.5862831e-13
-2.4588194e-05
4.7968445e-14
-2.8146829e-05
8.5924039e-13
-2.814683e-05
8.1759368e-13
-2.4588195e-05
4.5169449e-13
-1.7522406e-05
-6.996343e-06
-2.5744642e-13
-6.9963427e-06
-8.5495702e-13
-1.7522405e-05
-6.4792219e-13
-2.4588195e-05
5.2882094e-14
-2.814683e-05
7.3232233e-13
-2.8146831e-05
9.2368825e-13
-2.4588196e-05
2.9271422e-13
-1.7522405e-05
-6.996343e-06
-4.0426827e-13
-6.9963418e-06
-7.0405153e-13
-1.7522404e-05
-7.2139503e-13
-2.4588194e-05
4.5232099e-14
-2.814683e-05
8.1704892e-13
-2.8146831e-05
7.7222552e-13
-2.4588195e-05
4.3140864e-13
-1.7522404e-05
-6.9963421e-06
-2.4092777e-13
-6.9963419e-06
-8.1333153e-13
-1.7522403e-05
-6.1182407e-13
-2.4588195e-05
5.0265599e-14
-2.8146832e-05
6.9125535e-13
-2.8146832e-05
8.7821198e-13
-2.4588195e-05
2.7440327e-13
-1.7522404e-05
-6.9963421e-06
-3.865421e-13
-6.996341e-06
-6.6399853e-13
-1.7522402e-05
-6.8544311e-13
-2.4588194e-05
4.2601562e-14
-2.8146831e-05
7.7633825e-13
-2.8146832e-05
7.2840202e-13
-2.4588195e-05
4.1184369e-13
-1.7522403e-05
-6.9963413e-06
-2.2489696e-13
-6.9963411e-06
-7.7309133e-13
-1.7522402e-05
-5.7693715e-13
-2.4588195e-05
4.775743e-14
-2.8146833e-05
6.5161863e-13
-2.8146833e-05
8.3431301e-13
-2.4588195e-05
2.5668032e-13
-1.7522403e-05
-6.9963413e-06
-3.6939887e-13
-6.9963402e-06
-6.2523541e-13
-1.7522401e-05
-6.5069979e-13
-2.4588194e-05
4.0090543e-14
-2.8146832e-05
7.3705773e-13
-2.8146833e-05
6.8606561e-13
-2.4588194e-05
3.9296944e-13
-1.7522402e-05
-6.9963405e-06
-2.0933362e-13
-6.9963403e-06
-7.3416768e-13
-1.7522401e-05
-5.4319405e-13
-2.4588194e-05
4.5368956e-14
-2.8146834e-05
6.13363e-13
-2.8146834e-05
7.9192926e-13
-2.4588195e-05
2.3952459e-13
-1.7522402e-05
-6.9963405e-06
-3.5281036e-13
-6.9963395e-06
-5.8770057e-13
-1.75224e-05
-6.1709799e-13
-2.4588194e-05
3.7708338e-14
-2.8146833e-05
6.9915578e-13
-2.8146834e-05
6.4515918e-13
-2.4588194e-05
3.7475554e-13
-1.7522401e-05
-6.9963397e-06
-1.9421916e-13
-6.9963396e-06
-6.9649633e-13
-1.75224e-05
-5.1053386e-13
-2.4588194e-05
4.3108503e-14
-2.8146834e-05
5.7643907e-13
-2.8146835e-05
7.5099934e-13
-2.4588195e-05
2.2291516e-13
-1.7522401e-05
-6.9963398e-06
-3.3675035e-13
-6.9963388e-06
-5.5133755e-13
-1.7522399e-05
-5.8457802e-13
-2.4588193e-05
3.5461252e-14
-2.8146834e-05
6.6258117e-13
-2.8146835e-05
6.0562717e-13
-2.4588194e-05
3.5717302e-13
-1.75224e-05
-6.996339e-06
-1.7953618e-13
-6.9963389e-06
-6.6001919e-13
-1.7522399e-05
-4.7890193e-13
-2.4588194e-05
4.0980659e-14
-2.8146835e-05
5.4079798e-13
-2.8146836e-05
7.1146427e-13
-2.4588195e-05
2.0683218e-13
-1.75224e-05
-6.9963391e-06
-3.2119469e-13
-6.9963381e-06
-5.1609546e-13
-1.7522398e-05
-5.5308526e-13
-2.4588193e-05
3.3351974e-14
-2.8146835e-05
6.2728356e-13
-2.8146835e-05
5.6741657e-13
-2.4588194e-05
3.4019398e-13
-1.7522399e-05
-6.9963384e-06
-1.6526962e-13
-6.9963383e-06
-6.2468338e-13
-1.7522398e-05
-4.4824975e-13
-2.4588194e-05
3.8987178e-14
-2.8146836e-05
5.0639246e-13
-2.8146836e-05
6.7326824e-13
-2.4588195e-05
1.9125729e-13
-1.7522399e-05
-6.9963384e-06
-3.0612144e-13
-6.9963375e-06
-4.8192844e-13
-1.7522397e-05
-5.2257203e-13
-2.4588193e-05
3.1380863e-14
-2.8146836e-05
5.9321459e-13
-2.8146836e-05
5.3047771e-13
-2.4588194e-05
3.2379301e-13
-1.7522398e-05
-6.9963377e-06
-1.5140592e-13
-6.9963377e-06
-5.9044124e-13
-1.7522397e-05
-4.1853459e-13
-2.4588194e-05
3.7127574e-14
-2.8146837e-05
4.7317747e-13
-2.8146837e-05
6.3635885e-13
-2.4588194e-05
1.7617333e-13
-1.7522398e-05
-6.9963378e-06
-2.9151095e-13
-6.9963369e-06
-4.4879594e-13
-1.7522397e-05
-4.9299651e-13
-2.4588193e-05
2.9546421e-14
-2.8146837e-05
5.6032925e-13
-2.8146837e-05
4.9476411e-13
-2.4588194e-05
3.0794583e-13
-1.7522397e-05
-6.9963372e-06
-1.3793402e-13
-6.9963371e-06
-5.5725106e-13
-1.7522397e-05
-3.8971993e-13
-2.4588194e-05
3.5400295e-14
-2.8146838e-05
4.4111118e-13
-2.8146838e-05
6.0068829e-13
-2.4588194e-05
1.6156472e-13
-1.7522397e-05
-6.9963373e-06
-2.7734617e-13
-6.9963364e-06
-4.1666358e-13
-1.7522396e-05
-4.6432244e-13
-2.4588193e-05
2.7846114e-14
-2.8146837e-05
5.2858535e-13
-2.8146838e-05
4.6023477e-13
-2.4588193e-05
2.926306e-13
-1.7522396e-05
-6.9963366e-06
-1.2484433e-13
-6.9963366e-06
-5.2507718e-13
-1.7522396e-05
-3.6177438e-13
-2.4588194e-05
3.3802106e-14
-2.8146838e-05
4.1015563e-13
-2.8146839e-05
5.6621354e-13
-2.4588194e-05
1.4741816e-13
-1.7522396e-05
-6.9963367e-06
-2.6361177e-13
-6.9963359e-06
-3.8550176e-13
-1.7522395e-05
-4.3651934e-13
-2.4588193e-05
2.6276136e-14
-2.8146838e-05
4.979454e-13
-2.8146838e-05
4.268527e-13
-2.4588193e-05
2.7782794e-13
-1.7522395e-05
-6.9963361e-06
-1.1212976e-13
-6.9963361e-06
-4.9388883e-13
-1.7522395e-05
-3.3467238e-13
-2.4588194e-05
3.232922e-14
-2.8146839e-05
3.8027704e-13
-2.8146839e-05
5.3289677e-13
-2.4588194e-05
1.3372171e-13
-1.7522395e-05
-6.9963362e-06
-2.5029532e-13
-6.9963354e-06
-3.5528697e-13
-1.7522394e-05
-4.0956262e-13
-2.4588193e-05
2.483211e-14
-2.8146839e-05
4.6837655e-13
-2.8146839e-05
3.9458648e-13
-2.4588193e-05
2.635206e-13
-1.7522395e-05
-6.9963356e-06
-9.9784882e-14
-6.9963356e-06
-4.636615e-13
-1.7522394e-05
-3.0839394e-13
-2.4588194e-05
3.0977509e-14
-2.814684e-05
3.5144674e-13
-2.814684e-05
5.0070544e-13
-2.4588194e-05
1.2046639e-13
-1.7522395e-05
-6.9963358e-06
-2.373865e-13
-6.9963349e-06
-3.2600088e-13
-1.7522394e-05
-3.8343225e-13
-2.4588193e-05
2.3509505e-14
-2.8146839e-05
4.3985084e-13
-2.8146839e-05
3.6341038e-13
-2.4588193e-05
2.4969392e-13
-1.7522394e-05
-6.9963351e-06
-8.7806694e-14
-6.9963352e-06
-4.3437599e-13
-1.7522394e-05
-2.8292367e-13
-2.4588194e-05
2.9742391e-14
-2.814684e-05
3.2364088e-13
-2.814684e-05
4.6961333e-13
-2.4588194e-05
1.0764494e-13
-1.7522394e-05
-6.9963353e-06
-2.2487736e-13
-6.9963345e-06
-2.9763061e-13
-1.7522393e-05
-3.581141e-13
-2.4588193e-05
2.2304004e-14
-2.814684e-05
4.1234536e-13
-2.814684e-05
3.3330434e-13
-2.4588193e-05
2.3633606e-13
-1.7522393e-05
-6.9963347e-06
-7.6193897e-14
-6.9963348e-06
-4.0601921e-13
-1.7522393e-05
-2.5825188e-13
-2.4588193e-05
2.8620138e-14
-2.8146841e-05
2.9684102e-13
-2.8146841e-05
4.3960015e-13
-2.4588194e-05
9.5252852e-14
-1.7522394e-05
-6.9963349e-06
-2.1276213e-13
-6.9963341e-06
-2.701695e-13
-1.7522392e-05
-3.3359887e-13
-2.4588193e-05
2.1211021e-14
-2.814684e-05
3.858435e-13
-2.814684e-05
3.0425458e-13
-2.4588193e-05
2.2343775e-13
-1.7522393e-05
-6.9963343e-06
-6.4947796e-14
-6.9963344e-06
-3.7858336e-13
-1.7522393e-05
-2.3437341e-13
-2.4588193e-05
2.7606157e-14
-2.8146841e-05
2.7103462e-13
-2.8146841e-05
4.1065179e-13
-2.4588194e-05
8.3287996e-14
-1.7522393e-05
-6.9963345e-06
-2.0103804e-13
-6.9963338e-06
-2.4361533e-13
-1.7522392e-05
-3.0988232e-13
-2.4588193e-05
2.0226695e-14
-2.8146841e-05
3.603335e-13
-2.8146841e-05
2.7625281e-13
-2.4588193e-05
2.1099283e-13
-1.7522392e-05
-6.996334e-06
-5.407159e-14
-6.9963341e-06
-3.5206642e-13
-1.7522392e-05
-2.112884e-13
-2.4588193e-05
2.6697252e-14
-2.8146841e-05
2.4621422e-13
-2.8146842e-05
3.8276049e-13
-2.4588194e-05
7.1750675e-14
-1.7522392e-05
-6.9963342e-06
-1.8970425e-13
-6.9963334e-06
-2.1797256e-13
-1.7522391e-05
-2.8696545e-13
-2.4588192e-05
1.9347235e-14
-2.8146841e-05
3.3580998e-13
-2.8146841e-05
2.4929764e-13
-2.4588193e-05
1.9899734e-13
-1.7522392e-05
-6.9963336e-06
-4.3570802e-14
-6.9963338e-06
-3.2647247e-13
-1.7522392e-05
-1.8900197e-13
-2.4588193e-05
2.5889691e-14
-2.8146842e-05
2.2237824e-13
-2.8146842e-05
3.5592463e-13
-2.4588193e-05
6.06437e-14
-1.7522392e-05
-6.9963338e-06
-1.7876258e-13
-6.9963331e-06
-1.9325048e-13
-1.7522391e-05
-2.6485456e-13
-2.4588192e-05
1.8568956e-14
-2.8146841e-05
3.122718e-13
-2.8146842e-05
2.2339336e-13
-2.4588193e-05
1.874506e-13
-1.7522391e-05
-6.9963333e-06
-3.3452724e-14
-6.9963335e-06
-3.0181047e-13
-1.7522391e-05
-1.6752453e-13
-2.4588193e-05
2.5179716e-14
-2.8146842e-05
1.995295e-13
-2.8146842e-05
3.3014836e-13
-2.4588193e-05
4.9972174e-14
-1.7522392e-05
-6.9963335e-06
-1.6821703e-13
-6.9963328e-06
-1.6946377e-13
-1.7522391e-05
-2.4356062e-13
-2.4588192e-05
1.7887465e-14
-2.8146842e-05
2.8972372e-13
-2.8146842e-05
1.9854918e-13
-2.4588193e-05
1.7635396e-13
-1.7522391e-05
-6.996333e-06
-2.3727122e-14
-6.9963332e-06
-2.7809561e-13
-1.7522391e-05
-1.4687087e-13
-2.4588193e-05
2.4563181e-14
-2.8146843e-05
1.7767611e-13
-2.8146843e-05
3.0544104e-13
-2.4588193e-05
3.9743174e-14
-1.7522391e-05
-6.9963333e-06
-1.5807434e-13
-6.9963326e-06
-1.4663276e-13
-1.752239e-05
-2.2310033e-13
-2.4588192e-05
1.7298507e-14
-2.8146842e-05
2.6817441e-13
-2.8146842e-05
1.747792e-13
-2.4588192e-05
1.6571138e-13
-1.7522391e-05
-6.9963327e-06
-1.4405251e-14
-6.996333e-06
-2.5534801e-13
-1.752239e-05
-1.2706192e-13
-2.4588193e-05
2.4035228e-14
-2.8146843e-05
1.5682904e-13
-2.8146843e-05
2.8181718e-13
-2.4588193e-05
2.9965619e-14
-1.7522391e-05
-6.996333e-06
-1.4834274e-13
-6.9963324e-06
-1.2478234e-13
-1.752239e-05
-2.0349555e-13
-2.4588192e-05
1.6795816e-14
-2.8146842e-05
2.476352e-13
-2.8146842e-05
1.5210228e-13
-2.4588192e-05
1.5552876e-13
-1.752239e-05
-6.9963325e-06
-5.5003308e-15
-6.9963327e-06
-2.3359335e-13
-1.752239e-05
-1.0812288e-13
-2.4588193e-05
2.3588962e-14
-2.8146843e-05
1.3700195e-13
-2.8146843e-05
2.5929448e-13
-2.4588193e-05
2.0650209e-14
-1.752239e-05
-6.9963328e-06
-1.3903335e-13
-6.9963321e-06
-1.039425e-13
-1.752239e-05
-1.8477326e-13
-2.4588192e-05
1.6371916e-14
-2.8146842e-05
2.2811953e-13
-2.8146843e-05
1.3053941e-13
-2.4588192e-05
1.4581385e-13
-1.752239e-05
-6.9963323e-06
2.9726837e-15
-6.9963325e-06
-2.1286145e-13
-1.752239e-05
-9.0084802e-14
-2.4588193e-05
2.3215415e-14
-2.8146843e-05
1.1820922e-13
-2.8146843e-05
2.3789308e-13
-2.4588193e-05
1.1808164e-14
-1.752239e-05
-6.9963326e-06
-1.3015869e-13
-6.9963319e-06
-8.414717e-14
-1.7522389e-05
-1.6696604e-13
-2.4588192e-05
1.6015488e-14
-2.8146843e-05
2.0964123e-13
-2.8146843e-05
1.1011273e-13
-2.4588192e-05
1.3657537e-13
-1.752239e-05
-6.9963321e-06
1.099793e-14
-6.9963323e-06
-1.9318705e-13
-1.752239e-05
-7.2983081e-14
-2.4588193e-05
2.2901616e-14
-2.8146843e-05
1.0046469e-13
-2.8146843e-05
2.1763407e-13
-2.4588193e-05
3.4512412e-15
-1.752239e-05
-6.9963324e-06
-1.2173319e-13
-6.9963318e-06
-6.5434062e-14
-1.7522389e-05
-1.501109e-13
-2.4588192e-05
1.5711151e-14
-2.8146843e-05
1.9221177e-13
-2.8146843e-05
9.0844687e-14
-2.4588192e-05
1.278225e-13
-1.7522389e-05
-6.9963319e-06
1.8558433e-14
-6.9963322e-06
-1.7460787e-13
-1.7522389e-05
-5.6858091e-14
-2.4588193e-05
2.2629647e-14
-2.8146844e-05
8.3778099e-14
-2.8146844e-05
1.9853739e-13
-2.4588193e-05
-4.4092326e-15
-1.7522389e-05
-6.9963322e-06
-1.1377212e-13
-6.9963316e-06
-4.784345e-14
-1.7522389e-05
-1.3425052e-13
-2.4588192e-05
1.543837e-14
-2.8146843e-05
1.7583848e-13
-2.8146843e-05
7.2754444e-14
-2.4588192e-05
1.1956385e-13
-1.7522389e-05
-6.9963317e-06
2.5636695e-14
-6.996332e-06
-1.5716483e-13
-1.7522389e-05
-4.1755376e-14
-2.4588193e-05
2.2375834e-14
-2.8146844e-05
6.8154465e-14
-2.8146844e-05
1.8061948e-13
-2.4588193e-05
-1.1763682e-14
-1.7522389e-05
-6.996332e-06
-1.0629225e-13
-6.9963315e-06
-3.1417899e-14
-1.7522389e-05
-1.1943221e-13
-2.4588192e-05
1.5170203e-14
-2.8146843e-05
1.6052185e-13
-2.8146843e-05
5.5856502e-14
-2.4588192e-05
1.1180723e-13
-1.7522389e-05
-6.9963316e-06
3.2215737e-14
-6.9963319e-06
-1.4090059e-13
-1.7522389e-05
-2.7724413e-14
-2.4588192e-05
2.2109552e-14
-2.8146844e-05
5.3589369e-14
-2.8146844e-05
1.6389083e-13
-2.4588193e-05
-1.8604634e-14
-1.7522389e-05
-6.9963319e-06
-9.930961e-14
-6.9963313e-06
-1.6200125e-14
-1.7522388e-05
-1.0570729e-13
-2.4588192e-05
1.4871166e-14
-2.8146843e-05
1.462526e-13
-2.8146843e-05
4.0157475e-14
-2.4588192e-05
1.0455773e-13
-1.7522389e-05
-6.9963315e-06
3.8278829e-14
-6.9963318e-06
-1.2585756e-13
-1.7522389e-05
-1.4817804e-14
-2.4588192e-05
2.1790637e-14
-2.8146844e-05
4.006772e-14
-2.8146844e-05
1.4835344e-13
-2.4588193e-05
-2.4928211e-14
-1.7522389e-05
-6.9963318e-06
-9.2841043e-14
-6.9963312e-06
-2.2319057e-15
-1.7522388e-05
-9.3129837e-14
-2.4588192e-05
1.4496875e-14
-2.8146843e-05
1.3300886e-13
-2.8146843e-05
2.5653875e-14
-2.4588192e-05
9.7817565e-14
-1.7522388e-05
-6.9963313e-06
4.3811125e-14
-6.9963317e-06
-1.1207707e-13
-1.7522389e-05
-3.0902306e-15
-2.4588192e-05
2.1369961e-14
-2.8146844e-05
2.7559731e-14
-2.8146844e-05
1.339977e-13
-2.4588192e-05
-3.0735296e-14
-1.7522389e-05
-6.9963317e-06
-8.6901094e-14
-6.9963311e-06
1.0448192e-14
-1.7522388e-05
-8.1755722e-14
-2.4588192e-05
1.3993387e-14
-2.8146843e-05
1.2075325e-13
-2.8146843e-05
1.2328307e-14
-2.4588192e-05
9.158352e-14
-1.7522388e-05
-6.9963312e-06
4.8800202e-14
-6.9963316e-06
-9.9596189e-14
-1.7522388e-05
7.4031724e-15
-2.4588192e-05
2.0788762e-14
-2.8146844e-05
1.6018798e-14
-2.8146844e-05
1.2079957e-13
-2.4588192e-05
-3.6033034e-14
-1.7522388e-05
-6.9963316e-06
-8.1502776e-14
-6.9963311e-06
2.1807626e-14
-1.7522388e-05
-7.1639414e-14
-2.4588191e-05
1.3297078e-14
-2.8146843e-05
1.0943059e-13
-2.8146843e-05
1.4679666e-16
-2.4588192e-05
8.5847719e-14
-1.7522388e-05
-6.9963311e-06
5.3237905e-14
-6.9963315e-06
-8.8445097e-14
-1.7522388e-05
1.6611544e-14
-2.4588192e-05
1.9978774e-14
-2.8146844e-05
5.378899e-15
-2.8146844e-05
1.087176e-13
-2.4588192e-05
-4.0835364e-14
-1.7522388e-05
-6.9963315e-06
-7.6654607e-14
-6.996331e-06
3.1823279e-14
-1.7522388e-05
-6.2830056e-14
-2.4588191e-05
1.2335762e-14
-2.8146843e-05
9.8965616e-14
-2.8146843e-05
-1.0943075e-14
-2.4588191e-05
8.0594251e-14
-1.7522388e-05
-6.9963311e-06
5.7120993e-14
-6.9963314e-06
-7.8642483e-14
-1.7522388e-05
2.4490869e-14
-2.4588192e-05
1.8864548e-14
-2.8146844e-05
-4.446781e-15
-2.8146844e-05
9.7690956e-14
-2.4588192e-05
-4.5165336e-14
-1.7522388e-05
-6.9963314e-06
-7.2360196e-14
-6.9963309e-06
4.0486726e-14
-1.7522388e-05
-5.5366927e-14
-2.4588191e-05
1.1031842e-14
-2.8146843e-05
8.9262764e-14
-2.8146843e-05
-2.1015793e-14
-2.4588191e-05
7.579936e-14
-1.7522388e-05
-6.996331e-06
6.0454534e-14
-6.9963314e-06
-7.0190165e-14
-1.7522388e-05
3.1011842e-14
-2.4588192e-05
1.7367471e-14
-2.8146844e-05
-1.3565822e-14
-2.8146844e-05
8.7636572e-14
-2.4588192e-05
-4.9055615e-14
-1.7522388e-05
-6.9963313e-06
-6.8614149e-14
-6.9963309e-06
4.7810549e-14
-1.7522388e-05
-4.9270689e-14
-2.4588191e-05
9.3066236e-15
-2.8146843e-05
8.0205785e-14
-2.8146843e-05
-3.0168469e-14
-2.4588191e-05
7.142945e-14
-1.7522388e-05
-6.9963309e-06
6.3253682e-14
-6.9963313e-06
-6.3065501e-14
-1.7522388e-05
3.6167959e-14
-2.4588192e-05
1.541099e-14
-2.8146844e-05
-2.2105058e-14
-2.8146844e-05
7.8448511e-14
-2.4588192e-05
-5.2549394e-14
-1.7522388e-05
-6.9963313e-06
-6.5400318e-14
-6.9963308e-06
5.3836132e-14
-1.7522387e-05
-4.4533712e-14
-2.4588191e-05
7.0881728e-15
-2.8146843e-05
7.166202e-14
-2.8146843e-05
-3.8522883e-14
-2.4588191e-05
6.7441333e-14
-1.7522388e-05
-6.9963309e-06
6.5548156e-14
-6.9963313e-06
-5.7212398e-14
-1.7522388e-05
3.9988009e-14
-2.4588192e-05
1.2930465e-14
-2.8146844e-05
-3.0206835e-14
-2.8146844e-05
6.9997323e-14
-2.4588192e-05
-5.5701181e-14
-1.7522388e-05
-6.9963312e-06
-6.2686516e-14
-6.9963308e-06
5.864457e-14
-1.7522387e-05
-4.110629e-14
-2.4588191e-05
4.3218997e-15
-2.8146843e-05
6.3485679e-14
-2.8146843e-05
-4.6222914e-14
-2.4588191e-05
6.3780138e-14
-1.7522387e-05
-6.9963308e-06
6.7385524e-14
-6.9963312e-06
-5.2529496e-14
-1.7522388e-05
4.2550762e-14
-2.4588192e-05
9.886244e-15
-2.8146844e-05
-3.8022823e-14
-2.8146844e-05
6.2132826e-14
-2.4588192e-05
-5.857747e-14
-1.7522388e-05
-6.9963312e-06
-6.0420518e-14
-6.9963307e-06
6.2368373e-14
-1.7522387e-05
-3.8879464e-14
-2.4588191e-05
9.8585394e-16
-2.8146843e-05
5.5527691e-14
-2.8146843e-05
-5.3433277e-14
-2.4588191e-05
6.03799e-14
-1.7522387e-05
-6.9963308e-06
6.8837599e-14
-6.9963312e-06
-4.8856764e-14
-1.7522388e-05
4.4003301e-14
-2.4588192e-05
6.2800645e-15
-2.8146844e-05
-4.5702293e-14
-2.8146844e-05
5.4686566e-14
-2.4588192e-05
-6.1255947e-14
-1.7522388e-05
-6.9963311e-06
-5.8523343e-14
-6.9963307e-06
6.5206536e-14
-1.7522387e-05
-3.7666217e-14
-2.4588191e-05
-2.8911322e-15
-2.8146843e-05
4.7648036e-14
-2.8146843e-05
-6.0333029e-14
-2.4588191e-05
5.7164956e-14
-1.7522387e-05
-6.9963307e-06
7.0004693e-14
-6.9963311e-06
-4.5960873e-14
-1.7522388e-05
4.4580874e-14
-2.4588192e-05
2.1750021e-15
-2.8146843e-05
-5.3377956e-14
-2.8146843e-05
4.7480183e-14
-2.4588192e-05
-6.3823044e-14
-1.7522388e-05
-6.9963311e-06
-5.6884753e-14
-6.9963306e-06
6.7437245e-14
-1.7522387e-05
-3.7180563e-14
-2.4588191e-05
-7.2080504e-15
-2.8146843e-05
3.973267e-14
-2.8146843e-05
-6.7106354e-14
-2.4588191e-05
5.4051185e-14
-1.7522387e-05
-6.9963307e-06
7.1022155e-14
-6.9963311e-06
-4.3522988e-14
-1.7522387e-05
4.462701e-14
-2.4588191e-05
-2.2816514e-15
-2.8146843e-05
-6.1146162e-14
-2.8146843e-05
4.0336327e-14
-2.4588192e-05
-6.6372028e-14
-1.7522388e-05
-6.9963311e-06
-5.5356535e-14
-6.9963306e-06
6.94293e-14
-1.7522387e-05
-3.7020031e-14
-2.4588191e-05
-1.1768591e-14
-2.8146843e-05
3.1715424e-14
-2.8146843e-05
-7.3929729e-14
-2.4588191e-05
5.0948825e-14
-1.7522387e-05
-6.9963307e-06
7.2062791e-14
-6.9963311e-06
-4.1129213e-14
-1.7522387e-05
4.4607095e-14
-2.4588191e-05
-6.8370741e-15
-2.8146843e-05
-6.9044005e-14
-2.8146843e-05
3.3093465e-14
-2.4588191e-05
-6.8998314e-14
-1.7522387e-05
-6.9963311e-06
-5.374984e-14
-6.9963306e-06
7.1645653e-14
-1.7522387e-05
-3.6656392e-14
-2.458819e-05
-1.6262661e-14
-2.8146843e-05
2.3600636e-14
-2.8146843e-05
-8.0952661e-14
-2.4588191e-05
4.7767455e-14
-1.7522387e-05
-6.9963307e-06
7.333781e-14
-6.996331e-06
-3.827349e-14
-1.7522387e-05
4.5110252e-14
-2.4588191e-05
-1.1118588e-14
-2.8146843e-05
-7.7024116e-14
-2.8146843e-05
2.5624773e-14
-2.4588191e-05
-7.1791807e-14
-1.7522387e-05
-6.996331e-06
-5.1835291e-14
-6.9963305e-06
7.4632032e-14
-1.7522387e-05
-3.5444747e-14
-2.458819e-05
-2.0256942e-14
-2.8146842e-05
1.5488775e-14
-2.8146842e-05
-8.8276445e-14
-2.4588191e-05
4.4420129e-14
-1.7522387e-05
-6.9963306e-06
7.5087803e-14
-6.996331e-06
-3.4377441e-14
-1.7522387e-05
4.6826639e-14
-2.4588191e-05
-1.4632113e-14
-2.8146843e-05
-8.4928404e-14
-2.8146843e-05
1.7861397e-14
-2.4588191e-05
-7.4829316e-14
-1.7522387e-05
-6.996331e-06
-4.9351697e-14
-6.9963305e-06
7.8979412e-14
-1.7522387e-05
-3.2661318e-14
-2.458819e-05
-2.3201948e-14
-2.8146842e-05
7.6000743e-15
-2.8146842e-05
-9.59233e-14
-2.458819e-05
4.0828698e-14
-1.7522387e-05
-6.9963306e-06
7.7563617e-14
-6.996331e-06
-2.884444e-14
-1.7522387e-05
5.0485506e-14
-2.4588191e-05
-1.6781606e-14
-2.8146843e-05
-9.2458201e-14
-2.8146843e-05
9.8243902e-15
-2.4588191e-05
-7.8160783e-14
-1.7522387e-05
-6.996331e-06
-4.6024299e-14
-6.9963305e-06
8.5241074e-14
-1.7522387e-05
-2.7593775e-14
-2.458819e-05
-2.44625e-14
-2.8146842e-05
3.0884329e-16
-2.8146842e-05
-1.0378678e-13
-2.458819e-05
3.6930663e-14
-1.7522387e-05
-6.9963306e-06
8.0981644e-14
-6.996331e-06
-2.1169178e-14
-1.7522387e-05
5.6725382e-14
-2.4588191e-05
-1.6913756e-14
-2.8146843e-05
-9.9118605e-14
-2.8146843e-05
1.686306e-15
-2.4588191e-05
-8.1783444e-14
-1.7522387e-05
-6.996331e-06
-4.1613546e-14
-6.9963305e-06
9.3764933e-14
-1.7522387e-05
-1.9715913e-14
-2.458819e-05
-2.3372091e-14
-2.8146842e-05
-5.7793126e-15
-2.8146842e-05
-1.1152376e-13
-2.458819e-05
3.2703861e-14
-1.7522387e-05
-6.9963306e-06
8.5430906e-14
-6.9963309e-06
-1.1165357e-14
-1.7522387e-05
6.5847708e-14
-2.4588191e-05
-1.4382323e-14
-2.8146842e-05
-1.0408106e-13
-2.8146843e-05
-6.0743071e-15
-2.4588191e-05
-8.5575775e-14
-1.7522387e-05
-6.996331e-06
-3.6028223e-14
-6.9963305e-06
1.0434919e-13
-1.7522387e-05
-9.0235159e-15
-2.458819e-05
-1.9297547e-14
-2.8146842e-05
-9.6114069e-15
-2.8146842e-05
-1.1828632e-13
-2.458819e-05
2.8249527e-14
-1.7522387e-05
-6.9963306e-06
9.0665568e-14
-6.9963309e-06
5.4903628e-16
-1.7522387e-05
7.73378e-14
-2.4588191e-05
-8.613047e-15
-2.8146842e-05
-1.0581299e-13
-2.8146842e-05
-1.2264615e-14
-2.4588191e-05
-8.9122088e-14
-1.7522387e-05
-6.996331e-06
-2.9613215e-14
-6.9963305e-06
1.1550545e-13
-1.7522386e-05
3.2949636e-15
-2.458819e-05
-1.1688559e-14
-2.8146842e-05
-9.1095446e-15
-2.8146842e-05
-1.2204428e-13
-2.458819e-05
2.4052323e-14
-1.7522387e-05
-6.9963306e-06
9.5629886e-14
-6.996331e-06
1.1473284e-14
-1.7522387e-05
8.8893962e-14
-2.458819e-05
8.6689426e-16
-2.8146842e-05
-1.0115363e-13
-2.8146842e-05
-1.3937234e-14
-2.4588191e-05
-9.1254846e-14
-1.7522387e-05
-6.996331e-06
-2.3865653e-14
-6.9963305e-06
1.2283566e-13
-1.7522386e-05
1.345455e-14
-2.458819e-05
-6.9692161e-17
-2.8146841e-05
2.4148153e-16
-2.8146841e-05
-1.1795867e-13
-2.458819e-05
2.1691818e-14
-1.7522387e-05
-6.9963307e-06
9.7345091e-14
-6.996331e-06
1.4798216e-14
-1.7522387e-05
9.4390619e-14
-2.458819e-05
1.447798e-14
-2.8146842e-05
-8.3182631e-14
-2.8146842e-05
-3.9128594e-15
-2.4588191e-05
-8.8929025e-14
-1.7522387e-05
-6.9963311e-06
-2.3170121e-14
-6.9963305e-06
1.1546062e-13
-1.7522386e-05
1.2087567e-14
-2.4588189e-05
1.60635e-14
-2.8146841e-05
2.8563641e-14
-2.8146841e-05
-9.4696653e-14
-2.458819e-05
2.5614738e-14
-1.7522387e-05
-6.9963307e-06
8.8363656e-14
-6.996331e-06
-5.92684e-15
-1.7522387e-05
7.9607005e-14
-2.458819e-05
3.2743688e-14
-2.8146842e-05
-3.6667361e-14
-2.8146842e-05
3.4729009e-14
-2.458819e-05
-7.4613658e-14
-1.7522387e-05
-6.9963311e-06
-3.8762279e-14
-6.9963305e-06
6.841663e-14
-1.7522386e-05
-2.1960053e-14
-2.4588189e-05
3.7443512e-14
-2.8146841e-05
9.8157592e-14
-2.8146841e-05
-2.659438e-14
-2.458819e-05
4.7187223e-14
-1.7522387e-05
-6.9963307e-06
5.1221013e-14
-6.9963309e-06
-8.7904186e-14
-1.7522387e-05
1.3654267e-14
-2.458819e-05
5.6517264e-14
-2.8146842e-05
7.0926128e-14
-2.8146842e-05
1.4003475e-13
-2.458819e-05
-3.0634412e-14
-1.7522387e-05
-6.996331e-06
-9.7145562e-14
-6.9963304e-06
-7.249164e-14
-1.7522386e-05
-1.3367653e-13
-2.4588189e-05
6.5241544e-14
-2.8146841e-05
2.5597107e-13
-2.8146841e-05
1.4175494e-13
-2.4588189e-05
1.1323438e-13
-1.7522386e-05
-6.9963305e-06
-5.2727397e-14
-6.9963307e-06
-3.1028474e-13
-1.7522386e-05
-1.6674723e-13
-2.458819e-05
8.7142094e-14
-2.8146842e-05
3.0545618e-13
-2.8146842e-05
3.9259634e-13
-2.458819e-05
8.2103686e-14
-1.7522386e-05
-6.9963308e-06
-2.5625482e-13
-6.99633e-06
-4.1767553e-13
-1.7522386e-05
-4.1255662e-13
-2.4588189e-05
1.0108181e-13
-2.8146842e-05
5.9438626e-13
-2.8146842e-05
5.2255808e-13
-2.4588189e-05
2.8229217e-13
-1.7522386e-05
-6.9963301e-06
-3.0306546e-13
-6.9963301e-06
-8.2900345e-13
-1.7522386e-05
-5.815041e-13
-2.458819e-05
1.26278e-13
-2.8146843e-05
7.9005348e-13
-2.8146843e-05
9.5027029e-13
-2.458819e-05
3.4390556e-13
-1.7522386e-05
-6.9963301e-06
-6.3191658e-13
-6.996329e-06
-1.1725621e-12
-1.7522384e-05
-1.0200523e-12
-2.458819e-05
1.465521e-13
-2.8146844e-05
1.2779327e-12
-2.8146844e-05
1.3231552e-12
-2.458819e-05
6.7101617e-13
-1.7522384e-05
-6.9963291e-06
-8.4771602e-13
-6.9963286e-06
-1.9181341e-12
-1.7522384e-05
-1.430926e-12
-2.4588191e-05
1.7509032e-13
-2.8146846e-05
1.7274137e-12
-2.8146846e-05
2.0886941e-12
-2.4588191e-05
9.0351268e-13
-1.7522384e-05
-6.9963285e-06
-1.4286718e-12
-6.9963267e-06
-2.6663382e-12
-1.7522382e-05
-2.2021503e-12
-2.4588191e-05
2.0183629e-13
-2.8146848e-05
2.5535579e-12
-2.8146848e-05
2.8733537e-12
-2.458819e-05
1.4846864e-12
-1.7522382e-05
-6.9963266e-06
-1.9195211e-12
-6.9963252e-06
-3.9712658e-12
-1.7522381e-05
-2.9755651e-12
-2.4588192e-05
2.3241642e-13
-2.8146852e-05
3.3762812e-12
-2.8146851e-05
4.200804e-12
-2.4588192e-05
1.9942102e-12
-1.752238e-05
-6.9963249e-06
-2.9394329e-12
-6.9963218e-06
-5.2834093e-12
-1.7522378e-05
-4.2092313e-12
-2.4588192e-05
2.6347422e-13
-2.8146855e-05
4.6665281e-12
-2.8146855e-05
5.5545483e-12
-2.4588192e-05
3.0162572e-12
-1.7522377e-05
-6.9963215e-06
-3.7758791e-12
-6.9963184e-06
-7.3158393e-12
-1.7522375e-05
-5.3442574e-12
-2.4588195e-05
2.9229607e-13
-2.8146862e-05
5.8548041e-12
-2.8146861e-05
7.6086087e-12
-2.4588194e-05
3.8727564e-12
-1.7522374e-05
-6.9963179e-06
-5.4079983e-12
-6.9963125e-06
-9.0675439e-12
-1.752237e-05
-6.9268648e-12
-2.4588196e-05
3.2165136e-13
-2.8146868e-05
7.4862378e-12
-2.8146868e-05
9.4011595e-12
-2.4588195e-05
5.5080885e-12
-1.7522369e-05
-6.996312e-06
-6.4023975e-12
-6.9963064e-06
-1.1504264e-11
-1.7522366e-05
-7.8899511e-12
-2.4588201e-05
3.4148017e-13
-2.8146877e-05
8.4915484e-12
-2.8146876e-05
1.1851909e-11
-2.4588199e-05
6.5222835e-12
-1.7522364e-05
-6.9963058e-06
-8.5297568e-12
-6.9962974e-06
-1.2546202e-11
-1.7522361e-05
-8.8419024e-12
-2.4588204e-05
3.5823644e-13
-2.8146885e-05
9.4686491e-12
-2.8146885e-05
1.292337e-11
-2.4588202e-05
8.6519712e-12
-1.7522359e-05
-6.9962967e-06
-8.7025677e-12
-6.996289e-06
-1.3514068e-11
-1.7522357e-05
-7.635875e-12
-2.458821e-05
3.5863503e-13
-2.8146894e-05
8.2702434e-12
-2.8146893e-05
1.3888132e-11
-2.4588208e-05
8.8415214e-12
-1.7522355e-05
-6.9962881e-06
-1.0255127e-11
-6.9962783e-06
-1.0149459e-11
-1.7522356e-05
-4.8407756e-12
-2.4588215e-05
3.4801589e-13
-2.8146899e-05
5.4560688e-12
-2.8146898e-05
1.0527354e-11
-2.4588212e-05
1.039223e-11
-1.7522354e-05
-6.9962773e-06
-6.8629257e-12
-6.9962717e-06
-4.2581018e-12
-1.7522359e-05
3.6415736e-12
-2.4588223e-05
3.1750669e-13
-2.8146896e-05
-3.0821752e-12
-2.8146895e-05
4.6052939e-12
-2.4588221e-05
7.0098444e-12
-1.7522357e-05
-6.9962705e-06
-4.6427039e-12
-6.9962665e-06
1.215287e-11
-1.7522375e-05
1.7426403e-11
-2.4588227e-05
2.6375816e-13
-2.8146878e-05
-1.695015e-11
-2.8146877e-05
-1.1842623e-11
-2.4588225e-05
4.7787613e-12
-1.7522373e-05
-6.9962653e-06
8.1234825e-12
-6.996275e-06
3.6521304e-11
-1.7522404e-05
4.3555238e-11
-2.4588235e-05
1.9374649e-13
-2.8146835e-05
-4.3224158e-11
-2.8146834e-05
-3.6277262e-11
-2.4588232e-05
-7.9892643e-12
-1.7522402e-05
-6.9962735e-06
2.0912918e-11
-6.9962953e-06
8.2132011e-11
-1.7522465e-05
8.181927e-11
-2.4588234e-05
8.6164792e-14
-2.8146753e-05
-8.1644493e-11
-2.8146752e-05
-8.197631e-11
-2.4588231e-05
-2.0805214e-11
-1.7522462e-05
-6.9962939e-06
5.2909381e-11
-6.9963486e-06
1.4498424e-10
-1.7522558e-05
1.4274265e-10
-2.4588233e-05
-2.3056355e-14
-2.8146611e-05
-1.4281203e-10
-2.814661e-05
-1.4493217e-10
-2.458823e-05
-5.2820688e-11
-1.7522555e-05
-6.996347e-06
8.7494448e-11
-6.9964356e-06
2.4410636e-10
-1.7522714e-05
2.2570746e-10
-2.4588214e-05
-1.8313419e-13
-2.8146384e-05
-2.2599507e-10
-2.8146383e-05
-2.4419651e-10
-2.4588211e-05
-8.7457094e-11
-1.7522711e-05
-6.9964342e-06
1.5192881e-10
-6.996588e-06
3.7256588e-10
-1.7522936e-05
3.438374e-10
-2.4588186e-05
-3.175809e-13
-2.8146041e-05
-3.4445094e-10
-2.814604e-05
-3.727932e-10
-2.4588183e-05
-1.5193415e-10
-1.7522933e-05
-6.9965866e-06
2.2238648e-10
-6.9968101e-06
5.5292108e-10
-1.7523266e-05
4.9438717e-10
-2.4588127e-05
-5.1192325e-13
-2.8145546e-05
-4.9524551e-10
-2.8145545e-05
-5.533387e-10
-2.4588125e-05
-2.2247947e-10
-1.7523263e-05
-6.9968089e-06
3.3172075e-10
-6.9971425e-06
7.7265988e-10
-1.7523708e-05
6.898151e-10
-2.4588045e-05
-6.4406897e-13
-2.8144856e-05
-6.9103481e-10
-2.8144856e-05
-7.7324211e-10
-2.4588044e-05
-3.3188605e-10
-1.7523706e-05
-6.9971414e-06
4.4900623e-10
-6.9975914e-06
1.051883e-09
-1.7524311e-05
9.2205099e-10
-2.4587916e-05
-8.3966423e-13
-2.8143933e-05
-9.2348937e-10
-2.8143933e-05
-1.05269e-09
-2.4587914e-05
-4.4930277e-10
-1.7524309e-05
-6.9975907e-06
6.0640247e-10
-6.9981988e-06
1.3686821e-09
-1.7525074e-05
1.1970684e-09
-2.4587746e-05
-9.374697e-13
-2.8142736e-05
-1.1988363e-09
-2.8142736e-05
-1.3696699e-09
-2.4587745e-05
-6.0679474e-10
-1.7525073e-05
-6.9981983e-06
7.6734551e-10
-6.9989663e-06
1.7316431e-09
-1.7526038e-05
1.4971504e-09
-2.4587511e-05
-1.0985872e-12
-2.8141238e-05
-1.499056e-09
-2.8141238e-05
-1.7328608e-09
-2.4587511e-05
-7.678991e-10
-1.7526038e-05
-6.9989663e-06
9.5485435e-10
-6.9999222e-06
2.1052641e-09
-1.752719e-05
1.8148643e-09
-2.4587222e-05
-1.1428895e-12
-2.8139423e-05
-1.8170214e-09
-2.8139423e-05
-2.1066596e-09
-2.4587223e-05
-9.5549208e-10
-1.7527191e-05
-6.9999226e-06
1.1285302e-09
-7.001051e-06
2.4776283e-09
-1.7528539e-05
2.1189299e-09
-2.4586863e-05
-1.2700472e-12
-2.8137303e-05
-2.121158e-09
-2.8137304e-05
-2.4792137e-09
-2.4586865e-05
-1.1292997e-09
-1.7528541e-05
-7.001052e-06
1.2937394e-09
-7.0023456e-06
2.796089e-09
-1.7530042e-05
2.3838106e-09
-2.4586452e-05
-1.2969218e-12
-2.8134919e-05
-2.3862283e-09
-2.813492e-05
-2.7977976e-09
-2.4586455e-05
-1.2945056e-09
-1.7530045e-05
-7.002347e-06
1.405182e-09
-7.0037507e-06
3.0195511e-09
-1.7531655e-05
2.5577421e-09
-2.458599e-05
-1.3861954e-12
-2.813236e-05
-2.560181e-09
-2.8132361e-05
-3.0213582e-09
-2.4585994e-05
-1.4060314e-09
-1.753166e-05
-7.003753e-06
1.4620338e-09
-7.0052132e-06
3.0710299e-09
-1.7533265e-05
2.5824625e-09
-2.4585502e-05
-1.3727158e-12
-2.8129777e-05
-2.5850111e-09
-2.8129778e-05
-3.0728858e-09
-2.4585507e-05
-1.4628493e-09
-1.753327e-05
-7.005216e-06
1.4749584e-09
2.8896182e-09
2.3785299e-09
-1.3909081e-12
-2.3810433e-09
-2.8914289e-09
-1.4758522e-09
)
;

boundaryField
{
    left
    {
        type            calculated;
        value           nonuniform List<scalar> 8(1.9313562e-05 1.9313562e-05 1.9313562e-05 1.9313562e-05 1.9313562e-05 1.9313562e-05 1.9313562e-05 1.9313562e-05);
    }
    right
    {
        type            calculated;
        value           nonuniform List<scalar> 8(-7.006688e-06 -1.7534679e-05 -2.4584991e-05 -2.8127397e-05 -2.8127399e-05 -2.4584996e-05 -1.7534685e-05 -7.0066918e-06);
    }
    walls
    {
        type            calculated;
        value           uniform 0;
    }
    frontAndBack
    {
        type            empty;
        value           nonuniform 0();
    }
}


// ************************************************************************* //
