/*--------------------------------*- C++ -*----------------------------------*\
| =========                 |                                                 |
| \\      /  F ield         | OpenFOAM: The Open Source CFD Toolbox           |
|  \\    /   O peration     | Version:  5.x                                   |
|   \\  /    A nd           | Web:      www.OpenFOAM.org                      |
|    \\/     M anipulation  |                                                 |
\*---------------------------------------------------------------------------*/
FoamFile
{
    version     2.0;
    format      ascii;
    class       volSymmTensorField;
    location    "10";
    object      sigma_0;
}
// * * * * * * * * * * * * * * * * * * * * * * * * * * * * * * * * * * * * * //

dimensions      [0 2 -2 0 0 0 0];

internalField   nonuniform List<symmTensor> 
1920
(
(0.0033071134 0.016839416 0 -0.010248319 0 0)
(-0.00049154163 0.0069277033 0 0.0017546341 0 0)
(-0.0021652838 0.0040969055 0 0.0017061937 0 0)
(-0.0017920247 0.0012770272 0 0.0017731831 0 0)
(-0.0017919886 -0.0012770364 0 0.0017731466 0 0)
(-0.002165289 -0.0040968629 0 0.0017062002 0 0)
(-0.00049154906 -0.0069277046 0 0.0017546417 0 0)
(0.003307112 -0.016839416 0 -0.010248315 0 0)
(0.0055706612 0.011848269 0 -0.0059158237 0 0)
(0.00067113378 0.0024844812 0 0.00052473954 0 0)
(-0.0034085179 0.00098598075 0 0.0029116945 0 0)
(-0.0034852637 0.00050018812 0 0.0032015303 0 0)
(-0.0034852402 -0.00050018848 0 0.0032015037 0 0)
(-0.003408534 -0.00098590054 0 0.0029117135 0 0)
(0.00067114038 -0.0024844696 0 0.00052472792 0 0)
(0.0055706611 -0.011848271 0 -0.005915824 0 0)
(0.0051339488 0.010229638 0 -0.0067765683 0 0)
(0.0012898015 0.00157886 0 -0.00071708595 0 0)
(-0.00291965 0.00043179687 0 0.0026168139 0 0)
(-0.0037485805 0.00014889565 0 0.0035664206 0 0)
(-0.003748585 -0.00014889914 0 0.0035664285 0 0)
(-0.0029196021 -0.00043187528 0 0.0026167622 0 0)
(0.0012898096 -0.0015788709 0 -0.00071709172 0 0)
(0.0051339512 -0.010229639 0 -0.0067765732 0 0)
(0.0040178209 0.0094399609 0 -0.0056254976 0 0)
(0.0014597169 0.0020638378 0 -0.0012431034 0 0)
(-0.0022297297 0.00044175232 0 0.0020881461 0 0)
(-0.0034672531 5.748998e-05 0 0.0033994214 0 0)
(-0.0034671769 -5.7504548e-05 0 0.0033993467 0 0)
(-0.0022297683 -0.00044168591 0 0.0020881863 0 0)
(0.0014597227 -0.002063825 0 -0.0012431089 0 0)
(0.0040178267 -0.0094399609 0 -0.0056255033 0 0)
(0.0030948003 0.009086782 0 -0.0043303317 0 0)
(0.001360257 0.0027742853 0 -0.0013236626 0 0)
(-0.00159385 0.00085383857 0 0.0014988715 0 0)
(-0.0029502842 0.00015390982 0 0.0029098601 0 0)
(-0.0029504751 -0.00015390232 0 0.002910052 0 0)
(-0.0015942082 -0.00085363564 0 0.0014992253 0 0)
(0.0013602493 -0.0027742773 0 -0.0013236544 0 0)
(0.0030948029 -0.0090867746 0 -0.0043303343 0 0)
(0.0023704147 0.0088372097 0 -0.0033574714 0 0)
(0.0011634201 0.003533195 0 -0.0012376809 0 0)
(-0.0011530139 0.0013034217 0 0.0010731676 0 0)
(-0.002185069 0.00032641256 0 0.0021620197 0 0)
(-0.0021850076 -0.0003264448 0 0.002161956 0 0)
(-0.0011526555 -0.0013037313 0 0.0010728109 0 0)
(0.0011634558 -0.0035331895 0 -0.0012377173 0 0)
(0.0023704272 -0.0088372053 0 -0.0033574833 0 0)
(0.0016313821 0.0085816055 0 -0.0024857933 0 0)
(0.00089991314 0.0042096224 0 -0.001059385 0 0)
(-0.00076127258 0.0018020469 0 0.00068691044 0 0)
(-0.0016663749 0.00048891863 0 0.0016552327 0 0)
(-0.0016663428 -0.00048893499 0 0.0016552014 0 0)
(-0.00076115661 -0.0018021301 0 0.00068679314 0 0)
(0.00089993509 -0.0042096181 0 -0.0010594062 0 0)
(0.0016313843 -0.008581591 0 -0.0024857948 0 0)
(0.0011355052 0.0084146361 0 -0.0019218285 0 0)
(0.00070545512 0.0046075654 0 -0.00091950915 0 0)
(-0.00048897844 0.0022407241 0 0.00041186843 0 0)
(-0.0012379701 0.00063754318 0 0.001233571 0 0)
(-0.0012380325 -0.00063752826 0 0.0012336324 0 0)
(-0.00048897119 -0.0022407042 0 0.00041186127 0 0)
(0.0007054591 -0.0046075816 0 -0.00091951503 0 0)
(0.001135502 -0.0084146208 0 -0.0019218234 0 0)
(0.00077898383 0.0083008743 0 -0.0015240858 0 0)
(0.00050681244 0.0049895358 0 -0.00076509769 0 0)
(-0.00032127686 0.0025616613 0 0.00023625141 0 0)
(-0.00092172724 0.0007548513 0 0.00091887781 0 0)
(-0.00092149457 -0.00075494507 0 0.00091864819 0 0)
(-0.0003212268 -0.0025617187 0 0.00023620187 0 0)
(0.00050684541 -0.0049894945 0 -0.00076512973 0 0)
(0.00077900295 -0.0083008588 0 -0.0015241039 0 0)
(0.00052333661 0.0082210096 0 -0.0012430854 0 0)
(0.00036688828 0.0052286693 0 -0.0006550662 0 0)
(-0.0002038249 0.0028222362 0 0.00010920429 0 0)
(-0.00062472673 0.00087180468 0 0.00062106197 0 0)
(-0.0006249515 -0.00087172341 0 0.00062128571 0 0)
(-0.00020384595 -0.0028221685 0 0.00010922648 0 0)
(0.00036688299 -0.005228685 0 -0.00065506148 0 0)
(0.00052332908 -0.0082209865 0 -0.0012430753 0 0)
(0.00034408632 0.0081666258 0 -0.0010487192 0 0)
(0.00025990429 0.0054003461 0 -0.00056901471 0 0)
(-0.00012687743 0.0030165725 0 2.3757249e-05 0 0)
(-0.00043328557 0.00095097981 0 0.00042762848 0 0)
(-0.00043320419 -0.00095102264 0 0.00042754629 0 0)
(-0.00012684109 -0.0030166386 0 2.3719624e-05 0 0)
(0.00025992997 -0.0054003021 0 -0.00056903857 0 0)
(0.00034410606 -0.0081666068 0 -0.0010487367 0 0)
(0.00022203437 0.0081305626 0 -0.00091782321 0 0)
(0.00017890022 0.005523122 0 -0.00050230707 0 0)
(-7.7613847e-05 0.003156388 0 -3.2198872e-05 0 0)
(-0.00028743503 0.0010139951 0 0.00027965697 0 0)
(-0.00028743366 -0.0010140028 0 0.0002796557 0 0)
(-7.7634786e-05 -0.0031563284 0 -3.2176802e-05 0 0)
(0.00017888746 -0.005523133 0 -0.00050229451 0 0)
(0.00022202439 -0.0081305358 0 -0.00091781022 0 0)
(0.0001409403 0.0081071641 0 -0.00083160881 0 0)
(0.00012037706 0.0056072019 0 -0.00045323914 0 0)
(-4.6514186e-05 0.003254827 0 -6.8295641e-05 0 0)
(-0.0001878962 0.0010584515 0 0.00017831783 0 0)
(-0.00018800845 -0.0010584228 0 0.00017842911 0 0)
(-4.6498255e-05 -0.0032548817 0 -6.8312893e-05 0 0)
(0.00012039213 -0.0056071646 0 -0.00045325232 0 0)
(0.00014095449 -0.0081071429 0 -0.0008316199 0 0)
(8.7875832e-05 0.0080922215 0 -0.00077561575 0 0)
(7.9421133e-05 0.0056631992 0 -0.00041840558 0 0)
(-2.7173513e-05 0.003322776 0 -9.1216652e-05 0 0)
(-0.00012180619 0.0010890176 0 0.00011084293 0 0)
(-0.00012163506 -0.0010890999 0 0.00011067181 0 0)
(-2.7192327e-05 -0.0033227363 0 -9.1197233e-05 0 0)
(7.9404528e-05 -0.0056632055 0 -0.00041838853 0 0)
(8.7866834e-05 -0.0080921956 0 -0.00077560352 0 0)
(5.3702907e-05 0.0080828492 0 -0.00073980751 0 0)
(5.1429659e-05 0.0056997878 0 -0.00039430393 0 0)
(-1.5410277e-05 0.0033686879 0 -0.00010545787 0 0)
(-7.8404988e-05 0.0011096541 0 6.6442429e-05 0 0)
(-7.8528228e-05 -0.0011096215 0 6.6565168e-05 0 0)
(-1.5408945e-05 -0.0033687274 0 -0.00010546031 0 0)
(5.1434465e-05 -0.005699762 0 -0.00039430714 0 0)
(5.371026e-05 -0.0080828283 0 -0.00073981145 0 0)
(3.2080973e-05 0.0080771001 0 -0.00071730405 0 0)
(3.2678563e-05 0.0057232577 0 -0.0003779826 0 0)
(-8.3695926e-06 0.0033992639 0 -0.00011416289 0 0)
(-4.8655674e-05 0.0011240859 0 3.5994465e-05 0 0)
(-4.8030171e-05 -0.0011243842 0 3.5365924e-05 0 0)
(-8.3849623e-06 -0.0033992447 0 -0.00011414751 0 0)
(3.2662779e-05 -0.0057232598 0 -0.00037796604 0 0)
(3.207329e-05 -0.0080770773 0 -0.00071729318 0 0)
(1.8620676e-05 0.0080736553 0 -0.00070339435 0 0)
(2.0326633e-05 0.0057380961 0 -0.00036712067 0 0)
(-4.2914424e-06 0.0034191756 0 -0.00011932843 0 0)
(-2.9530992e-05 0.0011336045 0 1.6402649e-05 0 0)
(-3.0429118e-05 -0.0011332165 0 1.7304728e-05 0 0)
(-4.2973599e-06 -0.0034192013 0 -0.0001193234 0 0)
(2.0324422e-05 -0.0057380813 0 -0.00036711732 0 0)
(1.862254e-05 -0.0080736363 0 -0.00070339295 0 0)
(1.0436799e-05 0.0080716617 0 -0.00069500136 0 0)
(1.2364094e-05 0.0057472617 0 -0.00036005266 0 0)
(-1.9849922e-06 0.0034319911 0 -0.00012232879 0 0)
(-1.8131789e-05 0.0011394426 0 4.70207e-06 0 0)
(-1.7515565e-05 -0.0011397495 0 4.0819788e-06 0 0)
(-1.9963683e-06 -0.0034319872 0 -0.00012231777 0 0)
(1.2351714e-05 -0.0057472612 0 -0.00036003952 0 0)
(1.0430534e-05 -0.0080716427 0 -0.00069499215 0 0)
(5.5556386e-06 0.0080705529 0 -0.00069004011 0 0)
(7.3008735e-06 0.0057528457 0 -0.00035551577 0 0)
(-7.5053464e-07 0.0034400195 0 -0.0001239934 0 0)
(-1.0149085e-05 0.0011435857 0 -3.4769566e-06 0 0)
(-1.0616713e-05 -0.0011433833 0 -3.0071296e-06 0 0)
(-7.5812208e-07 -0.0034400346 0 -0.00012398658 0 0)
(7.2954229e-06 -0.0057528387 0 -0.00035550957 0 0)
(5.5545004e-06 -0.0080705365 0 -0.00069003611 0 0)
(2.8250088e-06 0.0080699906 0 -0.00068729493 0 0)
(4.1723472e-06 0.0057561337 0 -0.00035268677 0 0)
(-1.2383866e-07 0.003444992 0 -0.00012488087 0 0)
(-5.8020089e-06 0.001145928 0 -7.9424932e-06 0 0)
(-5.3286724e-06 -0.001146178 0 -8.4192622e-06 0 0)
(-1.3167213e-07 -0.0034449966 0 -0.00012487368 0 0)
(4.1639368e-06 -0.0057561316 0 -0.00035267774 0 0)
(2.8204909e-06 -0.0080699749 0 -0.00068728786 0 0)
(1.1943057e-06 0.0080697071 0 -0.0006856776 0 0)
(2.2620345e-06 0.005758038 0 -0.00035094293 0 0)
(1.5637886e-07 0.0034479642 0 -0.00012531281 0 0)
(-2.7388088e-06 0.0011475994 0 -1.1080056e-05 0 0)
(-3.2409723e-06 -0.0011473624 0 -1.0574662e-05 0 0)
(1.4972703e-07 -0.0034479727 0 -0.00012530683 0 0)
(2.2557644e-06 -0.0057580351 0 -0.0003509362 0 0)
(1.191965e-06 -0.0080696931 0 -0.00068567281 0 0)
(3.6755894e-07 0.0080696042 0 -0.00068487519 0 0)
(1.1467822e-06 0.0057590785 0 -0.00034991429 0 0)
(2.5532097e-07 0.0034497111 0 -0.00012549762 0 0)
(-1.5393912e-06 0.0011483054 0 -1.2318794e-05 0 0)
(-1.2954523e-06 -0.0011484487 0 -1.2565121e-05 0 0)
(2.4982299e-07 -0.0034497188 0 -0.00012549281 0 0)
(1.1414687e-06 -0.0057590757 0 -0.0003499085 0 0)
(3.6463485e-07 -0.0080695912 0 -0.00068487011 0 0)
(-4.3118131e-08 0.0080695928 0 -0.00068449062 0 0)
(5.0310885e-07 0.0057596283 0 -0.00034931428 0 0)
(2.6347177e-07 0.003450686 0 -0.00012555067 0 0)
(-4.3565077e-07 0.0011489493 0 -1.3448031e-05 0 0)
(-4.479015e-07 -0.001148958 0 -1.3436053e-05 0 0)
(2.5833471e-07 -0.003450691 0 -0.00012554615 0 0)
(4.9725158e-07 -0.0057596269 0 -0.00034930811 0 0)
(-4.6236591e-08 -0.0080695807 0 -0.00068448549 0 0)
(-2.1794239e-07 0.0080696234 0 -0.0006843387 0 0)
(1.6329423e-07 0.0057598841 0 -0.00034899187 0 0)
(2.3161125e-07 0.0034512086 0 -0.0001255411 0 0)
(-5.9423949e-08 0.0011491962 0 -1.3835871e-05 0 0)
(-9.975235e-08 -0.001149186 0 -1.3795714e-05 0 0)
(2.2719442e-07 -0.0034512161 0 -0.00012553732 0 0)
(1.5981265e-07 -0.0057598813 0 -0.00034898804 0 0)
(-2.2045906e-07 -0.0080696122 0 -0.00068433435 0 0)
(-2.6256676e-07 0.0080696678 0 -0.00068431333 0 0)
(-5.7206166e-09 0.0057599879 0 -0.00034882834 0 0)
(1.8868379e-07 0.0034514602 0 -0.00012550647 0 0)
(1.5856316e-07 0.0011493488 0 -1.4060048e-05 0 0)
(1.4602554e-07 -0.0011493534 0 -1.404782e-05 0 0)
(1.8481853e-07 -0.0034514641 0 -0.00012550311 0 0)
(-1.0761153e-08 -0.0057599865 0 -0.00034882303 0 0)
(-2.6520679e-07 -0.0080696572 0 -0.00068430905 0 0)
(-2.4810829e-07 0.0080697143 0 -0.00068434297 0 0)
(-9.1812577e-08 0.0057600172 0 -0.00034874088 0 0)
(1.4917908e-07 0.0034515625 0 -0.000125469 0 0)
(2.0824834e-07 0.0011494016 0 -1.4111933e-05 0 0)
(1.8898123e-07 -0.0011493976 0 -1.4092831e-05 0 0)
(1.450328e-07 -0.003451568 0 -0.00012546534 0 0)
(-9.5498591e-08 -0.0057600154 0 -0.00034873693 0 0)
(-2.50524e-07 -0.0080697044 0 -0.00068433901 0 0)
(-2.1208186e-07 0.008069751 0 -0.0006843901 0 0)
(-1.1150142e-07 0.0057600017 0 -0.00034871838 0 0)
(1.0999719e-07 0.0034515967 0 -0.00012542823 0 0)
(2.1073026e-07 0.0011494174 0 -1.4115001e-05 0 0)
(2.1111303e-07 -0.0011494273 0 -1.4115678e-05 0 0)
(1.0611265e-07 -0.0034516008 0 -0.0001254248 0 0)
(-1.1603671e-07 -0.0057599999 0 -0.00034871346 0 0)
(-2.1414537e-07 -0.0080697419 0 -0.00068438667 0 0)
(-1.6727266e-07 0.008069785 0 -0.00068444307 0 0)
(-1.1059241e-07 0.0057599697 0 -0.00034871631 0 0)
(7.8971557e-08 0.0034515831 0 -0.0001253947 0 0)
(1.9333884e-07 0.0011494234 0 -1.4097399e-05 0 0)
(1.9236855e-07 -0.0011494303 0 -1.4096719e-05 0 0)
(7.5544217e-08 -0.0034515877 0 -0.00012539162 0 0)
(-1.141326e-07 -0.0057599683 0 -0.0003487125 0 0)
(-1.6913364e-07 -0.0080697769 0 -0.00068443992 0 0)
(-1.2966842e-07 0.0080698086 0 -0.00068448662 0 0)
(-9.3011029e-08 0.0057599385 0 -0.0003487298 0 0)
(5.517966e-08 0.003451555 0 -0.00012536813 0 0)
(1.6453119e-07 0.0011494142 0 -1.4067976e-05 0 0)
(1.6309048e-07 -0.0011494223 0 -1.4066747e-05 0 0)
(5.1797487e-08 -0.0034515586 0 -0.0001253651 0 0)
(-9.6976606e-08 -0.0057599379 0 -0.00034872556 0 0)
(-1.3168308e-07 -0.0080698005 0 -0.00068448343 0 0)
(-9.7161237e-08 0.0080698282 0 -0.00068452327 0 0)
(-7.6787539e-08 0.0057599096 0 -0.00034874294 0 0)
(3.8130165e-08 0.0034515217 0 -0.00012534853 0 0)
(1.2864347e-07 0.0011494023 0 -1.4031318e-05 0 0)
(1.2732549e-07 -0.0011494088 0 -1.403024e-05 0 0)
(3.5138619e-08 -0.003451526 0 -0.00012534586 0 0)
(-8.0114532e-08 -0.0057599084 0 -0.00034873943 0 0)
(-9.8904028e-08 -0.0080698213 0 -0.00068452045 0 0)
(-7.0995591e-08 0.0080698421 0 -0.00068455239 0 0)
(-5.9411423e-08 0.0057598861 0 -0.00034875783 0 0)
(2.6375166e-08 0.0034514901 0 -0.00012533468 0 0)
(1.0309686e-07 0.0011493917 0 -1.4005133e-05 0 0)
(1.005247e-07 -0.0011493973 0 -1.4002734e-05 0 0)
(2.3127344e-08 -0.003451493 0 -0.00012533174 0 0)
(-6.3012299e-08 -0.0057598852 0 -0.00034875398 0 0)
(-7.2758955e-08 -0.0080698353 0 -0.00068454963 0 0)
(-5.158415e-08 0.0080698533 0 -0.00068457376 0 0)
(-4.6083432e-08 0.0057598667 0 -0.00034876932 0 0)
(1.8688873e-08 0.0034514674 0 -0.00012532515 0 0)
(7.4297143e-08 0.0011493783 0 -1.3975696e-05 0 0)
(7.2942478e-08 -0.0011493836 0 -1.3974531e-05 0 0)
(1.5552068e-08 -0.0034514706 0 -0.00012532227 0 0)
(-4.9216203e-08 -0.005759866 0 -0.00034876603 0 0)
(-5.3198547e-08 -0.0080698476 0 -0.00068457124 0 0)
(-3.6960118e-08 0.0080698605 0 -0.00068458984 0 0)
(-3.4255309e-08 0.0057598521 0 -0.00034877979 0 0)
(1.4043489e-08 0.0034514468 0 -0.000125319 0 0)
(5.7203319e-08 0.001149371 0 -1.3958195e-05 0 0)
(5.5796489e-08 -0.0011493755 0 -1.3956938e-05 0 0)
(1.123772e-08 -0.0034514494 0 -0.00012531644 0 0)
(-3.7383811e-08 -0.0057598515 0 -0.00034877644 0 0)
(-3.8558248e-08 -0.008069855 0 -0.00068458741 0 0)
(-2.6588962e-08 0.0080698668 0 -0.00068460103 0 0)
(-2.6193251e-08 0.0057598411 0 -0.00034878704 0 0)
(9.8329361e-09 0.0034514321 0 -0.00012531385 0 0)
(4.0575143e-08 0.0011493623 0 -1.39412e-05 0 0)
(3.9371021e-08 -0.0011493659 0 -1.3940126e-05 0 0)
(7.0790689e-09 -0.0034514347 0 -0.0001253113 0 0)
(-2.8977463e-08 -0.0057598407 0 -0.0003487841 0 0)
(-2.8041683e-08 -0.0080698621 0 -0.00068459882 0 0)
(-1.9387737e-08 0.0080698706 0 -0.00068460905 0 0)
(-1.9276162e-08 0.0057598327 0 -0.00034879313 0 0)
(7.2662409e-09 0.0034514194 0 -0.00012531051 0 0)
(3.1482931e-08 0.0011493587 0 -1.3931891e-05 0 0)
(3.0612067e-08 -0.0011493623 0 -1.3931145e-05 0 0)
(4.9412731e-09 -0.0034514216 0 -0.00012530835 0 0)
(-2.1931179e-08 -0.0057598324 0 -0.00034879028 0 0)
(-2.0814931e-08 -0.0080698662 0 -0.00068460694 0 0)
(-1.412587e-08 0.0080698741 0 -0.00068461461 0 0)
(-1.4895932e-08 0.0057598267 0 -0.0003487972 0 0)
(5.4812916e-09 0.0034514108 0 -0.00012530817 0 0)
(2.3597897e-08 0.001149354 0 -1.3923831e-05 0 0)
(2.2569293e-08 -0.0011493569 0 -1.3922895e-05 0 0)
(3.2498358e-09 -0.003451413 0 -0.0001253061 0 0)
(-1.7281527e-08 -0.0057598265 0 -0.00034879467 0 0)
(-1.541424e-08 -0.0080698703 0 -0.0006846127 0 0)
(-1.0949718e-08 0.0080698764 0 -0.00068461834 0 0)
(-1.1288884e-08 0.0057598221 0 -0.00034880026 0 0)
(4.1773763e-09 0.0034514033 0 -0.00012530647 0 0)
(1.8916962e-08 0.001149352 0 -1.3919031e-05 0 0)
(1.8345551e-08 -0.0011493551 0 -1.3918567e-05 0 0)
(2.3012558e-09 -0.0034514053 0 -0.00012530472 0 0)
(-1.3482055e-08 -0.005759822 0 -0.00034879791 0 0)
(-1.2189734e-08 -0.0080698729 0 -0.00068461653 0 0)
(-8.3536613e-09 0.0080698785 0 -0.00068462101 0 0)
(-9.1573989e-09 0.0057598188 0 -0.00034880231 0 0)
(3.459383e-09 0.0034513981 0 -0.0001253054 0 0)
(1.5262089e-08 0.0011493496 0 -1.3915298e-05 0 0)
(1.4552907e-08 -0.0011493522 0 -1.3914665e-05 0 0)
(1.7171815e-09 -0.0034514001 0 -0.00012530379 0 0)
(-1.1107818e-08 -0.0057598188 0 -0.00034880023 0 0)
(-9.4550029e-09 -0.0080698755 0 -0.00068461939 0 0)
(-7.1049042e-09 0.0080698802 0 -0.00068462269 0 0)
(-7.3924931e-09 0.0057598163 0 -0.00034880369 0 0)
(2.8117443e-09 0.0034513935 0 -0.00012530453 0 0)
(1.2974027e-08 0.0011493483 0 -1.3912942e-05 0 0)
(1.2592116e-08 -0.0011493512 0 -1.3912656e-05 0 0)
(1.3642877e-09 -0.0034513952 0 -0.00012530319 0 0)
(-9.1331936e-09 -0.0057598164 0 -0.00034880182 0 0)
(-8.1424206e-09 -0.0080698774 0 -0.00068462119 0 0)
(-5.8220958e-09 0.0080698816 0 -0.00068462396 0 0)
(-6.4864967e-09 0.0057598145 0 -0.00034880461 0 0)
(2.5226001e-09 0.0034513904 0 -0.00012530401 0 0)
(1.1214135e-08 0.0011493467 0 -1.3911146e-05 0 0)
(1.0760697e-08 -0.001149349 0 -1.3910758e-05 0 0)
(1.2200132e-09 -0.0034513922 0 -0.00012530283 0 0)
(-8.0105357e-09 -0.0057598146 0 -0.00034880298 0 0)
(-6.7246732e-09 -0.0080698793 0 -0.00068462263 0 0)
(-5.3985661e-09 0.008069883 0 -0.00068462476 0 0)
(-5.6170389e-09 0.005759813 0 -0.00034880518 0 0)
(2.1772034e-09 0.0034513872 0 -0.00012530352 0 0)
(1.0111777e-08 0.0011493458 0 -1.3910003e-05 0 0)
(9.8401102e-09 -0.0011493484 0 -1.3909816e-05 0 0)
(1.1200746e-09 -0.0034513886 0 -0.00012530256 0 0)
(-6.9419935e-09 -0.0057598131 0 -0.00034880376 0 0)
(-6.2353865e-09 -0.0080698808 0 -0.00068462354 0 0)
(-4.7090766e-09 0.0080698842 0 -0.0006846254 0 0)
(-5.2960941e-09 0.0057598118 0 -0.00034880557 0 0)
(2.0426102e-09 0.0034513854 0 -0.00012530324 0 0)
(9.2235394e-09 0.0011493446 0 -1.3909097e-05 0 0)
(8.9310229e-09 -0.0011493466 0 -1.3908861e-05 0 0)
(1.1185261e-09 -0.0034513868 0 -0.00012530241 0 0)
(-6.439125e-09 -0.0057598119 0 -0.00034880434 0 0)
(-5.4235596e-09 -0.0080698823 0 -0.00068462433 0 0)
(-4.6192426e-09 0.0080698854 0 -0.00068462583 0 0)
(-4.8190041e-09 0.0057598109 0 -0.0003488058 0 0)
(1.8266793e-09 0.0034513828 0 -0.00012530292 0 0)
(8.6562438e-09 0.0011493439 0 -1.3908502e-05 0 0)
(8.4652247e-09 -0.0011493462 0 -1.3908386e-05 0 0)
(1.0990183e-09 -0.003451384 0 -0.00012530227 0 0)
(-5.7876334e-09 -0.0057598109 0 -0.00034880475 0 0)
(-5.2730515e-09 -0.0080698836 0 -0.00068462486 0 0)
(-4.1806393e-09 0.0080698864 0 -0.0006846262 0 0)
(-4.7466806e-09 0.00575981 0 -0.00034880595 0 0)
(1.7492097e-09 0.0034513815 0 -0.00012530273 0 0)
(8.1613565e-09 0.0011493429 0 -1.3907998e-05 0 0)
(7.9783633e-09 -0.0011493446 0 -1.3907864e-05 0 0)
(1.1292955e-09 -0.0034513827 0 -0.0001253022 0 0)
(-5.5712592e-09 -0.0057598101 0 -0.00034880507 0 0)
(-4.7283988e-09 -0.0080698849 0 -0.00068462536 0 0)
(-4.2188565e-09 0.0080698876 0 -0.00068462649 0 0)
(-4.4287983e-09 0.0057598092 0 -0.00034880605 0 0)
(1.5930267e-09 0.0034513793 0 -0.00012530249 0 0)
(7.8216652e-09 0.0011493423 0 -1.3907639e-05 0 0)
(7.6978452e-09 -0.0011493443 0 -1.3907581e-05 0 0)
(1.1221689e-09 -0.0034513803 0 -0.0001253021 0 0)
(-5.1110939e-09 -0.0057598093 0 -0.00034880531 0 0)
(-4.7152471e-09 -0.0080698861 0 -0.00068462574 0 0)
(-3.8813555e-09 0.0080698886 0 -0.00068462675 0 0)
(-4.4484703e-09 0.0057598085 0 -0.00034880612 0 0)
(1.5417822e-09 0.0034513783 0 -0.00012530235 0 0)
(7.4991656e-09 0.0011493414 0 -1.3907311e-05 0 0)
(7.3947886e-09 -0.0011493429 0 -1.390725e-05 0 0)
(1.1489241e-09 -0.0034513793 0 -0.00012530204 0 0)
(-5.0228999e-09 -0.0057598085 0 -0.00034880551 0 0)
(-4.2891123e-09 -0.0080698873 0 -0.0006846261 0 0)
(-3.9637785e-09 0.0080698897 0 -0.00068462698 0 0)
(-4.1896419e-09 0.0057598079 0 -0.00034880618 0 0)
(1.4194583e-09 0.0034513763 0 -0.00012530217 0 0)
(7.2527695e-09 0.0011493409 0 -1.390705e-05 0 0)
(7.181343e-09 -0.0011493425 0 -1.3907037e-05 0 0)
(1.1339077e-09 -0.0034513771 0 -0.00012530195 0 0)
(-4.6553048e-09 -0.0057598078 0 -0.00034880567 0 0)
(-4.3314933e-09 -0.0080698884 0 -0.0006846264 0 0)
(-3.6658496e-09 0.0080698906 0 -0.00068462719 0 0)
(-4.2347001e-09 0.0057598072 0 -0.00034880623 0 0)
(1.384297e-09 0.0034513754 0 -0.00012530205 0 0)
(7.0060549e-09 0.00114934 0 -1.39068e-05 0 0)
(6.9557529e-09 -0.0011493414 0 -1.3906789e-05 0 0)
(1.1488071e-09 -0.0034513763 0 -0.00012530189 0 0)
(-4.6242672e-09 -0.0057598072 0 -0.00034880582 0 0)
(-3.9619001e-09 -0.0080698895 0 -0.00068462669 0 0)
(-3.7600527e-09 0.0080698917 0 -0.0006846274 0 0)
(-3.9946725e-09 0.0057598066 0 -0.00034880629 0 0)
(1.2853357e-09 0.0034513736 0 -0.0001253019 0 0)
(6.7979512e-09 0.0011493395 0 -1.3906581e-05 0 0)
(6.7620075e-09 -0.001149341 0 -1.3906598e-05 0 0)
(1.1230007e-09 -0.0034513742 0 -0.0001253018 0 0)
(-4.3054743e-09 -0.0057598065 0 -0.00034880595 0 0)
(-4.027582e-09 -0.0080698906 0 -0.00068462696 0 0)
(-3.4780665e-09 0.0080698925 0 -0.0006846276 0 0)
(-4.0400799e-09 0.005759806 0 -0.00034880634 0 0)
(1.2617677e-09 0.0034513728 0 -0.00012530181 0 0)
(6.5868525e-09 0.0011493387 0 -1.3906369e-05 0 0)
(6.5700401e-09 -0.00114934 0 -1.3906388e-05 0 0)
(1.1264738e-09 -0.0034513734 0 -0.00012530175 0 0)
(-4.3010439e-09 -0.0057598059 0 -0.00034880607 0 0)
(-3.6893312e-09 -0.0080698915 0 -0.00068462721 0 0)
(-3.5726147e-09 0.0080698936 0 -0.0006846278 0 0)
(-3.8049359e-09 0.0057598055 0 -0.0003488064 0 0)
(1.1805029e-09 0.003451371 0 -0.00012530168 0 0)
(6.3957685e-09 0.0011493382 0 -1.390617e-05 0 0)
(6.3796527e-09 -0.0011493396 0 -1.3906202e-05 0 0)
(1.0921057e-09 -0.0034513716 0 -0.00012530165 0 0)
(-4.0116771e-09 -0.0057598053 0 -0.00034880618 0 0)
(-3.7658592e-09 -0.0080698926 0 -0.00068462745 0 0)
(-3.2983076e-09 0.0080698944 0 -0.00068462798 0 0)
(-3.8433607e-09 0.0057598049 0 -0.00034880647 0 0)
(1.1653424e-09 0.0034513702 0 -0.00012530161 0 0)
(6.2040546e-09 0.0011493375 0 -1.3905979e-05 0 0)
(6.2045227e-09 -0.0011493387 0 -1.3906014e-05 0 0)
(1.0867929e-09 -0.0034513708 0 -0.0001253016 0 0)
(-4.0207512e-09 -0.0057598048 0 -0.00034880628 0 0)
(-3.4484211e-09 -0.0080698935 0 -0.00068462768 0 0)
(-3.3898945e-09 0.0080698954 0 -0.00068462817 0 0)
(-3.6099049e-09 0.0057598044 0 -0.00034880653 0 0)
(1.0976602e-09 0.0034513686 0 -0.0001253015 0 0)
(6.0221706e-09 0.001149337 0 -1.3905793e-05 0 0)
(6.0136783e-09 -0.0011493382 0 -1.3905828e-05 0 0)
(1.046978e-09 -0.0034513691 0 -0.00012530151 0 0)
(-3.7518731e-09 -0.0057598042 0 -0.00034880638 0 0)
(-3.5308073e-09 -0.0080698945 0 -0.0006846279 0 0)
(-3.1208506e-09 0.0080698962 0 -0.00068462835 0 0)
(-3.6408003e-09 0.0057598039 0 -0.0003488066 0 0)
(1.0881335e-09 0.0034513678 0 -0.00012530144 0 0)
(5.8432368e-09 0.0011493363 0 -1.3905616e-05 0 0)
(5.8493334e-09 -0.0011493375 0 -1.3905654e-05 0 0)
(1.0355954e-09 -0.0034513684 0 -0.00012530145 0 0)
(-3.7684593e-09 -0.0057598037 0 -0.00034880647 0 0)
(-3.2292369e-09 -0.0080698953 0 -0.00068462811 0 0)
(-3.2091015e-09 0.0080698971 0 -0.00068462853 0 0)
(-3.4096263e-09 0.0057598034 0 -0.00034880668 0 0)
(1.0306807e-09 0.0034513663 0 -0.00012530134 0 0)
(5.6678028e-09 0.0011493358 0 -1.3905439e-05 0 0)
(5.6586146e-09 -0.001149337 0 -1.3905471e-05 0 0)
(9.9306267e-10 -0.0034513667 0 -0.00012530136 0 0)
(-3.5154004e-09 -0.0057598032 0 -0.00034880657 0 0)
(-3.3151899e-09 -0.0080698962 0 -0.00068462831 0 0)
(-2.9449522e-09 0.0080698979 0 -0.0006846287 0 0)
(-3.434607e-09 0.0057598029 0 -0.00034880676 0 0)
(1.0244316e-09 0.0034513656 0 -0.00012530129 0 0)
(5.4987928e-09 0.0011493352 0 -1.3905274e-05 0 0)
(5.5029641e-09 -0.0011493363 0 -1.3905308e-05 0 0)
(9.7782227e-10 -0.0034513661 0 -0.00012530131 0 0)
(-3.5364201e-09 -0.0057598027 0 -0.00034880666 0 0)
(-3.0266659e-09 -0.008069897 0 -0.0006846285 0 0)
(-3.0304184e-09 0.0080698988 0 -0.00068462888 0 0)
(-3.2072749e-09 0.0057598025 0 -0.00034880684 0 0)
(9.7451343e-10 0.0034513641 0 -0.00012530121 0 0)
(5.3288917e-09 0.0011493347 0 -1.3905104e-05 0 0)
(5.3141219e-09 -0.0011493358 0 -1.3905128e-05 0 0)
(9.3463336e-10 -0.0034513645 0 -0.00012530123 0 0)
(-3.2963695e-09 -0.0057598022 0 -0.00034880674 0 0)
(-3.1148963e-09 -0.0080698979 0 -0.00068462869 0 0)
(-2.7714146e-09 0.0080698994 0 -0.00068462904 0 0)
(-3.2283252e-09 0.005759802 0 -0.00034880692 0 0)
(9.6970991e-10 0.0034513635 0 -0.00012530117 0 0)
(5.1684251e-09 0.0011493341 0 -1.3904949e-05 0 0)
(5.1664049e-09 -0.0011493353 0 -1.3904976e-05 0 0)
(9.1717147e-10 -0.0034513639 0 -0.00012530117 0 0)
(-3.3200707e-09 -0.0057598017 0 -0.00034880683 0 0)
(-2.8375032e-09 -0.0080698986 0 -0.00068462887 0 0)
(-2.8548619e-09 0.0080699003 0 -0.00068462921 0 0)
(-3.0063232e-09 0.0057598016 0 -0.000348807 0 0)
(9.2527086e-10 0.0034513621 0 -0.0001253011 0 0)
(5.0038008e-09 0.0011493337 0 -1.3904787e-05 0 0)
(4.9811996e-09 -0.0011493348 0 -1.39048e-05 0 0)
(8.747638e-10 -0.0034513625 0 -0.0001253011 0 0)
(-3.0911362e-09 -0.0057598013 0 -0.00034880691 0 0)
(-2.9271692e-09 -0.0080698994 0 -0.00068462905 0 0)
(-2.6013643e-09 0.0080699009 0 -0.00068462936 0 0)
(-3.0251752e-09 0.0057598011 0 -0.00034880708 0 0)
(9.2062045e-10 0.0034513615 0 -0.00012530106 0 0)
(4.8511276e-09 0.0011493331 0 -1.390464e-05 0 0)
(4.8410553e-09 -0.0011493342 0 -1.3904658e-05 0 0)
(8.5622814e-10 -0.0034513619 0 -0.00012530105 0 0)
(-3.1164603e-09 -0.0057598008 0 -0.000348807 0 0)
(-2.6594731e-09 -0.0080699001 0 -0.00068462921 0 0)
(-2.6835332e-09 0.0080699018 0 -0.00068462953 0 0)
(-2.8096099e-09 0.0057598007 0 -0.00034880716 0 0)
(8.8017764e-10 0.0034513602 0 -0.000125301 0 0)
(4.6917823e-09 0.0011493327 0 -1.3904485e-05 0 0)
(4.6609145e-09 -0.0011493338 0 -1.3904488e-05 0 0)
(8.1553406e-10 -0.0034513606 0 -0.00012530098 0 0)
(-2.8972906e-09 -0.0057598004 0 -0.00034880708 0 0)
(-2.7500085e-09 -0.0080699009 0 -0.00068462938 0 0)
(-2.4358463e-09 0.0080699023 0 -0.00068462967 0 0)
(-2.8276046e-09 0.0057598003 0 -0.00034880724 0 0)
(8.748643e-10 0.0034513596 0 -0.00012530096 0 0)
(4.5464651e-09 0.0011493322 0 -1.3904347e-05 0 0)
(4.5280868e-09 -0.0011493333 0 -1.3904354e-05 0 0)
(7.9668905e-10 -0.00345136 0 -0.00012530094 0 0)
(-2.9236101e-09 -0.0057598 0 -0.00034880716 0 0)
(-2.4909129e-09 -0.0080699015 0 -0.00068462953 0 0)
(-2.5173815e-09 0.0080699031 0 -0.00068462983 0 0)
(-2.6192094e-09 0.0057597999 0 -0.00034880733 0 0)
(8.3740555e-10 0.0034513584 0 -0.0001253009 0 0)
(4.3925152e-09 0.0011493318 0 -1.3904199e-05 0 0)
(4.3540646e-09 -0.0011493328 0 -1.3904192e-05 0 0)
(7.5825788e-10 -0.0034513587 0 -0.00012530087 0 0)
(-2.7132252e-09 -0.0057597996 0 -0.00034880724 0 0)
(-2.5819626e-09 -0.0080699023 0 -0.00068462969 0 0)
(-2.2757131e-09 0.0080699036 0 -0.00068462997 0 0)
(-2.6373552e-09 0.0057597995 0 -0.00034880741 0 0)
(8.3099074e-10 0.0034513578 0 -0.00012530087 0 0)
(4.2542936e-09 0.0011493314 0 -1.3904068e-05 0 0)
(4.2283249e-09 -0.0011493324 0 -1.3904066e-05 0 0)
(7.3958321e-10 -0.0034513582 0 -0.00012530083 0 0)
(-2.740214e-09 -0.0057597992 0 -0.00034880731 0 0)
(-2.3306443e-09 -0.0080699028 0 -0.00068462984 0 0)
(-2.3571525e-09 0.0080699044 0 -0.00068463012 0 0)
(-2.4365595e-09 0.0057597992 0 -0.00034880749 0 0)
(7.9586489e-10 0.0034513567 0 -0.00012530082 0 0)
(4.1059068e-09 0.001149331 0 -1.3903927e-05 0 0)
(4.0611465e-09 -0.0011493319 0 -1.3903911e-05 0 0)
(7.0369025e-10 -0.0034513571 0 -0.00012530077 0 0)
(-2.5379069e-09 -0.0057597989 0 -0.00034880739 0 0)
(-2.4220289e-09 -0.0080699036 0 -0.00068462999 0 0)
(-2.121614e-09 0.0080699048 0 -0.00068463025 0 0)
(-2.4555768e-09 0.0057597988 0 -0.00034880757 0 0)
(7.8818347e-10 0.0034513562 0 -0.00012530079 0 0)
(3.9746236e-09 0.0011493306 0 -1.3903803e-05 0 0)
(3.9422792e-09 -0.0011493316 0 -1.3903793e-05 0 0)
(6.8546403e-10 -0.0034513566 0 -0.00012530074 0 0)
(-2.5654522e-09 -0.0057597985 0 -0.00034880747 0 0)
(-2.1778758e-09 -0.0080699041 0 -0.00068463012 0 0)
(-2.203393e-09 0.0080699055 0 -0.00068463039 0 0)
(-2.2625323e-09 0.0057597985 0 -0.00034880765 0 0)
(7.549978e-10 0.0034513551 0 -0.00012530074 0 0)
(3.8319798e-09 0.0011493302 0 -1.3903668e-05 0 0)
(3.7824119e-09 -0.0011493311 0 -1.3903646e-05 0 0)
(6.5219946e-10 -0.0034513555 0 -0.00012530068 0 0)
(-2.3707113e-09 -0.0057597982 0 -0.00034880754 0 0)
(-2.2695505e-09 -0.0080699048 0 -0.00068463026 0 0)
(-1.974012e-09 0.008069906 0 -0.00068463051 0 0)
(-2.2829024e-09 0.0057597981 0 -0.00034880772 0 0)
(7.4606519e-10 0.0034513547 0 -0.00012530072 0 0)
(3.7075326e-09 0.0011493298 0 -1.3903551e-05 0 0)
(3.6702083e-09 -0.0011493308 0 -1.3903535e-05 0 0)
(6.3456625e-10 -0.003451355 0 -0.00012530065 0 0)
(-2.3988414e-09 -0.0057597978 0 -0.00034880761 0 0)
(-2.0321071e-09 -0.0080699052 0 -0.00068463039 0 0)
(-2.0564742e-09 0.0080699066 0 -0.00068463065 0 0)
(-2.0975691e-09 0.0057597978 0 -0.0003488078 0 0)
(7.1460128e-10 0.0034513537 0 -0.00012530067 0 0)
(3.570795e-09 0.0011493295 0 -1.3903423e-05 0 0)
(3.5179215e-09 -0.0011493304 0 -1.3903395e-05 0 0)
(6.039028e-10 -0.003451354 0 -0.0001253006 0 0)
(-2.2112864e-09 -0.0057597975 0 -0.00034880769 0 0)
(-2.1241217e-09 -0.0080699059 0 -0.00068463053 0 0)
(-1.8332104e-09 0.008069907 0 -0.00068463077 0 0)
(-2.1196088e-09 0.0057597974 0 -0.00034880787 0 0)
(7.0454084e-10 0.0034513532 0 -0.00012530065 0 0)
(3.4531007e-09 0.0011493291 0 -1.3903312e-05 0 0)
(3.4121755e-09 -0.0011493301 0 -1.3903291e-05 0 0)
(5.8692334e-10 -0.0034513536 0 -0.00012530057 0 0)
(-2.2401131e-09 -0.0057597972 0 -0.00034880775 0 0)
(-1.8930407e-09 -0.0080699063 0 -0.00068463064 0 0)
(-1.9166233e-09 0.0080699076 0 -0.0006846309 0 0)
(-1.9418284e-09 0.0057597972 0 -0.00034880794 0 0)
(6.7468939e-10 0.0034513523 0 -0.00012530061 0 0)
(3.3223965e-09 0.0011493288 0 -1.390319e-05 0 0)
(3.2675909e-09 -0.0011493296 0 -1.3903159e-05 0 0)
(5.5876529e-10 -0.0034513526 0 -0.00012530053 0 0)
(-2.0594443e-09 -0.0057597969 0 -0.00034880783 0 0)
(-1.9855043e-09 -0.0080699069 0 -0.00068463077 0 0)
(-1.6993797e-09 0.008069908 0 -0.000684631 0 0)
(-1.9657365e-09 0.0057597968 0 -0.00034880801 0 0)
(6.6367905e-10 0.0034513519 0 -0.00012530058 0 0)
(3.2113679e-09 0.0011493285 0 -1.3903085e-05 0 0)
(3.1680955e-09 -0.0011493294 0 -1.3903061e-05 0 0)
(5.4245221e-10 -0.0034513523 0 -0.0001253005 0 0)
(-2.0891189e-09 -0.0057597966 0 -0.00034880789 0 0)
(-1.7605082e-09 -0.0080699073 0 -0.00068463088 0 0)
(-1.7839477e-09 0.0080699086 0 -0.00068463113 0 0)
(-1.7952698e-09 0.0057597966 0 -0.00034880808 0 0)
(6.3539395e-10 0.0034513511 0 -0.00012530054 0 0)
(3.0867753e-09 0.0011493282 0 -1.390297e-05 0 0)
(3.031222e-09 -0.001149329 0 -1.3902936e-05 0 0)
(5.1666853e-10 -0.0034513514 0 -0.00012530046 0 0)
(-1.9150799e-09 -0.0057597963 0 -0.00034880796 0 0)
(-1.8535606e-09 -0.0080699079 0 -0.00068463101 0 0)
(-1.5725792e-09 0.0080699089 0 -0.00068463123 0 0)
(-1.8211609e-09 0.0057597963 0 -0.00034880814 0 0)
(6.2363055e-10 0.0034513507 0 -0.00012530052 0 0)
(2.9823065e-09 0.0011493279 0 -1.3902871e-05 0 0)
(2.9377654e-09 -0.0011493287 0 -1.3902844e-05 0 0)
(5.0100941e-10 -0.003451351 0 -0.00012530043 0 0)
(-1.9457622e-09 -0.005759796 0 -0.00034880802 0 0)
(-1.634412e-09 -0.0080699082 0 -0.00068463111 0 0)
(-1.6584573e-09 0.0080699094 0 -0.00068463134 0 0)
(-1.6577147e-09 0.005759796 0 -0.00034880821 0 0)
(5.9689705e-10 0.0034513499 0 -0.00012530049 0 0)
(2.8638492e-09 0.0011493276 0 -1.3902763e-05 0 0)
(2.8085263e-09 -0.0011493284 0 -1.3902727e-05 0 0)
(4.7745505e-10 -0.0034513502 0 -0.0001253004 0 0)
(-1.7781145e-09 -0.0057597958 0 -0.00034880809 0 0)
(-1.7282018e-09 -0.0080699088 0 -0.00068463123 0 0)
(-1.4527819e-09 0.0080699097 0 -0.00068463144 0 0)
(-1.6856436e-09 0.0057597957 0 -0.00034880827 0 0)
(5.8457378e-10 0.0034513495 0 -0.00012530047 0 0)
(2.7658076e-09 0.0011493273 0 -1.3902669e-05 0 0)
(2.720891e-09 -0.0011493281 0 -1.390264e-05 0 0)
(4.6242633e-10 -0.0034513498 0 -0.00012530038 0 0)
(-1.8099539e-09 -0.0057597955 0 -0.00034880815 0 0)
(-1.5146826e-09 -0.0080699091 0 -0.00068463132 0 0)
(-1.5400845e-09 0.0080699102 0 -0.00068463155 0 0)
(-1.528893e-09 0.0057597955 0 -0.00034880833 0 0)
(5.593886e-10 0.0034513488 0 -0.00012530043 0 0)
(2.653454e-09 0.0011493271 0 -1.3902567e-05 0 0)
(2.5991403e-09 -0.0011493278 0 -1.390253e-05 0 0)
(4.4095498e-10 -0.0034513491 0 -0.00012530034 0 0)
(-1.648461e-09 -0.0057597953 0 -0.00034880821 0 0)
(-1.609353e-09 -0.0080699096 0 -0.00068463144 0 0)
(-1.3398919e-09 0.0080699105 0 -0.00068463163 0 0)
(-1.5588728e-09 0.0057597952 0 -0.00034880839 0 0)
(5.4668243e-10 0.0034513485 0 -0.00012530041 0 0)
(2.5616778e-09 0.0011493268 0 -1.3902478e-05 0 0)
(2.517103e-09 -0.0011493276 0 -1.3902448e-05 0 0)
(4.2652944e-10 -0.0034513488 0 -0.00012530032 0 0)
(-1.6815846e-09 -0.0057597951 0 -0.00034880827 0 0)
(-1.4012507e-09 -0.0080699099 0 -0.00068463153 0 0)
(-1.4286996e-09 0.008069911 0 -0.00068463174 0 0)
(-1.4084751e-09 0.005759795 0 -0.00034880844 0 0)
(5.2304197e-10 0.0034513478 0 -0.00012530038 0 0)
(2.4553441e-09 0.0011493266 0 -1.3902382e-05 0 0)
(2.402639e-09 -0.0011493273 0 -1.3902345e-05 0 0)
(4.0699985e-10 -0.003451348 0 -0.00012530029 0 0)
(-1.5260036e-09 -0.0057597948 0 -0.00034880833 0 0)
(-1.4969296e-09 -0.0080699104 0 -0.00068463163 0 0)
(-1.2337592e-09 0.0080699112 0 -0.00068463182 0 0)
(-1.4404884e-09 0.0057597948 0 -0.0003488085 0 0)
(5.101083e-10 0.0034513475 0 -0.00012530036 0 0)
(2.3696434e-09 0.0011493263 0 -1.3902298e-05 0 0)
(2.3259709e-09 -0.001149327 0 -1.3902268e-05 0 0)
(3.9315049e-10 -0.0034513478 0 -0.00012530027 0 0)
(-1.560511e-09 -0.0057597946 0 -0.00034880838 0 0)
(-1.2940299e-09 -0.0080699106 0 -0.00068463171 0 0)
(-1.3241245e-09 0.0080699116 0 -0.00068463192 0 0)
(-1.2960928e-09 0.0057597946 0 -0.00034880855 0 0)
(4.8800268e-10 0.0034513469 0 -0.00012530033 0 0)
(2.2691984e-09 0.0011493261 0 -1.3902208e-05 0 0)
(2.2185477e-09 -0.0011493268 0 -1.3902172e-05 0 0)
(3.7542952e-10 -0.0034513471 0 -0.00012530024 0 0)
(-1.4105901e-09 -0.0057597944 0 -0.00034880844 0 0)
(-1.3908238e-09 -0.0080699111 0 -0.00068463181 0 0)
(-1.1341904e-09 0.0080699118 0 -0.00068463199 0 0)
(-1.3300999e-09 0.0057597944 0 -0.0003488086 0 0)
(4.7497331e-10 0.0034513466 0 -0.00012530031 0 0)
(2.1893578e-09 0.0011493259 0 -1.390213e-05 0 0)
(2.147015e-09 -0.0011493266 0 -1.3902099e-05 0 0)
(3.6213043e-10 -0.0034513469 0 -0.00012530023 0 0)
(-1.4465529e-09 -0.0057597942 0 -0.00034880849 0 0)
(-1.1929058e-09 -0.0080699113 0 -0.00068463189 0 0)
(-1.2261404e-09 0.0080699123 0 -0.00068463208 0 0)
(-1.1913538e-09 0.0057597942 0 -0.00034880865 0 0)
(4.5438357e-10 0.003451346 0 -0.00012530029 0 0)
(2.0946293e-09 0.0011493257 0 -1.3902045e-05 0 0)
(2.0463501e-09 -0.0011493263 0 -1.390201e-05 0 0)
(3.4609345e-10 -0.0034513462 0 -0.0001253002 0 0)
(-1.30203e-09 -0.005759794 0 -0.00034880854 0 0)
(-1.2908986e-09 -0.0080699117 0 -0.00068463199 0 0)
(-1.0409574e-09 0.0080699124 0 -0.00068463215 0 0)
(-1.2272977e-09 0.005759794 0 -0.0003488087 0 0)
(4.4136761e-10 0.0034513458 0 -0.00012530027 0 0)
(2.020412e-09 0.0011493255 0 -1.3901971e-05 0 0)
(1.979716e-09 -0.0011493261 0 -1.3901941e-05 0 0)
(3.3332004e-10 -0.003451346 0 -0.00012530018 0 0)
(-1.3394921e-09 -0.0057597938 0 -0.00034880859 0 0)
(-1.0977347e-09 -0.0080699119 0 -0.00068463206 0 0)
(-1.1344982e-09 0.0080699128 0 -0.00068463224 0 0)
(-1.0938503e-09 0.0057597938 0 -0.00034880875 0 0)
(4.2226498e-10 0.0034513452 0 -0.00012530024 0 0)
(1.9311943e-09 0.0011493253 0 -1.3901891e-05 0 0)
(1.8854987e-09 -0.0011493259 0 -1.3901858e-05 0 0)
(3.1885079e-10 -0.0034513454 0 -0.00012530016 0 0)
(-1.2000966e-09 -0.0057597936 0 -0.00034880864 0 0)
(-1.1969864e-09 -0.0080699123 0 -0.00068463215 0 0)
(-9.538048e-10 0.0080699129 0 -0.0006846323 0 0)
(-1.1316607e-09 0.0057597936 0 -0.00034880879 0 0)
(4.0935054e-10 0.003451345 0 -0.00012530023 0 0)
(1.8623462e-09 0.0011493251 0 -1.3901822e-05 0 0)
(1.8235231e-09 -0.0011493257 0 -1.3901793e-05 0 0)
(3.0657895e-10 -0.0034513452 0 -0.00012530014 0 0)
(-1.2390772e-09 -0.0057597935 0 -0.00034880868 0 0)
(-1.0083421e-09 -0.0080699125 0 -0.00068463221 0 0)
(-1.0489234e-09 0.0080699134 0 -0.00068463238 0 0)
(-1.0031661e-09 0.0057597934 0 -0.00034880883 0 0)
(3.916976e-10 0.0034513445 0 -0.0001253002 0 0)
(1.778406e-09 0.001149325 0 -1.3901748e-05 0 0)
(1.7354215e-09 -0.0011493255 0 -1.3901715e-05 0 0)
(2.935682e-10 -0.0034513447 0 -0.00012530012 0 0)
(-1.1045326e-09 -0.0057597933 0 -0.00034880873 0 0)
(-1.1088901e-09 -0.0080699129 0 -0.0006846323 0 0)
(-8.7245733e-10 0.0080699134 0 -0.00068463244 0 0)
(-1.0427619e-09 0.0057597932 0 -0.00034880887 0 0)
(3.7895476e-10 0.0034513443 0 -0.00012530019 0 0)
(1.7146603e-09 0.0011493248 0 -1.3901682e-05 0 0)
(1.6778629e-09 -0.0011493253 0 -1.3901654e-05 0 0)
(2.8177423e-10 -0.0034513445 0 -0.00012530011 0 0)
(-1.1450291e-09 -0.0057597931 0 -0.00034880877 0 0)
(-9.2452603e-10 -0.008069913 0 -0.00068463236 0 0)
(-9.6912681e-10 0.0080699138 0 -0.00068463252 0 0)
(-9.1888061e-10 0.0057597931 0 -0.00034880892 0 0)
(3.6270572e-10 0.0034513438 0 -0.00012530017 0 0)
(1.6357442e-09 0.0011493246 0 -1.3901613e-05 0 0)
(1.5955321e-09 -0.0011493252 0 -1.3901582e-05 0 0)
(2.7011925e-10 -0.003451344 0 -0.00012530009 0 0)
(-1.0150551e-09 -0.005759793 0 -0.00034880882 0 0)
(-1.026387e-09 -0.0080699134 0 -0.00068463244 0 0)
(-7.9662359e-10 0.0080699139 0 -0.00068463257 0 0)
(-9.6017463e-10 0.0057597929 0 -0.00034880895 0 0)
(3.5018804e-10 0.0034513436 0 -0.00012530015 0 0)
(1.5768251e-09 0.0011493245 0 -1.3901552e-05 0 0)
(1.542147e-09 -0.0011493249 0 -1.3901525e-05 0 0)
(2.5877902e-10 -0.0034513438 0 -0.00012530008 0 0)
(-1.0570464e-09 -0.0057597928 0 -0.00034880886 0 0)
(-8.4606113e-10 -0.0080699135 0 -0.00068463249 0 0)
(-8.9480138e-10 0.0080699143 0 -0.00068463264 0 0)
(-8.4057832e-10 0.0057597928 0 -0.00034880899 0 0)
(3.3529082e-10 0.0034513432 0 -0.00012530013 0 0)
(1.5026648e-09 0.0011493244 0 -1.3901487e-05 0 0)
(1.4652338e-09 -0.0011493248 0 -1.3901458e-05 0 0)
(2.4838242e-10 -0.0034513434 0 -0.00012530005 0 0)
(-9.3136176e-10 -0.0057597927 0 -0.0003488089 0 0)
(-9.4923483e-10 -0.0080699139 0 -0.00068463257 0 0)
(-7.2600098e-10 0.0080699143 0 -0.00068463269 0 0)
(-8.8347719e-10 0.0057597926 0 -0.00034880903 0 0)
(3.2303869e-10 0.003451343 0 -0.00012530012 0 0)
(1.4482916e-09 0.0011493242 0 -1.3901429e-05 0 0)
(1.4157789e-09 -0.0011493246 0 -1.3901404e-05 0 0)
(2.3747162e-10 -0.0034513432 0 -0.00012530005 0 0)
(-9.7481222e-10 -0.0057597925 0 -0.00034880893 0 0)
(-7.7270357e-10 -0.0080699139 0 -0.00068463262 0 0)
(-8.2563383e-10 0.0080699147 0 -0.00068463276 0 0)
(-7.6784818e-10 0.0057597925 0 -0.00034880906 0 0)
(3.0943571e-10 0.0034513426 0 -0.0001253001 0 0)
(1.3786095e-09 0.0011493241 0 -1.3901369e-05 0 0)
(1.3439279e-09 -0.0011493245 0 -1.3901342e-05 0 0)
(2.2824097e-10 -0.0034513428 0 -0.00012530003 0 0)
(-8.5314019e-10 -0.0057597924 0 -0.00034880897 0 0)
(-8.7717127e-10 -0.0080699143 0 -0.00068463269 0 0)
(-6.6028017e-10 0.0080699147 0 -0.0006846328 0 0)
(-8.1225548e-10 0.0057597924 0 -0.00034880909 0 0)
(2.9747759e-10 0.0034513425 0 -0.00012530009 0 0)
(1.3284995e-09 0.0011493239 0 -1.3901314e-05 0 0)
(1.2981602e-09 -0.0011493243 0 -1.390129e-05 0 0)
(2.1773469e-10 -0.0034513427 0 -0.00012530002 0 0)
(-8.9800221e-10 -0.0057597923 0 -0.00034880901 0 0)
(-7.0419253e-10 -0.0080699144 0 -0.00068463273 0 0)
(-7.6130679e-10 0.008069915 0 -0.00068463287 0 0)
(-7.002866e-10 0.0057597923 0 -0.00034880913 0 0)
(2.8510769e-10 0.0034513421 0 -0.00012530007 0 0)
(1.2630133e-09 0.0011493238 0 -1.3901258e-05 0 0)
(1.2310184e-09 -0.0011493243 0 -1.3901233e-05 0 0)
(2.0958194e-10 -0.0034513422 0 -0.0001253 0 0)
(-7.8006941e-10 -0.0057597922 0 -0.00034880904 0 0)
(-8.0992343e-10 -0.0080699147 0 -0.0006846328 0 0)
(-5.9915048e-10 0.008069915 0 -0.00068463291 0 0)
(-7.4610371e-10 0.0057597921 0 -0.00034880916 0 0)
(2.7346268e-10 0.003451342 0 -0.00012530006 0 0)
(1.2168852e-09 0.0011493237 0 -1.3901207e-05 0 0)
(1.1886969e-09 -0.001149324 0 -1.3901184e-05 0 0)
(1.9945504e-10 -0.0034513421 0 -0.00012529999 0 0)
(-8.2628548e-10 -0.005759792 0 -0.00034880908 0 0)
(-6.4025851e-10 -0.0080699147 0 -0.00068463284 0 0)
(-7.0150269e-10 0.0080699154 0 -0.00068463297 0 0)
(-6.3750084e-10 0.005759792 0 -0.00034880919 0 0)
(2.6226192e-10 0.0034513416 0 -0.00012530004 0 0)
(1.1553115e-09 0.0011493236 0 -1.3901155e-05 0 0)
(1.1259173e-09 -0.001149324 0 -1.3901131e-05 0 0)
(1.922963e-10 -0.0034513418 0 -0.00012529998 0 0)
(-7.1182427e-10 -0.0057597919 0 -0.00034880911 0 0)
(-7.4721095e-10 -0.0080699151 0 -0.00068463291 0 0)
(-5.4230186e-10 0.0080699154 0 -0.000684633 0 0)
(-6.8462913e-10 0.0057597919 0 -0.00034880922 0 0)
(2.5094076e-10 0.0034513415 0 -0.00012530003 0 0)
(1.1128872e-09 0.0011493235 0 -1.3901107e-05 0 0)
(1.0868036e-09 -0.0011493238 0 -1.3901085e-05 0 0)
(1.8252354e-10 -0.0034513417 0 -0.00012529997 0 0)
(-7.5933043e-10 -0.0057597918 0 -0.00034880914 0 0)
(-5.80626e-10 -0.0080699151 0 -0.00068463294 0 0)
(-6.4590635e-10 0.0080699157 0 -0.00068463306 0 0)
(-5.7911121e-10 0.0057597918 0 -0.00034880925 0 0)
(2.4084287e-10 0.0034513412 0 -0.00012530001 0 0)
(1.0549457e-09 0.0011493234 0 -1.3901058e-05 0 0)
(1.0280488e-09 -0.0011493238 0 -1.3901036e-05 0 0)
(1.7627887e-10 -0.0034513413 0 -0.00012529995 0 0)
(-6.4808138e-10 -0.0057597917 0 -0.00034880917 0 0)
(-6.8874939e-10 -0.0080699154 0 -0.000684633 0 0)
(-4.8942758e-10 0.0080699156 0 -0.00068463309 0 0)
(-6.2745305e-10 0.0057597917 0 -0.00034880927 0 0)
(2.2984909e-10 0.0034513411 0 -0.0001253 0 0)
(1.0159531e-09 0.0011493233 0 -1.3901013e-05 0 0)
(9.9190931e-10 -0.0011493236 0 -1.3900993e-05 0 0)
(1.6683518e-10 -0.0034513412 0 -0.00012529995 0 0)
(-6.9680871e-10 -0.0057597916 0 -0.0003488092 0 0)
(-5.2501658e-10 -0.0080699154 0 -0.00068463304 0 0)
(-5.9420815e-10 0.008069916 0 -0.00068463315 0 0)
(-5.2475312e-10 0.0057597916 0 -0.0003488093 0 0)
(2.2078692e-10 0.0034513408 0 -0.00012529999 0 0)
(9.6136858e-10 0.0011493232 0 -1.3900967e-05 0 0)
(9.3685314e-10 -0.0011493236 0 -1.3900947e-05 0 0)
(1.6142827e-10 -0.0034513409 0 -0.00012529993 0 0)
(-5.8852091e-10 -0.0057597915 0 -0.00034880923 0 0)
(-6.3425335e-10 -0.0080699157 0 -0.00068463309 0 0)
(-4.4022765e-10 0.0080699159 0 -0.00068463317 0 0)
(-5.7421318e-10 0.0057597915 0 -0.00034880932 0 0)
(2.1011979e-10 0.0034513407 0 -0.00012529998 0 0)
(9.2554265e-10 0.0011493231 0 -1.3900925e-05 0 0)
(9.034595e-10 -0.0011493234 0 -1.3900906e-05 0 0)
(1.522891e-10 -0.0034513408 0 -0.00012529993 0 0)
(-6.3839689e-10 -0.0057597914 0 -0.00034880926 0 0)
(-4.7315177e-10 -0.0080699157 0 -0.00068463312 0 0)
(-5.4610625e-10 0.0080699162 0 -0.00068463323 0 0)
(-4.7407785e-10 0.0057597914 0 -0.00034880935 0 0)
(2.0202671e-10 0.0034513404 0 -0.00012529996 0 0)
(8.7404729e-10 0.001149323 0 -1.3900882e-05 0 0)
(8.5178985e-10 -0.0011493234 0 -1.3900863e-05 0 0)
(1.4764769e-10 -0.0034513405 0 -0.00012529991 0 0)
(-5.3282787e-10 -0.0057597914 0 -0.00034880929 0 0)
(-5.8343885e-10 -0.008069916 0 -0.00068463318 0 0)
(-3.9440996e-10 0.0080699161 0 -0.00068463325 0 0)
(-5.2456377e-10 0.0057597913 0 -0.00034880937 0 0)
(1.9168044e-10 0.0034513403 0 -0.00012529996 0 0)
(8.4113191e-10 0.0011493229 0 -1.3900842e-05 0 0)
(8.2092013e-10 -0.0011493232 0 -1.3900825e-05 0 0)
(1.3878967e-10 -0.0034513405 0 -0.00012529991 0 0)
(-5.837758e-10 -0.0057597913 0 -0.00034880931 0 0)
(-4.2475535e-10 -0.0080699159 0 -0.0006846332 0 0)
(-5.0130843e-10 0.0080699164 0 -0.0006846333 0 0)
(-4.2675382e-10 0.0057597913 0 -0.00034880939 0 0)
(1.8448864e-10 0.0034513401 0 -0.00012529994 0 0)
(7.9246723e-10 0.0011493229 0 -1.3900802e-05 0 0)
(7.7233986e-10 -0.0011493232 0 -1.3900785e-05 0 0)
(1.3484492e-10 -0.0034513402 0 -0.0001252999 0 0)
(-4.8069076e-10 -0.0057597912 0 -0.00034880934 0 0)
(-5.3602677e-10 -0.0080699162 0 -0.00068463325 0 0)
(-3.5169257e-10 0.0080699164 0 -0.00068463332 0 0)
(-4.7817738e-10 0.0057597912 0 -0.00034880941 0 0)
(1.7445319e-10 0.00345134 0 -0.00012529994 0 0)
(7.6221619e-10 0.0011493228 0 -1.3900764e-05 0 0)
(7.4377952e-10 -0.001149323 0 -1.3900749e-05 0 0)
(1.2624536e-10 -0.0034513401 0 -0.00012529989 0 0)
(-5.3263204e-10 -0.0057597911 0 -0.00034880936 0 0)
(-3.7955798e-10 -0.0080699162 0 -0.00068463328 0 0)
(-4.5953369e-10 0.0080699166 0 -0.00068463337 0 0)
(-3.8246736e-10 0.0057597911 0 -0.00034880944 0 0)
(1.6809619e-10 0.0034513398 0 -0.00012529992 0 0)
(7.161344e-10 0.0011493227 0 -1.3900727e-05 0 0)
(6.9800726e-10 -0.001149323 0 -1.3900711e-05 0 0)
(1.2293192e-10 -0.0034513399 0 -0.00012529988 0 0)
(-4.318081e-10 -0.005759791 0 -0.00034880938 0 0)
(-4.9174832e-10 -0.0080699164 0 -0.00068463333 0 0)
(-3.1180499e-10 0.0080699166 0 -0.00068463339 0 0)
(-4.3474496e-10 0.005759791 0 -0.00034880946 0 0)
(1.5836054e-10 0.0034513397 0 -0.00012529992 0 0)
(6.8831225e-10 0.0011493226 0 -1.3900691e-05 0 0)
(6.7155021e-10 -0.0011493228 0 -1.3900677e-05 0 0)
(1.1456982e-10 -0.0034513399 0 -0.00012529988 0 0)
(-4.8466917e-10 -0.005759791 0 -0.00034880941 0 0)
(-3.3730324e-10 -0.0080699164 0 -0.00068463335 0 0)
(-4.2051355e-10 0.0080699168 0 -0.00068463343 0 0)
(-3.4092296e-10 0.005759791 0 -0.00034880948 0 0)
(1.5277356e-10 0.0034513395 0 -0.00012529991 0 0)
(6.4457695e-10 0.0011493226 0 -1.3900656e-05 0 0)
(6.2832065e-10 -0.0011493229 0 -1.3900642e-05 0 0)
(1.1182617e-10 -0.0034513396 0 -0.00012529987 0 0)
(-3.8589946e-10 -0.0057597909 0 -0.00034880943 0 0)
(-4.5034943e-10 -0.0080699166 0 -0.00068463339 0 0)
(-2.7448904e-10 0.0080699167 0 -0.00068463344 0 0)
(-3.9397627e-10 0.0057597909 0 -0.0003488095 0 0)
(1.4332403e-10 0.0034513395 0 -0.0001252999 0 0)
(6.1895943e-10 0.0011493225 0 -1.3900622e-05 0 0)
(6.0376943e-10 -0.0011493227 0 -1.3900609e-05 0 0)
(1.0368215e-10 -0.0034513396 0 -0.00012529986 0 0)
(-4.3961225e-10 -0.0057597908 0 -0.00034880945 0 0)
(-2.9774641e-10 -0.0080699166 0 -0.00068463341 0 0)
(-3.8399239e-10 0.008069917 0 -0.00068463349 0 0)
(-3.0184338e-10 0.0057597908 0 -0.00034880952 0 0)
(1.3844268e-10 0.0034513393 0 -0.00012529989 0 0)
(5.7734655e-10 0.0011493225 0 -1.3900589e-05 0 0)
(5.6283379e-10 -0.0011493227 0 -1.3900577e-05 0 0)
(1.0145005e-10 -0.0034513394 0 -0.00012529985 0 0)
(-3.426986e-10 -0.0057597908 0 -0.00034880947 0 0)
(-4.1158562e-10 -0.0080699168 0 -0.00068463345 0 0)
(-2.3949925e-10 0.0080699169 0 -0.0006846335 0 0)
(-3.5559955e-10 0.0057597908 0 -0.00034880953 0 0)
(1.2926405e-10 0.0034513392 0 -0.00012529988 0 0)
(5.5372084e-10 0.0011493224 0 -1.3900557e-05 0 0)
(5.400004e-10 -0.0011493226 0 -1.3900546e-05 0 0)
(9.3506317e-11 -0.0034513393 0 -0.00012529985 0 0)
(-3.9719642e-10 -0.0057597907 0 -0.00034880949 0 0)
(-2.6064312e-10 -0.0080699167 0 -0.00068463347 0 0)
(-3.4972805e-10 0.0080699172 0 -0.00068463354 0 0)
(-2.6496995e-10 0.0057597907 0 -0.00034880955 0 0)
(1.2502603e-10 0.0034513391 0 -0.00012529987 0 0)
(5.140186e-10 0.0011493224 0 -1.3900526e-05 0 0)
(5.0112606e-10 -0.0011493226 0 -1.3900515e-05 0 0)
(9.1730371e-11 -0.0034513392 0 -0.00012529984 0 0)
(-3.0194979e-10 -0.0057597907 0 -0.00034880951 0 0)
(-3.7521351e-10 -0.008069917 0 -0.00068463351 0 0)
(-2.0660367e-10 0.008069917 0 -0.00068463355 0 0)
(-3.1936222e-10 0.0057597907 0 -0.00034880957 0 0)
(1.161031e-10 0.003451339 0 -0.00012529987 0 0)
(4.9218341e-10 0.0011493223 0 -1.3900496e-05 0 0)
(4.7983167e-10 -0.0011493225 0 -1.3900485e-05 0 0)
(8.3970719e-11 -0.0034513391 0 -0.00012529984 0 0)
(-3.5716816e-10 -0.0057597906 0 -0.00034880953 0 0)
(-2.2575798e-10 -0.0080699169 0 -0.00068463352 0 0)
(-3.1749217e-10 0.0080699173 0 -0.00068463359 0 0)
(-2.3006183e-10 0.0057597906 0 -0.00034880959 0 0)
(1.1244824e-10 0.0034513389 0 -0.00012529986 0 0)
(4.541928e-10 0.0011493223 0 -1.3900466e-05 0 0)
(4.4280237e-10 -0.0011493225 0 -1.3900456e-05 0 0)
(8.2599054e-11 -0.003451339 0 -0.00012529983 0 0)
(-2.6341015e-10 -0.0057597906 0 -0.00034880955 0 0)
(-3.4099581e-10 -0.0080699171 0 -0.00068463356 0 0)
(-1.7558336e-10 0.0080699172 0 -0.0006846336 0 0)
(-2.8502899e-10 0.0057597906 0 -0.0003488096 0 0)
(1.0376566e-10 0.0034513389 0 -0.00012529986 0 0)
(4.3395924e-10 0.0011493222 0 -1.3900437e-05 0 0)
(4.228788e-10 -0.0011493224 0 -1.3900428e-05 0 0)
(7.5009191e-11 -0.0034513389 0 -0.00012529983 0 0)
(-3.1928776e-10 -0.0057597905 0 -0.00034880957 0 0)
(-1.9286611e-10 -0.008069917 0 -0.00068463357 0 0)
(-2.8707111e-10 0.0080699174 0 -0.00068463363 0 0)
(-1.9689322e-10 0.0057597905 0 -0.00034880962 0 0)
(1.0063603e-10 0.0034513387 0 -0.00012529985 0 0)
(3.9749406e-10 0.0011493222 0 -1.3900409e-05 0 0)
(3.8749356e-10 -0.0011493224 0 -1.3900401e-05 0 0)
(7.3992428e-11 -0.0034513388 0 -0.00012529982 0 0)
(-2.268477e-10 -0.0057597905 0 -0.00034880959 0 0)
(-3.0871193e-10 -0.0080699172 0 -0.00068463361 0 0)
(-1.4623504e-10 0.0080699173 0 -0.00068463364 0 0)
(-2.5237923e-10 0.0057597905 0 -0.00034880964 0 0)
(9.2178561e-11 0.0034513387 0 -0.00012529984 0 0)
(3.7868496e-10 0.0011493222 0 -1.3900382e-05 0 0)
(3.6878225e-10 -0.0011493223 0 -1.3900373e-05 0 0)
(6.6559467e-11 -0.0034513388 0 -0.00012529982 0 0)
(-2.8332586e-10 -0.0057597904 0 -0.00034880961 0 0)
(-1.6175977e-10 -0.0080699171 0 -0.00068463361 0 0)
(-2.582655e-10 0.0080699175 0 -0.00068463368 0 0)
(-1.6525501e-10 0.0057597904 0 -0.00034880965 0 0)
(8.9518443e-11 0.0034513386 0 -0.00012529984 0 0)
(3.4357189e-10 0.0011493222 0 -1.3900355e-05 0 0)
(3.3485564e-10 -0.0011493224 0 -1.3900348e-05 0 0)
(6.5850893e-11 -0.0034513386 0 -0.00012529981 0 0)
(-1.9204252e-10 -0.0057597904 0 -0.00034880962 0 0)
(-2.7815953e-10 -0.0080699174 0 -0.00068463365 0 0)
(-1.183686e-10 0.0080699174 0 -0.00068463368 0 0)
(-2.2120991e-10 0.0057597904 0 -0.00034880967 0 0)
(8.127193e-11 0.0034513386 0 -0.00012529983 0 0)
(3.2602231e-10 0.0011493221 0 -1.3900329e-05 0 0)
(3.1720902e-10 -0.0011493222 0 -1.3900321e-05 0 0)
(5.8563743e-11 -0.0034513386 0 -0.00012529981 0 0)
(-2.4906764e-10 -0.0057597904 0 -0.00034880964 0 0)
(-1.3224755e-10 -0.0080699172 0 -0.00068463366 0 0)
(-2.3088777e-10 0.0080699176 0 -0.00068463371 0 0)
(-1.3495793e-10 0.0057597904 0 -0.00034880969 0 0)
(7.9027903e-11 0.0034513384 0 -0.00012529983 0 0)
(2.9210076e-10 0.0011493221 0 -1.3900303e-05 0 0)
(2.8457026e-10 -0.0011493223 0 -1.3900297e-05 0 0)
(5.8119283e-11 -0.0034513385 0 -0.00012529981 0 0)
(-1.587949e-10 -0.0057597903 0 -0.00034880966 0 0)
(-2.4914786e-10 -0.0080699175 0 -0.00068463369 0 0)
(-9.1803552e-11 0.0080699174 0 -0.00068463371 0 0)
(-1.9133921e-10 0.0057597903 0 -0.0003488097 0 0)
(7.0979097e-11 0.0034513384 0 -0.00012529982 0 0)
(2.7565732e-10 0.001149322 0 -1.3900278e-05 0 0)
(2.6785017e-10 -0.0011493222 0 -1.3900272e-05 0 0)
(5.0968471e-11 -0.0034513385 0 -0.00012529981 0 0)
(-2.1632122e-10 -0.0057597903 0 -0.00034880967 0 0)
(-1.0414463e-10 -0.0080699173 0 -0.00068463369 0 0)
(-2.047649e-10 0.0080699177 0 -0.00068463375 0 0)
(-1.0582589e-10 0.0057597903 0 -0.00034880972 0 0)
(6.910046e-11 0.0034513383 0 -0.00012529982 0 0)
(2.4277926e-10 0.0011493221 0 -1.3900254e-05 0 0)
(2.3634261e-10 -0.0011493222 0 -1.3900248e-05 0 0)
(5.074593e-11 -0.0034513384 0 -0.0001252998 0 0)
(-1.2691933e-10 -0.0057597903 0 -0.00034880969 0 0)
(-2.2149836e-10 -0.0080699175 0 -0.00068463373 0 0)
(-6.6376725e-11 0.0080699175 0 -0.00068463375 0 0)
(-1.6259557e-10 0.0057597903 0 -0.00034880973 0 0)
(6.1237792e-11 0.0034513383 0 -0.00012529982 0 0)
(2.2730044e-10 0.001149322 0 -1.3900229e-05 0 0)
(2.2042129e-10 -0.0011493221 0 -1.3900224e-05 0 0)
(4.37238e-11 -0.0034513384 0 -0.0001252998 0 0)
(-1.8490553e-10 -0.0057597902 0 -0.00034880971 0 0)
(-7.728132e-11 -0.0080699174 0 -0.00068463373 0 0)
(-1.7973745e-10 0.0080699177 0 -0.00068463378 0 0)
(-7.7698259e-11 0.0057597903 0 -0.00034880975 0 0)
(5.9676145e-11 0.0034513383 0 -0.00012529981 0 0)
(1.9533027e-10 0.001149322 0 -1.3900206e-05 0 0)
(1.8990203e-10 -0.0011493222 0 -1.3900201e-05 0 0)
(4.3683342e-11 -0.0034513383 0 -0.00012529979 0 0)
(-9.6242671e-11 -0.0057597902 0 -0.00034880972 0 0)
(-1.950468e-10 -0.0080699176 0 -0.00068463376 0 0)
(-4.1935715e-11 0.0080699176 0 -0.00068463378 0 0)
(-1.348258e-10 0.0057597902 0 -0.00034880976 0 0)
(5.1989328e-11 0.0034513383 0 -0.00012529981 0 0)
(1.8068591e-10 0.001149322 0 -1.3900182e-05 0 0)
(1.7466156e-10 -0.0011493221 0 -1.3900177e-05 0 0)
(3.6783686e-11 -0.0034513383 0 -0.00012529979 0 0)
(-1.5465297e-10 -0.0057597902 0 -0.00034880974 0 0)
(-5.1501729e-11 -0.0080699175 0 -0.00068463376 0 0)
(-1.5565897e-10 0.0080699178 0 -0.00068463381 0 0)
(-5.042907e-11 0.0057597902 0 -0.00034880978 0 0)
(5.0698816e-11 0.0034513382 0 -0.0001252998 0 0)
(1.4950029e-10 0.001149322 0 -1.390016e-05 0 0)
(1.4500091e-10 -0.0011493222 0 -1.3900156e-05 0 0)
(3.6887046e-11 -0.0034513383 0 -0.00012529979 0 0)
(-6.6606728e-11 -0.0057597902 0 -0.00034880976 0 0)
(-1.6964117e-10 -0.0080699177 0 -0.00068463379 0 0)
(-1.834176e-11 0.0080699176 0 -0.0006846338 0 0)
(-1.0788907e-10 0.0057597902 0 -0.00034880979 0 0)
(4.3179584e-11 0.0034513382 0 -0.0001252998 0 0)
(1.3557201e-10 0.0011493219 0 -1.3900137e-05 0 0)
(1.3033345e-10 -0.0011493221 0 -1.3900133e-05 0 0)
(3.0105123e-11 -0.0034513383 0 -0.00012529979 0 0)
(-1.2541154e-10 -0.0057597902 0 -0.00034880977 0 0)
(-2.6660849e-11 -0.0080699175 0 -0.00068463379 0 0)
(-1.3239596e-10 0.0080699178 0 -0.00068463383 0 0)
(-2.3884865e-11 0.0057597902 0 -0.0003488098 0 0)
(4.2116622e-11 0.0034513382 0 -0.0001252998 0 0)
(1.0505949e-10 0.001149322 0 -1.3900115e-05 0 0)
(1.0141481e-10 -0.0011493221 0 -1.3900112e-05 0 0)
(3.0315671e-11 -0.0034513382 0 -0.00012529979 0 0)
(-3.7866947e-11 -0.0057597901 0 -0.00034880979 0 0)
(-1.4514147e-10 -0.0080699177 0 -0.00068463382 0 0)
(4.5312974e-12 0.0080699176 0 -0.00068463383 0 0)
(-8.1658179e-11 0.0057597901 0 -0.00034880982 0 0)
(3.4758595e-11 0.0034513382 0 -0.0001252998 0 0)
(9.1739836e-11 0.0011493219 0 -1.3900093e-05 0 0)
(8.7222379e-11 -0.001149322 0 -1.390009e-05 0 0)
(2.3648608e-11 -0.0034513382 0 -0.00012529979 0 0)
(-9.7041531e-11 -0.0057597901 0 -0.0003488098 0 0)
(-2.6262796e-12 -0.0080699175 0 -0.00068463381 0 0)
(-1.0982765e-10 0.0080699178 0 -0.00068463386 0 0)
(2.0545199e-12 0.0057597902 0 -0.00034880983 0 0)
(3.3882227e-11 0.0034513381 0 -0.00012529979 0 0)
(6.1801142e-11 0.001149322 0 -1.3900072e-05 0 0)
(5.8941559e-11 -0.0011493221 0 -1.3900069e-05 0 0)
(2.3931427e-11 -0.0034513382 0 -0.00012529978 0 0)
(-9.889941e-12 -0.0057597901 0 -0.00034880982 0 0)
(-1.2142151e-10 -0.0080699177 0 -0.00068463384 0 0)
(2.6797301e-11 0.0080699176 0 -0.00068463385 0 0)
(-5.6017719e-11 0.0057597901 0 -0.00034880985 0 0)
(2.6681433e-11 0.0034513381 0 -0.00012529979 0 0)
(4.8994082e-11 0.0011493219 0 -1.390005e-05 0 0)
(4.5136116e-11 -0.001149322 0 -1.3900047e-05 0 0)
(1.7377637e-11 -0.0034513382 0 -0.00012529978 0 0)
(-6.9416166e-11 -0.0057597901 0 -0.00034880983 0 0)
(2.072064e-11 -0.0080699176 0 -0.00068463384 0 0)
(-8.7845714e-11 0.0080699179 0 -0.00068463388 0 0)
(2.7498419e-11 0.0057597901 0 -0.00034880986 0 0)
(2.5953361e-11 0.0034513381 0 -0.00012529979 0 0)
(1.954147e-11 0.001149322 0 -1.390003e-05 0 0)
(1.7400854e-11 -0.0011493221 0 -1.3900027e-05 0 0)
(1.7698992e-11 -0.0034513382 0 -0.00012529978 0 0)
(1.7441372e-11 -0.0057597901 0 -0.00034880985 0 0)
(-9.8368102e-11 -0.0080699177 0 -0.00068463386 0 0)
(4.8558025e-11 0.0080699177 0 -0.00068463387 0 0)
(-3.0864792e-11 0.0057597901 0 -0.00034880987 0 0)
(1.8909009e-11 0.0034513381 0 -0.00012529979 0 0)
(7.1619692e-12 0.0011493219 0 -1.3900008e-05 0 0)
(3.9041027e-12 -0.001149322 0 -1.3900006e-05 0 0)
(1.1259125e-11 -0.0034513382 0 -0.00012529978 0 0)
(-4.2427586e-11 -0.0057597901 0 -0.00034880986 0 0)
(4.3485729e-11 -0.0080699176 0 -0.00068463386 0 0)
(-6.6354393e-11 0.0080699179 0 -0.0006846339 0 0)
(5.2543373e-11 0.0057597901 0 -0.00034880989 0 0)
(1.8294041e-11 0.0034513381 0 -0.00012529979 0 0)
(-2.1880155e-11 0.001149322 0 -1.3899988e-05 0 0)
(-2.336583e-11 -0.0011493221 0 -1.3899987e-05 0 0)
(1.1587191e-11 -0.0034513382 0 -0.00012529978 0 0)
(4.4224845e-11 -0.0057597901 0 -0.00034880988 0 0)
(-7.5881378e-11 -0.0080699178 0 -0.00068463388 0 0)
(6.9902781e-11 0.0080699176 0 -0.00068463389 0 0)
(-6.108578e-12 0.0057597901 0 -0.0003488099 0 0)
(1.1407376e-11 0.0034513381 0 -0.00012529979 0 0)
(-3.3905246e-11 0.0011493219 0 -1.3899968e-05 0 0)
(-3.6621563e-11 -0.001149322 0 -1.3899966e-05 0 0)
(5.2634108e-12 -0.0034513382 0 -0.00012529978 0 0)
(-1.5987127e-11 -0.0057597901 0 -0.00034880989 0 0)
(6.5761698e-11 -0.0080699176 0 -0.00068463388 0 0)
(-4.5270036e-11 0.0080699178 0 -0.00068463391 0 0)
(7.7272454e-11 0.0057597901 0 -0.00034880992 0 0)
(1.0871688e-11 0.0034513381 0 -0.00012529979 0 0)
(-6.2599424e-11 0.001149322 0 -1.3899948e-05 0 0)
(-6.3494342e-11 -0.0011493221 0 -1.3899947e-05 0 0)
(5.5667489e-12 -0.0034513382 0 -0.00012529978 0 0)
(7.0541347e-11 -0.0057597901 0 -0.00034880991 0 0)
(-5.3874778e-11 -0.0080699177 0 -0.0006846339 0 0)
(9.0908702e-11 0.0080699176 0 -0.0006846339 0 0)
(1.8326412e-11 0.0057597901 0 -0.00034880993 0 0)
(4.1462219e-12 0.0034513382 0 -0.00012529979 0 0)
(-7.4332725e-11 0.001149322 0 -1.3899928e-05 0 0)
(-7.656705e-11 -0.0011493221 0 -1.3899926e-05 0 0)
(-6.3883535e-13 -0.0034513382 0 -0.00012529978 0 0)
(9.9792596e-12 -0.0057597901 0 -0.00034880992 0 0)
(8.7628387e-11 -0.0080699176 0 -0.00068463389 0 0)
(-2.4522249e-11 0.0080699178 0 -0.00068463393 0 0)
(1.0175492e-10 0.0057597901 0 -0.00034880995 0 0)
(3.6596702e-12 0.0034513382 0 -0.00012529979 0 0)
(-1.027327e-10 0.001149322 0 -1.3899908e-05 0 0)
(-1.0309957e-10 -0.0011493221 0 -1.3899908e-05 0 0)
(-3.9076686e-13 -0.0034513382 0 -0.00012529978 0 0)
(9.6458592e-11 -0.0057597901 0 -0.00034880994 0 0)
(-3.227438e-11 -0.0080699177 0 -0.00068463392 0 0)
(1.1164155e-10 0.0080699176 0 -0.00068463392 0 0)
(4.2501591e-11 0.0057597901 0 -0.00034880996 0 0)
(-2.8972886e-12 0.0034513382 0 -0.00012529979 0 0)
(-1.1422735e-10 0.001149322 0 -1.3899888e-05 0 0)
(-1.1603789e-10 -0.0011493221 0 -1.3899888e-05 0 0)
(-6.4735401e-12 -0.0034513383 0 -0.00012529978 0 0)
(3.5533257e-11 -0.0057597901 0 -0.00034880995 0 0)
(1.0915265e-10 -0.0080699175 0 -0.00068463391 0 0)
(-4.0502586e-12 0.0080699178 0 -0.00068463394 0 0)
(1.2604558e-10 0.0057597901 0 -0.00034880998 0 0)
(-3.3625197e-12 0.0034513382 0 -0.00012529979 0 0)
(-1.4237464e-10 0.001149322 0 -1.3899869e-05 0 0)
(-1.4227708e-10 -0.0011493222 0 -1.3899869e-05 0 0)
(-6.3092835e-12 -0.0034513383 0 -0.00012529979 0 0)
(1.2203199e-10 -0.0057597901 0 -0.00034880997 0 0)
(-1.1020042e-11 -0.0080699177 0 -0.00068463393 0 0)
(1.3215618e-10 0.0080699176 0 -0.00068463393 0 0)
(6.6466408e-11 0.0057597901 0 -0.00034880999 0 0)
(-9.7411843e-12 0.0034513383 0 -0.00012529979 0 0)
(-1.5367163e-10 0.001149322 0 -1.389985e-05 0 0)
(-1.5511968e-10 -0.0011493221 0 -1.3899849e-05 0 0)
(-1.2263351e-11 -0.0034513383 0 -0.00012529979 0 0)
(6.0722728e-11 -0.0057597901 0 -0.00034880999 0 0)
(1.3038813e-10 -0.0080699175 0 -0.00068463392 0 0)
(1.619549e-11 0.0080699178 0 -0.00068463395 0 0)
(1.5018989e-10 0.0057597901 0 -0.00034881001 0 0)
(-1.0210407e-11 0.0034513383 0 -0.00012529979 0 0)
(-1.8159609e-10 0.0011493221 0 -1.3899831e-05 0 0)
(-1.8110114e-10 -0.0011493222 0 -1.3899831e-05 0 0)
(-1.2210908e-11 -0.0034513383 0 -0.00012529979 0 0)
(1.4730304e-10 -0.0057597901 0 -0.00034881 0 0)
(9.9354876e-12 -0.0080699177 0 -0.00068463394 0 0)
(1.524968e-10 0.0080699175 0 -0.00068463394 0 0)
(9.0261746e-11 0.0057597901 0 -0.00034881002 0 0)
(-1.6396863e-11 0.0034513383 0 -0.00012529979 0 0)
(-1.9272783e-10 0.0011493221 0 -1.3899812e-05 0 0)
(-1.9387902e-10 -0.0011493222 0 -1.3899812e-05 0 0)
(-1.8028042e-11 -0.0034513384 0 -0.00012529979 0 0)
(8.5582373e-11 -0.0057597901 0 -0.00034881002 0 0)
(1.5137614e-10 -0.0080699175 0 -0.00068463393 0 0)
(3.62538e-11 0.0080699177 0 -0.00068463396 0 0)
(1.7422399e-10 0.0057597902 0 -0.00034881004 0 0)
(-1.6891638e-11 0.0034513384 0 -0.00012529979 0 0)
(-2.2044982e-10 0.0011493221 0 -1.3899793e-05 0 0)
(-2.1962908e-10 -0.0011493222 0 -1.3899794e-05 0 0)
(-1.8113427e-11 -0.0034513384 0 -0.00012529979 0 0)
(1.7229958e-10 -0.0057597901 0 -0.00034881003 0 0)
(3.0627519e-11 -0.0080699176 0 -0.00068463395 0 0)
(1.7269643e-10 0.0080699175 0 -0.00068463395 0 0)
(1.1391911e-10 0.0057597901 0 -0.00034881005 0 0)
(-2.2868569e-11 0.0034513384 0 -0.00012529979 0 0)
(-2.3144043e-10 0.0011493221 0 -1.3899774e-05 0 0)
(-2.3236527e-10 -0.0011493222 0 -1.3899775e-05 0 0)
(-2.3784233e-11 -0.0034513385 0 -0.00012529979 0 0)
(1.1013323e-10 -0.0057597901 0 -0.00034881005 0 0)
(1.7214539e-10 -0.0080699174 0 -0.00068463394 0 0)
(5.615307e-11 0.0080699176 0 -0.00068463397 0 0)
(1.9817657e-10 0.0057597902 0 -0.00034881007 0 0)
(-2.340925e-11 0.0034513385 0 -0.0001252998 0 0)
(-2.5897075e-10 0.0011493222 0 -1.3899756e-05 0 0)
(-2.5790164e-10 -0.0011493223 0 -1.3899757e-05 0 0)
(-2.4033839e-11 -0.0034513385 0 -0.0001252998 0 0)
(1.970381e-10 -0.0057597902 0 -0.00034881007 0 0)
(5.1078372e-11 -0.0080699175 0 -0.00068463396 0 0)
(1.9277825e-10 0.0080699174 0 -0.00068463395 0 0)
(1.3746365e-10 0.0057597902 0 -0.00034881008 0 0)
(-2.9156711e-11 0.0034513385 0 -0.0001252998 0 0)
(-2.6983501e-10 0.0011493222 0 -1.3899737e-05 0 0)
(-2.7061073e-10 -0.0011493223 0 -1.3899738e-05 0 0)
(-2.9547959e-11 -0.0034513386 0 -0.0001252998 0 0)
(1.343864e-10 -0.0057597902 0 -0.00034881008 0 0)
(1.9271264e-10 -0.0080699173 0 -0.00068463395 0 0)
(7.5912054e-11 0.0080699176 0 -0.00068463397 0 0)
(2.2206975e-10 0.0057597902 0 -0.0003488101 0 0)
(-2.9761048e-11 0.0034513386 0 -0.0001252998 0 0)
(-2.9717619e-10 0.0011493222 0 -1.3899719e-05 0 0)
(-2.9594406e-10 -0.0011493223 0 -1.389972e-05 0 0)
(-2.9987043e-11 -0.0034513386 0 -0.0001252998 0 0)
(2.2152436e-10 -0.0057597902 0 -0.0003488101 0 0)
(7.1299632e-11 -0.0080699175 0 -0.00068463397 0 0)
(2.1275632e-10 0.0080699173 0 -0.00068463396 0 0)
(1.60915e-10 0.0057597902 0 -0.00034881011 0 0)
(-3.5256213e-11 0.0034513387 0 -0.0001252998 0 0)
(-3.0792276e-10 0.0011493222 0 -1.3899701e-05 0 0)
(-3.0863446e-10 -0.0011493223 0 -1.3899702e-05 0 0)
(-3.533298e-11 -0.0034513387 0 -0.0001252998 0 0)
(1.5834206e-10 -0.0057597902 0 -0.00034881011 0 0)
(2.1308418e-10 -0.0080699172 0 -0.00068463395 0 0)
(9.5541031e-11 0.0080699175 0 -0.00068463398 0 0)
(2.4592167e-10 0.0057597903 0 -0.00034881013 0 0)
(-3.5939249e-11 0.0034513387 0 -0.00012529981 0 0)
(-3.3507122e-10 0.0011493223 0 -1.3899683e-05 0 0)
(-3.3376962e-10 -0.0011493224 0 -1.3899684e-05 0 0)
(-3.5985538e-11 -0.0034513388 0 -0.00012529981 0 0)
(2.4575418e-10 -0.0057597902 0 -0.00034881013 0 0)
(9.1292512e-11 -0.0080699174 0 -0.00068463397 0 0)
(2.32637e-10 0.0080699172 0 -0.00068463396 0 0)
(1.8429052e-10 0.0057597903 0 -0.00034881015 0 0)
(-4.1156017e-11 0.0034513388 0 -0.00012529981 0 0)
(-3.4570424e-10 0.0011493223 0 -1.3899665e-05 0 0)
(-3.4644493e-10 -0.0011493224 0 -1.3899666e-05 0 0)
(-4.1150492e-11 -0.0034513388 0 -0.00012529981 0 0)
(1.8199252e-10 -0.0057597902 0 -0.00034881014 0 0)
(2.3325679e-10 -0.0080699172 0 -0.00068463396 0 0)
(1.1504348e-10 0.0080699174 0 -0.00068463398 0 0)
(2.6974917e-10 0.0057597903 0 -0.00034881017 0 0)
(-4.1930259e-11 0.0034513389 0 -0.00012529981 0 0)
(-3.7265227e-10 0.0011493224 0 -1.3899647e-05 0 0)
(-3.7138375e-10 -0.0011493225 0 -1.3899648e-05 0 0)
(-4.2039408e-11 -0.0034513389 0 -0.00012529981 0 0)
(2.6971729e-10 -0.0057597903 0 -0.00034881016 0 0)
(1.1105028e-10 -0.0080699173 0 -0.00068463397 0 0)
(2.5242097e-10 0.0080699171 0 -0.00068463396 0 0)
(2.0760684e-10 0.0057597903 0 -0.00034881018 0 0)
(-4.6840066e-11 0.0034513389 0 -0.00012529982 0 0)
(-3.8317363e-10 0.0011493224 0 -1.389963e-05 0 0)
(-3.8404682e-10 -0.0011493225 0 -1.389963e-05 0 0)
(-4.7009865e-11 -0.003451339 0 -0.00012529982 0 0)
(2.0532559e-10 -0.0057597903 0 -0.00034881018 0 0)
(2.5322013e-10 -0.0080699171 0 -0.00068463396 0 0)
(1.3441886e-10 0.0080699173 0 -0.00068463398 0 0)
(2.9356892e-10 0.0057597904 0 -0.0003488102 0 0)
(-4.7715985e-11 0.003451339 0 -0.00012529982 0 0)
(-4.09912e-10 0.0011493225 0 -1.3899612e-05 0 0)
(-4.0879149e-10 -0.0011493226 0 -1.3899613e-05 0 0)
(-4.815759e-11 -0.0034513391 0 -0.00012529982 0 0)
(2.9340022e-10 -0.0057597903 0 -0.0003488102 0 0)
(1.3056e-10 -0.0080699172 0 -0.00068463397 0 0)
(2.7210617e-10 0.008069917 0 -0.00068463396 0 0)
(2.3088266e-10 0.0057597904 0 -0.00034881021 0 0)
(-5.2287557e-11 0.0034513391 0 -0.00012529983 0 0)
(-4.2032455e-10 0.0011493225 0 -1.3899595e-05 0 0)
(-4.2144618e-10 -0.0011493226 0 -1.3899595e-05 0 0)
(-5.2919927e-11 -0.0034513391 0 -0.00012529983 0 0)
(2.2832828e-10 -0.0057597903 0 -0.00034881021 0 0)
(2.7295881e-10 -0.0080699169 0 -0.00068463396 0 0)
(1.5366534e-10 0.0080699172 0 -0.00068463398 0 0)
(3.1740119e-10 0.0057597904 0 -0.00034881023 0 0)
(-5.3272937e-11 0.0034513392 0 -0.00012529983 0 0)
(-4.4684668e-10 0.0011493226 0 -1.3899578e-05 0 0)
(-4.4600261e-10 -0.0011493227 0 -1.3899578e-05 0 0)
(-5.4348437e-11 -0.0034513392 0 -0.00012529983 0 0)
(3.1679038e-10 -0.0057597904 0 -0.00034881023 0 0)
(1.4980548e-10 -0.0080699171 0 -0.00068463397 0 0)
(2.9169093e-10 0.0080699169 0 -0.00068463396 0 0)
(2.5414245e-10 0.0057597904 0 -0.00034881025 0 0)
(-5.7472861e-11 0.0034513393 0 -0.00012529984 0 0)
(-4.5715874e-10 0.0011493226 0 -1.3899561e-05 0 0)
(-4.5865856e-10 -0.0011493227 0 -1.3899561e-05 0 0)
(-5.8889837e-11 -0.0034513393 0 -0.00012529984 0 0)
(2.5099081e-10 -0.0057597904 0 -0.00034881024 0 0)
(2.9245608e-10 -0.0080699168 0 -0.00068463395 0 0)
(1.7278507e-10 0.008069917 0 -0.00068463398 0 0)
(3.4127546e-10 0.0057597905 0 -0.00034881027 0 0)
(-5.8572964e-11 0.0034513394 0 -0.00012529984 0 0)
(-4.8346534e-10 0.0011493227 0 -1.3899544e-05 0 0)
(-4.8304161e-10 -0.0011493228 0 -1.3899544e-05 0 0)
(-6.0621367e-11 -0.0034513394 0 -0.00012529984 0 0)
(3.3988161e-10 -0.0057597904 0 -0.00034881026 0 0)
(1.6877108e-10 -0.0080699169 0 -0.00068463397 0 0)
(3.1118045e-10 0.0080699167 0 -0.00068463396 0 0)
(2.7742556e-10 0.0057597905 0 -0.00034881028 0 0)
(-6.2365854e-11 0.0034513395 0 -0.00012529985 0 0)
(-4.9369559e-10 0.0011493227 0 -1.3899527e-05 0 0)
(-4.95719e-10 -0.0011493228 0 -1.3899527e-05 0 0)
(-6.4930334e-11 -0.0034513395 0 -0.00012529985 0 0)
(2.7331379e-10 -0.0057597905 0 -0.00034881028 0 0)
(3.1169683e-10 -0.0080699167 0 -0.00068463395 0 0)
(1.9178868e-10 0.0080699169 0 -0.00068463397 0 0)
(3.6524095e-10 0.0057597905 0 -0.0003488103 0 0)
(-6.3584027e-11 0.0034513396 0 -0.00012529986 0 0)
(-5.1980039e-10 0.0011493228 0 -1.389951e-05 0 0)
(-5.1995816e-10 -0.0011493229 0 -1.389951e-05 0 0)
(-6.6988013e-11 -0.0034513396 0 -0.00012529985 0 0)
(3.6268047e-10 -0.0057597905 0 -0.0003488103 0 0)
(1.8744582e-10 -0.0080699168 0 -0.00068463396 0 0)
(3.3059044e-10 0.0080699166 0 -0.00068463395 0 0)
(3.0079656e-10 0.0057597906 0 -0.00034881032 0 0)
(-6.6933401e-11 0.0034513397 0 -0.00012529986 0 0)
(-5.2998403e-10 0.0011493228 0 -1.3899494e-05 0 0)
(-5.3269511e-10 -0.0011493229 0 -1.3899493e-05 0 0)
(-7.1055993e-11 -0.0034513397 0 -0.00012529986 0 0)
(2.9531462e-10 -0.0057597905 0 -0.00034881031 0 0)
(3.3067412e-10 -0.0080699165 0 -0.00068463394 0 0)
(2.1070236e-10 0.0080699167 0 -0.00068463396 0 0)
(3.8937696e-10 0.0057597906 0 -0.00034881034 0 0)
(-6.8270518e-11 0.0034513398 0 -0.00012529987 0 0)
(-5.5592065e-10 0.0011493229 0 -1.3899477e-05 0 0)
(-5.568433e-10 -0.001149323 0 -1.3899476e-05 0 0)
(-7.3464767e-11 -0.0034513399 0 -0.00012529986 0 0)
(3.8521408e-10 -0.0057597906 0 -0.00034881033 0 0)
(2.0583033e-10 -0.0080699166 0 -0.00068463395 0 0)
(3.4995689e-10 0.0080699164 0 -0.00068463394 0 0)
(3.2435663e-10 0.0057597906 0 -0.00034881035 0 0)
(-7.1139084e-11 0.0034513399 0 -0.00012529988 0 0)
(-5.6611722e-10 0.001149323 0 -1.3899461e-05 0 0)
(-5.6970385e-10 -0.001149323 0 -1.3899459e-05 0 0)
(-7.7287744e-11 -0.00345134 0 -0.00012529987 0 0)
(3.1703661e-10 -0.0057597906 0 -0.00034881035 0 0)
(3.4939488e-10 -0.0080699164 0 -0.00068463393 0 0)
(2.2957725e-10 0.0080699166 0 -0.00068463396 0 0)
(4.1380517e-10 0.0057597907 0 -0.00034881037 0 0)
(-7.2594206e-11 0.0034513401 0 -0.00012529988 0 0)
(-5.9194842e-10 0.001149323 0 -1.3899445e-05 0 0)
(-5.9384533e-10 -0.0011493231 0 -1.3899442e-05 0 0)
(-8.0075642e-11 -0.0034513401 0 -0.00012529988 0 0)
(4.0754033e-10 -0.0057597907 0 -0.00034881037 0 0)
(2.2394305e-10 -0.0080699165 0 -0.00068463394 0 0)
(3.693424e-10 0.0080699163 0 -0.00068463393 0 0)
(3.4825828e-10 0.0057597907 0 -0.00034881039 0 0)
(-7.4945331e-11 0.0034513402 0 -0.00012529989 0 0)
(-6.0225145e-10 0.0011493231 0 -1.3899428e-05 0 0)
(-6.0692846e-10 -0.0011493232 0 -1.3899425e-05 0 0)
(-8.3655195e-11 -0.0034513402 0 -0.00012529988 0 0)
(3.3856015e-10 -0.0057597907 0 -0.00034881038 0 0)
(3.6788732e-10 -0.0080699162 0 -0.00068463392 0 0)
(2.4849527e-10 0.0080699164 0 -0.00068463395 0 0)
(4.3870594e-10 0.0057597908 0 -0.00034881041 0 0)
(-7.6516562e-11 0.0034513403 0 -0.0001252999 0 0)
(-6.2808004e-10 0.0011493232 0 -1.3899412e-05 0 0)
(-6.3118989e-10 -0.0011493232 0 -1.3899408e-05 0 0)
(-8.6853482e-11 -0.0034513403 0 -0.00012529989 0 0)
(4.297606e-10 -0.0057597908 0 -0.0003488104 0 0)
(2.4182833e-10 -0.0080699163 0 -0.00068463393 0 0)
(3.8885052e-10 0.0080699161 0 -0.00068463392 0 0)
(3.7271628e-10 0.0057597908 0 -0.00034881043 0 0)
(-7.8316137e-11 0.0034513404 0 -0.00012529991 0 0)
(-6.3862921e-10 0.0011493232 0 -1.3899395e-05 0 0)
(-6.4464094e-10 -0.0011493233 0 -1.3899391e-05 0 0)
(-9.0198058e-11 -0.0034513405 0 -0.0001252999 0 0)
(3.6001905e-10 -0.0057597908 0 -0.00034881042 0 0)
(3.8620934e-10 -0.008069916 0 -0.00068463391 0 0)
(2.6758954e-10 0.0080699162 0 -0.00068463393 0 0)
(4.6432571e-10 0.0057597909 0 -0.00034881045 0 0)
(-8.000266e-11 0.0034513406 0 -0.00012529992 0 0)
(-6.646127e-10 0.0011493233 0 -1.3899379e-05 0 0)
(-6.6920461e-10 -0.0011493234 0 -1.3899373e-05 0 0)
(-9.3842003e-11 -0.0034513406 0 -0.0001252999 0 0)
(4.5203702e-10 -0.0057597909 0 -0.00034881044 0 0)
(2.5956712e-10 -0.0080699161 0 -0.00068463392 0 0)
(4.0863836e-10 0.0080699159 0 -0.00068463391 0 0)
(3.9802357e-10 0.0057597909 0 -0.00034881047 0 0)
(-8.1223161e-11 0.0034513407 0 -0.00012529993 0 0)
(-6.7560966e-10 0.0011493234 0 -1.3899362e-05 0 0)
(-6.8323021e-10 -0.0011493234 0 -1.3899356e-05 0 0)
(-9.6967323e-11 -0.0034513407 0 -0.00012529991 0 0)
(3.8161362e-10 -0.0057597909 0 -0.00034881045 0 0)
(4.0446585e-10 -0.0080699159 0 -0.0006846339 0 0)
(2.8705198e-10 0.008069916 0 -0.00068463392 0 0)
(4.9099882e-10 0.005759791 0 -0.00034881049 0 0)
(-8.3028848e-11 0.0034513409 0 -0.00012529994 0 0)
(-7.0197728e-10 0.0011493235 0 -1.3899345e-05 0 0)
(-7.0834914e-10 -0.0011493235 0 -1.3899338e-05 0 0)
(-1.0109482e-10 -0.0034513409 0 -0.00012529992 0 0)
(4.7460763e-10 -0.005759791 0 -0.00034881047 0 0)
(2.7729788e-10 -0.0080699159 0 -0.0006846339 0 0)
(4.289303e-10 0.0080699157 0 -0.00068463389 0 0)
(4.2456974e-10 0.005759791 0 -0.00034881051 0 0)
(-8.3655104e-11 0.003451341 0 -0.00012529995 0 0)
(-7.1370337e-10 0.0011493235 0 -1.3899327e-05 0 0)
(-7.2323233e-10 -0.0011493236 0 -1.3899319e-05 0 0)
(-1.0402224e-10 -0.003451341 0 -0.00012529993 0 0)
(4.0364095e-10 -0.005759791 0 -0.00034881049 0 0)
(4.2282288e-10 -0.0080699157 0 -0.00068463388 0 0)
(3.0715075e-10 0.0080699158 0 -0.0006846339 0 0)
(5.1916401e-10 0.0057597911 0 -0.00034881054 0 0)
(-8.559593e-11 0.0034513412 0 -0.00012529996 0 0)
(-7.4077778e-10 0.0011493236 0 -1.389931e-05 0 0)
(-7.4924754e-10 -0.0011493237 0 -1.38993e-05 0 0)
(-1.0867138e-10 -0.0034513412 0 -0.00012529994 0 0)
(4.9782676e-10 -0.0057597911 0 -0.00034881051 0 0)
(2.9522769e-10 -0.0080699157 0 -0.00068463389 0 0)
(4.5003444e-10 0.0080699155 0 -0.00068463388 0 0)
(4.528564e-10 0.0057597911 0 -0.00034881056 0 0)
(-8.56348e-11 0.0034513413 0 -0.00012529997 0 0)
(-7.5361785e-10 0.0011493237 0 -1.3899291e-05 0 0)
(-7.6536591e-10 -0.0011493237 0 -1.3899281e-05 0 0)
(-1.1142481e-10 -0.0034513413 0 -0.00012529994 0 0)
(4.2653159e-10 -0.0057597911 0 -0.00034881053 0 0)
(4.4152887e-10 -0.0080699155 0 -0.00068463386 0 0)
(3.2824683e-10 0.0080699156 0 -0.00068463389 0 0)
(5.4937725e-10 0.0057597912 0 -0.00034881058 0 0)
(-8.7748519e-11 0.0034513415 0 -0.00012529998 0 0)
(-7.8184177e-10 0.0011493238 0 -1.3899273e-05 0 0)
(-7.9272573e-10 -0.0011493238 0 -1.389926e-05 0 0)
(-1.1662839e-10 -0.0034513415 0 -0.00012529995 0 0)
(5.2220016e-10 -0.0057597912 0 -0.00034881055 0 0)
(3.1366278e-10 -0.0080699155 0 -0.00068463387 0 0)
(4.7235957e-10 0.0080699153 0 -0.00068463386 0 0)
(4.8350945e-10 0.0057597912 0 -0.00034881061 0 0)
(-8.7241678e-11 0.0034513417 0 -0.00012529999 0 0)
(-7.9631191e-10 0.0011493239 0 -1.3899253e-05 0 0)
(-8.1057124e-10 -0.0011493239 0 -1.3899239e-05 0 0)
(-1.1922748e-10 -0.0034513417 0 -0.00012529996 0 0)
(4.508934e-10 -0.0057597912 0 -0.00034881057 0 0)
(4.6094544e-10 -0.0080699152 0 -0.00068463384 0 0)
(3.5080991e-10 0.0080699154 0 -0.00068463387 0 0)
(5.823239e-10 0.0057597913 0 -0.00034881063 0 0)
(-8.9601913e-11 0.0034513418 0 -0.00012530001 0 0)
(-8.2628012e-10 0.001149324 0 -1.3899232e-05 0 0)
(-8.3985435e-10 -0.001149324 0 -1.3899217e-05 0 0)
(-1.2500457e-10 -0.0034513418 0 -0.00012529997 0 0)
(5.4843901e-10 -0.0057597913 0 -0.0003488106 0 0)
(3.3304018e-10 -0.0080699153 0 -0.00068463385 0 0)
(4.9643092e-10 0.008069915 0 -0.00068463384 0 0)
(5.172886e-10 0.0057597914 0 -0.00034881066 0 0)
(-8.8643417e-11 0.003451342 0 -0.00012530002 0 0)
(-8.43061e-10 0.0011493241 0 -1.389921e-05 0 0)
(-8.600561e-10 -0.0011493241 0 -1.3899194e-05 0 0)
(-1.274555e-10 -0.003451342 0 -0.00012529998 0 0)
(4.775717e-10 -0.0057597914 0 -0.00034881062 0 0)
(4.815846e-10 -0.008069915 0 -0.00068463382 0 0)
(3.7543472e-10 0.0080699151 0 -0.00068463385 0 0)
(6.1882723e-10 0.0057597914 0 -0.00034881069 0 0)
(-9.1378023e-11 0.0034513422 0 -0.00012530003 0 0)
(-8.7555706e-10 0.0011493242 0 -1.3899187e-05 0 0)
(-8.9199601e-10 -0.0011493242 0 -1.3899169e-05 0 0)
(-1.3380138e-10 -0.0034513422 0 -0.00012529999 0 0)
(5.775254e-10 -0.0057597914 0 -0.00034881064 0 0)
(3.5397005e-10 -0.0080699151 0 -0.00068463383 0 0)
(5.2290555e-10 0.0080699148 0 -0.00068463382 0 0)
(5.5509549e-10 0.0057597915 0 -0.00034881071 0 0)
(-9.0133637e-11 0.0034513424 0 -0.00012530005 0 0)
(-8.955303e-10 0.0011493243 0 -1.3899162e-05 0 0)
(-9.1534436e-10 -0.0011493243 0 -1.3899143e-05 0 0)
(-1.360855e-10 -0.0034513424 0 -0.0001253 0 0)
(5.0772035e-10 -0.0057597915 0 -0.00034881067 0 0)
(5.0415454e-10 -0.0080699148 0 -0.0006846338 0 0)
(4.0285507e-10 0.0080699148 0 -0.00068463383 0 0)
(6.5985392e-10 0.0057597916 0 -0.00034881075 0 0)
(-9.3444711e-11 0.0034513426 0 -0.00012530006 0 0)
(-9.3156642e-10 0.0011493244 0 -1.3899135e-05 0 0)
(-9.5085765e-10 -0.0011493244 0 -1.3899114e-05 0 0)
(-1.4296065e-10 -0.0034513426 0 -0.00012530001 0 0)
(6.1078822e-10 -0.0057597916 0 -0.0003488107 0 0)
(3.7728676e-10 -0.0080699148 0 -0.00068463381 0 0)
(5.5258589e-10 0.0080699145 0 -0.0006846338 0 0)
(5.9797702e-10 0.0057597916 0 -0.00034881078 0 0)
(-9.2173123e-11 0.0034513428 0 -0.00012530007 0 0)
(-9.5585307e-10 0.0011493245 0 -1.3899106e-05 0 0)
(-9.7833084e-10 -0.0011493245 0 -1.3899084e-05 0 0)
(-1.4502388e-10 -0.0034513428 0 -0.00012530002 0 0)
(5.4288048e-10 -0.0057597916 0 -0.00034881072 0 0)
(5.2961537e-10 -0.0080699145 0 -0.00068463378 0 0)
(4.3395569e-10 0.0080699146 0 -0.00068463381 0 0)
(7.0652151e-10 0.0057597917 0 -0.00034881081 0 0)
(-9.635489e-11 0.003451343 0 -0.00012530009 0 0)
(-9.9670918e-10 0.0011493246 0 -1.3899075e-05 0 0)
(-1.0185494e-09 -0.0011493246 0 -1.3899051e-05 0 0)
(-1.5234708e-10 -0.003451343 0 -0.00012530003 0 0)
(6.4998288e-10 -0.0057597917 0 -0.00034881076 0 0)
(4.0410557e-10 -0.0080699146 0 -0.00068463378 0 0)
(5.8643121e-10 0.0080699142 0 -0.00068463378 0 0)
(6.4713749e-10 0.0057597917 0 -0.00034881085 0 0)
(-9.5420643e-11 0.0034513432 0 -0.0001253001 0 0)
(-1.0267022e-09 0.0011493247 0 -1.389904e-05 0 0)
(-1.0513408e-09 -0.0011493247 0 -1.3899015e-05 0 0)
(-1.5409701e-10 -0.0034513432 0 -0.00012530004 0 0)
(5.8505512e-10 -0.0057597918 0 -0.00034881079 0 0)
(5.5923638e-10 -0.0080699142 0 -0.00068463376 0 0)
(4.6978554e-10 0.0080699143 0 -0.00068463379 0 0)
(7.6011526e-10 0.0057597919 0 -0.00034881089 0 0)
(-1.0086702e-10 0.0034513434 0 -0.00012530012 0 0)
(-1.073959e-09 0.0011493249 0 -1.3899002e-05 0 0)
(-1.0976474e-09 -0.0011493248 0 -1.3898976e-05 0 0)
(-1.6175002e-10 -0.0034513434 0 -0.00012530006 0 0)
(6.9735582e-10 -0.0057597919 0 -0.00034881083 0 0)
(4.3588035e-10 -0.0080699143 0 -0.00068463376 0 0)
(6.2557532e-10 0.0080699139 0 -0.00068463377 0 0)
(7.0396005e-10 0.0057597919 0 -0.00034881093 0 0)
(-1.0073804e-10 0.0034513437 0 -0.00012530014 0 0)
(-1.1113466e-09 0.001149325 0 -1.3898961e-05 0 0)
(-1.1371945e-09 -0.0011493249 0 -1.3898935e-05 0 0)
(-1.6306875e-10 -0.0034513437 0 -0.00012530007 0 0)
(6.3675518e-10 -0.0057597919 0 -0.00034881086 0 0)
(5.9465223e-10 -0.0080699139 0 -0.00068463374 0 0)
(5.1157969e-10 0.0080699139 0 -0.00068463377 0 0)
(8.221253e-10 0.005759792 0 -0.00034881098 0 0)
(-1.0792797e-10 0.0034513439 0 -0.00012530015 0 0)
(-1.1669016e-09 0.0011493251 0 -1.3898915e-05 0 0)
(-1.1912644e-09 -0.0011493251 0 -1.3898888e-05 0 0)
(-1.7092243e-10 -0.0034513439 0 -0.00012530009 0 0)
(7.5566746e-10 -0.005759792 0 -0.00034881091 0 0)
(4.7445382e-10 -0.008069914 0 -0.00068463375 0 0)
(6.7134768e-10 0.0080699135 0 -0.00068463375 0 0)
(7.700713e-10 0.0057597921 0 -0.00034881102 0 0)
(-1.0914257e-10 0.0034513442 0 -0.00012530017 0 0)
(-1.2136648e-09 0.0011493253 0 -1.3898865e-05 0 0)
(-1.2392761e-09 -0.0011493252 0 -1.3898838e-05 0 0)
(-1.7170728e-10 -0.0034513442 0 -0.0001253001 0 0)
(7.0099509e-10 -0.0057597921 0 -0.00034881095 0 0)
(6.3789482e-10 -0.0080699136 0 -0.00068463372 0 0)
(5.6078661e-10 0.0080699136 0 -0.00068463376 0 0)
(8.9433996e-10 0.0057597922 0 -0.00034881107 0 0)
(-1.1859064e-10 0.0034513445 0 -0.00012530018 0 0)
(-1.2797224e-09 0.0011493254 0 -1.3898808e-05 0 0)
(-1.3031245e-09 -0.0011493253 0 -1.3898782e-05 0 0)
(-1.796812e-10 -0.0034513444 0 -0.00012530012 0 0)
(8.281504e-10 -0.0057597922 0 -0.00034881101 0 0)
(5.2206773e-10 -0.0080699136 0 -0.00068463373 0 0)
(7.2531328e-10 0.0080699132 0 -0.00068463373 0 0)
(8.4746084e-10 0.0057597922 0 -0.00034881113 0 0)
(-1.2168013e-10 0.0034513448 0 -0.0001253002 0 0)
(-1.3381011e-09 0.0011493256 0 -1.3898747e-05 0 0)
(-1.3616066e-09 -0.0011493255 0 -1.3898723e-05 0 0)
(-1.799287e-10 -0.0034513447 0 -0.00012530014 0 0)
(7.8119291e-10 -0.0057597923 0 -0.00034881107 0 0)
(6.9138247e-10 -0.0080699133 0 -0.00068463371 0 0)
(6.1912317e-10 0.0080699132 0 -0.00068463374 0 0)
(9.7900046e-10 0.0057597924 0 -0.00034881119 0 0)
(-1.3383839e-10 0.003451345 0 -0.00012530021 0 0)
(-1.4171195e-09 0.0011493258 0 -1.3898678e-05 0 0)
(-1.437636e-09 -0.0011493256 0 -1.3898655e-05 0 0)
(-1.8809558e-10 -0.003451345 0 -0.00012530016 0 0)
(9.1834418e-10 -0.0057597924 0 -0.00034881113 0 0)
(5.8132235e-10 -0.0080699133 0 -0.00068463372 0 0)
(7.893458e-10 0.0080699127 0 -0.00068463372 0 0)
(9.3867371e-10 0.0057597924 0 -0.00034881125 0 0)
(-1.391937e-10 0.0034513454 0 -0.00012530023 0 0)
(-1.4895278e-09 0.0011493259 0 -1.3898604e-05 0 0)
(-1.5089018e-09 -0.0011493258 0 -1.3898583e-05 0 0)
(-1.8803514e-10 -0.0034513453 0 -0.00012530018 0 0)
(8.8092731e-10 -0.0057597925 0 -0.0003488112 0 0)
(7.5784251e-10 -0.0080699129 0 -0.0006846337 0 0)
(6.8867131e-10 0.0080699127 0 -0.00068463373 0 0)
(1.0790327e-09 0.0057597926 0 -0.00034881132 0 0)
(-1.5430251e-10 0.0034513457 0 -0.00012530025 0 0)
(-1.5841121e-09 0.0011493261 0 -1.389852e-05 0 0)
(-1.5999403e-09 -0.001149326 0 -1.3898501e-05 0 0)
(-1.9676933e-10 -0.0034513457 0 -0.0001253002 0 0)
(1.0297738e-09 -0.0057597926 0 -0.00034881128 0 0)
(6.5505401e-10 -0.0080699129 0 -0.00068463372 0 0)
(8.6573605e-10 0.0080699123 0 -0.00068463371 0 0)
(1.047077e-09 0.0057597926 0 -0.0003488114 0 0)
(-1.619886e-10 0.0034513461 0 -0.00012530026 0 0)
(-1.6729947e-09 0.0011493263 0 -1.389843e-05 0 0)
(-1.6865918e-09 -0.0011493262 0 -1.3898415e-05 0 0)
(-1.9704451e-10 -0.003451346 0 -0.00012530022 0 0)
(1.0035272e-09 -0.0057597927 0 -0.00034881136 0 0)
(8.4013034e-10 -0.0080699124 0 -0.0006846337 0 0)
(7.7200326e-10 0.0080699122 0 -0.00068463373 0 0)
(1.1983381e-09 0.0057597928 0 -0.00034881148 0 0)
(-1.7989294e-10 0.0034513464 0 -0.00012530028 0 0)
(-1.7857184e-09 0.0011493265 0 -1.3898329e-05 0 0)
(-1.7958859e-09 -0.0011493264 0 -1.3898316e-05 0 0)
(-2.0719698e-10 -0.0034513464 0 -0.00012530025 0 0)
(1.1654542e-09 -0.0057597929 0 -0.00034881145 0 0)
(7.4608841e-10 -0.0080699124 0 -0.00068463372 0 0)
(9.573327e-10 0.0080699118 0 -0.00068463371 0 0)
(1.1771372e-09 0.0057597929 0 -0.00034881157 0 0)
(-1.8944041e-10 0.0034513468 0 -0.0001253003 0 0)
(-1.8933319e-09 0.0011493267 0 -1.3898221e-05 0 0)
(-1.9007156e-09 -0.0011493266 0 -1.3898213e-05 0 0)
(-2.09059e-10 -0.0034513468 0 -0.00012530028 0 0)
(1.1514808e-09 -0.005759793 0 -0.00034881155 0 0)
(9.4092426e-10 -0.0080699119 0 -0.00068463371 0 0)
(8.7232427e-10 0.0080699117 0 -0.00068463372 0 0)
(1.3420207e-09 0.0057597931 0 -0.00034881167 0 0)
(-2.094275e-10 0.0034513473 0 -0.00012530032 0 0)
(-2.0264627e-09 0.001149327 0 -1.3898101e-05 0 0)
(-2.0317965e-09 -0.0011493268 0 -1.3898092e-05 0 0)
(-2.2210186e-10 -0.0034513472 0 -0.0001253003 0 0)
(1.3272202e-09 -0.0057597931 0 -0.00034881166 0 0)
(8.5686587e-10 -0.0080699118 0 -0.00068463373 0 0)
(1.0676648e-09 0.0080699112 0 -0.00068463371 0 0)
(1.3345147e-09 0.0057597932 0 -0.00034881177 0 0)
(-2.1967792e-10 0.0034513477 0 -0.00012530034 0 0)
(-2.1545553e-09 0.0011493272 0 -1.3897974e-05 0 0)
(-2.1575212e-09 -0.001149327 0 -1.389797e-05 0 0)
(-2.2753165e-10 -0.0034513477 0 -0.00012530033 0 0)
(1.325685e-09 -0.0057597932 0 -0.00034881177 0 0)
(1.062289e-09 -0.0080699114 0 -0.00068463372 0 0)
(9.9353285e-10 0.0080699111 0 -0.00068463373 0 0)
(1.5162781e-09 0.0057597934 0 -0.00034881189 0 0)
(-2.4044675e-10 0.0034513482 0 -0.00012530036 0 0)
(-2.3096264e-09 0.0011493275 0 -1.3897834e-05 0 0)
(-2.3137722e-09 -0.0011493273 0 -1.3897825e-05 0 0)
(-2.4556407e-10 -0.0034513481 0 -0.00012530036 0 0)
(1.5149229e-09 -0.0057597934 0 -0.0003488119 0 0)
(9.8892367e-10 -0.0080699112 0 -0.00068463375 0 0)
(1.2009067e-09 0.0080699105 0 -0.00068463372 0 0)
(1.5255737e-09 0.0057597935 0 -0.00034881202 0 0)
(-2.4959154e-10 0.0034513487 0 -0.00012530039 0 0)
(-2.4589357e-09 0.0011493278 0 -1.3897687e-05 0 0)
(-2.4624121e-09 -0.0011493276 0 -1.3897683e-05 0 0)
(-2.5715634e-10 -0.0034513487 0 -0.00012530038 0 0)
(1.5245824e-09 -0.0057597935 0 -0.00034881203 0 0)
(1.2051019e-09 -0.0080699107 0 -0.00068463375 0 0)
(1.1399688e-09 0.0080699104 0 -0.00068463375 0 0)
(1.7274017e-09 0.0057597937 0 -0.00034881216 0 0)
(-2.6952828e-10 0.0034513493 0 -0.00012530042 0 0)
(-2.6360107e-09 0.0011493281 0 -1.3897526e-05 0 0)
(-2.6460179e-09 -0.0011493278 0 -1.3897512e-05 0 0)
(-2.8259337e-10 -0.0034513492 0 -0.00012530041 0 0)
(1.7255306e-09 -0.0057597937 0 -0.00034881217 0 0)
(1.1422217e-09 -0.0080699105 0 -0.00068463377 0 0)
(1.3613595e-09 0.0080699098 0 -0.00068463374 0 0)
(1.7555427e-09 0.0057597938 0 -0.00034881231 0 0)
(-2.7553048e-10 0.0034513499 0 -0.00012530046 0 0)
(-2.8054048e-09 0.0011493284 0 -1.3897361e-05 0 0)
(-2.8176227e-09 -0.0011493281 0 -1.3897349e-05 0 0)
(-3.0292274e-10 -0.0034513498 0 -0.00012530043 0 0)
(1.7431873e-09 -0.0057597939 0 -0.00034881231 0 0)
(1.3683156e-09 -0.00806991 0 -0.00068463377 0 0)
(1.3153663e-09 0.0080699096 0 -0.00068463377 0 0)
(1.9789204e-09 0.005759794 0 -0.00034881248 0 0)
(-2.9346807e-10 0.0034513505 0 -0.0001253005 0 0)
(-3.0017124e-09 0.0011493287 0 -1.3897184e-05 0 0)
(-3.0274048e-09 -0.0011493284 0 -1.3897152e-05 0 0)
(-3.376012e-10 -0.0034513504 0 -0.00012530046 0 0)
(1.9520767e-09 -0.0057597941 0 -0.00034881246 0 0)
(1.3142273e-09 -0.0080699097 0 -0.0006846338 0 0)
(1.551824e-09 0.0080699089 0 -0.00068463377 0 0)
(2.0241082e-09 0.0057597942 0 -0.00034881266 0 0)
(-2.949886e-10 0.0034513512 0 -0.00012530056 0 0)
(-3.1866952e-09 0.0011493291 0 -1.3897005e-05 0 0)
(-3.2177743e-09 -0.0011493288 0 -1.3896974e-05 0 0)
(-3.6762347e-10 -0.0034513511 0 -0.00012530048 0 0)
(1.9718467e-09 -0.0057597943 0 -0.00034881262 0 0)
(1.5479092e-09 -0.0080699091 0 -0.00068463379 0 0)
(1.5201098e-09 0.0080699086 0 -0.00068463381 0 0)
(2.2654795e-09 0.0057597944 0 -0.00034881285 0 0)
(-3.1146958e-10 0.0034513519 0 -0.00012530061 0 0)
(-3.3942135e-09 0.0011493295 0 -1.3896819e-05 0 0)
(-3.4454552e-09 -0.0011493291 0 -1.3896761e-05 0 0)
(-4.1095546e-10 -0.0034513518 0 -0.00012530051 0 0)
(2.1822227e-09 -0.0057597945 0 -0.00034881277 0 0)
(1.4984559e-09 -0.0080699088 0 -0.00068463382 0 0)
(1.7697427e-09 0.0080699079 0 -0.0006846338 0 0)
(2.3168518e-09 0.0057597946 0 -0.00034881304 0 0)
(-3.091555e-10 0.0034513527 0 -0.00012530067 0 0)
(-3.5847246e-09 0.0011493299 0 -1.3896637e-05 0 0)
(-3.643132e-09 -0.0011493296 0 -1.3896577e-05 0 0)
(-4.4675801e-10 -0.0034513525 0 -0.00012530053 0 0)
(2.1944463e-09 -0.0057597947 0 -0.00034881292 0 0)
(1.7351036e-09 -0.0080699081 0 -0.0006846338 0 0)
(1.7452785e-09 0.0080699076 0 -0.00068463384 0 0)
(2.5618191e-09 0.0057597949 0 -0.00034881323 0 0)
(-3.2792658e-10 0.0034513534 0 -0.00012530073 0 0)
(-3.7867587e-09 0.0011493303 0 -1.3896457e-05 0 0)
(-3.868713e-09 -0.00114933 0 -1.389637e-05 0 0)
(-4.9239537e-10 -0.0034513533 0 -0.00012530056 0 0)
(2.3962846e-09 -0.005759795 0 -0.00034881307 0 0)
(1.681779e-09 -0.0080699078 0 -0.00068463381 0 0)
(1.9994788e-09 0.0080699068 0 -0.00068463382 0 0)
(2.5913703e-09 0.0057597951 0 -0.00034881341 0 0)
(-3.2541695e-10 0.0034513543 0 -0.00012530079 0 0)
(-3.9653428e-09 0.0011493307 0 -1.3896293e-05 0 0)
(-4.0542146e-09 -0.0011493306 0 -1.3896198e-05 0 0)
(-5.1917249e-10 -0.0034513542 0 -0.0001253006 0 0)
(2.3863611e-09 -0.0057597952 0 -0.00034881321 0 0)
(1.9130848e-09 -0.0080699071 0 -0.00068463377 0 0)
(1.961545e-09 0.0080699063 0 -0.00068463382 0 0)
(2.8063553e-09 0.0057597953 0 -0.00034881357 0 0)
(-3.543147e-10 0.003451355 0 -0.00012530086 0 0)
(-4.1344089e-09 0.0011493311 0 -1.3896142e-05 0 0)
(-4.2429341e-09 -0.001149331 0 -1.3896035e-05 0 0)
(-5.4942182e-10 -0.003451355 0 -0.00012530066 0 0)
(2.5662722e-09 -0.0057597954 0 -0.00034881334 0 0)
(1.8394869e-09 -0.0080699066 0 -0.00068463375 0 0)
(2.199393e-09 0.0080699056 0 -0.00068463377 0 0)
(2.7630513e-09 0.0057597955 0 -0.00034881369 0 0)
(-3.5703043e-10 0.0034513559 0 -0.00012530092 0 0)
(-4.2792565e-09 0.0011493314 0 -1.3896022e-05 0 0)
(-4.3937272e-09 -0.0011493316 0 -1.3895893e-05 0 0)
(-5.3085817e-10 -0.003451356 0 -0.00012530076 0 0)
(2.5162549e-09 -0.0057597957 0 -0.00034881345 0 0)
(2.0517144e-09 -0.0080699059 0 -0.00068463368 0 0)
(2.1023329e-09 0.008069905 0 -0.00068463371 0 0)
(2.890784e-09 0.0057597957 0 -0.00034881375 0 0)
(-4.0594578e-10 0.0034513567 0 -0.00012530099 0 0)
(-4.3774787e-09 0.001149332 0 -1.3895932e-05 0 0)
(-4.456669e-09 -0.0011493324 0 -1.389587e-05 0 0)
(-5.0846579e-10 -0.0034513569 0 -0.00012530087 0 0)
(2.6649668e-09 -0.0057597959 0 -0.00034881355 0 0)
(1.9280808e-09 -0.0080699054 0 -0.00068463359 0 0)
(2.2862656e-09 0.0080699043 0 -0.00068463357 0 0)
(2.7114324e-09 0.0057597959 0 -0.00034881376 0 0)
(-4.1311646e-10 0.0034513576 0 -0.00012530103 0 0)
(-4.462967e-09 0.0011493325 0 -1.3895898e-05 0 0)
(-4.4481456e-09 -0.0011493323 0 -1.3895882e-05 0 0)
(-3.6895426e-10 -0.003451358 0 -0.0001253011 0 0)
(2.5691605e-09 -0.0057597961 0 -0.00034881362 0 0)
(2.1028864e-09 -0.0080699048 0 -0.00068463346 0 0)
(2.0485052e-09 0.0080699038 0 -0.00068463337 0 0)
(2.6976747e-09 0.0057597961 0 -0.00034881364 0 0)
(-4.8359909e-10 0.0034513584 0 -0.00012530111 0 0)
(-4.5317339e-09 0.0011493328 0 -1.3895818e-05 0 0)
(-4.3875455e-09 -0.0011493341 0 -1.3896017e-05 0 0)
(-2.2893887e-10 -0.003451359 0 -0.00012530134 0 0)
(2.7163164e-09 -0.0057597963 0 -0.00034881372 0 0)
(1.8820231e-09 -0.0080699043 0 -0.00068463326 0 0)
(2.1329292e-09 0.0080699032 0 -0.00068463309 0 0)
(2.3577813e-09 0.0057597962 0 -0.00034881354 0 0)
(-4.6507059e-10 0.0034513595 0 -0.00012530115 0 0)
(-4.6783022e-09 0.0011493334 0 -1.389575e-05 0 0)
(-4.3390456e-09 -0.0011493339 0 -1.389605e-05 0 0)
(1.7738366e-10 -0.0034513602 0 -0.00012530187 0 0)
(2.6411048e-09 -0.0057597965 0 -0.00034881383 0 0)
(2.0104109e-09 -0.0080699037 0 -0.00068463306 0 0)
(1.6456962e-09 0.0080699028 0 -0.00068463265 0 0)
(2.2621904e-09 0.0057597964 0 -0.00034881331 0 0)
(-5.2505026e-10 0.0034513604 0 -0.0001253013 0 0)
(-4.937839e-09 0.0011493339 0 -1.3895456e-05 0 0)
(-4.3698626e-09 -0.0011493364 0 -1.3896119e-05 0 0)
(5.2772566e-10 -0.0034513615 0 -0.00012530235 0 0)
(2.9665317e-09 -0.0057597967 0 -0.00034881411 0 0)
(1.6408687e-09 -0.0080699033 0 -0.00068463269 0 0)
(1.6247898e-09 0.0080699024 0 -0.00068463221 0 0)
(1.9580374e-09 0.0057597965 0 -0.00034881331 0 0)
(-3.7385527e-10 0.0034513619 0 -0.00012530145 0 0)
(-5.5470659e-09 0.0011493346 0 -1.3894953e-05 0 0)
(-4.7505742e-09 -0.0011493369 0 -1.3895718e-05 0 0)
(1.4796799e-09 -0.0034513631 0 -0.00012530344 0 0)
(3.2126363e-09 -0.0057597968 0 -0.00034881459 0 0)
(1.7731318e-09 -0.0080699027 0 -0.00068463244 0 0)
(8.3557183e-10 0.0080699023 0 -0.00068463149 0 0)
(2.2463137e-09 0.0057597969 0 -0.00034881344 0 0)
(-3.2654786e-10 0.0034513635 0 -0.0001253018 0 0)
(-6.7422148e-09 0.0011493355 0 -1.3893713e-05 0 0)
(-5.7022858e-09 -0.0011493401 0 -1.3894893e-05 0 0)
(2.1764777e-09 -0.0034513654 0 -0.00012530436 0 0)
(4.3349803e-09 -0.005759797 0 -0.00034881565 0 0)
(1.2790005e-09 -0.0080699025 0 -0.00068463193 0 0)
(8.6778441e-10 0.0080699021 0 -0.00068463103 0 0)
(2.7616943e-09 0.0057597973 0 -0.00034881441 0 0)
(1.8066639e-10 0.003451366 0 -0.00012530232 0 0)
(-8.7729795e-09 0.0011493369 0 -1.3891806e-05 0 0)
(-7.8094312e-09 -0.0011493417 0 -1.3892818e-05 0 0)
(4.0802136e-09 -0.0034513691 0 -0.00012530646 0 0)
(5.757019e-09 -0.0057597973 0 -0.00034881748 0 0)
(1.6320463e-09 -0.0080699019 0 -0.00068463178 0 0)
(6.5182113e-11 0.0080699023 0 -0.0006846303 0 0)
(4.9877807e-09 0.0057597984 0 -0.00034881649 0 0)
(5.6250205e-10 0.00345137 0 -0.00012530318 0 0)
(-1.3405702e-08 0.0011493396 0 -1.3887161e-05 0 0)
(-1.3278266e-08 -0.0011493473 0 -1.3887431e-05 0 0)
(5.3958639e-09 -0.003451374 0 -0.00012530826 0 0)
(9.4224167e-09 -0.005759798 0 -0.00034882105 0 0)
(1.3892366e-09 -0.0080699014 0 -0.0006846315 0 0)
(6.9105564e-10 0.008069902 0 -0.00068463027 0 0)
(8.2644561e-09 0.0057597997 0 -0.00034882048 0 0)
(1.8356468e-09 0.0034513775 0 -0.00012530468 0 0)
(-2.2546265e-08 0.0011493453 0 -1.3878201e-05 0 0)
(-2.0023601e-08 -0.0011493525 0 -1.3880898e-05 0 0)
(8.5051583e-09 -0.0034513836 0 -0.00012531163 0 0)
(1.3874165e-08 -0.005759799 0 -0.00034882629 0 0)
(2.5331473e-09 -0.0080699003 0 -0.00068463187 0 0)
(1.2428645e-09 0.0080699014 0 -0.0006846308 0 0)
(1.6818276e-08 0.0057598028 0 -0.00034882908 0 0)
(2.9964304e-09 0.0034513877 0 -0.00012530662 0 0)
(-3.5750695e-08 0.0011493542 0 -1.3865148e-05 0 0)
(-3.4662821e-08 -0.0011493626 0 -1.3866154e-05 0 0)
(1.0834237e-08 -0.0034513954 0 -0.00012531508 0 0)
(2.4274093e-08 -0.0057598016 0 -0.00034883658 0 0)
(3.9427351e-09 -0.0080698983 0 -0.00068463317 0 0)
(3.8274839e-09 0.0080698994 0 -0.00068463238 0 0)
(2.6481305e-08 0.0057598059 0 -0.00034883989 0 0)
(5.4343639e-09 0.0034514079 0 -0.00012530989 0 0)
(-6.0231263e-08 0.0011493684 0 -1.3840717e-05 0 0)
(-5.3626614e-08 -0.0011493755 0 -1.3847799e-05 0 0)
(1.5146847e-08 -0.0034514181 0 -0.00012531981 0 0)
(3.5460427e-08 -0.0057598041 0 -0.00034884935 0 0)
(7.2415461e-09 -0.0080698951 0 -0.00068463512 0 0)
(9.2982378e-09 0.0080698943 0 -0.00068463737 0 0)
(4.9630183e-08 0.0057598137 0 -0.00034886372 0 0)
(8.5541164e-09 0.003451434 0 -0.00012531448 0 0)
(-8.8087158e-08 0.001149386 0 -1.3813379e-05 0 0)
(-8.6878687e-08 -0.0011493956 0 -1.3814112e-05 0 0)
(1.8678482e-08 -0.0034514447 0 -0.00012532577 0 0)
(6.1466317e-08 -0.0057598112 0 -0.00034887529 0 0)
(1.360743e-08 -0.0080698877 0 -0.00068464106 0 0)
(1.6905098e-08 0.0080698871 0 -0.00068464328 0 0)
(7.169875e-08 0.0057598196 0 -0.00034888761 0 0)
(1.2434264e-08 0.003451479 0 -0.00012532038 0 0)
(-1.3647156e-07 0.0011494139 0 -1.3764786e-05 0 0)
(-1.3227129e-07 -0.0011494232 0 -1.3770027e-05 0 0)
(2.3905921e-08 -0.0034514951 0 -0.00012533182 0 0)
(8.5721613e-08 -0.0057598162 0 -0.00034890252 0 0)
(2.2021074e-08 -0.0080698786 0 -0.00068464699 0 0)
(3.2605035e-08 0.0080698692 0 -0.00068465733 0 0)
(1.2401601e-07 0.0057598366 0 -0.00034894177 0 0)
(1.8296166e-08 0.0034515332 0 -0.00012532883 0 0)
(-1.9822798e-07 0.0011494511 0 -1.3704195e-05 0 0)
(-1.9866743e-07 -0.001149461 0 -1.3702586e-05 0 0)
(2.808078e-08 -0.003451548 0 -0.00012534059 0 0)
(1.3991273e-07 -0.0057598315 0 -0.00034895701 0 0)
(3.8730876e-08 -0.0080698576 0 -0.00068466244 0 0)
(5.2102886e-08 0.0080698484 0 -0.00068467345 0 0)
(1.6805189e-07 0.0057598458 0 -0.00034898879 0 0)
(2.3423063e-08 0.0034516296 0 -0.00012533837 0 0)
(-2.8372959e-07 0.0011495018 0 -1.361805e-05 0 0)
(-2.8894553e-07 -0.0011495131 0 -1.3614598e-05 0 0)
(3.2528715e-08 -0.0034516467 0 -0.0001253468 0 0)
(1.8392983e-07 -0.0057598399 0 -0.00034900602 0 0)
(5.7808254e-08 -0.008069835 0 -0.00068467683 0 0)
(8.5111147e-08 0.0080698024 0 -0.00068470236 0 0)
(2.6658839e-07 0.0057598765 0 -0.00034909093 0 0)
(3.1219493e-08 0.0034517242 0 -0.00012535027 0 0)
(-4.001135e-07 0.0011495711 0 -1.3503702e-05 0 0)
(-4.0214347e-07 -0.0011495768 0 -1.3499566e-05 0 0)
(3.5894724e-08 -0.0034517411 0 -0.0001253579 0 0)
(2.8158456e-07 -0.0057598681 0 -0.00034910448 0 0)
(9.1982752e-08 -0.0080697862 0 -0.00068470792 0 0)
(1.2634193e-07 0.0080697524 0 -0.00068473694 0 0)
(3.4151219e-07 0.0057598884 0 -0.0003491704 0 0)
(3.3967655e-08 0.0034518996 0 -0.00012536103 0 0)
(-5.294171e-07 0.0011496508 0 -1.3373141e-05 0 0)
(-5.5152286e-07 -0.0011496633 0 -1.3353657e-05 0 0)
(3.5495706e-08 -0.0034519116 0 -0.00012536079 0 0)
(3.5106848e-07 -0.0057598797 0 -0.00034918159 0 0)
(1.305976e-07 -0.0080697357 0 -0.00068473802 0 0)
(1.8270007e-07 0.0080696601 0 -0.00068478513 0 0)
(4.9892378e-07 0.0057599366 0 -0.00034933374 0 0)
(4.305429e-08 0.0034520463 0 -0.00012537623 0 0)
(-7.1875701e-07 0.0011497656 0 -1.3186778e-05 0 0)
(-7.1819592e-07 -0.0011497599 0 -1.3184279e-05 0 0)
(3.539363e-08 -0.003452063 0 -0.00012537237 0 0)
(5.0415576e-07 -0.0057599245 0 -0.00034933641 0 0)
(1.8751049e-07 -0.008069639 0 -0.00068478829 0 0)
(2.5312761e-07 0.0080695582 0 -0.00068484337 0 0)
(6.0520999e-07 0.0057599455 0 -0.00034944602 0 0)
(3.5546963e-08 0.0034523171 0 -0.00012538093 0 0)
(-8.8271983e-07 0.0011498743 0 -1.3020867e-05 0 0)
(-9.3963486e-07 -0.0011498935 0 -1.2967394e-05 0 0)
(2.3137607e-08 -0.0034523253 0 -0.00012536574 0 0)
(5.9817012e-07 -0.0057599368 0 -0.00034944073 0 0)
(2.5546863e-07 -0.0080695408 0 -0.00068484193 0 0)
(3.3902768e-07 0.0080693947 0 -0.00068491461 0 0)
(8.2545934e-07 0.0057600164 0 -0.00034967531 0 0)
(4.4115566e-08 0.0034525234 0 -0.00012539809 0 0)
(-1.1564199e-06 0.0011500483 0 -1.2750863e-05 0 0)
(-1.1489797e-06 -0.0011500239 0 -1.27546e-05 0 0)
(1.6077519e-08 -0.0034525403 0 -0.00012537421 0 0)
(8.0428806e-07 -0.0057599989 0 -0.00034965015 0 0)
(3.3662461e-07 -0.0080693757 0 -0.00068491073 0 0)
(4.3425246e-07 0.0080692198 0 -0.00068499013 0 0)
(9.5366214e-07 0.0057600095 0 -0.00034981052 0 0)
(2.1714134e-08 0.0034529026 0 -0.00012539269 0 0)
(-1.3332383e-06 0.0011501795 0 -1.2571245e-05 0 0)
(-1.432339e-06 -0.0011502102 0 -1.2476267e-05 0 0)
(-1.5035118e-08 -0.0034528869 0 -0.00012535149 0 0)
(9.0616147e-07 -0.0057599985 0 -0.00034976362 0 0)
(4.3187056e-07 -0.0080692077 0 -0.00068498422 0 0)
(5.5341e-07 0.0080689682 0 -0.00068508591 0 0)
(1.2005332e-06 0.0057600912 0 -0.00035006998 0 0)
(4.2586917e-09 0.0034532104 0 -0.00012538801 0 0)
(-1.6498108e-06 0.0011504048 0 -1.2258202e-05 0 0)
(-1.6148426e-06 -0.0011503425 0 -1.2289992e-05 0 0)
(-1.8967894e-08 -0.0034531215 0 -0.0001253644 0 0)
(1.1676744e-06 -0.0057600971 0 -0.00035003286 0 0)
(5.4339983e-07 -0.0080689587 0 -0.00068507542 0 0)
(6.677056e-07 0.0080686927 0 -0.00068517068 0 0)
(1.2933801e-06 0.0057600799 0 -0.00035016838 0 0)
(-3.2396196e-08 0.0034536034 0 -0.00012537104 0 0)
(-1.7613928e-06 0.001150512 0 -1.2144272e-05 0 0)
(-1.7113388e-06 -0.0011504717 0 -1.2198884e-05 0 0)
(-7.736001e-08 -0.0034535384 0 -0.00012531859 0 0)
(1.2315235e-06 -0.005760074 0 -0.00035010555 0 0)
(6.4360392e-07 -0.0080687002 0 -0.0006851453 0 0)
(7.7978952e-07 0.0080683667 0 -0.00068524847 0 0)
(1.3592727e-06 0.0057600894 0 -0.0003502363 0 0)
(-7.3359182e-08 0.0034538919 0 -0.00012534389 0 0)
(-2.0472923e-06 0.001150779 0 -1.187324e-05 0 0)
(-1.9958287e-06 -0.0011507043 0 -1.1918888e-05 0 0)
(-1.153713e-07 -0.0034538272 0 -0.00012530118 0 0)
(1.314519e-06 -0.0057601014 0 -0.00035018987 0 0)
(7.5312387e-07 -0.0080683801 0 -0.00068522341 0 0)
(8.5311538e-07 0.0080680296 0 -0.00068528393 0 0)
(1.3956467e-06 0.0057601001 0 -0.00035027207 0 0)
(-1.1318799e-07 0.0034540557 0 -0.00012531549 0 0)
(-1.9981503e-06 0.0011509283 0 -1.1950843e-05 0 0)
(-2.0686329e-06 -0.00115091 0 -1.1880819e-05 0 0)
(-1.6463062e-07 -0.0034540422 0 -0.00012526206 0 0)
(1.3321125e-06 -0.0057601008 0 -0.00035020779 0 0)
(8.275469e-07 -0.0080680515 0 -0.0006852598 0 0)
(8.937304e-07 0.008067731 0 -0.00068529886 0 0)
(1.2121025e-06 0.0057600452 0 -0.00035007871 0 0)
(-1.881032e-07 0.0034542963 0 -0.00012525582 0 0)
(-1.7719732e-06 0.0011509803 0 -1.22424e-05 0 0)
(-1.7656569e-06 -0.0011509426 0 -1.2245891e-05 0 0)
(-2.3791872e-07 -0.0034542986 0 -0.00012520457 0 0)
(1.1741741e-06 -0.0057600771 0 -0.00035003987 0 0)
(8.6403308e-07 -0.0080677597 0 -0.00068527055 0 0)
(9.1780971e-07 0.0080674436 0 -0.00068530605 0 0)
(1.0445811e-06 0.0057601356 0 -0.00034986841 0 0)
(-2.9955474e-07 0.0034545466 0 -0.00012521332 0 0)
(-1.5768695e-06 0.0011511223 0 -1.2643091e-05 0 0)
(-1.5964839e-06 -0.001151087 0 -1.260957e-05 0 0)
(-3.4303094e-07 -0.003454538 0 -0.00012518157 0 0)
(9.7442312e-07 -0.0057601464 0 -0.00034978982 0 0)
(8.805415e-07 -0.0080674919 0 -0.00068527162 0 0)
(9.2771051e-07 0.0080671495 0 -0.00068507673 0 0)
(6.7574156e-07 0.0057602915 0 -0.0003491442 0 0)
(-3.8147837e-07 0.0034548231 0 -0.00012538573 0 0)
(-1.2010373e-06 0.0011512162 0 -1.3990882e-05 0 0)
(-1.2152584e-06 -0.0011511778 0 -1.3961856e-05 0 0)
(-4.2019063e-07 -0.0034548027 0 -0.00012539171 0 0)
(6.2286555e-07 -0.0057603141 0 -0.00034911289 0 0)
(8.8780145e-07 -0.008067208 0 -0.00068505075 0 0)
(9.0112873e-07 0.0080672224 0 -0.00068461043 0 0)
(6.0454191e-07 0.005760394 0 -0.00034870229 0 0)
(-3.7668018e-07 0.0034547267 0 -0.00012547745 0 0)
(-1.1613661e-06 0.0011511484 0 -1.4496486e-05 0 0)
(-1.1784567e-06 -0.0011511052 0 -1.4446596e-05 0 0)
(-4.128082e-07 -0.0034547186 0 -0.00012552724 0 0)
(5.5224491e-07 -0.0057604102 0 -0.00034867778 0 0)
(8.60065e-07 -0.0080672922 0 -0.00068461681 0 0)
)
;

boundaryField
{
    left
    {
        type            fixedValue;
        value           uniform (0 0 0 0 0 0);
    }
    right
    {
        type            zeroGradient;
    }
    walls
    {
        type            zeroGradient;
    }
    frontAndBack
    {
        type            empty;
    }
}


// ************************************************************************* //
