/*--------------------------------*- C++ -*----------------------------------*\
| =========                 |                                                 |
| \\      /  F ield         | OpenFOAM: The Open Source CFD Toolbox           |
|  \\    /   O peration     | Version:  5.x                                   |
|   \\  /    A nd           | Web:      www.OpenFOAM.org                      |
|    \\/     M anipulation  |                                                 |
\*---------------------------------------------------------------------------*/
FoamFile
{
    version     2.0;
    format      ascii;
    class       volSymmTensorField;
    location    "10";
    object      sigma;
}
// * * * * * * * * * * * * * * * * * * * * * * * * * * * * * * * * * * * * * //

dimensions      [0 2 -2 0 0 0 0];

internalField   nonuniform List<symmTensor> 
1920
(
(0.0034772295 0.017596244 0 -0.010680682 0 0)
(-0.00050658028 0.007262432 0 0.0018274229 0 0)
(-0.0022755705 0.0042679732 0 0.0017987508 0 0)
(-0.0018895744 0.0013335479 0 0.0018702487 0 0)
(-0.0018895384 -0.0013335577 0 0.0018702118 0 0)
(-0.0022755754 -0.0042679313 0 0.0017987576 0 0)
(-0.00050658754 -0.0072624334 0 0.0018274299 0 0)
(0.0034772281 -0.017596244 0 -0.010680678 0 0)
(0.0058082508 0.012386315 0 -0.0061784871 0 0)
(0.00070449484 0.0026017137 0 0.00054918853 0 0)
(-0.0035438982 0.0010526581 0 0.0030309642 0 0)
(-0.0036338425 0.00052688924 0 0.0033401405 0 0)
(-0.0036338193 -0.00052689014 0 0.0033401155 0 0)
(-0.0035439135 -0.0010525795 0 0.0030309814 0 0)
(0.00070450175 -0.0026017026 0 0.00054917744 0 0)
(0.0058082509 -0.012386316 0 -0.006178488 0 0)
(0.0053651021 0.010704941 0 -0.0070656009 0 0)
(0.0013458853 0.0016675663 0 -0.00074184612 0 0)
(-0.0030417069 0.00046231187 0 0.002729499 0 0)
(-0.0039188043 0.00015850634 0 0.0037296072 0 0)
(-0.003918808 -0.00015851028 0 0.0037296132 0 0)
(-0.003041659 -0.00046238944 0 0.0027294486 0 0)
(0.0013458938 -0.0016675769 0 -0.00074185313 0 0)
(0.0053651049 -0.010704942 0 -0.0070656056 0 0)
(0.004208402 0.0098830507 0 -0.0058751849 0 0)
(0.0015238413 0.0021682416 0 -0.0012931938 0 0)
(-0.002328604 0.00047148268 0 0.0021825131 0 0)
(-0.003626655 6.4418539e-05 0 0.0035560036 0 0)
(-0.0036265802 -6.4433202e-05 0 0.0035559314 0 0)
(-0.002328645 -0.00047141512 0 0.0021825549 0 0)
(0.0015238475 -0.0021682292 0 -0.001293199 0 0)
(0.0042084081 -0.0098830502 0 -0.0058751909 0 0)
(0.0032427622 0.0095101926 0 -0.0045229513 0 0)
(0.0014218783 0.0029102186 0 -0.0013801909 0 0)
(-0.0016681623 0.00089764375 0 0.00157007 0 0)
(-0.0030837641 0.00016385473 0 0.0030422654 0 0)
(-0.0030839542 -0.00016384705 0 0.0030424556 0 0)
(-0.001668511 -0.00089744802 0 0.0015704147 0 0)
(0.0014218709 -0.0029102102 0 -0.0013801835 0 0)
(0.0032427651 -0.0095101852 0 -0.0045229539 0 0)
(0.0024788515 0.00924549 0 -0.003501045 0 0)
(0.0012169489 0.0037016662 0 -0.0012916224 0 0)
(-0.0012043905 0.0013699151 0 0.0011218108 0 0)
(-0.0022927321 0.00034262824 0 0.0022694717 0 0)
(-0.0022926688 -0.00034266062 0 0.0022694065 0 0)
(-0.0012040368 -0.0013702189 0 0.0011214585 0 0)
(0.0012169848 -0.0037016608 0 -0.0012916587 0 0)
(0.002478864 -0.009245485 0 -0.003501057 0 0)
(0.0017098516 0.0089801824 0 -0.0025942247 0 0)
(0.00094379775 0.0044035927 0 -0.0011074723 0 0)
(-0.00079891073 0.001886396 0 0.00072182117 0 0)
(-0.0017488543 0.00051275879 0 0.0017378014 0 0)
(-0.001748825 -0.00051277388 0 0.0017377728 0 0)
(-0.00079879593 -0.0018864782 0 0.00072170506 0 0)
(0.00094381953 -0.0044035879 0 -0.0011074934 0 0)
(0.0017098539 -0.0089801679 0 -0.0025942261 0 0)
(0.0011904011 0.008805848 0 -0.0020039125 0 0)
(0.00073898808 0.0048243296 0 -0.00095984921 0 0)
(-0.00051286046 0.0023468635 0 0.00043284441 0 0)
(-0.0012991449 0.00066857245 0 0.001294911 0 0)
(-0.0012992029 -0.00066855902 0 0.0012949679 0 0)
(-0.00051285382 -0.0023468429 0 0.00043283802 0 0)
(0.00073899218 -0.0048243456 0 -0.00095985532 0 0)
(0.0011903981 -0.0088058321 0 -0.0020039074 0 0)
(0.00081652072 0.008686794 0 -0.0015871511 0 0)
(0.0005320153 0.0052224931 0 -0.00079895713 0 0)
(-0.00033690568 0.0026838361 0 0.00024868287 0 0)
(-0.00096724892 0.00079160167 0 0.00096451734 0 0)
(-0.00096702013 -0.00079169364 0 0.00096429198 0 0)
(-0.00033685631 -0.0026838929 0 0.00024863355 0 0)
(0.00053204765 -0.0052224516 0 -0.0007989882 0 0)
(0.00081653959 -0.0086867784 0 -0.0015871689 0 0)
(0.00054857264 0.0086032212 0 -0.0012928185 0 0)
(0.0003851343 0.0054737566 0 -0.00068314503 0 0)
(-0.00021387877 0.0029568153 0 0.00011577405 0 0)
(-0.00065555333 0.00091426778 0 0.00065190996 0 0)
(-0.0006557767 -0.00091418718 0 0.0006521317 0 0)
(-0.00021390002 -0.0029567481 0 0.0001157969 0 0)
(0.00038512882 -0.0054737722 0 -0.00068314048 0 0)
(0.00054856512 -0.0086031977 0 -0.0012928081 0 0)
(0.00036078284 0.0085462921 0 -0.0010893089 0 0)
(0.00027277354 0.0056540747 0 -0.00059247931 0 0)
(-0.00013324515 0.0031604804 0 2.6383129e-05 0 0)
(-0.00045465612 0.00099732406 0 0.00044889568 0 0)
(-0.0004545769 -0.0009973658 0 0.00044881622 0 0)
(-0.0001332097 -0.0031605457 0 2.6345717e-05 0 0)
(0.00027279839 -0.0056540306 0 -0.00059250183 0 0)
(0.00036080218 -0.0085462731 0 -0.0010893261 0 0)
(0.00023291339 0.0085085021 0 -0.00095223956 0 0)
(0.00018778764 0.0057827969 0 -0.00052230801 0 0)
(-8.1564397e-05 0.0033071176 0 -3.2188698e-05 0 0)
(-0.00030201257 0.0010632367 0 0.00029402151 0 0)
(-0.00030200965 -0.0010632452 0 0.00029401799 0 0)
(-8.1585707e-05 -0.0033070586 0 -3.2165683e-05 0 0)
(0.00018777454 -0.005782808 0 -0.00052229553 0 0)
(0.0002329033 -0.0085084752 0 -0.0009522261 0 0)
(0.00014790672 0.0084839589 0 -0.00086191419 0 0)
(0.0001264097 0.0058708946 0 -0.00047071345 0 0)
(-4.8918544e-05 0.0034104346 0 -6.9984962e-05 0 0)
(-0.00019768926 0.0011097866 0 0.00018781138 0 0)
(-0.00019780167 -0.0011097577 0 0.00018792345 0 0)
(-4.8903405e-05 -0.0034104888 0 -7.0002108e-05 0 0)
(0.00012642394 -0.0058708574 0 -0.00047072528 0 0)
(0.00014792052 -0.0084839379 0 -0.00086192496 0 0)
(9.2258779e-05 0.0084682685 0 -0.00080322355 0 0)
(8.3434651e-05 0.0059295839 0 -0.00043407423 0 0)
(-2.8600432e-05 0.0034817769 0 -9.3990117e-05 0 0)
(-0.00012826225 0.0011418607 0 0.00011693473 0 0)
(-0.00012809283 -0.0011419423 0 0.00011676468 0 0)
(-2.8619721e-05 -0.0034817376 0 -9.3969691e-05 0 0)
(8.3417633e-05 -0.0059295903 0 -0.00043405716 0 0)
(9.2249601e-05 -0.0084682428 0 -0.00080321083 0 0)
(5.6402871e-05 0.008458423 0 -0.00076567186 0 0)
(5.4051788e-05 0.0059679405 0 -0.00040871114 0 0)
(-1.6233028e-05 0.0035300198 0 -0.00010891033 0 0)
(-8.2554775e-05 0.0011635556 0 7.0181706e-05 0 0)
(-8.267205e-05 -0.0011635255 0 7.0298959e-05 0 0)
(-1.6232331e-05 -0.0035300589 0 -0.0001089127 0 0)
(5.4055894e-05 -0.0059679148 0 -0.00040871322 0 0)
(5.6409907e-05 -0.0084584025 0 -0.00076567554 0 0)
(3.3703975e-05 0.008452379 0 -0.00074205956 0 0)
(3.4354656e-05 0.0059925611 0 -0.00039152453 0 0)
(-8.8245575e-06 0.0035621567 0 -0.00011803283 0 0)
(-5.1276375e-05 0.0011787098 0 3.8173241e-05 0 0)
(-5.0667304e-05 -0.001179 0 3.7560626e-05 0 0)
(-8.84043e-06 -0.0035621376 0 -0.00011801653 0 0)
(3.4338424e-05 -0.0059925635 0 -0.00039150782 0 0)
(3.3696082e-05 -0.0084523566 0 -0.00074204826 0 0)
(1.9566258e-05 0.0084487584 0 -0.00072745717 0 0)
(2.1373832e-05 0.006008131 0 -0.00038008225 0 0)
(-4.528233e-06 0.0035831034 0 -0.0001234485 0 0)
(-3.1155253e-05 0.001188705 0 1.7563486e-05 0 0)
(-3.2037349e-05 -0.0011883245 0 1.8449991e-05 0 0)
(-4.5346872e-06 -0.0035831287 0 -0.00012344331 0 0)
(2.137103e-05 -0.0060081163 0 -0.00038007801 0 0)
(1.9567857e-05 -0.00844874 0 -0.00072745555 0 0)
(1.0964281e-05 0.0084466628 0 -0.00071864046 0 0)
(1.3000764e-05 0.0060177567 0 -0.0003726314 0 0)
(-2.0966e-06 0.0035965867 0 -0.00012659509 0 0)
(-1.9094028e-05 0.0011948689 0 5.1876868e-06 0 0)
(-1.8488678e-05 -0.0011951698 0 4.5780977e-06 0 0)
(-2.1084857e-06 -0.0035965826 0 -0.00012658328 0 0)
(1.2987901e-05 -0.0060177565 0 -0.00037261796 0 0)
(1.0957784e-05 -0.0084466444 0 -0.00071863089 0 0)
(5.8335169e-06 0.0084454991 0 -0.00071342764 0 0)
(7.6743189e-06 0.006023622 0 -0.00036784851 0 0)
(-7.9245764e-07 0.0036050409 0 -0.00012834128 0 0)
(-1.0708626e-05 0.001199213 0 -3.4031508e-06 0 0)
(-1.1166193e-05 -0.0011990152 0 -2.9431246e-06 0 0)
(-8.0054709e-07 -0.0036050557 0 -0.00012833419 0 0)
(7.6683291e-06 -0.0060236151 0 -0.00036784157 0 0)
(5.8321681e-06 -0.0084454836 0 -0.00071342346 0 0)
(2.9583852e-06 0.0084449097 0 -0.00071053941 0 0)
(4.3826068e-06 0.0060270786 0 -0.00036486426 0 0)
(-1.3041017e-07 0.0036102768 0 -0.00012927232 0 0)
(-6.1030327e-06 0.0012016886 0 -8.1321284e-06 0 0)
(-5.6412485e-06 -0.0012019318 0 -8.5975499e-06 0 0)
(-1.3876117e-07 -0.0036102811 0 -0.00012926443 0 0)
(4.373679e-06 -0.006027077 0 -0.00036485481 0 0)
(2.9536073e-06 -0.0084448948 0 -0.00071053202 0 0)
(1.2441901e-06 0.0084446142 0 -0.00070883947 0 0)
(2.372064e-06 0.0060290803 0 -0.00036302607 0 0)
(1.6695268e-07 0.0036134085 0 -0.00012972495 0 0)
(-2.8979695e-06 0.0012034351 0 -1.1415078e-05 0 0)
(-3.3914725e-06 -0.0012032021 0 -1.0918146e-05 0 0)
(1.5980695e-07 -0.0036134166 0 -0.00012971858 0 0)
(2.3652816e-06 -0.0060290777 0 -0.00036301871 0 0)
(1.2416018e-06 -0.0084446011 0 -0.00070883447 0 0)
(3.7492367e-07 0.0084445087 0 -0.00070799697 0 0)
(1.1995212e-06 0.0060301748 0 -0.00036194139 0 0)
(2.7140706e-07 0.0036152482 0 -0.00012991823 0 0)
(-1.6045259e-06 0.0012041931 0 -1.2749314e-05 0 0)
(-1.363518e-06 -0.0012043338 0 -1.2992852e-05 0 0)
(2.6541854e-07 -0.0036152555 0 -0.00012991282 0 0)
(1.1936942e-06 -0.0060301724 0 -0.00036193513 0 0)
(3.7175945e-07 -0.0084444966 0 -0.00070799164 0 0)
(-5.4485597e-08 0.0084444986 0 -0.00070759462 0 0)
(5.2274728e-07 0.0060307525 0 -0.00036131032 0 0)
(2.8059707e-07 0.0036162749 0 -0.00012997278 0 0)
(-4.5803787e-07 0.0012048623 0 -1.3922581e-05 0 0)
(-4.7115023e-07 -0.0012048698 0 -1.3909648e-05 0 0)
(2.7500297e-07 -0.0036162795 0 -0.00012996786 0 0)
(5.1643047e-07 -0.0060307515 0 -0.00036130364 0 0)
(-5.7822192e-08 -0.0084444876 0 -0.00070758931 0 0)
(-2.3675843e-07 0.0084445322 0 -0.00070743718 0 0)
(1.6712985e-07 0.006031021 0 -0.00036097142 0 0)
(2.4628631e-07 0.0036168245 0 -0.00012996179 0 0)
(-5.7710111e-08 0.0012051247 0 -1.4334769e-05 0 0)
(-9.7689855e-08 -0.0012051139 0 -1.4295006e-05 0 0)
(2.4146179e-07 -0.0036168316 0 -0.00012995753 0 0)
(1.6321339e-07 -0.0060310187 0 -0.00036096717 0 0)
(-2.3948019e-07 -0.0084445222 0 -0.00070743266 0 0)
(-2.8123728e-07 0.0084445798 0 -0.00070741238 0 0)
(-9.8493529e-09 0.0060311292 0 -0.00036080085 0 0)
(2.0095358e-07 0.0036170885 0 -0.00012992429 0 0)
(1.6917349e-07 0.0012052849 0 -1.4568269e-05 0 0)
(1.5658054e-07 -0.0012052885 0 -1.455592e-05 0 0)
(1.9673147e-07 -0.0036170921 0 -0.00012992059 0 0)
(-1.5254181e-08 -0.0060311284 0 -0.00036079515 0 0)
(-2.8403856e-07 -0.0084445706 0 -0.00070740798 0 0)
(-2.647717e-07 0.0084446293 0 -0.00070744532 0 0)
(-9.7909969e-08 0.0060311588 0 -0.0003607104 0 0)
(1.5826665e-07 0.0036171954 0 -0.00012988405 0 0)
(2.215173e-07 0.0012053412 0 -1.4622673e-05 0 0)
(2.0250324e-07 -0.0012053365 0 -1.4603849e-05 0 0)
(1.53854e-07 -0.0036172005 0 -0.00012988007 0 0)
(-1.01873e-07 -0.0060311576 0 -0.00036070618 0 0)
(-2.6731437e-07 -0.0084446208 0 -0.00070744128 0 0)
(-2.2463398e-07 0.0084446682 0 -0.00070749652 0 0)
(-1.1821233e-07 0.0060311418 0 -0.00036068796 0 0)
(1.1673762e-07 0.0036172305 0 -0.00012984032 0 0)
(2.2270387e-07 0.0012053584 0 -1.4624608e-05 0 0)
(2.2300189e-07 -0.0012053672 0 -1.4625156e-05 0 0)
(1.1266189e-07 -0.0036172343 0 -0.0001298367 0 0)
(-1.2292396e-07 -0.0060311405 0 -0.00036068287 0 0)
(-2.267699e-07 -0.0084446606 0 -0.00070749308 0 0)
(-1.7677241e-07 0.0084447039 0 -0.0007075534 0 0)
(-1.151543e-07 0.0060311074 0 -0.000360687 0 0)
(8.3211851e-08 0.0036172158 0 -0.00012980459 0 0)
(2.0255415e-07 0.0012053645 0 -1.4604039e-05 0 0)
(2.0150509e-07 -0.0012053703 0 -1.4603299e-05 0 0)
(7.9707833e-08 -0.00361722 0 -0.0001298014 0 0)
(-1.1877014e-07 -0.0060311066 0 -0.00036068313 0 0)
(-1.7866354e-07 -0.0084446972 0 -0.0007075503 0 0)
(-1.3552426e-07 0.0084447285 0 -0.00070760028 0 0)
(-9.6773574e-08 0.0060310742 0 -0.00036070198 0 0)
(5.8208335e-08 0.0036171861 0 -0.00012977622 0 0)
(1.7033155e-07 0.0012053549 0 -1.4571306e-05 0 0)
(1.6892495e-07 -0.0012053619 0 -1.4570073e-05 0 0)
(5.4824581e-08 -0.0036171893 0 -0.00012977319 0 0)
(-1.0071913e-07 -0.0060310741 0 -0.00036069777 0 0)
(-1.3750258e-07 -0.0084447219 0 -0.00070759718 0 0)
(-1.0097694e-07 0.0084447486 0 -0.0007076396 0 0)
(-7.8147821e-08 0.0060310434 0 -0.0003607166 0 0)
(3.9554322e-08 0.0036171513 0 -0.00012975534 0 0)
(1.3173989e-07 0.0012053426 0 -1.4531743e-05 0 0)
(1.3042412e-07 -0.001205348 0 -1.4530681e-05 0 0)
(3.6669127e-08 -0.0036171552 0 -0.00012975274 0 0)
(-8.1345259e-08 -0.0060310428 0 -0.00036071324 0 0)
(-1.0264388e-07 -0.0084447432 0 -0.00070763692 0 0)
(-7.2398363e-08 0.0084447626 0 -0.00070767067 0 0)
(-6.0240525e-08 0.0060310185 0 -0.00036073276 0 0)
(2.7324867e-08 0.0036171186 0 -0.00012974049 0 0)
(1.0358402e-07 0.0012053316 0 -1.4503058e-05 0 0)
(1.011197e-07 -0.0012053362 0 -1.450073e-05 0 0)
(2.4255989e-08 -0.0036171211 0 -0.00012973773 0 0)
(-6.362835e-08 -0.0060310182 0 -0.00036072914 0 0)
(-7.4025485e-08 -0.0084447573 0 -0.00070766811 0 0)
(-5.2064868e-08 0.0084447737 0 -0.00070769348 0 0)
(-4.5044116e-08 0.0060309981 0 -0.00036074527 0 0)
(1.8613195e-08 0.0036170952 0 -0.00012973031 0 0)
(7.3137512e-08 0.0012053181 0 -1.4471795e-05 0 0)
(7.188328e-08 -0.0012053223 0 -1.4470745e-05 0 0)
(1.5755076e-08 -0.0036170981 0 -0.00012972768 0 0)
(-4.7870462e-08 -0.006030998 0 -0.0003607423 0 0)
(-5.3514121e-08 -0.0084447694 0 -0.00070769119 0 0)
(-3.5970034e-08 0.0084447806 0 -0.00070771051 0 0)
(-3.3232112e-08 0.006030983 0 -0.00036075648 0 0)
(1.3946085e-08 0.0036170744 0 -0.0001297237 0 0)
(5.4518014e-08 0.0012053108 0 -1.4452893e-05 0 0)
(5.3249878e-08 -0.0012053142 0 -1.4451738e-05 0 0)
(1.1464722e-08 -0.0036170766 0 -0.00012972146 0 0)
(-3.599571e-08 -0.0060309829 0 -0.00036075352 0 0)
(-3.7354868e-08 -0.0084447763 0 -0.00070770835 0 0)
(-2.5422535e-08 0.0084447863 0 -0.00070772235 0 0)
(-2.3816503e-08 0.0060309717 0 -0.00036076429 0 0)
(9.0496175e-09 0.0036170599 0 -0.00012971827 0 0)
(3.7109538e-08 0.0012053023 0 -1.4434957e-05 0 0)
(3.6058514e-08 -0.0012053049 0 -1.443405e-05 0 0)
(6.6940451e-09 -0.0036170621 0 -0.00012971609 0 0)
(-2.6170844e-08 -0.0060309717 0 -0.0003607618 0 0)
(-2.6649519e-08 -0.0084447828 0 -0.00070772043 0 0)
(-1.7298826e-08 0.0084447896 0 -0.00070773075 0 0)
(-1.73144e-08 0.0060309633 0 -0.00036077074 0 0)
(6.7232818e-09 0.0036170475 0 -0.00012971476 0 0)
(2.7222977e-08 0.0012052988 0 -1.442499e-05 0 0)
(2.653325e-08 -0.0012053014 0 -1.442439e-05 0 0)
(4.8131544e-09 -0.0036170494 0 -0.00012971301 0 0)
(-1.9511346e-08 -0.0060309633 0 -0.00036076838 0 0)
(-1.8467887e-08 -0.0084447863 0 -0.00070772893 0 0)
(-1.2268095e-08 0.0084447924 0 -0.00070773653 0 0)
(-1.191132e-08 0.0060309573 0 -0.00036077506 0 0)
(4.4235946e-09 0.0036170396 0 -0.00012971233 0 0)
(1.9093934e-08 0.0012052945 0 -1.4416536e-05 0 0)
(1.8227971e-08 -0.0012052964 0 -1.4415777e-05 0 0)
(2.6539683e-09 -0.0036170414 0 -0.00012971069 0 0)
(-1.3804052e-08 -0.0060309575 0 -0.00036077304 0 0)
(-1.330266e-08 -0.0084447897 0 -0.00070773492 0 0)
(-8.4434579e-09 0.0084447941 0 -0.00070774035 0 0)
(-8.9437965e-09 0.006030953 0 -0.00036077828 0 0)
(3.4838144e-09 0.0036170328 0 -0.0001297106 0 0)
(1.4021851e-08 0.0012052929 0 -1.4411488e-05 0 0)
(1.3656533e-08 -0.0012052951 0 -1.4411196e-05 0 0)
(2.0576634e-09 -0.0036170344 0 -0.0001297093 0 0)
(-1.0645121e-08 -0.0060309532 0 -0.00036077644 0 0)
(-9.4123947e-09 -0.0084447915 0 -0.00070773885 0 0)
(-6.2693084e-09 0.0084447955 0 -0.00070774305 0 0)
(-5.9579497e-09 0.0060309499 0 -0.0003607804 0 0)
(2.3298312e-09 0.0036170285 0 -0.00012970953 0 0)
(1.0409191e-08 0.0012052909 0 -1.4407653e-05 0 0)
(9.8605339e-09 -0.0012052926 0 -1.4407195e-05 0 0)
(1.0607774e-09 -0.0036170301 0 -0.00012970837 0 0)
(-7.408819e-09 -0.0060309502 0 -0.00036077884 0 0)
(-7.1183996e-09 -0.0084447934 0 -0.00070774172 0 0)
(-4.493606e-09 0.0084447964 0 -0.00070774471 0 0)
(-4.9415063e-09 0.0060309478 0 -0.00036078184 0 0)
(2.099892e-09 0.0036170248 0 -0.00012970868 0 0)
(7.9350341e-09 0.00120529 0 -1.4405257e-05 0 0)
(7.7558293e-09 -0.0012052921 0 -1.4405141e-05 0 0)
(1.0906417e-09 -0.0036170261 0 -0.00012970779 0 0)
(-6.2073871e-09 -0.0060309481 0 -0.00036078046 0 0)
(-5.2733038e-09 -0.0084447944 0 -0.00070774348 0 0)
(-3.7095258e-09 0.0084447973 0 -0.00070774592 0 0)
(-3.2531652e-09 0.0060309462 0 -0.00036078277 0 0)
(1.4103408e-09 0.0036170227 0 -0.00012970821 0 0)
(6.3441645e-09 0.001205289 0 -1.4403489e-05 0 0)
(6.0399815e-09 -0.0012052905 0 -1.4403266e-05 0 0)
(5.505583e-10 -0.0036170241 0 -0.00012970744 0 0)
(-4.3144728e-09 -0.0060309466 0 -0.00036078162 0 0)
(-4.3835056e-09 -0.0084447956 0 -0.00070774485 0 0)
(-2.8062582e-09 0.0084447979 0 -0.00070774665 0 0)
(-3.1768238e-09 0.0060309452 0 -0.00036078335 0 0)
(1.5028886e-09 0.0036170204 0 -0.00012970777 0 0)
(5.1476784e-09 0.0012052885 0 -1.4402398e-05 0 0)
(5.0602584e-09 -0.0012052904 0 -1.4402364e-05 0 0)
(8.3775571e-10 -0.0036170215 0 -0.0001297072 0 0)
(-4.0803176e-09 -0.0060309455 0 -0.00036078236 0 0)
(-3.4163387e-09 -0.0084447963 0 -0.00070774567 0 0)
(-2.6404814e-09 0.0084447984 0 -0.00070774721 0 0)
(-2.1002903e-09 0.0060309443 0 -0.00036078372 0 0)
(9.8309868e-10 0.0036170195 0 -0.00012970754 0 0)
(4.4772269e-09 0.0012052878 0 -1.4401571e-05 0 0)
(4.3116368e-09 -0.0012052892 0 -1.4401479e-05 0 0)
(4.4371766e-10 -0.0036170207 0 -0.00012970708 0 0)
(-2.8455502e-09 -0.0060309446 0 -0.0003607829 0 0)
(-3.1633995e-09 -0.0084447971 0 -0.00070774636 0 0)
(-2.0862828e-09 0.008444799 0 -0.00070774757 0 0)
(-2.429706e-09 0.0060309437 0 -0.00036078394 0 0)
(1.2108244e-09 0.0036170179 0 -0.00012970728 0 0)
(3.8493917e-09 0.0012052876 0 -1.4401063e-05 0 0)
(3.8166281e-09 -0.0012052893 0 -1.4401074e-05 0 0)
(8.0832668e-10 -0.0036170188 0 -0.00012970697 0 0)
(-3.050841e-09 -0.006030944 0 -0.00036078325 0 0)
(-2.5537847e-09 -0.0084447977 0 -0.00070774679 0 0)
(-2.1758625e-09 0.0084447994 0 -0.00070774786 0 0)
(-1.6111713e-09 0.0060309432 0 -0.00036078408 0 0)
(7.5377843e-10 0.0036170176 0 -0.00012970715 0 0)
(3.5866332e-09 0.0012052871 0 -1.4400651e-05 0 0)
(3.5018334e-09 -0.0012052882 0 -1.4400635e-05 0 0)
(4.4629962e-10 -0.0036170185 0 -0.00012970691 0 0)
(-2.1165876e-09 -0.0060309434 0 -0.00036078352 0 0)
(-2.5746632e-09 -0.0084447983 0 -0.00070774718 0 0)
(-1.7537773e-09 0.0084447999 0 -0.00070774806 0 0)
(-2.1006543e-09 0.0060309428 0 -0.00036078417 0 0)
(1.0404521e-09 0.0036170163 0 -0.00012970698 0 0)
(3.1947645e-09 0.0012052869 0 -1.4400387e-05 0 0)
(3.1997816e-09 -0.0012052884 0 -1.4400428e-05 0 0)
(8.1969518e-10 -0.003617017 0 -0.00012970684 0 0)
(-2.516617e-09 -0.006030943 0 -0.0003607837 0 0)
(-2.1066712e-09 -0.0084447988 0 -0.00070774745 0 0)
(-1.9424232e-09 0.0084448003 0 -0.00070774824 0 0)
(-1.3783943e-09 0.0060309424 0 -0.00036078423 0 0)
(6.109018e-10 0.0036170162 0 -0.00012970689 0 0)
(3.1048815e-09 0.0012052865 0 -1.4400153e-05 0 0)
(3.0683102e-09 -0.0012052875 0 -1.440018e-05 0 0)
(4.5512843e-10 -0.003617017 0 -0.0001297068 0 0)
(-1.714214e-09 -0.0060309426 0 -0.00036078385 0 0)
(-2.2434205e-09 -0.0084447993 0 -0.00070774771 0 0)
(-1.5659263e-09 0.0084448007 0 -0.0007077484 0 0)
(-1.9242462e-09 0.0060309421 0 -0.00036078427 0 0)
(9.2764751e-10 0.0036170151 0 -0.00012970677 0 0)
(2.8055463e-09 0.0012052864 0 -1.4399985e-05 0 0)
(2.8336653e-09 -0.0012052877 0 -1.4400043e-05 0 0)
(8.18392e-10 -0.0036170157 0 -0.00012970673 0 0)
(-2.2020454e-09 -0.0060309422 0 -0.00036078395 0 0)
(-1.8303798e-09 -0.0084447998 0 -0.00070774791 0 0)
(-1.7910312e-09 0.0084448011 0 -0.00070774853 0 0)
(-1.2312862e-09 0.0060309418 0 -0.0003607843 0 0)
(5.1359038e-10 0.0036170151 0 -0.00012970671 0 0)
(2.7875137e-09 0.001205286 0 -1.4399826e-05 0 0)
(2.7763316e-09 -0.001205287 0 -1.4399875e-05 0 0)
(4.4460611e-10 -0.0036170157 0 -0.0001297067 0 0)
(-1.4566155e-09 -0.0060309419 0 -0.00036078404 0 0)
(-2.0181894e-09 -0.0084448002 0 -0.00070774811 0 0)
(-1.4279745e-09 0.0084448015 0 -0.00070774867 0 0)
(-1.7931309e-09 0.0060309416 0 -0.00036078434 0 0)
(8.4861463e-10 0.0036170141 0 -0.00012970661 0 0)
(2.5233969e-09 0.001205286 0 -1.4399697e-05 0 0)
(2.5604199e-09 -0.0012052871 0 -1.4399759e-05 0 0)
(7.9629047e-10 -0.0036170146 0 -0.00012970663 0 0)
(-1.9855335e-09 -0.0060309415 0 -0.00036078412 0 0)
(-1.6269366e-09 -0.0084448007 0 -0.00070774828 0 0)
(-1.6664545e-09 0.0084448018 0 -0.00070774879 0 0)
(-1.1054218e-09 0.0060309413 0 -0.00036078437 0 0)
(4.4489974e-10 0.0036170141 0 -0.00012970657 0 0)
(2.536454e-09 0.0012052856 0 -1.4399571e-05 0 0)
(2.5338116e-09 -0.0012052865 0 -1.4399626e-05 0 0)
(4.1506017e-10 -0.0036170147 0 -0.00012970659 0 0)
(-1.2656158e-09 -0.0060309412 0 -0.00036078419 0 0)
(-1.8402726e-09 -0.008444801 0 -0.00070774845 0 0)
(-1.3062925e-09 0.0084448022 0 -0.00070774891 0 0)
(-1.6700492e-09 0.0060309411 0 -0.00036078441 0 0)
(7.9210761e-10 0.0036170132 0 -0.00012970649 0 0)
(2.2864652e-09 0.0012052855 0 -1.4399458e-05 0 0)
(2.320932e-09 -0.0012052866 0 -1.4399513e-05 0 0)
(7.5836217e-10 -0.0036170137 0 -0.00012970652 0 0)
(-1.815612e-09 -0.006030941 0 -0.00036078425 0 0)
(-1.4587896e-09 -0.0084448014 0 -0.0007077486 0 0)
(-1.5505922e-09 0.0084448025 0 -0.00070774902 0 0)
(-9.8123138e-10 0.0060309408 0 -0.00036078445 0 0)
(3.9549977e-10 0.0036170133 0 -0.00012970646 0 0)
(2.3150451e-09 0.0012052852 0 -1.439935e-05 0 0)
(2.3094345e-09 -0.0012052861 0 -1.4399401e-05 0 0)
(3.7308597e-10 -0.0036170137 0 -0.00012970649 0 0)
(-1.1084183e-09 -0.0060309407 0 -0.00036078431 0 0)
(-1.687602e-09 -0.0084448018 0 -0.00070774874 0 0)
(-1.1907205e-09 0.0084448029 0 -0.00070774913 0 0)
(-1.5460127e-09 0.0060309406 0 -0.0003607845 0 0)
(7.5081974e-10 0.0036170124 0 -0.0001297064 0 0)
(2.0722211e-09 0.0012052852 0 -1.4399247e-05 0 0)
(2.0966922e-09 -0.0012052861 0 -1.4399288e-05 0 0)
(7.1154315e-10 -0.0036170128 0 -0.00012970643 0 0)
(-1.6708598e-09 -0.0060309405 0 -0.00036078436 0 0)
(-1.3116751e-09 -0.0084448022 0 -0.00070774887 0 0)
(-1.438866e-09 0.0084448032 0 -0.00070774923 0 0)
(-8.5608332e-10 0.0060309404 0 -0.00036078454 0 0)
(3.5881699e-10 0.0036170125 0 -0.00012970638 0 0)
(2.1105903e-09 0.0012052849 0 -1.4399151e-05 0 0)
(2.0952506e-09 -0.0012052858 0 -1.439919e-05 0 0)
(3.2517059e-10 -0.0036170129 0 -0.00012970639 0 0)
(-9.7114129e-10 -0.0060309402 0 -0.00036078441 0 0)
(-1.5516567e-09 -0.0084448025 0 -0.000707749 0 0)
(-1.0792593e-09 0.0084448035 0 -0.00070774934 0 0)
(-1.4218016e-09 0.0060309402 0 -0.00036078459 0 0)
(7.1919521e-10 0.0036170117 0 -0.00012970633 0 0)
(1.8730288e-09 0.0012052848 0 -1.4399054e-05 0 0)
(1.8838772e-09 -0.0012052857 0 -1.4399079e-05 0 0)
(6.6151271e-10 -0.0036170121 0 -0.00012970633 0 0)
(-1.5419812e-09 -0.00603094 0 -0.00036078447 0 0)
(-1.1797309e-09 -0.0084448028 0 -0.00070774912 0 0)
(-1.3310221e-09 0.0084448037 0 -0.00070774944 0 0)
(-7.324748e-10 0.0060309399 0 -0.00036078464 0 0)
(3.2986922e-10 0.0036170118 0 -0.00012970632 0 0)
(1.9190491e-09 0.0012052846 0 -1.4398968e-05 0 0)
(1.8910023e-09 -0.0012052855 0 -1.4398992e-05 0 0)
(2.7611959e-10 -0.0036170121 0 -0.00012970631 0 0)
(-8.474701e-10 -0.0060309398 0 -0.00036078452 0 0)
(-1.4286302e-09 -0.0084448031 0 -0.00070774923 0 0)
(-9.7227916e-10 0.0084448041 0 -0.00070774954 0 0)
(-1.3005449e-09 0.0060309398 0 -0.00036078469 0 0)
(6.9303605e-10 0.0036170111 0 -0.00012970627 0 0)
(1.6864651e-09 0.0012052845 0 -1.4398878e-05 0 0)
(1.683035e-09 -0.0012052854 0 -1.4398886e-05 0 0)
(6.1214442e-10 -0.0036170114 0 -0.00012970625 0 0)
(-1.4245669e-09 -0.0060309396 0 -0.00036078456 0 0)
(-1.0600017e-09 -0.0084448034 0 -0.00070774934 0 0)
(-1.227828e-09 0.0084448043 0 -0.00070774963 0 0)
(-6.1357134e-10 0.0060309396 0 -0.00036078474 0 0)
(3.0503489e-10 0.0036170111 0 -0.00012970627 0 0)
(1.7392388e-09 0.0012052843 0 -1.43988e-05 0 0)
(1.6981982e-09 -0.0012052852 0 -1.439881e-05 0 0)
(2.2901194e-10 -0.0036170115 0 -0.00012970623 0 0)
(-7.3423316e-10 -0.0060309394 0 -0.00036078461 0 0)
(-1.316346e-09 -0.0084448036 0 -0.00070774944 0 0)
(-8.7055754e-10 0.0084448046 0 -0.00070774972 0 0)
(-1.1851176e-09 0.0060309394 0 -0.00036078479 0 0)
(6.6940074e-10 0.0036170105 0 -0.00012970623 0 0)
(1.5117676e-09 0.0012052842 0 -1.4398716e-05 0 0)
(1.4953819e-09 -0.0012052851 0 -1.4398708e-05 0 0)
(5.6576035e-10 -0.0036170108 0 -0.00012970618 0 0)
(-1.3162973e-09 -0.0060309392 0 -0.00036078466 0 0)
(-9.5059092e-10 -0.008444804 0 -0.00070774955 0 0)
(-1.1300418e-09 0.0084448047 0 -0.0007077498 0 0)
(-5.0178894e-10 0.0060309392 0 -0.00036078483 0 0)
(2.818977e-10 0.0036170105 0 -0.00012970622 0 0)
(1.5708097e-09 0.0012052841 0 -1.4398646e-05 0 0)
(1.5181812e-09 -0.0012052849 0 -1.4398642e-05 0 0)
(1.8557719e-10 -0.0036170109 0 -0.00012970616 0 0)
(-6.296555e-10 -0.006030939 0 -0.0003607847 0 0)
(-1.2132628e-09 -0.0084448041 0 -0.00070774964 0 0)
(-7.7470824e-10 0.008444805 0 -0.00070774989 0 0)
(-1.077447e-09 0.0060309391 0 -0.00036078488 0 0)
(6.464332e-10 0.0036170099 0 -0.00012970619 0 0)
(1.3486392e-09 0.001205284 0 -1.4398568e-05 0 0)
(1.3217181e-09 -0.0012052848 0 -1.4398548e-05 0 0)
(5.2354664e-10 -0.0036170102 0 -0.00012970612 0 0)
(-1.2158315e-09 -0.0060309388 0 -0.00036078475 0 0)
(-8.5008141e-10 -0.0084448044 0 -0.00070774973 0 0)
(-1.038163e-09 0.0084448052 0 -0.00070774997 0 0)
(-3.9855885e-10 0.0060309389 0 -0.00036078493 0 0)
(2.5902389e-10 0.00361701 0 -0.00012970619 0 0)
(1.4136041e-09 0.0012052838 0 -1.4398505e-05 0 0)
(1.3516795e-09 -0.0012052847 0 -1.4398491e-05 0 0)
(1.4659186e-10 -0.0036170103 0 -0.00012970611 0 0)
(-5.3266494e-10 -0.0060309387 0 -0.00036078479 0 0)
(-1.1181928e-09 -0.0084448046 0 -0.00070774982 0 0)
(-6.8507839e-10 0.0084448054 0 -0.00070775005 0 0)
(-9.7856588e-10 0.0060309387 0 -0.00036078497 0 0)
(6.2312766e-10 0.0036170095 0 -0.00012970616 0 0)
(1.1968777e-09 0.0012052838 0 -1.4398433e-05 0 0)
(1.1622713e-09 -0.0012052845 0 -1.4398403e-05 0 0)
(4.8591706e-10 -0.0036170097 0 -0.00012970607 0 0)
(-1.1223567e-09 -0.0060309385 0 -0.00036078483 0 0)
(-7.5737048e-10 -0.0084448049 0 -0.0007077499 0 0)
(-9.5243143e-10 0.0084448055 0 -0.00070775012 0 0)
(-3.0454567e-10 0.0060309386 0 -0.00036078502 0 0)
(2.3571146e-10 0.0036170096 0 -0.00012970616 0 0)
(1.2674701e-09 0.0012052837 0 -1.4398376e-05 0 0)
(1.198848e-09 -0.0012052845 0 -1.4398354e-05 0 0)
(1.1220486e-10 -0.0036170099 0 -0.00012970606 0 0)
(-4.4259725e-10 -0.0060309384 0 -0.00036078488 0 0)
(-1.030222e-09 -0.008444805 0 -0.00070774998 0 0)
(-6.0178416e-10 0.0084448058 0 -0.0007077502 0 0)
(-8.8886213e-10 0.0060309384 0 -0.00036078506 0 0)
(5.9908668e-10 0.0036170091 0 -0.00012970613 0 0)
(1.0562695e-09 0.0012052836 0 -1.4398311e-05 0 0)
(1.0168039e-09 -0.0012052843 0 -1.4398273e-05 0 0)
(4.5279889e-10 -0.0036170093 0 -0.00012970603 0 0)
(-1.0353797e-09 -0.0060309383 0 -0.00036078492 0 0)
(-6.7161936e-10 -0.0084448053 0 -0.00070775006 0 0)
(-8.7288527e-10 0.0084448059 0 -0.00070775026 0 0)
(-2.1985831e-10 0.0060309383 0 -0.0003607851 0 0)
(2.1175729e-10 0.0036170092 0 -0.00012970613 0 0)
(1.1322117e-09 0.0012052835 0 -1.439826e-05 0 0)
(1.0594169e-09 -0.0012052843 0 -1.4398231e-05 0 0)
(8.2185967e-11 -0.0036170094 0 -0.00012970603 0 0)
(-3.5904025e-10 -0.0060309381 0 -0.00036078496 0 0)
(-9.4866058e-10 -0.0084448054 0 -0.00070775013 0 0)
(-5.2476811e-10 0.0084448061 0 -0.00070775033 0 0)
(-8.0822424e-10 0.0060309382 0 -0.00036078514 0 0)
(5.7430666e-10 0.0036170087 0 -0.00012970611 0 0)
(9.2655516e-10 0.0012052835 0 -1.43982e-05 0 0)
(8.8476868e-10 -0.0012052841 0 -1.4398158e-05 0 0)
(4.2384277e-10 -0.0036170089 0 -0.000129706 0 0)
(-9.5460065e-10 -0.006030938 0 -0.000360785 0 0)
(-5.9219719e-10 -0.0084448056 0 -0.0007077502 0 0)
(-7.9941621e-10 0.0084448061 0 -0.00070775038 0 0)
(-1.4418021e-10 0.006030938 0 -0.00036078517 0 0)
(1.8726278e-10 0.0036170088 0 -0.0001297061 0 0)
(1.0075716e-09 0.0012052834 0 -1.4398154e-05 0 0)
(9.3283844e-10 -0.0012052841 0 -1.4398122e-05 0 0)
(5.6105746e-11 -0.0036170091 0 -0.000129706 0 0)
(-2.8172709e-10 -0.0060309379 0 -0.00036078503 0 0)
(-8.7299198e-10 -0.0084448057 0 -0.00070775026 0 0)
(-4.5385045e-10 0.0084448064 0 -0.00070775045 0 0)
(-7.3621553e-10 0.0060309379 0 -0.00036078521 0 0)
(5.4900873e-10 0.0036170084 0 -0.00012970608 0 0)
(8.0741571e-10 0.0012052834 0 -1.4398099e-05 0 0)
(7.6542964e-10 -0.001205284 0 -1.4398056e-05 0 0)
(3.9856992e-10 -0.0036170086 0 -0.00012970598 0 0)
(-8.7982115e-10 -0.0060309378 0 -0.00036078507 0 0)
(-5.1862782e-10 -0.0084448059 0 -0.00070775034 0 0)
(-7.3181646e-10 0.0084448064 0 -0.0007077505 0 0)
(-7.6956411e-11 0.0060309378 0 -0.00036078524 0 0)
(1.624902e-10 0.0036170085 0 -0.00012970608 0 0)
(8.932246e-10 0.0012052833 0 -1.4398059e-05 0 0)
(8.1839692e-10 -0.0012052839 0 -1.4398025e-05 0 0)
(3.3455652e-11 -0.0036170087 0 -0.00012970598 0 0)
(-2.1045974e-10 -0.0060309376 0 -0.00036078511 0 0)
(-8.0282283e-10 -0.008444806 0 -0.00070775039 0 0)
(-3.8877399e-10 0.0084448066 0 -0.00070775057 0 0)
(-6.7223699e-10 0.0060309377 0 -0.00036078528 0 0)
(5.2351735e-10 0.0036170081 0 -0.00012970606 0 0)
(6.9846909e-10 0.0012052833 0 -1.4398009e-05 0 0)
(6.5795216e-10 -0.0012052838 0 -1.4397965e-05 0 0)
(3.7646721e-10 -0.0036170083 0 -0.00012970596 0 0)
(-8.1088047e-10 -0.0060309376 0 -0.00036078514 0 0)
(-4.5054077e-10 -0.0084448062 0 -0.00070775046 0 0)
(-6.6981447e-10 0.0084448066 0 -0.00070775061 0 0)
(-1.7520501e-11 0.0060309376 0 -0.0003607853 0 0)
(1.3776263e-10 0.0036170082 0 -0.00012970606 0 0)
(7.8877876e-10 0.0012052832 0 -1.4397973e-05 0 0)
(7.1528953e-10 -0.0012052838 0 -1.4397939e-05 0 0)
(1.3724581e-11 -0.0036170085 0 -0.00012970596 0 0)
(-1.4505673e-10 -0.0060309374 0 -0.00036078518 0 0)
(-7.3784062e-10 -0.0084448062 0 -0.00070775051 0 0)
(-3.2923354e-10 0.0084448068 0 -0.00070775067 0 0)
(-6.1561397e-10 0.0060309375 0 -0.00036078533 0 0)
(4.9818075e-10 0.0036170079 0 -0.00012970605 0 0)
(5.9927153e-10 0.0012052832 0 -1.4397928e-05 0 0)
(5.6146035e-10 -0.0012052837 0 -1.4397885e-05 0 0)
(3.5704473e-10 -0.0036170081 0 -0.00012970594 0 0)
(-7.4761367e-10 -0.0060309374 0 -0.00036078521 0 0)
(-3.8763266e-10 -0.0084448064 0 -0.00070775057 0 0)
(-6.1309753e-10 0.0084448068 0 -0.00070775071 0 0)
(3.4835827e-11 0.0060309373 0 -0.00036078536 0 0)
(1.1340221e-10 0.003617008 0 -0.00012970605 0 0)
(6.9378104e-10 0.0012052831 0 -1.4397896e-05 0 0)
(6.2267773e-10 -0.0012052837 0 -1.4397863e-05 0 0)
(-3.5583736e-12 -0.0036170082 0 -0.00012970594 0 0)
(-8.532135e-11 -0.0060309373 0 -0.00036078524 0 0)
(-6.7778043e-10 -0.0084448065 0 -0.00070775061 0 0)
(-2.74897e-10 0.008444807 0 -0.00070775076 0 0)
(-5.6565127e-10 0.0060309373 0 -0.00036078539 0 0)
(4.7332285e-10 0.0036170077 0 -0.00012970603 0 0)
(5.0932613e-10 0.0012052831 0 -1.4397855e-05 0 0)
(4.7507588e-10 -0.0012052836 0 -1.4397814e-05 0 0)
(3.3986571e-10 -0.0036170079 0 -0.00012970593 0 0)
(-6.8982921e-10 -0.0060309372 0 -0.00036078527 0 0)
(-3.2963761e-10 -0.0084448067 0 -0.00070775067 0 0)
(-5.613351e-10 0.0084448069 0 -0.0007077508 0 0)
(8.0819294e-11 0.0060309372 0 -0.00036078541 0 0)
(8.9694402e-11 0.0036170078 0 -0.00012970603 0 0)
(6.0772762e-10 0.0012052831 0 -1.4397827e-05 0 0)
(5.3972346e-10 -0.0012052836 0 -1.4397795e-05 0 0)
(-1.8803547e-11 -0.003617008 0 -0.00012970593 0 0)
(-3.1026732e-11 -0.0060309371 0 -0.0003607853 0 0)
(-6.2240151e-10 -0.0084448066 0 -0.00070775071 0 0)
(-2.2542233e-10 0.0084448071 0 -0.00070775085 0 0)
(-5.2167118e-10 0.0060309371 0 -0.00036078544 0 0)
(4.4921851e-10 0.0036170075 0 -0.00012970601 0 0)
(4.2809347e-10 0.0012052831 0 -1.439779e-05 0 0)
(3.9794011e-10 -0.0012052835 0 -1.4397751e-05 0 0)
(3.2455833e-10 -0.0036170077 0 -0.00012970592 0 0)
(-6.3729994e-10 -0.006030937 0 -0.00036078533 0 0)
(-2.7630771e-10 -0.0084448068 0 -0.00070775077 0 0)
(-5.1419208e-10 0.0084448071 0 -0.00070775088 0 0)
(1.211043e-10 0.006030937 0 -0.00036078546 0 0)
(6.6871911e-11 0.0036170077 0 -0.00012970601 0 0)
(5.3007656e-10 0.0012052831 0 -1.4397765e-05 0 0)
(4.6560969e-10 -0.0012052835 0 -1.4397735e-05 0 0)
(-3.2355032e-11 -0.0036170078 0 -0.00012970593 0 0)
(1.8088249e-11 -0.0060309369 0 -0.00036078535 0 0)
(-5.7147225e-10 -0.0084448068 0 -0.0007077508 0 0)
(-1.8046825e-10 0.0084448072 0 -0.00070775093 0 0)
(-4.8303465e-10 0.006030937 0 -0.00036078548 0 0)
(4.2608415e-10 0.0036170074 0 -0.000129706 0 0)
(3.5500517e-10 0.0012052831 0 -1.4397732e-05 0 0)
(3.2922873e-10 -0.0012052834 0 -1.4397696e-05 0 0)
(3.108158e-10 -0.0036170075 0 -0.00012970592 0 0)
(-5.8976325e-10 -0.0060309369 0 -0.00036078538 0 0)
(-2.2740072e-10 -0.008444807 0 -0.00070775085 0 0)
(-4.7133827e-10 0.0084448072 0 -0.00070775096 0 0)
(1.5631967e-10 0.0060309368 0 -0.0003607855 0 0)
(4.5111016e-11 0.0036170075 0 -0.000129706 0 0)
(4.6026211e-10 0.001205283 0 -1.439771e-05 0 0)
(3.9955288e-10 -0.0012052834 0 -1.4397682e-05 0 0)
(-4.4493521e-11 -0.0036170077 0 -0.00012970592 0 0)
(6.2315946e-11 -0.0060309368 0 -0.0003607854 0 0)
(-5.2476256e-10 -0.0084448069 0 -0.00070775088 0 0)
(-1.3970223e-10 0.0084448073 0 -0.000707751 0 0)
(-4.491508e-10 0.0060309368 0 -0.00036078552 0 0)
(4.0407875e-10 0.0036170073 0 -0.00012970599 0 0)
(2.8947684e-10 0.001205283 0 -1.4397681e-05 0 0)
(2.6816099e-10 -0.0012052834 0 -1.4397648e-05 0 0)
(2.983911e-10 -0.0036170074 0 -0.00012970591 0 0)
(-5.4692778e-10 -0.0060309368 0 -0.00036078543 0 0)
(-1.8267421e-10 -0.0084448071 0 -0.00070775093 0 0)
(-4.3245349e-10 0.0084448073 0 -0.00070775103 0 0)
(1.870414e-10 0.0060309367 0 -0.00036078553 0 0)
(2.4534437e-11 0.0036170074 0 -0.00012970599 0 0)
(3.9770643e-10 0.001205283 0 -1.4397661e-05 0 0)
(3.4081112e-10 -0.0012052834 0 -1.4397636e-05 0 0)
(-5.5443689e-11 -0.0036170076 0 -0.00012970592 0 0)
(1.0197132e-10 -0.0060309367 0 -0.00036078545 0 0)
(-4.820385e-10 -0.0084448071 0 -0.00070775096 0 0)
(-1.0280227e-10 0.0084448074 0 -0.00070775107 0 0)
(-4.1948116e-10 0.0060309367 0 -0.00036078555 0 0)
(3.8330855e-10 0.0036170072 0 -0.00012970598 0 0)
(2.3092006e-10 0.001205283 0 -1.4397635e-05 0 0)
(2.140023e-10 -0.0012052833 0 -1.4397605e-05 0 0)
(2.8708801e-10 -0.0036170073 0 -0.00012970591 0 0)
(-5.0848101e-10 -0.0060309366 0 -0.00036078547 0 0)
(-1.4188288e-10 -0.0084448072 0 -0.00070775101 0 0)
(-3.9723047e-10 0.0084448073 0 -0.00070775109 0 0)
(2.1379236e-10 0.0060309366 0 -0.00036078557 0 0)
(5.2178314e-12 0.0036170073 0 -0.00012970598 0 0)
(3.4183185e-10 0.001205283 0 -1.4397617e-05 0 0)
(2.8868716e-10 -0.0012052833 0 -1.4397594e-05 0 0)
(-6.5383317e-11 -0.0036170075 0 -0.00012970591 0 0)
(1.3738513e-10 -0.0060309366 0 -0.00036078549 0 0)
(-4.4306346e-10 -0.0084448072 0 -0.00070775103 0 0)
(-6.9461437e-11 0.0084448075 0 -0.00070775113 0 0)
(-3.9353741e-10 0.0060309366 0 -0.00036078558 0 0)
(3.6383474e-10 0.0036170071 0 -0.00012970597 0 0)
(1.787534e-10 0.001205283 0 -1.4397594e-05 0 0)
(1.6606763e-10 -0.0012052833 0 -1.4397567e-05 0 0)
(2.7675203e-10 -0.0036170072 0 -0.00012970591 0 0)
(-4.7409759e-10 -0.0060309365 0 -0.00036078551 0 0)
(-1.0477963e-10 -0.0084448073 0 -0.00070775107 0 0)
(-3.6537669e-10 0.0084448074 0 -0.00070775115 0 0)
(2.3704479e-10 0.0060309365 0 -0.00036078559 0 0)
(-1.2802812e-11 0.0036170073 0 -0.00012970597 0 0)
(2.9207034e-10 0.001205283 0 -1.4397579e-05 0 0)
(2.4252936e-10 -0.0012052833 0 -1.4397558e-05 0 0)
(-7.4452374e-11 -0.0036170074 0 -0.00012970591 0 0)
(1.6889466e-10 -0.0060309365 0 -0.00036078552 0 0)
(-4.0759838e-10 -0.0084448072 0 -0.00070775109 0 0)
(-3.9387204e-11 0.0084448075 0 -0.00070775119 0 0)
(-3.7087927e-10 0.0060309365 0 -0.00036078561 0 0)
(3.4568202e-10 0.0036170071 0 -0.00012970596 0 0)
(1.3241025e-10 0.001205283 0 -1.4397558e-05 0 0)
(1.2372047e-10 -0.0012052833 0 -1.4397534e-05 0 0)
(2.6726118e-10 -0.0036170071 0 -0.0001297059 0 0)
(-4.4344818e-10 -0.0060309364 0 -0.00036078554 0 0)
(-7.1115833e-11 -0.0084448074 0 -0.00070775113 0 0)
(-3.3661573e-10 0.0084448074 0 -0.0007077512 0 0)
(2.5722437e-10 0.0060309364 0 -0.00036078562 0 0)
(-2.9522335e-11 0.0036170072 0 -0.00012970596 0 0)
(2.4787128e-10 0.001205283 0 -1.4397544e-05 0 0)
(2.0173185e-10 -0.0012052832 0 -1.4397526e-05 0 0)
(-8.2761274e-11 -0.0036170073 0 -0.00012970591 0 0)
(1.9683695e-10 -0.0060309364 0 -0.00036078556 0 0)
(-3.7540358e-10 -0.0084448073 0 -0.00070775115 0 0)
(-1.2306362e-11 0.0084448076 0 -0.00070775124 0 0)
(-3.5110893e-10 0.0060309364 0 -0.00036078563 0 0)
(3.2884584e-10 0.003617007 0 -0.00012970595 0 0)
(9.1345842e-11 0.001205283 0 -1.4397526e-05 0 0)
(8.6373924e-11 -0.0012052833 0 -1.4397505e-05 0 0)
(2.5851923e-10 -0.0036170071 0 -0.0001297059 0 0)
(-4.1620545e-10 -0.0060309364 0 -0.00036078557 0 0)
(-4.0644796e-11 -0.0084448074 0 -0.00070775119 0 0)
(-3.1068596e-10 0.0084448075 0 -0.00070775124 0 0)
(2.7471231e-10 0.0060309363 0 -0.00036078564 0 0)
(-4.4961135e-11 0.0036170072 0 -0.00012970596 0 0)
(2.0870672e-10 0.001205283 0 -1.4397513e-05 0 0)
(1.6573349e-10 -0.0012052832 0 -1.4397497e-05 0 0)
(-9.0397674e-11 -0.0036170072 0 -0.00012970591 0 0)
(2.2154251e-10 -0.0060309363 0 -0.00036078559 0 0)
(-3.4624197e-10 -0.0084448073 0 -0.0007077512 0 0)
(1.2043704e-11 0.0084448076 0 -0.00070775128 0 0)
(-3.3387306e-10 0.0060309363 0 -0.00036078565 0 0)
(3.1329905e-10 0.003617007 0 -0.00012970595 0 0)
(5.5041931e-11 0.001205283 0 -1.4397497e-05 0 0)
(5.3486639e-11 -0.0012052832 0 -1.4397479e-05 0 0)
(2.504486e-10 -0.0036170071 0 -0.0001297059 0 0)
(-3.9205001e-10 -0.0060309363 0 -0.0003607856 0 0)
(-1.3125496e-11 -0.0084448075 0 -0.00070775124 0 0)
(-2.8734038e-10 0.0084448075 0 -0.00070775129 0 0)
(2.8984909e-10 0.0060309362 0 -0.00036078566 0 0)
(-5.915728e-11 0.0036170071 0 -0.00012970595 0 0)
(1.7407615e-10 0.001205283 0 -1.4397486e-05 0 0)
(1.3401683e-10 -0.0012052832 0 -1.4397472e-05 0 0)
(-9.7432236e-11 -0.0036170072 0 -0.00012970591 0 0)
(2.4332987e-10 -0.0060309362 0 -0.00036078561 0 0)
(-3.1988145e-10 -0.0084448074 0 -0.00070775125 0 0)
(3.3907833e-11 0.0084448076 0 -0.00070775132 0 0)
(-3.1885432e-10 0.0060309362 0 -0.00036078567 0 0)
(2.9899824e-10 0.003617007 0 -0.00012970594 0 0)
(2.3009685e-11 0.001205283 0 -1.4397472e-05 0 0)
(2.4562416e-11 -0.0012052832 0 -1.4397456e-05 0 0)
(2.4298626e-10 -0.003617007 0 -0.0001297059 0 0)
(-3.7067814e-10 -0.0060309362 0 -0.00036078563 0 0)
(1.168053e-11 -0.0084448075 0 -0.00070775128 0 0)
(-2.6634633e-10 0.0084448075 0 -0.00070775133 0 0)
(3.0293871e-10 0.0060309361 0 -0.00036078568 0 0)
(-7.2162903e-11 0.0036170071 0 -0.00012970594 0 0)
(1.4350847e-10 0.001205283 0 -1.4397462e-05 0 0)
(1.0610552e-10 -0.0012052832 0 -1.439745e-05 0 0)
(-1.0392299e-10 -0.0036170072 0 -0.00012970591 0 0)
(2.6249972e-10 -0.0060309361 0 -0.00036078564 0 0)
(-2.960941e-10 -0.0084448074 0 -0.00070775129 0 0)
(5.3515893e-11 0.0084448076 0 -0.00070775136 0 0)
(-3.0576791e-10 0.0060309361 0 -0.00036078569 0 0)
(2.8588801e-10 0.003617007 0 -0.00012970594 0 0)
(-5.2082817e-12 0.0012052831 0 -1.4397449e-05 0 0)
(-8.528916e-13 -0.0012052832 0 -1.4397436e-05 0 0)
(2.3607928e-10 -0.003617007 0 -0.0001297059 0 0)
(-3.5180133e-10 -0.0060309361 0 -0.00036078565 0 0)
(3.4002156e-11 -0.0084448075 0 -0.00070775133 0 0)
(-2.4748671e-10 0.0084448075 0 -0.00070775136 0 0)
(3.1425437e-10 0.0060309361 0 -0.00036078569 0 0)
(-8.4038672e-11 0.0036170071 0 -0.00012970594 0 0)
(1.165643e-10 0.001205283 0 -1.4397441e-05 0 0)
(8.1563234e-11 -0.0012052832 0 -1.439743e-05 0 0)
(-1.0991873e-10 -0.0036170072 0 -0.00012970591 0 0)
(2.7933627e-10 -0.0060309361 0 -0.00036078566 0 0)
(-2.7466155e-10 -0.0084448074 0 -0.00070775133 0 0)
(7.1082715e-11 0.0084448076 0 -0.00070775139 0 0)
(-2.9435916e-10 0.0060309361 0 -0.0003607857 0 0)
(2.739055e-10 0.003617007 0 -0.00012970593 0 0)
(-3.0036742e-11 0.0012052831 0 -1.4397429e-05 0 0)
(-2.3173836e-11 -0.0012052832 0 -1.4397418e-05 0 0)
(2.2968237e-10 -0.003617007 0 -0.0001297059 0 0)
(-3.3514814e-10 -0.0060309361 0 -0.00036078567 0 0)
(5.4058545e-11 -0.0084448076 0 -0.00070775136 0 0)
(-2.3055811e-10 0.0084448075 0 -0.00070775139 0 0)
(3.2403922e-10 0.006030936 0 -0.00036078571 0 0)
(-9.4851353e-11 0.0036170071 0 -0.00012970594 0 0)
(9.2835407e-11 0.0012052831 0 -1.4397421e-05 0 0)
(5.9990495e-11 -0.0012052832 0 -1.4397412e-05 0 0)
(-1.1546148e-10 -0.0036170072 0 -0.00012970591 0 0)
(2.9410422e-10 -0.006030936 0 -0.00036078568 0 0)
(-2.5537503e-10 -0.0084448074 0 -0.00070775137 0 0)
(8.6809261e-11 0.0084448076 0 -0.00070775142 0 0)
(-2.8440068e-10 0.006030936 0 -0.00036078572 0 0)
(2.6298203e-10 0.003617007 0 -0.00012970593 0 0)
(-5.1868136e-11 0.0012052831 0 -1.4397412e-05 0 0)
(-4.2777303e-11 -0.0012052832 0 -1.4397402e-05 0 0)
(2.2375573e-10 -0.003617007 0 -0.0001297059 0 0)
(-3.2046729e-10 -0.006030936 0 -0.00036078569 0 0)
(7.2058444e-11 -0.0084448076 0 -0.0007077514 0 0)
(-2.1537018e-10 0.0084448075 0 -0.00070775142 0 0)
(3.3251024e-10 0.006030936 0 -0.00036078572 0 0)
(-1.0467211e-10 0.0036170071 0 -0.00012970593 0 0)
(7.1946214e-11 0.0012052831 0 -1.4397404e-05 0 0)
(4.1024219e-11 -0.0012052832 0 -1.4397397e-05 0 0)
(-1.2058838e-10 -0.0036170072 0 -0.00012970591 0 0)
(3.0704769e-10 -0.006030936 0 -0.00036078569 0 0)
(-2.380358e-10 -0.0084448074 0 -0.0007077514 0 0)
(1.0088259e-10 0.0084448076 0 -0.00070775145 0 0)
(-2.7569001e-10 0.006030936 0 -0.00036078573 0 0)
(2.5304592e-10 0.003617007 0 -0.00012970593 0 0)
(-7.1062495e-11 0.0012052831 0 -1.4397396e-05 0 0)
(-6.0005371e-11 -0.0012052833 0 -1.4397388e-05 0 0)
(2.1826321e-10 -0.003617007 0 -0.0001297059 0 0)
(-3.0752679e-10 -0.006030936 0 -0.0003607857 0 0)
(8.8199771e-11 -0.0084448076 0 -0.00070775143 0 0)
(-2.0174616e-10 0.0084448075 0 -0.00070775145 0 0)
(3.3985997e-10 0.0060309359 0 -0.00036078573 0 0)
(-1.1357214e-10 0.0036170071 0 -0.00012970593 0 0)
(5.3551768e-11 0.0012052831 0 -1.4397389e-05 0 0)
(2.433418e-11 -0.0012052832 0 -1.4397383e-05 0 0)
(-1.2533304e-10 -0.0036170072 0 -0.00012970591 0 0)
(3.1839145e-10 -0.0060309359 0 -0.00036078571 0 0)
(-2.2245548e-10 -0.0084448074 0 -0.00070775143 0 0)
(1.1347641e-10 0.0084448076 0 -0.00070775147 0 0)
(-2.6804669e-10 0.0060309359 0 -0.00036078574 0 0)
(2.4402663e-10 0.003617007 0 -0.00012970592 0 0)
(-8.7949257e-11 0.0012052832 0 -1.4397382e-05 0 0)
(-7.5167307e-11 -0.0012052833 0 -1.4397375e-05 0 0)
(2.1317209e-10 -0.0036170071 0 -0.0001297059 0 0)
(-2.9611239e-10 -0.006030936 0 -0.00036078572 0 0)
(1.0266972e-10 -0.0084448076 0 -0.00070775145 0 0)
(-1.8952142e-10 0.0084448074 0 -0.00070775147 0 0)
(3.4625982e-10 0.0060309359 0 -0.00036078574 0 0)
(-1.2162238e-10 0.0036170071 0 -0.00012970593 0 0)
(3.7337204e-11 0.0012052831 0 -1.4397375e-05 0 0)
(9.6218097e-12 -0.0012052832 0 -1.439737e-05 0 0)
(-1.2972567e-10 -0.0036170072 0 -0.00012970591 0 0)
(3.2834425e-10 -0.0060309359 0 -0.00036078572 0 0)
(-2.0845596e-10 -0.0084448074 0 -0.00070775145 0 0)
(1.2475163e-10 0.0084448076 0 -0.0007077515 0 0)
(-2.6131047e-10 0.0060309359 0 -0.00036078575 0 0)
(2.3585204e-10 0.0036170071 0 -0.00012970592 0 0)
(-1.0282795e-10 0.0012052832 0 -1.4397369e-05 0 0)
(-8.8541868e-11 -0.0012052833 0 -1.4397363e-05 0 0)
(2.0845196e-10 -0.0036170071 0 -0.00012970591 0 0)
(-2.860237e-10 -0.0060309359 0 -0.00036078573 0 0)
(1.1564353e-10 -0.0084448075 0 -0.00070775148 0 0)
(-1.7854371e-10 0.0084448074 0 -0.00070775149 0 0)
(3.5186122e-10 0.0060309359 0 -0.00036078575 0 0)
(-1.2889468e-10 0.0036170072 0 -0.00012970593 0 0)
(2.3016669e-11 0.0012052832 0 -1.4397363e-05 0 0)
(-3.382232e-12 -0.0012052832 0 -1.4397359e-05 0 0)
(-1.3379492e-10 -0.0036170072 0 -0.00012970591 0 0)
(3.3710002e-10 -0.0060309359 0 -0.00036078573 0 0)
(-1.9587204e-10 -0.0084448074 0 -0.00070775147 0 0)
(1.3485668e-10 0.0084448076 0 -0.00070775151 0 0)
(-2.5533949e-10 0.0060309359 0 -0.00036078576 0 0)
(2.2845135e-10 0.0036170071 0 -0.00012970592 0 0)
(-1.1596964e-10 0.0012052832 0 -1.4397357e-05 0 0)
(-1.0037982e-10 -0.0012052833 0 -1.4397353e-05 0 0)
(2.0407388e-10 -0.0036170071 0 -0.00012970591 0 0)
(-2.7707825e-10 -0.0060309359 0 -0.00036078574 0 0)
(1.2728121e-10 -0.0084448075 0 -0.0007077515 0 0)
(-1.6867264e-10 0.0084448074 0 -0.00070775151 0 0)
(3.5679786e-10 0.0060309358 0 -0.00036078576 0 0)
(-1.3545656e-10 0.0036170072 0 -0.00012970592 0 0)
(1.0331755e-11 0.0012052832 0 -1.4397352e-05 0 0)
(-1.4919874e-11 -0.0012052832 0 -1.4397348e-05 0 0)
(-1.3756739e-10 -0.0036170072 0 -0.00012970591 0 0)
(3.4482899e-10 -0.0060309359 0 -0.00036078574 0 0)
(-1.8455537e-10 -0.0084448074 0 -0.00070775149 0 0)
(1.4392788e-10 0.0084448076 0 -0.00070775153 0 0)
(-2.5000842e-10 0.0060309359 0 -0.00036078576 0 0)
(2.2175826e-10 0.0036170071 0 -0.00012970592 0 0)
(-1.276189e-10 0.0012052833 0 -1.4397347e-05 0 0)
(-1.1090597e-10 -0.0012052833 0 -1.4397343e-05 0 0)
(2.0001109e-10 -0.0036170071 0 -0.00012970591 0 0)
(-2.6912013e-10 -0.0060309359 0 -0.00036078575 0 0)
(1.3772495e-10 -0.0084448075 0 -0.00070775152 0 0)
(-1.5977899e-10 0.0084448074 0 -0.00070775152 0 0)
(3.6118725e-10 0.0060309358 0 -0.00036078577 0 0)
(-1.413731e-10 0.0036170072 0 -0.00012970592 0 0)
(-9.5062903e-13 0.0012052832 0 -1.4397342e-05 0 0)
(-2.5208352e-11 -0.0012052832 0 -1.4397339e-05 0 0)
(-1.410676e-10 -0.0036170073 0 -0.00012970591 0 0)
(3.5167562e-10 -0.0060309358 0 -0.00036078575 0 0)
(-1.7437167e-10 -0.0084448073 0 -0.00070775151 0 0)
(1.5209053e-10 0.0084448075 0 -0.00070775155 0 0)
(-2.4520694e-10 0.0060309358 0 -0.00036078577 0 0)
(2.1570738e-10 0.0036170072 0 -0.00012970592 0 0)
(-1.379954e-10 0.0012052833 0 -1.4397337e-05 0 0)
(-1.2032137e-10 -0.0012052834 0 -1.4397334e-05 0 0)
(1.9623838e-10 -0.0036170072 0 -0.00012970591 0 0)
(-2.6201112e-10 -0.0060309358 0 -0.00036078576 0 0)
(1.4710582e-10 -0.0084448075 0 -0.00070775153 0 0)
(-1.5174401e-10 0.0084448073 0 -0.00070775154 0 0)
(3.6513253e-10 0.0060309358 0 -0.00036078577 0 0)
(-1.4670762e-10 0.0036170072 0 -0.00012970592 0 0)
(-1.103974e-11 0.0012052832 0 -1.4397333e-05 0 0)
(-3.4441517e-11 -0.0012052833 0 -1.439733e-05 0 0)
(-1.4431892e-10 -0.0036170073 0 -0.00012970591 0 0)
(3.5777174e-10 -0.0060309358 0 -0.00036078576 0 0)
(-1.651879e-10 -0.0084448073 0 -0.00070775153 0 0)
(1.5945939e-10 0.0084448075 0 -0.00070775156 0 0)
(-2.4083873e-10 0.0060309358 0 -0.00036078578 0 0)
(2.1023662e-10 0.0036170072 0 -0.00012970592 0 0)
(-1.4729631e-10 0.0012052833 0 -1.4397328e-05 0 0)
(-1.2880531e-10 -0.0012052834 0 -1.4397326e-05 0 0)
(1.9273137e-10 -0.0036170072 0 -0.00012970591 0 0)
(-2.5562533e-10 -0.0060309358 0 -0.00036078577 0 0)
(1.5555357e-10 -0.0084448075 0 -0.00070775155 0 0)
(-1.4445914e-10 0.0084448073 0 -0.00070775155 0 0)
(3.6872302e-10 0.0060309358 0 -0.00036078578 0 0)
(-1.5151893e-10 0.0036170073 0 -0.00012970592 0 0)
(-2.0123391e-11 0.0012052833 0 -1.4397324e-05 0 0)
(-4.2792681e-11 -0.0012052833 0 -1.4397322e-05 0 0)
(-1.473439e-10 -0.0036170073 0 -0.00012970592 0 0)
(3.6323705e-10 -0.0060309358 0 -0.00036078577 0 0)
(-1.5687969e-10 -0.0084448073 0 -0.00070775154 0 0)
(1.6613915e-10 0.0084448075 0 -0.00070775157 0 0)
(-2.3681958e-10 0.0060309358 0 -0.00036078579 0 0)
(2.052882e-10 0.0036170072 0 -0.00012970592 0 0)
(-1.5569792e-10 0.0012052833 0 -1.439732e-05 0 0)
(-1.3651728e-10 -0.0012052834 0 -1.4397319e-05 0 0)
(1.8946725e-10 -0.0036170073 0 -0.00012970591 0 0)
(-2.4984987e-10 -0.0060309358 0 -0.00036078578 0 0)
(1.6319283e-10 -0.0084448074 0 -0.00070775156 0 0)
(-1.3782479e-10 0.0084448073 0 -0.00070775156 0 0)
(3.7203704e-10 0.0060309358 0 -0.00036078579 0 0)
(-1.5586211e-10 0.0036170073 0 -0.00012970592 0 0)
(-2.836859e-11 0.0012052833 0 -1.4397316e-05 0 0)
(-5.0414796e-11 -0.0012052833 0 -1.4397315e-05 0 0)
(-1.5016333e-10 -0.0036170074 0 -0.00012970592 0 0)
(3.681782e-10 -0.0060309358 0 -0.00036078578 0 0)
(-1.4933162e-10 -0.0084448073 0 -0.00070775155 0 0)
(1.7222439e-10 0.0084448074 0 -0.00070775158 0 0)
(-2.330739e-10 0.0060309358 0 -0.00036078579 0 0)
(2.0080809e-10 0.0036170073 0 -0.00012970592 0 0)
(-1.6335661e-10 0.0012052834 0 -1.4397313e-05 0 0)
(-1.4359842e-10 -0.0012052834 0 -1.4397311e-05 0 0)
(1.8642413e-10 -0.0036170073 0 -0.00012970592 0 0)
(-2.4458149e-10 -0.0060309358 0 -0.00036078578 0 0)
(1.7013376e-10 -0.0084448074 0 -0.00070775157 0 0)
(-1.3175232e-10 0.0084448072 0 -0.00070775157 0 0)
(3.7514523e-10 0.0060309358 0 -0.00036078579 0 0)
(-1.5978852e-10 0.0036170074 0 -0.00012970592 0 0)
(-3.5924018e-11 0.0012052833 0 -1.4397309e-05 0 0)
(-5.7444109e-11 -0.0012052834 0 -1.4397308e-05 0 0)
(-1.5279765e-10 -0.0036170074 0 -0.00012970592 0 0)
(3.7269365e-10 -0.0060309358 0 -0.00036078579 0 0)
(-1.4244289e-10 -0.0084448072 0 -0.00070775156 0 0)
(1.778006e-10 0.0084448074 0 -0.00070775159 0 0)
(-2.2953576e-10 0.0060309358 0 -0.0003607858 0 0)
(1.9674577e-10 0.0036170073 0 -0.00012970592 0 0)
(-1.7041113e-10 0.0012052834 0 -1.4397305e-05 0 0)
(-1.5017351e-10 -0.0012052835 0 -1.4397305e-05 0 0)
(1.8358079e-10 -0.0036170074 0 -0.00012970592 0 0)
(-2.3972642e-10 -0.0060309358 0 -0.00036078579 0 0)
(1.7647136e-10 -0.0084448074 0 -0.00070775158 0 0)
(-1.2616093e-10 0.0084448072 0 -0.00070775157 0 0)
(3.7810821e-10 0.0060309357 0 -0.0003607858 0 0)
(-1.6334556e-10 0.0036170074 0 -0.00012970593 0 0)
(-4.2920861e-11 0.0012052834 0 -1.4397302e-05 0 0)
(-6.3999614e-11 -0.0012052834 0 -1.4397301e-05 0 0)
(-1.5526632e-10 -0.0036170075 0 -0.00012970592 0 0)
(3.768706e-10 -0.0060309358 0 -0.00036078579 0 0)
(-1.361256e-10 -0.0084448072 0 -0.00070775157 0 0)
(1.8294695e-10 0.0084448074 0 -0.00070775159 0 0)
(-2.2615133e-10 0.0060309358 0 -0.0003607858 0 0)
(1.930547e-10 0.0036170074 0 -0.00012970592 0 0)
(-1.7698372e-10 0.0012052834 0 -1.4397299e-05 0 0)
(-1.5635167e-10 -0.0012052835 0 -1.4397298e-05 0 0)
(1.8091732e-10 -0.0036170074 0 -0.00012970592 0 0)
(-2.3520742e-10 -0.0060309358 0 -0.0003607858 0 0)
(1.8229293e-10 -0.0084448073 0 -0.00070775159 0 0)
(-1.2097385e-10 0.0084448072 0 -0.00070775158 0 0)
(3.8097347e-10 0.0060309357 0 -0.0003607858 0 0)
(-1.6657704e-10 0.0036170075 0 -0.00012970593 0 0)
(-4.9475069e-11 0.0012052834 0 -1.4397295e-05 0 0)
(-7.0186748e-11 -0.0012052834 0 -1.4397295e-05 0 0)
(-1.5758771e-10 -0.0036170075 0 -0.00012970593 0 0)
(3.8077796e-10 -0.0060309358 0 -0.0003607858 0 0)
(-1.3029445e-10 -0.0084448072 0 -0.00070775158 0 0)
(1.8773421e-10 0.0084448073 0 -0.0007077516 0 0)
(-2.2287213e-10 0.0060309358 0 -0.00036078581 0 0)
(1.8969223e-10 0.0036170075 0 -0.00012970593 0 0)
(-1.8318204e-10 0.0012052835 0 -1.4397292e-05 0 0)
(-1.6222951e-10 -0.0012052835 0 -1.4397292e-05 0 0)
(1.7841414e-10 -0.0036170075 0 -0.00012970592 0 0)
(-2.3095664e-10 -0.0060309358 0 -0.0003607858 0 0)
(1.8767817e-10 -0.0084448073 0 -0.00070775159 0 0)
(-1.161255e-10 0.0084448071 0 -0.00070775158 0 0)
(3.8378653e-10 0.0060309357 0 -0.00036078581 0 0)
(-1.6952248e-10 0.0036170075 0 -0.00012970593 0 0)
(-5.5688215e-11 0.0012052834 0 -1.4397289e-05 0 0)
(-7.6097902e-11 -0.0012052835 0 -1.4397288e-05 0 0)
(-1.5977971e-10 -0.0036170076 0 -0.00012970593 0 0)
(3.8447927e-10 -0.0060309358 0 -0.00036078581 0 0)
(-1.2487445e-10 -0.0084448071 0 -0.00070775158 0 0)
(1.9222589e-10 0.0084448073 0 -0.0007077516 0 0)
(-2.1965683e-10 0.0060309358 0 -0.00036078581 0 0)
(1.866195e-10 0.0036170075 0 -0.00012970593 0 0)
(-1.8910023e-10 0.0012052835 0 -1.4397286e-05 0 0)
(-1.6789136e-10 -0.0012052836 0 -1.4397286e-05 0 0)
(1.7605305e-10 -0.0036170075 0 -0.00012970593 0 0)
(-2.2691292e-10 -0.0060309358 0 -0.00036078581 0 0)
(1.926976e-10 -0.0084448073 0 -0.0007077516 0 0)
(-1.1155468e-10 0.0084448071 0 -0.00070775159 0 0)
(3.865833e-10 0.0060309357 0 -0.00036078582 0 0)
(-1.7221845e-10 0.0036170076 0 -0.00012970593 0 0)
(-6.1649423e-11 0.0012052835 0 -1.4397282e-05 0 0)
(-8.1814031e-11 -0.0012052835 0 -1.4397282e-05 0 0)
(-1.618592e-10 -0.0036170076 0 -0.00012970593 0 0)
(3.8803088e-10 -0.0060309358 0 -0.00036078581 0 0)
(-1.1979904e-10 -0.0084448071 0 -0.00070775158 0 0)
(1.9647925e-10 0.0084448073 0 -0.00070775161 0 0)
(-2.1647011e-10 0.0060309358 0 -0.00036078582 0 0)
(1.8380077e-10 0.0036170076 0 -0.00012970593 0 0)
(-1.9482066e-10 0.0012052835 0 -1.439728e-05 0 0)
(-1.7341114e-10 -0.0012052836 0 -1.439728e-05 0 0)
(1.738162e-10 -0.0036170076 0 -0.00012970593 0 0)
(-2.2302349e-10 -0.0060309358 0 -0.00036078582 0 0)
(1.9741546e-10 -0.0084448072 0 -0.0007077516 0 0)
(-1.0720712e-10 0.008444807 0 -0.00070775159 0 0)
(3.8939635e-10 0.0060309357 0 -0.00036078582 0 0)
(-1.7469793e-10 0.0036170076 0 -0.00012970594 0 0)
(-6.7436136e-11 0.0012052835 0 -1.4397276e-05 0 0)
(-8.7405826e-11 -0.0012052835 0 -1.4397277e-05 0 0)
(-1.6384284e-10 -0.0036170077 0 -0.00012970593 0 0)
(3.9148087e-10 -0.0060309358 0 -0.00036078582 0 0)
(-1.150065e-10 -0.008444807 0 -0.00070775159 0 0)
(2.0054559e-10 0.0084448072 0 -0.00070775161 0 0)
(-2.1328029e-10 0.0060309358 0 -0.00036078583 0 0)
(1.8120358e-10 0.0036170076 0 -0.00012970594 0 0)
(-2.0041492e-10 0.0012052836 0 -1.4397274e-05 0 0)
(-1.7885311e-10 -0.0012052836 0 -1.4397274e-05 0 0)
(1.7168621e-10 -0.0036170076 0 -0.00012970593 0 0)
(-2.1924182e-10 -0.0060309358 0 -0.00036078582 0 0)
(2.018904e-10 -0.0084448072 0 -0.0007077516 0 0)
(-1.0303404e-10 0.008444807 0 -0.00070775159 0 0)
(3.9225373e-10 0.0060309357 0 -0.00036078583 0 0)
(-1.7699111e-10 0.0036170077 0 -0.00012970594 0 0)
(-7.3116154e-11 0.0012052836 0 -1.4397271e-05 0 0)
(-9.2934914e-11 -0.0012052836 0 -1.4397271e-05 0 0)
(-1.6574637e-10 -0.0036170077 0 -0.00012970594 0 0)
(3.9487305e-10 -0.0060309358 0 -0.00036078583 0 0)
(-1.1044114e-10 -0.008444807 0 -0.00070775159 0 0)
(2.0447096e-10 0.0084448072 0 -0.00070775161 0 0)
(-2.1005982e-10 0.0060309358 0 -0.00036078583 0 0)
(1.787985e-10 0.0036170077 0 -0.00012970594 0 0)
(-2.0594538e-10 0.0012052836 0 -1.4397268e-05 0 0)
(-1.8427352e-10 -0.0012052837 0 -1.4397269e-05 0 0)
(1.6964695e-10 -0.0036170077 0 -0.00012970594 0 0)
(-2.1552417e-10 -0.0060309358 0 -0.00036078583 0 0)
(2.0617421e-10 -0.0084448072 0 -0.0007077516 0 0)
(-9.8991531e-11 0.008444807 0 -0.00070775159 0 0)
(3.9518135e-10 0.0060309357 0 -0.00036078583 0 0)
(-1.7912494e-10 0.0036170078 0 -0.00012970594 0 0)
(-7.8748167e-11 0.0012052836 0 -1.4397265e-05 0 0)
(-9.8455272e-11 -0.0012052836 0 -1.4397265e-05 0 0)
(-1.6758494e-10 -0.0036170078 0 -0.00012970594 0 0)
(3.9824733e-10 -0.0060309358 0 -0.00036078583 0 0)
(-1.0605387e-10 -0.008444807 0 -0.00070775159 0 0)
(2.0829663e-10 0.0084448071 0 -0.00070775161 0 0)
(-2.0678248e-10 0.0060309358 0 -0.00036078584 0 0)
(1.7655931e-10 0.0036170078 0 -0.00012970594 0 0)
(-2.1146635e-10 0.0012052836 0 -1.4397263e-05 0 0)
(-1.8972184e-10 -0.0012052837 0 -1.4397263e-05 0 0)
(1.676825e-10 -0.0036170078 0 -0.00012970594 0 0)
(-2.11834e-10 -0.0060309358 0 -0.00036078584 0 0)
(2.1031336e-10 -0.0084448071 0 -0.0007077516 0 0)
(-9.5039962e-11 0.0084448069 0 -0.00070775159 0 0)
(3.9820245e-10 0.0060309358 0 -0.00036078584 0 0)
(-1.811228e-10 0.0036170078 0 -0.00012970595 0 0)
(-8.4383709e-11 0.0012052836 0 -1.4397259e-05 0 0)
(-1.0401459e-10 -0.0012052836 0 -1.439726e-05 0 0)
(-1.6937258e-10 -0.0036170078 0 -0.00012970595 0 0)
(4.0163444e-10 -0.0060309358 0 -0.00036078584 0 0)
(-1.0180062e-10 -0.0084448069 0 -0.00070775159 0 0)
(2.1205942e-10 0.0084448071 0 -0.00070775161 0 0)
(-2.0342493e-10 0.0060309358 0 -0.00036078585 0 0)
(1.7446374e-10 0.0036170078 0 -0.00012970595 0 0)
(-2.1702509e-10 0.0012052837 0 -1.4397257e-05 0 0)
(-1.9524173e-10 -0.0012052837 0 -1.4397258e-05 0 0)
(1.6577893e-10 -0.0036170078 0 -0.00012970595 0 0)
(-2.0814389e-10 -0.0060309358 0 -0.00036078585 0 0)
(2.143492e-10 -0.0084448071 0 -0.0007077516 0 0)
(-9.1143947e-11 0.0084448069 0 -0.00070775159 0 0)
(4.0133846e-10 0.0060309358 0 -0.00036078585 0 0)
(-1.8300543e-10 0.0036170079 0 -0.00012970595 0 0)
(-9.0066863e-11 0.0012052837 0 -1.4397254e-05 0 0)
(-1.0965438e-10 -0.0012052837 0 -1.4397254e-05 0 0)
(-1.7112208e-10 -0.0036170079 0 -0.00012970595 0 0)
(4.050567e-10 -0.0060309358 0 -0.00036078585 0 0)
(-9.7641981e-11 -0.0084448069 0 -0.00070775159 0 0)
(2.157926e-10 0.008444807 0 -0.0007077516 0 0)
(-1.9996699e-10 0.0060309358 0 -0.00036078585 0 0)
(1.7249027e-10 0.0036170079 0 -0.00012970595 0 0)
(-2.2266114e-10 0.0012052837 0 -1.4397251e-05 0 0)
(-2.0087106e-10 -0.0012052838 0 -1.4397252e-05 0 0)
(1.6392215e-10 -0.0036170079 0 -0.00012970595 0 0)
(-2.0443232e-10 -0.0060309358 0 -0.00036078585 0 0)
(2.1831868e-10 -0.008444807 0 -0.0007077516 0 0)
(-8.7271577e-11 0.0084448068 0 -0.00070775158 0 0)
(4.0460615e-10 0.0060309358 0 -0.00036078586 0 0)
(-1.8479308e-10 0.0036170079 0 -0.00012970596 0 0)
(-9.5835923e-11 0.0012052837 0 -1.4397248e-05 0 0)
(-1.1541183e-10 -0.0012052837 0 -1.4397249e-05 0 0)
(-1.7284798e-10 -0.003617008 0 -0.00012970596 0 0)
(4.0853346e-10 -0.0060309358 0 -0.00036078586 0 0)
(-9.3542243e-11 -0.0084448068 0 -0.00070775158 0 0)
(2.1952517e-10 0.008444807 0 -0.0007077516 0 0)
(-1.9639156e-10 0.0060309358 0 -0.00036078586 0 0)
(1.7062007e-10 0.003617008 0 -0.00012970596 0 0)
(-2.2841313e-10 0.0012052838 0 -1.4397246e-05 0 0)
(-2.0664463e-10 -0.0012052838 0 -1.4397247e-05 0 0)
(1.62097e-10 -0.003617008 0 -0.00012970596 0 0)
(-2.0067901e-10 -0.0060309358 0 -0.00036078586 0 0)
(2.2225567e-10 -0.008444807 0 -0.0007077516 0 0)
(-8.339317e-11 0.0084448068 0 -0.00070775158 0 0)
(4.0801925e-10 0.0060309358 0 -0.00036078586 0 0)
(-1.8650193e-10 0.003617008 0 -0.00012970596 0 0)
(-1.0172979e-10 0.0012052837 0 -1.4397243e-05 0 0)
(-1.2132182e-10 -0.0012052838 0 -1.4397243e-05 0 0)
(-1.7456331e-10 -0.003617008 0 -0.00012970596 0 0)
(4.1208424e-10 -0.0060309358 0 -0.00036078586 0 0)
(-8.9468872e-11 -0.0084448068 0 -0.00070775158 0 0)
(2.2328588e-10 0.008444807 0 -0.00070775159 0 0)
(-1.9268475e-10 0.0060309358 0 -0.00036078587 0 0)
(1.688369e-10 0.003617008 0 -0.00012970596 0 0)
(-2.3431755e-10 0.0012052838 0 -1.439724e-05 0 0)
(-2.1259672e-10 -0.0012052838 0 -1.4397241e-05 0 0)
(1.6029097e-10 -0.003617008 0 -0.00012970596 0 0)
(-1.9686302e-10 -0.0060309358 0 -0.00036078587 0 0)
(2.2619053e-10 -0.0084448069 0 -0.00070775159 0 0)
(-7.9480355e-11 0.0084448067 0 -0.00070775157 0 0)
(4.1159108e-10 0.0060309358 0 -0.00036078587 0 0)
(-1.8814731e-10 0.0036170081 0 -0.00012970597 0 0)
(-1.0778329e-10 0.0012052838 0 -1.4397237e-05 0 0)
(-1.274187e-10 -0.0012052838 0 -1.4397238e-05 0 0)
(-1.7627965e-10 -0.0036170081 0 -0.00012970597 0 0)
(4.1572832e-10 -0.0060309358 0 -0.00036078587 0 0)
(-8.5391993e-11 -0.0084448067 0 -0.00070775157 0 0)
(2.2710215e-10 0.0084448069 0 -0.00070775159 0 0)
(-1.8883041e-10 0.0060309358 0 -0.00036078588 0 0)
(1.6712542e-10 0.0036170081 0 -0.00012970597 0 0)
(-2.404081e-10 0.0012052838 0 -1.4397235e-05 0 0)
(-2.1876034e-10 -0.0012052839 0 -1.4397235e-05 0 0)
(1.5849166e-10 -0.0036170081 0 -0.00012970597 0 0)
(-1.9296333e-10 -0.0060309358 0 -0.00036078588 0 0)
(2.3015169e-10 -0.0084448069 0 -0.00070775159 0 0)
(-7.5505289e-11 0.0084448067 0 -0.00070775157 0 0)
(4.1533817e-10 0.0060309358 0 -0.00036078588 0 0)
(-1.8974224e-10 0.0036170082 0 -0.00012970597 0 0)
(-1.1403243e-10 0.0012052838 0 -1.4397232e-05 0 0)
(-1.3373824e-10 -0.0012052839 0 -1.4397232e-05 0 0)
(-1.7800741e-10 -0.0036170082 0 -0.00012970597 0 0)
(4.1948631e-10 -0.0060309358 0 -0.00036078588 0 0)
(-8.1282755e-11 -0.0084448067 0 -0.00070775157 0 0)
(2.3100094e-10 0.0084448069 0 -0.00070775158 0 0)
(-1.8480971e-10 0.0060309359 0 -0.00036078589 0 0)
(1.6547353e-10 0.0036170082 0 -0.00012970598 0 0)
(-2.4672241e-10 0.0012052839 0 -1.4397229e-05 0 0)
(-2.2517229e-10 -0.0012052839 0 -1.439723e-05 0 0)
(1.5668929e-10 -0.0036170082 0 -0.00012970598 0 0)
(-1.8895762e-10 -0.0060309359 0 -0.00036078589 0 0)
(2.3416732e-10 -0.0084448068 0 -0.00070775158 0 0)
(-7.1440794e-11 0.0084448066 0 -0.00070775156 0 0)
(4.1927979e-10 0.0060309358 0 -0.00036078589 0 0)
(-1.912975e-10 0.0036170082 0 -0.00012970598 0 0)
(-1.2051801e-10 0.0012052839 0 -1.4397226e-05 0 0)
(-1.4032029e-10 -0.0012052839 0 -1.4397226e-05 0 0)
(-1.7975544e-10 -0.0036170082 0 -0.00012970598 0 0)
(4.2338057e-10 -0.0060309358 0 -0.00036078589 0 0)
(-7.7112795e-11 -0.0084448066 0 -0.00070775156 0 0)
(2.3500946e-10 0.0084448068 0 -0.00070775158 0 0)
(-1.8059892e-10 0.0060309359 0 -0.0003607859 0 0)
(1.6386866e-10 0.0036170083 0 -0.00012970598 0 0)
(-2.5330348e-10 0.0012052839 0 -1.4397223e-05 0 0)
(-2.318744e-10 -0.001205284 0 -1.4397224e-05 0 0)
(1.5487347e-10 -0.0036170083 0 -0.00012970598 0 0)
(-1.8481889e-10 -0.0060309359 0 -0.0003607859 0 0)
(2.3826493e-10 -0.0084448068 0 -0.00070775157 0 0)
(-6.7258592e-11 0.0084448066 0 -0.00070775155 0 0)
(4.2344116e-10 0.0060309359 0 -0.0003607859 0 0)
(-1.9282533e-10 0.0036170083 0 -0.00012970599 0 0)
(-1.2728566e-10 0.0012052839 0 -1.439722e-05 0 0)
(-1.4720962e-10 -0.0012052839 0 -1.4397221e-05 0 0)
(-1.8153318e-10 -0.0036170083 0 -0.00012970599 0 0)
(4.2743987e-10 -0.0060309359 0 -0.0003607859 0 0)
(-7.2853081e-11 -0.0084448066 0 -0.00070775155 0 0)
(2.391562e-10 0.0084448068 0 -0.00070775157 0 0)
(-1.7616843e-10 0.0060309359 0 -0.00036078591 0 0)
(1.6229784e-10 0.0036170084 0 -0.00012970599 0 0)
(-2.6020081e-10 0.001205284 0 -1.4397218e-05 0 0)
(-2.3891531e-10 -0.001205284 0 -1.4397218e-05 0 0)
(1.5303459e-10 -0.0036170084 0 -0.00012970599 0 0)
(-1.8051413e-10 -0.0060309359 0 -0.00036078591 0 0)
(2.4247423e-10 -0.0084448067 0 -0.00070775157 0 0)
(-6.2928534e-11 0.0084448065 0 -0.00070775155 0 0)
(4.2785422e-10 0.0060309359 0 -0.00036078591 0 0)
(-1.9433826e-10 0.0036170084 0 -0.000129706 0 0)
(-1.3439096e-10 0.001205284 0 -1.4397214e-05 0 0)
(-1.5446028e-10 -0.001205284 0 -1.4397215e-05 0 0)
(-1.8334891e-10 -0.0036170084 0 -0.000129706 0 0)
(4.3169903e-10 -0.0060309359 0 -0.00036078591 0 0)
(-6.8471755e-11 -0.0084448065 0 -0.00070775155 0 0)
(2.4347198e-10 0.0084448067 0 -0.00070775156 0 0)
(-1.7148019e-10 0.0060309359 0 -0.00036078592 0 0)
(1.607477e-10 0.0036170084 0 -0.000129706 0 0)
(-2.6747631e-10 0.001205284 0 -1.4397212e-05 0 0)
(-2.4635415e-10 -0.001205284 0 -1.4397212e-05 0 0)
(1.5116446e-10 -0.0036170084 0 -0.000129706 0 0)
(-1.7600269e-10 -0.0060309359 0 -0.00036078592 0 0)
(2.468279e-10 -0.0084448067 0 -0.00070775156 0 0)
(-5.8417109e-11 0.0084448065 0 -0.00070775154 0 0)
(4.3256065e-10 0.0060309359 0 -0.00036078592 0 0)
(-1.9584904e-10 0.0036170085 0 -0.000129706 0 0)
(-1.4190369e-10 0.001205284 0 -1.4397208e-05 0 0)
(-1.6213831e-10 -0.001205284 0 -1.4397208e-05 0 0)
(-1.8520901e-10 -0.0036170085 0 -0.000129706 0 0)
(4.3620264e-10 -0.0060309359 0 -0.00036078592 0 0)
(-6.3932838e-11 -0.0084448065 0 -0.00070775154 0 0)
(2.4799165e-10 0.0084448066 0 -0.00070775155 0 0)
(-1.6648558e-10 0.0060309359 0 -0.00036078593 0 0)
(1.5920408e-10 0.0036170085 0 -0.00012970601 0 0)
(-2.75208e-10 0.0012052841 0 -1.4397205e-05 0 0)
(-2.5426458e-10 -0.0012052841 0 -1.4397205e-05 0 0)
(1.4925671e-10 -0.0036170085 0 -0.00012970601 0 0)
(-1.7123204e-10 -0.0060309359 0 -0.00036078593 0 0)
(2.5136418e-10 -0.0084448066 0 -0.00070775155 0 0)
(-5.3685745e-11 0.0084448064 0 -0.00070775153 0 0)
(4.3761251e-10 0.0060309359 0 -0.00036078593 0 0)
(-1.9737198e-10 0.0036170086 0 -0.00012970601 0 0)
(-1.4991176e-10 0.0012052841 0 -1.4397202e-05 0 0)
(-1.7032796e-10 -0.0012052841 0 -1.4397202e-05 0 0)
(-1.8711824e-10 -0.0036170086 0 -0.00012970601 0 0)
(4.4100836e-10 -0.0060309359 0 -0.00036078593 0 0)
(-5.9193673e-11 -0.0084448064 0 -0.00070775153 0 0)
(2.527561e-10 0.0084448066 0 -0.00070775154 0 0)
(-1.6112494e-10 0.006030936 0 -0.00036078594 0 0)
(1.5765043e-10 0.0036170086 0 -0.00012970602 0 0)
(-2.8349425e-10 0.0012052841 0 -1.4397199e-05 0 0)
(-2.6274113e-10 -0.0012052841 0 -1.4397198e-05 0 0)
(1.4730582e-10 -0.0036170086 0 -0.00012970602 0 0)
(-1.6613483e-10 -0.006030936 0 -0.00036078594 0 0)
(2.5612866e-10 -0.0084448066 0 -0.00070775154 0 0)
(-4.8688629e-11 0.0084448064 0 -0.00070775152 0 0)
(4.430739e-10 0.0060309359 0 -0.00036078595 0 0)
(-1.9892353e-10 0.0036170087 0 -0.00012970602 0 0)
(-1.5852601e-10 0.0012052841 0 -1.4397195e-05 0 0)
(-1.7913549e-10 -0.0012052841 0 -1.4397195e-05 0 0)
(-1.8908056e-10 -0.0036170087 0 -0.00012970602 0 0)
(4.4619048e-10 -0.006030936 0 -0.00036078595 0 0)
(-5.4203096e-11 -0.0084448064 0 -0.00070775152 0 0)
(2.5781398e-10 0.0084448065 0 -0.00070775153 0 0)
(-1.5532551e-10 0.006030936 0 -0.00036078596 0 0)
(1.5606842e-10 0.0036170087 0 -0.00012970603 0 0)
(-2.9245963e-10 0.0012052842 0 -1.4397191e-05 0 0)
(-2.7190252e-10 -0.0012052842 0 -1.4397191e-05 0 0)
(1.4530731e-10 -0.0036170087 0 -0.00012970603 0 0)
(-1.6062542e-10 -0.006030936 0 -0.00036078595 0 0)
(2.6117657e-10 -0.0084448065 0 -0.00070775153 0 0)
(-4.3370916e-11 0.0084448063 0 -0.00070775151 0 0)
(4.4902273e-10 0.006030936 0 -0.00036078596 0 0)
(-2.0052222e-10 0.0036170088 0 -0.00012970603 0 0)
(-1.6788688e-10 0.0012052842 0 -1.4397187e-05 0 0)
(-1.8869488e-10 -0.0012052842 0 -1.4397187e-05 0 0)
(-1.910991e-10 -0.0036170088 0 -0.00012970603 0 0)
(4.5184284e-10 -0.006030936 0 -0.00036078596 0 0)
(-4.8898473e-11 -0.0084448063 0 -0.0007077515 0 0)
(2.6322521e-10 0.0084448065 0 -0.00070775152 0 0)
(-1.4899781e-10 0.006030936 0 -0.00036078597 0 0)
(1.5443719e-10 0.0036170088 0 -0.00012970604 0 0)
(-3.0226138e-10 0.0012052842 0 -1.4397183e-05 0 0)
(-2.8189873e-10 -0.0012052842 0 -1.4397183e-05 0 0)
(1.432568e-10 -0.0036170088 0 -0.00012970604 0 0)
(-1.5459539e-10 -0.006030936 0 -0.00036078597 0 0)
(2.6657546e-10 -0.0084448064 0 -0.00070775151 0 0)
(-3.7664261e-11 0.0084448062 0 -0.00070775149 0 0)
(4.5555705e-10 0.006030936 0 -0.00036078598 0 0)
(-2.0218888e-10 0.0036170089 0 -0.00012970604 0 0)
(-1.7817056e-10 0.0012052842 0 -1.4397179e-05 0 0)
(-1.9917422e-10 -0.0012052843 0 -1.4397178e-05 0 0)
(-1.9317666e-10 -0.0036170089 0 -0.00012970604 0 0)
(4.5808428e-10 -0.006030936 0 -0.00036078597 0 0)
(-4.3204121e-11 -0.0084448062 0 -0.00070775149 0 0)
(2.6906302e-10 0.0084448064 0 -0.00070775151 0 0)
(-1.4202839e-10 0.006030936 0 -0.00036078599 0 0)
(1.5273272e-10 0.0036170089 0 -0.00012970605 0 0)
(-3.1309558e-10 0.0012052843 0 -1.4397175e-05 0 0)
(-2.9291671e-10 -0.0012052843 0 -1.4397174e-05 0 0)
(1.4114961e-10 -0.0036170089 0 -0.00012970605 0 0)
(-1.4790976e-10 -0.006030936 0 -0.00036078598 0 0)
(2.7240763e-10 -0.0084448064 0 -0.0007077515 0 0)
(-3.1486045e-11 0.0084448061 0 -0.00070775148 0 0)
(4.6280153e-10 0.006030936 0 -0.00036078599 0 0)
(-2.0394763e-10 0.003617009 0 -0.00012970606 0 0)
(-1.8959528e-10 0.0012052843 0 -1.439717e-05 0 0)
(-2.1078313e-10 -0.0012052843 0 -1.4397169e-05 0 0)
(-1.9531706e-10 -0.003617009 0 -0.00012970605 0 0)
(4.6506179e-10 -0.006030936 0 -0.00036078599 0 0)
(-3.7026924e-11 -0.0084448062 0 -0.00070775148 0 0)
(2.7541758e-10 0.0084448063 0 -0.00070775149 0 0)
(-1.3427374e-10 0.0060309361 0 -0.000360786 0 0)
(1.5092834e-10 0.003617009 0 -0.00012970606 0 0)
(-3.2520374e-10 0.0012052843 0 -1.4397165e-05 0 0)
(-3.0519029e-10 -0.0012052843 0 -1.4397164e-05 0 0)
(1.3897924e-10 -0.003617009 0 -0.00012970606 0 0)
(-1.404027e-10 -0.0060309361 0 -0.000360786 0 0)
(2.7877397e-10 -0.0084448063 0 -0.00070775149 0 0)
(-2.4733561e-11 0.0084448061 0 -0.00070775147 0 0)
(4.7091393e-10 0.0060309361 0 -0.00036078601 0 0)
(-2.0582444e-10 0.0036170091 0 -0.00012970607 0 0)
(-2.0242872e-10 0.0012052844 0 -1.4397159e-05 0 0)
(-2.2378223e-10 -0.0012052844 0 -1.4397158e-05 0 0)
(-1.9752656e-10 -0.0036170091 0 -0.00012970607 0 0)
(4.7295518e-10 -0.0060309361 0 -0.00036078601 0 0)
(-3.025419e-11 -0.0084448061 0 -0.00070775147 0 0)
(2.8240065e-10 0.0084448062 0 -0.00070775148 0 0)
(-1.2555326e-10 0.0060309361 0 -0.00036078602 0 0)
(1.4899515e-10 0.0036170091 0 -0.00012970608 0 0)
(-3.3888102e-10 0.0012052844 0 -1.4397153e-05 0 0)
(-3.1900729e-10 -0.0012052844 0 -1.4397153e-05 0 0)
(1.3673535e-10 -0.0036170091 0 -0.00012970607 0 0)
(-1.3187284e-10 -0.0060309361 0 -0.00036078602 0 0)
(2.8579606e-10 -0.0084448062 0 -0.00070775148 0 0)
(-1.7282856e-11 0.008444806 0 -0.00070775146 0 0)
(4.800937e-10 0.0060309361 0 -0.00036078603 0 0)
(-2.0784718e-10 0.0036170092 0 -0.00012970608 0 0)
(-2.1699625e-10 0.0012052844 0 -1.4397147e-05 0 0)
(-2.3849001e-10 -0.0012052844 0 -1.4397146e-05 0 0)
(-1.998153e-10 -0.0036170092 0 -0.00012970608 0 0)
(4.8198132e-10 -0.0060309361 0 -0.00036078602 0 0)
(-2.2751137e-11 -0.008444806 0 -0.00070775145 0 0)
(2.901457e-10 0.0084448062 0 -0.00070775147 0 0)
(-1.1563994e-10 0.0060309362 0 -0.00036078604 0 0)
(1.469023e-10 0.0036170092 0 -0.00012970609 0 0)
(-3.5448434e-10 0.0012052845 0 -1.439714e-05 0 0)
(-3.3471825e-10 -0.0012052845 0 -1.4397139e-05 0 0)
(1.3440333e-10 -0.0036170093 0 -0.00012970609 0 0)
(-1.2207846e-10 -0.0060309362 0 -0.00036078604 0 0)
(2.9361824e-10 -0.0084448061 0 -0.00070775146 0 0)
(-8.9809e-12 0.0084448059 0 -0.00070775144 0 0)
(4.9058539e-10 0.0060309361 0 -0.00036078605 0 0)
(-2.1004512e-10 0.0036170093 0 -0.00012970609 0 0)
(-2.3368995e-10 0.0012052845 0 -1.4397133e-05 0 0)
(-2.5529246e-10 -0.0012052845 0 -1.4397132e-05 0 0)
(-2.0219823e-10 -0.0036170093 0 -0.00012970609 0 0)
(4.9240096e-10 -0.0060309361 0 -0.00036078605 0 0)
(-1.4359348e-11 -0.0084448059 0 -0.00070775144 0 0)
(2.9882085e-10 0.0084448061 0 -0.00070775145 0 0)
(-1.0426046e-10 0.0060309362 0 -0.00036078606 0 0)
(1.4461715e-10 0.0036170094 0 -0.0001297061 0 0)
(-3.7244306e-10 0.0012052845 0 -1.4397125e-05 0 0)
(-3.5274662e-10 -0.0012052845 0 -1.4397124e-05 0 0)
(1.3196229e-10 -0.0036170094 0 -0.0001297061 0 0)
(-1.1073164e-10 -0.0060309362 0 -0.00036078606 0 0)
(3.0241029e-10 -0.0084448061 0 -0.00070775145 0 0)
(3.5903191e-13 0.0084448058 0 -0.00070775143 0 0)
(5.0268623e-10 0.0060309362 0 -0.00036078607 0 0)
(-2.1244977e-10 0.0036170094 0 -0.00012970611 0 0)
(-2.5298046e-10 0.0012052846 0 -1.4397116e-05 0 0)
(-2.7465495e-10 -0.0012052846 0 -1.4397115e-05 0 0)
(-2.0469651e-10 -0.0036170094 0 -0.00012970611 0 0)
(5.0451851e-10 -0.0060309362 0 -0.00036078607 0 0)
(-4.8889806e-12 -0.0084448058 0 -0.00070775143 0 0)
(3.0862789e-10 0.008444806 0 -0.00070775144 0 0)
(-9.1082555e-11 0.0060309362 0 -0.00036078609 0 0)
(1.4210398e-10 0.0036170095 0 -0.00012970612 0 0)
(-3.9327068e-10 0.0012052846 0 -1.4397107e-05 0 0)
(-3.7360073e-10 -0.0012052846 0 -1.4397106e-05 0 0)
(1.293853e-10 -0.0036170095 0 -0.00012970611 0 0)
(-9.7498223e-11 -0.0060309362 0 -0.00036078608 0 0)
(3.1237709e-10 -0.008444806 0 -0.00070775143 0 0)
(1.0961751e-11 0.0084448057 0 -0.00070775141 0 0)
(5.1675515e-10 0.0060309362 0 -0.0003607861 0 0)
(-2.150963e-10 0.0036170096 0 -0.00012970612 0 0)
(-2.7542808e-10 0.0012052846 0 -1.4397097e-05 0 0)
(-2.9713283e-10 -0.0012052846 0 -1.4397095e-05 0 0)
(-2.0733606e-10 -0.0036170096 0 -0.00012970612 0 0)
(5.1869434e-10 -0.0060309362 0 -0.00036078609 0 0)
(5.8826989e-12 -0.0084448057 0 -0.00070775141 0 0)
(3.1980965e-10 0.0084448059 0 -0.00070775142 0 0)
(-7.5707707e-11 0.0060309363 0 -0.00036078611 0 0)
(1.3932043e-10 0.0036170097 0 -0.00012970613 0 0)
(-4.1757752e-10 0.0012052847 0 -1.4397085e-05 0 0)
(-3.978847e-10 -0.0012052847 0 -1.4397084e-05 0 0)
(1.2664087e-10 -0.0036170097 0 -0.00012970613 0 0)
(-8.1978503e-11 -0.0060309363 0 -0.00036078611 0 0)
(3.237552e-10 -0.0084448059 0 -0.00070775142 0 0)
(2.3096008e-11 0.0084448056 0 -0.0007077514 0 0)
(5.3321898e-10 0.0060309363 0 -0.00036078613 0 0)
(-2.180291e-10 0.0036170097 0 -0.00012970614 0 0)
(-3.0169829e-10 0.0012052847 0 -1.4397073e-05 0 0)
(-3.2338313e-10 -0.0012052847 0 -1.4397072e-05 0 0)
(-2.1014564e-10 -0.0036170097 0 -0.00012970614 0 0)
(5.3535732e-10 -0.0060309363 0 -0.00036078612 0 0)
(1.8215724e-11 -0.0084448056 0 -0.0007077514 0 0)
(3.3265561e-10 0.0084448058 0 -0.00070775141 0 0)
(-5.7667495e-11 0.0060309363 0 -0.00036078614 0 0)
(1.3621188e-10 0.0036170098 0 -0.00012970615 0 0)
(-4.4608788e-10 0.0012052848 0 -1.4397059e-05 0 0)
(-4.2631024e-10 -0.0012052848 0 -1.4397058e-05 0 0)
(1.2369656e-10 -0.0036170098 0 -0.00012970614 0 0)
(-6.3699644e-11 -0.0060309363 0 -0.00036078614 0 0)
(3.3682415e-10 -0.0084448058 0 -0.0007077514 0 0)
(3.7080233e-11 0.0084448055 0 -0.00070775138 0 0)
(5.5257612e-10 0.0060309363 0 -0.00036078616 0 0)
(-2.2130798e-10 0.0036170099 0 -0.00012970615 0 0)
(-3.3257949e-10 0.0012052848 0 -1.4397045e-05 0 0)
(-3.5417643e-10 -0.0012052848 0 -1.4397044e-05 0 0)
(-2.1315127e-10 -0.0036170099 0 -0.00012970615 0 0)
(5.5501719e-10 -0.0060309363 0 -0.00036078616 0 0)
(3.2416458e-11 -0.0084448055 0 -0.00070775138 0 0)
(3.475066e-10 0.0084448057 0 -0.00070775139 0 0)
(-3.641906e-11 0.0060309364 0 -0.00036078618 0 0)
(1.3270358e-10 0.00361701 0 -0.00012970616 0 0)
(-4.7965958e-10 0.0012052849 0 -1.4397029e-05 0 0)
(-4.5971071e-10 -0.0012052849 0 -1.4397028e-05 0 0)
(1.2052568e-10 -0.00361701 0 -0.00012970616 0 0)
(-4.2097323e-11 -0.0060309364 0 -0.00036078618 0 0)
(3.5191357e-10 -0.0084448057 0 -0.00070775139 0 0)
(5.3287128e-11 0.0084448054 0 -0.00070775137 0 0)
(5.753999e-10 0.0060309364 0 -0.0003607862 0 0)
(-2.2501793e-10 0.0036170101 0 -0.00012970617 0 0)
(-3.6900467e-10 0.0012052849 0 -1.4397012e-05 0 0)
(-3.9041237e-10 -0.0012052849 0 -1.439701e-05 0 0)
(-2.1636912e-10 -0.0036170101 0 -0.00012970617 0 0)
(5.7828501e-10 -0.0060309364 0 -0.00036078619 0 0)
(4.884729e-11 -0.0084448054 0 -0.00070775136 0 0)
(3.6476036e-10 0.0084448055 0 -0.00070775138 0 0)
(-1.1341388e-11 0.0060309364 0 -0.00036078622 0 0)
(1.2868991e-10 0.0036170102 0 -0.00012970618 0 0)
(-5.1930707e-10 0.001205285 0 -1.4396992e-05 0 0)
(-4.9905672e-10 -0.001205285 0 -1.4396991e-05 0 0)
(1.1711392e-10 -0.0036170102 0 -0.00012970618 0 0)
(-1.6494657e-11 -0.0060309364 0 -0.00036078622 0 0)
(3.6941504e-10 -0.0084448055 0 -0.00070775137 0 0)
(7.2148865e-11 0.0084448053 0 -0.00070775135 0 0)
(6.0234396e-10 0.0060309364 0 -0.00036078624 0 0)
(-2.2927858e-10 0.0036170103 0 -0.00012970619 0 0)
(-4.1207434e-10 0.001205285 0 -1.4396972e-05 0 0)
(-4.3313558e-10 -0.001205285 0 -1.4396971e-05 0 0)
(-2.1979943e-10 -0.0036170103 0 -0.00012970619 0 0)
(6.0589543e-10 -0.0060309364 0 -0.00036078624 0 0)
(6.7938758e-11 -0.0084448053 0 -0.00070775135 0 0)
(3.8487664e-10 0.0084448054 0 -0.00070775136 0 0)
(1.8269605e-11 0.0060309365 0 -0.00036078626 0 0)
(1.2402645e-10 0.0036170104 0 -0.0001297062 0 0)
(-5.6622505e-10 0.0012052851 0 -1.4396949e-05 0 0)
(-5.4547552e-10 -0.0012052851 0 -1.4396948e-05 0 0)
(1.1346398e-10 -0.0036170104 0 -0.0001297062 0 0)
(1.392058e-11 -0.0060309365 0 -0.00036078626 0 0)
(3.8979681e-10 -0.0084448054 0 -0.00070775136 0 0)
(9.4162814e-11 0.0084448051 0 -0.00070775133 0 0)
(6.34148e-10 0.0060309365 0 -0.00036078628 0 0)
(-2.3425127e-10 0.0036170105 0 -0.00012970621 0 0)
(-4.630806e-10 0.0012052851 0 -1.4396924e-05 0 0)
(-4.83558e-10 -0.0012052851 0 -1.4396923e-05 0 0)
(-2.2342482e-10 -0.0036170105 0 -0.00012970621 0 0)
(6.3872917e-10 -0.0060309365 0 -0.00036078628 0 0)
(9.0206038e-11 -0.0084448051 0 -0.00070775133 0 0)
(4.0838317e-10 0.0084448053 0 -0.00070775134 0 0)
(5.3213309e-11 0.0060309366 0 -0.00036078631 0 0)
(1.1852747e-10 0.0036170106 0 -0.00012970622 0 0)
(-6.2181117e-10 0.0012052852 0 -1.4396896e-05 0 0)
(-6.0027813e-10 -0.0012052852 0 -1.4396897e-05 0 0)
(1.0959135e-10 -0.0036170106 0 -0.00012970622 0 0)
(5.0116189e-11 -0.0060309366 0 -0.00036078631 0 0)
(4.136194e-10 -0.0084448052 0 -0.00070775134 0 0)
(1.1989915e-10 0.008444805 0 -0.00070775132 0 0)
(6.7165803e-10 0.0060309366 0 -0.00036078634 0 0)
(-2.4013255e-10 0.0036170107 0 -0.00012970623 0 0)
(-5.2352472e-10 0.0012052853 0 -1.4396867e-05 0 0)
(-5.4308847e-10 -0.0012052853 0 -1.4396867e-05 0 0)
(-2.2722388e-10 -0.0036170107 0 -0.00012970623 0 0)
(6.7782729e-10 -0.0060309366 0 -0.00036078634 0 0)
(1.1626383e-10 -0.008444805 0 -0.00070775132 0 0)
(4.3588765e-10 0.0084448051 0 -0.00070775133 0 0)
(9.4411932e-11 0.0060309367 0 -0.00036078637 0 0)
(1.1198321e-10 0.0036170109 0 -0.00012970624 0 0)
(-6.8768075e-10 0.0012052853 0 -1.4396834e-05 0 0)
(-6.6499501e-10 -0.0012052853 0 -1.4396836e-05 0 0)
(1.0549891e-10 -0.0036170109 0 -0.00012970625 0 0)
(9.3220278e-11 -0.0060309367 0 -0.00036078638 0 0)
(4.4155107e-10 -0.0084448051 0 -0.00070775133 0 0)
(1.5001937e-10 0.0084448048 0 -0.0007077513 0 0)
(7.1586138e-10 0.0060309366 0 -0.0003607864 0 0)
(-2.471235e-10 0.003617011 0 -0.00012970625 0 0)
(-5.9512741e-10 0.0012052854 0 -1.43968e-05 0 0)
(-6.1337407e-10 -0.0012052854 0 -1.4396801e-05 0 0)
(-2.3121174e-10 -0.003617011 0 -0.00012970626 0 0)
(7.2438146e-10 -0.0060309367 0 -0.00036078641 0 0)
(1.4684113e-10 -0.0084448048 0 -0.0007077513 0 0)
(4.6810338e-10 0.0084448049 0 -0.00070775131 0 0)
(1.4296195e-10 0.0060309367 0 -0.00036078644 0 0)
(1.0420907e-10 0.0036170111 0 -0.00012970627 0 0)
(-7.6566883e-10 0.0012052855 0 -1.4396761e-05 0 0)
(-7.4142884e-10 -0.0012052855 0 -1.4396764e-05 0 0)
(1.0111749e-10 -0.0036170111 0 -0.00012970627 0 0)
(1.4449464e-10 -0.0060309367 0 -0.00036078645 0 0)
(4.7438087e-10 -0.0084448049 0 -0.00070775131 0 0)
(1.8530344e-10 0.0084448046 0 -0.00070775129 0 0)
(7.6796658e-10 0.0060309367 0 -0.00036078648 0 0)
(-2.5535775e-10 0.0036170113 0 -0.00012970628 0 0)
(-6.7981736e-10 0.0012052856 0 -1.439672e-05 0 0)
(-6.9635895e-10 -0.0012052856 0 -1.4396723e-05 0 0)
(-2.3552273e-10 -0.0036170113 0 -0.00012970629 0 0)
(7.7969146e-10 -0.0060309368 0 -0.00036078649 0 0)
(1.8278232e-10 -0.0084448046 0 -0.00070775129 0 0)
(5.0588538e-10 0.0084448047 0 -0.0007077513 0 0)
(2.0024114e-10 0.0060309368 0 -0.00036078652 0 0)
(9.5142015e-11 0.0036170115 0 -0.00012970629 0 0)
(-8.5780839e-10 0.0012052857 0 -1.4396674e-05 0 0)
(-8.317266e-10 -0.0012052857 0 -1.4396679e-05 0 0)
(9.6197368e-11 -0.0036170115 0 -0.0001297063 0 0)
(2.0527072e-10 -0.0060309368 0 -0.00036078653 0 0)
(5.1300831e-10 -0.0084448047 0 -0.0007077513 0 0)
(2.2669997e-10 0.0084448044 0 -0.00070775127 0 0)
(8.2953439e-10 0.0060309368 0 -0.00036078656 0 0)
(-2.6477707e-10 0.0036170117 0 -0.0001297063 0 0)
(-7.7969822e-10 0.0012052857 0 -1.4396626e-05 0 0)
(-7.9436455e-10 -0.0012052858 0 -1.4396631e-05 0 0)
(-2.4055183e-10 -0.0036170117 0 -0.00012970632 0 0)
(8.45067e-10 -0.0060309369 0 -0.00036078657 0 0)
(2.2502872e-10 -0.0084448044 0 -0.00070775128 0 0)
(5.5029746e-10 0.0084448044 0 -0.00070775128 0 0)
(2.6806731e-10 0.0060309369 0 -0.00036078661 0 0)
(8.4994793e-11 0.0036170118 0 -0.00012970632 0 0)
(-9.6628268e-10 0.0012052859 0 -1.4396571e-05 0 0)
(-9.3847321e-10 -0.0012052859 0 -1.4396578e-05 0 0)
(9.0136824e-11 -0.0036170118 0 -0.00012970634 0 0)
(2.7681511e-10 -0.0060309369 0 -0.00036078663 0 0)
(5.5841467e-10 -0.0084448044 0 -0.00070775129 0 0)
(2.7541076e-10 0.0084448041 0 -0.00070775125 0 0)
(9.0266713e-10 0.006030937 0 -0.00036078666 0 0)
(-2.7494856e-10 0.003617012 0 -0.00012970634 0 0)
(-8.9698178e-10 0.001205286 0 -1.4396515e-05 0 0)
(-9.1018399e-10 -0.001205286 0 -1.4396522e-05 0 0)
(-2.4715773e-10 -0.0036170121 0 -0.00012970635 0 0)
(9.2165461e-10 -0.006030937 0 -0.00036078668 0 0)
(2.7457592e-10 -0.0084448041 0 -0.00070775126 0 0)
(6.0272054e-10 0.0084448042 0 -0.00070775127 0 0)
(3.4891303e-10 0.0060309371 0 -0.00036078672 0 0)
(7.4459875e-11 0.0036170122 0 -0.00012970636 0 0)
(-1.0933441e-09 0.0012052861 0 -1.4396451e-05 0 0)
(-1.0647925e-09 -0.0012052861 0 -1.4396459e-05 0 0)
(8.1759185e-11 -0.0036170123 0 -0.00012970637 0 0)
(3.6012308e-10 -0.0060309371 0 -0.00036078674 0 0)
(6.1160674e-10 -0.0084448042 0 -0.00070775127 0 0)
(3.3300697e-10 0.0084448038 0 -0.00070775124 0 0)
(9.9024638e-10 0.0060309371 0 -0.00036078678 0 0)
(-2.8484905e-10 0.0036170125 0 -0.00012970637 0 0)
(-1.0338928e-09 0.0012052862 0 -1.4396387e-05 0 0)
(-1.0471724e-09 -0.0012052862 0 -1.4396393e-05 0 0)
(-2.5690747e-10 -0.0036170125 0 -0.00012970639 0 0)
(1.0102012e-09 -0.0060309371 0 -0.0003607868 0 0)
(3.3239326e-10 -0.0084448038 0 -0.00070775125 0 0)
(6.6498539e-10 0.0084448039 0 -0.00070775125 0 0)
(4.461443e-10 0.0060309372 0 -0.00036078685 0 0)
(6.4919801e-11 0.0036170127 0 -0.0001297064 0 0)
(-1.2412018e-09 0.0012052864 0 -1.4396313e-05 0 0)
(-1.2144159e-09 -0.0012052863 0 -1.4396319e-05 0 0)
(6.9075261e-11 -0.0036170127 0 -0.00012970641 0 0)
(4.5565738e-10 -0.0060309372 0 -0.00036078687 0 0)
(6.7351668e-10 -0.0084448038 0 -0.00070775126 0 0)
(4.0156992e-10 0.0084448035 0 -0.00070775123 0 0)
(1.0961456e-09 0.0060309372 0 -0.00036078692 0 0)
(-2.9268584e-10 0.003617013 0 -0.00012970642 0 0)
(-1.1925379e-09 0.0012052865 0 -1.4396239e-05 0 0)
(-1.2092638e-09 -0.0012052865 0 -1.4396242e-05 0 0)
(-2.7229658e-10 -0.003617013 0 -0.00012970643 0 0)
(1.1107769e-09 -0.0060309372 0 -0.00036078694 0 0)
(3.9931038e-10 -0.0084448035 0 -0.00070775124 0 0)
(7.3951883e-10 0.0084448035 0 -0.00070775124 0 0)
(5.6415414e-10 0.0060309374 0 -0.000360787 0 0)
(5.8560835e-11 0.0036170133 0 -0.00012970645 0 0)
(-1.4118649e-09 0.0012052867 0 -1.4396153e-05 0 0)
(-1.3916072e-09 -0.0012052866 0 -1.4396153e-05 0 0)
(4.913388e-11 -0.0036170133 0 -0.00012970645 0 0)
(5.6306235e-10 -0.0060309373 0 -0.00036078701 0 0)
(7.4488138e-10 -0.0084448035 0 -0.00070775125 0 0)
(4.8380935e-10 0.0084448031 0 -0.00070775122 0 0)
(1.2252291e-09 0.0060309374 0 -0.00036078709 0 0)
(-2.9589918e-10 0.0036170136 0 -0.00012970648 0 0)
(-1.374715e-09 0.0012052868 0 -1.4396069e-05 0 0)
(-1.4007635e-09 -0.0012052868 0 -1.4396063e-05 0 0)
(-2.9680409e-10 -0.0036170136 0 -0.00012970647 0 0)
(1.2225088e-09 -0.0060309374 0 -0.00036078709 0 0)
(4.7588802e-10 -0.0084448031 0 -0.00070775122 0 0)
(8.2941903e-10 0.0084448031 0 -0.00070775124 0 0)
(7.0813275e-10 0.0060309375 0 -0.00036078719 0 0)
(5.8201657e-11 0.0036170139 0 -0.00012970652 0 0)
(-1.606882e-09 0.001205287 0 -1.4395972e-05 0 0)
(-1.6007107e-09 -0.0012052869 0 -1.4395957e-05 0 0)
(1.8142911e-11 -0.0036170139 0 -0.00012970649 0 0)
(6.8090891e-10 -0.0060309375 0 -0.00036078717 0 0)
(8.2611181e-10 -0.0084448031 0 -0.00070775123 0 0)
(5.8304603e-10 0.0084448027 0 -0.00070775121 0 0)
(1.3827765e-09 0.0060309376 0 -0.0003607873 0 0)
(-2.9158914e-10 0.0036170143 0 -0.00012970656 0 0)
(-1.5815504e-09 0.0012052872 0 -1.4395878e-05 0 0)
(-1.6256033e-09 -0.0012052871 0 -1.4395853e-05 0 0)
(-3.3454119e-10 -0.0036170143 0 -0.0001297065 0 0)
(1.3433804e-09 -0.0060309376 0 -0.00036078726 0 0)
(5.6228608e-10 -0.0084448027 0 -0.00070775121 0 0)
(9.3828378e-10 0.0084448026 0 -0.00070775123 0 0)
(8.8298333e-10 0.0060309377 0 -0.00036078742 0 0)
(6.6550655e-11 0.0036170147 0 -0.0001297066 0 0)
(-1.8267812e-09 0.0012052874 0 -1.439577e-05 0 0)
(-1.8448923e-09 -0.0012052873 0 -1.439573e-05 0 0)
(-2.784804e-11 -0.0036170146 0 -0.00012970652 0 0)
(8.0649409e-10 -0.0060309377 0 -0.00036078735 0 0)
(9.1716126e-10 -0.0084448026 0 -0.00070775122 0 0)
(7.028157e-10 0.0084448022 0 -0.00070775121 0 0)
(1.5726805e-09 0.0060309378 0 -0.00036078754 0 0)
(-2.7769016e-10 0.0036170151 0 -0.00012970665 0 0)
(-1.8126834e-09 0.0012052877 0 -1.4395667e-05 0 0)
(-1.8855425e-09 -0.0012052875 0 -1.4395611e-05 0 0)
(-3.8912877e-10 -0.003617015 0 -0.00012970653 0 0)
(1.4700787e-09 -0.0060309378 0 -0.00036078744 0 0)
(6.5812269e-10 -0.0084448022 0 -0.00070775119 0 0)
(1.069447e-09 0.008444802 0 -0.00070775124 0 0)
(1.0905766e-09 0.0060309379 0 -0.00036078768 0 0)
(8.4586769e-11 0.0036170155 0 -0.00012970671 0 0)
(-2.0697828e-09 0.0012052879 0 -1.4395547e-05 0 0)
(-2.123425e-09 -0.0012052877 0 -1.4395472e-05 0 0)
(-9.1288768e-11 -0.0036170154 0 -0.00012970654 0 0)
(9.3559039e-10 -0.0060309379 0 -0.00036078754 0 0)
(1.0173422e-09 -0.008444802 0 -0.00070775119 0 0)
(8.4566819e-10 0.0084448015 0 -0.00070775122 0 0)
(1.7934384e-09 0.006030938 0 -0.00036078783 0 0)
(-2.551228e-10 0.003617016 0 -0.00012970677 0 0)
(-2.0645051e-09 0.0012052882 0 -1.4395438e-05 0 0)
(-2.1766795e-09 -0.001205288 0 -1.4395342e-05 0 0)
(-4.6128645e-10 -0.0036170159 0 -0.00012970656 0 0)
(1.5976841e-09 -0.006030938 0 -0.00036078763 0 0)
(7.6222307e-10 -0.0084448016 0 -0.00070775116 0 0)
(1.2240197e-09 0.0084448014 0 -0.00070775124 0 0)
(1.3242476e-09 0.0060309382 0 -0.00036078798 0 0)
(1.0900051e-10 0.0036170165 0 -0.00012970684 0 0)
(-2.3292607e-09 0.0012052885 0 -1.4395312e-05 0 0)
(-2.4270235e-09 -0.0012052881 0 -1.4395193e-05 0 0)
(-1.6993782e-10 -0.0036170164 0 -0.00012970657 0 0)
(1.0618526e-09 -0.0060309382 0 -0.00036078773 0 0)
(1.1248791e-09 -0.0084448014 0 -0.00070775116 0 0)
(1.0104599e-09 0.0084448008 0 -0.00070775122 0 0)
(2.0307769e-09 0.0060309382 0 -0.00036078814 0 0)
(-2.3073555e-10 0.003617017 0 -0.00012970691 0 0)
(-2.3272214e-09 0.0012052888 0 -1.4395204e-05 0 0)
(-2.4845209e-09 -0.0012052885 0 -1.4395059e-05 0 0)
(-5.4442175e-10 -0.0036170169 0 -0.00012970659 0 0)
(1.7188581e-09 -0.0060309383 0 -0.00036078782 0 0)
(8.719856e-10 -0.008444801 0 -0.00070775112 0 0)
(1.3967911e-09 0.0084448006 0 -0.00070775124 0 0)
(1.5593915e-09 0.0060309384 0 -0.00036078829 0 0)
(1.2912829e-10 0.0036170175 0 -0.00012970698 0 0)
(-2.5902977e-09 0.001205289 0 -1.4395079e-05 0 0)
(-2.7327331e-09 -0.0012052887 0 -1.4394918e-05 0 0)
(-2.5136457e-10 -0.0036170174 0 -0.0001297066 0 0)
(1.1757071e-09 -0.0060309385 0 -0.00036078792 0 0)
(1.2357558e-09 -0.0084448008 0 -0.00070775111 0 0)
(1.1872609e-09 0.0084448 0 -0.00070775121 0 0)
(2.2463596e-09 0.0060309385 0 -0.00036078844 0 0)
(-2.2015825e-10 0.0036170181 0 -0.00012970705 0 0)
(-2.5823444e-09 0.0012052893 0 -1.4394982e-05 0 0)
(-2.7819274e-09 -0.0012052892 0 -1.4394788e-05 0 0)
(-6.1709174e-10 -0.003617018 0 -0.00012970665 0 0)
(1.8228112e-09 -0.0060309386 0 -0.00036078801 0 0)
(9.8199885e-10 -0.0084448003 0 -0.00070775106 0 0)
(1.5689645e-09 0.0084447997 0 -0.00070775121 0 0)
(1.740205e-09 0.0060309386 0 -0.00036078856 0 0)
(1.2468065e-10 0.0036170187 0 -0.00012970712 0 0)
(-2.8292829e-09 0.0012052896 0 -1.439487e-05 0 0)
(-3.004492e-09 -0.0012052894 0 -1.4394683e-05 0 0)
(-3.0393316e-10 -0.0036170186 0 -0.00012970668 0 0)
(1.2643252e-09 -0.0060309388 0 -0.00036078811 0 0)
(1.3413657e-09 -0.0084448001 0 -0.00070775102 0 0)
(1.3496268e-09 0.0084447991 0 -0.00070775115 0 0)
(2.3679755e-09 0.0060309387 0 -0.00036078865 0 0)
(-2.4808171e-10 0.0036170193 0 -0.00012970716 0 0)
(-2.8079098e-09 0.0012052899 0 -1.4394795e-05 0 0)
(-3.036302e-09 -0.0012052899 0 -1.4394561e-05 0 0)
(-6.304501e-10 -0.0036170193 0 -0.00012970679 0 0)
(1.8980881e-09 -0.006030939 0 -0.00036078817 0 0)
(1.0821069e-09 -0.0084447996 0 -0.00070775097 0 0)
(1.69811e-09 0.0084447987 0 -0.0007077511 0 0)
(1.7745406e-09 0.0060309389 0 -0.00036078868 0 0)
(6.7946336e-11 0.0036170198 0 -0.00012970722 0 0)
(-3.022639e-09 0.0012052902 0 -1.4394707e-05 0 0)
(-3.1647643e-09 -0.0012052905 0 -1.4394571e-05 0 0)
(-2.628755e-10 -0.00361702 0 -0.00012970687 0 0)
(1.3215971e-09 -0.0060309391 0 -0.00036078827 0 0)
(1.4256343e-09 -0.0084447993 0 -0.00070775089 0 0)
(1.4475103e-09 0.0084447982 0 -0.000707751 0 0)
(2.3008801e-09 0.0060309389 0 -0.00036078868 0 0)
(-3.3974636e-10 0.0036170205 0 -0.00012970722 0 0)
(-2.9857798e-09 0.0012052906 0 -1.4394669e-05 0 0)
(-3.0799711e-09 -0.0012052903 0 -1.4394551e-05 0 0)
(-4.8824359e-10 -0.0036170208 0 -0.00012970711 0 0)
(1.9557379e-09 -0.0060309393 0 -0.00036078832 0 0)
(1.1581953e-09 -0.0084447988 0 -0.00070775082 0 0)
(1.7121365e-09 0.0084447978 0 -0.00070775085 0 0)
(1.577307e-09 0.0060309391 0 -0.00036078858 0 0)
(-6.0381774e-11 0.0036170211 0 -0.00012970726 0 0)
(-3.2401383e-09 0.0012052908 0 -1.4394528e-05 0 0)
(-3.1499916e-09 -0.0012052919 0 -1.4394662e-05 0 0)
(-1.1943087e-11 -0.0036170216 0 -0.00012970729 0 0)
(1.39783e-09 -0.0060309395 0 -0.00036078848 0 0)
(1.467514e-09 -0.0084447986 0 -0.00070775068 0 0)
(1.4143227e-09 0.0084447974 0 -0.00070775068 0 0)
(2.006203e-09 0.0060309392 0 -0.0003607885 0 0)
(-4.8982081e-10 0.003617022 0 -0.00012970725 0 0)
(-3.3378798e-09 0.0012052914 0 -1.4394374e-05 0 0)
(-3.1001622e-09 -0.0012052916 0 -1.4394576e-05 0 0)
(-1.5127601e-11 -0.0036170225 0 -0.0001297078 0 0)
(2.1188088e-09 -0.0060309396 0 -0.0003607886 0 0)
(1.2077434e-09 -0.0084447982 0 -0.0007077506 0 0)
(1.5318047e-09 0.0084447972 0 -0.00070775038 0 0)
(1.227245e-09 0.0060309394 0 -0.00036078835 0 0)
(-2.2660293e-10 0.0036170228 0 -0.0001297073 0 0)
(-3.8835328e-09 0.0012052917 0 -1.4393926e-05 0 0)
(-3.3604338e-09 -0.001205294 0 -1.4394536e-05 0 0)
(6.3896531e-10 -0.0036170237 0 -0.00012970816 0 0)
(1.7611686e-09 -0.0060309398 0 -0.000360789 0 0)
(1.4696996e-09 -0.008444798 0 -0.00070775038 0 0)
(1.221128e-09 0.0084447969 0 -0.00070775016 0 0)
(1.7738042e-09 0.0060309396 0 -0.00036078843 0 0)
(-5.9076872e-10 0.003617024 0 -0.00012970737 0 0)
(-4.5312964e-09 0.0012052924 0 -1.4393236e-05 0 0)
(-3.8391714e-09 -0.0012052943 0 -1.4393898e-05 0 0)
(1.102815e-09 -0.0036170251 0 -0.0001297092 0 0)
(2.8712691e-09 -0.00603094 0 -0.00036078953 0 0)
(1.2977764e-09 -0.0084447976 0 -0.00070775036 0 0)
(1.1799325e-09 0.0084447969 0 -0.0007077497 0 0)
(1.3998116e-09 0.00603094 0 -0.00036078871 0 0)
(-2.6614059e-10 0.0036170256 0 -0.00012970754 0 0)
(-6.0983715e-09 0.0012052932 0 -1.4391766e-05 0 0)
(-5.1041004e-09 -0.0012052974 0 -1.4392897e-05 0 0)
(2.0324e-09 -0.0036170272 0 -0.00012970989 0 0)
(3.3059099e-09 -0.0060309403 0 -0.00036079076 0 0)
(1.5649486e-09 -0.0084447975 0 -0.0007077501 0 0)
(1.03369e-09 0.0084447968 0 -0.00070774959 0 0)
(2.7966425e-09 0.0060309406 0 -0.00036078972 0 0)
(-3.5293989e-10 0.0036170279 0 -0.00012970794 0 0)
(-8.1721204e-09 0.0012052944 0 -1.4389654e-05 0 0)
(-7.3368469e-09 -0.0012052987 0 -1.4390531e-05 0 0)
(3.3419918e-09 -0.0036170307 0 -0.00012971188 0 0)
(5.5864014e-09 -0.0060309407 0 -0.00036079257 0 0)
(1.7020713e-09 -0.0084447969 0 -0.0007077503 0 0)
(1.0857805e-09 0.008444797 0 -0.00070774921 0 0)
(4.2773226e-09 0.0060309418 0 -0.00036079193 0 0)
(2.4440242e-10 0.0036170315 0 -0.00012970852 0 0)
(-1.3067036e-08 0.001205297 0 -1.4384894e-05 0 0)
(-1.3036632e-08 -0.0012053041 0 -1.4385074e-05 0 0)
(4.7816508e-09 -0.0036170353 0 -0.00012971327 0 0)
(8.4325335e-09 -0.0060309415 0 -0.00036079624 0 0)
(2.2992613e-09 -0.0084447966 0 -0.00070775032 0 0)
(1.53828e-09 0.0084447966 0 -0.00070774957 0 0)
(8.2111105e-09 0.0060309431 0 -0.00036079568 0 0)
(8.7771774e-10 0.0036170386 0 -0.00012970988 0 0)
(-2.1940305e-08 0.0012053023 0 -1.4376029e-05 0 0)
(-1.9507899e-08 -0.0012053087 0 -1.4378613e-05 0 0)
(7.2128375e-09 -0.0036170442 0 -0.00012971651 0 0)
(1.3456332e-08 -0.0060309425 0 -0.00036080109 0 0)
(3.1955818e-09 -0.0084447954 0 -0.00070775106 0 0)
(2.7562025e-09 0.0084447959 0 -0.00070775027 0 0)
(1.553814e-08 0.006030946 0 -0.0003608039 0 0)
(2.2273093e-09 0.0036170475 0 -0.00012971146 0 0)
(-3.4469263e-08 0.0012053107 0 -1.4363795e-05 0 0)
(-3.3655164e-08 -0.0012053182 0 -1.4364551e-05 0 0)
(9.577243e-09 -0.0036170547 0 -0.00012971939 0 0)
(2.2511538e-08 -0.0060309448 0 -0.00036081096 0 0)
(5.2207941e-09 -0.0084447934 0 -0.00070775242 0 0)
(4.7052238e-09 0.0084447938 0 -0.00070775181 0 0)
(2.4916515e-08 0.0060309483 0 -0.00036081347 0 0)
(4.1390667e-09 0.0036170659 0 -0.00012971467 0 0)
(-5.7320782e-08 0.0012053236 0 -1.4340823e-05 0 0)
(-5.0804851e-08 -0.0012053294 0 -1.4347763e-05 0 0)
(1.3296469e-08 -0.0036170755 0 -0.00012972408 0 0)
(3.3238845e-08 -0.0060309466 0 -0.0003608222 0 0)
(7.7684395e-09 -0.0084447902 0 -0.00070775429 0 0)
(9.7619073e-09 0.0084447888 0 -0.00070775598 0 0)
(4.5304903e-08 0.0060309548 0 -0.00036083524 0 0)
(7.5981766e-09 0.0036170883 0 -0.00012971899 0 0)
(-8.1836622e-08 0.0012053395 0 -1.4316938e-05 0 0)
(-8.1136804e-08 -0.0012053481 0 -1.4317221e-05 0 0)
(1.6975657e-08 -0.0036170982 0 -0.00012972945 0 0)
(5.6383644e-08 -0.0060309524 0 -0.0003608461 0 0)
(1.3647617e-08 -0.0084447831 0 -0.00070775927 0 0)
(1.5035235e-08 0.0084447821 0 -0.0007077602 0 0)
(6.4562508e-08 0.0060309581 0 -0.00036085525 0 0)
(1.1492147e-08 0.0036171278 0 -0.00012972521 0 0)
(-1.2480099e-07 0.0012053639 0 -1.4273623e-05 0 0)
(-1.2061156e-07 -0.0012053717 0 -1.4278755e-05 0 0)
(2.216557e-08 -0.0036171433 0 -0.00012973595 0 0)
(7.7555378e-08 -0.0060309549 0 -0.00036086903 0 0)
(1.9587965e-08 -0.0084447746 0 -0.00070776346 0 0)
(2.7302137e-08 0.0084447654 0 -0.00070777065 0 0)
(1.1046067e-07 0.006030971 0 -0.00036090329 0 0)
(1.8342171e-08 0.0036171728 0 -0.00012973394 0 0)
(-1.7693602e-07 0.0012053967 0 -1.4222703e-05 0 0)
(-1.7816563e-07 -0.0012054056 0 -1.4220417e-05 0 0)
(2.7166314e-08 -0.0036171865 0 -0.00012974463 0 0)
(1.2533375e-07 -0.0060309661 0 -0.00036091758 0 0)
(3.2808626e-08 -0.0084447551 0 -0.00070777517 0 0)
(4.0266567e-08 0.0084447472 0 -0.00070778105 0 0)
(1.4623939e-07 0.0060309736 0 -0.0003609408 0 0)
(2.4892048e-08 0.0036172557 0 -0.00012974487 0 0)
(-2.4876087e-07 0.0012054397 0 -1.4150159e-05 0 0)
(-2.5368702e-07 -0.0012054494 0 -1.4146842e-05 0 0)
(3.3092969e-08 -0.0036172724 0 -0.00012975254 0 0)
(1.6082813e-07 -0.0060309682 0 -0.00036095659 0 0)
(4.5247609e-08 -0.0084447352 0 -0.00070778384 0 0)
(6.3457931e-08 0.0084447059 0 -0.00070780048 0 0)
(2.3115698e-07 0.0060309949 0 -0.00036102888 0 0)
(3.5310254e-08 0.0036173306 0 -0.00012975849 0 0)
(-3.4327845e-07 0.0012054992 0 -1.4057631e-05 0 0)
(-3.4636822e-07 -0.0012055043 0 -1.4052615e-05 0 0)
(3.9071945e-08 -0.0036173463 0 -0.00012976505 0 0)
(2.451202e-07 -0.006030987 0 -0.00036104152 0 0)
(6.9634952e-08 -0.0084446915 0 -0.00070780537 0 0)
(8.9966613e-08 0.0084446638 0 -0.00070782152 0 0)
(2.8811469e-07 0.0060309934 0 -0.00036108875 0 0)
(4.2338138e-08 0.0036174783 0 -0.00012977287 0 0)
(-4.4399548e-07 0.0012055639 0 -1.395568e-05 0 0)
(-4.6524881e-07 -0.0012055751 0 -1.3936841e-05 0 0)
(4.3192745e-08 -0.0036174905 0 -0.00012977216 0 0)
(2.9652343e-07 -0.0060309854 0 -0.00036109863 0 0)
(9.3539571e-08 -0.0084446489 0 -0.00070782208 0 0)
(1.2551716e-07 0.0084445841 0 -0.00070785018 0 0)
(4.2003531e-07 0.0060310235 0 -0.00036122504 0 0)
(5.7159141e-08 0.003617588 0 -0.00012979252 0 0)
(-5.9149884e-07 0.00120566 0 -1.3811002e-05 0 0)
(-5.9226609e-07 -0.0012056546 0 -1.3807413e-05 0 0)
(4.9140748e-08 -0.0036176038 0 -0.00012978812 0 0)
(4.2478964e-07 -0.0060310122 0 -0.00036122741 0 0)
(1.2985254e-07 -0.0084445651 0 -0.00070785289 0 0)
(1.6824234e-07 0.0084445011 0 -0.00070788267 0 0)
(4.9401972e-07 0.0060310093 0 -0.00036130278 0 0)
(5.859733e-08 0.0036178093 0 -0.00012980458 0 0)
(-7.0446126e-07 0.0012057429 0 -1.3696241e-05 0 0)
(-7.596593e-07 -0.0012057614 0 -1.364425e-05 0 0)
(4.6289994e-08 -0.0036178187 0 -0.00012978975 0 0)
(4.8662755e-07 -0.0060310015 0 -0.00036129701 0 0)
(1.7028291e-07 -0.0084444857 0 -0.00070788113 0 0)
(2.1780839e-07 0.0084443651 0 -0.00070792037 0 0)
(6.726299e-07 0.0060310503 0 -0.00036148746 0 0)
(7.7665623e-08 0.0036179544 0 -0.00012983035 0 0)
(-9.097445e-07 0.0012058854 0 -1.349441e-05 0 0)
(-9.0342968e-07 -0.0012058626 0 -1.3497281e-05 0 0)
(5.0459472e-08 -0.0036179708 0 -0.00012980714 0 0)
(6.5228873e-07 -0.0060310341 0 -0.00036146334 0 0)
(2.1559187e-07 -0.0084443484 0 -0.0007079167 0 0)
(2.6893241e-07 0.0084442282 0 -0.00070795513 0 0)
(7.5153068e-07 0.0060310087 0 -0.00036157037 0 0)
(7.0126196e-08 0.0036182558 0 -0.00012983707 0 0)
(-1.0080566e-06 0.0012059767 0 -1.3393596e-05 0 0)
(-1.1043064e-06 -0.0012060073 0 -1.3301265e-05 0 0)
(3.5083051e-08 -0.0036182418 0 -0.0001297978 0 0)
(7.0557487e-07 -0.0060309992 0 -0.00036152493 0 0)
(2.6710428e-07 -0.0084442181 0 -0.00070794994 0 0)
(3.3477112e-07 0.0084440282 0 -0.00070800244 0 0)
(9.4025988e-07 0.0060310483 0 -0.00036176721 0 0)
(6.891343e-08 0.0036184727 0 -0.0001298461 0 0)
(-1.2282748e-06 0.0012061542 0 -1.3176714e-05 0 0)
(-1.1924081e-06 -0.0012060943 0 -1.3209553e-05 0 0)
(4.8125895e-08 -0.0036183847 0 -0.00012982467 0 0)
(9.1007037e-07 -0.0060310552 0 -0.00036173303 0 0)
(3.260126e-07 -0.0084440204 0 -0.00070799322 0 0)
(3.9010036e-07 0.0084438187 0 -0.00070803337 0 0)
(9.6916623e-07 0.0060309913 0 -0.00036179783 0 0)
(5.2762684e-08 0.003618758 0 -0.00012984557 0 0)
(-1.2391599e-06 0.001206207 0 -1.3164167e-05 0 0)
(-1.1886197e-06 -0.0012061697 0 -1.321915e-05 0 0)
(1.1044183e-08 -0.0036186967 0 -0.00012979649 0 0)
(9.1121366e-07 -0.0060309868 0 -0.00036173896 0 0)
(3.6796715e-07 -0.0084438273 0 -0.00070801009 0 0)
(4.3807314e-07 0.0084435762 0 -0.00070805454 0 0)
(9.705569e-07 0.0060309514 0 -0.00036179545 0 0)
(3.22168e-08 0.0036189277 0 -0.00012983547 0 0)
(-1.4173772e-06 0.0012064143 0 -1.3001183e-05 0 0)
(-1.3652245e-06 -0.0012063431 0 -1.3047494e-05 0 0)
(-5.5212155e-09 -0.0036188656 0 -0.00012979696 0 0)
(9.3063348e-07 -0.0060309642 0 -0.00036175401 0 0)
(4.1416716e-07 -0.00844359 0 -0.00070803226 0 0)
(4.490615e-07 0.0084433393 0 -0.00070803664 0 0)
(9.4266133e-07 0.0060309121 0 -0.00036176442 0 0)
(1.4473352e-08 0.003618966 0 -0.00012982309 0 0)
(-1.2650112e-06 0.0012064964 0 -1.3180038e-05 0 0)
(-1.3334976e-06 -0.0012064817 0 -1.31121e-05 0 0)
(-3.1981155e-08 -0.0036189551 0 -0.00012977463 0 0)
(8.8509872e-07 -0.0060309139 0 -0.00036170624 0 0)
(4.2691926e-07 -0.0084433604 0 -0.00070801586 0 0)
(4.3285409e-07 0.0084431578 0 -0.00070800609 0 0)
(7.0814695e-07 0.0060308118 0 -0.00036151703 0 0)
(-4.1907425e-08 0.0036190798 0 -0.0001297787 0 0)
(-9.5333853e-07 0.0012064842 0 -1.3552804e-05 0 0)
(-9.4478946e-07 -0.0012064502 0 -1.355837e-05 0 0)
(-8.6150784e-08 -0.0036190845 0 -0.00012973337 0 0)
(6.7674576e-07 -0.0060308437 0 -0.00036148489 0 0)
(4.0730778e-07 -0.0084431848 0 -0.00070798197 0 0)
(4.1657039e-07 0.0084429978 0 -0.00070797332 0 0)
(5.0583953e-07 0.0060308632 0 -0.00036127065 0 0)
(-1.3766454e-07 0.0036192131 0 -0.00012975239 0 0)
(-7.0273028e-07 0.0012065649 0 -1.4016107e-05 0 0)
(-7.2021988e-07 -0.0012065335 0 -1.3985273e-05 0 0)
(-1.753688e-07 -0.0036192067 0 -0.00012972676 0 0)
(4.430283e-07 -0.0060308742 0 -0.00036120039 0 0)
(3.8413798e-07 -0.0084430426 0 -0.00070794405 0 0)
(4.0853283e-07 0.0084428296 0 -0.00070768709 0 0)
(1.3863989e-07 0.006030985 0 -0.00036047606 0 0)
(-2.1093906e-07 0.0036193848 0 -0.00012994529 0 0)
(-3.2510965e-07 0.0012066069 0 -1.5478316e-05 0 0)
(-3.3729664e-07 -0.0012065727 0 -1.5450877e-05 0 0)
(-2.440058e-07 -0.0036193674 0 -0.00012995755 0 0)
(9.321973e-08 -0.006031007 0 -0.00036045203 0 0)
(3.7404433e-07 -0.008442883 0 -0.00070766657 0 0)
(3.8382477e-07 0.0084430687 0 -0.00070749332 0 0)
(1.2281584e-07 0.0060310046 0 -0.0003603167 0 0)
(-2.0115708e-07 0.0036190833 0 -0.00012994217 0 0)
(-3.4618191e-07 0.0012064357 0 -1.5526425e-05 0 0)
(-3.611769e-07 -0.0012063973 0 -1.5479445e-05 0 0)
(-2.3191115e-07 -0.0036190778 0 -0.00012999252 0 0)
(7.7780235e-08 -0.0060310201 0 -0.00036029646 0 0)
(3.4859751e-07 -0.0084431315 0 -0.00070750143 0 0)
)
;

boundaryField
{
    left
    {
        type            fixedValue;
        value           uniform (0 0 0 0 0 0);
    }
    right
    {
        type            zeroGradient;
    }
    walls
    {
        type            zeroGradient;
    }
    frontAndBack
    {
        type            empty;
    }
}


// ************************************************************************* //
