/*--------------------------------*- C++ -*----------------------------------*\
| =========                 |                                                 |
| \\      /  F ield         | OpenFOAM: The Open Source CFD Toolbox           |
|  \\    /   O peration     | Version:  5.x                                   |
|   \\  /    A nd           | Web:      www.OpenFOAM.org                      |
|    \\/     M anipulation  |                                                 |
\*---------------------------------------------------------------------------*/
FoamFile
{
    version     2.0;
    format      ascii;
    class       volVectorField;
    location    "10";
    object      U;
}
// * * * * * * * * * * * * * * * * * * * * * * * * * * * * * * * * * * * * * //

dimensions      [0 1 -1 0 0 0 0];

internalField   nonuniform List<vector> 
1920
(
(-2.4991913e-07 1.4837847e-07 0)
(-5.4193195e-07 6.4374542e-08 0)
(-8.461535e-07 -3.0599053e-08 0)
(-4.0399355e-07 -8.5754334e-08 0)
(4.0466901e-07 -8.689766e-08 0)
(8.4655937e-07 -2.9563175e-08 0)
(5.4215591e-07 6.3689033e-08 0)
(2.4984754e-07 1.4862371e-07 0)
(-6.6141492e-08 2.3523818e-07 0)
(-1.1255387e-06 4.3175751e-07 0)
(-1.793284e-06 -6.7659677e-08 0)
(-9.1208089e-07 -6.2616827e-07 0)
(9.1367518e-07 -6.2397899e-07 0)
(1.7946664e-06 -6.9222503e-08 0)
(1.1257792e-06 4.3327022e-07 0)
(6.6433325e-08 2.3486228e-07 0)
(-1.2521423e-07 6.189198e-07 0)
(-1.6674023e-06 9.9315353e-07 0)
(-2.5422813e-06 -1.4804922e-07 0)
(-1.2096103e-06 -1.4429398e-06 0)
(1.2120182e-06 -1.4459393e-06 0)
(2.5437387e-06 -1.4461984e-07 0)
(1.6684747e-06 9.9180075e-07 0)
(1.2500052e-07 6.198787e-07 0)
(-1.7992743e-07 1.1058429e-06 0)
(-2.1131245e-06 1.6730504e-06 0)
(-2.9686181e-06 -2.7664848e-07 0)
(-1.4748314e-06 -2.502401e-06 0)
(1.4773402e-06 -2.4978169e-06 0)
(2.9707664e-06 -2.7924506e-07 0)
(2.1137122e-06 1.6766294e-06 0)
(1.8027087e-07 1.1053808e-06 0)
(-2.4516594e-07 1.7014889e-06 0)
(-2.3030922e-06 2.4386812e-06 0)
(-3.2782818e-06 -4.5622455e-07 0)
(-1.5252395e-06 -3.6838343e-06 0)
(1.5278188e-06 -3.6881224e-06 0)
(3.2799207e-06 -4.5052138e-07 0)
(2.3042503e-06 2.4372849e-06 0)
(2.4504547e-07 1.7032766e-06 0)
(-2.4175136e-07 2.3449586e-06 0)
(-2.4131169e-06 3.220486e-06 0)
(-3.280937e-06 -6.4165149e-07 0)
(-1.6151496e-06 -4.9282805e-06 0)
(1.6171528e-06 -4.922209e-06 0)
(3.2826446e-06 -6.4443444e-07 0)
(2.4136821e-06 3.2256485e-06 0)
(2.4197495e-07 2.3447112e-06 0)
(-2.5969429e-07 2.9827999e-06 0)
(-2.2999301e-06 4.0013144e-06 0)
(-3.237853e-06 -8.4130638e-07 0)
(-1.49648e-06 -6.1476458e-06 0)
(1.4979217e-06 -6.1523329e-06 0)
(3.2388174e-06 -8.3438003e-07 0)
(2.3005596e-06 4.0002763e-06 0)
(2.5970028e-07 2.9851328e-06 0)
(-2.2255578e-07 3.5913927e-06 0)
(-2.1708031e-06 4.7311816e-06 0)
(-2.9532554e-06 -1.0196687e-06 0)
(-1.4493901e-06 -7.3110142e-06 0)
(1.4499981e-06 -7.304582e-06 0)
(2.953753e-06 -1.0221699e-06 0)
(2.1710478e-06 4.7369561e-06 0)
(2.2257107e-07 3.5913963e-06 0)
(-2.1200042e-07 4.137406e-06 0)
(-1.8974004e-06 5.4035039e-06 0)
(-2.6864118e-06 -1.1902838e-06 0)
(-1.2452575e-06 -8.3571523e-06 0)
(1.2450547e-06 -8.3615239e-06 0)
(2.6863334e-06 -1.1833831e-06 0)
(1.8972823e-06 5.4028455e-06 0)
(2.1209873e-07 4.1398125e-06 0)
(-1.6496571e-07 4.6155091e-06 0)
(-1.6534844e-06 5.9884459e-06 0)
(-2.2811395e-06 -1.3271407e-06 0)
(-1.1207128e-06 -9.2851326e-06 0)
(1.1198095e-06 -9.2793306e-06 0)
(2.280365e-06 -1.3291949e-06 0)
(1.6533327e-06 5.993792e-06 0)
(1.6480662e-07 4.6156376e-06 0)
(-1.4216156e-07 5.012613e-06 0)
(-1.3449217e-06 6.4912496e-06 0)
(-1.9323244e-06 -1.4475244e-06 0)
(-9.0500894e-07 -1.0062722e-05 0)
(9.0339488e-07 -1.0066361e-05 0)
(1.9313191e-06 -1.4416862e-06 0)
(1.344207e-06 6.4907751e-06 0)
(1.4230253e-07 5.0146675e-06 0)
(-1.0173165e-07 5.3352418e-06 0)
(-1.0873225e-06 6.9003314e-06 0)
(-1.5373315e-06 -1.5347226e-06 0)
(-7.5718624e-07 -1.0707903e-05 0)
(7.5517822e-07 -1.0703339e-05 0)
(1.5356725e-06 -1.5364111e-06 0)
(1.0868625e-06 6.9045002e-06 0)
(1.0148754e-07 5.3353335e-06 0)
(-7.8162832e-08 5.5833309e-06 0)
(-8.2437783e-07 7.2297191e-06 0)
(-1.2113831e-06 -1.6058184e-06 0)
(-5.7734933e-07 -1.1211848e-05 0)
(5.7486782e-07 -1.1214661e-05 0)
(1.2097849e-06 -1.6016284e-06 0)
(8.233523e-07 7.2291689e-06 0)
(7.8300135e-08 5.5847834e-06 0)
(-5.0637113e-08 5.7697258e-06 0)
(-6.1320649e-07 7.4796642e-06 0)
(-9.0174299e-07 -1.6509359e-06 0)
(-4.4597516e-07 -1.1603023e-05 0)
(4.433519e-07 -1.1599894e-05 0)
(8.9964408e-07 -1.6524791e-06 0)
(6.1255291e-07 7.4823037e-06 0)
(5.0390161e-08 5.7696496e-06 0)
(-3.2339786e-08 5.9007012e-06 0)
(-4.2918276e-07 7.6676864e-06 0)
(-6.5422244e-07 -1.6847941e-06 0)
(-3.2087404e-07 -1.188586e-05 0)
(3.1796669e-07 -1.1887987e-05 0)
(6.5230095e-07 -1.6824191e-06 0)
(4.2806305e-07 7.6668083e-06 0)
(3.2440652e-08 5.9014714e-06 0)
(-1.7556e-08 5.9898985e-06 0)
(-2.8602704e-07 7.7991859e-06 0)
(-4.5108819e-07 -1.7015164e-06 0)
(-2.2469062e-07 -1.2089393e-05 0)
(2.2174096e-07 -1.2087618e-05 0)
(4.4880948e-07 -1.7032027e-06 0)
(2.8523676e-07 7.8002364e-06 0)
(1.7349234e-08 5.9895543e-06 0)
(-6.0491915e-09 6.0448038e-06 0)
(-1.7913411e-07 7.8906508e-06 0)
(-2.9292694e-07 -1.7125066e-06 0)
(-1.5169496e-07 -1.222284e-05 0)
(1.4857228e-07 -1.2224548e-05 0)
(2.9079098e-07 -1.7118701e-06 0)
(1.7800514e-07 7.8892048e-06 0)
(6.0970761e-09 6.0448996e-06 0)
(-6.3858387e-10 6.0764653e-06 0)
(-9.7934171e-08 7.9478435e-06 0)
(-1.8180948e-07 -1.7139593e-06 0)
(-9.1722584e-08 -1.2309642e-05 0)
(8.8574166e-08 -1.230899e-05 0)
(1.7943978e-07 -1.7160872e-06 0)
(9.7020967e-08 7.9473698e-06 0)
(4.7902598e-10 6.0757625e-06 0)
(5.3222593e-09 6.0907235e-06 0)
(-4.8471386e-08 7.9835265e-06 0)
(-9.6496323e-08 -1.7138289e-06 0)
(-5.7477206e-08 -1.2358132e-05 0)
(5.4221023e-08 -1.23597e-05 0)
(9.4207616e-08 -1.7147744e-06 0)
(4.7349042e-08 7.9812917e-06 0)
(-5.3274861e-09 6.0901712e-06 0)
(5.2771503e-09 6.0949035e-06 0)
(-1.0763485e-08 8.0016866e-06 0)
(-4.8628829e-08 -1.7093757e-06 0)
(-2.5134342e-08 -1.2384263e-05 0)
(2.1881771e-08 -1.2384522e-05 0)
(4.623048e-08 -1.712202e-06 0)
(9.7564422e-09 7.9997804e-06 0)
(-5.3989155e-09 6.093761e-06 0)
(7.8606604e-09 6.0924294e-06 0)
(4.1736686e-09 8.0107137e-06 0)
(-1.0640092e-08 -1.7055947e-06 0)
(-1.4574459e-08 -1.2393326e-05 0)
(1.133833e-08 -1.2394979e-05 0)
(8.311118e-09 -1.7079581e-06 0)
(-5.2601527e-09 8.0075281e-06 0)
(-7.9063501e-09 6.091255e-06 0)
(5.4042834e-09 6.0873235e-06 0)
(1.7423466e-08 8.012561e-06 0)
(1.6538142e-09 -1.7004168e-06 0)
(8.9879964e-10 -1.239458e-05 0)
(-4.0246078e-09 -1.2395552e-05 0)
(-3.9322744e-09 -1.7040934e-06 0)
(-1.8438301e-08 8.0093332e-06 0)
(-5.4963946e-09 6.0856939e-06 0)
(6.4976953e-09 6.081034e-06 0)
(1.5808416e-08 8.0119605e-06 0)
(1.4771381e-08 -1.6966792e-06 0)
(-4.299044e-10 -1.2390413e-05 0)
(-2.5093518e-09 -1.2392283e-05 0)
(-1.6916705e-08 -1.7002773e-06 0)
(-1.6776381e-08 8.0077796e-06 0)
(-6.563371e-09 6.0792849e-06 0)
(3.4393966e-09 6.0753295e-06 0)
(1.8419979e-08 8.0094327e-06 0)
(1.1123256e-08 -1.692846e-06 0)
(6.7955095e-09 -1.2385424e-05 0)
(-9.4662722e-09 -1.2386953e-05 0)
(-1.3048201e-08 -1.697376e-06 0)
(-1.9312543e-08 8.0050592e-06 0)
(-3.5026807e-09 6.0732303e-06 0)
(4.2066038e-09 6.0704913e-06 0)
(1.1169614e-08 8.0072546e-06 0)
(1.4207146e-08 -1.6903925e-06 0)
(8.9350866e-10 -1.2380104e-05 0)
(-3.1876748e-09 -1.2382217e-05 0)
(-1.5904719e-08 -1.6949847e-06 0)
(-1.1906856e-08 8.0021875e-06 0)
(-4.2712852e-09 6.0682629e-06 0)
(1.3484401e-09 6.0670579e-06 0)
(1.0904197e-08 8.0052261e-06 0)
(5.6597411e-09 -1.6882353e-06 0)
(5.146038e-09 -1.2376364e-05 0)
(-7.0274123e-09 -1.2378289e-05 0)
(-6.9908959e-09 -1.6934666e-06 0)
(-1.1545524e-08 7.9999775e-06 0)
(-1.3791224e-09 6.0645831e-06 0)
(2.2996412e-09 6.0648151e-06 0)
(3.1837086e-09 8.0042589e-06 0)
(6.4212346e-09 -1.6870981e-06 0)
(-1.7140701e-09 -1.2373808e-05 0)
(3.4218136e-10 -1.2376114e-05 0)
(-7.4543977e-09 -1.6923745e-06 0)
(-3.5960685e-09 7.998559e-06 0)
(-2.3476064e-09 6.0622575e-06 0)
(-1.5716658e-10 6.0637807e-06 0)
(3.3383851e-09 8.0039301e-06 0)
(-2.1878731e-09 -1.6862541e-06 0)
(2.0860765e-09 -1.2373072e-05 0)
(-2.9689517e-09 -1.2375233e-05 0)
(1.6015423e-09 -1.6919158e-06 0)
(-3.6476965e-09 7.9981595e-06 0)
(1.6171145e-10 6.061085e-06 0)
(1.0901819e-09 6.0636359e-06 0)
(-3.162183e-09 8.0045245e-06 0)
(-7.4263019e-10 -1.6860628e-06 0)
(-4.3985716e-09 -1.2373514e-05 0)
(4.0678594e-09 -1.2375908e-05 0)
(4.6635759e-10 -1.691668e-06 0)
(3.1126843e-09 7.9985356e-06 0)
(-1.1141688e-09 6.0609331e-06 0)
(-1.0254238e-09 6.0642577e-06 0)
(-1.7532297e-09 8.0056433e-06 0)
(-8.0150633e-09 -1.6860497e-06 0)
(-1.9879672e-10 -1.2375293e-05 0)
(3.4250606e-10 -1.2377533e-05 0)
(8.18991e-09 -1.6918162e-06 0)
(1.7874696e-09 7.9997364e-06 0)
(1.0632221e-09 6.061522e-06 0)
(4.6077472e-10 6.0653841e-06 0)
(-6.9413506e-09 8.0073492e-06 0)
(-5.2673451e-09 -1.6864201e-06 0)
(-6.0801208e-09 -1.2377819e-05 0)
(6.7268361e-09 -1.238018e-05 0)
(5.7017178e-09 -1.6920011e-06 0)
(7.2277569e-09 8.0014323e-06 0)
(-4.6157033e-10 6.0627217e-06 0)
(-1.4365975e-09 6.0669058e-06 0)
(-4.4506257e-09 8.0093411e-06 0)
(-1.1258831e-08 -1.686858e-06 0)
(-1.4003904e-09 -1.2381142e-05 0)
(2.4285513e-09 -1.238332e-05 0)
(1.2085919e-08 -1.6924148e-06 0)
(4.7775994e-09 8.0036547e-06 0)
(1.5009114e-09 6.0642998e-06 0)
(1.9565413e-10 6.0686487e-06 0)
(-8.7257837e-09 8.0116404e-06 0)
(-7.477962e-09 -1.687514e-06 0)
(-6.8353161e-09 -1.2384804e-05 0)
(8.2520947e-09 -1.2387022e-05 0)
(8.4694356e-09 -1.6927688e-06 0)
(9.2713267e-09 8.0061089e-06 0)
(-1.7954032e-10 6.0661829e-06 0)
(-1.585671e-09 6.0705556e-06 0)
(-5.5575651e-09 8.0140358e-06 0)
(-1.2630053e-08 -1.6881607e-06 0)
(-1.8381206e-09 -1.2388874e-05 0)
(3.4982123e-09 -1.2390882e-05 0)
(1.3919784e-08 -1.693255e-06 0)
(6.0876807e-09 8.0088488e-06 0)
(1.6669892e-09 6.0682102e-06 0)
(1.1853742e-10 6.0725209e-06 0)
(-9.3240788e-09 8.016568e-06 0)
(-8.2421273e-09 -1.6889354e-06 0)
(-7.0314086e-09 -1.2393016e-05 0)
(8.9376551e-09 -1.2395009e-05 0)
(9.5831955e-09 -1.6936462e-06 0)
(1.0028179e-08 8.011646e-06 0)
(-9.4082061e-11 6.0703589e-06 0)
(-1.6098326e-09 6.0745324e-06 0)
(-5.8143952e-09 8.0190846e-06 0)
(-1.2952052e-08 -1.6896549e-06 0)
(-1.8883322e-09 -1.2397338e-05 0)
(3.8904087e-09 -1.2399104e-05 0)
(1.4488647e-08 -1.6941223e-06 0)
(6.4465784e-09 8.0145731e-06 0)
(1.6983724e-09 6.0725265e-06 0)
(1.2098473e-10 6.0765255e-06 0)
(-9.3438336e-09 8.0216547e-06 0)
(-8.2834157e-09 -1.6904571e-06 0)
(-6.9827213e-09 -1.2401587e-05 0)
(9.0931688e-09 -1.2403308e-05 0)
(9.764189e-09 -1.6945025e-06 0)
(1.0106835e-08 8.0174625e-06 0)
(-9.6384844e-11 6.0747205e-06 0)
(-1.5861026e-09 6.0785162e-06 0)
(-5.7002836e-09 8.0241564e-06 0)
(-1.2801808e-08 -1.6911792e-06 0)
(-1.8064154e-09 -1.2405902e-05 0)
(3.8830601e-09 -1.2407394e-05 0)
(1.438779e-08 -1.6949478e-06 0)
(6.3434817e-09 8.0203931e-06 0)
(1.6737126e-09 6.076877e-06 0)
(1.4818411e-10 6.0804598e-06 0)
(-9.1385804e-09 8.0266806e-06 0)
(-8.0430514e-09 -1.6919628e-06 0)
(-6.8742192e-09 -1.2410079e-05 0)
(8.9474709e-09 -1.2411515e-05 0)
(9.4872182e-09 -1.6953106e-06 0)
(9.8785019e-09 8.023243e-06 0)
(-1.2968488e-10 6.0790171e-06 0)
(-1.5503683e-09 6.0823872e-06 0)
(-5.4666537e-09 8.0291177e-06 0)
(-1.2496092e-08 -1.6926537e-06 0)
(-1.7199214e-09 -1.2414272e-05 0)
(3.6624142e-09 -1.2415491e-05 0)
(1.3978683e-08 -1.6957308e-06 0)
(6.0520211e-09 8.0260879e-06 0)
(1.6314465e-09 6.0810997e-06 0)
(1.7746566e-10 6.084261e-06 0)
(-8.8777533e-09 8.0315711e-06 0)
(-7.7375603e-09 -1.6933968e-06 0)
(-6.7852742e-09 -1.2418307e-05 0)
(8.6477622e-09 -1.2419473e-05 0)
(9.0196905e-09 -1.6960852e-06 0)
(9.5378089e-09 8.0288383e-06 0)
(-1.6882117e-10 6.0831497e-06 0)
(-1.5159538e-09 6.0861188e-06 0)
(-5.2212908e-09 8.0339346e-06 0)
(-1.217443e-08 -1.6940419e-06 0)
(-1.6710264e-09 -1.242234e-05 0)
(3.3422741e-09 -1.2423309e-05 0)
(1.3454503e-08 -1.6964932e-06 0)
(5.705786e-09 8.0315613e-06 0)
(1.5875131e-09 6.0851393e-06 0)
(2.0207213e-10 6.0879249e-06 0)
(-8.6256356e-09 8.036317e-06 0)
(-7.4487791e-09 -1.6947351e-06 0)
(-6.7329808e-09 -1.2426213e-05 0)
(8.2824724e-09 -1.2427143e-05 0)
(8.4963643e-09 -1.69685e-06 0)
(9.1744324e-09 8.0341904e-06 0)
(-2.0473525e-10 6.0870919e-06 0)
(-1.4858695e-09 6.0897187e-06 0)
(-4.9975307e-09 8.0386122e-06 0)
(-1.1879884e-08 -1.69533e-06 0)
(-1.6582662e-09 -1.243008e-05 0)
(2.9888614e-09 -1.243084e-05 0)
(1.2908457e-08 -1.6972566e-06 0)
(5.3616211e-09 8.0367822e-06 0)
(1.5470799e-09 6.0889878e-06 0)
(2.2171617e-10 6.0914644e-06 0)
(-8.396438e-09 8.0409301e-06 0)
(-7.1924541e-09 -1.6959711e-06 0)
(-6.7064127e-09 -1.2433794e-05 0)
(7.9025277e-09 -1.2434531e-05 0)
(7.9784174e-09 -1.6976232e-06 0)
(8.8238071e-09 8.0392867e-06 0)
(-2.3539528e-10 6.0908469e-06 0)
(-1.4593667e-09 6.0932011e-06 0)
(-4.7967707e-09 8.0431641e-06 0)
(-1.1612666e-08 -1.6965163e-06 0)
(-1.6642002e-09 -1.2437501e-05 0)
(2.6392151e-09 -1.2438098e-05 0)
(1.2380691e-08 -1.6980345e-06 0)
(5.0391556e-09 8.0417499e-06 0)
(1.5108953e-09 6.0926548e-06 0)
(2.3800453e-10 6.0948924e-06 0)
(-8.1852224e-09 8.0454228e-06 0)
(-6.9587903e-09 -1.6971071e-06 0)
(-6.6870456e-09 -1.2441065e-05 0)
(7.5358566e-09 -1.2441657e-05 0)
(7.4897992e-09 -1.698414e-06 0)
(8.4963061e-09 8.0441346e-06 0)
(-2.6130787e-10 6.0944275e-06 0)
(-1.4348829e-09 6.0965766e-06 0)
(-4.6102959e-09 8.0475998e-06 0)
(-1.1359215e-08 -1.6976061e-06 0)
(-1.6700024e-09 -1.2444623e-05 0)
(2.3126992e-09 -1.2445102e-05 0)
(1.1885301e-08 -1.6988317e-06 0)
(4.7418823e-09 8.0464766e-06 0)
(1.4782517e-09 6.0961543e-06 0)
(2.5260408e-10 6.098217e-06 0)
(-7.9826156e-09 8.0498012e-06 0)
(-6.7325024e-09 -1.6981504e-06 0)
(-6.6585048e-09 -1.2448045e-05 0)
(7.1963309e-09 -1.2448537e-05 0)
(7.0368709e-09 -1.6992233e-06 0)
(8.1919996e-09 8.0487491e-06 0)
(-2.8360578e-10 6.0978474e-06 0)
(-1.4111073e-09 6.0998505e-06 0)
(-4.4287336e-09 8.0519221e-06 0)
(-1.1105405e-08 -1.698608e-06 0)
(-1.6614345e-09 -1.2451462e-05 0)
(2.0178853e-09 -1.2451866e-05 0)
(1.1424378e-08 -1.699646e-06 0)
(4.4672149e-09 8.0509784e-06 0)
(1.44818e-09 6.0994995e-06 0)
(2.6670591e-10 6.1014408e-06 0)
(-7.7805825e-09 8.0540651e-06 0)
(-6.5009152e-09 -1.6991108e-06 0)
(-6.6098837e-09 -1.2454751e-05 0)
(6.8892115e-09 -1.2455181e-05 0)
(6.6182231e-09 -1.7000467e-06 0)
(7.9074198e-09 8.0531467e-06 0)
(-3.0336562e-10 6.101119e-06 0)
(-1.3872149e-09 6.1030234e-06 0)
(-4.2452211e-09 8.0561278e-06 0)
(-1.0841165e-08 -1.6995324e-06 0)
(-1.6301525e-09 -1.2458032e-05 0)
(1.7567693e-09 -1.2458397e-05 0)
(1.0994916e-08 -1.7004711e-06 0)
(4.210863e-09 8.0552714e-06 0)
(1.4198445e-09 6.1027013e-06 0)
(2.8100178e-10 6.1045627e-06 0)
(-7.5739503e-09 8.0582093e-06 0)
(-6.2561127e-09 -1.6999987e-06 0)
(-6.5358394e-09 -1.2461192e-05 0)
(6.6145883e-09 -1.2461594e-05 0)
(6.2293847e-09 -1.7008764e-06 0)
(7.6384002e-09 8.0573426e-06 0)
(-3.214319e-10 6.1042517e-06 0)
(-1.3628029e-09 6.1060929e-06 0)
(-4.0558253e-09 8.0602105e-06 0)
(-1.0561125e-08 -1.7003894e-06 0)
(-1.572931e-09 -1.2464342e-05 0)
(1.527493e-09 -1.2464696e-05 0)
(1.0592097e-08 -1.7012982e-06 0)
(3.9685707e-09 8.0593699e-06 0)
(1.3926252e-09 6.1057681e-06 0)
(2.9581092e-10 6.1075796e-06 0)
(-7.3602257e-09 8.0622263e-06 0)
(-5.9945829e-09 -1.7008242e-06 0)
(-6.4354113e-09 -1.2467378e-05 0)
(6.3696472e-09 -1.2467775e-05 0)
(5.8650532e-09 -1.7017034e-06 0)
(7.381159e-09 8.0613501e-06 0)
(-3.3841631e-10 6.1072529e-06 0)
(-1.3377579e-09 6.1090556e-06 0)
(-3.858995e-09 8.0641616e-06 0)
(-1.0263752e-08 -1.7011889e-06 0)
(-1.4902361e-09 -1.24704e-05 0)
(1.3261688e-09 -1.2470764e-05 0)
(1.0210862e-08 -1.7021184e-06 0)
(3.7367264e-09 8.0632858e-06 0)
(1.3660987e-09 6.1087062e-06 0)
(3.1121515e-10 6.1104877e-06 0)
(-7.1389073e-09 8.0661075e-06 0)
(-5.7160826e-09 -1.7015964e-06 0)
(-6.3105757e-09 -1.2473313e-05 0)
(6.1501895e-09 -1.2473723e-05 0)
(5.5201517e-09 -1.7025189e-06 0)
(7.132645e-09 8.0651798e-06 0)
(-3.5474107e-10 6.1101278e-06 0)
(-1.3121401e-09 6.1119074e-06 0)
(-3.6548233e-09 8.0679729e-06 0)
(-9.9501598e-09 -1.701939e-06 0)
(-1.3848244e-09 -1.2476209e-05 0)
(1.1481035e-09 -1.2476596e-05 0)
(9.8466457e-09 -1.7029233e-06 0)
(3.5125192e-09 8.0670285e-06 0)
(1.3399971e-09 6.11152e-06 0)
(3.2716177e-10 6.1132831e-06 0)
(-6.9107849e-09 8.069845e-06 0)
(-5.4224696e-09 -1.7023231e-06 0)
(-6.1649794e-09 -1.2479001e-05 0)
(5.9516305e-09 -1.2479435e-05 0)
(5.1903143e-09 -1.7033152e-06 0)
(6.890593e-09 8.0688401e-06 0)
(-3.7068362e-10 6.1128803e-06 0)
(-1.2860995e-09 6.1146448e-06 0)
(-3.4444085e-09 8.0716369e-06 0)
(-9.6230416e-09 -1.7026469e-06 0)
(-1.260625e-09 -1.2481773e-05 0)
(9.8858534e-10 -1.2482191e-05 0)
(9.495695e-09 -1.7037056e-06 0)
(3.2939181e-09 8.0706056e-06 0)
(1.3141701e-09 6.1142128e-06 0)
(3.4353131e-10 6.1159626e-06 0)
(-6.6773843e-09 8.073432e-06 0)
(-5.1167629e-09 -1.7030105e-06 0)
(-6.0029907e-09 -1.2484444e-05 0)
(5.7696142e-09 -1.2484909e-05 0)
(4.8720719e-09 -1.7040856e-06 0)
(6.653463e-09 8.0723378e-06 0)
(-3.8641312e-10 6.1155132e-06 0)
(-1.2598237e-09 6.1172651e-06 0)
(-3.2293816e-09 8.0751478e-06 0)
(-9.2858704e-09 -1.7033182e-06 0)
(-1.1219519e-09 -1.2487093e-05 0)
(8.4334588e-10 -1.2487547e-05 0)
(9.1551605e-09 -1.7044597e-06 0)
(3.0795825e-09 8.0740229e-06 0)
(1.2885535e-09 6.116787e-06 0)
(3.6017823e-10 6.1185239e-06 0)
(-6.4405747e-09 8.0768636e-06 0)
(-4.8024737e-09 -1.7036636e-06 0)
(-5.8290644e-09 -1.2489645e-05 0)
(5.600348e-09 -1.2490142e-05 0)
(4.5628708e-09 -1.7048251e-06 0)
(6.4203357e-09 8.0756778e-06 0)
(-4.0201854e-10 6.1180287e-06 0)
(-1.2335076e-09 6.1197664e-06 0)
(-3.0115862e-09 8.0785013e-06 0)
(-8.942353e-09 -1.703957e-06 0)
(-9.7300446e-10 -1.2492172e-05 0)
(7.0878698e-10 -1.2492661e-05 0)
(8.8230612e-09 -1.705181e-06 0)
(2.8687473e-09 8.077285e-06 0)
(1.2631447e-09 6.1192447e-06 0)
(3.7695386e-10 6.1209657e-06 0)
(-6.2023134e-09 8.0801364e-06 0)
(-4.4831702e-09 -1.7042861e-06 0)
(-5.6473605e-09 -1.2494606e-05 0)
(5.4407415e-09 -1.2495134e-05 0)
(4.2609938e-09 -1.7055301e-06 0)
(6.1907932e-09 8.0788645e-06 0)
(-4.17531e-10 6.1204284e-06 0)
(-1.2073363e-09 6.122148e-06 0)
(-2.7928766e-09 8.0816951e-06 0)
(-8.5960901e-09 -1.7045667e-06 0)
(-8.175872e-10 -1.2497012e-05 0)
(5.8204828e-10 -1.2497533e-05 0)
(8.498176e-09 -1.7058666e-06 0)
(2.6611014e-09 8.0803956e-06 0)
(1.2379835e-09 6.1215876e-06 0)
(3.9371835e-10 6.1232878e-06 0)
(-5.9644885e-09 8.0832489e-06 0)
(-4.1622179e-09 -1.7048807e-06 0)
(-5.4615479e-09 -1.2499329e-05 0)
(5.2884181e-09 -1.2499885e-05 0)
(3.9654322e-09 -1.7061981e-06 0)
(5.9647995e-09 8.0819012e-06 0)
(-4.3294148e-10 6.1227143e-06 0)
(-1.1814775e-09 6.12441e-06 0)
(-2.5749985e-09 8.0847284e-06 0)
(-8.2503822e-09 -1.7051496e-06 0)
(-6.5898115e-10 -1.2501615e-05 0)
(4.6097472e-10 -1.2502165e-05 0)
(8.1799031e-09 -1.7065147e-06 0)
(2.4566712e-09 8.083358e-06 0)
(1.2131357e-09 6.1238173e-06 0)
(4.1034595e-10 6.1254907e-06 0)
(-5.7288307e-09 8.0862012e-06 0)
(-3.8426385e-09 -1.7054494e-06 0)
(-5.2747307e-09 -1.2503817e-05 0)
(5.1416505e-09 -1.2504396e-05 0)
(3.675738e-09 -1.706828e-06 0)
(5.7425898e-09 8.0847911e-06 0)
(-4.4821489e-10 6.1248879e-06 0)
(-1.156078e-09 6.1265535e-06 0)
(-2.3595239e-09 8.0876019e-06 0)
(-7.9081343e-09 -1.7057072e-06 0)
(-4.9991208e-10 -1.2505986e-05 0)
(3.440304e-10 -1.2506559e-05 0)
(7.8681118e-09 -1.7071244e-06 0)
(2.2557169e-09 8.0861751e-06 0)
(1.1886815e-09 6.1259356e-06 0)
(4.2672741e-10 6.1275759e-06 0)
(-5.4968683e-09 8.0889945e-06 0)
(-3.5270497e-09 -1.7059935e-06 0)
(-5.089448e-09 -1.2508074e-05 0)
(4.9992615e-09 -1.2508671e-05 0)
(3.3918777e-09 -1.7074192e-06 0)
(5.5245743e-09 8.0875372e-06 0)
(-4.633011e-10 6.1269511e-06 0)
(-1.1312629e-09 6.1285803e-06 0)
(-2.1478212e-09 8.0903177e-06 0)
(-7.5718213e-09 -1.7062407e-06 0)
(-3.425736e-10 -1.2510129e-05 0)
(2.3019021e-10 -1.2510718e-05 0)
(7.5630029e-09 -1.7076957e-06 0)
(2.0586432e-09 8.0888501e-06 0)
(1.1647061e-09 6.1279447e-06 0)
(4.4277015e-10 6.1295456e-06 0)
(-5.2699089e-09 8.0916317e-06 0)
(-3.217651e-09 -1.706514e-06 0)
(-4.9077157e-09 -1.2512105e-05 0)
(4.860513e-09 -1.2512714e-05 0)
(3.1141011e-09 -1.7079722e-06 0)
(5.3112583e-09 8.0901426e-06 0)
(-4.7814323e-10 6.1289062e-06 0)
(-1.1071362e-09 6.1304928e-06 0)
(-1.9410464e-09 8.092879e-06 0)
(-7.2434919e-09 -1.7067508e-06 0)
(-1.8867895e-10 -1.2514047e-05 0)
(1.1882958e-10 -1.2514648e-05 0)
(7.264988e-09 -1.7082292e-06 0)
(1.8659275e-09 8.091386e-06 0)
(1.1412927e-09 6.1298467e-06 0)
(4.5839775e-10 6.1314024e-06 0)
(-5.049039e-09 8.0941162e-06 0)
(-2.9162373e-09 -1.7070116e-06 0)
(-4.7310849e-09 -1.2515916e-05 0)
(4.7250008e-09 -1.251653e-05 0)
(2.8428302e-09 -1.7084876e-06 0)
(5.1031794e-09 8.0926104e-06 0)
(-4.926837e-10 6.1307556e-06 0)
(-1.0837815e-09 6.1322942e-06 0)
(-1.7401467e-09 8.0952897e-06 0)
(-6.9247906e-09 -1.7072382e-06 0)
(-3.9523214e-11 -1.2517748e-05 0)
(9.6237638e-12 -1.2518354e-05 0)
(6.9745902e-09 -1.7087259e-06 0)
(1.6780644e-09 8.0937862e-06 0)
(1.1185174e-09 6.1316443e-06 0)
(4.7354884e-10 6.1331498e-06 0)
(-4.8351322e-09 8.0964525e-06 0)
(-2.6242278e-09 -1.7074865e-06 0)
(-4.5607073e-09 -1.2519511e-05 0)
(4.5925616e-09 -1.2520125e-05 0)
(2.5785703e-09 -1.7089668e-06 0)
(4.9008607e-09 8.0949442e-06 0)
(-5.0686868e-10 6.132502e-06 0)
(-1.061264e-09 6.1339879e-06 0)
(-1.5458717e-09 8.0975546e-06 0)
(-6.6169915e-09 -1.7077031e-06 0)
(1.039534e-10 -1.2521237e-05 0)
(-9.7538277e-11 -1.2521842e-05 0)
(6.6923679e-09 -1.7091872e-06 0)
(1.4955254e-09 8.0960542e-06 0)
(1.0964471e-09 6.1333403e-06 0)
(4.8817596e-10 6.1347914e-06 0)
(-4.6288634e-09 8.0986456e-06 0)
(-2.3427006e-09 -1.7079393e-06 0)
(-4.3973972e-09 -1.2522897e-05 0)
(4.4631959e-09 -1.2523507e-05 0)
(2.3218427e-09 -1.7094113e-06 0)
(4.7047772e-09 8.0971476e-06 0)
(-5.2065038e-10 6.1341483e-06 0)
(-1.0396318e-09 6.1355778e-06 0)
(-1.3587887e-09 8.0996789e-06 0)
(-6.3210363e-09 -1.708146e-06 0)
(2.4110685e-10 -1.2524521e-05 0)
(-2.0262401e-10 -1.2525121e-05 0)
(6.4188578e-09 -1.7096147e-06 0)
(1.3187306e-09 8.0981938e-06 0)
(1.0751369e-09 6.1349378e-06 0)
(5.0224447e-10 6.1363311e-06 0)
(-4.430726e-09 8.1007009e-06 0)
(-2.0724305e-09 -1.7083703e-06 0)
(-4.241689e-09 -1.2526082e-05 0)
(4.3370074e-09 -1.2526683e-05 0)
(2.0731365e-09 -1.7098228e-06 0)
(4.5153346e-09 8.0992245e-06 0)
(-5.3398898e-10 6.1356978e-06 0)
(-1.0189174e-09 6.1370678e-06 0)
(-1.179299e-09 8.1016684e-06 0)
(-6.0375726e-09 -1.708567e-06 0)
(3.7153655e-10 -1.2527607e-05 0)
(-3.0551179e-10 -1.2528198e-05 0)
(6.154536e-09 -1.7100101e-06 0)
(1.1480316e-09 8.1002091e-06 0)
(1.0546298e-09 6.1364401e-06 0)
(5.1573108e-10 6.1377731e-06 0)
(-4.2410498e-09 8.1026243e-06 0)
(-1.8139262e-09 -1.7087796e-06 0)
(-4.0938871e-09 -1.2529072e-05 0)
(4.2141561e-09 -1.2529661e-05 0)
(1.832876e-09 -1.7102031e-06 0)
(4.3328567e-09 8.1011792e-06 0)
(-5.4685315e-10 6.1371539e-06 0)
(-9.991397e-10 6.1384623e-06 0)
(-1.0076566e-09 8.1035288e-06 0)
(-5.766992e-09 -1.7089666e-06 0)
(4.950395e-10 -1.2530502e-05 0)
(-4.0603265e-10 -1.253108e-05 0)
(5.8997936e-09 -1.7103754e-06 0)
(9.8370173e-10 8.1021043e-06 0)
(1.0349569e-09 6.1378508e-06 0)
(5.2862273e-10 6.1391218e-06 0)
(-4.0600206e-09 8.1044217e-06 0)
(-1.5674665e-09 -1.7091677e-06 0)
(-3.9541101e-09 -1.2531877e-05 0)
(4.0948238e-09 -1.253245e-05 0)
(1.6014002e-09 -1.7105541e-06 0)
(4.1575805e-09 8.103016e-06 0)
(-5.5922013e-10 6.1385201e-06 0)
(-9.8030526e-10 6.1397656e-06 0)
(-8.4398546e-10 8.1052662e-06 0)
(-5.5094657e-09 -1.7093451e-06 0)
(6.1157117e-10 -1.2533216e-05 0)
(-5.0400083e-10 -1.2533777e-05 0)
(5.6549222e-09 -1.7107124e-06 0)
(8.2593283e-10 8.1038839e-06 0)
(1.0161377e-09 6.1391733e-06 0)
(5.4091535e-10 6.1403814e-06 0)
(-3.8876974e-09 8.1060992e-06 0)
(-1.3331333e-09 -1.7095349e-06 0)
(-3.8223276e-09 -1.2534502e-05 0)
(3.9791892e-09 -1.2535057e-05 0)
(1.3789528e-09 -1.7108778e-06 0)
(3.9896554e-09 8.1047393e-06 0)
(-5.7107554e-10 6.1398e-06 0)
(-9.624101e-10 6.1409821e-06 0)
(-6.8829737e-10 8.1068867e-06 0)
(-5.2649781e-09 -1.7097028e-06 0)
(7.2121207e-10 -1.2535754e-05 0)
(-5.9923577e-10 -1.2536297e-05 0)
(5.4201087e-09 -1.711023e-06 0)
(6.7483609e-10 8.1055524e-06 0)
(9.981811e-10 6.1404115e-06 0)
(5.5261265e-10 6.1415564e-06 0)
(-3.7240317e-09 8.1076629e-06 0)
(-1.1108435e-09 -1.7098816e-06 0)
(-3.6983929e-09 -1.2536957e-05 0)
(3.8674112e-09 -1.2537491e-05 0)
(1.1656785e-09 -1.7111758e-06 0)
(3.8291472e-09 8.1063538e-06 0)
(-5.8241269e-10 6.1409974e-06 0)
(-9.4544116e-10 6.1421162e-06 0)
(-5.405084e-10 8.1083964e-06 0)
(-5.0333581e-09 -1.7100402e-06 0)
(8.2413964e-10 -1.2538126e-05 0)
(-6.915765e-10 -1.2538648e-05 0)
(5.195436e-09 -1.711309e-06 0)
(5.3044623e-10 8.1071143e-06 0)
(9.8108631e-10 6.1415689e-06 0)
(5.6372496e-10 6.142651e-06 0)
(-3.5688836e-09 8.1091186e-06 0)
(-9.0037683e-10 -1.7102083e-06 0)
(-3.582069e-09 -1.2539249e-05 0)
(3.7596181e-09 -1.2539761e-05 0)
(9.61625e-10 -1.7114501e-06 0)
(3.676044e-09 8.107864e-06 0)
(-5.9323194e-10 6.1421159e-06 0)
(-9.2937784e-10 6.143172e-06 0)
(-4.0045434e-10 8.109801e-06 0)
(-4.8143062e-09 -1.7103578e-06 0)
(9.2060456e-10 -1.2540339e-05 0)
(-7.8089158e-10 -1.2540839e-05 0)
(4.9808872e-09 -1.7115721e-06 0)
(3.9272754e-10 8.1085744e-06 0)
(9.6484422e-10 6.1426493e-06 0)
(5.7426818e-10 6.1436695e-06 0)
(-3.4220373e-09 8.1104724e-06 0)
(-7.0140201e-10 -1.7105156e-06 0)
(-3.4730519e-09 -1.2541386e-05 0)
(3.6559011e-09 -1.2541875e-05 0)
(7.6674815e-10 -1.7117023e-06 0)
(3.5302633e-09 8.1092746e-06 0)
(-6.0353973e-10 6.1431593e-06 0)
(-9.1419326e-10 6.1441538e-06 0)
(-2.6790536e-10 8.1111064e-06 0)
(-4.6074205e-09 -1.7106561e-06 0)
(1.010911e-09 -1.2542401e-05 0)
(-8.670843e-10 -1.2542879e-05 0)
(4.7763538e-09 -1.711814e-06 0)
(2.6158109e-10 8.1099372e-06 0)
(9.4943836e-10 6.1436564e-06 0)
(5.8426282e-10 6.144616e-06 0)
(-3.2832161e-09 8.1117297e-06 0)
(-5.1349931e-10 -1.7108038e-06 0)
(-3.3709893e-09 -1.2543375e-05 0)
(3.5563115e-09 -1.2543841e-05 0)
(5.8091994e-10 -1.711934e-06 0)
(3.3916608e-09 8.1105903e-06 0)
(-6.1334801e-10 6.1441311e-06 0)
(-8.9985541e-10 6.1450655e-06 0)
(-1.4257875e-10 8.1123182e-06 0)
(-4.4122186e-09 -1.7109357e-06 0)
(1.0954004e-09 -1.2544319e-05 0)
(-9.5009525e-10 -1.2544774e-05 0)
(4.5816446e-09 -1.7120362e-06 0)
(1.3685255e-10 8.1112072e-06 0)
(9.3484626e-10 6.1445938e-06 0)
(5.9373315e-10 6.1454944e-06 0)
(-3.1520946e-09 8.1128961e-06 0)
(-3.3618075e-10 -1.7110737e-06 0)
(-3.2754963e-09 -1.2545225e-05 0)
(3.4608605e-09 -1.2545667e-05 0)
(4.039374e-10 -1.7121467e-06 0)
(3.2600389e-09 8.1118154e-06 0)
(-6.226731e-10 6.145035e-06 0)
(-8.8632848e-10 6.1459112e-06 0)
(-2.415066e-11 8.1134416e-06 0)
(-4.2281571e-09 -1.7111972e-06 0)
(1.1744379e-09 -1.2546101e-05 0)
(-1.0299025e-09 -1.2546533e-05 0)
(4.3964964e-09 -1.7122401e-06 0)
(1.8340339e-11 8.1123889e-06 0)
(9.2104034e-10 6.1454649e-06 0)
(6.0270622e-10 6.1463085e-06 0)
(-3.0283108e-09 8.1139767e-06 0)
(-1.6890775e-10 -1.7113258e-06 0)
(-3.1861683e-09 -1.2546942e-05 0)
(3.3695205e-09 -1.254736e-05 0)
(2.3553247e-10 -1.7123419e-06 0)
(3.1351547e-09 8.1129543e-06 0)
(-6.3153519e-10 6.1458744e-06 0)
(-8.7357372e-10 6.1466943e-06 0)
(8.7733737e-11 8.1144816e-06 0)
(-4.0546488e-09 -1.7114412e-06 0)
(1.2484017e-09 -1.2547755e-05 0)
(-1.10652e-09 -1.2548163e-05 0)
(4.2205839e-09 -1.7124272e-06 0)
(-9.4196721e-11 8.1134867e-06 0)
(9.0798902e-10 6.1462731e-06 0)
(6.1121135e-10 6.1470619e-06 0)
(-2.9114756e-09 8.1149764e-06 0)
(-1.1106025e-11 -1.7115608e-06 0)
(-3.1025909e-09 -1.2548534e-05 0)
(3.2822276e-09 -1.2548929e-05 0)
(7.5381635e-11 -1.7125208e-06 0)
(3.016729e-09 8.1140113e-06 0)
(-6.399574e-10 6.1466526e-06 0)
(-8.6155027e-10 6.1474185e-06 0)
(1.934511e-10 8.1154431e-06 0)
(-3.8910768e-09 -1.7116683e-06 0)
(1.3176746e-09 -1.2549286e-05 0)
(-1.1799956e-09 -1.2549671e-05 0)
(4.0535308e-09 -1.7125986e-06 0)
(-2.0103191e-10 8.1145045e-06 0)
(8.9565766e-10 6.1470218e-06 0)
(6.1927934e-10 6.147758e-06 0)
(-2.8011817e-09 8.1158999e-06 0)
(1.378214e-10 -1.7117792e-06 0)
(-3.0243487e-09 -1.2550007e-05 0)
(3.1988857e-09 -1.2550379e-05 0)
(-7.6884182e-11 -1.7126846e-06 0)
(2.9044529e-09 8.1149905e-06 0)
(-6.4796524e-10 6.1473726e-06 0)
(-8.502161e-10 6.1480869e-06 0)
(2.9339255e-10 8.1163305e-06 0)
(-3.7368073e-09 -1.7118792e-06 0)
(1.3826369e-09 -1.2550701e-05 0)
(-1.250407e-09 -1.2551064e-05 0)
(3.894919e-09 -1.7127555e-06 0)
(-3.0246361e-10 8.1154465e-06 0)
(8.8400931e-10 6.1477138e-06 0)
(6.2694192e-10 6.1483998e-06 0)
(-2.6970109e-09 8.1167513e-06 0)
(2.7848354e-10 -1.7119817e-06 0)
(-2.9510311e-09 -1.2551366e-05 0)
(3.1193699e-09 -1.2551716e-05 0)
(-2.2167054e-10 -1.7128344e-06 0)
(2.797996e-09 8.1158957e-06 0)
(-6.5558604e-10 6.1480376e-06 0)
(-8.3952844e-10 6.1487026e-06 0)
(3.8795677e-10 8.1171479e-06 0)
(-3.5911991e-09 -1.7120745e-06 0)
(1.4436619e-09 -1.2552006e-05 0)
(-1.3178591e-09 -1.2552348e-05 0)
(3.7442988e-09 -1.7128988e-06 0)
(-3.9880906e-10 8.1163164e-06 0)
(8.7300547e-10 6.1483522e-06 0)
(6.3423152e-10 6.1489905e-06 0)
(-2.5985409e-09 8.1175348e-06 0)
(4.1149264e-10 -1.712169e-06 0)
(-2.8822376e-09 -1.2552619e-05 0)
(3.0435308e-09 -1.2552948e-05 0)
(-3.5941088e-10 -1.7129712e-06 0)
(2.6970114e-09 8.1167306e-06 0)
(-6.6284829e-10 6.1486503e-06 0)
(-8.294444e-10 6.1492686e-06 0)
(4.7754493e-10 8.1178992e-06 0)
(-3.4536125e-09 -1.7122547e-06 0)
(1.5011112e-09 -1.2553207e-05 0)
(-1.3824793e-09 -1.2553529e-05 0)
(3.6011967e-09 -1.7130295e-06 0)
(-4.9039866e-10 8.1171177e-06 0)
(8.6260678e-10 6.1489397e-06 0)
(6.4118061e-10 6.1495326e-06 0)
(-2.5053495e-09 8.118254e-06 0)
(5.3745659e-10 -1.7123416e-06 0)
(-2.8175809e-09 -1.255377e-05 0)
(2.9711989e-09 -1.2554079e-05 0)
(-4.9055859e-10 -1.7130957e-06 0)
(2.6011427e-09 8.1174987e-06 0)
(-6.6978131e-10 6.1492133e-06 0)
(-8.1992155e-10 6.1497873e-06 0)
(5.6255572e-10 8.118588e-06 0)
(-3.3234159e-09 -1.7124206e-06 0)
(1.5553329e-09 -1.2554309e-05 0)
(-1.4444142e-09 -1.2554612e-05 0)
(3.465124e-09 -1.7131485e-06 0)
(-5.7757086e-10 8.1178538e-06 0)
(8.5277342e-10 6.1494787e-06 0)
(6.478215e-10 6.1500288e-06 0)
(-2.4170202e-09 8.1189124e-06 0)
(6.5697335e-10 -1.7125001e-06 0)
(-2.7566902e-09 -1.2554824e-05 0)
(2.9021888e-09 -1.2555115e-05 0)
(-6.155799e-10 -1.7132088e-06 0)
(2.510028e-09 8.1182031e-06 0)
(-6.7641483e-10 6.1497291e-06 0)
(-8.1091811e-10 6.1502612e-06 0)
(6.4338185e-10 8.1192174e-06 0)
(-3.1999915e-09 -1.7125726e-06 0)
(1.6066593e-09 -1.2555316e-05 0)
(-1.5038253e-09 -1.2555602e-05 0)
(3.3355829e-09 -1.7132564e-06 0)
(-6.6066761e-10 8.1185277e-06 0)
(8.4346584e-10 6.1499717e-06 0)
(6.5418598e-10 6.1504813e-06 0)
(-2.3331445e-09 8.1195129e-06 0)
(7.7062597e-10 -1.712645e-06 0)
(-2.6992121e-09 -1.2555787e-05 0)
(2.8363029e-09 -1.255606e-05 0)
(-7.3494748e-10 -1.7133113e-06 0)
(2.4233046e-09 8.1188468e-06 0)
(-6.8277854e-10 6.1502e-06 0)
(-8.0239347e-10 6.1506926e-06 0)
(7.2040691e-10 8.1197906e-06 0)
(-3.0827395e-09 -1.7127114e-06 0)
(1.6554053e-09 -1.2556235e-05 0)
(-1.5608858e-09 -1.2556503e-05 0)
(3.2120737e-09 -1.7133539e-06 0)
(-7.4003049e-10 8.1191424e-06 0)
(8.3464477e-10 6.1504208e-06 0)
(6.6030524e-10 6.1508923e-06 0)
(-2.2533259e-09 8.1200586e-06 0)
(8.7897891e-10 -1.712777e-06 0)
(-2.6448123e-09 -1.2556662e-05 0)
(2.7733356e-09 -1.2556919e-05 0)
(-8.4913484e-10 -1.7134037e-06 0)
(2.3406132e-09 8.1194326e-06 0)
(-6.8890197e-10 6.150628e-06 0)
(-7.9430819e-10 6.1510834e-06 0)
(7.9400273e-10 8.1203101e-06 0)
(-2.971082e-09 -1.7128374e-06 0)
(1.7018686e-09 -1.2557067e-05 0)
(-1.6157766e-09 -1.255732e-05 0)
(3.0940997e-09 -1.7134417e-06 0)
(-8.1599738e-10 8.1197004e-06 0)
(8.2627197e-10 6.1508281e-06 0)
(6.6620956e-10 6.1512636e-06 0)
(-2.1771816e-09 8.1205519e-06 0)
(9.8257491e-10 -1.7128965e-06 0)
(-2.5931758e-09 -1.2557454e-05 0)
(2.7130764e-09 -1.2557695e-05 0)
(-9.58611e-10 -1.7134865e-06 0)
(2.2616005e-09 8.119963e-06 0)
(-6.9481408e-10 6.1510151e-06 0)
(-7.8662441e-10 6.1514354e-06 0)
(8.6452751e-10 8.1207784e-06 0)
(-2.8644652e-09 -1.7129512e-06 0)
(1.7463285e-09 -1.2557818e-05 0)
(-1.6686836e-09 -1.2558057e-05 0)
(2.9811724e-09 -1.7135201e-06 0)
(-8.8889916e-10 8.1202043e-06 0)
(8.1831024e-10 6.1511952e-06 0)
(6.719281e-10 6.151597e-06 0)
(-2.1043446e-09 8.1209951e-06 0)
(1.0819328e-09 -1.7130039e-06 0)
(-2.5440077e-09 -1.2558166e-05 0)
(2.6553132e-09 -1.2558392e-05 0)
(-1.063836e-09 -1.7135602e-06 0)
(2.1859229e-09 8.1204404e-06 0)
(-7.0054313e-10 6.1513629e-06 0)
(-7.7930595e-10 6.1517503e-06 0)
(9.3232363e-10 8.1211977e-06 0)
(-2.7623622e-09 -1.7130531e-06 0)
(1.7890466e-09 -1.2558491e-05 0)
(-1.7197941e-09 -1.2558716e-05 0)
(2.872816e-09 -1.7135896e-06 0)
(-9.5905703e-10 8.1206561e-06 0)
(8.1072381e-10 6.1515239e-06 0)
(6.774889e-10 6.151894e-06 0)
(-2.0344655e-09 8.1213904e-06 0)
(1.1775451e-09 -1.7130998e-06 0)
(-2.4970324e-09 -1.25588e-05 0)
(2.5998358e-09 -1.2559014e-05 0)
(-1.1652567e-09 -1.7136253e-06 0)
(2.1132488e-09 8.1208667e-06 0)
(-7.0611636e-10 6.151673e-06 0)
(-7.7231857e-10 6.1520295e-06 0)
(9.9771657e-10 8.12157e-06 0)
(-2.6642747e-09 -1.7131436e-06 0)
(1.8302663e-09 -1.2559088e-05 0)
(-1.769294e-09 -1.2559301e-05 0)
(2.7685714e-09 -1.7136507e-06 0)
(-1.0267803e-09 8.1210578e-06 0)
(8.0347848e-10 6.1518156e-06 0)
(6.8291862e-10 6.1521559e-06 0)
(-1.967214e-09 8.1217394e-06 0)
(1.2698767e-09 -1.7131844e-06 0)
(-2.4519943e-09 -1.2559361e-05 0)
(2.5464386e-09 -1.2559563e-05 0)
(-1.2633028e-09 -1.7136821e-06 0)
(2.0432608e-09 8.1212439e-06 0)
(-7.1155993e-10 6.1519468e-06 0)
(-7.6562997e-10 6.1522742e-06 0)
(1.0610134e-09 8.1218968e-06 0)
(-2.5697342e-09 -1.7132231e-06 0)
(1.8702133e-09 -1.2559612e-05 0)
(-1.8173653e-09 -1.2559814e-05 0)
(2.668e-09 -1.7137036e-06 0)
(-1.0923637e-09 8.1214112e-06 0)
(7.9654179e-10 6.1520717e-06 0)
(6.8824229e-10 6.152384e-06 0)
(-1.9022799e-09 8.1220438e-06 0)
(1.3593633e-09 -1.7132581e-06 0)
(-2.4086568e-09 -1.255985e-05 0)
(2.4949229e-09 -1.2560042e-05 0)
(-1.3583834e-09 -1.7137309e-06 0)
(1.9756584e-09 8.1215735e-06 0)
(-7.1689883e-10 6.1521855e-06 0)
(-7.592099e-10 6.1524856e-06 0)
(1.1225013e-09 8.1221798e-06 0)
(-2.4783039e-09 -1.7132919e-06 0)
(1.909096e-09 -1.2560066e-05 0)
(-1.8641829e-09 -1.2560258e-05 0)
(2.5706874e-09 -1.7137487e-06 0)
(-1.1560859e-09 8.1217179e-06 0)
(7.8988332e-10 6.1522931e-06 0)
(6.9348355e-10 6.1525792e-06 0)
(-1.8393746e-09 8.122305e-06 0)
(1.4464096e-09 -1.7133213e-06 0)
(-2.3668027e-09 -1.2560269e-05 0)
(2.4451002e-09 -1.2560452e-05 0)
(-1.4508833e-09 -1.713772e-06 0)
(1.9101597e-09 8.1218571e-06 0)
(-7.2215635e-10 6.1523902e-06 0)
(-7.5303035e-10 6.1526647e-06 0)
(1.1824468e-09 8.1224201e-06 0)
(-2.3895803e-09 -1.7133502e-06 0)
(1.9471055e-09 -1.2560451e-05 0)
(-1.9099122e-09 -1.2560635e-05 0)
(2.4762466e-09 -1.7137861e-06 0)
(-1.2182063e-09 8.1219791e-06 0)
(7.834748e-10 6.152481e-06 0)
(6.9866421e-10 6.1527425e-06 0)
(-1.7782321e-09 8.1225242e-06 0)
(1.5313883e-09 -1.7133743e-06 0)
(-2.3262334e-09 -1.2560621e-05 0)
(2.3967945e-09 -1.2560796e-05 0)
(-1.5411595e-09 -1.7138055e-06 0)
(1.8465039e-09 8.1220959e-06 0)
(-7.273542e-10 6.1525617e-06 0)
(-7.4706573e-10 6.1528122e-06 0)
(1.2410935e-09 8.122619e-06 0)
(-2.3031941e-09 -1.7133985e-06 0)
(1.9844158e-09 -1.256077e-05 0)
(-1.9547067e-09 -1.2560947e-05 0)
(2.3843216e-09 -1.713816e-06 0)
(-1.2789639e-09 8.1221962e-06 0)
(7.7729021e-10 6.1526363e-06 0)
(7.0380403e-10 6.1528746e-06 0)
(-1.7186107e-09 8.1227024e-06 0)
(1.6146377e-09 -1.7134172e-06 0)
(-2.286769e-09 -1.2560908e-05 0)
(2.3498449e-09 -1.2561075e-05 0)
(-1.6295378e-09 -1.7138317e-06 0)
(1.7844532e-09 8.1222911e-06 0)
(-7.3251232e-10 6.1527009e-06 0)
(-7.412929e-10 6.1529289e-06 0)
(1.2986618e-09 8.1227773e-06 0)
(-2.2188122e-09 -1.7134368e-06 0)
(2.0211835e-09 -1.2561024e-05 0)
(-1.9987048e-09 -1.2561194e-05 0)
(2.2945912e-09 -1.7138387e-06 0)
(-1.3385744e-09 8.12237e-06 0)
(7.7130602e-10 6.1527595e-06 0)
(7.0892068e-10 6.1529763e-06 0)
(-1.6602941e-09 8.1228404e-06 0)
(1.696461e-09 -1.7134504e-06 0)
(-2.2482482e-09 -1.256113e-05 0)
(2.3041079e-09 -1.2561291e-05 0)
(-1.7163089e-09 -1.7138506e-06 0)
(1.7237948e-09 8.1224436e-06 0)
(-7.3764851e-10 6.1528085e-06 0)
(-7.3569133e-10 6.1530154e-06 0)
(1.3553464e-09 8.1228958e-06 0)
(-2.1361392e-09 -1.7134654e-06 0)
(2.0575487e-09 -1.2561214e-05 0)
(-2.0420276e-09 -1.2561379e-05 0)
(2.2067722e-09 -1.7138541e-06 0)
(-1.3972284e-09 8.1225016e-06 0)
(7.6550134e-10 6.1528515e-06 0)
(7.1402966e-10 6.1530479e-06 0)
(-1.6030929e-09 8.122939e-06 0)
(1.7771235e-09 -1.7134739e-06 0)
(-2.2105281e-09 -1.2561288e-05 0)
(2.2594606e-09 -1.2561445e-05 0)
(-1.8017247e-09 -1.7138623e-06 0)
(1.6643438e-09 8.1225541e-06 0)
(-7.4277826e-10 6.1528851e-06 0)
(-7.3024321e-10 6.1530721e-06 0)
(1.4113151e-09 8.1229752e-06 0)
(-2.0549195e-09 -1.7134845e-06 0)
(2.0936338e-09 -1.2561341e-05 0)
(-2.0847754e-09 -1.2561502e-05 0)
(2.1206233e-09 -1.7138625e-06 0)
(-1.4550884e-09 8.1225917e-06 0)
(7.5985808e-10 6.1529127e-06 0)
(7.1914384e-10 6.15309e-06 0)
(-1.5468464e-09 8.1229989e-06 0)
(1.8568507e-09 -1.713488e-06 0)
(-2.1734841e-09 -1.2561385e-05 0)
(2.2158032e-09 -1.2561537e-05 0)
(-1.8859941e-09 -1.713867e-06 0)
(1.605945e-09 8.1226235e-06 0)
(-7.4791466e-10 6.1529311e-06 0)
(-7.249337e-10 6.1530995e-06 0)
(1.4667069e-09 8.1230162e-06 0)
(-1.9749393e-09 -1.7134943e-06 0)
(2.1295441e-09 -1.2561407e-05 0)
(-2.1270253e-09 -1.2561564e-05 0)
(2.0359497e-09 -1.7138637e-06 0)
(-1.5122862e-09 8.1226409e-06 0)
(7.5436134e-10 6.1529435e-06 0)
(7.2427333e-10 6.153103e-06 0)
(-1.491424e-09 8.1230204e-06 0)
(1.9358263e-09 -1.7134929e-06 0)
(-2.1370101e-09 -1.256142e-05 0)
(2.1730618e-09 -1.256157e-05 0)
(-1.9692786e-09 -1.7138647e-06 0)
(1.5484763e-09 8.1226523e-06 0)
(-7.5306782e-10 6.152947e-06 0)
(-7.1975098e-10 6.153098e-06 0)
(1.52163e-09 8.123019e-06 0)
(-1.8960282e-09 -1.7134949e-06 0)
(2.1653673e-09 -1.2561412e-05 0)
(-2.1688277e-09 -1.2561567e-05 0)
(1.9526064e-09 -1.713858e-06 0)
(-1.5689206e-09 8.1226498e-06 0)
(7.4899931e-10 6.1529444e-06 0)
(7.2942525e-10 6.1530872e-06 0)
(-1.4367274e-09 8.1230041e-06 0)
(2.0141895e-09 -1.7134887e-06 0)
(-2.1010179e-09 -1.2561395e-05 0)
(2.1311916e-09 -1.2561542e-05 0)
(-2.0516881e-09 -1.7138553e-06 0)
(1.4918506e-09 8.1226411e-06 0)
(-7.5824489e-10 6.1529331e-06 0)
(-7.1468639e-10 6.1530677e-06 0)
(1.5761596e-09 8.1229841e-06 0)
(-1.8180619e-09 -1.7134864e-06 0)
(2.2011732e-09 -1.2561357e-05 0)
(-2.210203e-09 -1.256151e-05 0)
(1.8705035e-09 -1.7138452e-06 0)
(-1.6250538e-09 8.1226189e-06 0)
(7.437636e-10 6.1529157e-06 0)
(7.3460345e-10 6.1530428e-06 0)
(-1.3826918e-09 8.1229503e-06 0)
(2.0920329e-09 -1.7134755e-06 0)
(-2.0654381e-09 -1.256131e-05 0)
(2.0901796e-09 -1.2561456e-05 0)
(-2.1332761e-09 -1.7138389e-06 0)
(1.4360187e-09 8.1225905e-06 0)
(-7.6344961e-10 6.1528898e-06 0)
(-7.0973475e-10 6.1530091e-06 0)
(1.6303367e-09 8.1229119e-06 0)
(-1.740964e-09 -1.7134691e-06 0)
(2.237014e-09 -1.2561242e-05 0)
(-2.2511382e-09 -1.2561394e-05 0)
(1.7896098e-09 -1.7138255e-06 0)
(-1.6807091e-09 8.1225488e-06 0)
(7.386495e-10 6.1528578e-06 0)
(7.3980811e-10 6.1529701e-06 0)
(-1.3292883e-09 8.1228593e-06 0)
(2.1694002e-09 -1.7134535e-06 0)
(-2.0302183e-09 -1.2561166e-05 0)
(2.0500482e-09 -1.2561311e-05 0)
(-2.2140349e-09 -1.7138155e-06 0)
(1.3809724e-09 8.1225008e-06 0)
(-7.6868194e-10 6.1528174e-06 0)
(-7.0489434e-10 6.1529222e-06 0)
(1.6841653e-09 8.1228027e-06 0)
(-1.6647073e-09 -1.713443e-06 0)
(2.2729239e-09 -1.2561068e-05 0)
(-2.2915835e-09 -1.256122e-05 0)
(1.7099574e-09 -1.7137987e-06 0)
(-1.7358674e-09 8.12244e-06 0)
(7.3365623e-10 6.1527709e-06 0)
(7.4503569e-10 6.1528694e-06 0)
(-1.2765242e-09 8.1227315e-06 0)
(2.2462844e-09 -1.7134229e-06 0)
(-1.9953235e-09 -1.2560964e-05 0)
(2.0108581e-09 -1.2561108e-05 0)
(-2.2938911e-09 -1.713785e-06 0)
(1.3267469e-09 8.1223726e-06 0)
(-7.7393781e-10 6.1527163e-06 0)
(-7.0016714e-10 6.1528075e-06 0)
(1.7376116e-09 8.1226568e-06 0)
(-1.5893153e-09 -1.7134084e-06 0)
(2.3089205e-09 -1.2560837e-05 0)
(-2.3314484e-09 -1.2560989e-05 0)
(1.6316458e-09 -1.7137648e-06 0)
(-1.7904647e-09 8.122293e-06 0)
(7.2878695e-10 6.1526555e-06 0)
(7.5027844e-10 6.1527409e-06 0)
(-1.2244454e-09 8.1225672e-06 0)
(2.322627e-09 -1.7133839e-06 0)
(-1.9607342e-09 -1.2560703e-05 0)
(1.9727114e-09 -1.2560848e-05 0)
(-2.3727018e-09 -1.7137475e-06 0)
(1.2734228e-09 8.1222066e-06 0)
(-7.7920877e-10 6.1525868e-06 0)
(-6.9555869e-10 6.1526652e-06 0)
(1.7906025e-09 8.1224746e-06 0)
(-1.5148621e-09 -1.7133654e-06 0)
(2.3450049e-09 -1.2560548e-05 0)
(-2.3705986e-09 -1.2560701e-05 0)
(1.554845e-09 -1.7137238e-06 0)
(-1.8443897e-09 8.1221084e-06 0)
(7.2404904e-10 6.1525118e-06 0)
(7.5552452e-10 6.1525849e-06 0)
(-1.173135e-09 8.1223667e-06 0)
(2.3983174e-09 -1.7133367e-06 0)
(-1.9264449e-09 -1.2560386e-05 0)
(1.9357544e-09 -1.2560532e-05 0)
(-2.4502504e-09 -1.7137027e-06 0)
(1.2211284e-09 8.1220033e-06 0)
(-7.8448168e-10 6.1524292e-06 0)
(-6.9107813e-10 6.1524955e-06 0)
(1.8430261e-09 8.1222564e-06 0)
(-1.4414718e-09 -1.7133144e-06 0)
(2.3811641e-09 -1.2560202e-05 0)
(-2.4088525e-09 -1.2560356e-05 0)
(1.4797986e-09 -1.7136756e-06 0)
(-1.897482e-09 8.1218869e-06 0)
(7.1945407e-10 6.1523404e-06 0)
(7.6075751e-10 6.1524018e-06 0)
(-1.1227139e-09 8.1221306e-06 0)
(2.4731945e-09 -1.7132816e-06 0)
(-1.8924613e-09 -1.2560013e-05 0)
(1.9001801e-09 -1.256016e-05 0)
(-2.5262445e-09 -1.7136508e-06 0)
(1.1700401e-09 8.1217635e-06 0)
(-7.8973844e-10 6.1522442e-06 0)
(-6.8673823e-10 6.152299e-06 0)
(1.894732e-09 8.1220027e-06 0)
(-1.3693152e-09 -1.7132556e-06 0)
(2.4173729e-09 -1.2559802e-05 0)
(-2.4459788e-09 -1.2559957e-05 0)
(1.4068245e-09 -1.7136202e-06 0)
(-1.9495308e-09 8.1216294e-06 0)
(7.1501796e-10 6.1521418e-06 0)
(7.6595674e-10 6.152192e-06 0)
(-1.0733382e-09 8.1218592e-06 0)
(2.5470499e-09 -1.713219e-06 0)
(-1.8587961e-09 -1.2559585e-05 0)
(1.8662297e-09 -1.2559734e-05 0)
(-2.6003151e-09 -1.7135915e-06 0)
(1.1203829e-09 8.1214881e-06 0)
(-7.9495594e-10 6.1520323e-06 0)
(-6.8255494e-10 6.1520761e-06 0)
(1.9455336e-09 8.121714e-06 0)
(-1.2986049e-09 -1.7131894e-06 0)
(2.4535988e-09 -1.2559347e-05 0)
(-2.4816944e-09 -1.2559504e-05 0)
(1.3363142e-09 -1.7135575e-06 0)
(-2.0002759e-09 8.1213368e-06 0)
(7.1076073e-10 6.1519166e-06 0)
(7.7109706e-10 6.1519562e-06 0)
(-1.0251953e-09 8.1215533e-06 0)
(2.6196336e-09 -1.7131492e-06 0)
(-1.8254642e-09 -1.2559104e-05 0)
(1.8341933e-09 -1.2559254e-05 0)
(-2.6720181e-09 -1.7135248e-06 0)
(1.0724283e-09 8.1211783e-06 0)
(-8.0010568e-10 6.1517942e-06 0)
(-6.7854684e-10 6.1518273e-06 0)
(1.995213e-09 8.1213912e-06 0)
(-1.2295875e-09 -1.7131163e-06 0)
(2.4898063e-09 -1.255884e-05 0)
(-2.5156637e-09 -1.2558998e-05 0)
(1.2687294e-09 -1.7134873e-06 0)
(-2.0494093e-09 8.1210105e-06 0)
(7.0670632e-10 6.1516657e-06 0)
(7.7614966e-10 6.1516948e-06 0)
(-9.7849779e-10 8.1212136e-06 0)
(2.6906633e-09 -1.7130729e-06 0)
(-1.7924758e-09 -1.2558572e-05 0)
(1.804409e-09 -1.2558723e-05 0)
(-2.7408382e-09 -1.7134506e-06 0)
(1.0264904e-09 8.1208354e-06 0)
(-8.0515422e-10 6.1515309e-06 0)
(-6.7473457e-10 6.1515535e-06 0)
(2.043528e-09 8.1210349e-06 0)
(-1.1625319e-09 -1.7130368e-06 0)
(2.5259638e-09 -1.2558283e-05 0)
(-2.5475002e-09 -1.255844e-05 0)
(1.2045947e-09 -1.7134096e-06 0)
(-2.09658e-09 8.1206519e-06 0)
(7.0288215e-10 6.1513901e-06 0)
(7.8108233e-10 6.1514087e-06 0)
(-9.3347463e-10 8.1208409e-06 0)
(2.7598369e-09 -1.7129906e-06 0)
(-1.7598276e-09 -1.2557989e-05 0)
(1.7772592e-09 -1.2558141e-05 0)
(-2.8061987e-09 -1.7133688e-06 0)
(9.8291954e-10 8.120461e-06 0)
(-8.1006318e-10 6.1512434e-06 0)
(-6.7113957e-10 6.1512554e-06 0)
(2.0902218e-09 8.120646e-06 0)
(-1.097713e-09 -1.7129517e-06 0)
(2.5620529e-09 -1.2557677e-05 0)
(-2.5767702e-09 -1.2557834e-05 0)
(1.1444849e-09 -1.7133243e-06 0)
(-2.1414019e-09 8.1202628e-06 0)
(6.9931841e-10 6.1510909e-06 0)
(7.8586082e-10 6.1510988e-06 0)
(-8.903586e-10 8.1204363e-06 0)
(2.8268511e-09 -1.712903e-06 0)
(-1.7274935e-09 -1.255736e-05 0)
(1.753164e-09 -1.2557511e-05 0)
(-2.8674753e-09 -1.7132793e-06 0)
(9.4209164e-10 8.1200571e-06 0)
(-8.1478978e-10 6.150933e-06 0)
(-6.6778274e-10 6.150934e-06 0)
(2.1350371e-09 8.1202258e-06 0)
(-1.0353911e-09 -1.7128616e-06 0)
(2.5980771e-09 -1.2557025e-05 0)
(-2.6030018e-09 -1.2557181e-05 0)
(1.0890062e-09 -1.7132311e-06 0)
(-2.1834658e-09 8.1198451e-06 0)
(6.9604695e-10 6.1507695e-06 0)
(7.9045009e-10 6.1507661e-06 0)
(-8.4936954e-10 8.1200009e-06 0)
(2.891423e-09 -1.7128111e-06 0)
(-1.6954125e-09 -1.2556687e-05 0)
(1.7325688e-09 -1.2556835e-05 0)
(-2.9240195e-09 -1.7131818e-06 0)
(9.043929e-10 8.1196257e-06 0)
(-8.1928811e-10 6.1506012e-06 0)
(-6.6468229e-10 6.1505904e-06 0)
(2.1777347e-09 8.1197752e-06 0)
(-9.7578544e-10 -1.7127676e-06 0)
(2.6340733e-09 -1.2556331e-05 0)
(-2.625699e-09 -1.2556483e-05 0)
(1.0387681e-09 -1.71313e-06 0)
(-2.2223571e-09 8.1194012e-06 0)
(6.9309985e-10 6.1504276e-06 0)
(7.9481646e-10 6.1504118e-06 0)
(-8.1069328e-10 8.1195359e-06 0)
(2.95332e-09 -1.7127159e-06 0)
(-1.6634781e-09 -1.2555972e-05 0)
(1.715925e-09 -1.2556117e-05 0)
(-2.975191e-09 -1.7130762e-06 0)
(8.7019782e-10 8.1191695e-06 0)
(-8.2351026e-10 6.1502497e-06 0)
(-6.6185136e-10 6.1502258e-06 0)
(2.2181164e-09 8.1192957e-06 0)
(-9.1904216e-10 -1.7126708e-06 0)
(2.6701218e-09 -1.2555598e-05 0)
(-2.6443654e-09 -1.2555743e-05 0)
(9.9434269e-10 -1.7130206e-06 0)
(-2.2576811e-09 8.1189338e-06 0)
(6.9050738e-10 6.1500668e-06 0)
(7.9893031e-10 6.150037e-06 0)
(-7.7445564e-10 8.1190427e-06 0)
(3.012393e-09 -1.7126185e-06 0)
(-1.6315276e-09 -1.255522e-05 0)
(1.70366e-09 -1.2555358e-05 0)
(-3.0204046e-09 -1.7129622e-06 0)
(8.3983942e-10 8.1186911e-06 0)
(-8.2740854e-10 6.1498804e-06 0)
(-6.5929484e-10 6.1498415e-06 0)
(2.2560533e-09 8.1187886e-06 0)
(-8.6519759e-10 -1.7125723e-06 0)
(2.7063542e-09 -1.2554829e-05 0)
(-2.6585405e-09 -1.2554965e-05 0)
(9.5620957e-10 -1.7129027e-06 0)
(-2.2890976e-09 8.1184458e-06 0)
(6.8829523e-10 6.1496892e-06 0)
(8.0276918e-10 6.1496433e-06 0)
(-7.4069102e-10 8.1185226e-06 0)
(3.0686149e-09 -1.7125202e-06 0)
(-1.5993367e-09 -1.2554433e-05 0)
(1.6961322e-09 -1.2554562e-05 0)
(-3.0591953e-09 -1.7128394e-06 0)
(8.135685e-10 8.1181936e-06 0)
(-8.3093863e-10 6.1494952e-06 0)
(-6.5700564e-10 6.1494388e-06 0)
(2.2915194e-09 8.1182552e-06 0)
(-8.1413768e-10 -1.7124735e-06 0)
(2.7429548e-09 -1.2554027e-05 0)
(-2.6678535e-09 -1.2554151e-05 0)
(9.2467903e-10 -1.7127759e-06 0)
(-2.3163671e-09 8.1179402e-06 0)
(6.864807e-10 6.1492969e-06 0)
(8.0632212e-10 6.1492317e-06 0)
(-7.093072e-10 8.117977e-06 0)
(3.1221218e-09 -1.7124225e-06 0)
(-1.5666222e-09 -1.2553617e-05 0)
(1.6935654e-09 -1.2553732e-05 0)
(-3.0913062e-09 -1.7127076e-06 0)
(7.9149939e-10 8.1176802e-06 0)
(-8.3406374e-10 6.1490965e-06 0)
(-6.549603e-10 6.149019e-06 0)
(2.3246288e-09 8.1176967e-06 0)
(-7.6555704e-10 -1.7123759e-06 0)
(2.7801518e-09 -1.2553198e-05 0)
(-2.6721015e-09 -1.2553305e-05 0)
(8.9979038e-10 -1.7126399e-06 0)
(-2.3394133e-09 8.1174204e-06 0)
(6.8506758e-10 6.1488921e-06 0)
(8.0959413e-10 6.1488036e-06 0)
(-6.8004639e-10 8.1174069e-06 0)
(3.1732535e-09 -1.7123266e-06 0)
(-1.5330588e-09 -1.2552774e-05 0)
(1.6959569e-09 -1.2552871e-05 0)
(-3.1168057e-09 -1.7125662e-06 0)
(7.7353951e-10 8.117154e-06 0)
(-8.3676058e-10 6.1486865e-06 0)
(-6.5311425e-10 6.1485833e-06 0)
(2.3556753e-09 8.1171142e-06 0)
(-7.1892103e-10 -1.7122809e-06 0)
(2.8181917e-09 -1.2552344e-05 0)
(-2.6713577e-09 -1.2552429e-05 0)
(8.8117824e-10 -1.7124941e-06 0)
(-2.358403e-09 8.1168893e-06 0)
(6.8403951e-10 6.1484771e-06 0)
(8.1261127e-10 6.1483601e-06 0)
(-6.5244611e-10 8.1168133e-06 0)
(3.2225878e-09 -1.7122342e-06 0)
(-1.4983163e-09 -1.2551908e-05 0)
(1.7029514e-09 -1.2551982e-05 0)
(-3.1362394e-09 -1.7124148e-06 0)
(7.592992e-10 8.1166182e-06 0)
(-8.3902735e-10 6.1482672e-06 0)
(-6.5139708e-10 6.1481326e-06 0)
(2.3851719e-09 8.1165085e-06 0)
(-6.7343703e-10 -1.7121898e-06 0)
(2.8572894e-09 -1.2551469e-05 0)
(-2.6661179e-09 -1.2551526e-05 0)
(8.6790287e-10 -1.7123381e-06 0)
(-2.3738477e-09 8.11635e-06 0)
(6.8335103e-10 6.1480538e-06 0)
(8.1542571e-10 6.147902e-06 0)
(-6.2580166e-10 8.1161968e-06 0)
(3.2709637e-09 -1.7121466e-06 0)
(-1.4621247e-09 -1.2551022e-05 0)
(1.7136754e-09 -1.2551067e-05 0)
(-3.1508198e-09 -1.712253e-06 0)
(7.4797982e-10 8.1160753e-06 0)
(-8.4089407e-10 6.1478406e-06 0)
(-6.4970775e-10 6.1476675e-06 0)
(2.4138857e-09 8.1158799e-06 0)
(-6.2804077e-10 -1.712104e-06 0)
(2.8975491e-09 -1.2550574e-05 0)
(-2.6574877e-09 -1.2550597e-05 0)
(8.5824151e-10 -1.7121714e-06 0)
(-2.3867272e-09 8.1158045e-06 0)
(6.8291648e-10 6.1476239e-06 0)
(8.1812045e-10 6.1474295e-06 0)
(-5.9913617e-10 8.1155575e-06 0)
(3.3194865e-09 -1.7120646e-06 0)
(-1.4243721e-09 -1.2550118e-05 0)
(1.7265309e-09 -1.2550127e-05 0)
(-3.1626556e-09 -1.7120803e-06 0)
(7.3824076e-10 8.1155271e-06 0)
(-8.4243602e-10 6.1474078e-06 0)
(-6.4791108e-10 6.1471882e-06 0)
(2.4428651e-09 8.1152283e-06 0)
(-5.8140451e-10 -1.7120241e-06 0)
(2.9388514e-09 -1.2549662e-05 0)
(-2.6474101e-09 -1.2549644e-05 0)
(8.4944602e-10 -1.7119937e-06 0)
(-2.3986341e-09 8.1152542e-06 0)
(6.8259607e-10 6.1471884e-06 0)
(8.2081285e-10 6.1469425e-06 0)
(-5.7118136e-10 8.1148948e-06 0)
(3.3695087e-09 -1.7119887e-06 0)
(-1.385235e-09 -1.2549196e-05 0)
(1.7389551e-09 -1.2549161e-05 0)
(-3.1750083e-09 -1.7118966e-06 0)
(7.2804921e-10 8.114974e-06 0)
(-8.4378944e-10 6.1469696e-06 0)
(-6.4583543e-10 6.1466939e-06 0)
(2.4734518e-09 8.1145527e-06 0)
(-5.3197055e-10 -1.7119502e-06 0)
(2.9807119e-09 -1.2548731e-05 0)
(-2.6389186e-09 -1.2548664e-05 0)
(8.37481e-10 -1.7118049e-06 0)
(-2.4119304e-09 8.1146984e-06 0)
(6.8218007e-10 6.1467471e-06 0)
(8.2365599e-10 6.1464401e-06 0)
(-5.403746e-10 8.1142076e-06 0)
(3.4225864e-09 -1.7119186e-06 0)
(-1.345332e-09 -1.2548253e-05 0)
(1.747168e-09 -1.2548169e-05 0)
(-3.1925554e-09 -1.7117019e-06 0)
(7.1452635e-10 8.1144145e-06 0)
(-8.4516985e-10 6.1465251e-06 0)
(-6.4327308e-10 6.1461834e-06 0)
(2.5072765e-09 8.1138517e-06 0)
(-4.7800855e-10 -1.7118811e-06 0)
(3.0221281e-09 -1.2547778e-05 0)
(-2.6363837e-09 -1.2547657e-05 0)
(8.1677724e-10 -1.7116055e-06 0)
(-2.4298978e-09 8.1141346e-06 0)
(6.813713e-10 6.1462985e-06 0)
(8.2683753e-10 6.1459203e-06 0)
(-5.0487395e-10 8.1134939e-06 0)
(3.480416e-09 -1.7118523e-06 0)
(-1.3058731e-09 -1.2547285e-05 0)
(1.7459534e-09 -1.2547146e-05 0)
(-3.221614e-09 -1.7114971e-06 0)
(6.9381297e-10 8.1138445e-06 0)
(-8.4689062e-10 6.1460718e-06 0)
(-6.399831e-10 6.1456543e-06 0)
(2.5462366e-09 8.1131227e-06 0)
(-4.1768409e-10 -1.7118143e-06 0)
(3.061452e-09 -1.2546794e-05 0)
(-2.6456922e-09 -1.2546615e-05 0)
(7.8005643e-10 -1.7113966e-06 0)
(-2.4568521e-09 8.1135569e-06 0)
(6.7976992e-10 6.1458392e-06 0)
(8.3057572e-10 6.1453804e-06 0)
(-4.6259012e-10 8.1127508e-06 0)
(3.5447712e-09 -1.7117864e-06 0)
(-1.2687553e-09 -1.2546282e-05 0)
(1.7285499e-09 -1.2546085e-05 0)
(-3.2702528e-09 -1.7112836e-06 0)
(6.6099533e-10 8.1132562e-06 0)
(-8.4937791e-10 6.145605e-06 0)
(-6.356974e-10 6.1451032e-06 0)
(2.5924593e-09 8.1123626e-06 0)
(-3.4911287e-10 -1.7117453e-06 0)
(3.096354e-09 -1.254577e-05 0)
(-2.6742687e-09 -1.254553e-05 0)
(7.1831886e-10 -1.7111802e-06 0)
(-2.4981707e-09 8.1129555e-06 0)
(6.7686385e-10 6.145363e-06 0)
(8.3511225e-10 6.1448162e-06 0)
(-4.1122758e-10 8.1119748e-06 0)
(3.617476e-09 -1.7117152e-06 0)
(-1.2365269e-09 -1.254523e-05 0)
(1.6867627e-09 -1.2544975e-05 0)
(-3.3481863e-09 -1.711064e-06 0)
(6.1015e-10 8.1126377e-06 0)
(-8.5317754e-10 6.1451172e-06 0)
(-6.3012951e-10 6.1445254e-06 0)
(2.6482645e-09 8.1115672e-06 0)
(-2.7035691e-10 -1.7116669e-06 0)
(3.1239694e-09 -1.2544689e-05 0)
(-2.7308073e-09 -1.254439e-05 0)
(6.2111561e-10 -1.7109595e-06 0)
(-2.5601678e-09 8.112316e-06 0)
(6.7203316e-10 6.1448607e-06 0)
(8.4070504e-10 6.1442224e-06 0)
(-3.4832147e-10 8.1111615e-06 0)
(3.7004658e-09 -1.7116304e-06 0)
(-1.2121174e-09 -1.254411e-05 0)
(1.6114459e-09 -1.2543803e-05 0)
(-3.4663187e-09 -1.7108421e-06 0)
(5.3458592e-10 8.1119718e-06 0)
(-8.5894521e-10 6.1445974e-06 0)
(-6.2298529e-10 6.143915e-06 0)
(2.7161466e-09 8.1107317e-06 0)
(-1.7930923e-10 -1.7115693e-06 0)
(3.1413467e-09 -1.2543528e-05 0)
(-2.8245653e-09 -1.2543178e-05 0)
(4.7725414e-10 -1.7107392e-06 0)
(-2.6497343e-09 8.1116187e-06 0)
(6.6457855e-10 6.1443196e-06 0)
(8.476238e-10 6.1435924e-06 0)
(-2.7125342e-10 8.1103055e-06 0)
(3.7960033e-09 -1.7115212e-06 0)
(-1.1982231e-09 -1.2542898e-05 0)
(1.4935138e-09 -1.254255e-05 0)
(-3.6357907e-09 -1.7106229e-06 0)
(4.2737446e-10 8.1112361e-06 0)
(-8.6741095e-10 6.1440311e-06 0)
(-6.1397514e-10 6.1432647e-06 0)
(2.7987989e-09 8.1098499e-06 0)
(-7.3417385e-11 -1.7114403e-06 0)
(3.1463117e-09 -1.2542261e-05 0)
(-2.964076e-09 -1.2541875e-05 0)
(2.7608947e-10 -1.7105249e-06 0)
(-2.7736603e-09 8.1108388e-06 0)
(6.5378771e-10 6.1437232e-06 0)
(8.5615432e-10 6.142918e-06 0)
(-1.7723998e-10 8.1094002e-06 0)
(3.9070973e-09 -1.7113743e-06 0)
(-1.1962726e-09 -1.2541562e-05 0)
(1.3256222e-09 -1.2541194e-05 0)
(-3.8664113e-09 -1.7104121e-06 0)
(2.8225797e-10 8.110403e-06 0)
(-8.7930943e-10 6.1434001e-06 0)
(-6.0283237e-10 6.1425656e-06 0)
(2.8991925e-09 8.1089143e-06 0)
(5.0755149e-11 -1.7112653e-06 0)
(3.1388092e-09 -1.2540855e-05 0)
(-3.1552123e-09 -1.2540454e-05 0)
(9.5115024e-12 -1.7103228e-06 0)
(-2.9375779e-09 8.1099466e-06 0)
(6.3905709e-10 6.1430517e-06 0)
(8.6661611e-10 6.1421896e-06 0)
(-6.3328112e-11 8.1084377e-06 0)
(4.0381156e-09 -1.7111749e-06 0)
(-1.2050106e-09 -1.2540068e-05 0)
(1.1045543e-09 -1.2539709e-05 0)
(-4.1644415e-09 -1.7102157e-06 0)
(9.500235e-11 8.1094411e-06 0)
(-8.9526894e-10 6.1426833e-06 0)
(-5.8935171e-10 6.1418075e-06 0)
(3.020671e-09 8.1079156e-06 0)
(1.9800404e-10 -1.7110289e-06 0)
(3.1226398e-09 -1.2539273e-05 0)
(-3.3987049e-09 -1.2538889e-05 0)
(-3.253627e-10 -1.7101389e-06 0)
(-3.1445146e-09 8.10891e-06 0)
(6.2008856e-10 6.1422828e-06 0)
(8.7939037e-10 6.1413959e-06 0)
(7.3468405e-11 8.1074072e-06 0)
(4.1954166e-09 -1.7109083e-06 0)
(-1.2189748e-09 -1.2538378e-05 0)
(8.3415028e-10 -1.2538064e-05 0)
(-4.529861e-09 -1.7100383e-06 0)
(-1.3478922e-10 8.1083174e-06 0)
(-9.1565859e-10 6.141858e-06 0)
(-5.7348884e-10 6.1409781e-06 0)
(3.1668982e-09 8.1068412e-06 0)
(3.7461329e-10 -1.7107171e-06 0)
(3.1072279e-09 -1.2537478e-05 0)
(-3.6875114e-09 -1.2537146e-05 0)
(-7.2295425e-10 -1.7099773e-06 0)
(-3.3931271e-09 8.107697e-06 0)
(5.9718799e-10 6.1413938e-06 0)
(8.9492876e-10 6.1405238e-06 0)
(2.3554675e-10 8.1062948e-06 0)
(4.3875176e-09 -1.7105629e-06 0)
(-1.2275373e-09 -1.2536454e-05 0)
(5.2829838e-10 -1.2536229e-05 0)
(-4.9534727e-09 -1.7098813e-06 0)
(-4.0143634e-10 8.1070012e-06 0)
(-9.4039198e-10 6.1409024e-06 0)
(-5.5561534e-10 6.1400639e-06 0)
(3.341223e-09 8.1056751e-06 0)
(5.8731458e-10 -1.7103202e-06 0)
(3.1086042e-09 -1.2535435e-05 0)
(-4.0048224e-09 -1.2535194e-05 0)
(-1.1658046e-09 -1.709838e-06 0)
(-3.675732e-09 8.1062809e-06 0)
(5.7171011e-10 6.1403643e-06 0)
(9.1364366e-10 6.1395592e-06 0)
(4.2288472e-10 8.1050825e-06 0)
(4.6237719e-09 -1.7101325e-06 0)
(-1.2157234e-09 -1.2534263e-05 0)
(2.131077e-10 -1.2534174e-05 0)
(-5.4143757e-09 -1.7097413e-06 0)
(-6.9054096e-10 8.1054697e-06 0)
(-9.686616e-10 6.1397994e-06 0)
(-5.3712309e-10 6.1390507e-06 0)
(3.5445338e-09 8.1043973e-06 0)
(8.3961608e-10 -1.7098365e-06 0)
(3.1481792e-09 -1.2533116e-05 0)
(-4.3238609e-09 -1.2533003e-05 0)
(-1.6214548e-09 -1.7097158e-06 0)
(-3.9761553e-09 8.1046462e-06 0)
(5.4674331e-10 6.1391812e-06 0)
(9.3543111e-10 6.1384886e-06 0)
(6.2869396e-10 8.1037487e-06 0)
(4.9097696e-09 -1.7096211e-06 0)
(-1.1685674e-09 -1.2531786e-05 0)
(-7.2975368e-11 -1.2531872e-05 0)
(-5.8783002e-09 -1.7096084e-06 0)
(-9.7578291e-10 8.1037139e-06 0)
(-9.9848377e-10 6.1385418e-06 0)
(-5.2173596e-10 6.137927e-06 0)
(3.7699088e-09 8.1029865e-06 0)
(1.1233965e-09 -1.7092758e-06 0)
(3.247305e-09 -1.2530512e-05 0)
(-4.6107261e-09 -1.2530554e-05 0)
(-2.0400199e-09 -1.7096001e-06 0)
(-4.267e-09 8.1027951e-06 0)
(5.2823667e-10 6.1378441e-06 0)
(9.5830327e-10 6.1373049e-06 0)
(8.306186e-10 8.1022725e-06 0)
(5.2369971e-09 -1.7090448e-06 0)
(-1.0808376e-09 -1.2529023e-05 0)
(-2.8250883e-10 -1.2529315e-05 0)
(-6.2968612e-09 -1.7094683e-06 0)
(-1.2145579e-09 8.1017455e-06 0)
(-1.0257077e-09 6.1371395e-06 0)
(-5.1808319e-10 6.1366921e-06 0)
(3.9916611e-09 8.101427e-06 0)
(1.4038398e-09 -1.7086633e-06 0)
(3.4156477e-09 -1.252764e-05 0)
(-4.8310942e-09 -1.2527847e-05 0)
(-2.3527581e-09 -1.7094793e-06 0)
(-4.5051833e-09 8.1007547e-06 0)
(5.2694704e-10 6.1363744e-06 0)
(9.7524651e-10 6.1360194e-06 0)
(9.7575869e-10 8.1006441e-06 0)
(5.5650525e-09 -1.7084357e-06 0)
(-9.7245105e-10 -1.2526012e-05 0)
(-3.6727904e-10 -1.2526524e-05 0)
(-6.6075161e-09 -1.709309e-06 0)
(-1.3416673e-09 8.0996033e-06 0)
(-1.0417719e-09 6.1356307e-06 0)
(-5.4411257e-10 6.1353735e-06 0)
(4.1473058e-09 8.0997237e-06 0)
(1.5993497e-09 -1.7080425e-06 0)
(3.6335728e-09 -1.252456e-05 0)
(-4.9609051e-09 -1.2524924e-05 0)
(-2.473431e-09 -1.7093519e-06 0)
(-4.6246157e-09 8.0985832e-06 0)
(5.616816e-10 6.1348284e-06 0)
(9.6832616e-10 6.1346853e-06 0)
(9.6178116e-10 8.0988824e-06 0)
(5.8010155e-09 -1.707844e-06 0)
(-9.0441489e-10 -1.2522843e-05 0)
(-2.9377469e-10 -1.2523574e-05 0)
(-6.7369928e-09 -1.7091363e-06 0)
(-1.262691e-09 8.0973566e-06 0)
(-1.0292619e-09 6.1340976e-06 0)
(-6.331104e-10 6.1340562e-06 0)
(4.1183484e-09 8.0979239e-06 0)
(1.57135e-09 -1.7074801e-06 0)
(3.8364297e-09 -1.2521397e-05 0)
(-5.0025622e-09 -1.2521897e-05 0)
(-2.3127678e-09 -1.7092494e-06 0)
(-4.5299758e-09 8.096371e-06 0)
(6.6374273e-10 6.133316e-06 0)
(9.0042254e-10 6.1334348e-06 0)
(6.3123548e-10 8.0970557e-06 0)
(5.8019755e-09 -1.7073438e-06 0)
(-9.7652693e-10 -1.251968e-05 0)
(-7.3842606e-11 -1.252062e-05 0)
(-6.6261633e-09 -1.7090019e-06 0)
(-8.6041742e-10 8.0951e-06 0)
(-9.5535243e-10 6.1326892e-06 0)
(-8.3794856e-10 6.1329222e-06 0)
(3.7402528e-09 8.0961312e-06 0)
(1.1739907e-09 -1.7070739e-06 0)
(3.9281945e-09 -1.2518342e-05 0)
(-5.0178785e-09 -1.2518954e-05 0)
(-1.8439394e-09 -1.709271e-06 0)
(-4.11616e-09 8.0942251e-06 0)
(8.7979707e-10 6.1320222e-06 0)
(7.103125e-10 6.132513e-06 0)
(-1.6559912e-10 8.095276e-06 0)
(5.4794529e-09 -1.7070415e-06 0)
(-1.2607162e-09 -1.2516729e-05 0)
(1.6509164e-10 -1.2517883e-05 0)
(-6.338863e-09 -1.7090386e-06 0)
(-6.1584461e-11 8.0929132e-06 0)
(-7.6800787e-10 6.1316364e-06 0)
(-1.2224644e-09 6.1322641e-06 0)
(2.9287297e-09 8.0944607e-06 0)
(4.8559876e-10 -1.7069624e-06 0)
(3.8901202e-09 -1.2515569e-05 0)
(-5.217309e-09 -1.251629e-05 0)
(-1.3209435e-09 -1.7096194e-06 0)
(-3.3904692e-09 8.092192e-06 0)
(1.2632405e-09 6.1312009e-06 0)
(3.2912986e-10 6.1322481e-06 0)
(-1.3110488e-09 8.0935793e-06 0)
(5.1813495e-09 -1.7070798e-06 0)
(-1.5815017e-09 -1.2514055e-05 0)
(1.0550835e-11 -1.2515469e-05 0)
(-6.4079744e-09 -1.7094822e-06 0)
(9.1935489e-10 8.0907147e-06 0)
(-4.1155564e-10 6.1312037e-06 0)
(-1.8154004e-09 6.1323698e-06 0)
(2.1030087e-09 8.0928009e-06 0)
(4.5035667e-10 -1.7073144e-06 0)
(4.1043114e-09 -1.2512877e-05 0)
(-6.1967433e-09 -1.2513748e-05 0)
(-1.8560033e-09 -1.7106011e-06 0)
(-2.8661255e-09 8.0900065e-06 0)
(1.8309783e-09 6.1310463e-06 0)
(-2.4532742e-10 6.1327937e-06 0)
(-1.742426e-09 8.0915024e-06 0)
(6.6418105e-09 -1.7075964e-06 0)
(-1.0137081e-09 -1.2510952e-05 0)
(-1.6100659e-09 -1.251274e-05 0)
(-8.6901303e-09 -1.7106201e-06 0)
(9.4875438e-10 8.0878411e-06 0)
(1.035425e-10 6.1314309e-06 0)
(-2.4880009e-09 6.133045e-06 0)
(3.1693776e-09 8.0901231e-06 0)
(4.2340689e-09 -1.708234e-06 0)
(6.0442615e-09 -1.2508668e-05 0)
(-9.461715e-09 -1.2509779e-05 0)
(-6.6499195e-09 -1.7125008e-06 0)
(-4.4834261e-09 8.086435e-06 0)
(2.447684e-09 6.1312284e-06 0)
(-7.6872086e-10 6.1333345e-06 0)
(1.8886221e-09 8.0870256e-06 0)
(1.4793708e-08 -1.708543e-06 0)
(3.0137496e-09 -1.250437e-05 0)
(-7.129038e-09 -1.2506718e-05 0)
(-1.8028089e-08 -1.7125473e-06 0)
(-3.2912419e-09 8.0820553e-06 0)
(5.2980937e-10 6.1313703e-06 0)
(-2.7193651e-09 6.1323952e-06 0)
(1.1249706e-08 8.0829553e-06 0)
(1.9456581e-08 -1.7094512e-06 0)
(1.3395676e-08 -1.2497656e-05 0)
(-1.833838e-08 -1.249912e-05 0)
(-2.3063492e-08 -1.7151796e-06 0)
(-1.3253268e-08 8.0778515e-06 0)
(2.6005576e-09 6.1297277e-06 0)
(-4.4410775e-10 6.1303365e-06 0)
(1.7224869e-08 8.0744896e-06 0)
(4.0372392e-08 -1.7092061e-06 0)
(1.5930321e-08 -1.248576e-05 0)
(-2.135559e-08 -1.2488885e-05 0)
(-4.469995e-08 -1.7145654e-06 0)
(-1.9230567e-08 8.0676061e-06 0)
(8.8362094e-11 6.1274134e-06 0)
(-1.2664205e-09 6.1244723e-06 0)
(3.6860922e-08 8.0626875e-06 0)
(6.0820409e-08 -1.7096256e-06 0)
(3.3329413e-08 -1.2466766e-05 0)
(-3.9100245e-08 -1.2468632e-05 0)
(-6.5130206e-08 -1.7172251e-06 0)
(-3.9367332e-08 8.0557175e-06 0)
(1.0771098e-09 6.1205821e-06 0)
(2.430414e-09 6.1145702e-06 0)
(5.8156563e-08 8.0413366e-06 0)
(1.0223569e-07 -1.7072786e-06 0)
(4.7007687e-08 -1.2436043e-05 0)
(-5.2408626e-08 -1.2440071e-05 0)
(-1.0668852e-07 -1.7140965e-06 0)
(-6.0332043e-08 8.0321712e-06 0)
(-2.8747761e-09 6.1104278e-06 0)
(4.1155416e-09 6.0957796e-06 0)
(9.7234335e-08 8.0118863e-06 0)
(1.5136044e-07 -1.705173e-06 0)
(7.7008297e-08 -1.2389375e-05 0)
(-8.1561827e-08 -1.2391499e-05 0)
(-1.5486381e-07 -1.7146091e-06 0)
(-9.9529672e-08 8.0030846e-06 0)
(-4.314995e-09 6.0905138e-06 0)
(1.0610274e-08 6.0673399e-06 0)
(1.4480409e-07 7.964364e-06 0)
(2.26794e-07 -1.6975202e-06 0)
(1.0887885e-07 -1.2319632e-05 0)
(-1.1150202e-07 -1.2324424e-05 0)
(-2.2929911e-07 -1.7052318e-06 0)
(-1.4615718e-07 7.9532884e-06 0)
(-1.1040405e-08 6.0620903e-06 0)
(1.658045e-08 6.0216882e-06 0)
(2.1423553e-07 7.9009928e-06 0)
(3.1903338e-07 -1.6888511e-06 0)
(1.5773925e-07 -1.2219942e-05 0)
(-1.5769438e-07 -1.2221854e-05 0)
(-3.1918834e-07 -1.6991919e-06 0)
(-2.1503042e-07 7.8913835e-06 0)
(-1.6669608e-08 6.0154292e-06 0)
(2.7452144e-08 5.9577398e-06 0)
(2.9860505e-07 7.8076943e-06 0)
(4.407999e-07 -1.6705142e-06 0)
(2.1387442e-07 -1.2080853e-05 0)
(-2.0993523e-07 -1.2085825e-05 0)
(-4.3843406e-07 -1.6775322e-06 0)
(-2.9767954e-07 7.7963363e-06 0)
(-2.768487e-08 5.9521673e-06 0)
(3.9304764e-08 5.8654503e-06 0)
(4.0592002e-07 7.6884945e-06 0)
(5.8496158e-07 -1.648939e-06 0)
(2.8512543e-07 -1.189376e-05 0)
(-2.7657799e-07 -1.1894612e-05 0)
(-5.7877273e-07 -1.6580366e-06 0)
(-4.0358684e-07 7.6804519e-06 0)
(-3.9119008e-08 5.8593952e-06 0)
(5.5498196e-08 5.7444292e-06 0)
(5.2999874e-07 7.5263066e-06 0)
(7.545684e-07 -1.6126793e-06 0)
(3.6591699e-07 -1.1648783e-05 0)
(-3.5183974e-07 -1.1652832e-05 0)
(-7.4445302e-07 -1.6163353e-06 0)
(-5.2526557e-07 7.5177855e-06 0)
(-5.5295633e-08 5.7401671e-06 0)
(7.3575236e-08 5.5838073e-06 0)
(6.7037222e-07 7.3289124e-06 0)
(9.4192031e-07 -1.5704252e-06 0)
(4.5478903e-07 -1.133865e-05 0)
(-4.3490797e-07 -1.1337334e-05 0)
(-9.270915e-07 -1.5750193e-06 0)
(-6.6347273e-07 7.3260804e-06 0)
(-7.2935149e-08 5.5800522e-06 0)
(9.4196314e-08 5.3859882e-06 0)
(8.1918623e-07 7.079323e-06 0)
(1.1366907e-06 -1.5090808e-06 0)
(5.486818e-07 -1.0957184e-05 0)
(-5.2289352e-07 -1.0958849e-05 0)
(-1.1173308e-06 -1.5061e-06 0)
(-8.0962763e-07 7.0778921e-06 0)
(-9.3310855e-08 5.3854314e-06 0)
(1.1637626e-07 5.143184e-06 0)
(9.6464614e-07 6.7921144e-06 0)
(1.3271296e-06 -1.4399405e-06 0)
(6.3583544e-07 -1.0504339e-05 0)
(-6.0466741e-07 -1.0499823e-05 0)
(-1.3034017e-06 -1.436433e-06 0)
(-9.5255061e-07 6.798635e-06 0)
(-1.15108e-07 5.1444636e-06 0)
(1.3726031e-07 4.8655507e-06 0)
(1.0946484e-06 6.4579498e-06 0)
(1.4871183e-06 -1.3516059e-06 0)
(7.134823e-07 -9.9886928e-06 0)
(-6.7796406e-07 -9.9865717e-06 0)
(-1.459603e-06 -1.3392046e-06 0)
(-1.0802611e-06 6.4678997e-06 0)
(-1.3548904e-07 4.8714331e-06 0)
(1.5627473e-07 4.5513756e-06 0)
(1.1845293e-06 6.1015808e-06 0)
(1.5956608e-06 -1.2561749e-06 0)
(7.588709e-07 -9.4242008e-06 0)
(-7.2035085e-07 -9.4158807e-06 0)
(-1.5656066e-06 -1.2416846e-06 0)
(-1.1678405e-06 6.1211404e-06 0)
(-1.54207e-07 4.5608405e-06 0)
(1.7237615e-07 4.2085324e-06 0)
(1.2178221e-06 5.7237912e-06 0)
(1.6087977e-06 -1.1411249e-06 0)
(7.653001e-07 -8.827721e-06 0)
(-7.2555792e-07 -8.8206164e-06 0)
(-1.5770125e-06 -1.1172177e-06 0)
(-1.1999192e-06 5.7492943e-06 0)
(-1.6927987e-07 4.2245534e-06 0)
(2.1566472e-07 3.8044194e-06 0)
(1.1682669e-06 5.273591e-06 0)
(1.5025953e-06 -1.0094624e-06 0)
(7.0463907e-07 -8.0936856e-06 0)
(-6.6495756e-07 -8.0819558e-06 0)
(-1.4709434e-06 -9.8325768e-07 0)
(-1.1493402e-06 5.3072145e-06 0)
(-2.1197893e-07 3.8247329e-06 0)
)
;

boundaryField
{
    left
    {
        type            uniformFixedValue;
        uniformValue    sine;
        uniformValueCoeffs
        {
            t0              0;
            amplitude       constant 0.0125;
            frequency       constant 1;
            scale           constant (0 1 0);
            level           constant (0 0 0);
        }
        value           uniform (0 5.0229088e-16 0);
    }
    right
    {
        type            zeroGradient;
    }
    walls
    {
        type            fixedValue;
        value           uniform (0 0 0);
    }
    frontAndBack
    {
        type            empty;
    }
}


// ************************************************************************* //
