/*--------------------------------*- C++ -*----------------------------------*\
| =========                 |                                                 |
| \\      /  F ield         | OpenFOAM: The Open Source CFD Toolbox           |
|  \\    /   O peration     | Version:  5.x                                   |
|   \\  /    A nd           | Web:      www.OpenFOAM.org                      |
|    \\/     M anipulation  |                                                 |
\*---------------------------------------------------------------------------*/
FoamFile
{
    version     2.0;
    format      ascii;
    class       volVectorField;
    location    "10";
    object      U_0;
}
// * * * * * * * * * * * * * * * * * * * * * * * * * * * * * * * * * * * * * //

dimensions      [0 1 -1 0 0 0 0];

internalField   nonuniform List<vector> 
1920
(
(-0.00037678529 -0.0034627907 0)
(-0.00068713045 -0.0039251404 0)
(-0.00037373288 -0.003893982 0)
(-0.00011735114 -0.0038905178 0)
(0.00011735145 -0.0038905178 0)
(0.00037373301 -0.003893982 0)
(0.00068713033 -0.0039251404 0)
(0.0003767852 -0.0034627905 0)
(-0.00052008996 -0.003207629 0)
(-0.0011327749 -0.0040335463 0)
(-0.00072317136 -0.0040869596 0)
(-0.00024537627 -0.0040893905 0)
(0.00024537685 -0.0040893904 0)
(0.00072317163 -0.0040869595 0)
(0.0011327749 -0.0040335461 0)
(0.00052008992 -0.0032076286 0)
(-0.0004355512 -0.0027956875 0)
(-0.0011199858 -0.0040309239 0)
(-0.00080799699 -0.0042920131 0)
(-0.00029028664 -0.0043526418 0)
(0.00029028738 -0.0043526417 0)
(0.00080799736 -0.004292013 0)
(0.0011199859 -0.0040309237 0)
(0.00043555124 -0.0027956872 0)
(-0.00032284901 -0.0023989198 0)
(-0.00094896217 -0.0039611497 0)
(-0.0007523734 -0.0044737278 0)
(-0.00028270298 -0.0046283776 0)
(0.00028270379 -0.0046283775 0)
(0.00075237386 -0.0044737278 0)
(0.00094896233 -0.0039611496 0)
(0.00032284909 -0.0023989197 0)
(-0.00022968058 -0.0020937543 0)
(-0.00074540531 -0.0038717425 0)
(-0.00063715923 -0.0046139601 0)
(-0.00024796986 -0.0048749026 0)
(0.00024797064 -0.0048749027 0)
(0.00063715972 -0.0046139601 0)
(0.00074540555 -0.0038717424 0)
(0.00022968068 -0.0020937543 0)
(-0.00015894421 -0.0018740993 0)
(-0.00055827225 -0.0037862661 0)
(-0.00050766124 -0.0047150761 0)
(-0.00020348828 -0.0050773876 0)
(0.00020348895 -0.0050773876 0)
(0.00050766173 -0.0047150762 0)
(0.00055827255 -0.003786266 0)
(0.00015894433 -0.0018740993 0)
(-0.00010735351 -0.0017186693 0)
(-0.00040398045 -0.0037131363 0)
(-0.00038733433 -0.0047853668 0)
(-0.00015905467 -0.0052354164 0)
(0.0001590552 -0.0052354164 0)
(0.00038733478 -0.0047853668 0)
(0.00040398081 -0.0037131362 0)
(0.00010735364 -0.0017186692 0)
(-7.0997572e-05 -0.0016104416 0)
(-0.00028477892 -0.0036545011 0)
(-0.00028573983 -0.0048329661 0)
(-0.00011993108 -0.0053542853 0)
(0.00011993146 -0.0053542853 0)
(0.00028574023 -0.004832966 0)
(0.0002847793 -0.0036545009 0)
(7.0997711e-05 -0.0016104415 0)
(-4.6167155e-05 -0.0015365582 0)
(-0.00019640027 -0.0036096599 0)
(-0.00020525265 -0.0048644919 0)
(-8.7708388e-05 -0.0054410667 0)
(8.7708608e-05 -0.0054410666 0)
(0.00020525298 -0.0048644917 0)
(0.00019640065 -0.0036096596 0)
(4.6167308e-05 -0.0015365581 0)
(-2.9524435e-05 -0.0014870545 0)
(-0.00013296301 -0.0035766052 0)
(-0.00014403781 -0.0048849538 0)
(-6.2640315e-05 -0.00550285 0)
(6.2640407e-05 -0.0055028499 0)
(0.00014403806 -0.0048849535 0)
(0.00013296338 -0.0035766049 0)
(2.9524583e-05 -0.0014870544 0)
(-1.8597074e-05 -0.001454437 0)
(-8.8429252e-05 -0.0035529365 0)
(-9.9102448e-05 -0.0048979899 0)
(-4.3715057e-05 -0.0055458866 0)
(4.3715032e-05 -0.0055458864 0)
(9.9102629e-05 -0.0048979896 0)
(8.8429583e-05 -0.0035529361 0)
(1.8597223e-05 -0.0014544369 0)
(-1.1502331e-05 -0.0014332813 0)
(-5.7862686e-05 -0.0035363982 0)
(-6.6881181e-05 -0.0049061389 0)
(-2.995759e-05 -0.0055752833 0)
(2.9957472e-05 -0.0055752832 0)
(6.688129e-05 -0.0049061385 0)
(5.7862975e-05 -0.0035363979 0)
(1.1502468e-05 -0.0014332812 0)
(-6.9892089e-06 -0.0014197818 0)
(-3.7205112e-05 -0.0035250881 0)
(-4.4362117e-05 -0.0049111336 0)
(-2.0117094e-05 -0.0055949966 0)
(2.0116903e-05 -0.0055949964 0)
(4.4362153e-05 -0.0049111332 0)
(3.720535e-05 -0.0035250877 0)
(6.9893327e-06 -0.0014197817 0)
(-4.1466312e-06 -0.001411315 0)
(-2.3515208e-05 -0.0035175086 0)
(-2.8880272e-05 -0.0049141252 0)
(-1.3289721e-05 -0.0056079813 0)
(1.328947e-05 -0.0056079811 0)
(2.8880254e-05 -0.0049141247 0)
(2.351539e-05 -0.0035175082 0)
(4.1467425e-06 -0.0014113148 0)
(-2.3980512e-06 -0.0014061077 0)
(-1.4563766e-05 -0.0035125273 0)
(-1.8467152e-05 -0.00491587 0)
(-8.6021811e-06 -0.0056163784 0)
(8.6018915e-06 -0.0056163782 0)
(1.8467073e-05 -0.0049158697 0)
(1.4563901e-05 -0.003512527 0)
(2.3981413e-06 -0.0014061075 0)
(-1.3354719e-06 -0.0014029757 0)
(-8.8248208e-06 -0.0035093196 0)
(-1.1562146e-05 -0.0049168519 0)
(-5.4702081e-06 -0.005621705 0)
(5.4698804e-06 -0.0056217049 0)
(1.1562033e-05 -0.0049168516 0)
(8.8249009e-06 -0.0035093193 0)
(1.3355535e-06 -0.0014029755 0)
(-7.0873847e-07 -0.0014011438 0)
(-5.199492e-06 -0.0035072969 0)
(-7.0789859e-06 -0.0049173794 0)
(-3.3979443e-06 -0.0056250117 0)
(3.3976127e-06 -0.0056250116 0)
(7.0788219e-06 -0.0049173792 0)
(5.1995382e-06 -0.0035072967 0)
(7.0879728e-07 -0.0014011437 0)
(-3.4692694e-07 -0.0014001094 0)
(-2.9600589e-06 -0.0035060526 0)
(-4.2135429e-06 -0.0049176417 0)
(-2.0617366e-06 -0.0056270146 0)
(2.0613911e-06 -0.0056270145 0)
(4.2133699e-06 -0.0049176416 0)
(2.9600643e-06 -0.0035060524 0)
(3.4698196e-07 -0.0014001094 0)
(-1.4690941e-07 -0.0013995542 0)
(-1.6048862e-06 -0.0035053077 0)
(-2.4235714e-06 -0.0049177567 0)
(-1.211714e-06 -0.005628191 0)
(1.2113723e-06 -0.005628191 0)
(2.4233726e-06 -0.0049177566 0)
(1.6048726e-06 -0.0035053077 0)
(1.469464e-07 -0.0013995542 0)
(-4.16064e-08 -0.0013992779 0)
(-8.0889478e-07 -0.0035048782 0)
(-1.3291259e-06 -0.0049177919 0)
(-6.8525255e-07 -0.0056288557 0)
(6.8491663e-07 -0.0056288557 0)
(1.3289319e-06 -0.004917792 0)
(8.0886051e-07 -0.0035048783 0)
(4.164199e-08 -0.001399278 0)
(9.1276673e-09 -0.0013991589 0)
(-3.5735923e-07 -0.0035046414 0)
(-6.7953606e-07 -0.004917789 0)
(-3.6616214e-07 -0.0056292106 0)
(3.6584995e-07 -0.0056292107 0)
(6.7934071e-07 -0.0049177891 0)
(3.57318e-07 -0.0035046416 0)
(-9.1019852e-09 -0.001399159 0)
(2.9871282e-08 -0.0013991234 0)
(-1.1417597e-07 -0.0035045205 0)
(-3.0700607e-07 -0.004917769 0)
(-1.7952011e-07 -0.0056293845 0)
(1.7923795e-07 -0.0056293845 0)
(3.0683102e-07 -0.0049177692 0)
(1.1413672e-07 -0.0035045207 0)
(-2.9846927e-08 -0.0013991235 0)
(3.490105e-08 -0.0013991291 0)
(7.2458586e-09 -0.0035044654 0)
(-1.0422412e-07 -0.0049177447 0)
(-7.3983179e-08 -0.0056294562 0)
(7.3734085e-08 -0.0056294563 0)
(1.0407482e-07 -0.004917745 0)
(-7.2836804e-09 -0.0035044657 0)
(-3.4878066e-08 -0.0013991293 0)
(3.2659347e-08 -0.001399152 0)
(5.9286293e-08 -0.0035044469 0)
(-1.0654099e-09 -0.0049177211 0)
(-1.8670469e-08 -0.005629474 0)
(1.8472807e-08 -0.005629474 0)
(9.4440525e-10 -0.0049177215 0)
(-5.9303634e-08 -0.0035044473 0)
(-3.2639302e-08 -0.0013991522 0)
(2.7270497e-08 -0.0013991795 0)
(7.4991949e-08 -0.0035044466 0)
(4.3888889e-08 -0.0049177013 0)
(8.9102462e-09 -0.0056294654 0)
(-9.057188e-09 -0.0056294656 0)
(-4.396411e-08 -0.0049177017 0)
(-7.5002952e-08 -0.003504447 0)
(-2.7245153e-08 -0.0013991797 0)
(2.1611583e-08 -0.0013992054 0)
(7.17193e-08 -0.0035044545 0)
(5.890058e-08 -0.0049176853 0)
(1.8942962e-08 -0.0056294465 0)
(-1.9025385e-08 -0.0056294467 0)
(-5.8939382e-08 -0.0049176858 0)
(-7.1697326e-08 -0.003504455 0)
(-2.1591037e-08 -0.0013992056 0)
(1.6070534e-08 -0.0013992273 0)
(6.1687063e-08 -0.0035044649 0)
(5.7017245e-08 -0.0049176732 0)
(2.2040479e-08 -0.0056294253 0)
(-2.2065171e-08 -0.0056294256 0)
(-5.699979e-08 -0.0049176737 0)
(-6.1657187e-08 -0.0035044655 0)
(-1.6040874e-08 -0.0013992276 0)
(1.1869484e-08 -0.0013992446 0)
(4.8597554e-08 -0.0035044752 0)
(4.9836287e-08 -0.0049176642 0)
(1.9336797e-08 -0.005629406 0)
(-1.9292375e-08 -0.0056294062 0)
(-4.9780906e-08 -0.0049176648 0)
(-4.8530102e-08 -0.0035044757 0)
(-1.1846042e-08 -0.0013992449 0)
(8.1672351e-09 -0.0013992576 0)
(3.7279135e-08 -0.0035044838 0)
(3.9107566e-08 -0.0049176579 0)
(1.6914735e-08 -0.0056293898 0)
(-1.6813369e-08 -0.0056293901 0)
(-3.8995783e-08 -0.0049176584 0)
(-3.7204955e-08 -0.0035044845 0)
(-8.1336531e-09 -0.0013992579 0)
(5.8272508e-09 -0.001399267 0)
(2.6640218e-08 -0.0035044908 0)
(3.0364579e-08 -0.0049176533 0)
(1.2298761e-08 -0.0056293772 0)
(-1.2133278e-08 -0.0056293774 0)
(-3.0219102e-08 -0.0049176539 0)
(-2.6530689e-08 -0.0035044914 0)
(-5.8004524e-09 -0.0013992673 0)
(3.6953638e-09 -0.0013992736 0)
(1.9236193e-08 -0.0035044959 0)
(2.1337699e-08 -0.0049176502 0)
(9.9877129e-09 -0.0056293677 0)
(-9.7742521e-09 -0.005629368 0)
(-2.1144057e-08 -0.0049176508 0)
(-1.9122901e-08 -0.0035044966 0)
(-3.6594416e-09 -0.0013992739 0)
(2.6318268e-09 -0.001399278 0)
(1.2592063e-08 -0.0035044996 0)
(1.5622563e-08 -0.0049176481 0)
(6.2625774e-09 -0.005629361 0)
(-5.998427e-09 -0.0056293612 0)
(-1.540388e-08 -0.0049176487 0)
(-1.2450315e-08 -0.0035045002 0)
(-2.6024368e-09 -0.0013992783 0)
(1.4665547e-09 -0.0013992809 0)
(8.744529e-09 -0.0035045021 0)
(9.789554e-09 -0.0049176467 0)
(5.1195209e-09 -0.0056293563 0)
(-4.8223182e-09 -0.0056293565 0)
(-9.5365276e-09 -0.0049176473 0)
(-8.6029853e-09 -0.0035045027 0)
(-1.4301983e-09 -0.0013992812 0)
(1.1133024e-09 -0.0013992827 0)
(5.0072058e-09 -0.0035045037 0)
(6.9440363e-09 -0.0049176458 0)
(2.5333769e-09 -0.0056293532 0)
(-2.2036758e-09 -0.0056293534 0)
(-6.6770958e-09 -0.0049176463 0)
(-4.8464005e-09 -0.0035045042 0)
(-1.0826334e-09 -0.001399283 0)
(4.5925066e-10 -0.0013992837 0)
(3.3981807e-09 -0.0035045046 0)
(3.4931968e-09 -0.0049176451 0)
(2.3494009e-09 -0.0056293512 0)
(-2.0039398e-09 -0.0056293514 0)
(-3.2078585e-09 -0.0049176456 0)
(-3.2416443e-09 -0.0035045051 0)
(-4.2413378e-10 -0.001399284 0)
(4.5394479e-10 -0.0013992843 0)
(1.3435717e-09 -0.003504505 0)
(2.4800397e-09 -0.0049176447 0)
(5.5966437e-10 -0.00562935 0)
(-2.0067248e-10 -0.0056293502 0)
(-2.1920148e-09 -0.0049176452 0)
(-1.1771153e-09 -0.0035045055 0)
(-4.233416e-10 -0.0013992845 0)
(4.4786452e-11 -0.0013992844 0)
(9.2803833e-10 -0.0035045051 0)
(4.2759769e-10 -0.0049176444 0)
(9.5096289e-10 -0.0056293494 0)
(-5.9253391e-10 -0.0056293496 0)
(-1.3616025e-10 -0.0049176448 0)
(-7.6922999e-10 -0.0035045055 0)
(-1.2077914e-11 -0.0013992846 0)
(1.9246731e-10 -0.0013992844 0)
(-2.6726165e-10 -0.0035045049 0)
(3.9837222e-10 -0.0049176442 0)
(-3.8195488e-10 -0.0056293491 0)
(7.3742023e-10 -0.0056293493 0)
(-1.1364338e-10 -0.0049176446 0)
(4.2801344e-10 -0.0035045053 0)
(-1.6298449e-10 -0.0013992846 0)
(-1.0765482e-10 -0.0013992842 0)
(-1.1539252e-10 -0.0035045047 0)
(-9.307053e-10 -0.004917644 0)
(3.0124568e-10 -0.0056293491 0)
(4.0751801e-11 -0.0056293492 0)
(1.2069042e-09 -0.0049176444 0)
(2.6632701e-10 -0.003504505 0)
(1.3735358e-10 -0.0013992844 0)
(9.9223275e-11 -0.001399284 0)
(-9.0843732e-10 -0.0035045043 0)
(-4.9131739e-10 -0.0049176439 0)
(-7.9483021e-10 -0.0056293492 0)
(1.1218019e-09 -0.0056293494 0)
(7.5441058e-10 -0.0049176442 0)
(1.0554758e-09 -0.0035045046 0)
(-7.1488884e-11 -0.0013992841 0)
(-1.5448308e-10 -0.0013992837 0)
(-5.1429978e-10 -0.0035045038 0)
(-1.4757085e-09 -0.0049176438 0)
(1.6173421e-11 -0.0056293495 0)
(2.8904789e-10 -0.0056293496 0)
(1.7222941e-09 -0.004917644 0)
(6.5075859e-10 -0.0035045041 0)
(1.8106839e-10 -0.0013992838 0)
(7.0421676e-11 -0.0013992834 0)
(-1.1303906e-09 -0.0035045033 0)
(-8.3773896e-10 -0.0049176437 0)
(-9.6199884e-10 -0.0056293498 0)
(1.245161e-09 -0.0056293499 0)
(1.0681399e-09 -0.0049176439 0)
(1.2593744e-09 -0.0035045036 0)
(-4.4642667e-11 -0.0013992835 0)
(-1.6313416e-10 -0.001399283 0)
(-6.4655757e-10 -0.0035045029 0)
(-1.6654041e-09 -0.0049176435 0)
(-1.0620844e-10 -0.0056293501 0)
(3.6397337e-10 -0.0056293502 0)
(1.8752088e-09 -0.0049176438 0)
(7.655009e-10 -0.003504503 0)
(1.8686386e-10 -0.0013992831 0)
(6.3272688e-11 -0.0013992827 0)
(-1.1866195e-09 -0.0035045023 0)
(-9.5648531e-10 -0.0049176435 0)
(-1.0234074e-09 -0.0056293505 0)
(1.2566293e-09 -0.0056293506 0)
(1.1499811e-09 -0.0049176436 0)
(1.2964468e-09 -0.0035045025 0)
(-3.9327145e-11 -0.0013992827 0)
(-1.6002299e-10 -0.0013992823 0)
(-6.7859657e-10 -0.0035045018 0)
(-1.7120209e-09 -0.0049176433 0)
(-1.6078409e-10 -0.0056293508 0)
(3.6879738e-10 -0.0056293509 0)
(1.8839936e-09 -0.0049176435 0)
(7.79917e-10 -0.003504502 0)
(1.8136391e-10 -0.0013992824 0)
(6.1907876e-11 -0.001399282 0)
(-1.1837606e-09 -0.0035045013 0)
(-9.8732649e-10 -0.0049176432 0)
(-1.0414924e-09 -0.0056293512 0)
(1.2259236e-09 -0.0056293513 0)
(1.1450567e-09 -0.0049176433 0)
(1.2757193e-09 -0.0035045014 0)
(-3.9471141e-11 -0.001399282 0)
(-1.5431887e-10 -0.0013992816 0)
(-6.7716718e-10 -0.0035045008 0)
(-1.7053365e-09 -0.0049176431 0)
(-1.8788944e-10 -0.0056293516 0)
(3.4994689e-10 -0.0056293516 0)
(1.842769e-09 -0.0049176432 0)
(7.6275832e-10 -0.0035045009 0)
(1.7381114e-10 -0.0013992817 0)
(6.1273632e-11 -0.0013992813 0)
(-1.1624166e-09 -0.0035045003 0)
(-9.8663852e-10 -0.004917643 0)
(-1.0415288e-09 -0.0056293519 0)
(1.1831111e-09 -0.005629352 0)
(1.1132028e-09 -0.0049176431 0)
(1.2392198e-09 -0.0035045004 0)
(-3.9939481e-11 -0.0013992813 0)
(-1.4864283e-10 -0.001399281 0)
(-6.6616349e-10 -0.0035044998 0)
(-1.679819e-09 -0.0049176429 0)
(-2.0301985e-10 -0.0056293523 0)
(3.264937e-10 -0.0056293523 0)
(1.7884632e-09 -0.004917643 0)
(7.3897471e-10 -0.0035044999 0)
(1.6679949e-10 -0.001399281 0)
(6.0188245e-11 -0.0013992807 0)
(-1.1361516e-09 -0.0035044993 0)
(-9.7483273e-10 -0.0049176428 0)
(-1.0328238e-09 -0.0056293526 0)
(1.139895e-09 -0.0056293526 0)
(1.0764985e-09 -0.0049176428 0)
(1.2010796e-09 -0.0035044994 0)
(-3.9561679e-11 -0.0013992807 0)
(-1.4345316e-10 -0.0013992803 0)
(-6.5280832e-10 -0.0035044988 0)
(-1.6472574e-09 -0.0049176426 0)
(-2.1157508e-10 -0.0056293529 0)
(3.0522699e-10 -0.005629353 0)
(1.7337238e-09 -0.0049176427 0)
(7.1606997e-10 -0.0035044989 0)
(1.6069882e-10 -0.0013992804 0)
(5.862629e-11 -0.00139928 0)
(-1.1086332e-09 -0.0035044983 0)
(-9.5834204e-10 -0.0049176425 0)
(-1.018623e-09 -0.0056293533 0)
(1.1000185e-09 -0.0056293533 0)
(1.0416457e-09 -0.0049176426 0)
(1.1648998e-09 -0.0035044984 0)
(-3.8381223e-11 -0.00139928 0)
(-1.3865588e-10 -0.0013992797 0)
(-6.3865358e-10 -0.0035044978 0)
(-1.6111625e-09 -0.0049176424 0)
(-2.1540048e-10 -0.0056293536 0)
(2.8779444e-10 -0.0056293536 0)
(1.6817815e-09 -0.0049176425 0)
(6.9534938e-10 -0.0035044979 0)
(1.5530056e-10 -0.0013992797 0)
(5.6784271e-11 -0.0013992794 0)
(-1.0804696e-09 -0.0035044973 0)
(-9.3887141e-10 -0.0049176423 0)
(-1.0002318e-09 -0.0056293539 0)
(1.0640309e-09 -0.005629354 0)
(1.0097108e-09 -0.0049176424 0)
(1.1308395e-09 -0.0035044974 0)
(-3.6688674e-11 -0.0013992794 0)
(-1.3410702e-10 -0.001399279 0)
(-6.2373072e-10 -0.0035044968 0)
(-1.5725005e-09 -0.0049176422 0)
(-2.1533978e-10 -0.0056293542 0)
(2.7389627e-10 -0.0056293543 0)
(1.6326659e-09 -0.0049176423 0)
(6.763138e-10 -0.0035044969 0)
(1.5034609e-10 -0.0013992791 0)
(5.4823666e-11 -0.0013992787 0)
(-1.0516135e-09 -0.0035044963 0)
(-9.1686636e-10 -0.0049176421 0)
(-9.7848844e-10 -0.0056293545 0)
(1.0313624e-09 -0.0056293546 0)
(9.8004592e-10 -0.0049176422 0)
(1.0982371e-09 -0.0035044965 0)
(-3.4740187e-11 -0.0013992788 0)
(-1.2972146e-10 -0.0013992784 0)
(-6.0788716e-10 -0.0035044959 0)
(-1.5316832e-09 -0.0049176419 0)
(-2.120551e-10 -0.0056293549 0)
(2.6264818e-10 -0.0056293549 0)
(1.5855937e-09 -0.0049176421 0)
(6.581893e-10 -0.003504496 0)
(1.4565211e-10 -0.0013992785 0)
(5.2837213e-11 -0.0013992781 0)
(-1.0220428e-09 -0.0035044954 0)
(-8.9260312e-10 -0.0049176418 0)
(-9.5416134e-10 -0.0056293552 0)
(1.001184e-09 -0.0056293552 0)
(9.517201e-10 -0.004917642 0)
(1.0664471e-09 -0.0035044955 0)
(-3.2708944e-11 -0.0013992782 0)
(-1.2546782e-10 -0.0013992778 0)
(-5.9109385e-10 -0.003504495 0)
(-1.4891083e-09 -0.0049176417 0)
(-2.0619362e-10 -0.0056293555 0)
(2.531278e-10 -0.0056293555 0)
(1.5397823e-09 -0.0049176418 0)
(6.4036175e-10 -0.0035044951 0)
(1.4111236e-10 -0.0013992779 0)
(5.0869859e-11 -0.0013992776 0)
(-9.9186071e-10 -0.0035044945 0)
(-8.6641953e-10 -0.0049176416 0)
(-9.2798423e-10 -0.0056293558 0)
(9.7273846e-10 -0.0056293558 0)
(9.2396391e-10 -0.0049176417 0)
(1.0350315e-09 -0.0035044947 0)
(-3.0700237e-11 -0.0013992776 0)
(-1.2134341e-10 -0.0013992773 0)
(-5.7344131e-10 -0.0035044941 0)
(-1.4452232e-09 -0.0049176415 0)
(-1.9836391e-10 -0.0056293561 0)
(2.4456906e-10 -0.0056293561 0)
(1.4946655e-09 -0.0049176416 0)
(6.2243849e-10 -0.0035044942 0)
(1.3667364e-10 -0.0013992773 0)
(4.8942588e-11 -0.001399277 0)
(-9.6124825e-10 -0.0035044936 0)
(-8.3869785e-10 -0.0049176414 0)
(-9.0061202e-10 -0.0056293563 0)
(9.4544409e-10 -0.0056293564 0)
(8.9625521e-10 -0.0049176416 0)
(1.0037498e-09 -0.0035044938 0)
(-2.8774475e-11 -0.0013992771 0)
(-1.1735601e-10 -0.0013992767 0)
(-5.550793e-10 -0.0035044932 0)
(-1.4004776e-09 -0.0049176413 0)
(-1.8909126e-10 -0.0056293566 0)
(2.3640701e-10 -0.0056293567 0)
(1.4499045e-09 -0.0049176415 0)
(6.04208e-10 -0.0035044934 0)
(1.3231428e-10 -0.0013992768 0)
(4.706667e-11 -0.0013992764 0)
(-9.3040968e-10 -0.0035044928 0)
(-8.0981197e-10 -0.0049176412 0)
(-8.7258783e-10 -0.0056293569 0)
(9.1890249e-10 -0.005629357 0)
(8.6829019e-10 -0.0049176414 0)
(9.7250621e-10 -0.003504493 0)
(-2.6964885e-11 -0.0013992765 0)
(-1.1351407e-10 -0.0013992762 0)
(-5.3617074e-10 -0.0035044924 0)
(-1.3552812e-09 -0.0049176411 0)
(-1.7879759e-10 -0.0056293572 0)
(2.2826177e-10 -0.0056293573 0)
(1.405341e-09 -0.0049176413 0)
(5.8558472e-10 -0.0035044926 0)
(1.2802972e-10 -0.0013992762 0)
(4.5251024e-11 -0.0013992759 0)
(-8.9953923e-10 -0.003504492 0)
(-7.800955e-10 -0.004917641 0)
(-8.4433817e-10 -0.0056293575 0)
(8.9286962e-10 -0.0056293575 0)
(8.3992934e-10 -0.0049176412 0)
(9.4129872e-10 -0.0035044922 0)
(-2.5288903e-11 -0.001399276 0)
(-1.0982306e-10 -0.0013992756 0)
(-5.168688e-10 -0.0035044916 0)
(-1.3099854e-09 -0.0049176409 0)
(-1.6780605e-10 -0.0056293577 0)
(2.1990134e-10 -0.0056293578 0)
(1.3609427e-09 -0.0049176411 0)
(5.6656462e-10 -0.0035044918 0)
(1.238238e-10 -0.0013992757 0)
(4.3504028e-11 -0.0013992754 0)
(-8.6880845e-10 -0.0035044912 0)
(-7.4983271e-10 -0.0049176408 0)
(-8.1618655e-10 -0.005629358 0)
(8.6721711e-10 -0.0056293581 0)
(8.1114577e-10 -0.004917641 0)
(9.1018136e-10 -0.0035044914 0)
(-2.3754506e-11 -0.0013992755 0)
(-1.0628519e-10 -0.0013992751 0)
(-4.973098e-10 -0.0035044909 0)
(-1.2648831e-09 -0.0049176407 0)
(-1.5635851e-10 -0.0056293583 0)
(2.1120151e-10 -0.0056293584 0)
(1.3167585e-09 -0.0049176409 0)
(5.4719283e-10 -0.0035044911 0)
(1.1970405e-10 -0.0013992752 0)
(4.1834047e-11 -0.0013992749 0)
(-8.3836465e-10 -0.0035044905 0)
(-7.1926296e-10 -0.0049176407 0)
(-7.8837475e-10 -0.0056293585 0)
(8.418949e-10 -0.0056293586 0)
(7.8198435e-10 -0.0049176409 0)
(8.79238e-10 -0.0035044907 0)
(-2.2364166e-11 -0.001399275 0)
(-1.0289965e-10 -0.0013992747 0)
(-4.7761355e-10 -0.0035044901 0)
(-1.2202176e-09 -0.0049176406 0)
(-1.4463655e-10 -0.0056293588 0)
(2.02111e-10 -0.0056293589 0)
(1.2728831e-09 -0.0049176408 0)
(5.2754192e-10 -0.0035044903 0)
(1.1567907e-10 -0.0013992748 0)
(4.0248854e-11 -0.0013992744 0)
(-8.0833328e-10 -0.0035044898 0)
(-6.8858907e-10 -0.0049176405 0)
(-7.6108413e-10 -0.005629359 0)
(8.1690152e-10 -0.0056293591 0)
(7.525318e-10 -0.0049176407 0)
(8.4856505e-10 -0.00350449 0)
(-2.1117024e-11 -0.0013992745 0)
(-9.9663748e-11 -0.0013992742 0)
(-4.5788596e-10 -0.0035044894 0)
(-1.1761914e-09 -0.0049176404 0)
(-1.3277963e-10 -0.0056293593 0)
(1.9262486e-10 -0.0056293594 0)
(1.229433e-09 -0.0049176406 0)
(5.0769732e-10 -0.0035044896 0)
(1.117569e-10 -0.0013992743 0)
(3.8755064e-11 -0.001399274 0)
(-7.7882141e-10 -0.0035044891 0)
(-6.5798561e-10 -0.0049176403 0)
(-7.344521e-10 -0.0056293595 0)
(7.9226229e-10 -0.0056293596 0)
(7.2289578e-10 -0.0049176406 0)
(8.1826063e-10 -0.0035044893 0)
(-2.0010021e-11 -0.0013992741 0)
(-9.6573453e-11 -0.0013992738 0)
(-4.3822142e-10 -0.0035044887 0)
(-1.1329742e-09 -0.0049176403 0)
(-1.2089849e-10 -0.0056293598 0)
(1.8276579e-10 -0.0056293599 0)
(1.1865304e-09 -0.0049176405 0)
(4.8774846e-10 -0.003504489 0)
(1.0794476e-10 -0.0013992739 0)
(3.735775e-11 -0.0013992735 0)
(-7.4991994e-10 -0.0035044884 0)
(-6.2760415e-10 -0.0049176402 0)
(-7.0858393e-10 -0.00562936 0)
(7.6801507e-10 -0.0056293601 0)
(6.9319143e-10 -0.0049176404 0)
(7.8841785e-10 -0.0035044886 0)
(-1.9038612e-11 -0.0013992736 0)
(-9.3624045e-11 -0.0013992733 0)
(-4.1870396e-10 -0.0035044881 0)
(-1.0907083e-09 -0.0049176401 0)
(-1.0908331e-10 -0.0056293602 0)
(1.7257159e-10 -0.0056293603 0)
(1.1442932e-09 -0.0049176404 0)
(4.6778282e-10 -0.0035044883 0)
(1.0424841e-10 -0.0013992734 0)
(3.6060632e-11 -0.0013992731 0)
(-7.2170542e-10 -0.0035044878 0)
(-5.9757648e-10 -0.0049176401 0)
(-6.8356001e-10 -0.0056293605 0)
(7.4420144e-10 -0.0056293606 0)
(6.6353267e-10 -0.0049176403 0)
(7.5912117e-10 -0.003504488 0)
(-1.8197334e-11 -0.0013992732 0)
(-9.0810239e-11 -0.0013992729 0)
(-3.9940796e-10 -0.0035044875 0)
(-1.049511e-09 -0.00491764 0)
(-9.740831e-11 -0.0056293607 0)
(1.6208782e-10 -0.0056293608 0)
(1.1028295e-09 -0.0049176402 0)
(4.4788267e-10 -0.0035044877 0)
(1.0067233e-10 -0.001399273 0)
(3.4865854e-11 -0.0013992727 0)
(-6.9424057e-10 -0.0035044872 0)
(-5.6801585e-10 -0.00491764 0)
(-6.5944003e-10 -0.0056293609 0)
(7.2086211e-10 -0.005629361 0)
(6.3402754e-10 -0.0049176402 0)
(7.3044435e-10 -0.0035044874 0)
(-1.7480089e-11 -0.0013992728 0)
(-8.8126479e-11 -0.0013992725 0)
(-3.8039769e-10 -0.0035044869 0)
(-1.0094764e-09 -0.0049176399 0)
(-8.593428e-11 -0.0056293611 0)
(1.5136384e-10 -0.0056293612 0)
(1.0622342e-09 -0.0049176401 0)
(4.2812312e-10 -0.0035044871 0)
(9.7219658e-11 -0.0013992726 0)
(3.3774256e-11 -0.0013992724 0)
(-6.675747e-10 -0.0035044866 0)
(-5.3901737e-10 -0.0049176398 0)
(-6.3626555e-10 -0.0056293613 0)
(6.9803487e-10 -0.0056293614 0)
(6.0477515e-10 -0.0049176401 0)
(7.024498e-10 -0.0035044868 0)
(-1.6880211e-11 -0.0013992725 0)
(-8.5567087e-11 -0.0013992722 0)
(-3.6172743e-10 -0.0035044864 0)
(-9.7067633e-10 -0.0049176398 0)
(-7.4709372e-11 -0.0056293615 0)
(1.4045021e-10 -0.0056293616 0)
(1.0225883e-09 -0.00491764 0)
(4.0857117e-10 -0.0035044866 0)
(9.3892392e-11 -0.0013992723 0)
(3.2785451e-11 -0.001399272 0)
(-6.4174416e-10 -0.0035044861 0)
(-5.1065818e-10 -0.0049176397 0)
(-6.1406139e-10 -0.0056293618 0)
(6.7575332e-10 -0.0056293618 0)
(5.758646e-10 -0.00491764 0)
(6.7518838e-10 -0.0035044863 0)
(-1.6390674e-11 -0.0013992721 0)
(-8.3126165e-11 -0.0013992718 0)
(-3.4344135e-10 -0.0035044858 0)
(-9.3316152e-10 -0.0049176397 0)
(-6.3769737e-11 -0.005629362 0)
(1.2939741e-10 -0.005629362 0)
(9.8395878e-10 -0.0049176399 0)
(3.8928548e-10 -0.003504486 0)
(9.0691234e-11 -0.0013992719 0)
(3.1898191e-11 -0.0013992717 0)
(-6.1677308e-10 -0.0035044856 0)
(-4.8299798e-10 -0.0049176396 0)
(-5.9283707e-10 -0.0056293622 0)
(6.5404691e-10 -0.0056293622 0)
(5.4737426e-10 -0.0049176399 0)
(6.4869992e-10 -0.0035044858 0)
(-1.6004445e-11 -0.0013992717 0)
(-8.0797889e-11 -0.0013992715 0)
(-3.2557363e-10 -0.0035044853 0)
(-8.9696271e-10 -0.0049176396 0)
(-5.3140412e-11 -0.0056293623 0)
(1.1825501e-10 -0.0056293624 0)
(9.4639849e-10 -0.0049176398 0)
(3.703161e-10 -0.0035044855 0)
(8.7616031e-11 -0.0013992716 0)
(3.1110249e-11 -0.0013992713 0)
(-5.9267417e-10 -0.0035044851 0)
(-4.5607993e-10 -0.0049176396 0)
(-5.7258846e-10 -0.0056293625 0)
(6.3294054e-10 -0.0056293626 0)
(5.1937177e-10 -0.0049176398 0)
(6.2301376e-10 -0.0035044853 0)
(-1.5714282e-11 -0.0013992714 0)
(-7.8576426e-11 -0.0013992712 0)
(-3.0814934e-10 -0.0035044848 0)
(-8.6209263e-10 -0.0049176395 0)
(-4.2836003e-11 -0.0056293627 0)
(1.0707081e-10 -0.0056293628 0)
(9.0994715e-10 -0.0049176397 0)
(3.5170479e-10 -0.0035044851 0)
(8.4665673e-11 -0.0013992713 0)
(3.0418762e-11 -0.001399271 0)
(-5.6944975e-10 -0.0035044846 0)
(-4.299319e-10 -0.0049176395 0)
(-5.5329943e-10 -0.0056293629 0)
(6.1245476e-10 -0.005629363 0)
(4.9191403e-10 -0.0049176397 0)
(5.9814935e-10 -0.0035044848 0)
(-1.5513007e-11 -0.0013992711 0)
(-7.6455937e-11 -0.0013992709 0)
(-2.911849e-10 -0.0035044844 0)
(-8.2854777e-10 -0.0049176394 0)
(-3.286221e-11 -0.0056293631 0)
(9.5890088e-11 -0.0056293632 0)
(8.7463209e-10 -0.0049176396 0)
(3.3348552e-10 -0.0035044846 0)
(8.1838414e-11 -0.001399271 0)
(2.9820405e-11 -0.0013992707 0)
(-5.4709304e-10 -0.0035044842 0)
(-4.0456846e-10 -0.0049176394 0)
(-5.3494387e-10 -0.0056293633 0)
(5.9260548e-10 -0.0056293633 0)
(4.650477e-10 -0.0049176396 0)
(5.7411744e-10 -0.0035044844 0)
(-1.5393615e-11 -0.0013992708 0)
(-7.4430685e-11 -0.0013992706 0)
(-2.7468908e-10 -0.003504484 0)
(-7.9631106e-10 -0.0049176394 0)
(-2.3217268e-11 -0.0056293634 0)
(8.4755258e-11 -0.0056293635 0)
(8.4046915e-10 -0.0049176395 0)
(3.156847e-10 -0.0035044842 0)
(7.9131603e-11 -0.0013992707 0)
(2.9311374e-11 -0.0013992704 0)
(-5.2558975e-10 -0.0035044838 0)
(-3.7999242e-10 -0.0049176393 0)
(-5.1748778e-10 -0.0056293636 0)
(5.7340423e-10 -0.0056293637 0)
(4.3880957e-10 -0.0049176395 0)
(5.509205e-10 -0.0035044839 0)
(-1.5349308e-11 -0.0013992705 0)
(-7.2495213e-11 -0.0013992703 0)
(-2.586645e-10 -0.0035044836 0)
(-7.6535403e-10 -0.0049176393 0)
(-1.3893258e-11 -0.0056293638 0)
(7.3705085e-11 -0.0056293638 0)
(8.0746386e-10 -0.0049176395 0)
(2.9832193e-10 -0.0035044837 0)
(7.6542241e-11 -0.0013992704 0)
(2.8887336e-11 -0.0013992702 0)
(-5.0491929e-10 -0.0035044834 0)
(-3.5619697e-10 -0.0049176393 0)
(-5.008912e-10 -0.0056293639 0)
(5.5485784e-10 -0.005629364 0)
(4.1322733e-10 -0.0049176394 0)
(5.2855426e-10 -0.0035044835 0)
(-1.5373492e-11 -0.0013992702 0)
(-7.064426e-11 -0.00139927 0)
(-2.4310827e-10 -0.0035044832 0)
(-7.3563915e-10 -0.0049176392 0)
(-4.8778462e-12 -0.0056293641 0)
(6.2774261e-11 -0.0056293642 0)
(7.7561242e-10 -0.0049176394 0)
(2.8141066e-10 -0.0035044833 0)
(7.4066751e-11 -0.0013992701 0)
(2.8543947e-11 -0.0013992699 0)
(-4.8505628e-10 -0.003504483 0)
(-3.3316773e-10 -0.0049176392 0)
(-4.8511025e-10 -0.0056293642 0)
(5.3696886e-10 -0.0056293643 0)
(3.8832006e-10 -0.0049176394 0)
(5.0700816e-10 -0.0035044832 0)
(-1.5459996e-11 -0.00139927 0)
(-6.8872665e-11 -0.0013992698 0)
(-2.2801319e-10 -0.0035044828 0)
(-7.0712235e-10 -0.0049176392 0)
(3.8443546e-12 -0.0056293644 0)
(5.1993215e-11 -0.0056293645 0)
(7.4490277e-10 -0.0049176393 0)
(2.6495861e-10 -0.003504483 0)
(7.1701195e-11 -0.0013992699 0)
(2.8276558e-11 -0.0013992697 0)
(-4.6597164e-10 -0.0035044826 0)
(-3.1088433e-10 -0.0049176392 0)
(-4.7009865e-10 -0.0056293645 0)
(5.1973536e-10 -0.0056293646 0)
(3.6409922e-10 -0.0049176393 0)
(4.8626658e-10 -0.0035044828 0)
(-1.5602955e-11 -0.0013992697 0)
(-6.7175667e-11 -0.0013992696 0)
(-2.1336892e-10 -0.0035044825 0)
(-6.7975464e-10 -0.0049176391 0)
(1.2290681e-11 -0.0056293647 0)
(4.1387893e-11 -0.0056293648 0)
(7.1531588e-10 -0.0049176393 0)
(2.4896878e-10 -0.0035044826 0)
(6.9441378e-11 -0.0013992696 0)
(2.8080488e-11 -0.0013992694 0)
(-4.476339e-10 -0.0035044823 0)
(-2.8932237e-10 -0.0049176391 0)
(-4.5580926e-10 -0.0056293648 0)
(5.0315146e-10 -0.0056293649 0)
(3.4056962e-10 -0.0049176393 0)
(4.6630972e-10 -0.0035044824 0)
(-1.5796882e-11 -0.0013992695 0)
(-6.5548773e-11 -0.0013992693 0)
(-1.9916258e-10 -0.0035044821 0)
(-6.5348419e-10 -0.0049176391 0)
(2.047918e-11 -0.005629365 0)
(3.0979914e-11 -0.005629365 0)
(6.868269e-10 -0.0049176392 0)
(2.3344015e-10 -0.0035044823 0)
(6.7282933e-11 -0.0013992694 0)
(2.7950883e-11 -0.0013992692 0)
(-4.3001003e-10 -0.003504482 0)
(-2.6845451e-10 -0.0049176391 0)
(-4.4219513e-10 -0.0056293651 0)
(4.8720762e-10 -0.0056293652 0)
(3.1773002e-10 -0.0049176392 0)
(4.4711453e-10 -0.0035044821 0)
(-1.6036573e-11 -0.0013992693 0)
(-6.3987685e-11 -0.0013992691 0)
(-1.8537987e-10 -0.0035044818 0)
(-6.2825766e-10 -0.004917639 0)
(2.8427913e-11 -0.0056293652 0)
(2.0786859e-11 -0.0056293653 0)
(6.5940615e-10 -0.0049176392 0)
(2.1836818e-10 -0.003504482 0)
(6.5221311e-11 -0.0013992692 0)
(2.7883094e-11 -0.001399269 0)
(-4.1306636e-10 -0.0035044817 0)
(-2.4825206e-10 -0.004917639 0)
(-4.2921046e-10 -0.0056293654 0)
(4.7189104e-10 -0.0056293654 0)
(2.9557445e-10 -0.0049176392 0)
(4.2865529e-10 -0.0035044818 0)
(-1.6317276e-11 -0.0013992691 0)
(-6.2488389e-11 -0.0013992689 0)
(-1.7200549e-10 -0.0035044815 0)
(-6.0402148e-10 -0.004917639 0)
(3.6154341e-11 -0.0056293655 0)
(1.082227e-11 -0.0056293656 0)
(6.3302025e-10 -0.0049176391 0)
(2.0374563e-10 -0.0035044817 0)
(6.3251883e-11 -0.001399269 0)
(2.7872362e-11 -0.0013992688 0)
(-3.9676925e-10 -0.0035044814 0)
(-2.2868567e-10 -0.004917639 0)
(-4.1681133e-10 -0.0056293656 0)
(4.5718602e-10 -0.0056293657 0)
(2.7409281e-10 -0.0049176391 0)
(4.1090454e-10 -0.0035044815 0)
(-1.6634586e-11 -0.0013992689 0)
(-6.1047136e-11 -0.0013992687 0)
(-1.5902373e-10 -0.0035044812 0)
(-5.8072288e-10 -0.004917639 0)
(4.3674466e-11 -0.0056293657 0)
(1.0962838e-12 -0.0056293658 0)
(6.0763306e-10 -0.0049176391 0)
(1.8956317e-10 -0.0035044814 0)
(6.1369989e-11 -0.0013992688 0)
(2.7914062e-11 -0.0013992686 0)
(-3.8108564e-10 -0.0035044811 0)
(-2.0972646e-10 -0.0049176389 0)
(-4.0495623e-10 -0.0056293659 0)
(4.4307461e-10 -0.0056293659 0)
(2.5327196e-10 -0.0049176391 0)
(3.9383373e-10 -0.0035044812 0)
(-1.6984355e-11 -0.0013992687 0)
(-5.9660402e-11 -0.0013992685 0)
(-1.4641906e-10 -0.003504481 0)
(-5.5831071e-10 -0.0049176389 0)
(5.1002957e-11 -0.005629366 0)
(-8.384058e-12 -0.005629366 0)
(5.8320672e-10 -0.004917639 0)
(1.7580988e-10 -0.0035044811 0)
(5.9571027e-11 -0.0013992686 0)
(2.8003759e-11 -0.0013992685 0)
(-3.6598343e-10 -0.0035044808 0)
(-1.9134637e-10 -0.0049176389 0)
(-3.9360621e-10 -0.0056293661 0)
(4.2953691e-10 -0.0056293661 0)
(2.3309644e-10 -0.004917639 0)
(3.7741381e-10 -0.003504481 0)
(-1.7362742e-11 -0.0013992685 0)
(-5.8324916e-11 -0.0013992684 0)
(-1.3417637e-10 -0.0035044807 0)
(-5.3673576e-10 -0.0049176389 0)
(5.8152698e-11 -0.0056293662 0)
(-1.7614366e-11 -0.0056293662 0)
(5.5970226e-10 -0.004917639 0)
(1.6247398e-10 -0.0035044808 0)
(5.7850524e-11 -0.0013992684 0)
(2.8137005e-11 -0.0013992683 0)
(-3.5143176e-10 -0.0035044806 0)
(-1.735189e-10 -0.0049176389 0)
(-3.8272509e-10 -0.0056293663 0)
(4.1655173e-10 -0.0056293664 0)
(2.1354922e-10 -0.004917639 0)
(3.6161553e-10 -0.0035044807 0)
(-1.7766193e-11 -0.0013992683 0)
(-5.7037489e-11 -0.0013992682 0)
(-1.2228129e-10 -0.0035044805 0)
(-5.1595156e-10 -0.0049176389 0)
(6.5134742e-11 -0.0056293664 0)
(-2.6592308e-11 -0.0056293665 0)
(5.3708045e-10 -0.004917639 0)
(1.4954306e-10 -0.0035044806 0)
(5.6203942e-11 -0.0013992683 0)
(2.830961e-11 -0.0013992681 0)
(-3.3740143e-10 -0.0035044804 0)
(-1.5621938e-10 -0.0049176388 0)
(-3.7227958e-10 -0.0056293665 0)
(4.0409691e-10 -0.0056293666 0)
(1.9461236e-10 -0.004917639 0)
(3.4641026e-10 -0.0035044805 0)
(-1.8191281e-11 -0.0013992682 0)
(-5.5795226e-11 -0.0013992681 0)
(-1.1072048e-10 -0.0035044803 0)
(-4.959143e-10 -0.0049176388 0)
(7.1958145e-11 -0.0056293666 0)
(-3.5317352e-11 -0.0056293667 0)
(5.1530227e-10 -0.0049176389 0)
(1.3700468e-10 -0.0035044804 0)
(5.4627031e-11 -0.0013992681 0)
(2.8517453e-11 -0.001399268 0)
(-3.2386495e-10 -0.0035044801 0)
(-1.3942506e-10 -0.0049176388 0)
(-3.6223928e-10 -0.0056293667 0)
(3.9214966e-10 -0.0056293667 0)
(1.7626769e-10 -0.0049176389 0)
(3.3176986e-10 -0.0035044803 0)
(-1.8634981e-11 -0.001399268 0)
(-5.4595407e-11 -0.0013992679 0)
(-9.9481735e-11 -0.00350448 0)
(-4.7658331e-10 -0.0049176388 0)
(7.8630203e-11 -0.0056293668 0)
(-4.3790295e-11 -0.0056293668 0)
(4.9432973e-10 -0.0049176389 0)
(1.2484641e-10 -0.0035044802 0)
(5.3115479e-11 -0.001399268 0)
(2.8756565e-11 -0.0013992678 0)
(-3.107967e-10 -0.0035044799 0)
(-1.2311572e-10 -0.0049176388 0)
(-3.5257649e-10 -0.0056293669 0)
(3.8068714e-10 -0.0056293669 0)
(1.5849723e-10 -0.0049176389 0)
(3.176674e-10 -0.00350448 0)
(-1.9094287e-11 -0.0013992679 0)
(-5.343531e-11 -0.0013992678 0)
(-8.8554172e-11 -0.0035044798 0)
(-4.5792102e-10 -0.0049176388 0)
(8.5156364e-11 -0.005629367 0)
(-5.2012629e-11 -0.005629367 0)
(4.7412596e-10 -0.0049176389 0)
(1.1305653e-10 -0.0035044799 0)
(5.1665242e-11 -0.0013992678 0)
(2.9023144e-11 -0.0013992677 0)
(-2.981729e-10 -0.0035044797 0)
(-1.0727342e-10 -0.0049176388 0)
(-3.432661e-10 -0.0056293671 0)
(3.6968681e-10 -0.0056293671 0)
(1.4128374e-10 -0.0049176389 0)
(3.0407707e-10 -0.0035044798 0)
(-1.9566408e-11 -0.0013992677 0)
(-5.2312534e-11 -0.0013992676 0)
(-7.7928214e-11 -0.0035044797 0)
(-4.3989309e-10 -0.0049176387 0)
(9.1540349e-11 -0.0056293671 0)
(-5.9986506e-11 -0.0056293672 0)
(4.5465596e-10 -0.0049176388 0)
(1.0162407e-10 -0.0035044798 0)
(5.027247e-11 -0.0013992677 0)
(2.9313515e-11 -0.0013992676 0)
(-2.8597186e-10 -0.0035044796 0)
(-9.1882544e-11 -0.0049176387 0)
(-3.342856e-10 -0.0056293672 0)
(3.5912634e-10 -0.0056293673 0)
(1.2461104e-10 -0.0049176388 0)
(2.9097487e-10 -0.0035044797 0)
(-2.0048531e-11 -0.0013992676 0)
(-5.1224663e-11 -0.0013992675 0)
(-6.7595644e-11 -0.0035044795 0)
(-4.2246819e-10 -0.0049176387 0)
(9.7784313e-11 -0.0056293673 0)
(-6.7714254e-11 -0.0056293673 0)
(4.3588661e-10 -0.0049176388 0)
(9.0539005e-11 -0.0035044796 0)
(4.8933491e-11 -0.0013992676 0)
(2.9624137e-11 -0.0013992675 0)
(-2.7417369e-10 -0.0035044794 0)
(-7.6929998e-11 -0.0049176387 0)
(-3.256147e-10 -0.0056293674 0)
(3.489845e-10 -0.0056293674 0)
(1.0846437e-10 -0.0049176388 0)
(2.7833816e-10 -0.0035044795 0)
(-2.0538112e-11 -0.0013992675 0)
(-5.0169586e-11 -0.0013992674 0)
(-5.7549735e-11 -0.0035044793 0)
(-4.0561832e-10 -0.0049176387 0)
(1.0388902e-10 -0.0056293674 0)
(-7.5197934e-11 -0.0056293675 0)
(4.1778725e-10 -0.0049176388 0)
(7.9792535e-11 -0.0035044794 0)
(4.7644744e-11 -0.0013992674 0)
(2.9951527e-11 -0.0013992673 0)
(-2.6276075e-10 -0.0035044792 0)
(-6.24052e-11 -0.0049176387 0)
(-3.1723527e-10 -0.0056293675 0)
(3.3924102e-10 -0.0056293675 0)
(9.2830815e-11 -0.0049176388 0)
(2.6614643e-10 -0.0035044793 0)
(-2.1032652e-11 -0.0013992674 0)
(-4.9145165e-11 -0.0013992673 0)
(-4.7785406e-11 -0.0035044792 0)
(-3.8931858e-10 -0.0049176387 0)
(1.098539e-10 -0.0056293676 0)
(-8.2439327e-11 -0.0056293676 0)
(4.0032979e-10 -0.0049176388 0)
(6.9377243e-11 -0.0035044792 0)
(4.6402978e-11 -0.0013992673 0)
(3.0292397e-11 -0.0013992672 0)
(-2.5171724e-10 -0.0035044791 0)
(-4.8299912e-11 -0.0049176387 0)
(-3.0913124e-10 -0.0056293676 0)
(3.2987698e-10 -0.0056293677 0)
(7.7699337e-11 -0.0049176388 0)
(2.5438092e-10 -0.0035044792 0)
(-2.1529568e-11 -0.0013992673 0)
(-4.8149535e-11 -0.0013992672 0)
(-3.8298915e-11 -0.003504479 0)
(-3.7354707e-10 -0.0049176387 0)
(1.1567712e-10 -0.0056293677 0)
(-8.9439543e-11 -0.0056293677 0)
(3.8348895e-10 -0.0049176387 0)
(5.9287021e-11 -0.0035044791 0)
(4.5205015e-11 -0.0013992672 0)
(3.0643469e-11 -0.0013992671 0)
(-2.4102946e-10 -0.0035044789 0)
(-3.4608466e-11 -0.0049176387 0)
(-3.0128858e-10 -0.0056293678 0)
(3.2087486e-10 -0.0056293678 0)
(6.3061243e-11 -0.0049176387 0)
(2.4302498e-10 -0.003504479 0)
(-2.2026471e-11 -0.0013992672 0)
(-4.7180844e-11 -0.0013992671 0)
(-2.9088153e-11 -0.0035044789 0)
(-3.582852e-10 -0.0049176386 0)
(1.2135563e-10 -0.0056293678 0)
(-9.6198841e-11 -0.0056293679 0)
(3.6724239e-10 -0.0049176387 0)
(4.9517509e-11 -0.0035044789 0)
(4.4048052e-11 -0.0013992671 0)
(3.1001617e-11 -0.0013992671 0)
(-2.3068577e-10 -0.0035044788 0)
(-2.1327589e-11 -0.0049176386 0)
(-2.9369483e-10 -0.0056293679 0)
(3.1221876e-10 -0.0056293679 0)
(4.8910153e-11 -0.0049176387 0)
(2.3206414e-10 -0.0035044789 0)
(-2.2520976e-11 -0.0013992671 0)
(-4.6237469e-11 -0.001399267 0)
(-2.0152609e-11 -0.0035044787 0)
(-3.4351711e-10 -0.0049176386 0)
(1.2688539e-10 -0.0056293679 0)
(-1.0271658e-10 -0.005629368 0)
(3.5157088e-10 -0.0049176387 0)
(4.0065939e-11 -0.0035044788 0)
(4.292938e-11 -0.001399267 0)
(3.1363724e-11 -0.001399267 0)
(-2.2067652e-10 -0.0035044787 0)
(-8.4563576e-12 -0.0049176386 0)
(-2.8633943e-10 -0.005629368 0)
(3.0389454e-10 -0.005629368 0)
(3.5242127e-11 -0.0049176387 0)
(2.214861e-10 -0.0035044788 0)
(-2.3010578e-11 -0.001399267 0)
(-4.5317902e-11 -0.0013992669 0)
(-1.1493304e-11 -0.0035044786 0)
(-3.2923032e-10 -0.0049176386 0)
(1.3226139e-10 -0.005629368 0)
(-1.0899091e-10 -0.0056293681 0)
(3.3645833e-10 -0.0049176387 0)
(3.0931424e-11 -0.0035044787 0)
(4.184659e-11 -0.001399267 0)
(3.1726813e-11 -0.0013992669 0)
(-2.1099415e-10 -0.0035044786 0)
(4.003522e-12 -0.0049176386 0)
(-2.7921342e-10 -0.0056293681 0)
(2.9588983e-10 -0.0056293681 0)
(2.2056126e-11 -0.0049176387 0)
(2.1128079e-10 -0.0035044786 0)
(-2.3492866e-11 -0.0013992669 0)
(-4.4420861e-11 -0.0013992669 0)
(-3.1129084e-12 -0.0035044785 0)
(-3.1541515e-10 -0.0049176386 0)
(1.3747754e-10 -0.0056293681 0)
(-1.1501902e-10 -0.0056293682 0)
(3.2189208e-10 -0.0049176387 0)
(2.2114667e-11 -0.0035044786 0)
(4.0797517e-11 -0.0013992669 0)
(3.2087843e-11 -0.0013992668 0)
(-2.0163314e-10 -0.0035044785 0)
(1.6048122e-11 -0.0049176386 0)
(-2.7230949e-10 -0.0056293682 0)
(2.881942e-10 -0.0056293682 0)
(9.3533003e-12 -0.0049176386 0)
(2.0144053e-10 -0.0035044785 0)
(-2.3965329e-11 -0.0013992668 0)
(-4.3545126e-11 -0.0013992668 0)
(4.984303e-12 -0.0035044784 0)
(-3.0206503e-10 -0.0049176386 0)
(1.4252697e-10 -0.0056293682 0)
(-1.2079681e-10 -0.0056293682 0)
(3.0786257e-10 -0.0049176386 0)
(1.3618343e-11 -0.0035044785 0)
(3.9780249e-11 -0.0013992668 0)
(3.2443907e-11 -0.0013992668 0)
(-1.9259011e-10 -0.0035044784 0)
(2.7670966e-11 -0.0049176386 0)
(-2.6562193e-10 -0.0056293683 0)
(2.8079903e-10 -0.0056293683 0)
(-2.8621687e-12 -0.0049176386 0)
(1.9195982e-10 -0.0035044784 0)
(-2.4425587e-11 -0.0013992668 0)
(-4.2689782e-11 -0.0013992667 0)
(1.2792427e-11 -0.0035044783 0)
(-2.8917653e-10 -0.0049176386 0)
(1.4740177e-10 -0.0056293683 0)
(-1.2631917e-10 -0.0056293683 0)
(2.9436362e-10 -0.0049176386 0)
(5.4467578e-12 -0.0035044784 0)
(3.8793121e-11 -0.0013992667 0)
(3.2792111e-11 -0.0013992667 0)
(-1.8386372e-10 -0.0035044783 0)
(3.8863236e-11 -0.0049176386 0)
(-2.5914694e-10 -0.0056293683 0)
(2.736974e-10 -0.0056293684 0)
(-1.4583837e-11 -0.0049176386 0)
(1.8283555e-10 -0.0035044783 0)
(-2.4871111e-11 -0.0013992667 0)
(-4.1853986e-11 -0.0013992667 0)
(2.0304174e-11 -0.0035044782 0)
(-2.7674907e-10 -0.0049176385 0)
(1.5209293e-10 -0.0056293684 0)
(-1.3158011e-10 -0.0056293684 0)
(2.8139196e-10 -0.0049176386 0)
(-2.3940461e-12 -0.0035044783 0)
(3.7834736e-11 -0.0013992667 0)
(3.3129663e-11 -0.0013992666 0)
(-1.7545459e-10 -0.0035044782 0)
(4.9613877e-11 -0.0049176385 0)
(-2.5288236e-10 -0.0056293684 0)
(2.6688402e-10 -0.0056293684 0)
(-2.5802996e-11 -0.0049176386 0)
(1.7406652e-10 -0.0035044782 0)
(-2.5299447e-11 -0.0013992667 0)
(-4.1037206e-11 -0.0013992666 0)
(2.7510537e-11 -0.0035044781 0)
(-2.6478524e-10 -0.0049176385 0)
(1.5659072e-10 -0.0056293684 0)
(-1.3657304e-10 -0.0056293684 0)
(2.6894741e-10 -0.0049176386 0)
(-9.8966179e-12 -0.0035044782 0)
(3.6903929e-11 -0.0013992666 0)
(3.3453701e-11 -0.0013992666 0)
(-1.6736552e-10 -0.0035044781 0)
(5.9909498e-11 -0.0049176385 0)
(-2.4682799e-10 -0.0056293685 0)
(2.6035516e-10 -0.0056293685 0)
(-3.6509063e-11 -0.0049176386 0)
(1.6565359e-10 -0.0035044782 0)
(-2.570809e-11 -0.0013992666 0)
(-4.0238987e-11 -0.0013992666 0)
(3.4401374e-11 -0.0035044781 0)
(-2.5329063e-10 -0.0049176385 0)
(1.6088412e-10 -0.0056293685 0)
(-1.4129098e-10 -0.0056293685 0)
(2.5703217e-10 -0.0049176386 0)
(-1.7052283e-11 -0.0035044781 0)
(3.5999844e-11 -0.0013992666 0)
(3.3761702e-11 -0.0013992665 0)
(-1.5960101e-10 -0.003504478 0)
(6.9734688e-11 -0.0049176385 0)
(-2.4098584e-10 -0.0056293685 0)
(2.5410786e-10 -0.0056293685 0)
(-4.6689819e-11 -0.0049176386 0)
(1.5759953e-10 -0.0035044781 0)
(-2.6094703e-11 -0.0013992666 0)
(-3.9459208e-11 -0.0013992665 0)
(4.0965158e-11 -0.003504478 0)
(-2.4227376e-10 -0.0049176385 0)
(1.6496111e-10 -0.0056293685 0)
(-1.4572722e-10 -0.0056293685 0)
(2.4565058e-10 -0.0049176385 0)
(-2.3851238e-11 -0.0035044781 0)
(3.5121829e-11 -0.0013992665 0)
(3.4050914e-11 -0.0013992665 0)
(-1.5216767e-10 -0.003504478 0)
(7.9072004e-11 -0.0049176385 0)
(-2.3536005e-10 -0.0056293685 0)
(2.4814011e-10 -0.0056293686 0)
(-5.6332529e-11 -0.0049176385 0)
(1.4990844e-10 -0.003504478 0)
(-2.6456951e-11 -0.0013992665 0)
(-3.8698009e-11 -0.0013992665 0)
(4.7189383e-11 -0.0035044779 0)
(-2.3174593e-10 -0.0049176385 0)
(1.6880838e-10 -0.0056293686 0)
(-1.4987582e-10 -0.0056293686 0)
(2.3480842e-10 -0.0049176385 0)
(-3.0283501e-11 -0.003504478 0)
(3.4269585e-11 -0.0013992665 0)
(3.4318958e-11 -0.0013992664 0)
(-1.4507363e-10 -0.0035044779 0)
(8.7902376e-11 -0.0049176385 0)
(-2.2995735e-10 -0.0056293686 0)
(2.4244981e-10 -0.0056293686 0)
(-6.5424285e-11 -0.0049176385 0)
(1.4258543e-10 -0.003504478 0)
(-2.6792621e-11 -0.0013992665 0)
(-3.7955621e-11 -0.0013992664 0)
(5.3060679e-11 -0.0035044779 0)
(-2.2172113e-10 -0.0049176385 0)
(1.724113e-10 -0.0056293686 0)
(-1.5373237e-10 -0.0056293686 0)
(2.2451219e-10 -0.0049176385 0)
(-3.6338756e-11 -0.0035044779 0)
(3.3442836e-11 -0.0013992664 0)
(3.4563564e-11 -0.0013992664 0)
(-1.383287e-10 -0.0035044779 0)
(9.6205454e-11 -0.0049176385 0)
(-2.2478723e-10 -0.0056293686 0)
(2.3703426e-10 -0.0056293686 0)
(-7.3953069e-11 -0.0049176385 0)
(1.3563633e-10 -0.0035044779 0)
(-2.7099739e-11 -0.0013992664 0)
(-3.7232618e-11 -0.0013992664 0)
(5.8565388e-11 -0.0035044778 0)
(-2.122158e-10 -0.0049176385 0)
(1.7575385e-10 -0.0056293686 0)
(-1.5729503e-10 -0.0056293686 0)
(2.1476816e-10 -0.0049176385 0)
(-4.2007637e-11 -0.0035044779 0)
(3.2641846e-11 -0.0013992664 0)
(3.4782606e-11 -0.0013992664 0)
(-1.3194365e-10 -0.0035044778 0)
(1.0395977e-10 -0.0049176384 0)
(-2.1986214e-10 -0.0056293686 0)
(2.3188945e-10 -0.0056293687 0)
(-8.1909167e-11 -0.0049176385 0)
(1.2906681e-10 -0.0035044778 0)
(-2.7376634e-11 -0.0013992664 0)
(-3.6529822e-11 -0.0013992664 0)
(6.3689571e-11 -0.0035044778 0)
(-2.0324865e-10 -0.0049176384 0)
(1.7881838e-10 -0.0056293687 0)
(-1.6056501e-10 -0.0056293687 0)
(2.0558137e-10 -0.0049176385 0)
(-4.7282073e-11 -0.0035044778 0)
(3.1866751e-11 -0.0013992664 0)
(3.4974244e-11 -0.0013992663 0)
(-1.2593053e-10 -0.0035044778 0)
(1.1114318e-10 -0.0049176384 0)
(-2.1519772e-10 -0.0056293687 0)
(2.2700928e-10 -0.0056293687 0)
(-8.9285989e-11 -0.0049176385 0)
(1.2288196e-10 -0.0035044778 0)
(-2.762191e-11 -0.0013992664 0)
(-3.5848083e-11 -0.0013992663 0)
(6.8419695e-11 -0.0035044777 0)
(-1.9484013e-10 -0.0049176384 0)
(1.815859e-10 -0.0056293687 0)
(-1.6354818e-10 -0.0056293687 0)
(1.9695432e-10 -0.0049176385 0)
(-5.2156152e-11 -0.0035044778 0)
(3.1117953e-11 -0.0013992663 0)
(3.5137058e-11 -0.0013992663 0)
(-1.2030157e-10 -0.0035044777 0)
(1.1773387e-10 -0.0049176384 0)
(-2.1081306e-10 -0.0056293687 0)
(2.2238455e-10 -0.0056293687 0)
(-9.6081763e-11 -0.0049176384 0)
(1.1708526e-10 -0.0035044778 0)
(-2.7834682e-11 -0.0013992663 0)
(-3.5188752e-11 -0.0013992663 0)
(7.2743253e-11 -0.0035044777 0)
(-1.8701165e-10 -0.0049176384 0)
(1.8403581e-10 -0.0056293687 0)
(-1.6625563e-10 -0.0056293687 0)
(1.8888584e-10 -0.0049176384 0)
(-5.6627173e-11 -0.0035044777 0)
(3.039601e-11 -0.0013992663 0)
(3.5269807e-11 -0.0013992663 0)
(-1.1506928e-10 -0.0035044777 0)
(1.2371085e-10 -0.0049176384 0)
(-2.0673043e-10 -0.0056293687 0)
(2.1800214e-10 -0.0056293687 0)
(-1.0230081e-10 -0.0049176384 0)
(1.1167809e-10 -0.0035044777 0)
(-2.8014481e-11 -0.0013992663 0)
(-3.4553161e-11 -0.0013992663 0)
(7.6649234e-11 -0.0035044777 0)
(-1.7978532e-10 -0.0049176384 0)
(1.8614642e-10 -0.0056293687 0)
(-1.6870498e-10 -0.0056293687 0)
(1.8136967e-10 -0.0049176384 0)
(-6.0696444e-11 -0.0035044777 0)
(2.9701449e-11 -0.0013992663 0)
(3.5371865e-11 -0.0013992663 0)
(-1.1024534e-10 -0.0035044777 0)
(1.2905511e-10 -0.0049176384 0)
(-2.0297531e-10 -0.0056293687 0)
(2.1384425e-10 -0.0056293687 0)
(-1.0795521e-10 -0.0049176384 0)
(1.0665835e-10 -0.0035044777 0)
(-2.8161708e-11 -0.0013992663 0)
(-3.3942985e-11 -0.0013992663 0)
(8.0129133e-11 -0.0035044776 0)
(-1.7318247e-10 -0.0049176384 0)
(1.8789544e-10 -0.0056293687 0)
(-1.7092093e-10 -0.0056293687 0)
(1.7439313e-10 -0.0049176384 0)
(-6.4370576e-11 -0.0035044777 0)
(2.903478e-11 -0.0013992663 0)
(3.5442993e-11 -0.0013992663 0)
(-1.0584009e-10 -0.0035044776 0)
(1.3375103e-10 -0.0049176384 0)
(-1.9957557e-10 -0.0056293687 0)
(2.0988789e-10 -0.0056293687 0)
(-1.1306598e-10 -0.0049176384 0)
(1.0201996e-10 -0.0035044776 0)
(-2.8277179e-11 -0.0013992663 0)
(-3.3359859e-11 -0.0013992663 0)
(8.3177918e-11 -0.0035044776 0)
(-1.6722199e-10 -0.0049176384 0)
(1.8926089e-10 -0.0056293687 0)
(-1.7293599e-10 -0.0056293687 0)
(1.6793571e-10 -0.0049176384 0)
(-6.7661996e-11 -0.0035044776 0)
(2.8396485e-11 -0.0013992663 0)
(3.548366e-11 -0.0013992662 0)
(-1.0186114e-10 -0.0035044776 0)
(1.3778818e-10 -0.0049176384 0)
(-1.965603e-10 -0.0056293687 0)
(2.0610449e-10 -0.0056293687 0)
(-1.176646e-10 -0.0049176384 0)
(9.775167e-11 -0.0035044776 0)
(-2.8362745e-11 -0.0013992663 0)
(-3.2805576e-11 -0.0013992662 0)
(8.5795278e-11 -0.0035044776 0)
(-1.6191877e-10 -0.0049176383 0)
(1.9022279e-10 -0.0056293687 0)
(-1.7479044e-10 -0.0056293687 0)
(1.6196821e-10 -0.0049176384 0)
(-7.0590333e-11 -0.0035044776 0)
(2.7786781e-11 -0.0013992662 0)
(3.5494948e-11 -0.0013992662 0)
(-9.8312164e-11 -0.0035044776 0)
(1.4116376e-10 -0.0049176383 0)
(-1.9395796e-10 -0.0056293687 0)
(2.0246032e-10 -0.0056293687 0)
(-1.2179358e-10 -0.0049176384 0)
(9.3836228e-11 -0.0035044776 0)
(-2.8421173e-11 -0.0013992662 0)
(-3.2281823e-11 -0.0013992662 0)
(8.7987394e-11 -0.0035044776 0)
(-1.5728037e-10 -0.0049176383 0)
(1.9076536e-10 -0.0056293687 0)
(-1.7653148e-10 -0.0056293687 0)
(1.5645177e-10 -0.0049176383 0)
(-7.3183124e-11 -0.0035044776 0)
(2.7205509e-11 -0.0013992662 0)
(3.547892e-11 -0.0013992662 0)
(-9.5190684e-11 -0.0035044776 0)
(1.438859e-10 -0.0049176383 0)
(-1.9179338e-10 -0.0056293687 0)
(1.9891731e-10 -0.0056293687 0)
(-1.2550734e-10 -0.0049176383 0)
(9.0249396e-11 -0.0035044776 0)
(-2.8456269e-11 -0.0013992662 0)
(-3.1789958e-11 -0.0013992662 0)
(8.9768935e-11 -0.0035044775 0)
(-1.5330335e-10 -0.0049176383 0)
(1.9088027e-10 -0.0056293687 0)
(-1.7821186e-10 -0.0056293687 0)
(1.5133754e-10 -0.0049176383 0)
(-7.547631e-11 -0.0035044776 0)
(2.6652052e-11 -0.0013992662 0)
(3.5438624e-11 -0.0013992662 0)
(-9.2485973e-11 -0.0035044775 0)
(1.4597774e-10 -0.0049176383 0)
(-1.9008384e-10 -0.0056293687 0)
(1.9543518e-10 -0.0056293687 0)
(-1.2887176e-10 -0.0049176383 0)
(8.6959446e-11 -0.0035044775 0)
(-2.8472762e-11 -0.0013992662 0)
(-3.1330847e-11 -0.0013992662 0)
(9.1165964e-11 -0.0035044775 0)
(-1.4996868e-10 -0.0049176383 0)
(1.9057143e-10 -0.0056293687 0)
(-1.7988712e-10 -0.0056293687 0)
(1.4656702e-10 -0.0049176383 0)
(-7.7514831e-11 -0.0035044775 0)
(2.6125312e-11 -0.0013992662 0)
(3.5378459e-11 -0.0013992662 0)
(-9.0175541e-11 -0.0035044775 0)
(1.4748257e-10 -0.0049176383 0)
(-1.8883325e-10 -0.0056293687 0)
(1.9197436e-10 -0.0056293687 0)
(-1.3196329e-10 -0.0049176383 0)
(8.3926664e-11 -0.0035044775 0)
(-2.847667e-11 -0.0013992662 0)
(-3.0904423e-11 -0.0013992662 0)
(9.2218683e-11 -0.0035044775 0)
(-1.4723531e-10 -0.0049176383 0)
(1.8986087e-10 -0.0056293687 0)
(-1.8161118e-10 -0.0056293687 0)
(1.4207318e-10 -0.0049176383 0)
(-7.9352327e-11 -0.0035044775 0)
(2.5623179e-11 -0.0013992662 0)
(3.5304434e-11 -0.0013992662 0)
(-8.8221918e-11 -0.0035044775 0)
(1.4847029e-10 -0.0049176383 0)
(-1.880251e-10 -0.0056293687 0)
(1.8850067e-10 -0.0056293687 0)
(-1.3486662e-10 -0.0049176383 0)
(8.1103178e-11 -0.0035044775 0)
(-2.8475115e-11 -0.0013992662 0)
(-3.0509176e-11 -0.0013992662 0)
(9.2985566e-11 -0.0035044775 0)
(-1.450332e-10 -0.0049176383 0)
(1.8879609e-10 -0.0056293686 0)
(-1.8343038e-10 -0.0056293686 0)
(1.377831e-10 -0.0049176383 0)
(-8.1050807e-11 -0.0035044775 0)
(2.514261e-11 -0.0013992662 0)
(3.5224549e-11 -0.0013992662 0)
(-8.656781e-11 -0.0035044775 0)
(1.490441e-10 -0.0049176382 0)
(-1.8761381e-10 -0.0056293686 0)
(1.8499172e-10 -0.0056293686 0)
(-1.3767087e-10 -0.0049176383 0)
(7.8433946e-11 -0.0035044775 0)
(-2.8476229e-11 -0.0013992662 0)
(-3.014168e-11 -0.0013992662 0)
(9.3546937e-11 -0.0035044775 0)
(-1.432556e-10 -0.0049176382 0)
(1.8745816e-10 -0.0056293686 0)
(-1.8537555e-10 -0.0056293686 0)
(1.3362193e-10 -0.0049176382 0)
(-8.267841e-11 -0.0035044775 0)
(2.4679516e-11 -0.0013992662 0)
(3.5149197e-11 -0.0013992662 0)
(-8.5132473e-11 -0.0035044775 0)
(1.4934751e-10 -0.0049176382 0)
(-1.8751546e-10 -0.0056293686 0)
(1.8144436e-10 -0.0056293686 0)
(-1.4046343e-10 -0.0049176382 0)
(7.5858241e-11 -0.0035044775 0)
(-2.8489011e-11 -0.0013992662 0)
(-2.9795457e-11 -0.0013992662 0)
(9.4008113e-11 -0.0035044775 0)
(-1.4175174e-10 -0.0049176382 0)
(1.8597021e-10 -0.0056293686 0)
(-1.8745233e-10 -0.0056293686 0)
(1.2951894e-10 -0.0049176382 0)
(-8.4306867e-11 -0.0035044775 0)
(2.4228365e-11 -0.0013992662 0)
(3.5091472e-11 -0.0013992662 0)
(-8.3807252e-11 -0.0035044774 0)
(1.4956879e-10 -0.0049176382 0)
(-1.8759815e-10 -0.0056293686 0)
(1.7788376e-10 -0.0056293686 0)
(-1.4332175e-10 -0.0049176382 0)
(7.3311888e-11 -0.0035044775 0)
(-2.8523203e-11 -0.0013992662 0)
(-2.9460282e-11 -0.0013992662 0)
(9.4501238e-11 -0.0035044774 0)
(-1.4032152e-10 -0.0049176382 0)
(1.8450313e-10 -0.0056293686 0)
(-1.8963e-10 -0.0056293686 0)
(1.2541486e-10 -0.0049176382 0)
(-8.6006773e-11 -0.0035044775 0)
(2.3781756e-11 -0.0013992662 0)
(3.5067092e-11 -0.0013992662 0)
(-8.2453288e-11 -0.0035044774 0)
(1.4994129e-10 -0.0049176382 0)
(-1.8767484e-10 -0.0056293686 0)
(1.7437069e-10 -0.0056293686 0)
(-1.4630207e-10 -0.0049176382 0)
(7.073083e-11 -0.0035044774 0)
(-2.8588444e-11 -0.0013992662 0)
(-2.9120105e-11 -0.0013992662 0)
(9.5182536e-11 -0.0035044774 0)
(-1.3871466e-10 -0.0049176382 0)
(1.832755e-10 -0.0056293686 0)
(-1.9182953e-10 -0.0056293686 0)
(1.2127034e-10 -0.0049176382 0)
(-8.7840733e-11 -0.0035044774 0)
(2.332978e-11 -0.0013992662 0)
(3.5093933e-11 -0.0013992662 0)
(-8.090161e-11 -0.0035044774 0)
(1.5073374e-10 -0.0049176382 0)
(-1.875007e-10 -0.0056293685 0)
(1.7100671e-10 -0.0056293686 0)
(-1.4942432e-10 -0.0049176382 0)
(6.8054563e-11 -0.0035044774 0)
(-2.8693751e-11 -0.0013992662 0)
(-2.8751206e-11 -0.0013992662 0)
(9.622287e-11 -0.0035044774 0)
(-1.3663742e-10 -0.0049176381 0)
(1.8254242e-10 -0.0056293685 0)
(-1.9391124e-10 -0.0056293685 0)
(1.1707437e-10 -0.0049176382 0)
(-8.9853458e-11 -0.0035044774 0)
(2.28579e-11 -0.0013992662 0)
(3.5189612e-11 -0.0013992662 0)
(-7.8958091e-11 -0.0035044774 0)
(1.5222437e-10 -0.0049176381 0)
(-1.8677756e-10 -0.0056293685 0)
(1.6793228e-10 -0.0056293685 0)
(-1.52651e-10 -0.0049176382 0)
(6.5229499e-11 -0.0035044774 0)
(-2.8845973e-11 -0.0013992662 0)
(-2.8318049e-11 -0.0013992661 0)
(9.778585e-11 -0.0035044774 0)
(-1.337732e-10 -0.0049176381 0)
(1.8256511e-10 -0.0056293685 0)
(-1.956598e-10 -0.0056293685 0)
(1.128541e-10 -0.0049176382 0)
(-9.205545e-11 -0.0035044774 0)
(2.2343051e-11 -0.0013992662 0)
(3.5368131e-11 -0.0013992661 0)
(-7.6416453e-11 -0.0035044774 0)
(1.5464605e-10 -0.0049176381 0)
(-1.8517025e-10 -0.0056293685 0)
(1.6531871e-10 -0.0056293685 0)
(-1.5585144e-10 -0.0049176381 0)
(6.2214263e-11 -0.0035044774 0)
(-2.9047717e-11 -0.0013992662 0)
(-2.7767816e-11 -0.0013992661 0)
(9.9983466e-11 -0.0035044774 0)
(-1.2982678e-10 -0.0049176381 0)
(1.835512e-10 -0.0056293685 0)
(-1.9675965e-10 -0.0056293685 0)
(1.0869453e-10 -0.0049176381 0)
(-9.4392896e-11 -0.0035044774 0)
(2.1747303e-11 -0.0013992662 0)
(3.5631795e-11 -0.0013992661 0)
(-7.3091312e-11 -0.0035044774 0)
(1.5808194e-10 -0.0049176381 0)
(-1.8234131e-10 -0.0056293685 0)
(1.633591e-10 -0.0056293685 0)
(-1.5873116e-10 -0.0049176381 0)
(5.8997569e-11 -0.0035044774 0)
(-2.9292925e-11 -0.0013992662 0)
(-2.7024022e-11 -0.0013992661 0)
(1.0278884e-10 -0.0035044774 0)
(-1.2461933e-10 -0.0049176381 0)
(1.8555151e-10 -0.0056293684 0)
(-1.9674281e-10 -0.0056293685 0)
(1.0479671e-10 -0.0049176381 0)
(-9.6681302e-11 -0.0035044774 0)
(2.100983e-11 -0.0013992662 0)
(3.595717e-11 -0.0013992661 0)
(-6.8900843e-11 -0.0035044774 0)
(1.6226861e-10 -0.0049176381 0)
(-1.7802057e-10 -0.0056293684 0)
(1.6228576e-10 -0.0056293684 0)
(-1.6067697e-10 -0.0049176381 0)
(5.5661176e-11 -0.0035044774 0)
(-2.9557154e-11 -0.0013992662 0)
(-2.5986048e-11 -0.0013992661 0)
(1.0585888e-10 -0.0035044773 0)
(-1.1830091e-10 -0.004917638 0)
(1.8828979e-10 -0.0056293684 0)
(-1.9486946e-10 -0.0056293684 0)
(1.0165312e-10 -0.0049176381 0)
(-9.84515e-11 -0.0035044774 0)
(2.0044178e-11 -0.0013992662 0)
(3.6265297e-11 -0.0013992661 0)
(-6.4079521e-11 -0.0035044773 0)
(1.6621341e-10 -0.004917638 0)
(-1.7215514e-10 -0.0056293684 0)
(1.6247992e-10 -0.0056293684 0)
(-1.6040754e-10 -0.0049176381 0)
(5.2577034e-11 -0.0035044774 0)
(-2.9773353e-11 -0.0013992662 0)
(-2.455372e-11 -0.0013992661 0)
(1.0815728e-10 -0.0035044773 0)
(-1.1183902e-10 -0.004917638 0)
(1.9087787e-10 -0.0056293684 0)
(-1.8986619e-10 -0.0056293684 0)
(1.0052044e-10 -0.0049176381 0)
(-9.858624e-11 -0.0035044774 0)
(1.8761723e-11 -0.0013992662 0)
(3.6355178e-11 -0.0013992661 0)
(-5.9710741e-11 -0.0035044773 0)
(1.6742227e-10 -0.004917638 0)
(-1.6525139e-10 -0.0056293683 0)
(1.6482003e-10 -0.0056293684 0)
(-1.5519996e-10 -0.0049176381 0)
(5.0941223e-11 -0.0035044774 0)
(-2.976879e-11 -0.0013992662 0)
(-2.2728731e-11 -0.0013992661 0)
(1.0712773e-10 -0.0035044773 0)
(-1.0813615e-10 -0.004917638 0)
(1.9131411e-10 -0.0056293683 0)
(-1.7938379e-10 -0.0056293683 0)
(1.0456961e-10 -0.004917638 0)
(-9.4483028e-11 -0.0035044774 0)
(1.7174071e-11 -0.0013992662 0)
(3.5739522e-11 -0.0013992661 0)
(-5.9000603e-11 -0.0035044773 0)
(1.6031063e-10 -0.004917638 0)
(-1.5915521e-10 -0.0056293683 0)
(1.715454e-10 -0.0056293683 0)
(-1.3923951e-10 -0.004917638 0)
(5.4078376e-11 -0.0035044774 0)
(-2.9100562e-11 -0.0013992662 0)
(-2.0911735e-11 -0.0013992661 0)
(9.688648e-11 -0.0035044773 0)
(-1.1448858e-10 -0.004917638 0)
(1.8555269e-10 -0.0056293683 0)
(-1.5894161e-10 -0.0056293683 0)
(1.2144139e-10 -0.004917638 0)
(-8.0199794e-11 -0.0035044774 0)
(1.5694818e-11 -0.0013992662 0)
(3.3242526e-11 -0.0013992661 0)
(-7.0133534e-11 -0.0035044773 0)
(1.3298123e-10 -0.004917638 0)
(-1.5874932e-10 -0.0056293683 0)
(1.8811493e-10 -0.0056293683 0)
(-1.0027085e-10 -0.004917638 0)
(7.0362634e-11 -0.0035044774 0)
(-2.6645651e-11 -0.0013992662 0)
(-2.0643478e-11 -0.0013992661 0)
(6.4418301e-11 -0.0035044773 0)
(-1.4765318e-10 -0.0049176379 0)
(1.657717e-10 -0.0056293683 0)
(-1.2001268e-10 -0.0056293683 0)
(1.684569e-10 -0.004917638 0)
(-4.2570639e-11 -0.0035044774 0)
(1.5890052e-11 -0.0013992662 0)
(2.6067774e-11 -0.0013992661 0)
(-1.1220148e-10 -0.0035044773 0)
(6.107022e-11 -0.0049176379 0)
(-1.7534878e-10 -0.0056293683 0)
(2.2677713e-10 -0.0056293683 0)
(-1.3297742e-11 -0.004917638 0)
(1.1922431e-10 -0.0035044773 0)
(-1.9651328e-11 -0.0013992662 0)
(-2.6268721e-11 -0.0013992661 0)
(-1.7816851e-11 -0.0035044773 0)
(-2.4335058e-10 -0.0049176379 0)
(1.1742075e-10 -0.0056293683 0)
(-4.6942415e-11 -0.0056293683 0)
(2.8222501e-10 -0.004917638 0)
(4.6268081e-11 -0.0035044773 0)
(2.2152466e-11 -0.0013992661 0)
(7.8548031e-12 -0.0013992661 0)
(-2.2631722e-10 -0.0035044772 0)
(-1.0260527e-10 -0.004917638 0)
(-2.3272556e-10 -0.0056293684 0)
(3.1261554e-10 -0.0056293684 0)
(1.6981605e-10 -0.004917638 0)
(2.4229661e-10 -0.0035044772 0)
(-1.7651353e-12 -0.0013992661 0)
(-4.8319534e-11 -0.001399266 0)
(-2.0432032e-10 -0.0035044771 0)
(-4.7155465e-10 -0.0049176379 0)
(1.5358505e-11 -0.0056293685 0)
(8.6774807e-11 -0.0056293685 0)
(5.3383584e-10 -0.004917638 0)
(2.413237e-10 -0.0035044771 0)
(4.5090901e-11 -0.001399266 0)
(-3.4751177e-11 -0.0013992659 0)
(-4.9329054e-10 -0.003504477 0)
(-4.4107569e-10 -0.004917638 0)
(-3.7580005e-10 -0.0056293687 0)
(4.9186376e-10 -0.0056293687 0)
(5.3313378e-10 -0.004917638 0)
(5.2098721e-10 -0.003504477 0)
(4.0428854e-11 -0.0013992659 0)
(-1.0958271e-10 -0.0013992658 0)
(-5.9184919e-10 -0.0035044769 0)
(-9.5402274e-10 -0.004917638 0)
(-1.7722256e-10 -0.005629369 0)
(3.1891524e-10 -0.0056293689 0)
(1.0458763e-09 -0.004917638 0)
(6.398833e-10 -0.0035044768 0)
(1.0759188e-10 -0.0013992658 0)
(-1.2656921e-10 -0.0013992656 0)
(-1.0530052e-09 -0.0035044766 0)
(-1.0760206e-09 -0.0049176382 0)
(-6.7766911e-10 -0.0056293693 0)
(8.378404e-10 -0.0056293693 0)
(1.1986934e-09 -0.0049176381 0)
(1.0955081e-09 -0.0035044765 0)
(1.3191415e-10 -0.0013992655 0)
(-2.5388928e-10 -0.0013992652 0)
(-1.3215875e-09 -0.0035044763 0)
(-1.8628486e-09 -0.0049176382 0)
(-4.9348508e-10 -0.0056293699 0)
(6.8171186e-10 -0.0056293698 0)
(1.989877e-09 -0.0049176381 0)
(1.3832794e-09 -0.0035044762 0)
(2.5358322e-10 -0.0013992652 0)
(-3.0567948e-10 -0.0013992648 0)
(-2.0993873e-09 -0.0035044758 0)
(-2.1162789e-09 -0.0049176385 0)
(-1.2270605e-09 -0.0056293706 0)
(1.4365974e-09 -0.0056293706 0)
(2.2737216e-09 -0.0049176383 0)
(2.1592461e-09 -0.0035044757 0)
(3.1106892e-10 -0.0013992647 0)
(-5.5331467e-10 -0.001399264 0)
(-2.5171956e-09 -0.0035044753 0)
(-3.3333835e-09 -0.0049176386 0)
(-8.9587228e-10 -0.0056293717 0)
(1.1327565e-09 -0.0056293716 0)
(3.4976651e-09 -0.0049176385 0)
(2.5943523e-09 -0.0035044751 0)
(5.5519291e-10 -0.001399264 0)
(-6.1162576e-10 -0.0013992632 0)
(-3.7742225e-09 -0.0035044744 0)
(-3.4443979e-09 -0.0049176393 0)
(-2.047519e-09 -0.0056293728 0)
(2.3038847e-09 -0.0056293728 0)
(3.6356027e-09 -0.004917639 0)
(3.8518663e-09 -0.0035044742 0)
(6.1788246e-10 -0.0013992631 0)
(-1.0982011e-09 -0.0013992619 0)
(-4.0432435e-09 -0.0035044738 0)
(-5.137877e-09 -0.0049176395 0)
(-1.0875372e-09 -0.0056293746 0)
(1.3643723e-09 -0.0056293744 0)
(5.3334555e-09 -0.0049176393 0)
(4.1353052e-09 -0.0035044735 0)
(1.1027151e-09 -0.0013992618 0)
(-1.0384427e-09 -0.0013992605 0)
(-5.7969281e-09 -0.0035044724 0)
(-4.1423206e-09 -0.0049176406 0)
(-2.8478601e-09 -0.0056293761 0)
(3.1339908e-09 -0.0056293761 0)
(4.3565096e-09 -0.0049176402 0)
(5.8885942e-09 -0.0035044722 0)
(1.0469501e-09 -0.0013992604 0)
(-1.9351843e-09 -0.0013992585 0)
(-4.892332e-09 -0.003504472 0)
(-5.8566638e-09 -0.004917641 0)
(-1.0167976e-10 -0.0056293782 0)
(3.9233358e-10 -0.005629378 0)
(6.0646877e-09 -0.0049176408 0)
(4.9946337e-09 -0.0035044715 0)
(1.9425583e-09 -0.0013992584 0)
(-1.4234203e-09 -0.0013992568 0)
(-6.5858631e-09 -0.0035044708 0)
(-1.3018526e-09 -0.0049176428 0)
(-2.4570506e-09 -0.0056293793 0)
(2.7355635e-09 -0.0056293793 0)
(1.5143817e-09 -0.0049176423 0)
(6.6816489e-09 -0.0035044704 0)
(1.4360938e-09 -0.0013992566 0)
(-2.9020814e-09 -0.0013992546 0)
(-2.0032614e-09 -0.0035044716 0)
(-1.2641775e-09 -0.0049176433 0)
(4.4079858e-09 -0.0056293802 0)
(-4.1511215e-09 -0.0056293799 0)
(1.4496399e-09 -0.004917643 0)
(2.1056756e-09 -0.003504471 0)
(2.9119868e-09 -0.0013992544 0)
(-1.2534327e-09 -0.0013992537 0)
(-1.6870919e-09 -0.0035044724 0)
(1.18934e-08 -0.0049176456 0)
(2.1553987e-09 -0.0056293781 0)
(-1.9440164e-09 -0.0056293781 0)
(-1.1722258e-08 -0.004917645 0)
(1.7699027e-09 -0.0035044719 0)
(1.2722891e-09 -0.0013992534 0)
(-3.3274088e-09 -0.0013992532 0)
(1.1460486e-08 -0.0035044775 0)
(1.804027e-08 -0.0049176459 0)
(1.7092255e-08 -0.0056293732 0)
(-1.6936583e-08 -0.0056293729 0)
(-1.7927281e-08 -0.0049176455 0)
(-1.1373876e-08 -0.0035044768 0)
(3.3383031e-09 -0.001399253 0)
(5.8112433e-10 -0.0013992563 0)
(1.8242935e-08 -0.0035044849 0)
(4.8364301e-08 -0.0049176478 0)
(1.7087363e-08 -0.005629361 0)
(-1.7018367e-08 -0.0056293609 0)
(-4.8284923e-08 -0.0049176471 0)
(-1.8196761e-08 -0.0035044844 0)
(-5.551402e-10 -0.0013992559 0)
(-1.6606312e-09 -0.0013992625 0)
(4.7715067e-08 -0.0035045006 0)
(6.8816329e-08 -0.0049176466 0)
(4.560419e-08 -0.0056293403 0)
(-4.5625339e-08 -0.0056293399 0)
(-6.8832482e-08 -0.0049176462 0)
(-4.766514e-08 -0.0035044999 0)
(1.668623e-09 -0.0013992622 0)
(5.962294e-09 -0.0013992764 0)
(6.8710853e-08 -0.0035045237 0)
(1.2808152e-07 -0.0049176459 0)
(5.214465e-08 -0.0056293043 0)
(-5.22923e-08 -0.0056293042 0)
(-1.2814449e-07 -0.0049176453 0)
(-6.872966e-08 -0.0035045231 0)
(-5.9314286e-09 -0.001399276 0)
(4.7159576e-09 -0.0013992989 0)
(1.2420959e-07 -0.0035045612 0)
(1.7481165e-07 -0.0049176407 0)
(1.0012413e-07 -0.0056292496 0)
(-1.0038509e-07 -0.0056292493 0)
(-1.7500709e-07 -0.0049176402 0)
(-1.2422133e-07 -0.0035045606 0)
(-4.7185962e-09 -0.0013992987 0)
(1.7419216e-08 -0.0013993358 0)
(1.6957232e-07 -0.0035046146 0)
(2.7501907e-07 -0.0049176331 0)
(1.1941167e-07 -0.0056291673 0)
(-1.198251e-07 -0.0056291672 0)
(-2.7526215e-07 -0.0049176326 0)
(-1.6968706e-07 -0.0035046142 0)
(-1.7391344e-08 -0.0013993355 0)
(1.9072909e-08 -0.0013993899 0)
(2.5929814e-07 -0.003504691 0)
(3.60378e-07 -0.0049176191 0)
(1.9041699e-07 -0.0056290512 0)
(-1.9094406e-07 -0.005629051 0)
(-3.6078257e-07 -0.0049176188 0)
(-2.5940022e-07 -0.0035046905 0)
(-1.9098601e-08 -0.0013993897 0)
(3.741059e-08 -0.0013994669 0)
(3.3739686e-07 -0.0035047943 0)
(5.0707006e-07 -0.0049175985 0)
(2.2810611e-07 -0.0056288919 0)
(-2.287872e-07 -0.0056288918 0)
(-5.075074e-07 -0.0049175982 0)
(-3.3763746e-07 -0.003504794 0)
(-3.7400029e-08 -0.0013994668 0)
(4.393716e-08 -0.0013995719 0)
(4.6165904e-07 -0.0035049295 0)
(6.3538401e-07 -0.0049175694 0)
(3.1939847e-07 -0.0056286815 0)
(-3.201659e-07 -0.0056286814 0)
(-6.3599469e-07 -0.0049175691 0)
(-4.6187957e-07 -0.0035049293 0)
(-4.3999568e-08 -0.0013995717 0)
(6.6839185e-08 -0.0013997082 0)
(5.7083325e-07 -0.0035051026 0)
(8.1770287e-07 -0.0049175284 0)
(3.7522512e-07 -0.0056284135 0)
(-3.7612086e-07 -0.0056284134 0)
(-8.1831406e-07 -0.0049175283 0)
(-5.7121926e-07 -0.0035051025 0)
(-6.6860498e-08 -0.0013997082 0)
(7.8839493e-08 -0.0013998812 0)
(7.1381388e-07 -0.0035053131 0)
(9.7248408e-07 -0.0049174775 0)
(4.7351195e-07 -0.0056280814 0)
(-4.7444735e-07 -0.0056280815 0)
(-9.7326614e-07 -0.0049174775 0)
(-7.1416573e-07 -0.0035053132 0)
(-7.8943791e-08 -0.0013998813 0)
(1.0315673e-07 -0.0014000892 0)
(8.3170784e-07 -0.0035055658 0)
(1.1525709e-06 -0.004917411 0)
(5.3405668e-07 -0.0056276868 0)
(-5.3509302e-07 -0.0056276869 0)
(-1.1533223e-06 -0.0049174113 0)
(-8.3222368e-07 -0.0035055661 0)
(-1.032102e-07 -0.0014000894 0)
(1.1787468e-07 -0.0014003327 0)
(9.5354741e-07 -0.0035058501 0)
(1.2831799e-06 -0.0049173362 0)
(6.1226537e-07 -0.0056272352 0)
(-6.1331471e-07 -0.0056272355 0)
(-1.2840846e-06 -0.0049173366 0)
(-9.5399745e-07 -0.0035058506 0)
(-1.1799925e-07 -0.001400333 0)
(1.3674223e-07 -0.001400603 0)
(1.0273037e-06 -0.0035061631 0)
(1.3860374e-06 -0.0049172454 0)
(6.434078e-07 -0.005626741 0)
(-6.4452951e-07 -0.0056267413 0)
(-1.3868792e-06 -0.0049172462 0)
(-1.0278937e-06 -0.0035061638 0)
(-1.3681201e-07 -0.0014006033 0)
(1.492069e-07 -0.0014009037 0)
(1.0601151e-06 -0.0035064871 0)
(1.3929759e-06 -0.004917147 0)
(6.5491311e-07 -0.0056262183 0)
(-6.5601308e-07 -0.0056262187 0)
(-1.3939358e-06 -0.0049171479 0)
(-1.0606208e-06 -0.0035064881 0)
(-1.4934753e-07 -0.0014009042 0)
(1.8721231e-07 -0.0014012526 0)
(1.0141353e-06 -0.0035068807 0)
(1.3041283e-06 -0.0049170245 0)
(5.9740062e-07 -0.0056255725 0)
(-5.9853105e-07 -0.0056255729 0)
(-1.3049877e-06 -0.0049170255 0)
(-1.014736e-06 -0.0035068818 0)
(-1.8732161e-07 -0.0014012533 0)
)
;

boundaryField
{
    left
    {
        type            uniformFixedValue;
        uniformValue    sine;
        uniformValueCoeffs
        {
            t0              0;
            amplitude       constant 0.0125;
            frequency       constant 1;
            scale           constant (0 1 0);
            level           constant (0 0 0);
        }
        value           uniform (0 -0.0038627124 0);
    }
    right
    {
        type            zeroGradient;
    }
    walls
    {
        type            fixedValue;
        value           uniform (0 0 0);
    }
    frontAndBack
    {
        type            empty;
    }
}


// ************************************************************************* //
